2 0.000000 100.000000 473.401889
739 613 
1 -23.548172 0.000000 -23.527179 97.803196 0.000000 20.795014 0.000210 
2 27.349144 0.000000 -23.527179 97.811925 0.000000 20.732397 0.000299 
3 27.349144 0.000000 23.780574 97.855393 0.000000 20.644479 -0.000187 
4 -23.548172 0.000000 23.780574 97.831307 0.000000 20.793022 -0.000331 
5 1.900486 0.000000 0.126698 96.137664 0.000000 -0.169924 0.075752 
6 -23.548172 0.000000 0.126698 97.818844 0.000000 20.809995 -0.000158 
7 1.900486 0.000000 -23.527179 97.779895 0.000000 20.754781 0.000833 
8 27.349144 0.000000 0.126698 98.045624 0.000000 19.673727 0.000000 
9 1.900486 0.000000 23.780574 97.868107 0.000000 20.736124 -0.000815 
10 -10.823843 0.000000 -11.700240 97.767140 0.000000 20.806463 0.000868 
11 -23.548172 0.000000 -11.700240 97.804802 0.000000 20.803602 0.000143 
12 -10.823843 0.000000 -23.527179 97.789107 0.000000 20.786247 0.000522 
13 1.900486 0.000000 -11.700240 97.678949 0.000000 20.641736 0.003274 
14 -10.823843 0.000000 0.126698 97.831202 0.000000 20.867706 -0.000641 
15 14.624815 0.000000 -11.700240 97.804956 0.000000 20.567997 0.001115 
16 14.624815 0.000000 -23.527179 97.796884 0.000000 20.730605 0.000601 
17 27.349144 0.000000 -11.700240 97.833227 0.000000 20.627029 0.000319 
18 14.624815 0.000000 0.126698 98.388843 0.000000 17.996045 -0.000422 
19 -10.823843 0.000000 11.953636 97.882692 0.000000 20.798297 -0.001359 
20 -23.548172 0.000000 11.953636 97.831733 0.000000 20.802022 -0.000377 
21 1.900486 0.000000 11.953636 98.025394 0.000000 20.571157 -0.003215 
22 -10.823843 0.000000 23.780574 97.850218 0.000000 20.780258 -0.000648 
23 -4.461678 0.000000 -5.786771 97.622209 0.000000 20.842261 0.003550 
24 -10.823843 0.000000 -5.786771 97.773101 0.000000 20.842237 0.000602 
25 -4.461678 0.000000 -11.700240 97.711195 0.000000 20.770232 0.002112 
26 1.900486 0.000000 -5.786771 97.329526 0.000000 20.275074 0.011588 
27 -4.461678 0.000000 0.126698 97.870852 0.000000 21.094256 -0.002367 
28 14.624815 0.000000 11.953636 97.959283 0.000000 20.267939 -0.000681 
29 27.349144 0.000000 11.953636 98.012886 0.000000 19.887532 -0.000204 
30 14.624815 0.000000 23.780574 97.861186 0.000000 20.684634 -0.000467 
31 8.262650 0.000000 -5.786771 97.784728 0.000000 20.027412 0.003705 
32 8.262650 0.000000 -11.700240 97.752815 0.000000 20.555820 0.002185 
33 14.624815 0.000000 -5.786771 97.882274 0.000000 20.214921 0.001042 
34 8.262650 0.000000 0.126698 99.273764 0.000000 13.736496 -0.004397 
35 -4.461678 0.000000 6.040167 98.089142 0.000000 20.812834 -0.005465 
36 -10.823843 0.000000 6.040167 97.884762 0.000000 20.835986 -0.001556 
37 1.900486 0.000000 6.040167 98.523345 0.000000 20.077152 -0.010994 
38 -4.461678 0.000000 11.953636 97.957580 0.000000 20.746055 -0.002609 
39 -1.280596 0.000000 -2.830037 97.096609 0.000000 21.027628 0.013009 
40 -4.461678 0.000000 -2.830037 97.645718 0.000000 20.982203 0.002506 
41 -1.280596 0.000000 -5.786771 97.423060 0.000000 20.697330 0.008037 
42 1.900486 0.000000 -2.830037 96.305854 0.000000 19.323158 0.035180 
43 -1.280596 0.000000 0.126698 97.811448 0.000000 21.909564 -0.004711 
44 8.262650 0.000000 6.040167 98.234863 0.000000 19.300921 -0.002261 
45 14.624815 0.000000 6.040167 98.290797 0.000000 18.649036 -0.000887 
46 8.262650 0.000000 11.953636 97.985383 0.000000 20.390701 -0.001692 
47 5.081568 0.000000 -2.830037 97.651796 0.000000 18.579277 0.011894 
48 5.081568 0.000000 -5.786771 97.581362 0.000000 19.990655 0.007825 
49 8.262650 0.000000 -2.830037 98.006837 0.000000 19.115386 0.002926 
50 5.081568 0.000000 0.126698 100.653610 0.000000 -2.923245 -0.013969 
51 -1.280596 0.000000 3.083432 98.754206 0.000000 20.964746 -0.019191 
52 -4.461678 0.000000 3.083432 98.086606 0.000000 20.964972 -0.006051 
53 1.900486 0.000000 3.083432 99.804191 0.000000 19.099500 -0.032567 
54 -1.280596 0.000000 6.040167 98.349106 0.000000 20.628423 -0.009808 
55 0.309945 0.000000 -1.351669 95.127951 0.000000 21.800744 0.047540 
56 -1.280596 0.000000 -1.351669 97.195549 0.000000 21.604921 0.008625 
57 0.309945 0.000000 -2.830037 96.430828 0.000000 20.562754 0.027827 
58 1.900486 0.000000 -1.351669 94.175506 0.000000 17.001338 0.084193 
59 0.309945 0.000000 0.126698 99.700799 0.000000 0.000000 0.005975 
60 5.081568 0.000000 3.083432 98.742669 0.000000 17.742359 -0.006491 
61 8.262650 0.000000 3.083432 98.563153 0.000000 17.518000 -0.002158 
62 5.081568 0.000000 6.040167 98.357019 0.000000 19.572216 -0.005717 
63 3.491027 0.000000 -1.351669 96.988313 0.000000 15.758631 0.034493 
64 3.491027 0.000000 -2.830037 97.035672 0.000000 18.579606 0.023888 
65 5.081568 0.000000 -1.351669 98.155559 0.000000 16.406271 0.009632 
66 3.491027 0.000000 0.126698 99.021806 0.000000 -0.000000 0.019468 
67 0.309945 0.000000 1.605065 100.733917 0.000000 21.880247 -0.062607 
68 -1.280596 0.000000 1.605065 98.678122 0.000000 21.606200 -0.020420 
69 1.900486 0.000000 1.605065 101.939563 0.000000 17.850684 -0.071032 
70 0.309945 0.000000 3.083432 99.522516 0.000000 20.436270 -0.032237 
71 1.105215 0.000000 -0.612486 94.205222 0.000000 -0.497085 0.112513 
72 0.309945 0.000000 -0.612486 94.189681 0.000000 24.483385 0.052887 
73 1.105215 0.000000 -1.351669 93.576350 0.000000 19.760780 0.085298 
74 1.900486 0.000000 -0.612486 98.318104 0.000000 -0.157997 0.033353 
75 1.105215 0.000000 0.126698 87.716086 0.000000 -0.253717 0.230582 
76 3.491027 0.000000 1.605065 99.583637 0.000000 16.596463 -0.019234 
77 5.081568 0.000000 1.605065 98.879205 0.000000 15.681319 -0.002300 
78 3.491027 0.000000 3.083432 99.235316 0.000000 18.109129 -0.017559 
79 2.695757 0.000000 -0.612486 95.905468 0.000000 11.176627 0.067722 
80 2.695757 0.000000 -1.351669 95.834418 0.000000 15.900583 0.056294 
81 3.491027 0.000000 -0.612486 97.643021 0.000000 11.824439 0.032602 
82 2.695757 0.000000 0.126698 97.909143 0.000000 0.000000 0.041380 
83 1.105215 0.000000 0.865882 93.235229 0.000000 -0.626466 0.130680 
84 0.309945 0.000000 0.865882 100.759459 0.000000 25.097545 -0.078236 
85 1.900486 0.000000 0.865882 98.713707 0.000000 -0.169875 0.025558 
86 1.105215 0.000000 1.605065 102.266262 0.000000 20.266335 -0.086911 
87 1.502851 0.000000 -0.242894 96.280890 0.000000 -0.325637 0.072988 
88 1.105215 0.000000 -0.242894 95.813935 0.000000 -0.368348 0.081955 
89 1.502851 0.000000 -0.612486 96.254142 0.000000 -0.329789 0.073503 
90 1.900486 0.000000 -0.242894 96.858038 0.000000 -0.272606 0.061845 
91 1.502851 0.000000 0.126698 90.311673 0.000000 -0.203233 0.184376 
92 -17.186007 0.000000 -5.786771 97.802558 0.000000 20.819475 0.000121 
93 -23.548172 0.000000 -5.786771 97.810304 0.000000 20.808257 0.000016 
94 -17.186007 0.000000 -11.700240 97.793870 0.000000 20.807429 0.000341 
95 -17.186007 0.000000 0.126698 97.822063 0.000000 20.825154 -0.000284 
96 -7.642761 0.000000 -2.830037 97.761910 0.000000 20.907309 0.000549 
97 -10.823843 0.000000 -2.830037 97.795845 0.000000 20.860311 0.000082 
98 -7.642761 0.000000 -5.786771 97.728883 0.000000 20.854012 0.001418 
99 -7.642761 0.000000 0.126698 97.844015 0.000000 20.933810 -0.001168 
100 -2.871137 0.000000 -1.351669 97.600489 0.000000 21.237666 0.002311 
101 -4.461678 0.000000 -1.351669 97.733160 0.000000 21.062729 0.000459 
102 -2.871137 0.000000 -2.830037 97.475978 0.000000 21.035294 0.005595 
103 -2.871137 0.000000 0.126698 97.889914 0.000000 21.331142 -0.003745 
104 -0.485326 0.000000 -0.612486 97.543579 0.000000 22.522775 -0.002203 
105 -1.280596 0.000000 -0.612486 97.510260 0.000000 21.820362 0.001562 
106 -0.485326 0.000000 -1.351669 96.624149 0.000000 21.907892 0.018382 
107 -0.485326 0.000000 0.126698 96.872442 0.000000 21.738134 0.014318 
108 0.707580 0.000000 -0.242894 93.795213 0.000000 -0.547659 0.120216 
109 0.309945 0.000000 -0.242894 91.518445 0.000000 23.292866 0.108182 
110 0.707580 0.000000 -0.612486 91.282202 0.000000 22.957524 0.114051 
111 0.707580 0.000000 0.126698 95.676003 0.000000 -0.214892 0.084606 
112 2.695757 0.000000 0.865882 101.323537 0.000000 12.480228 -0.042222 
113 3.491027 0.000000 0.865882 100.917774 0.000000 9.298423 -0.027086 
114 2.695757 0.000000 1.605065 100.584741 0.000000 16.786938 -0.039909 
115 1.502851 0.000000 0.496290 96.274871 0.000000 -0.326788 0.073104 
116 1.105215 0.000000 0.496290 95.577658 0.000000 -0.381792 0.086477 
117 1.900486 0.000000 0.496290 97.518254 0.000000 -0.204729 0.049015 
118 1.502851 0.000000 0.865882 97.143231 0.000000 -0.178997 0.056316 
119 1.304033 0.000000 -0.058098 75.119576 0.000000 -0.165728 0.435702 
120 1.105215 0.000000 -0.058098 80.822193 0.000000 -0.166303 0.346775 
121 1.304033 0.000000 -0.242894 96.010133 0.000000 -0.349428 0.078193 
122 1.502851 0.000000 -0.058098 87.197006 0.000000 -0.154484 0.239666 
123 1.304033 0.000000 0.126698 83.288940 0.000000 -0.245870 0.306289 
124 2.298121 0.000000 -0.242894 98.477722 0.000000 -0.158771 0.030211 
125 2.298121 0.000000 -0.612486 94.211385 0.000000 11.134425 0.100024 
126 2.695757 0.000000 -0.242894 96.380885 0.000000 4.891033 0.068680 
127 2.298121 0.000000 0.126698 97.857341 0.000000 -0.057560 0.042394 
128 1.701668 0.000000 -0.058098 92.228896 0.000000 -0.140785 0.149381 
129 1.701668 0.000000 -0.242894 96.524909 0.000000 -0.306343 0.068285 
130 1.900486 0.000000 -0.058098 95.733576 0.000000 -0.127907 0.083507 
131 1.701668 0.000000 0.126698 93.839083 0.000000 -0.184935 0.119419 
132 2.298121 0.000000 0.496290 98.577892 0.000000 -0.161028 0.028237 
133 2.695757 0.000000 0.496290 101.876020 0.000000 1.629818 -0.038138 
134 2.298121 0.000000 0.865882 102.389475 0.000000 13.801276 -0.067408 
135 2.099304 0.000000 -0.058098 97.350477 0.000000 -0.056767 0.052288 
136 2.099304 0.000000 -0.242894 98.182638 0.000000 -0.162754 0.036014 
137 2.298121 0.000000 -0.058098 97.723223 0.000000 -0.038494 0.045017 
138 2.099304 0.000000 0.126698 97.515416 0.000000 -0.080705 0.049074 
139 20.986979 0.000000 -5.786771 97.883446 0.000000 20.352228 0.000462 
140 20.986979 0.000000 -11.700240 97.826528 0.000000 20.598831 0.000566 
141 27.349144 0.000000 -5.786771 97.875547 0.000000 20.443901 0.000242 
142 20.986979 0.000000 0.126698 98.157298 0.000000 19.127790 -0.000073 
143 11.443733 0.000000 -2.830037 98.017024 0.000000 19.459612 0.001399 
144 11.443733 0.000000 -5.786771 97.858564 0.000000 20.115198 0.001908 
145 14.624815 0.000000 -2.830037 98.005322 0.000000 19.702706 0.000676 
146 11.443733 0.000000 0.126698 98.634755 0.000000 16.786770 -0.001061 
147 6.672109 0.000000 -1.351669 98.408530 0.000000 17.395848 0.001315 
148 6.672109 0.000000 -2.830037 97.927581 0.000000 18.854404 0.005470 
149 8.262650 0.000000 -1.351669 98.317070 0.000000 18.022667 0.000894 
150 6.672109 0.000000 0.126698 100.948674 0.000000 7.897981 -0.025301 
151 4.286298 0.000000 -0.612486 98.448010 0.000000 12.656495 0.014780 
152 4.286298 0.000000 -1.351669 97.727996 0.000000 15.985186 0.019371 
153 5.081568 0.000000 -0.612486 98.883890 0.000000 13.587255 0.003736 
154 4.286298 0.000000 0.126698 100.090709 0.000000 -3.962641 -0.003385 
155 3.093392 0.000000 -0.242894 97.957592 0.000000 5.480686 0.037427 
156 3.093392 0.000000 -0.612486 96.887208 0.000000 11.531200 0.047990 
157 3.491027 0.000000 -0.242894 100.241378 0.000000 7.192465 -0.010007 
158 3.093392 0.000000 0.126698 98.394161 0.000000 -0.000000 0.031859 
159 2.496939 0.000000 -0.058098 97.874807 0.000000 -0.025271 0.042052 
160 2.496939 0.000000 -0.242894 98.742675 0.000000 -0.174842 0.024985 
161 2.695757 0.000000 -0.058098 97.905586 0.000000 0.000000 0.041450 
162 2.496939 0.000000 0.126698 97.979145 0.000000 -0.043956 0.040009 
163 20.986979 0.000000 6.040167 98.471144 0.000000 17.725217 -0.001075 
164 27.349144 0.000000 6.040167 100.143993 0.000000 9.836262 -0.012557 
165 20.986979 0.000000 11.953636 97.972630 0.000000 20.113629 -0.000319 
166 11.443733 0.000000 3.083432 98.670969 0.000000 16.839940 -0.001954 
167 14.624815 0.000000 3.083432 101.014525 0.000000 5.754357 -0.023705 
168 11.443733 0.000000 6.040167 98.243130 0.000000 19.001682 -0.001278 
169 6.672109 0.000000 1.605065 100.280178 0.000000 9.449211 -0.014540 
170 8.262650 0.000000 1.605065 101.848616 0.000000 1.967589 -0.037701 
171 6.672109 0.000000 3.083432 98.575540 0.000000 17.624569 -0.002776 
172 4.286298 0.000000 0.865882 100.863483 0.000000 7.618390 -0.023148 
173 5.081568 0.000000 0.865882 101.147746 0.000000 6.822434 -0.027741 
174 4.286298 0.000000 1.605065 98.967387 0.000000 16.619709 -0.007076 
175 3.093392 0.000000 0.496290 101.363913 0.000000 1.475874 -0.027682 
176 3.491027 0.000000 0.496290 100.944343 0.000000 2.054640 -0.019398 
177 3.093392 0.000000 0.865882 100.961704 0.000000 11.052110 -0.031541 
178 2.894574 0.000000 -0.058098 98.157753 0.000000 -0.000000 0.036506 
179 2.894574 0.000000 -0.242894 97.179714 0.000000 5.098545 0.053011 
180 3.093392 0.000000 -0.058098 98.547900 0.000000 -0.000000 0.028831 
181 2.894574 0.000000 0.126698 98.141739 0.000000 -0.000000 0.036820 
182 3.888662 0.000000 -0.242894 99.454039 0.000000 8.540803 0.003595 
183 3.888662 0.000000 -0.612486 98.148866 0.000000 12.220087 0.021747 
184 4.286298 0.000000 -0.242894 99.090131 0.000000 8.736888 0.010481 
185 3.888662 0.000000 0.126698 99.252834 0.000000 0.000000 0.014887 
186 3.888662 0.000000 0.496290 100.513349 0.000000 5.158819 -0.012955 
187 4.286298 0.000000 0.496290 100.469212 0.000000 6.801495 -0.014032 
188 3.888662 0.000000 0.865882 100.881795 0.000000 8.148386 -0.024353 
189 3.689845 0.000000 -0.058098 99.162067 0.000000 -0.000000 0.016688 
190 3.491027 0.000000 -0.058098 99.004986 0.000000 -0.000000 0.019801 
191 3.689845 0.000000 -0.242894 100.199780 0.000000 8.172328 -0.010678 
192 3.888662 0.000000 -0.058098 99.250771 0.000000 0.000000 0.014928 
193 3.689845 0.000000 0.126698 99.177399 0.000000 -0.000000 0.016384 
194 1.701668 0.000000 0.311494 96.560818 0.000000 -0.303153 0.067592 
195 1.502851 0.000000 0.311494 96.290491 0.000000 -0.324309 0.072804 
196 1.900486 0.000000 0.311494 96.710539 0.000000 -0.292831 0.064699 
197 1.701668 0.000000 0.496290 96.484375 0.000000 -0.310037 0.069067 
198 1.801077 0.000000 0.034300 96.597574 0.000000 -0.147154 0.066889 
199 1.701668 0.000000 0.034300 95.010929 0.000000 -0.135299 0.097291 
200 1.801077 0.000000 -0.058098 93.809669 0.000000 -0.132919 0.119973 
201 1.900486 0.000000 0.034300 95.672527 0.000000 -0.120428 0.084675 
202 1.801077 0.000000 0.126698 95.219197 0.000000 -0.198593 0.093327 
203 2.099304 0.000000 0.311494 98.005068 0.000000 -0.171835 0.039498 
204 2.298121 0.000000 0.311494 98.479784 0.000000 -0.158870 0.030171 
205 2.099304 0.000000 0.496290 98.172930 0.000000 -0.162731 0.036205 
206 1.999895 0.000000 0.034300 96.576718 0.000000 -0.069492 0.067293 
207 1.999895 0.000000 -0.058098 96.513245 0.000000 -0.084253 0.068519 
208 2.099304 0.000000 0.034300 97.326750 0.000000 -0.053293 0.052750 
209 1.999895 0.000000 0.126698 96.921578 0.000000 -0.135053 0.060619 
210 1.801077 0.000000 0.219096 96.689790 0.000000 -0.293574 0.065100 
211 1.701668 0.000000 0.219096 96.592545 0.000000 -0.300326 0.066979 
212 1.900486 0.000000 0.219096 96.748041 0.000000 -0.289875 0.063973 
213 1.801077 0.000000 0.311494 96.652657 0.000000 -0.296640 0.065818 
214 1.850782 0.000000 0.080499 95.007249 0.000000 -0.137995 0.097360 
215 1.801077 0.000000 0.080499 93.960130 0.000000 -0.144124 0.117147 
216 1.850782 0.000000 0.034300 94.855986 0.000000 -0.098536 0.100233 
217 1.900486 0.000000 0.080499 95.829290 0.000000 -0.137609 0.081673 
218 1.850782 0.000000 0.126698 96.130888 0.000000 -0.226547 0.075880 
219 1.602260 0.000000 0.034300 93.389808 0.000000 -0.136709 0.127833 
220 1.502851 0.000000 0.034300 90.891740 0.000000 -0.150114 0.173867 
221 1.602260 0.000000 -0.058098 89.150448 0.000000 -0.147216 0.205218 
222 1.602260 0.000000 0.126698 92.516991 0.000000 -0.215860 0.144056 
223 1.751373 0.000000 0.080499 96.081711 0.000000 -0.156425 0.076828 
224 1.701668 0.000000 0.080499 95.174902 0.000000 -0.145646 0.094172 
225 1.751373 0.000000 0.034300 96.133276 0.000000 -0.142885 0.075837 
226 1.751373 0.000000 0.126698 94.005564 0.000000 -0.180050 0.116292 
227 -4.461678 0.000000 -17.613710 97.759468 0.000000 20.767952 0.001178 
228 -10.823843 0.000000 -17.613710 97.778676 0.000000 20.790974 0.000707 
229 -4.461678 0.000000 -23.527179 97.781570 0.000000 20.773150 0.000724 
230 1.900486 0.000000 -17.613710 97.753278 0.000000 20.726421 0.001471 
231 -1.280596 0.000000 -8.743506 97.592877 0.000000 20.690894 0.004752 
232 -4.461678 0.000000 -8.743506 97.667980 0.000000 20.785423 0.002893 
233 -1.280596 0.000000 -11.700240 97.686321 0.000000 20.713483 0.002833 
234 1.900486 0.000000 -8.743506 97.583224 0.000000 20.529728 0.005604 
235 0.309945 0.000000 -4.308404 97.034421 0.000000 20.459422 0.016573 
236 -1.280596 0.000000 -4.308404 97.260498 0.000000 20.778477 0.010865 
237 0.309945 0.000000 -5.786771 97.327058 0.000000 20.515125 0.010657 
238 1.900486 0.000000 -4.308404 97.019323 0.000000 19.967704 0.018854 
239 1.105215 0.000000 -2.090853 95.354701 0.000000 19.855794 0.051323 
240 0.309945 0.000000 -2.090853 95.885420 0.000000 20.883779 0.036985 
241 1.105215 0.000000 -2.830037 96.220076 0.000000 19.980314 0.034248 
242 1.900486 0.000000 -2.090853 95.565427 0.000000 18.643222 0.051968 
243 1.502851 0.000000 -0.982078 91.859864 0.000000 17.237190 0.126464 
244 1.105215 0.000000 -0.982078 91.806575 0.000000 19.773420 0.118056 
245 1.502851 0.000000 -1.351669 93.584695 0.000000 18.262734 0.090838 
246 1.900486 0.000000 -0.982078 93.074491 0.000000 15.304814 0.110290 
247 1.701668 0.000000 -0.427690 96.449706 0.000000 -0.313161 0.069736 
248 1.502851 0.000000 -0.427690 96.265458 0.000000 -0.328033 0.073285 
249 1.701668 0.000000 -0.612486 97.649530 0.000000 -0.190349 0.046453 
250 1.900486 0.000000 -0.427690 97.729390 0.000000 -0.187500 0.044893 
251 1.801077 0.000000 -0.150496 96.134428 0.000000 -0.239861 0.075811 
252 1.701668 0.000000 -0.150496 94.587743 0.000000 -0.248230 0.105310 
253 1.801077 0.000000 -0.242894 96.610776 0.000000 -0.300115 0.066627 
254 1.900486 0.000000 -0.150496 96.167430 0.000000 -0.235303 0.075177 
255 1.850782 0.000000 -0.011899 94.532004 0.000000 -0.064868 0.106370 
256 1.801077 0.000000 -0.011899 93.855641 0.000000 -0.105093 0.119111 
257 1.850782 0.000000 -0.058098 94.860427 0.000000 -0.124195 0.100148 
258 1.900486 0.000000 -0.011899 95.610002 0.000000 -0.114763 0.085871 
259 1.825929 0.000000 0.057399 97.420592 0.000000 -0.158831 0.050920 
260 1.801077 0.000000 0.057399 97.324713 0.000000 -0.157337 0.052788 
261 1.825929 0.000000 0.034300 96.111992 0.000000 -0.135163 0.076247 
262 1.850782 0.000000 0.057399 97.182113 0.000000 -0.158924 0.055561 
263 1.825929 0.000000 0.080499 94.951220 0.000000 -0.140209 0.098425 
264 1.751373 0.000000 -0.011899 92.689905 0.000000 -0.120747 0.140857 
265 1.701668 0.000000 -0.011899 91.673514 0.000000 -0.125779 0.159595 
266 1.751373 0.000000 -0.058098 93.362847 0.000000 -0.152457 0.128336 
267 1.825929 0.000000 0.011200 94.008783 0.000000 -0.079357 0.116234 
268 1.801077 0.000000 0.011200 93.862624 0.000000 -0.105201 0.118980 
269 1.825929 0.000000 -0.011899 94.004385 0.000000 -0.079842 0.116317 
270 1.850782 0.000000 0.011200 94.521427 0.000000 -0.063548 0.106570 
271 1.999895 0.000000 0.219096 97.382246 0.000000 -0.220408 0.051665 
272 2.099304 0.000000 0.219096 98.014870 0.000000 -0.171688 0.039306 
273 1.999895 0.000000 0.311494 97.590711 0.000000 -0.201653 0.047601 
274 1.950190 0.000000 0.080499 96.129277 0.000000 -0.148290 0.075914 
275 1.950190 0.000000 0.034300 96.137926 0.000000 -0.120783 0.075748 
276 1.999895 0.000000 0.080499 96.541048 0.000000 -0.092800 0.067982 
277 1.950190 0.000000 0.126698 96.201470 0.000000 -0.165922 0.074525 
278 1.875634 0.000000 0.057399 95.659011 0.000000 -0.127828 0.084934 
279 1.875634 0.000000 0.034300 95.027542 0.000000 -0.105191 0.096976 
280 1.900486 0.000000 0.057399 95.752560 0.000000 -0.128699 0.083143 
281 1.875634 0.000000 0.080499 95.773753 0.000000 -0.138896 0.082737 
282 1.838355 0.000000 0.045850 97.844781 0.000000 -0.165936 0.042637 
283 1.825929 0.000000 0.045850 97.751216 0.000000 -0.162048 0.044467 
284 1.838355 0.000000 0.034300 94.123708 0.000000 -0.098827 0.114072 
285 1.850782 0.000000 0.045850 97.268775 0.000000 -0.153325 0.053876 
286 1.838355 0.000000 0.057399 97.736627 0.000000 -0.166000 0.044752 
287 1.776225 0.000000 0.057399 97.083748 0.000000 -0.149722 0.057472 
288 1.751373 0.000000 0.057399 96.549384 0.000000 -0.151674 0.067819 
289 1.776225 0.000000 0.034300 96.010891 0.000000 -0.143209 0.078189 
290 1.776225 0.000000 0.080499 95.611502 0.000000 -0.159226 0.085842 
291 -17.186007 0.000000 6.040167 97.840590 0.000000 20.817384 -0.000614 
292 -23.548172 0.000000 6.040167 97.827058 0.000000 20.807342 -0.000308 
293 -17.186007 0.000000 11.953636 97.847011 0.000000 20.804127 -0.000685 
294 -7.642761 0.000000 3.083432 97.922615 0.000000 20.899057 -0.002561 
295 -10.823843 0.000000 3.083432 97.865366 0.000000 20.856734 -0.001263 
296 -7.642761 0.000000 6.040167 97.948505 0.000000 20.842908 -0.002834 
297 -2.871137 0.000000 1.605065 98.184800 0.000000 21.225558 -0.009078 
298 -4.461678 0.000000 1.605065 98.006662 0.000000 21.052920 -0.004853 
299 -2.871137 0.000000 3.083432 98.305102 0.000000 21.011886 -0.010539 
300 -0.485326 0.000000 0.865882 98.421071 0.000000 22.980465 -0.021481 
301 -1.280596 0.000000 0.865882 98.273318 0.000000 21.915260 -0.013792 
302 -0.485326 0.000000 1.605065 99.324250 0.000000 21.931999 -0.034632 
303 0.707580 0.000000 0.496290 93.504282 0.000000 -0.587360 0.125660 
304 0.309945 0.000000 0.496290 100.512652 0.000000 25.819184 -0.076942 
305 0.707580 0.000000 0.865882 103.394223 0.000000 24.950468 -0.131289 
306 1.304033 0.000000 0.311494 95.987182 0.000000 -0.351026 0.078634 
307 1.105215 0.000000 0.311494 95.773239 0.000000 -0.371917 0.082735 
308 1.304033 0.000000 0.496290 96.045561 0.000000 -0.346840 0.077513 
309 1.403442 0.000000 0.034300 87.382296 0.000000 -0.184441 0.236430 
310 1.304033 0.000000 0.034300 84.186540 0.000000 -0.263706 0.291256 
311 1.403442 0.000000 -0.058098 80.807947 0.000000 -0.161588 0.347005 
312 1.403442 0.000000 0.126698 83.988656 0.000000 -0.212430 0.294586 
313 1.403442 0.000000 0.219096 96.125206 0.000000 -0.337953 0.075983 
314 1.304033 0.000000 0.219096 95.962262 0.000000 -0.352821 0.079112 
315 1.502851 0.000000 0.219096 96.297103 0.000000 -0.323237 0.072676 
316 1.403442 0.000000 0.311494 96.134904 0.000000 -0.337627 0.075797 
317 1.453146 0.000000 0.080499 89.107303 0.000000 -0.169591 0.205986 
318 1.403442 0.000000 0.080499 87.690937 0.000000 -0.193075 0.231026 
319 1.453146 0.000000 0.034300 88.794619 0.000000 -0.147644 0.211549 
320 1.502851 0.000000 0.080499 91.612786 0.000000 -0.163414 0.160707 
321 1.453146 0.000000 0.126698 93.301534 0.000000 -0.242486 0.129476 
322 0.906398 0.000000 -0.058098 91.759088 0.000000 -0.154015 0.158025 
323 0.707580 0.000000 -0.058098 96.173273 0.000000 -0.136434 0.075068 
324 0.906398 0.000000 -0.242894 94.646027 0.000000 -0.456290 0.104192 
325 0.906398 0.000000 0.126698 94.978771 0.000000 -0.316196 0.097893 
326 1.204624 0.000000 0.034300 85.041721 0.000000 -0.407664 0.276774 
327 1.105215 0.000000 0.034300 80.942411 0.000000 -0.141213 0.344831 
328 1.204624 0.000000 -0.058098 75.655393 0.000000 -0.169776 0.427623 
329 1.204624 0.000000 0.126698 82.567825 0.000000 -0.225046 0.318250 
330 0.906398 0.000000 0.311494 94.852167 0.000000 -0.439372 0.100287 
331 0.707580 0.000000 0.311494 94.088232 0.000000 -0.513396 0.114714 
332 0.906398 0.000000 0.496290 94.418219 0.000000 -0.477204 0.108497 
333 1.204624 0.000000 0.219096 95.827091 0.000000 -0.365888 0.081703 
334 1.105215 0.000000 0.219096 95.732050 0.000000 -0.375587 0.083523 
335 1.204624 0.000000 0.311494 95.863149 0.000000 -0.362886 0.081012 
336 1.254329 0.000000 0.080499 81.556157 0.000000 -0.264790 0.334852 
337 1.204624 0.000000 0.080499 82.538300 0.000000 -0.299687 0.318734 
338 1.254329 0.000000 0.034300 79.440202 0.000000 -0.248738 0.368919 
339 1.304033 0.000000 0.080499 82.956763 0.000000 -0.234713 0.311812 
340 1.254329 0.000000 0.126698 86.118987 0.000000 -0.287281 0.258344 
341 1.005807 0.000000 0.034300 88.359689 0.000000 -0.157010 0.219254 
342 0.906398 0.000000 0.034300 91.966682 0.000000 -0.140490 0.154211 
343 1.005807 0.000000 -0.058098 88.753291 0.000000 -0.164913 0.212283 
344 1.005807 0.000000 0.126698 91.380748 0.000000 -0.222926 0.164951 
345 1.154920 0.000000 0.080499 81.088118 0.000000 -0.202774 0.342468 
346 1.105215 0.000000 0.080499 81.598171 0.000000 -0.183073 0.334171 
347 1.154920 0.000000 0.034300 79.198672 0.000000 -0.166723 0.372754 
348 1.154920 0.000000 0.126698 82.933249 0.000000 -0.224961 0.312203 
349 1.304033 0.000000 -0.427690 96.066089 0.000000 -0.345429 0.077119 
350 1.105215 0.000000 -0.427690 95.236351 0.000000 -0.404106 0.092987 
351 1.304033 0.000000 -0.612486 95.391807 0.000000 -0.388060 0.090025 
352 1.204624 0.000000 -0.150496 87.128365 0.000000 -0.296891 0.240856 
353 1.105215 0.000000 -0.150496 92.281128 0.000000 -0.299105 0.148410 
354 1.204624 0.000000 -0.242894 95.897840 0.000000 -0.360051 0.080347 
355 1.304033 0.000000 -0.150496 87.323126 0.000000 -0.287751 0.237459 
356 1.154920 0.000000 -0.011899 78.740100 0.000000 -0.160678 0.379997 
357 1.105215 0.000000 -0.011899 80.556250 0.000000 -0.129230 0.351067 
358 1.154920 0.000000 -0.058098 79.985740 0.000000 -0.188083 0.360225 
359 1.204624 0.000000 -0.011899 73.475360 0.000000 -0.153685 0.460135 
360 1.179772 0.000000 0.057399 87.988044 0.000000 -0.543637 0.225781 
361 1.154920 0.000000 0.057399 89.855159 0.000000 -0.657900 0.192562 
362 1.179772 0.000000 0.034300 83.579379 0.000000 -0.388985 0.301434 
363 1.204624 0.000000 0.057399 86.892374 0.000000 -0.443087 0.244952 
364 1.179772 0.000000 0.080499 80.557307 0.000000 -0.202688 0.351048 
365 1.005807 0.000000 0.219096 95.398237 0.000000 -0.399587 0.089902 
366 0.906398 0.000000 0.219096 94.826853 0.000000 -0.442266 0.100767 
367 1.005807 0.000000 0.311494 95.269650 0.000000 -0.407127 0.092353 
368 1.055511 0.000000 0.080499 86.347292 0.000000 -0.164087 0.254412 
369 1.005807 0.000000 0.080499 89.239752 0.000000 -0.179434 0.203623 
370 1.055511 0.000000 0.034300 84.537072 0.000000 -0.127225 0.285347 
371 1.055511 0.000000 0.126698 91.716283 0.000000 -0.295346 0.158804 
372 1.130068 0.000000 0.057399 80.483993 0.000000 -0.173121 0.352230 
373 1.105215 0.000000 0.057399 80.968804 0.000000 -0.169257 0.344402 
374 1.130068 0.000000 0.034300 79.912495 0.000000 -0.162830 0.361397 
375 1.130068 0.000000 0.080499 81.182270 0.000000 -0.184401 0.340941 
376 1.254329 0.000000 -0.011899 62.229346 0.000000 -0.083792 0.612750 
377 1.254329 0.000000 -0.058098 72.519099 0.000000 -0.160320 0.474095 
378 1.304033 0.000000 -0.011899 71.237342 0.000000 -0.133267 0.492522 
379 1.179772 0.000000 0.011200 75.366573 0.000000 -0.160775 0.431985 
380 1.154920 0.000000 0.011200 78.773038 0.000000 -0.161284 0.379478 
381 1.179772 0.000000 -0.011899 75.326127 0.000000 -0.160173 0.432595 
382 1.204624 0.000000 0.011200 73.511433 0.000000 -0.154230 0.459605 
383 1.167346 0.000000 0.045850 89.607488 0.000000 -0.630387 0.197010 
384 1.154920 0.000000 0.045850 90.341676 0.000000 -0.687165 0.183791 
385 1.167346 0.000000 0.034300 86.249740 0.000000 -0.499854 0.256073 
386 1.179772 0.000000 0.045850 88.206261 0.000000 -0.552285 0.221935 
387 1.167346 0.000000 0.057399 89.435066 0.000000 -0.596461 0.200101 
388 3.292209 0.000000 -0.058098 98.850113 0.000000 -0.000000 0.022866 
389 3.292209 0.000000 -0.242894 98.946505 0.000000 6.120289 0.017213 
390 3.292209 0.000000 0.126698 98.868537 0.000000 -0.000000 0.022501 
391 3.689845 0.000000 0.311494 98.948184 0.000000 3.620052 0.019615 
392 3.491027 0.000000 0.311494 98.975195 0.000000 2.450375 0.019791 
393 3.888662 0.000000 0.311494 99.423841 0.000000 4.320585 0.009623 
394 3.689845 0.000000 0.496290 100.639028 0.000000 3.674508 -0.014172 
395 3.590436 0.000000 0.034300 99.092370 0.000000 -0.000000 0.018070 
396 3.491027 0.000000 0.034300 99.018323 0.000000 -0.000000 0.019537 
397 3.590436 0.000000 -0.058098 99.098522 0.000000 -0.000000 0.017948 
398 3.689845 0.000000 0.034300 99.164145 0.000000 -0.000000 0.016647 
399 3.590436 0.000000 0.126698 99.090831 0.000000 -0.000000 0.018101 
400 3.292209 0.000000 0.311494 99.652987 0.000000 1.249481 0.006772 
401 3.093392 0.000000 0.311494 100.097249 0.000000 0.183083 -0.001949 
402 3.292209 0.000000 0.496290 101.272457 0.000000 1.225934 -0.025761 
403 3.391618 0.000000 0.034300 98.944034 0.000000 -0.000000 0.021008 
404 3.292209 0.000000 0.034300 98.838484 0.000000 -0.000000 0.023095 
405 3.391618 0.000000 -0.058098 98.939275 0.000000 0.000000 0.021102 
406 3.391618 0.000000 0.126698 98.912123 0.000000 -0.000000 0.021639 
407 8.262650 0.000000 -17.613710 97.771341 0.000000 20.692111 0.001260 
408 8.262650 0.000000 -23.527179 97.786515 0.000000 20.738639 0.000771 
409 14.624815 0.000000 -17.613710 97.794769 0.000000 20.682795 0.000841 
410 5.081568 0.000000 -8.743506 97.655473 0.000000 20.407463 0.004694 
411 5.081568 0.000000 -11.700240 97.712794 0.000000 20.581352 0.002862 
412 8.262650 0.000000 -8.743506 97.743805 0.000000 20.380861 0.003077 
413 3.491027 0.000000 -4.308404 97.270447 0.000000 19.605596 0.015408 
414 3.491027 0.000000 -5.786771 97.436264 0.000000 20.080763 0.010294 
415 5.081568 0.000000 -4.308404 97.562565 0.000000 19.509358 0.010093 
416 4.286298 0.000000 -2.090853 97.470718 0.000000 17.591610 0.018999 
417 3.491027 0.000000 -2.090853 96.941710 0.000000 17.558353 0.029401 
418 4.286298 0.000000 -2.830037 97.375537 0.000000 18.506227 0.017552 
419 5.081568 0.000000 -2.090853 97.806263 0.000000 17.751840 0.011881 
420 3.888662 0.000000 -0.982078 97.641134 0.000000 14.408115 0.025862 
421 3.491027 0.000000 -0.982078 97.159615 0.000000 14.242130 0.035717 
422 3.888662 0.000000 -1.351669 97.395767 0.000000 15.823970 0.026367 
423 4.286298 0.000000 -0.982078 98.002125 0.000000 14.673167 0.018028 
424 3.689845 0.000000 -0.427690 98.633123 0.000000 10.384386 0.016367 
425 3.491027 0.000000 -0.427690 98.333754 0.000000 9.951366 0.023144 
426 3.689845 0.000000 -0.612486 97.946123 0.000000 12.030697 0.026182 
427 3.888662 0.000000 -0.427690 98.657462 0.000000 10.695814 0.015230 
428 3.590436 0.000000 -0.150496 99.085116 0.000000 -0.000000 0.018214 
429 3.491027 0.000000 -0.150496 99.031980 0.000000 -0.000000 0.019267 
430 3.590436 0.000000 -0.242894 100.428395 0.000000 7.801172 -0.014672 
431 3.689845 0.000000 -0.150496 99.184517 0.000000 -0.000000 0.016243 
432 3.540732 0.000000 -0.011899 99.074412 0.000000 -0.000000 0.018426 
433 3.491027 0.000000 -0.011899 99.022133 0.000000 -0.000000 0.019462 
434 3.540732 0.000000 -0.058098 99.077319 0.000000 -0.000000 0.018368 
435 3.590436 0.000000 -0.011899 99.095020 0.000000 -0.000000 0.018018 
436 3.540732 0.000000 0.034300 99.079556 0.000000 -0.000000 0.018324 
437 5.876839 0.000000 -0.612486 99.109380 0.000000 14.684655 -0.003831 
438 5.876839 0.000000 -1.351669 98.371597 0.000000 16.922155 0.003667 
439 6.672109 0.000000 -0.612486 98.970179 0.000000 15.730064 -0.004253 
440 5.876839 0.000000 0.126698 101.384316 0.000000 0.722341 -0.027930 
441 4.683933 0.000000 -0.242894 99.292021 0.000000 9.427083 0.005222 
442 4.683933 0.000000 -0.612486 98.684819 0.000000 13.101004 0.008967 
443 5.081568 0.000000 -0.242894 99.504989 0.000000 10.164365 -0.000456 
444 4.683933 0.000000 0.126698 100.349915 0.000000 -3.672579 -0.008359 
445 4.087480 0.000000 -0.058098 99.451345 0.000000 3.555287 0.009679 
446 4.087480 0.000000 -0.242894 99.091712 0.000000 8.585513 0.010712 
447 4.286298 0.000000 -0.058098 99.543417 0.000000 3.731983 0.007718 
448 4.087480 0.000000 0.126698 99.712754 0.000000 -3.731951 0.004344 
449 3.789254 0.000000 0.034300 99.242103 0.000000 0.000000 0.015101 
450 3.789254 0.000000 -0.058098 99.240211 0.000000 0.000000 0.015138 
451 3.888662 0.000000 0.034300 99.250739 0.000000 0.000000 0.014929 
452 3.789254 0.000000 0.126698 99.250819 0.000000 0.000000 0.014927 
453 3.640140 0.000000 -0.011899 99.137388 0.000000 -0.000000 0.017178 
454 3.640140 0.000000 -0.058098 99.110776 0.000000 -0.000000 0.017705 
455 3.689845 0.000000 -0.011899 99.165754 0.000000 -0.000000 0.016615 
456 3.640140 0.000000 0.034300 99.125903 0.000000 -0.000000 0.017406 
457 3.590436 0.000000 0.219096 97.350792 0.000000 0.144900 0.052280 
458 3.491027 0.000000 0.219096 97.402721 0.000000 -0.598783 0.051235 
459 3.689845 0.000000 0.219096 97.802946 0.000000 0.499330 0.043433 
460 3.590436 0.000000 0.311494 98.847939 0.000000 3.085573 0.021956 
461 3.540732 0.000000 0.080499 99.056749 0.000000 -0.000000 0.018776 
462 3.491027 0.000000 0.080499 99.013016 0.000000 -0.000000 0.019642 
463 3.590436 0.000000 0.080499 99.090202 0.000000 -0.000000 0.018113 
464 3.540732 0.000000 0.126698 99.034961 0.000000 -0.000000 0.019208 
465 3.565584 0.000000 0.011200 99.093152 0.000000 -0.000000 0.018055 
466 3.540732 0.000000 0.011200 99.074248 0.000000 -0.000000 0.018429 
467 3.565584 0.000000 -0.011899 99.093106 0.000000 -0.000000 0.018056 
468 3.590436 0.000000 0.011200 99.095069 0.000000 -0.000000 0.018017 
469 3.565584 0.000000 0.034300 99.090792 0.000000 -0.000000 0.018101 
470 2.695757 0.000000 -2.090853 96.259983 0.000000 17.843529 0.041562 
471 2.695757 0.000000 -2.830037 96.636297 0.000000 18.829313 0.030688 
472 3.093392 0.000000 -0.982078 96.563496 0.000000 14.166008 0.047482 
473 2.695757 0.000000 -0.982078 95.737113 0.000000 14.118696 0.063507 
474 3.093392 0.000000 -1.351669 96.465090 0.000000 15.751578 0.044637 
475 3.292209 0.000000 -0.427690 97.795297 0.000000 9.590962 0.034409 
476 3.093392 0.000000 -0.427690 97.285959 0.000000 9.283350 0.044926 
477 3.292209 0.000000 -0.612486 97.277509 0.000000 11.679935 0.040067 
478 3.391618 0.000000 -0.150496 98.930030 0.000000 0.000000 0.021285 
479 3.292209 0.000000 -0.150496 98.858193 0.000000 -0.000000 0.022706 
480 3.391618 0.000000 -0.242894 99.621871 0.000000 6.571700 0.003230 
481 3.441323 0.000000 -0.011899 98.974024 0.000000 -0.000000 0.020414 
482 3.391618 0.000000 -0.011899 98.947572 0.000000 -0.000000 0.020938 
483 3.441323 0.000000 -0.058098 98.976755 0.000000 -0.000000 0.020360 
484 3.441323 0.000000 0.034300 98.969209 0.000000 0.000000 0.020510 
485 3.515879 0.000000 0.011200 99.054571 0.000000 -0.000000 0.018819 
486 3.491027 0.000000 0.011200 99.022238 0.000000 -0.000000 0.019460 
487 3.515879 0.000000 -0.011899 99.054826 0.000000 -0.000000 0.018814 
488 3.515879 0.000000 0.034300 99.061612 0.000000 -0.000000 0.018680 
489 3.540732 0.000000 -0.104297 99.065149 0.000000 -0.000000 0.018610 
490 3.491027 0.000000 -0.104297 99.012401 0.000000 -0.000000 0.019654 
491 3.540732 0.000000 -0.150496 99.043785 0.000000 -0.000000 0.019033 
492 3.590436 0.000000 -0.104297 99.088272 0.000000 -0.000000 0.018151 
493 3.565584 0.000000 -0.034999 99.090707 0.000000 -0.000000 0.018103 
494 3.540732 0.000000 -0.034999 99.079491 0.000000 -0.000000 0.018325 
495 3.565584 0.000000 -0.058098 99.089724 0.000000 -0.000000 0.018123 
496 3.590436 0.000000 -0.034999 99.092266 0.000000 -0.000000 0.018072 
497 3.553158 0.000000 -0.000349 99.078537 0.000000 -0.000000 0.018344 
498 3.540732 0.000000 -0.000349 99.071524 0.000000 0.000000 0.018483 
499 3.553158 0.000000 -0.011899 99.085540 0.000000 -0.000000 0.018206 
500 3.565584 0.000000 -0.000349 99.069646 0.000000 -0.000000 0.018521 
501 3.553158 0.000000 0.011200 99.080290 0.000000 -0.000000 0.018310 
502 3.192801 0.000000 0.034300 98.738664 0.000000 -0.000000 0.025068 
503 3.093392 0.000000 0.034300 98.544362 0.000000 -0.000000 0.028901 
504 3.192801 0.000000 -0.058098 98.739613 0.000000 -0.000000 0.025049 
505 3.192801 0.000000 0.126698 98.836186 0.000000 -0.000000 0.023141 
506 3.341914 0.000000 -0.011899 98.891499 0.000000 -0.000000 0.022047 
507 3.292209 0.000000 -0.011899 98.848971 0.000000 -0.000000 0.022888 
508 3.341914 0.000000 -0.058098 98.879207 0.000000 -0.000000 0.022290 
509 3.341914 0.000000 0.034300 98.878523 0.000000 -0.000000 0.022304 
510 3.391618 0.000000 0.219096 98.017525 0.000000 -1.402843 0.039060 
511 3.292209 0.000000 0.219096 98.669092 0.000000 -2.039193 0.026025 
512 3.391618 0.000000 0.311494 99.300956 0.000000 1.808287 0.013605 
513 3.441323 0.000000 0.080499 98.976374 0.000000 -0.000000 0.020368 
514 3.391618 0.000000 0.080499 98.931556 0.000000 0.000000 0.021255 
515 3.441323 0.000000 0.126698 98.995262 0.000000 -0.000000 0.019994 
516 3.416470 0.000000 0.011200 98.959881 0.000000 -0.000000 0.020694 
517 3.391618 0.000000 0.011200 98.947465 0.000000 -0.000000 0.020940 
518 3.416470 0.000000 -0.011899 98.959605 0.000000 -0.000000 0.020700 
519 3.441323 0.000000 0.011200 98.974163 0.000000 -0.000000 0.020412 
520 3.416470 0.000000 0.034300 98.958456 0.000000 -0.000000 0.020722 
521 3.192801 0.000000 -0.150496 98.827999 0.000000 -0.000000 0.023303 
522 3.093392 0.000000 -0.150496 98.282583 0.000000 -0.000000 0.034053 
523 3.192801 0.000000 -0.242894 98.396013 0.000000 5.772588 0.028490 
524 3.242505 0.000000 -0.011899 98.797306 0.000000 -0.000000 0.023909 
525 3.192801 0.000000 -0.011899 98.736758 0.000000 -0.000000 0.025105 
526 3.242505 0.000000 -0.058098 98.821316 0.000000 -0.000000 0.023435 
527 3.242505 0.000000 0.034300 98.798626 0.000000 -0.000000 0.023883 
528 3.341914 0.000000 0.080499 98.893555 0.000000 -0.000000 0.022006 
529 3.292209 0.000000 0.080499 98.851935 0.000000 -0.000000 0.022829 
530 3.341914 0.000000 0.126698 98.883676 0.000000 -0.000000 0.022202 
531 3.317062 0.000000 0.011200 98.871859 0.000000 -0.000000 0.022436 
532 3.292209 0.000000 0.011200 98.849344 0.000000 -0.000000 0.022881 
533 3.317062 0.000000 -0.011899 98.871564 0.000000 -0.000000 0.022441 
534 3.341914 0.000000 0.011200 98.891798 0.000000 -0.000000 0.022041 
535 3.317062 0.000000 0.034300 98.862860 0.000000 -0.000000 0.022613 
536 2.894574 0.000000 0.311494 100.418262 0.000000 -0.884667 -0.008461 
537 2.695757 0.000000 0.311494 100.926619 0.000000 -1.992877 -0.019015 
538 2.894574 0.000000 0.496290 101.496865 0.000000 1.738565 -0.030464 
539 3.192801 0.000000 0.219096 99.123193 0.000000 -2.601888 0.016782 
540 3.093392 0.000000 0.219096 99.381031 0.000000 -3.184134 0.011327 
541 3.192801 0.000000 0.311494 99.921393 0.000000 0.720206 0.001520 
542 3.242505 0.000000 0.080499 98.816138 0.000000 -0.000000 0.023537 
543 3.192801 0.000000 0.080499 98.740041 0.000000 -0.000000 0.025040 
544 3.242505 0.000000 0.126698 98.846102 0.000000 -0.000000 0.022945 
545 3.267357 0.000000 0.011200 98.834011 0.000000 -0.000000 0.023184 
546 3.242505 0.000000 0.011200 98.797282 0.000000 -0.000000 0.023910 
547 3.267357 0.000000 -0.011899 98.833913 0.000000 -0.000000 0.023186 
548 3.267357 0.000000 0.034300 98.824145 0.000000 -0.000000 0.023379 
549 2.993983 0.000000 0.034300 98.266412 0.000000 -0.000000 0.034371 
550 2.894574 0.000000 0.034300 98.154786 0.000000 -0.000000 0.036564 
551 2.993983 0.000000 -0.058098 98.219035 0.000000 -0.000000 0.035302 
552 2.993983 0.000000 0.126698 98.296554 0.000000 -0.000000 0.033779 
553 3.143096 0.000000 -0.011899 98.681922 0.000000 -0.000000 0.026188 
554 3.093392 0.000000 -0.011899 98.542265 0.000000 -0.000000 0.028942 
555 3.143096 0.000000 -0.058098 98.687068 0.000000 -0.000000 0.026086 
556 3.143096 0.000000 0.034300 98.701081 0.000000 -0.000000 0.025810 
557 3.217653 0.000000 0.011200 98.758263 0.000000 -0.000000 0.024681 
558 3.192801 0.000000 0.011200 98.736685 0.000000 -0.000000 0.025107 
559 3.217653 0.000000 -0.011899 98.758285 0.000000 -0.000000 0.024680 
560 3.217653 0.000000 0.034300 98.782024 0.000000 -0.000000 0.024211 
561 3.242505 0.000000 -0.104297 98.818372 0.000000 -0.000000 0.023493 
562 3.192801 0.000000 -0.104297 98.764634 0.000000 -0.000000 0.024555 
563 3.242505 0.000000 -0.150496 98.846385 0.000000 -0.000000 0.022939 
564 3.292209 0.000000 -0.104297 98.844352 0.000000 -0.000000 0.022979 
565 3.267357 0.000000 -0.034999 98.824203 0.000000 -0.000000 0.023378 
566 3.242505 0.000000 -0.034999 98.798680 0.000000 -0.000000 0.023882 
567 3.267357 0.000000 -0.058098 98.826319 0.000000 -0.000000 0.023336 
568 3.292209 0.000000 -0.034999 98.838525 0.000000 -0.000000 0.023095 
569 3.254931 0.000000 -0.000349 98.822213 0.000000 0.000000 0.023417 
570 3.242505 0.000000 -0.000349 98.802859 0.000000 -0.000000 0.023800 
571 3.254931 0.000000 -0.011899 98.822556 0.000000 -0.000000 0.023410 
572 3.267357 0.000000 -0.000349 98.833293 0.000000 -0.000000 0.023198 
573 3.254931 0.000000 0.011200 98.822639 0.000000 -0.000000 0.023409 
574 2.496939 0.000000 0.311494 98.715200 0.000000 -0.170169 0.025528 
575 2.496939 0.000000 0.496290 98.764363 0.000000 -0.181159 0.024557 
576 2.596348 0.000000 0.034300 97.865316 0.000000 -0.010684 0.042238 
577 2.496939 0.000000 0.034300 97.874392 0.000000 -0.026166 0.042060 
578 2.596348 0.000000 -0.058098 97.876140 0.000000 -0.012861 0.042026 
579 2.695757 0.000000 0.034300 97.903767 0.000000 0.000000 0.041485 
580 2.596348 0.000000 0.126698 98.093463 0.000000 -0.052847 0.037767 
581 5.876839 0.000000 0.865882 102.783672 0.000000 2.460027 -0.057053 
582 6.672109 0.000000 0.865882 101.175801 0.000000 8.118680 -0.030246 
583 5.876839 0.000000 1.605065 99.490253 0.000000 12.688217 -0.005930 
584 -17.186007 0.000000 -17.613710 97.793960 0.000000 20.797987 0.000379 
585 -23.548172 0.000000 -17.613710 97.802873 0.000000 20.798716 0.000201 
586 -17.186007 0.000000 -23.527179 97.797150 0.000000 20.792705 0.000338 
587 20.986979 0.000000 -17.613710 97.809997 0.000000 20.688192 0.000520 
588 20.986979 0.000000 -23.527179 97.805855 0.000000 20.729673 0.000430 
589 27.349144 0.000000 -17.613710 97.817858 0.000000 20.697697 0.000327 
590 -7.642761 0.000000 -8.743506 97.729593 0.000000 20.816772 0.001559 
591 -10.823843 0.000000 -8.743506 97.765495 0.000000 20.821791 0.000836 
592 -7.642761 0.000000 -11.700240 97.742760 0.000000 20.796693 0.001385 
593 11.443733 0.000000 -8.743506 97.803200 0.000000 20.407864 0.001805 
594 11.443733 0.000000 -11.700240 97.784820 0.000000 20.556915 0.001554 
595 14.624815 0.000000 -8.743506 97.829242 0.000000 20.446902 0.001136 
596 -2.871137 0.000000 -4.308404 97.481301 0.000000 20.884270 0.006124 
597 -4.461678 0.000000 -4.308404 97.616570 0.000000 20.901680 0.003413 
598 -2.871137 0.000000 -5.786771 97.532205 0.000000 20.798556 0.005489 
599 6.672109 0.000000 -4.308404 97.756358 0.000000 19.572869 0.006060 
600 6.672109 0.000000 -5.786771 97.702743 0.000000 19.986461 0.005472 
601 8.262650 0.000000 -4.308404 97.854296 0.000000 19.681466 0.003718 
602 -0.485326 0.000000 -2.090853 96.580355 0.000000 21.265472 0.022001 
603 -1.280596 0.000000 -2.090853 97.074924 0.000000 21.283197 0.012348 
604 -0.485326 0.000000 -2.830037 96.777440 0.000000 20.904653 0.019712 
605 0.707580 0.000000 -0.982078 93.006217 0.000000 21.828249 0.087337 
606 0.309945 0.000000 -0.982078 94.702440 0.000000 22.846449 0.050949 
607 0.707580 0.000000 -1.351669 94.193053 0.000000 21.044188 0.068481 
608 2.298121 0.000000 -0.982078 94.549365 0.000000 14.380214 0.085363 
609 2.298121 0.000000 -1.351669 95.026245 0.000000 16.231203 0.070656 
610 0.906398 0.000000 -0.427690 94.143208 0.000000 -0.505647 0.113680 
611 0.707580 0.000000 -0.427690 93.509339 0.000000 -0.586535 0.125566 
612 0.906398 0.000000 -0.612486 93.529674 0.000000 -0.583210 0.125186 
613 1.403442 0.000000 -0.150496 92.551898 0.000000 -0.278493 0.143407 
614 1.403442 0.000000 -0.242894 96.142147 0.000000 -0.337520 0.075657 
615 1.502851 0.000000 -0.150496 92.674509 0.000000 -0.267237 0.141136 
616 2.099304 0.000000 -0.427690 98.337775 0.000000 -0.158464 0.032966 
617 2.099304 0.000000 -0.612486 98.657696 0.000000 -0.164882 0.026663 
618 2.298121 0.000000 -0.427690 98.659491 0.000000 -0.165096 0.026628 
619 2.496939 0.000000 -0.427690 95.277466 0.000000 8.564236 0.084886 
620 2.496939 0.000000 -0.612486 95.164036 0.000000 11.097785 0.082065 
621 2.695757 0.000000 -0.427690 96.129612 0.000000 8.701675 0.068338 
622 1.602260 0.000000 -0.150496 94.512280 0.000000 -0.256756 0.106736 
623 1.602260 0.000000 -0.242894 96.412424 0.000000 -0.314972 0.070455 
624 1.999895 0.000000 -0.150496 97.399053 0.000000 -0.151561 0.051340 
625 1.999895 0.000000 -0.242894 97.787456 0.000000 -0.185640 0.043758 
626 2.099304 0.000000 -0.150496 97.674283 0.000000 -0.124044 0.045972 
627 5.876839 0.000000 -2.090853 98.015266 0.000000 18.021173 0.006824 
628 5.876839 0.000000 -2.830037 97.825040 0.000000 18.707911 0.008028 
629 6.672109 0.000000 -2.090853 98.106347 0.000000 18.277891 0.004106 
630 4.683933 0.000000 -0.982078 98.263846 0.000000 14.981459 0.011977 
631 4.683933 0.000000 -1.351669 97.976346 0.000000 16.190486 0.013850 
632 5.081568 0.000000 -0.982078 98.457456 0.000000 15.321310 0.007139 
633 2.894574 0.000000 -0.427690 96.762936 0.000000 8.962834 0.055660 
634 2.894574 0.000000 -0.612486 96.448070 0.000000 11.335661 0.056927 
635 4.683933 0.000000 0.496290 100.425530 0.000000 7.856957 -0.014702 
636 5.081568 0.000000 0.496290 100.506524 0.000000 9.039484 -0.018327 
637 4.683933 0.000000 0.865882 101.313726 0.000000 4.815533 -0.028766 
638 2.993983 0.000000 -0.150496 98.282583 0.000000 -0.000000 0.034053 
639 2.894574 0.000000 -0.150496 98.140353 0.000000 -0.000000 0.036847 
640 2.993983 0.000000 -0.242894 97.561137 0.000000 5.267535 0.045408 
641 2.795165 0.000000 0.034300 98.006370 0.000000 -0.000000 0.039475 
642 2.795165 0.000000 -0.058098 98.005205 0.000000 -0.000000 0.039498 
643 2.795165 0.000000 0.126698 98.013281 0.000000 0.000000 0.039340 
644 4.087480 0.000000 -0.427690 98.665433 0.000000 10.892708 0.014648 
645 4.087480 0.000000 -0.612486 98.282415 0.000000 12.398670 0.018684 
646 4.286298 0.000000 -0.427690 98.725398 0.000000 11.082014 0.013048 
647 4.087480 0.000000 0.311494 99.783190 0.000000 4.604549 0.002211 
648 4.286298 0.000000 0.311494 99.956862 0.000000 4.671236 -0.001319 
649 4.087480 0.000000 0.496290 100.481130 0.000000 6.147794 -0.013425 
650 3.789254 0.000000 -0.150496 99.252834 0.000000 0.000000 0.014887 
651 3.789254 0.000000 -0.242894 99.829236 0.000000 8.402799 -0.003648 
652 3.888662 0.000000 -0.150496 99.253421 0.000000 0.000000 0.014876 
653 1.602260 0.000000 0.219096 96.458306 0.000000 -0.310342 0.069570 
654 1.602260 0.000000 0.311494 96.437157 0.000000 -0.312503 0.069978 
655 1.950190 0.000000 -0.011899 96.118019 0.000000 -0.116734 0.076131 
656 1.950190 0.000000 -0.058098 96.150735 0.000000 -0.126569 0.075502 
657 1.999895 0.000000 -0.011899 96.581322 0.000000 -0.063084 0.067204 
658 1.875634 0.000000 0.011200 94.916493 0.000000 -0.094324 0.099085 
659 1.875634 0.000000 -0.011899 94.914160 0.000000 -0.094333 0.099129 
660 1.900486 0.000000 0.011200 95.613154 0.000000 -0.114888 0.085811 
661 1.776225 0.000000 0.011200 93.500358 0.000000 -0.125417 0.125767 
662 1.751373 0.000000 0.011200 94.062882 0.000000 -0.126174 0.115216 
663 1.776225 0.000000 -0.011899 93.491402 0.000000 -0.125232 0.125934 
664 1.353738 0.000000 0.080499 87.445701 0.000000 -0.238385 0.235319 
665 1.353738 0.000000 0.034300 85.139389 0.000000 -0.220235 0.275124 
666 1.353738 0.000000 0.126698 83.137186 0.000000 -0.215605 0.308816 
667 1.005807 0.000000 -0.150496 92.011835 0.000000 -0.268431 0.153375 
668 0.906398 0.000000 -0.150496 94.993135 0.000000 -0.322126 0.097620 
669 1.005807 0.000000 -0.242894 95.115605 0.000000 -0.416996 0.095285 
670 1.055511 0.000000 -0.011899 82.639049 0.000000 -0.089305 0.317078 
671 1.005807 0.000000 -0.011899 88.044212 0.000000 -0.149425 0.224819 
672 1.055511 0.000000 -0.058098 85.555382 0.000000 -0.146527 0.268026 
673 1.130068 0.000000 0.011200 79.572987 0.000000 -0.156028 0.366812 
674 1.105215 0.000000 0.011200 80.576218 0.000000 -0.129609 0.350746 
675 1.130068 0.000000 -0.011899 79.543018 0.000000 -0.155463 0.367288 
676 3.789254 0.000000 0.219096 98.380437 0.000000 0.679386 0.032083 
677 3.888662 0.000000 0.219096 98.964481 0.000000 0.724320 0.020551 
678 3.789254 0.000000 0.311494 99.173809 0.000000 4.027894 0.014833 
679 3.640140 0.000000 0.080499 99.096187 0.000000 -0.000000 0.017995 
680 3.689845 0.000000 0.080499 99.169917 0.000000 -0.000000 0.016533 
681 3.640140 0.000000 0.126698 99.118368 0.000000 -0.000000 0.017555 
682 3.640140 0.000000 -0.104297 99.112359 0.000000 -0.000000 0.017674 
683 3.640140 0.000000 -0.150496 99.123636 0.000000 -0.000000 0.017450 
684 3.689845 0.000000 -0.104297 99.171029 0.000000 -0.000000 0.016511 
685 3.515879 0.000000 -0.034999 99.061568 0.000000 -0.000000 0.018681 
686 3.491027 0.000000 -0.034999 99.005745 0.000000 -0.000000 0.019786 
687 3.515879 0.000000 -0.058098 99.042797 0.000000 -0.000000 0.019052 
688 3.441323 0.000000 -0.104297 98.985233 0.000000 -0.000000 0.020192 
689 3.391618 0.000000 -0.104297 98.922534 0.000000 0.000000 0.021433 
690 3.441323 0.000000 -0.150496 98.981530 0.000000 0.000000 0.020266 
691 3.341914 0.000000 -0.104297 98.893969 0.000000 -0.000000 0.021998 
692 3.341914 0.000000 -0.150496 98.872157 0.000000 -0.000000 0.022430 
693 3.466175 0.000000 0.011200 99.000869 0.000000 -0.000000 0.019883 
694 3.466175 0.000000 -0.011899 99.000844 0.000000 -0.000000 0.019883 
695 3.466175 0.000000 0.034300 98.991961 0.000000 -0.000000 0.020059 
696 3.143096 0.000000 0.080499 98.671723 0.000000 -0.000000 0.026389 
697 3.093392 0.000000 0.080499 98.517252 0.000000 -0.000000 0.029435 
698 3.143096 0.000000 0.126698 98.587930 0.000000 -0.000000 0.028042 
699 3.317062 0.000000 -0.034999 98.862891 0.000000 -0.000000 0.022613 
700 3.317062 0.000000 -0.058098 98.864095 0.000000 -0.000000 0.022589 
701 3.341914 0.000000 -0.034999 98.878539 0.000000 -0.000000 0.022303 
702 3.366766 0.000000 0.011200 98.914003 0.000000 -0.000000 0.021602 
703 3.366766 0.000000 -0.011899 98.913900 0.000000 -0.000000 0.021604 
704 3.366766 0.000000 0.034300 98.916233 0.000000 0.000000 0.021558 
705 3.143096 0.000000 -0.104297 98.651635 0.000000 -0.000000 0.026785 
706 3.093392 0.000000 -0.104297 98.375920 0.000000 -0.000000 0.032218 
707 3.143096 0.000000 -0.150496 98.282583 0.000000 -0.000000 0.034053 
708 3.217653 0.000000 -0.034999 98.782116 0.000000 -0.000000 0.024209 
709 3.192801 0.000000 -0.034999 98.738704 0.000000 -0.000000 0.025067 
710 3.217653 0.000000 -0.058098 98.785021 0.000000 -0.000000 0.024152 
711 2.993983 0.000000 0.219096 99.572610 0.000000 -3.794078 0.007090 
712 2.894574 0.000000 0.219096 99.781829 0.000000 -4.444104 0.002384 
713 2.993983 0.000000 0.311494 100.239944 0.000000 -0.340345 -0.004816 
714 2.795165 0.000000 -0.150496 98.013281 0.000000 0.000000 0.039340 
715 2.695757 0.000000 -0.150496 97.908090 0.000000 0.000000 0.041401 
716 2.795165 0.000000 -0.242894 96.794846 0.000000 4.976984 0.060599 
717 1.353738 0.000000 -0.011899 79.344152 0.000000 -0.162107 0.370448 
718 1.353738 0.000000 -0.058098 79.799253 0.000000 -0.182206 0.363205 
719 1.403442 0.000000 -0.011899 82.617327 0.000000 -0.162105 0.317435 
720 1.453146 0.000000 -0.011899 80.661129 0.000000 -0.084199 0.349378 
721 1.453146 0.000000 -0.058098 84.129030 0.000000 -0.150685 0.292228 
722 1.502851 0.000000 -0.011899 88.983948 0.000000 -0.142509 0.208184 
723 3.466175 0.000000 -0.034999 98.991947 0.000000 -0.000000 0.020059 
724 3.441323 0.000000 -0.034999 98.969197 0.000000 0.000000 0.020510 
725 3.466175 0.000000 -0.058098 98.991375 0.000000 -0.000000 0.020071 
726 3.366766 0.000000 -0.034999 98.916241 0.000000 0.000000 0.021558 
727 3.366766 0.000000 -0.058098 98.916568 0.000000 0.000000 0.021551 
728 3.391618 0.000000 -0.034999 98.944061 0.000000 -0.000000 0.021007 
729 2.795165 0.000000 0.219096 100.030256 0.000000 -5.107058 -0.003213 
730 2.695757 0.000000 0.219096 100.328178 0.000000 -5.764854 -0.009898 
731 2.795165 0.000000 0.311494 100.645288 0.000000 -1.429064 -0.013152 
732 2.596348 0.000000 0.219096 98.764367 0.000000 -0.181160 0.024557 
733 2.496939 0.000000 0.219096 98.715281 0.000000 -0.170185 0.025526 
734 2.596348 0.000000 0.311494 98.769021 0.000000 -0.182462 0.024465 
735 2.596348 0.000000 -0.150496 97.948795 0.000000 -0.025599 0.040603 
736 2.496939 0.000000 -0.150496 98.062571 0.000000 -0.057320 0.038373 
737 2.596348 0.000000 -0.242894 95.935953 0.000000 4.797362 0.077328 
738 3.416470 0.000000 -0.034999 98.958384 0.000000 -0.000000 0.020724 
739 3.416470 0.000000 -0.058098 98.953467 0.000000 -0.000000 0.020821 
1 19 21 9 22 
2 20 19 22 4 
3 28 29 3 30 
4 21 28 30 9 
5 35 37 21 38 
6 36 35 38 19 
7 44 45 28 46 
8 37 44 46 21 
9 51 53 37 54 
10 52 51 54 35 
11 60 61 44 62 
12 53 60 62 37 
13 67 69 53 70 
14 68 67 70 51 
15 76 77 60 78 
16 69 76 78 53 
17 83 85 69 86 
18 84 83 86 67 
19 11 94 92 93 
20 94 10 24 92 
21 92 24 14 95 
22 93 92 95 6 
23 24 98 96 97 
24 98 23 40 96 
25 96 40 27 99 
26 97 96 99 14 
27 40 102 100 101 
28 102 39 56 100 
29 100 56 43 103 
30 101 100 103 27 
31 56 106 104 105 
32 106 55 72 104 
33 104 72 59 107 
34 105 104 107 43 
35 72 110 108 109 
36 109 108 111 59 
37 112 113 76 114 
38 85 112 114 69 
39 115 117 85 118 
40 116 115 118 83 
41 132 133 112 134 
42 117 132 134 85 
43 136 124 137 135 
44 135 137 127 138 
45 15 140 139 33 
46 140 17 141 139 
47 139 141 8 142 
48 33 139 142 18 
49 31 144 143 49 
50 144 33 145 143 
51 143 145 18 146 
52 49 143 146 34 
53 148 49 149 147 
54 147 149 34 150 
55 124 160 159 137 
56 137 159 162 127 
57 18 142 163 45 
58 142 8 164 163 
59 163 164 29 165 
60 45 163 165 28 
61 34 146 166 61 
62 146 18 167 166 
63 166 167 45 168 
64 61 166 168 44 
65 150 34 170 169 
66 169 170 61 171 
67 77 169 171 60 
68 172 173 77 174 
69 113 172 174 76 
70 175 176 113 177 
71 133 175 177 112 
72 186 187 172 188 
73 176 186 188 113 
74 194 196 117 197 
75 195 194 197 115 
76 138 127 204 203 
77 203 204 132 205 
78 196 203 205 117 
79 207 135 208 206 
80 206 208 138 209 
81 131 202 210 211 
82 202 5 212 210 
83 210 212 196 213 
84 211 210 213 194 
85 214 217 5 218 
86 215 214 218 202 
87 122 221 219 220 
88 221 128 199 219 
89 219 199 131 222 
90 220 219 222 91 
91 199 225 223 224 
92 223 215 202 226 
93 224 223 226 131 
94 12 229 227 228 
95 229 7 230 227 
96 227 230 13 25 
97 228 227 25 10 
98 25 233 231 232 
99 233 13 234 231 
100 231 234 26 41 
101 232 231 41 23 
102 41 237 235 236 
103 237 26 238 235 
104 235 238 42 57 
105 236 235 57 39 
106 57 241 239 240 
107 241 42 242 239 
108 239 242 58 73 
109 240 239 73 55 
110 73 245 243 244 
111 245 58 246 243 
112 243 246 74 89 
113 244 243 89 71 
114 89 249 247 248 
115 249 74 250 247 
116 247 250 90 129 
117 248 247 129 87 
118 129 253 251 252 
119 253 90 254 251 
120 251 254 130 200 
121 252 251 200 128 
122 200 257 255 256 
123 257 130 258 255 
124 198 261 259 260 
125 259 262 214 263 
126 260 259 263 215 
127 128 266 264 265 
128 266 200 256 264 
129 265 264 225 199 
130 256 269 267 268 
131 269 255 270 267 
132 267 270 216 261 
133 268 267 261 198 
134 5 209 271 212 
135 209 138 272 271 
136 271 272 203 273 
137 212 271 273 196 
138 201 275 274 217 
139 275 206 276 274 
140 274 276 209 277 
141 217 274 277 5 
142 216 279 278 262 
143 279 201 280 278 
144 278 280 217 281 
145 262 278 281 214 
146 261 284 282 283 
147 284 216 285 282 
148 282 285 262 286 
149 283 282 286 259 
150 225 289 287 288 
151 289 198 260 287 
152 287 260 215 290 
153 288 287 290 223 
154 6 95 291 292 
155 95 14 36 291 
156 291 36 19 293 
157 292 291 293 20 
158 14 99 294 295 
159 99 27 52 294 
160 294 52 35 296 
161 295 294 296 36 
162 27 103 297 298 
163 103 43 68 297 
164 297 68 51 299 
165 298 297 299 52 
166 43 107 300 301 
167 107 59 84 300 
168 300 84 67 302 
169 301 300 302 68 
170 59 111 303 304 
171 303 116 83 305 
172 304 303 305 84 
173 306 195 115 308 
174 307 306 308 116 
175 123 312 313 314 
176 312 91 315 313 
177 313 315 195 316 
178 314 313 316 306 
179 309 319 317 318 
180 319 220 320 317 
181 317 320 91 321 
182 318 317 321 312 
183 108 324 322 323 
184 323 322 325 111 
185 111 325 330 331 
186 330 307 116 332 
187 331 330 332 303 
188 75 329 333 334 
189 329 123 314 333 
190 333 314 306 335 
191 334 333 335 307 
192 326 338 336 337 
193 338 310 339 336 
194 336 339 123 340 
195 337 336 340 329 
196 322 343 341 342 
197 342 341 344 325 
198 345 337 329 348 
199 346 345 348 75 
200 71 351 349 350 
201 351 89 248 349 
202 349 248 87 121 
203 350 349 121 88 
204 88 354 352 353 
205 354 121 355 352 
206 352 355 119 328 
207 353 352 328 120 
208 120 358 356 357 
209 358 328 359 356 
210 362 326 363 360 
211 360 363 337 364 
212 361 360 364 345 
213 325 344 365 366 
214 344 75 334 365 
215 365 334 307 367 
216 366 365 367 330 
217 341 370 368 369 
218 370 327 346 368 
219 368 346 75 371 
220 369 368 371 344 
221 327 374 372 373 
222 374 347 361 372 
223 372 361 345 375 
224 373 372 375 346 
225 328 377 376 359 
226 377 119 378 376 
227 376 378 310 338 
228 359 376 338 326 
229 356 381 379 380 
230 381 359 382 379 
231 379 382 326 362 
232 380 379 362 347 
233 347 385 383 384 
234 385 362 386 383 
235 383 386 360 387 
236 384 383 387 361 
237 391 393 186 394 
238 392 391 394 176 
239 400 392 176 402 
240 401 400 402 175 
241 7 408 407 230 
242 408 16 409 407 
243 407 409 15 32 
244 230 407 32 13 
245 13 411 410 234 
246 411 32 412 410 
247 410 412 31 48 
248 234 410 48 26 
249 26 414 413 238 
250 414 48 415 413 
251 413 415 47 64 
252 238 413 64 42 
253 64 418 416 417 
254 418 47 419 416 
255 416 419 65 152 
256 417 416 152 63 
257 63 422 420 421 
258 422 152 423 420 
259 420 423 151 183 
260 421 420 183 81 
261 81 426 424 425 
262 426 183 427 424 
263 424 427 182 191 
264 425 424 191 157 
265 157 430 428 429 
266 430 191 431 428 
267 65 438 437 153 
268 438 147 439 437 
269 437 439 150 440 
270 153 437 440 50 
271 151 442 441 184 
272 442 153 443 441 
273 441 443 50 444 
274 184 441 444 154 
275 182 446 445 192 
276 446 184 447 445 
277 445 447 154 448 
278 192 445 448 185 
279 189 450 449 398 
280 450 192 451 449 
281 449 451 185 452 
282 398 449 452 193 
283 397 454 453 435 
284 454 189 455 453 
285 453 455 398 456 
286 435 453 456 395 
287 66 399 457 458 
288 399 193 459 457 
289 457 459 391 460 
290 458 457 460 392 
291 396 436 461 462 
292 436 395 463 461 
293 461 463 399 464 
294 462 461 464 66 
295 467 435 468 465 
296 465 468 395 469 
297 466 465 469 436 
298 42 471 470 242 
299 471 64 417 470 
300 470 417 63 80 
301 242 470 80 58 
302 80 474 472 473 
303 474 63 421 472 
304 472 421 81 156 
305 473 472 156 79 
306 156 477 475 476 
307 477 81 425 475 
308 475 425 157 389 
309 476 475 389 155 
310 389 480 478 479 
311 480 157 429 478 
312 433 487 485 486 
313 487 432 466 485 
314 485 466 436 488 
315 486 485 488 396 
316 429 491 489 490 
317 491 428 492 489 
318 489 492 397 434 
319 490 489 434 190 
320 434 495 493 494 
321 495 397 496 493 
322 493 496 435 467 
323 494 493 467 432 
324 432 499 497 498 
325 499 467 500 497 
326 497 500 465 501 
327 498 497 501 466 
328 390 406 510 511 
329 406 66 458 510 
330 510 458 392 512 
331 511 510 512 400 
332 403 484 513 514 
333 484 396 462 513 
334 513 462 66 515 
335 514 513 515 406 
336 482 518 516 517 
337 518 481 519 516 
338 516 519 484 520 
339 517 516 520 403 
340 155 523 521 522 
341 523 389 479 521 
342 404 509 528 529 
343 509 403 514 528 
344 528 514 406 530 
345 529 528 530 390 
346 507 533 531 532 
347 533 506 534 531 
348 531 534 509 535 
349 532 531 535 404 
350 536 401 175 538 
351 537 536 538 133 
352 158 505 539 540 
353 505 390 511 539 
354 539 511 400 541 
355 540 539 541 401 
356 502 527 542 543 
357 527 404 529 542 
358 542 529 390 544 
359 543 542 544 505 
360 547 507 532 545 
361 545 532 404 548 
362 546 545 548 527 
363 178 551 549 550 
364 551 180 503 549 
365 549 503 158 552 
366 550 549 552 181 
367 180 555 553 554 
368 555 504 525 553 
369 553 525 502 556 
370 554 553 556 503 
371 525 559 557 558 
372 559 524 546 557 
373 557 546 527 560 
374 558 557 560 502 
375 521 563 561 562 
376 563 479 564 561 
377 561 564 388 526 
378 562 561 526 504 
379 526 567 565 566 
380 567 388 568 565 
381 565 568 507 547 
382 566 565 547 524 
383 524 571 569 570 
384 571 547 572 569 
385 569 572 545 573 
386 570 569 573 546 
387 127 162 574 204 
388 574 537 133 575 
389 204 574 575 132 
390 159 578 576 577 
391 578 161 579 576 
392 576 579 82 580 
393 577 576 580 162 
394 50 440 581 173 
395 440 150 582 581 
396 581 582 169 583 
397 173 581 583 77 
398 1 586 584 585 
399 586 12 228 584 
400 584 228 10 94 
401 585 584 94 11 
402 16 588 587 409 
403 588 2 589 587 
404 587 589 17 140 
405 409 587 140 15 
406 10 592 590 591 
407 592 25 232 590 
408 590 232 23 98 
409 591 590 98 24 
410 32 594 593 412 
411 594 15 595 593 
412 593 595 33 144 
413 412 593 144 31 
414 23 598 596 597 
415 598 41 236 596 
416 596 236 39 102 
417 597 596 102 40 
418 48 600 599 415 
419 600 31 601 599 
420 599 601 49 148 
421 415 599 148 47 
422 39 604 602 603 
423 604 57 240 602 
424 602 240 55 106 
425 603 602 106 56 
426 55 607 605 606 
427 607 73 244 605 
428 605 244 71 110 
429 606 605 110 72 
430 58 609 608 246 
431 609 80 473 608 
432 608 473 79 125 
433 246 608 125 74 
434 110 612 610 611 
435 612 71 350 610 
436 610 350 88 324 
437 611 610 324 108 
438 121 614 613 355 
439 614 87 615 613 
440 613 615 122 311 
441 355 613 311 119 
442 74 617 616 250 
443 617 125 618 616 
444 616 618 124 136 
445 250 616 136 90 
446 125 620 619 618 
447 620 79 621 619 
448 619 621 126 160 
449 618 619 160 124 
450 87 623 622 615 
451 623 129 252 622 
452 622 252 128 221 
453 615 622 221 122 
454 90 625 624 254 
455 625 136 626 624 
456 624 626 135 207 
457 254 624 207 130 
458 47 628 627 419 
459 628 148 629 627 
460 627 629 147 438 
461 419 627 438 65 
462 152 631 630 423 
463 631 65 632 630 
464 630 632 153 442 
465 423 630 442 151 
466 79 634 633 621 
467 634 156 476 633 
468 633 476 155 179 
469 621 633 179 126 
470 154 444 635 187 
471 444 50 636 635 
472 635 636 173 637 
473 187 635 637 172 
474 179 640 638 639 
475 640 155 522 638 
476 638 522 180 551 
477 639 638 551 178 
478 161 642 641 579 
479 642 178 550 641 
480 641 550 181 643 
481 579 641 643 82 
482 183 645 644 427 
483 645 151 646 644 
484 644 646 184 446 
485 427 644 446 182 
486 185 448 647 393 
487 448 154 648 647 
488 647 648 187 649 
489 393 647 649 186 
490 191 651 650 431 
491 651 182 652 650 
492 650 652 192 450 
493 431 650 450 189 
494 91 222 653 315 
495 222 131 211 653 
496 653 211 194 654 
497 315 653 654 195 
498 130 656 655 258 
499 656 207 657 655 
500 655 657 206 275 
501 258 655 275 201 
502 255 659 658 270 
503 659 258 660 658 
504 658 660 201 279 
505 270 658 279 216 
506 264 663 661 662 
507 663 256 268 661 
508 661 268 198 289 
509 662 661 289 225 
510 310 665 664 339 
511 665 309 318 664 
512 664 318 312 666 
513 339 664 666 123 
514 324 669 667 668 
515 669 88 353 667 
516 667 353 120 343 
517 668 667 343 322 
518 343 672 670 671 
519 672 120 357 670 
520 670 357 327 370 
521 671 670 370 341 
522 357 675 673 674 
523 675 356 380 673 
524 673 380 347 374 
525 674 673 374 327 
526 193 452 676 459 
527 452 185 677 676 
528 676 677 393 678 
529 459 676 678 391 
530 395 456 679 463 
531 456 398 680 679 
532 679 680 193 681 
533 463 679 681 399 
534 428 683 682 492 
535 683 431 684 682 
536 682 684 189 454 
537 492 682 454 397 
538 190 687 685 686 
539 687 434 494 685 
540 685 494 432 487 
541 686 685 487 433 
542 478 690 688 689 
543 690 429 490 688 
544 688 490 190 483 
545 689 688 483 405 
546 479 692 691 564 
547 692 478 689 691 
548 691 689 405 508 
549 564 691 508 388 
550 481 694 693 519 
551 694 433 486 693 
552 693 486 396 695 
553 519 693 695 484 
554 503 556 696 697 
555 556 502 543 696 
556 696 543 505 698 
557 697 696 698 158 
558 388 700 699 568 
559 700 508 701 699 
560 699 701 506 533 
561 568 699 533 507 
562 506 703 702 534 
563 703 482 517 702 
564 702 517 403 704 
565 534 702 704 509 
566 522 707 705 706 
567 707 521 562 705 
568 705 562 504 555 
569 706 705 555 180 
570 504 710 708 709 
571 710 526 566 708 
572 708 566 524 559 
573 709 708 559 525 
574 181 552 711 712 
575 552 158 540 711 
576 711 540 401 713 
577 712 711 713 536 
578 126 716 714 715 
579 716 179 639 714 
580 714 639 178 642 
581 715 714 642 161 
582 119 718 717 378 
583 718 311 719 717 
584 717 719 309 665 
585 378 717 665 310 
586 311 721 720 719 
587 721 122 722 720 
588 720 722 220 319 
589 719 720 319 309 
590 483 725 723 724 
591 725 190 686 723 
592 723 686 433 694 
593 724 723 694 481 
594 508 727 726 701 
595 727 405 728 726 
596 726 728 482 703 
597 701 726 703 506 
598 82 643 729 730 
599 643 181 712 729 
600 729 712 536 731 
601 730 729 731 537 
602 162 580 732 733 
603 580 82 730 732 
604 732 730 537 734 
605 733 732 734 574 
606 160 737 735 736 
607 737 126 715 735 
608 735 715 161 578 
609 736 735 578 159 
610 405 739 738 728 
611 739 483 724 738 
612 738 724 481 518 
613 728 738 518 482 
