2 0.000000 100.000000 473.401889
686 565 
1 -26.291479 0.000000 -26.268069 97.018718 0.000000 24.196049 0.000192 
2 29.414870 0.000000 -26.268069 97.026979 0.000000 24.139869 0.000303 
3 29.414870 0.000000 26.499305 97.075800 0.000000 24.042867 -0.000177 
4 -26.291479 0.000000 26.499305 97.045901 0.000000 24.193871 -0.000325 
5 1.561696 0.000000 0.115618 91.419445 0.000000 -0.754526 0.164192 
6 -26.291479 0.000000 0.115618 97.034088 0.000000 24.210697 -0.000177 
7 1.561696 0.000000 -26.268069 96.997504 0.000000 24.159965 0.000778 
8 29.414870 0.000000 0.115618 97.231845 0.000000 23.348511 0.000082 
9 1.561696 0.000000 26.499305 97.081871 0.000000 24.140160 -0.000764 
10 -12.364892 0.000000 -13.076225 96.985229 0.000000 24.207426 0.000787 
11 -26.291479 0.000000 -13.076225 97.020268 0.000000 24.204424 0.000121 
12 -12.364892 0.000000 -26.268069 97.005823 0.000000 24.188080 0.000481 
13 1.561696 0.000000 -13.076225 96.905124 0.000000 24.062972 0.003037 
14 -12.364892 0.000000 0.115618 97.047654 0.000000 24.267589 -0.000716 
15 15.488283 0.000000 -13.076225 97.019489 0.000000 23.993989 0.001151 
16 15.488283 0.000000 -26.268069 97.012815 0.000000 24.138144 0.000586 
17 29.414870 0.000000 -13.076225 97.047487 0.000000 24.049607 0.000340 
18 15.488283 0.000000 0.115618 97.531663 0.000000 22.071988 0.000040 
19 -12.364892 0.000000 13.307462 97.095847 0.000000 24.198575 -0.001317 
20 -26.291479 0.000000 13.307462 97.046601 0.000000 24.202676 -0.000381 
21 1.561696 0.000000 13.307462 97.231854 0.000000 23.989315 -0.002952 
22 -12.364892 0.000000 26.499305 97.064002 0.000000 24.181655 -0.000617 
23 -5.401598 0.000000 -6.480304 96.850349 0.000000 24.247283 0.003208 
24 -12.364892 0.000000 -6.480304 96.990944 0.000000 24.241963 0.000508 
25 -5.401598 0.000000 -13.076225 96.934530 0.000000 24.174735 0.001928 
26 1.561696 0.000000 -6.480304 96.588369 0.000000 23.750295 0.010661 
27 -5.401598 0.000000 0.115618 97.094373 0.000000 24.497091 -0.002742 
28 15.488283 0.000000 13.307462 97.192409 0.000000 23.671820 -0.000672 
29 29.414870 0.000000 13.307462 97.282915 0.000000 23.197736 -0.000210 
30 15.488283 0.000000 26.499305 97.078135 0.000000 24.088684 -0.000443 
31 8.524989 0.000000 -6.480304 96.991415 0.000000 23.518706 0.003954 
32 8.524989 0.000000 -13.076225 96.969390 0.000000 23.985889 0.002161 
33 15.488283 0.000000 -6.480304 97.090933 0.000000 23.692193 0.001203 
34 8.524989 0.000000 0.115618 98.040387 0.000000 19.520257 0.000704 
35 -5.401598 0.000000 6.711540 97.293301 0.000000 24.213404 -0.005228 
36 -12.364892 0.000000 6.711540 97.099049 0.000000 24.234911 -0.001556 
37 1.561696 0.000000 6.711540 97.700605 0.000000 23.550592 -0.010004 
38 -5.401598 0.000000 13.307462 97.165543 0.000000 24.148292 -0.002428 
39 -1.919951 0.000000 -3.182343 96.362157 0.000000 24.421274 0.011794 
40 -5.401598 0.000000 -3.182343 96.870726 0.000000 24.388192 0.002128 
41 -1.919951 0.000000 -6.480304 96.668809 0.000000 24.120201 0.007336 
42 1.561696 0.000000 -3.182343 95.704848 0.000000 22.969105 0.031300 
43 -1.919951 0.000000 0.115618 97.191010 0.000000 25.360740 -0.008926 
44 8.524989 0.000000 6.711540 97.489070 0.000000 22.783942 -0.002323 
45 15.488283 0.000000 6.711540 97.577531 0.000000 22.075077 -0.000868 
46 8.524989 0.000000 13.307462 97.206225 0.000000 23.813351 -0.001613 
47 5.043342 0.000000 -3.182343 96.829692 0.000000 22.340320 0.012492 
48 5.043342 0.000000 -6.480304 96.805201 0.000000 23.497003 0.007664 
49 8.524989 0.000000 -3.182343 97.178118 0.000000 22.747307 0.003897 
50 5.043342 0.000000 0.115618 97.895233 0.000000 19.450462 0.003820 
51 -1.919951 0.000000 3.413579 97.936669 0.000000 24.332925 -0.018368 
52 -5.401598 0.000000 3.413579 97.300238 0.000000 24.362489 -0.006087 
53 1.561696 0.000000 3.413579 98.822340 0.000000 22.720701 -0.028209 
54 -1.919951 0.000000 6.711540 97.535671 0.000000 24.043212 -0.009128 
55 -0.179128 0.000000 -1.533362 94.706144 0.000000 24.921170 0.040968 
56 -1.919951 0.000000 -1.533362 96.411096 0.000000 24.958340 0.008198 
57 -0.179128 0.000000 -3.182343 95.796770 0.000000 23.993182 0.024731 
58 1.561696 0.000000 -1.533362 93.997931 0.000000 21.225699 0.071386 
59 -0.179128 0.000000 0.115618 96.581620 0.000000 26.776919 -0.004501 
60 5.043342 0.000000 3.413579 98.011341 0.000000 21.530365 -0.006978 
61 8.524989 0.000000 3.413579 97.831444 0.000000 21.270189 -0.002341 
62 5.043342 0.000000 6.711540 97.581935 0.000000 23.078943 -0.005487 
63 3.302519 0.000000 -1.533362 96.182486 0.000000 20.308251 0.033650 
64 3.302519 0.000000 -3.182343 96.307001 0.000000 22.353722 0.022527 
65 5.043342 0.000000 -1.533362 97.187526 0.000000 20.793893 0.012220 
66 3.302519 0.000000 0.115618 96.026558 0.000000 23.610280 0.022145 
67 -0.179128 0.000000 1.764599 99.707318 0.000000 24.816120 -0.055739 
68 -1.919951 0.000000 1.764599 97.943211 0.000000 24.880728 -0.021192 
69 1.561696 0.000000 1.764599 100.496043 0.000000 21.780005 -0.057382 
70 -0.179128 0.000000 3.413579 98.583357 0.000000 23.831586 -0.028662 
71 0.691284 0.000000 -0.708872 77.934093 0.000000 -2.047492 0.392208 
72 -0.179128 0.000000 -0.708872 94.454320 0.000000 27.137310 0.034195 
73 0.691284 0.000000 -1.533362 93.452609 0.000000 23.320076 0.072278 
74 1.561696 0.000000 -0.708872 95.937513 0.000000 -0.672410 0.079554 
75 0.691284 0.000000 0.115618 71.604375 0.000000 -1.058870 0.487169 
76 -19.328185 0.000000 -6.480304 97.018467 0.000000 24.219943 0.000081 
77 -26.291479 0.000000 -6.480304 97.025666 0.000000 24.209011 -0.000006 
78 -19.328185 0.000000 -13.076225 97.010013 0.000000 24.208158 0.000302 
79 -19.328185 0.000000 0.115618 97.037629 0.000000 24.225460 -0.000317 
80 -8.883245 0.000000 -3.182343 96.981494 0.000000 24.307564 0.000373 
81 -12.364892 0.000000 -3.182343 97.013011 0.000000 24.260473 -0.000009 
82 -8.883245 0.000000 -6.480304 96.938826 0.000000 24.270521 0.001381 
83 -8.883245 0.000000 0.115618 97.061896 0.000000 24.333749 -0.001314 
84 -3.660775 0.000000 -1.533362 96.831136 0.000000 24.641157 0.001654 
85 -5.401598 0.000000 -1.533362 96.956984 0.000000 24.466920 0.000071 
86 -3.660775 0.000000 -3.182343 96.706382 0.000000 24.445366 0.005030 
87 -3.660775 0.000000 0.115618 97.129518 0.000000 24.735501 -0.004599 
88 -1.049540 0.000000 -0.708872 96.254348 0.000000 25.851052 0.006682 
89 -1.919951 0.000000 -0.708872 96.717884 0.000000 25.232900 0.000895 
90 -1.049540 0.000000 -1.533362 95.843645 0.000000 25.131844 0.018239 
91 -1.049540 0.000000 0.115618 97.151673 0.000000 26.120800 -0.012074 
92 3.302519 0.000000 1.764599 98.715118 0.000000 20.919117 -0.018228 
93 5.043342 0.000000 1.764599 97.809467 0.000000 21.391194 -0.002428 
94 3.302519 0.000000 3.413579 98.390202 0.000000 21.880425 -0.015938 
95 0.691284 0.000000 0.940108 103.568103 0.000000 25.087915 -0.135576 
96 -0.179128 0.000000 0.940108 99.915338 0.000000 26.948437 -0.070929 
97 1.561696 0.000000 0.940108 101.576572 0.000000 22.044583 -0.080376 
98 0.691284 0.000000 1.764599 100.738440 0.000000 23.489056 -0.069997 
99 0.256078 0.000000 -0.296627 72.647844 0.000000 -2.555021 0.471576 
100 -0.179128 0.000000 -0.296627 96.634753 0.000000 28.394499 -0.014452 
101 0.256078 0.000000 -0.708872 81.717238 0.000000 -4.826733 0.329900 
102 0.691284 0.000000 -0.296627 82.263664 0.000000 -1.737236 0.322967 
103 0.256078 0.000000 0.115618 89.437955 0.000000 -0.891233 0.200006 
104 2.432107 0.000000 -0.708872 95.027984 0.000000 17.876685 0.065011 
105 2.432107 0.000000 -1.533362 95.237893 0.000000 20.463395 0.051099 
106 3.302519 0.000000 -0.708872 96.447747 0.000000 18.085170 0.037076 
107 2.432107 0.000000 0.115618 97.415975 0.000000 0.000000 0.051013 
108 1.126490 0.000000 -0.296627 84.620026 0.000000 -1.523676 0.283713 
109 1.126490 0.000000 -0.708872 84.321789 0.000000 -1.556996 0.288741 
110 1.561696 0.000000 -0.296627 86.118457 0.000000 -1.410150 0.258162 
111 1.126490 0.000000 0.115618 82.126012 0.000000 -1.239171 0.325378 
112 -19.328185 0.000000 6.711540 97.055655 0.000000 24.217603 -0.000629 
113 -26.291479 0.000000 6.711540 97.042139 0.000000 24.207990 -0.000320 
114 -19.328185 0.000000 13.307462 97.061554 0.000000 24.204526 -0.000680 
115 -8.883245 0.000000 3.413579 97.137940 0.000000 24.298476 -0.002620 
116 -12.364892 0.000000 3.413579 97.080834 0.000000 24.256354 -0.001306 
117 -8.883245 0.000000 6.711540 97.171573 0.000000 24.257073 -0.003072 
118 -3.660775 0.000000 1.764599 97.415757 0.000000 24.611203 -0.009554 
119 -5.401598 0.000000 1.764599 97.226885 0.000000 24.451955 -0.005097 
120 -3.660775 0.000000 3.413579 97.513184 0.000000 24.398529 -0.010411 
121 -1.049540 0.000000 0.940108 98.198644 0.000000 25.818090 -0.030955 
122 -1.919951 0.000000 0.940108 97.677911 0.000000 25.239173 -0.017799 
123 -1.049540 0.000000 1.764599 98.584873 0.000000 25.024205 -0.034519 
124 0.256078 0.000000 0.527863 70.322477 0.000000 -2.699435 0.504746 
125 -0.179128 0.000000 0.527863 98.759836 0.000000 28.851936 -0.058594 
126 0.691284 0.000000 0.527863 82.654571 0.000000 -1.703885 0.316532 
127 0.256078 0.000000 0.940108 101.936471 0.000000 26.780327 -0.110823 
128 0.473681 0.000000 -0.090504 89.965574 0.000000 -0.864319 0.190545 
129 0.256078 0.000000 -0.090504 91.123820 0.000000 -0.695397 0.169597 
130 0.473681 0.000000 -0.296627 80.270740 0.000000 -1.889762 0.355304 
131 0.691284 0.000000 -0.090504 70.878477 0.000000 -1.009538 0.497522 
132 0.473681 0.000000 0.115618 89.331812 0.000000 -0.936133 0.201895 
133 2.432107 0.000000 0.940108 99.743900 0.000000 21.520426 -0.041197 
134 3.302519 0.000000 0.940108 99.886708 0.000000 17.065710 -0.026859 
135 2.432107 0.000000 1.764599 99.562633 0.000000 20.994471 -0.035349 
136 1.126490 0.000000 0.527863 84.481853 0.000000 -1.539219 0.286045 
137 1.561696 0.000000 0.527863 90.823021 0.000000 -0.768620 0.175059 
138 1.126490 0.000000 0.940108 103.218650 0.000000 22.939306 -0.118030 
139 0.908887 0.000000 -0.090504 69.356859 0.000000 -1.048603 0.518853 
140 0.908887 0.000000 -0.296627 83.283443 0.000000 -1.638071 0.306118 
141 1.126490 0.000000 -0.090504 83.489468 0.000000 -1.070478 0.302836 
142 0.908887 0.000000 0.115618 70.015714 0.000000 -1.082424 0.509663 
143 1.996901 0.000000 -0.296627 96.579713 0.000000 -0.632096 0.067196 
144 1.996901 0.000000 -0.708872 94.220509 0.000000 17.962774 0.079983 
145 2.432107 0.000000 -0.296627 94.687197 0.000000 16.964542 0.074654 
146 1.996901 0.000000 0.115618 96.980787 0.000000 -0.192629 0.059469 
147 1.344093 0.000000 -0.090504 89.340309 0.000000 -0.969463 0.201737 
148 1.344093 0.000000 -0.296627 85.656218 0.000000 -1.443022 0.266093 
149 1.561696 0.000000 -0.090504 92.541494 0.000000 -0.613456 0.143570 
150 1.344093 0.000000 0.115618 89.141453 0.000000 -0.997274 0.205281 
151 0.908887 0.000000 0.321741 83.260535 0.000000 -1.639200 0.306500 
152 0.691284 0.000000 0.321741 82.205216 0.000000 -1.742168 0.323927 
153 1.126490 0.000000 0.321741 84.655310 0.000000 -1.520056 0.283117 
154 0.908887 0.000000 0.527863 83.470939 0.000000 -1.626374 0.302996 
155 1.017688 0.000000 0.012557 71.016910 0.000000 -0.633007 0.495620 
156 0.908887 0.000000 0.012557 76.613595 0.000000 -0.612845 0.412998 
157 1.017688 0.000000 -0.090504 77.607182 0.000000 -1.109766 0.397589 
158 1.126490 0.000000 0.012557 83.441462 0.000000 -0.433159 0.303733 
159 1.017688 0.000000 0.115618 78.069884 0.000000 -1.141624 0.390379 
160 -5.401598 0.000000 -19.672147 96.978791 0.000000 24.171963 0.001083 
161 -12.364892 0.000000 -19.672147 96.996098 0.000000 24.192637 0.000647 
162 -5.401598 0.000000 -26.268069 96.999041 0.000000 24.176334 0.000669 
163 1.561696 0.000000 -19.672147 96.973159 0.000000 24.135094 0.001370 
164 -1.919951 0.000000 -9.778264 96.827172 0.000000 24.107995 0.004330 
165 -5.401598 0.000000 -9.778264 96.877450 0.000000 24.201656 0.002904 
166 -1.919951 0.000000 -13.076225 96.911316 0.000000 24.126826 0.002609 
167 1.561696 0.000000 -9.778264 96.817256 0.000000 23.968406 0.005193 
168 -0.179128 0.000000 -4.831323 96.326533 0.000000 23.914820 0.014928 
169 -1.919951 0.000000 -4.831323 96.520358 0.000000 24.195857 0.009838 
170 -0.179128 0.000000 -6.480304 96.584021 0.000000 23.961487 0.009737 
171 1.561696 0.000000 -4.831323 96.314494 0.000000 23.496226 0.017145 
172 0.691284 0.000000 -2.357852 94.902857 0.000000 23.408310 0.044550 
173 -0.179128 0.000000 -2.357852 95.354353 0.000000 24.226215 0.032064 
174 0.691284 0.000000 -3.182343 95.630240 0.000000 23.506111 0.030232 
175 1.561696 0.000000 -2.357852 95.098194 0.000000 22.457587 0.045199 
176 1.126490 0.000000 -1.121117 92.229334 0.000000 21.227597 0.104314 
177 0.691284 0.000000 -1.121117 91.948602 0.000000 23.229986 0.100582 
178 1.126490 0.000000 -1.533362 93.525490 0.000000 22.137432 0.076292 
179 1.561696 0.000000 -1.121117 93.317160 0.000000 20.019050 0.089115 
180 0.908887 0.000000 -0.502749 83.488095 0.000000 -1.625609 0.302710 
181 0.691284 0.000000 -0.502749 82.706416 0.000000 -1.699626 0.315676 
182 0.908887 0.000000 -0.708872 83.643525 0.000000 -1.615980 0.300115 
183 1.126490 0.000000 -0.502749 84.448603 0.000000 -1.542644 0.286605 
184 1.017688 0.000000 -0.193566 83.945612 0.000000 -1.576990 0.295065 
185 0.908887 0.000000 -0.193566 83.180446 0.000000 -1.644234 0.307831 
186 1.017688 0.000000 -0.296627 83.951938 0.000000 -1.579232 0.294958 
187 1.126490 0.000000 -0.193566 84.708467 0.000000 -1.514074 0.282218 
188 1.996901 0.000000 0.527863 97.262429 0.000000 -0.629819 0.053962 
189 2.432107 0.000000 0.527863 101.568100 0.000000 10.983437 -0.043671 
190 1.996901 0.000000 0.940108 100.349873 0.000000 21.970572 -0.055280 
191 1.344093 0.000000 0.321741 85.725090 0.000000 -1.437189 0.264914 
192 1.561696 0.000000 0.321741 86.184637 0.000000 -1.404833 0.257023 
193 1.344093 0.000000 0.527863 85.310554 0.000000 -1.473048 0.271994 
194 1.235291 0.000000 0.012557 93.857929 0.000000 -0.498882 0.119044 
195 1.235291 0.000000 -0.090504 85.123406 0.000000 -1.013273 0.275298 
196 1.344093 0.000000 0.012557 91.995579 0.000000 -0.630308 0.153642 
197 1.235291 0.000000 0.115618 85.105850 0.000000 -1.041772 0.275591 
198 1.072089 0.000000 -0.038974 73.435039 0.000000 -0.757812 0.460672 
199 1.017688 0.000000 -0.038974 73.002080 0.000000 -0.780124 0.467009 
200 1.072089 0.000000 -0.090504 78.245057 0.000000 -1.085681 0.387653 
201 1.126490 0.000000 -0.038974 81.809872 0.000000 -0.524929 0.330687 
202 1.072089 0.000000 0.012557 71.325570 0.000000 -0.622831 0.491228 
203 1.344093 0.000000 -0.502749 85.244107 0.000000 -1.478820 0.273126 
204 1.344093 0.000000 -0.708872 90.298079 0.000000 -0.778820 0.184565 
205 1.561696 0.000000 -0.502749 90.780393 0.000000 -0.769450 0.175833 
206 1.235291 0.000000 -0.193566 85.366214 0.000000 -1.462605 0.271047 
207 1.235291 0.000000 -0.296627 85.205838 0.000000 -1.477242 0.273778 
208 1.344093 0.000000 -0.193566 85.855545 0.000000 -1.426061 0.262679 
209 1.779298 0.000000 -0.090504 96.673786 0.000000 -0.221481 0.065413 
210 1.779298 0.000000 -0.296627 95.528976 0.000000 -0.671370 0.087376 
211 1.996901 0.000000 -0.090504 97.023351 0.000000 -0.171366 0.058644 
212 1.779298 0.000000 0.115618 96.604144 0.000000 -0.241980 0.066758 
213 1.452894 0.000000 0.012557 93.522380 0.000000 -0.462558 0.125335 
214 1.452894 0.000000 -0.090504 91.319062 0.000000 -0.760465 0.166025 
215 1.561696 0.000000 0.012557 93.739056 0.000000 -0.463759 0.121277 
216 1.452894 0.000000 0.115618 90.212041 0.000000 -0.899625 0.186098 
217 1.289692 0.000000 -0.038974 87.331150 0.000000 -0.853192 0.237254 
218 1.235291 0.000000 -0.038974 91.056402 0.000000 -0.654164 0.170830 
219 1.289692 0.000000 -0.090504 89.018478 0.000000 -0.999527 0.207471 
220 1.344093 0.000000 -0.038974 91.659531 0.000000 -0.673087 0.159808 
221 1.289692 0.000000 0.012557 94.707135 0.000000 -0.231499 0.103051 
222 1.180890 0.000000 -0.038974 90.723988 0.000000 -0.510324 0.176890 
223 1.180890 0.000000 -0.090504 84.248359 0.000000 -1.034980 0.290114 
224 1.180890 0.000000 0.012557 91.965367 0.000000 -0.447291 0.154217 
225 1.235291 0.000000 0.218679 85.414080 0.000000 -1.458339 0.270231 
226 1.126490 0.000000 0.218679 84.738129 0.000000 -1.511043 0.281717 
227 1.344093 0.000000 0.218679 85.912466 0.000000 -1.421295 0.261703 
228 1.235291 0.000000 0.321741 85.262933 0.000000 -1.472103 0.272807 
229 1.289692 0.000000 0.064088 87.209436 0.000000 -0.873993 0.239375 
230 1.235291 0.000000 0.064088 85.221008 0.000000 -0.988731 0.273640 
231 1.344093 0.000000 0.064088 91.239022 0.000000 -0.727937 0.167491 
232 1.289692 0.000000 0.115618 87.704319 0.000000 -1.164609 0.230660 
233 1.262491 0.000000 -0.013208 93.059740 0.000000 -0.538271 0.133960 
234 1.235291 0.000000 -0.013208 93.820367 0.000000 -0.500768 0.119749 
235 1.262491 0.000000 -0.038974 86.888052 0.000000 -0.864366 0.244972 
236 1.289692 0.000000 -0.013208 94.622338 0.000000 -0.238485 0.104656 
237 1.262491 0.000000 0.012557 93.097952 0.000000 -0.536434 0.133248 
238 1.452894 0.000000 -0.193566 86.162158 0.000000 -1.404304 0.257411 
239 1.452894 0.000000 -0.296627 85.955337 0.000000 -1.421264 0.260966 
240 1.561696 0.000000 -0.193566 86.310792 0.000000 -1.394689 0.254850 
241 1.398493 0.000000 -0.038974 93.130748 0.000000 -0.498340 0.132642 
242 1.398493 0.000000 -0.090504 90.703782 0.000000 -0.813157 0.177216 
243 1.452894 0.000000 -0.038974 93.276460 0.000000 -0.493682 0.129926 
244 1.398493 0.000000 0.012557 94.698625 0.000000 -0.293723 0.103208 
245 1.316892 0.000000 -0.013208 95.565887 0.000000 -0.476459 0.086693 
246 1.316892 0.000000 -0.038974 91.130640 0.000000 -0.735645 0.169467 
247 1.344093 0.000000 -0.013208 91.992409 0.000000 -0.630546 0.153700 
248 1.316892 0.000000 0.012557 95.613777 0.000000 -0.473836 0.085778 
249 1.180890 0.000000 0.064088 84.190648 0.000000 -1.011189 0.291091 
250 1.126490 0.000000 0.064088 80.591593 0.000000 -0.940750 0.350411 
251 1.180890 0.000000 0.115618 84.363036 0.000000 -1.063900 0.288175 
252 1.262491 0.000000 0.038322 91.533252 0.000000 -0.621426 0.162128 
253 1.235291 0.000000 0.038322 91.092458 0.000000 -0.652845 0.170174 
254 1.289692 0.000000 0.038322 87.341045 0.000000 -0.853852 0.237081 
255 1.262491 0.000000 0.064088 85.650207 0.000000 -0.982490 0.266308 
256 1.276092 0.000000 -0.000326 95.790477 0.000000 -0.104803 0.082417 
257 1.262491 0.000000 -0.000326 94.841982 0.000000 -0.274927 0.100492 
258 1.276092 0.000000 -0.013208 94.521872 0.000000 -0.320111 0.106551 
259 1.289692 0.000000 -0.000326 96.821487 0.000000 -0.061272 0.062560 
260 1.276092 0.000000 0.012557 94.552399 0.000000 -0.317199 0.105974 
261 1.779298 0.000000 0.321741 95.052722 0.000000 -0.684262 0.096451 
262 1.996901 0.000000 0.321741 96.581007 0.000000 -0.632167 0.067171 
263 1.779298 0.000000 0.527863 95.980119 0.000000 -0.671261 0.078737 
264 1.452894 0.000000 0.218679 86.219604 0.000000 -1.399654 0.256422 
265 1.561696 0.000000 0.218679 86.363067 0.000000 -1.390532 0.253949 
266 1.452894 0.000000 0.321741 86.026308 0.000000 -1.415454 0.259747 
267 1.398493 0.000000 0.064088 92.428616 0.000000 -0.590086 0.145660 
268 1.452894 0.000000 0.064088 92.923686 0.000000 -0.539101 0.136490 
269 1.398493 0.000000 0.115618 89.346085 0.000000 -0.980814 0.201632 
270 1.371293 0.000000 -0.013208 93.523281 0.000000 -0.443355 0.125320 
271 1.371293 0.000000 -0.038974 92.761590 0.000000 -0.541896 0.139499 
272 1.398493 0.000000 -0.013208 94.635764 0.000000 -0.301869 0.104398 
273 1.371293 0.000000 0.012557 93.538454 0.000000 -0.441504 0.125036 
274 1.316892 0.000000 0.038322 91.131435 0.000000 -0.736089 0.169452 
275 1.344093 0.000000 0.038322 91.664492 0.000000 -0.672983 0.159717 
276 1.316892 0.000000 0.064088 89.397487 0.000000 -0.957085 0.200717 
277 1.330492 0.000000 -0.000326 97.093778 0.000000 -0.383330 0.057265 
278 1.316892 0.000000 -0.000326 96.612236 0.000000 -0.415748 0.066590 
279 1.330492 0.000000 -0.013208 95.618341 0.000000 -0.462244 0.085692 
280 1.344093 0.000000 -0.000326 97.060440 0.000000 -0.382531 0.057912 
281 1.330492 0.000000 0.012557 95.672331 0.000000 -0.459371 0.084659 
282 1.670497 0.000000 0.012557 95.271271 0.000000 -0.233008 0.092333 
283 1.670497 0.000000 -0.090504 92.288247 0.000000 -0.461002 0.148267 
284 1.779298 0.000000 0.012557 96.752291 0.000000 -0.181077 0.063896 
285 1.670497 0.000000 0.115618 91.734018 0.000000 -0.608243 0.158450 
286 22.451576 0.000000 -6.480304 97.095048 0.000000 23.818205 0.000524 
287 22.451576 0.000000 -13.076225 97.040812 0.000000 24.022835 0.000598 
288 29.414870 0.000000 -6.480304 97.087276 0.000000 23.902248 0.000274 
289 22.451576 0.000000 0.115618 97.331771 0.000000 22.924281 0.000100 
290 12.006636 0.000000 -3.182343 97.212057 0.000000 23.039014 0.001902 
291 12.006636 0.000000 -6.480304 97.068980 0.000000 23.602644 0.002053 
292 15.488283 0.000000 -3.182343 97.209671 0.000000 23.280871 0.000828 
293 12.006636 0.000000 0.115618 97.726951 0.000000 21.211521 -0.000049 
294 6.784166 0.000000 -1.533362 97.420423 0.000000 21.438798 0.004964 
295 6.784166 0.000000 -3.182343 97.082136 0.000000 22.541950 0.006692 
296 8.524989 0.000000 -1.533362 97.433999 0.000000 21.887267 0.002756 
297 6.784166 0.000000 0.115618 98.175603 0.000000 18.767956 0.000931 
298 4.172931 0.000000 -0.708872 97.295477 0.000000 18.659728 0.018540 
299 4.172931 0.000000 -1.533362 96.823124 0.000000 20.458169 0.020675 
300 5.043342 0.000000 -0.708872 97.658424 0.000000 19.269635 0.009151 
301 4.172931 0.000000 0.115618 96.516564 0.000000 24.371103 0.009060 
302 2.867313 0.000000 -0.296627 96.244150 0.000000 16.744408 0.045669 
303 2.867313 0.000000 -0.708872 95.718399 0.000000 17.856446 0.051914 
304 3.302519 0.000000 -0.296627 96.951128 0.000000 18.374208 0.026287 
305 2.867313 0.000000 0.115618 97.186665 0.000000 0.000000 0.055475 
306 2.214504 0.000000 -0.090504 97.352139 0.000000 -0.047755 0.052256 
307 2.214504 0.000000 -0.296627 94.620217 0.000000 17.394634 0.074444 
308 2.432107 0.000000 -0.090504 97.418781 0.000000 0.000000 0.050958 
309 2.214504 0.000000 0.115618 97.357336 0.000000 -0.077943 0.052154 
310 22.451576 0.000000 6.711540 97.718910 0.000000 21.440482 -0.000868 
311 29.414870 0.000000 6.711540 97.167806 0.000000 23.634387 -0.000017 
312 22.451576 0.000000 13.307462 97.218676 0.000000 23.486646 -0.000309 
313 12.006636 0.000000 3.413579 98.045849 0.000000 20.169369 -0.001979 
314 15.488283 0.000000 3.413579 98.277568 0.000000 19.182884 -0.002646 
315 12.006636 0.000000 6.711540 97.506562 0.000000 22.465153 -0.001221 
316 6.784166 0.000000 1.764599 99.678868 0.000000 14.413162 -0.014362 
317 8.524989 0.000000 1.764599 99.196333 0.000000 15.712569 -0.008680 
318 6.784166 0.000000 3.413579 97.883246 0.000000 21.347852 -0.003686 
319 4.172931 0.000000 0.940108 100.156858 0.000000 13.723965 -0.021974 
320 5.043342 0.000000 0.940108 99.547931 0.000000 17.203210 -0.020574 
321 4.172931 0.000000 1.764599 98.040713 0.000000 21.340372 -0.006739 
322 2.867313 0.000000 0.527863 100.991069 0.000000 12.298173 -0.035044 
323 3.302519 0.000000 0.527863 100.489023 0.000000 13.779832 -0.028793 
324 2.867313 0.000000 0.940108 99.626160 0.000000 19.818612 -0.031815 
325 2.649710 0.000000 -0.090504 97.603173 0.000000 -0.000000 0.047362 
326 2.649710 0.000000 -0.296627 95.333318 0.000000 16.418881 0.064198 
327 2.867313 0.000000 -0.090504 97.121415 0.000000 0.000000 0.056743 
328 2.649710 0.000000 0.115618 97.595441 0.000000 -0.000000 0.047513 
329 2.214504 0.000000 0.321741 100.935814 0.000000 8.583453 -0.026171 
330 2.432107 0.000000 0.321741 100.787380 0.000000 9.456079 -0.024751 
331 2.214504 0.000000 0.527863 101.834458 0.000000 10.790655 -0.048670 
332 2.323306 0.000000 0.012557 97.384274 0.000000 0.000000 0.051630 
333 2.214504 0.000000 0.012557 97.353958 0.000000 -0.048978 0.052220 
334 2.323306 0.000000 -0.090504 97.381366 0.000000 0.000000 0.051687 
335 2.432107 0.000000 0.012557 97.418790 0.000000 0.000000 0.050958 
336 2.323306 0.000000 0.115618 97.381334 0.000000 0.000000 0.051688 
337 3.737725 0.000000 -0.296627 97.169458 0.000000 18.071926 0.023150 
338 3.737725 0.000000 -0.708872 96.965073 0.000000 18.380577 0.025993 
339 4.172931 0.000000 -0.296627 97.560202 0.000000 18.032467 0.015684 
340 3.737725 0.000000 0.115618 95.271370 0.000000 27.538879 0.016498 
341 3.084916 0.000000 -0.090504 96.410603 0.000000 -0.000000 0.070500 
342 3.084916 0.000000 -0.296627 97.047158 0.000000 17.635259 0.027085 
343 3.302519 0.000000 -0.090504 96.683506 0.000000 23.413539 0.010411 
344 3.084916 0.000000 0.115618 96.347357 0.000000 -0.000000 0.071719 
345 0.800085 0.000000 0.012557 40.812591 0.000000 -1.312551 0.833261 
346 0.691284 0.000000 0.012557 72.413227 0.000000 -0.818116 0.475566 
347 0.800085 0.000000 -0.090504 66.476979 0.000000 -1.039318 0.557973 
348 0.800085 0.000000 0.115618 68.707009 0.000000 -1.201409 0.527790 
349 0.473681 0.000000 0.321741 81.049244 0.000000 -1.839889 0.342763 
350 0.256078 0.000000 0.321741 74.252322 0.000000 -2.396734 0.448085 
351 0.473681 0.000000 0.527863 77.335320 0.000000 -2.115307 0.401477 
352 0.582482 0.000000 0.012557 85.974791 0.000000 -0.606769 0.260797 
353 0.473681 0.000000 0.012557 92.313489 0.000000 -0.578465 0.147789 
354 0.582482 0.000000 -0.090504 80.947048 0.000000 -0.938051 0.344670 
355 0.582482 0.000000 0.115618 80.401868 0.000000 -1.006335 0.353453 
356 0.800085 0.000000 -0.193566 74.642288 0.000000 -1.469336 0.442637 
357 0.691284 0.000000 -0.193566 73.374687 0.000000 -1.484832 0.461395 
358 0.800085 0.000000 -0.296627 82.700797 0.000000 -1.692886 0.315771 
359 0.745685 0.000000 -0.038974 68.414984 0.000000 -0.946708 0.531849 
360 0.691284 0.000000 -0.038974 72.711919 0.000000 -0.833774 0.471228 
361 0.745685 0.000000 -0.090504 70.116306 0.000000 -1.014261 0.508267 
362 0.800085 0.000000 -0.038974 64.985553 0.000000 -0.981434 0.577591 
363 0.745685 0.000000 0.012557 67.942257 0.000000 -0.930281 0.538298 
364 0.854486 0.000000 -0.038974 71.610792 0.000000 -0.903435 0.487108 
365 0.854486 0.000000 -0.090504 67.888829 0.000000 -1.042598 0.539002 
366 0.908887 0.000000 -0.038974 74.422843 0.000000 -0.855087 0.446051 
367 0.854486 0.000000 0.012557 75.061009 0.000000 -0.827723 0.436516 
368 0.800085 0.000000 0.218679 75.281578 0.000000 -1.492250 0.433046 
369 0.691284 0.000000 0.218679 74.126217 0.000000 -1.513283 0.450301 
370 0.908887 0.000000 0.218679 83.159847 0.000000 -1.645268 0.308173 
371 0.800085 0.000000 0.321741 82.654766 0.000000 -1.696296 0.316531 
372 0.745685 0.000000 0.064088 69.235881 0.000000 -0.982111 0.520543 
373 0.691284 0.000000 0.064088 73.205123 0.000000 -0.867981 0.464026 
374 0.800085 0.000000 0.064088 65.716787 0.000000 -1.012345 0.568028 
375 0.745685 0.000000 0.115618 71.071843 0.000000 -1.061891 0.494767 
376 0.772885 0.000000 -0.013208 55.105487 0.000000 -2.598412 0.695663 
377 0.745685 0.000000 -0.013208 67.937582 0.000000 -0.929351 0.538362 
378 0.772885 0.000000 -0.038974 68.576207 0.000000 -0.962392 0.529638 
379 0.800085 0.000000 -0.013208 40.952477 0.000000 -1.314502 0.832117 
380 0.772885 0.000000 0.012557 54.929752 0.000000 -2.621468 0.697585 
381 0.256078 0.000000 -1.121117 92.927456 0.000000 25.041113 0.073743 
382 -0.179128 0.000000 -1.121117 94.363194 0.000000 25.752495 0.043240 
383 0.256078 0.000000 -1.533362 93.928736 0.000000 24.361587 0.058391 
384 0.473681 0.000000 -0.502749 75.928593 0.000000 -2.211685 0.422996 
385 0.256078 0.000000 -0.502749 70.331976 0.000000 -2.697175 0.504614 
386 0.473681 0.000000 -0.708872 70.447926 0.000000 -2.667615 0.502997 
387 0.582482 0.000000 -0.193566 73.700254 0.000000 -1.529899 0.456593 
388 0.473681 0.000000 -0.193566 81.654590 0.000000 -1.803946 0.332927 
389 0.582482 0.000000 -0.296627 81.987400 0.000000 -1.767811 0.327494 
390 0.636883 0.000000 -0.038974 76.294336 0.000000 -0.804386 0.417853 
391 0.582482 0.000000 -0.038974 84.358201 0.000000 -0.710050 0.288319 
392 0.636883 0.000000 -0.090504 78.935996 0.000000 -0.968899 0.376817 
393 0.636883 0.000000 0.012557 76.421337 0.000000 -0.785108 0.415916 
394 0.718484 0.000000 -0.013208 68.289140 0.000000 -0.920387 0.533575 
395 0.691284 0.000000 -0.013208 72.412565 0.000000 -0.817221 0.475575 
396 0.718484 0.000000 -0.038974 68.746977 0.000000 -0.938561 0.527297 
397 0.718484 0.000000 0.012557 68.292872 0.000000 -0.921305 0.533523 
398 0.854486 0.000000 0.064088 67.353796 0.000000 -1.020620 0.546242 
399 0.908887 0.000000 0.064088 68.959801 0.000000 -1.028319 0.524349 
400 0.854486 0.000000 0.115618 68.680632 0.000000 -1.079754 0.528180 
401 0.772885 0.000000 0.038322 68.595205 0.000000 -0.965264 0.529377 
402 0.745685 0.000000 0.038322 68.430594 0.000000 -0.949566 0.531635 
403 0.800085 0.000000 0.038322 65.022529 0.000000 -0.984298 0.577110 
404 0.772885 0.000000 0.064088 69.362301 0.000000 -0.995833 0.518788 
405 0.759285 0.000000 -0.000326 84.696906 0.000000 -4.451391 0.280662 
406 0.745685 0.000000 -0.000326 67.874590 0.000000 -0.927379 0.539218 
407 0.759285 0.000000 -0.013208 75.351027 0.000000 -3.176478 0.431213 
408 0.772885 0.000000 -0.000326 64.572175 0.000000 -3.755966 0.581633 
409 0.759285 0.000000 0.012557 75.485840 0.000000 -3.217151 0.429154 
410 3.737725 0.000000 0.527863 100.611384 0.000000 11.631211 -0.025794 
411 4.172931 0.000000 0.527863 100.988132 0.000000 4.812601 -0.022176 
412 3.737725 0.000000 0.940108 100.142489 0.000000 14.647853 -0.024308 
413 3.084916 0.000000 0.321741 100.507799 0.000000 10.479530 -0.021164 
414 2.867313 0.000000 0.321741 100.216791 0.000000 10.838822 -0.016089 
415 3.302519 0.000000 0.321741 101.346246 0.000000 9.420474 -0.035981 
416 3.084916 0.000000 0.527863 100.693944 0.000000 13.109146 -0.031112 
417 2.976115 0.000000 0.012557 96.411145 0.000000 -0.000000 0.070489 
418 2.867313 0.000000 0.012557 97.195518 0.000000 -0.000000 0.055303 
419 2.976115 0.000000 -0.090504 96.539802 0.000000 -0.000000 0.068007 
420 3.084916 0.000000 0.012557 96.562636 0.000000 -0.000000 0.067566 
421 2.976115 0.000000 0.115618 96.448608 0.000000 -0.000000 0.069767 
422 8.524989 0.000000 -19.672147 96.989103 0.000000 24.104318 0.001210 
423 8.524989 0.000000 -26.268069 97.003379 0.000000 24.145487 0.000734 
424 15.488283 0.000000 -19.672147 97.010573 0.000000 24.095580 0.000835 
425 5.043342 0.000000 -9.778264 96.880485 0.000000 23.860507 0.004485 
426 5.043342 0.000000 -13.076225 96.933758 0.000000 24.010176 0.002736 
427 8.524989 0.000000 -9.778264 96.958826 0.000000 23.832637 0.003099 
428 3.302519 0.000000 -4.831323 96.526048 0.000000 23.184952 0.014518 
429 3.302519 0.000000 -6.480304 96.679192 0.000000 23.580118 0.009711 
430 5.043342 0.000000 -4.831323 96.777671 0.000000 23.092208 0.010083 
431 2.432107 0.000000 -2.357852 95.656353 0.000000 21.841226 0.037282 
432 2.432107 0.000000 -3.182343 95.975934 0.000000 22.564490 0.027946 
433 3.302519 0.000000 -2.357852 96.213359 0.000000 21.595774 0.027661 
434 2.867313 0.000000 -1.121117 95.704496 0.000000 19.286866 0.046867 
435 2.432107 0.000000 -1.121117 95.095487 0.000000 19.340044 0.058281 
436 2.867313 0.000000 -1.533362 95.784012 0.000000 20.367717 0.041058 
437 3.302519 0.000000 -1.121117 96.268601 0.000000 19.350917 0.035790 
438 3.084916 0.000000 -0.502749 96.299954 0.000000 17.335235 0.042581 
439 2.867313 0.000000 -0.502749 95.820138 0.000000 17.106531 0.052587 
440 3.084916 0.000000 -0.708872 96.092011 0.000000 17.910439 0.044554 
441 3.302519 0.000000 -0.502749 96.644458 0.000000 17.663477 0.034785 
442 2.976115 0.000000 -0.193566 97.583533 0.000000 17.509397 0.017088 
443 2.867313 0.000000 -0.193566 96.646190 0.000000 17.065762 0.036827 
444 2.976115 0.000000 -0.296627 96.719328 0.000000 17.092353 0.035322 
445 3.084916 0.000000 -0.193566 98.171924 0.000000 18.727629 0.001155 
446 3.520122 0.000000 -0.090504 96.296363 0.000000 21.516487 0.026405 
447 3.520122 0.000000 -0.296627 96.944515 0.000000 18.233061 0.026932 
448 3.737725 0.000000 -0.090504 96.747560 0.000000 20.209527 0.023148 
449 3.520122 0.000000 0.115618 95.342628 0.000000 27.244090 0.016754 
450 3.193717 0.000000 0.012557 96.518574 0.000000 -0.000000 0.068416 
451 3.193717 0.000000 -0.090504 96.488276 0.000000 -0.000000 0.069001 
452 3.302519 0.000000 0.012557 95.296502 0.000000 26.974375 0.019096 
453 3.193717 0.000000 0.115618 96.448847 0.000000 -0.000000 0.069762 
454 3.030515 0.000000 -0.038974 96.473199 0.000000 -0.000000 0.069292 
455 2.976115 0.000000 -0.038974 96.522959 0.000000 -0.000000 0.068332 
456 3.030515 0.000000 -0.090504 96.344224 0.000000 -0.000000 0.071779 
457 3.084916 0.000000 -0.038974 96.518131 0.000000 -0.000000 0.068425 
458 3.030515 0.000000 0.012557 96.314692 0.000000 0.000000 0.072348 
459 3.193717 0.000000 -0.193566 97.718571 0.000000 19.805793 0.005881 
460 3.193717 0.000000 -0.296627 97.063693 0.000000 18.114051 0.025052 
461 3.302519 0.000000 -0.193566 97.025742 0.000000 20.046705 0.018413 
462 3.139317 0.000000 -0.038974 96.515364 0.000000 -0.000000 0.068478 
463 3.139317 0.000000 -0.090504 96.448375 0.000000 -0.000000 0.069771 
464 3.193717 0.000000 -0.038974 96.503392 0.000000 -0.000000 0.068710 
465 3.139317 0.000000 0.012557 96.611169 0.000000 -0.000000 0.066628 
466 2.649710 0.000000 0.321741 100.364911 0.000000 10.025819 -0.017363 
467 2.649710 0.000000 0.527863 101.217070 0.000000 11.670971 -0.038111 
468 2.976115 0.000000 0.218679 100.430539 0.000000 7.204725 -0.013820 
469 2.867313 0.000000 0.218679 100.070043 0.000000 7.418623 -0.006905 
470 3.084916 0.000000 0.218679 100.226690 0.000000 7.962423 -0.010879 
471 2.976115 0.000000 0.321741 100.332453 0.000000 10.804301 -0.018333 
472 3.030515 0.000000 0.064088 96.379381 0.000000 -0.000000 0.071102 
473 2.976115 0.000000 0.064088 96.530496 0.000000 -0.000000 0.068186 
474 3.084916 0.000000 0.064088 96.423907 0.000000 -0.000000 0.070243 
475 3.030515 0.000000 0.115618 96.299823 0.000000 -0.000000 0.072634 
476 3.057716 0.000000 -0.013208 96.549581 0.000000 -0.000000 0.067818 
477 3.030515 0.000000 -0.013208 96.398634 0.000000 -0.000000 0.070730 
478 3.057716 0.000000 -0.038974 96.472159 0.000000 -0.000000 0.069312 
479 3.084916 0.000000 -0.013208 96.561918 0.000000 -0.000000 0.067580 
480 3.057716 0.000000 0.012557 96.659196 0.000000 -0.000000 0.065700 
481 2.758512 0.000000 0.012557 97.626092 0.000000 -0.000000 0.046915 
482 2.649710 0.000000 0.012557 97.569338 0.000000 -0.000000 0.048022 
483 2.758512 0.000000 -0.090504 97.540652 0.000000 -0.000000 0.048582 
484 2.758512 0.000000 0.115618 97.613523 0.000000 -0.000000 0.047160 
485 2.921714 0.000000 -0.038974 96.810656 0.000000 -0.000000 0.062770 
486 2.867313 0.000000 -0.038974 97.072939 0.000000 0.000000 0.057684 
487 2.921714 0.000000 -0.090504 96.766770 0.000000 -0.000000 0.063619 
488 2.921714 0.000000 0.012557 96.621508 0.000000 -0.000000 0.066428 
489 3.003315 0.000000 -0.013208 96.363251 0.000000 -0.000000 0.071412 
490 2.976115 0.000000 -0.013208 96.413290 0.000000 -0.000000 0.070448 
491 3.003315 0.000000 -0.038974 96.424797 0.000000 -0.000000 0.070226 
492 3.003315 0.000000 0.012557 96.360260 0.000000 -0.000000 0.071470 
493 2.921714 0.000000 0.064088 96.813938 0.000000 -0.000000 0.062706 
494 2.867313 0.000000 0.064088 97.067919 0.000000 0.000000 0.057782 
495 2.921714 0.000000 0.115618 96.703250 0.000000 -0.000000 0.064848 
496 3.003315 0.000000 0.038322 96.424668 0.000000 -0.000000 0.070228 
497 2.976115 0.000000 0.038322 96.522796 0.000000 -0.000000 0.068335 
498 3.030515 0.000000 0.038322 96.473103 0.000000 -0.000000 0.069294 
499 3.003315 0.000000 0.064088 96.413138 0.000000 -0.000000 0.070451 
500 3.016915 0.000000 -0.000326 96.232862 0.000000 0.000000 0.073924 
501 3.003315 0.000000 -0.000326 96.265862 0.000000 0.000000 0.073288 
502 3.016915 0.000000 -0.013208 96.304495 0.000000 0.000000 0.072544 
503 3.030515 0.000000 -0.000326 96.243163 0.000000 0.000000 0.073725 
504 3.016915 0.000000 0.012557 96.301332 0.000000 0.000000 0.072605 
505 2.649710 0.000000 -0.502749 95.346871 0.000000 17.022999 0.061919 
506 2.432107 0.000000 -0.502749 94.988957 0.000000 17.112361 0.068427 
507 2.649710 0.000000 -0.708872 95.358844 0.000000 17.844088 0.058828 
508 2.758512 0.000000 -0.193566 96.137423 0.000000 16.751733 0.047698 
509 2.649710 0.000000 -0.193566 95.299079 0.000000 16.481468 0.064645 
510 2.758512 0.000000 -0.296627 95.803230 0.000000 16.495529 0.054964 
511 2.812912 0.000000 -0.038974 97.390870 0.000000 -0.000000 0.051502 
512 2.758512 0.000000 -0.038974 97.548016 0.000000 -0.000000 0.048438 
513 2.812912 0.000000 -0.090504 97.442021 0.000000 -0.000000 0.050505 
514 2.812912 0.000000 0.012557 97.575716 0.000000 -0.000000 0.047898 
515 2.894513 0.000000 -0.013208 96.891378 0.000000 -0.000000 0.061206 
516 2.867313 0.000000 -0.013208 97.189789 0.000000 -0.000000 0.055414 
517 2.894513 0.000000 -0.038974 96.857163 0.000000 -0.000000 0.061869 
518 2.921714 0.000000 -0.013208 96.623290 0.000000 -0.000000 0.066394 
519 2.894513 0.000000 0.012557 96.884966 0.000000 -0.000000 0.061330 
520 2.540909 0.000000 0.012557 97.488922 0.000000 -0.000000 0.049591 
521 2.540909 0.000000 -0.090504 97.460573 0.000000 0.000000 0.050144 
522 2.540909 0.000000 0.115618 97.437288 0.000000 0.000000 0.050597 
523 2.704111 0.000000 -0.038974 97.595194 0.000000 -0.000000 0.047518 
524 2.649710 0.000000 -0.038974 97.591638 0.000000 -0.000000 0.047587 
525 2.704111 0.000000 -0.090504 97.622474 0.000000 -0.000000 0.046985 
526 2.704111 0.000000 0.012557 97.594666 0.000000 -0.000000 0.047528 
527 2.758512 0.000000 0.218679 99.580089 0.000000 7.042683 0.003421 
528 2.649710 0.000000 0.218679 99.884162 0.000000 6.376043 -0.001750 
529 2.758512 0.000000 0.321741 100.185517 0.000000 10.479288 -0.014695 
530 2.812912 0.000000 0.064088 97.384082 0.000000 -0.000000 0.051634 
531 2.758512 0.000000 0.064088 97.545856 0.000000 -0.000000 0.048481 
532 2.812912 0.000000 0.115618 97.408296 0.000000 -0.000000 0.051162 
533 2.785712 0.000000 -0.013208 97.585391 0.000000 -0.000000 0.047709 
534 2.758512 0.000000 -0.013208 97.624887 0.000000 -0.000000 0.046938 
535 2.785712 0.000000 -0.038974 97.476515 0.000000 -0.000000 0.049833 
536 2.812912 0.000000 -0.013208 97.573090 0.000000 -0.000000 0.047949 
537 2.785712 0.000000 0.012557 97.588328 0.000000 -0.000000 0.047652 
538 2.704111 0.000000 0.064088 97.620411 0.000000 -0.000000 0.047026 
539 2.649710 0.000000 0.064088 97.598783 0.000000 -0.000000 0.047448 
540 2.704111 0.000000 0.115618 97.650992 0.000000 -0.000000 0.046428 
541 2.731311 0.000000 -0.013208 97.622522 0.000000 -0.000000 0.046984 
542 2.704111 0.000000 -0.013208 97.594675 0.000000 -0.000000 0.047528 
543 2.731311 0.000000 -0.038974 97.599491 0.000000 -0.000000 0.047434 
544 2.731311 0.000000 0.012557 97.623112 0.000000 -0.000000 0.046973 
545 2.540909 0.000000 -0.193566 94.430789 0.000000 17.031452 0.079276 
546 2.432107 0.000000 -0.193566 94.173348 0.000000 17.830633 0.081345 
547 2.540909 0.000000 -0.296627 94.906194 0.000000 16.623357 0.071648 
548 2.595309 0.000000 -0.038974 97.561636 0.000000 -0.000000 0.048173 
549 2.540909 0.000000 -0.038974 97.491898 0.000000 -0.000000 0.049533 
550 2.595309 0.000000 -0.090504 97.554283 0.000000 -0.000000 0.048316 
551 2.595309 0.000000 0.012557 97.558306 0.000000 -0.000000 0.048238 
552 2.676911 0.000000 -0.013208 97.605322 0.000000 -0.000000 0.047320 
553 2.649710 0.000000 -0.013208 97.569711 0.000000 -0.000000 0.048015 
554 2.676911 0.000000 -0.038974 97.609631 0.000000 -0.000000 0.047236 
555 2.676911 0.000000 0.012557 97.605247 0.000000 -0.000000 0.047322 
556 2.731311 0.000000 0.038322 97.599500 0.000000 -0.000000 0.047434 
557 2.704111 0.000000 0.038322 97.595180 0.000000 -0.000000 0.047518 
558 2.758512 0.000000 0.038322 97.548098 0.000000 -0.000000 0.048437 
559 2.731311 0.000000 0.064088 97.606359 0.000000 -0.000000 0.047300 
560 2.717711 0.000000 -0.000326 97.632915 0.000000 -0.000000 0.046781 
561 2.704111 0.000000 -0.000326 97.622056 0.000000 -0.000000 0.046993 
562 2.717711 0.000000 -0.013208 97.614655 0.000000 -0.000000 0.047138 
563 2.731311 0.000000 -0.000326 97.637152 0.000000 -0.000000 0.046699 
564 2.717711 0.000000 0.012557 97.615137 0.000000 -0.000000 0.047128 
565 5.913754 0.000000 0.940108 98.423142 0.000000 23.150114 -0.022304 
566 5.913754 0.000000 0.115618 98.324061 0.000000 18.603698 -0.001372 
567 6.784166 0.000000 0.940108 90.042660 0.000000 56.335251 -0.128134 
568 5.913754 0.000000 1.764599 98.756460 0.000000 17.986399 -0.007635 
569 -19.328185 0.000000 -19.672147 97.010109 0.000000 24.199017 0.000345 
570 -26.291479 0.000000 -19.672147 97.018401 0.000000 24.199642 0.000181 
571 -19.328185 0.000000 -26.268069 97.013143 0.000000 24.193939 0.000310 
572 22.451576 0.000000 -19.672147 97.025056 0.000000 24.100550 0.000530 
573 22.451576 0.000000 -26.268069 97.021195 0.000000 24.137277 0.000428 
574 29.414870 0.000000 -19.672147 97.032685 0.000000 24.109589 0.000339 
575 -8.883245 0.000000 -9.778264 96.950404 0.000000 24.218442 0.001409 
576 -12.364892 0.000000 -9.778264 96.983640 0.000000 24.222150 0.000746 
577 -8.883245 0.000000 -13.076225 96.962954 0.000000 24.198551 0.001262 
578 12.006636 0.000000 -9.778264 97.015017 0.000000 23.855031 0.001902 
579 12.006636 0.000000 -13.076225 96.999242 0.000000 23.984689 0.001588 
580 15.488283 0.000000 -9.778264 97.041375 0.000000 23.888367 0.001232 
581 -3.660775 0.000000 -4.831323 96.717971 0.000000 24.291689 0.005555 
582 -5.401598 0.000000 -4.831323 96.844901 0.000000 24.304552 0.003035 
583 -3.660775 0.000000 -6.480304 96.769180 0.000000 24.208381 0.004968 
584 6.784166 0.000000 -4.831323 96.952843 0.000000 23.134648 0.006493 
585 6.784166 0.000000 -6.480304 96.914416 0.000000 23.487431 0.005594 
586 8.524989 0.000000 -4.831323 97.049953 0.000000 23.221538 0.004207 
587 -1.049540 0.000000 -2.357852 95.882085 0.000000 24.601729 0.020138 
588 -1.919951 0.000000 -2.357852 96.321742 0.000000 24.654117 0.011430 
589 -1.049540 0.000000 -3.182343 96.084247 0.000000 24.294864 0.017758 
590 4.172931 0.000000 -2.357852 96.647540 0.000000 21.581977 0.019347 
591 4.172931 0.000000 -3.182343 96.593022 0.000000 22.287051 0.017308 
592 5.043342 0.000000 -2.357852 96.937362 0.000000 21.710746 0.013179 
593 1.996901 0.000000 -1.121117 94.342221 0.000000 19.510245 0.071890 
594 1.996901 0.000000 -1.533362 94.648388 0.000000 20.703876 0.061303 
595 1.779298 0.000000 -0.502749 95.976304 0.000000 -0.671369 0.078810 
596 1.779298 0.000000 -0.708872 97.261543 0.000000 -0.628861 0.053980 
597 1.996901 0.000000 -0.502749 97.344982 0.000000 -0.678380 0.052349 
598 2.214504 0.000000 -0.502749 94.666358 0.000000 17.202250 0.074236 
599 2.214504 0.000000 -0.708872 94.677309 0.000000 17.904848 0.071562 
600 1.017688 0.000000 0.218679 83.950555 0.000000 -1.575838 0.294982 
601 1.017688 0.000000 0.321741 83.958490 0.000000 -1.577828 0.294848 
602 0.963287 0.000000 -0.038974 71.889513 0.000000 -0.808213 0.483124 
603 0.963287 0.000000 -0.090504 77.192543 0.000000 -1.146802 0.404000 
604 0.963287 0.000000 0.012557 69.843182 0.000000 -0.329877 0.512182 
605 1.072089 0.000000 0.064088 74.535003 0.000000 -0.832627 0.444384 
606 1.017688 0.000000 0.064088 74.073324 0.000000 -0.856407 0.451241 
607 1.072089 0.000000 0.115618 78.651781 0.000000 -1.116483 0.381265 
608 0.963287 0.000000 0.064088 73.770650 0.000000 -1.008933 0.455687 
609 0.963287 0.000000 0.115618 78.692176 0.000000 -1.327314 0.380578 
610 1.670497 0.000000 -0.193566 87.106284 0.000000 -0.847110 0.241178 
611 1.670497 0.000000 -0.296627 91.083835 0.000000 -0.763623 0.170315 
612 1.779298 0.000000 -0.193566 95.067042 0.000000 -0.683989 0.096179 
613 1.303292 0.000000 -0.000326 96.193437 0.000000 -0.324297 0.074672 
614 1.303292 0.000000 -0.013208 94.741385 0.000000 -0.501035 0.102382 
615 1.303292 0.000000 0.012557 95.575952 0.000000 -0.333270 0.086513 
616 1.670497 0.000000 0.218679 87.153801 0.000000 -0.846161 0.240350 
617 1.779298 0.000000 0.218679 95.072970 0.000000 -0.683879 0.096066 
618 1.670497 0.000000 0.321741 91.118894 0.000000 -0.762949 0.169677 
619 1.371293 0.000000 0.038322 92.772909 0.000000 -0.540857 0.139289 
620 1.398493 0.000000 0.038322 93.148416 0.000000 -0.496435 0.132313 
621 1.371293 0.000000 0.064088 91.592012 0.000000 -0.687064 0.161043 
622 5.913754 0.000000 -0.708872 97.779737 0.000000 19.883092 0.004379 
623 5.913754 0.000000 -1.533362 97.358120 0.000000 21.135947 0.007467 
624 6.784166 0.000000 -0.708872 97.748185 0.000000 20.392325 0.002945 
625 3.737725 0.000000 -1.121117 96.704475 0.000000 19.461003 0.026951 
626 3.737725 0.000000 -1.533362 96.540694 0.000000 20.360487 0.026534 
627 4.172931 0.000000 -1.121117 97.014286 0.000000 19.663158 0.020159 
628 2.323306 0.000000 -0.193566 94.348461 0.000000 18.492286 0.075640 
629 2.214504 0.000000 -0.193566 97.289499 0.000000 -0.759607 0.053418 
630 2.323306 0.000000 -0.296627 94.637643 0.000000 17.265818 0.074561 
631 3.520122 0.000000 -0.502749 96.894681 0.000000 17.835228 0.029333 
632 3.520122 0.000000 -0.708872 96.706482 0.000000 18.208313 0.031631 
633 3.737725 0.000000 -0.502749 97.100038 0.000000 17.907643 0.025090 
634 0.582482 0.000000 0.218679 81.721488 0.000000 -1.792435 0.331839 
635 0.473681 0.000000 0.218679 81.610026 0.000000 -1.808274 0.333653 
636 0.582482 0.000000 0.321741 81.926881 0.000000 -1.773320 0.328484 
637 0.636883 0.000000 0.064088 76.149889 0.000000 -0.843504 0.420048 
638 0.582482 0.000000 0.064088 81.755360 0.000000 -0.871730 0.331530 
639 0.636883 0.000000 0.115618 78.919831 0.000000 -1.025401 0.377061 
640 0.718484 0.000000 0.038322 68.759991 0.000000 -0.941395 0.527118 
641 0.691284 0.000000 0.038322 72.715193 0.000000 -0.836535 0.471180 
642 0.718484 0.000000 0.064088 69.519344 0.000000 -0.975199 0.516611 
643 3.520122 0.000000 0.321741 101.121193 0.000000 11.262296 -0.035234 
644 3.737725 0.000000 0.321741 99.146927 0.000000 18.051359 -0.015596 
645 3.520122 0.000000 0.527863 100.570257 0.000000 13.434751 -0.029487 
646 3.193717 0.000000 0.218679 100.039329 0.000000 10.287109 -0.011369 
647 3.302519 0.000000 0.218679 99.619927 0.000000 13.709320 -0.011208 
648 3.193717 0.000000 0.321741 100.895105 0.000000 9.914978 -0.027813 
649 3.139317 0.000000 0.064088 96.471706 0.000000 -0.000000 0.069321 
650 3.193717 0.000000 0.064088 96.484216 0.000000 -0.000000 0.069080 
651 3.139317 0.000000 0.115618 96.429699 0.000000 -0.000000 0.070131 
652 2.540909 0.000000 0.218679 100.441069 0.000000 6.218560 -0.012708 
653 2.432107 0.000000 0.218679 100.628657 0.000000 6.257601 -0.016528 
654 2.540909 0.000000 0.321741 100.627216 0.000000 9.707994 -0.022008 
655 3.057716 0.000000 0.038322 96.472478 0.000000 -0.000000 0.069306 
656 3.084916 0.000000 0.038322 96.519071 0.000000 -0.000000 0.068407 
657 3.057716 0.000000 0.064088 96.430944 0.000000 -0.000000 0.070107 
658 2.948914 0.000000 -0.013208 96.515741 0.000000 -0.000000 0.068471 
659 2.948914 0.000000 -0.038974 96.643038 0.000000 -0.000000 0.066012 
660 2.948914 0.000000 0.012557 96.514179 0.000000 -0.000000 0.068501 
661 2.948914 0.000000 0.038322 96.642918 0.000000 -0.000000 0.066015 
662 2.921714 0.000000 0.038322 96.810585 0.000000 -0.000000 0.062771 
663 2.948914 0.000000 0.064088 96.648598 0.000000 -0.000000 0.065905 
664 2.840113 0.000000 -0.013208 97.517136 0.000000 -0.000000 0.049041 
665 2.840113 0.000000 -0.038974 97.291790 0.000000 -0.000000 0.053431 
666 2.840113 0.000000 0.012557 97.518986 0.000000 -0.000000 0.049005 
667 2.595309 0.000000 0.064088 97.555977 0.000000 -0.000000 0.048283 
668 2.540909 0.000000 0.064088 97.479869 0.000000 -0.000000 0.049768 
669 2.595309 0.000000 0.115618 97.543303 0.000000 -0.000000 0.048530 
670 2.785712 0.000000 0.038322 97.476652 0.000000 -0.000000 0.049830 
671 2.812912 0.000000 0.038322 97.391017 0.000000 -0.000000 0.051499 
672 2.785712 0.000000 0.064088 97.470172 0.000000 -0.000000 0.049957 
673 2.840113 0.000000 0.038322 97.291908 0.000000 -0.000000 0.053428 
674 2.867313 0.000000 0.038322 97.227959 0.000000 0.000000 0.054672 
675 2.840113 0.000000 0.064088 97.240459 0.000000 0.000000 0.054429 
676 2.676911 0.000000 0.038322 97.609511 0.000000 -0.000000 0.047238 
677 2.649710 0.000000 0.038322 97.591384 0.000000 -0.000000 0.047592 
678 2.676911 0.000000 0.064088 97.613901 0.000000 -0.000000 0.047153 
679 5.913754 0.000000 -2.357852 97.118824 0.000000 21.906255 0.008805 
680 5.913754 0.000000 -3.182343 96.983779 0.000000 22.433707 0.009088 
681 6.784166 0.000000 -2.357852 97.213410 0.000000 22.088676 0.006164 
682 2.323306 0.000000 0.218679 100.512045 0.000000 6.167871 -0.014071 
683 2.214504 0.000000 0.218679 97.305940 0.000000 -0.759831 0.053098 
684 2.323306 0.000000 0.321741 100.854529 0.000000 9.127310 -0.025494 
685 2.894513 0.000000 0.038322 96.855954 0.000000 -0.000000 0.061892 
686 2.894513 0.000000 0.064088 96.955455 0.000000 -0.000000 0.059964 
1 19 21 9 22 
2 20 19 22 4 
3 28 29 3 30 
4 21 28 30 9 
5 35 37 21 38 
6 36 35 38 19 
7 44 45 28 46 
8 37 44 46 21 
9 51 53 37 54 
10 52 51 54 35 
11 60 61 44 62 
12 53 60 62 37 
13 67 69 53 70 
14 68 67 70 51 
15 11 78 76 77 
16 78 10 24 76 
17 76 24 14 79 
18 77 76 79 6 
19 24 82 80 81 
20 82 23 40 80 
21 80 40 27 83 
22 81 80 83 14 
23 40 86 84 85 
24 86 39 56 84 
25 84 56 43 87 
26 85 84 87 27 
27 56 90 88 89 
28 90 55 72 88 
29 88 72 59 91 
30 89 88 91 43 
31 92 93 60 94 
32 69 92 94 53 
33 95 97 69 98 
34 96 95 98 67 
35 72 101 99 100 
36 100 99 103 59 
37 6 79 112 113 
38 79 14 36 112 
39 112 36 19 114 
40 113 112 114 20 
41 14 83 115 116 
42 83 27 52 115 
43 115 52 35 117 
44 116 115 117 36 
45 27 87 118 119 
46 87 43 68 118 
47 118 68 51 120 
48 119 118 120 52 
49 43 91 121 122 
50 91 59 96 121 
51 121 96 67 123 
52 122 121 123 68 
53 59 103 124 125 
54 124 126 95 127 
55 125 124 127 96 
56 99 130 128 129 
57 129 128 132 103 
58 133 134 92 135 
59 97 133 135 69 
60 136 137 97 138 
61 126 136 138 95 
62 151 153 136 154 
63 152 151 154 126 
64 12 162 160 161 
65 162 7 163 160 
66 160 163 13 25 
67 161 160 25 10 
68 25 166 164 165 
69 166 13 167 164 
70 164 167 26 41 
71 165 164 41 23 
72 41 170 168 169 
73 170 26 171 168 
74 168 171 42 57 
75 169 168 57 39 
76 57 174 172 173 
77 174 42 175 172 
78 172 175 58 73 
79 173 172 73 55 
80 73 178 176 177 
81 178 58 179 176 
82 176 179 74 109 
83 177 176 109 71 
84 71 182 180 181 
85 182 109 183 180 
86 180 183 108 140 
87 181 180 140 102 
88 140 186 184 185 
89 186 108 187 184 
90 184 187 141 157 
91 185 184 157 139 
92 188 189 133 190 
93 137 188 190 97 
94 191 192 137 193 
95 153 191 193 136 
96 157 200 198 199 
97 200 141 201 198 
98 198 201 158 202 
99 199 198 202 155 
100 109 204 203 183 
101 204 74 205 203 
102 203 205 110 148 
103 183 203 148 108 
104 108 207 206 187 
105 207 148 208 206 
106 206 208 147 195 
107 187 206 195 141 
108 210 143 211 209 
109 209 211 146 212 
110 214 149 215 213 
111 213 215 5 216 
112 195 219 217 218 
113 219 147 220 217 
114 141 223 222 201 
115 223 195 218 222 
116 222 218 194 224 
117 201 222 224 158 
118 111 197 225 226 
119 197 150 227 225 
120 225 227 191 228 
121 226 225 228 153 
122 229 231 150 232 
123 230 229 232 197 
124 218 235 233 234 
125 235 217 236 233 
126 234 233 237 194 
127 148 239 238 208 
128 239 110 240 238 
129 238 240 149 214 
130 208 238 214 147 
131 147 242 241 220 
132 242 214 243 241 
133 241 243 213 244 
134 217 246 245 236 
135 246 220 247 245 
136 158 224 249 250 
137 224 194 230 249 
138 249 230 197 251 
139 250 249 251 111 
140 194 237 252 253 
141 237 221 254 252 
142 252 254 229 255 
143 253 252 255 230 
144 233 258 256 257 
145 258 236 259 256 
146 256 259 221 260 
147 257 256 260 237 
148 212 146 262 261 
149 261 262 188 263 
150 192 261 263 137 
151 150 216 264 227 
152 216 5 265 264 
153 264 265 192 266 
154 227 264 266 191 
155 244 213 268 267 
156 267 268 216 269 
157 231 267 269 150 
158 220 271 270 247 
159 271 241 272 270 
160 270 272 244 273 
161 247 270 273 196 
162 221 248 274 254 
163 248 196 275 274 
164 274 275 231 276 
165 254 274 276 229 
166 245 279 277 278 
167 279 247 280 277 
168 277 280 196 281 
169 278 277 281 248 
170 149 283 282 215 
171 283 209 284 282 
172 282 284 212 285 
173 215 282 285 5 
174 15 287 286 33 
175 287 17 288 286 
176 286 288 8 289 
177 33 286 289 18 
178 31 291 290 49 
179 291 33 292 290 
180 290 292 18 293 
181 49 290 293 34 
182 295 49 296 294 
183 294 296 34 297 
184 299 65 300 298 
185 298 300 50 301 
186 143 307 306 211 
187 211 306 309 146 
188 18 289 310 45 
189 289 8 311 310 
190 310 311 29 312 
191 45 310 312 28 
192 34 293 313 61 
193 293 18 314 313 
194 313 314 45 315 
195 61 313 315 44 
196 297 34 317 316 
197 316 317 61 318 
198 93 316 318 60 
199 301 50 320 319 
200 319 320 93 321 
201 134 319 321 92 
202 322 323 134 324 
203 189 322 324 133 
204 146 309 329 262 
205 329 330 189 331 
206 262 329 331 188 
207 306 334 332 333 
208 334 308 335 332 
209 332 335 107 336 
210 333 332 336 309 
211 338 298 339 337 
212 337 339 301 340 
213 103 132 349 350 
214 349 152 126 351 
215 350 349 351 124 
216 128 354 352 353 
217 353 352 355 132 
218 102 358 356 357 
219 358 140 185 356 
220 356 185 139 347 
221 357 356 347 131 
222 131 361 359 360 
223 361 347 362 359 
224 347 365 364 362 
225 365 139 366 364 
226 364 366 156 367 
227 362 364 367 345 
228 75 348 368 369 
229 348 142 370 368 
230 368 370 151 371 
231 369 368 371 152 
232 372 374 348 375 
233 373 372 375 75 
234 359 378 376 377 
235 378 362 379 376 
236 376 379 345 380 
237 55 383 381 382 
238 383 73 177 381 
239 381 177 71 101 
240 382 381 101 72 
241 101 386 384 385 
242 386 71 181 384 
243 384 181 102 130 
244 385 384 130 99 
245 130 389 387 388 
246 389 102 357 387 
247 387 357 131 354 
248 388 387 354 128 
249 354 392 390 391 
250 392 131 360 390 
251 390 360 346 393 
252 391 390 393 352 
253 360 396 394 395 
254 396 359 377 394 
255 394 377 363 397 
256 395 394 397 346 
257 345 367 398 374 
258 367 156 399 398 
259 398 399 142 400 
260 374 398 400 348 
261 363 380 401 402 
262 380 345 403 401 
263 401 403 374 404 
264 402 401 404 372 
265 377 407 405 406 
266 407 376 408 405 
267 405 408 380 409 
268 406 405 409 363 
269 340 301 411 410 
270 410 411 319 412 
271 323 410 412 134 
272 413 415 323 416 
273 414 413 416 322 
274 7 423 422 163 
275 423 16 424 422 
276 422 424 15 32 
277 163 422 32 13 
278 13 426 425 167 
279 426 32 427 425 
280 425 427 31 48 
281 167 425 48 26 
282 26 429 428 171 
283 429 48 430 428 
284 428 430 47 64 
285 171 428 64 42 
286 42 432 431 175 
287 432 64 433 431 
288 431 433 63 105 
289 175 431 105 58 
290 105 436 434 435 
291 436 63 437 434 
292 434 437 106 303 
293 435 434 303 104 
294 303 440 438 439 
295 440 106 441 438 
296 438 441 304 342 
297 439 438 342 302 
298 302 444 442 443 
299 444 342 445 442 
300 442 445 341 419 
301 443 442 419 327 
302 304 447 446 343 
303 447 337 448 446 
304 446 448 340 449 
305 343 446 449 66 
306 451 343 452 450 
307 450 452 66 453 
308 419 456 454 455 
309 456 341 457 454 
310 342 460 459 445 
311 460 304 461 459 
312 459 461 343 451 
313 445 459 451 341 
314 341 463 462 457 
315 463 451 464 462 
316 462 464 450 465 
317 457 462 465 420 
318 466 414 322 467 
319 330 466 467 189 
320 305 421 468 469 
321 421 344 470 468 
322 468 470 413 471 
323 469 468 471 414 
324 472 474 344 475 
325 473 472 475 421 
326 454 478 476 477 
327 478 457 479 476 
328 476 479 420 480 
329 477 476 480 458 
330 327 487 485 486 
331 487 419 455 485 
332 455 491 489 490 
333 491 454 477 489 
334 490 489 492 417 
335 493 473 421 495 
336 494 493 495 305 
337 417 492 496 497 
338 492 458 498 496 
339 496 498 472 499 
340 497 496 499 473 
341 489 502 500 501 
342 502 477 503 500 
343 500 503 458 504 
344 501 500 504 492 
345 104 507 505 506 
346 507 303 439 505 
347 505 439 302 326 
348 506 505 326 145 
349 326 510 508 509 
350 510 302 443 508 
351 508 443 327 483 
352 509 508 483 325 
353 483 513 511 512 
354 513 327 486 511 
355 486 517 515 516 
356 517 485 518 515 
357 515 518 488 519 
358 516 515 519 418 
359 308 521 520 335 
360 335 520 522 107 
361 325 525 523 524 
362 525 483 512 523 
363 328 484 527 528 
364 484 305 469 527 
365 527 469 414 529 
366 528 527 529 466 
367 530 494 305 532 
368 531 530 532 484 
369 512 535 533 534 
370 535 511 536 533 
371 533 536 514 537 
372 534 533 537 481 
373 538 531 484 540 
374 539 538 540 328 
375 523 543 541 542 
376 543 512 534 541 
377 541 534 481 544 
378 145 547 545 546 
379 547 326 509 545 
380 545 509 325 521 
381 546 545 521 308 
382 521 550 548 549 
383 550 325 524 548 
384 548 524 482 551 
385 549 548 551 520 
386 524 554 552 553 
387 554 523 542 552 
388 552 542 526 555 
389 553 552 555 482 
390 526 544 556 557 
391 544 481 558 556 
392 556 558 531 559 
393 557 556 559 538 
394 542 562 560 561 
395 562 541 563 560 
396 560 563 544 564 
397 561 560 564 526 
398 50 566 565 320 
399 566 297 567 565 
400 565 567 316 568 
401 320 565 568 93 
402 1 571 569 570 
403 571 12 161 569 
404 569 161 10 78 
405 570 569 78 11 
406 16 573 572 424 
407 573 2 574 572 
408 572 574 17 287 
409 424 572 287 15 
410 10 577 575 576 
411 577 25 165 575 
412 575 165 23 82 
413 576 575 82 24 
414 32 579 578 427 
415 579 15 580 578 
416 578 580 33 291 
417 427 578 291 31 
418 23 583 581 582 
419 583 41 169 581 
420 581 169 39 86 
421 582 581 86 40 
422 48 585 584 430 
423 585 31 586 584 
424 584 586 49 295 
425 430 584 295 47 
426 39 589 587 588 
427 589 57 173 587 
428 587 173 55 90 
429 588 587 90 56 
430 64 591 590 433 
431 591 47 592 590 
432 590 592 65 299 
433 433 590 299 63 
434 58 594 593 179 
435 594 105 435 593 
436 593 435 104 144 
437 179 593 144 74 
438 74 596 595 205 
439 596 144 597 595 
440 595 597 143 210 
441 205 595 210 110 
442 144 599 598 597 
443 599 104 506 598 
444 598 506 145 307 
445 597 598 307 143 
446 142 159 600 370 
447 159 111 226 600 
448 600 226 153 601 
449 370 600 601 151 
450 139 603 602 366 
451 603 157 199 602 
452 602 199 155 604 
453 366 602 604 156 
454 155 202 605 606 
455 202 158 250 605 
456 605 250 111 607 
457 606 605 607 159 
458 156 604 608 399 
459 604 155 606 608 
460 608 606 159 609 
461 399 608 609 142 
462 110 611 610 240 
463 611 210 612 610 
464 610 612 209 283 
465 240 610 283 149 
466 236 614 613 259 
467 614 245 278 613 
468 613 278 248 615 
469 259 613 615 221 
470 5 285 616 265 
471 285 212 617 616 
472 616 617 261 618 
473 265 616 618 192 
474 196 273 619 275 
475 273 244 620 619 
476 619 620 267 621 
477 275 619 621 231 
478 65 623 622 300 
479 623 294 624 622 
480 622 624 297 566 
481 300 622 566 50 
482 63 626 625 437 
483 626 299 627 625 
484 625 627 298 338 
485 437 625 338 106 
486 307 630 628 629 
487 630 145 546 628 
488 628 546 308 334 
489 629 628 334 306 
490 106 632 631 441 
491 632 338 633 631 
492 631 633 337 447 
493 441 631 447 304 
494 132 355 634 635 
495 355 75 369 634 
496 634 369 152 636 
497 635 634 636 349 
498 352 393 637 638 
499 393 346 373 637 
500 637 373 75 639 
501 638 637 639 355 
502 346 397 640 641 
503 397 363 402 640 
504 640 402 372 642 
505 641 640 642 373 
506 66 449 643 415 
507 449 340 644 643 
508 643 644 410 645 
509 415 643 645 323 
510 344 453 646 470 
511 453 66 647 646 
512 646 647 415 648 
513 470 646 648 413 
514 420 465 649 474 
515 465 450 650 649 
516 649 650 453 651 
517 474 649 651 344 
518 107 522 652 653 
519 522 328 528 652 
520 652 528 466 654 
521 653 652 654 330 
522 458 480 655 498 
523 480 420 656 655 
524 655 656 474 657 
525 498 655 657 472 
526 485 659 658 518 
527 659 455 490 658 
528 658 490 417 660 
529 518 658 660 488 
530 488 660 661 662 
531 660 417 497 661 
532 661 497 473 663 
533 662 661 663 493 
534 511 665 664 536 
535 665 486 516 664 
536 664 516 418 666 
537 536 664 666 514 
538 520 551 667 668 
539 551 482 539 667 
540 667 539 328 669 
541 668 667 669 522 
542 481 537 670 558 
543 537 514 671 670 
544 670 671 530 672 
545 558 670 672 531 
546 514 666 673 671 
547 666 418 674 673 
548 673 674 494 675 
549 671 673 675 530 
550 482 555 676 677 
551 555 526 557 676 
552 676 557 538 678 
553 677 676 678 539 
554 47 680 679 592 
555 680 295 681 679 
556 679 681 294 623 
557 592 679 623 65 
558 309 336 682 683 
559 336 107 653 682 
560 682 653 330 684 
561 683 682 684 329 
562 418 519 685 674 
563 519 488 662 685 
564 685 662 493 686 
565 674 685 686 494 
