2 0.000000 100.000000 473.401889
691 571 
1 -23.547735 0.000000 -23.526742 99.762934 0.000000 -6.976837 -0.000132 
2 27.288707 0.000000 -23.526742 99.764959 0.000000 -6.930464 -0.000108 
3 27.288707 0.000000 23.775142 99.752457 0.000000 -6.941243 0.000127 
4 -23.547735 0.000000 23.775142 99.750537 0.000000 -6.977090 0.000115 
5 1.870486 0.000000 0.124200 101.738091 0.000000 0.737467 -0.035118 
6 -23.547735 0.000000 0.124200 99.756924 0.000000 -6.984011 -0.000022 
7 1.870486 0.000000 -23.526742 99.776796 0.000000 -6.954939 -0.000378 
8 27.288707 0.000000 0.124200 99.865460 0.000000 -5.400880 -0.000228 
9 1.870486 0.000000 23.775142 99.738462 0.000000 -6.957190 0.000384 
10 -10.838625 0.000000 -11.701271 99.782769 0.000000 -6.980244 -0.000532 
11 -23.547735 0.000000 -11.701271 99.762781 0.000000 -6.980748 -0.000134 
12 -10.838625 0.000000 -23.526742 99.770429 0.000000 -6.971957 -0.000275 
13 1.870486 0.000000 -11.701271 99.833727 0.000000 -6.899632 -0.001438 
14 -10.838625 0.000000 0.124200 99.758126 0.000000 -7.009801 -0.000082 
15 14.579597 0.000000 -11.701271 99.788676 0.000000 -6.811964 -0.000418 
16 14.579597 0.000000 -23.526742 99.771285 0.000000 -6.937523 -0.000244 
17 27.288707 0.000000 -11.701271 99.774116 0.000000 -6.787924 -0.000095 
18 14.579597 0.000000 0.124200 99.825214 0.000000 -5.928182 -0.000022 
19 -10.838625 0.000000 11.949671 99.732456 0.000000 -6.981157 0.000470 
20 -23.547735 0.000000 11.949671 99.750932 0.000000 -6.980944 0.000102 
21 1.870486 0.000000 11.949671 99.687160 0.000000 -6.906508 0.001477 
22 -10.838625 0.000000 23.775142 99.743654 0.000000 -6.972682 0.000259 
23 -4.484069 0.000000 -5.788536 99.861419 0.000000 -6.996138 -0.002125 
24 -10.838625 0.000000 -5.788536 99.782514 0.000000 -6.996382 -0.000550 
25 -4.484069 0.000000 -11.701271 99.811561 0.000000 -6.960494 -0.001080 
26 1.870486 0.000000 -5.788536 100.008976 0.000000 -6.726438 -0.004704 
27 -4.484069 0.000000 0.124200 99.759362 0.000000 -7.126253 -0.000271 
28 14.579597 0.000000 11.949671 99.740671 0.000000 -6.847038 0.000492 
29 27.288707 0.000000 11.949671 99.758031 0.000000 -6.861328 0.000126 
30 14.579597 0.000000 23.775142 99.745320 0.000000 -6.943311 0.000266 
31 8.225041 0.000000 -5.788536 99.870759 0.000000 -6.480869 -0.001617 
32 8.225041 0.000000 -11.701271 99.811777 0.000000 -6.839766 -0.000917 
33 14.579597 0.000000 -5.788536 99.812515 0.000000 -6.420761 -0.000376 
34 8.225041 0.000000 0.124200 90.966414 0.000000 -132.498106 -1.583064 
35 -4.484069 0.000000 6.036935 99.658708 0.000000 -6.998524 0.001916 
36 -10.838625 0.000000 6.036935 99.733518 0.000000 -6.997048 0.000427 
37 1.870486 0.000000 6.036935 99.526610 0.000000 -6.747185 0.004893 
38 -4.484069 0.000000 11.949671 99.705747 0.000000 -6.963022 0.001028 
39 -1.306792 0.000000 -2.832168 100.162724 0.000000 -7.005738 -0.008165 
40 -4.484069 0.000000 -2.832168 99.863511 0.000000 -7.062181 -0.002260 
41 -1.306792 0.000000 -5.788536 99.957607 0.000000 -6.919592 -0.003940 
42 1.870486 0.000000 -2.832168 100.386780 0.000000 -6.298224 -0.011717 
43 -1.306792 0.000000 0.124200 99.662581 0.000000 -7.813178 0.000632 
44 8.225041 0.000000 6.036935 99.693300 0.000000 -6.569395 0.001809 
45 14.579597 0.000000 6.036935 99.758327 0.000000 -6.605864 0.000464 
46 8.225041 0.000000 11.949671 99.714242 0.000000 -6.857921 0.001004 
47 5.047764 0.000000 -2.832168 100.102893 0.000000 -5.828630 -0.005456 
48 5.047764 0.000000 -5.788536 99.943445 0.000000 -6.558601 -0.003171 
49 8.225041 0.000000 -2.832168 99.956437 0.000000 -5.548656 -0.002208 
50 5.047764 0.000000 0.124200 99.930879 0.000000 -9.166007 -0.007020 
51 -1.306792 0.000000 3.080568 99.390054 0.000000 -7.016155 0.007239 
52 -4.484069 0.000000 3.080568 99.658169 0.000000 -7.062520 0.001837 
53 1.870486 0.000000 3.080568 99.180510 0.000000 -6.430739 0.012187 
54 -1.306792 0.000000 6.036935 99.568696 0.000000 -6.927506 0.003808 
55 0.281847 0.000000 -1.353984 101.090877 0.000000 -6.148855 -0.025717 
56 -1.306792 0.000000 -1.353984 100.318116 0.000000 -7.252638 -0.011633 
57 0.281847 0.000000 -2.832168 100.379203 0.000000 -6.705933 -0.012095 
58 1.870486 0.000000 -1.353984 100.931924 0.000000 -5.143505 -0.021371 
59 0.281847 0.000000 0.124200 104.523012 0.000000 -0.000000 -0.092506 
60 5.047764 0.000000 3.080568 99.519260 0.000000 -6.075031 0.005901 
61 8.225041 0.000000 3.080568 99.716953 0.000000 -6.063047 0.001977 
62 5.047764 0.000000 6.036935 99.608284 0.000000 -6.603694 0.003458 
63 3.459125 0.000000 -1.353984 100.610620 0.000000 -4.127204 -0.013953 
64 3.459125 0.000000 -2.832168 100.236823 0.000000 -5.998293 -0.008340 
65 5.047764 0.000000 -1.353984 100.415322 0.000000 -3.213607 -0.009356 
66 3.459125 0.000000 0.124200 101.026249 0.000000 -0.000000 -0.020630 
67 0.281847 0.000000 1.602384 98.745767 0.000000 -6.640751 0.020517 
68 -1.306792 0.000000 1.602384 99.276347 0.000000 -7.209265 0.009223 
69 1.870486 0.000000 1.602384 98.794930 0.000000 -6.165804 0.020154 
70 0.281847 0.000000 3.080568 99.194228 0.000000 -6.779762 0.011454 
71 1.076167 0.000000 -0.614892 102.217743 0.000000 1.270010 -0.045008 
72 0.281847 0.000000 -0.614892 102.349351 0.000000 -3.420224 -0.048709 
73 1.076167 0.000000 -1.353984 101.000330 0.000000 -5.620437 -0.023266 
74 1.870486 0.000000 -0.614892 100.984310 0.000000 1.243258 -0.019938 
75 1.076167 0.000000 0.124200 101.979609 0.000000 0.981125 -0.040080 
76 3.459125 0.000000 1.602384 99.160491 0.000000 -5.695190 0.013476 
77 5.047764 0.000000 1.602384 99.411592 0.000000 -5.477341 0.008733 
78 3.459125 0.000000 3.080568 99.351108 0.000000 -6.180945 0.009115 
79 2.664805 0.000000 -0.614892 101.693088 0.000000 -0.175023 -0.034151 
80 2.664805 0.000000 -1.353984 100.772588 0.000000 -4.646885 -0.017671 
81 3.459125 0.000000 -0.614892 101.564303 0.000000 1.790741 -0.031851 
82 2.664805 0.000000 0.124200 101.252553 0.000000 0.000000 -0.025208 
83 1.076167 0.000000 0.863292 102.415464 0.000000 1.265428 -0.049053 
84 0.281847 0.000000 0.863292 98.512329 0.000000 -6.033735 0.025892 
85 1.870486 0.000000 0.863292 100.771071 0.000000 1.230723 -0.015632 
86 1.076167 0.000000 1.602384 98.733475 0.000000 -6.396078 0.021079 
87 1.473326 0.000000 -0.245346 101.599652 0.000000 1.256546 -0.032407 
88 1.076167 0.000000 -0.245346 101.722733 0.000000 1.258519 -0.034910 
89 1.473326 0.000000 -0.614892 101.601064 0.000000 1.256267 -0.032435 
90 1.870486 0.000000 -0.245346 101.480376 0.000000 1.253579 -0.029984 
91 1.473326 0.000000 0.124200 102.434264 0.000000 0.878994 -0.049355 
92 -17.193180 0.000000 -5.788536 99.765581 0.000000 -6.987600 -0.000200 
93 -23.547735 0.000000 -5.788536 99.760590 0.000000 -6.982987 -0.000094 
94 -17.193180 0.000000 -11.701271 99.768754 0.000000 -6.981969 -0.000255 
95 -17.193180 0.000000 0.124200 99.757289 0.000000 -6.990690 -0.000039 
96 -7.661347 0.000000 -2.832168 99.794360 0.000000 -7.029071 -0.000832 
97 -10.838625 0.000000 -2.832168 99.773554 0.000000 -7.005898 -0.000384 
98 -7.661347 0.000000 -5.788536 99.805929 0.000000 -7.001059 -0.001024 
99 -7.661347 0.000000 0.124200 99.758777 0.000000 -7.042857 -0.000142 
100 -2.895430 0.000000 -1.353984 99.923707 0.000000 -7.190950 -0.003646 
101 -4.484069 0.000000 -1.353984 99.827143 0.000000 -7.105988 -0.001595 
102 -2.895430 0.000000 -2.832168 99.962860 0.000000 -7.076047 -0.004264 
103 -2.895430 0.000000 0.124200 99.754900 0.000000 -7.262589 -0.000379 
104 -0.512472 0.000000 -0.614892 101.841178 0.000000 -7.654552 -0.043022 
105 -1.306792 0.000000 -0.614892 100.236460 0.000000 -7.612365 -0.010530 
106 -0.512472 0.000000 -1.353984 100.847778 0.000000 -6.967649 -0.021882 
107 -0.512472 0.000000 0.124200 98.793528 0.000000 -10.102511 0.013778 
108 0.679007 0.000000 -0.245346 102.304464 0.000000 1.268974 -0.046781 
109 0.281847 0.000000 -0.245346 103.088210 0.000000 1.707983 -0.063010 
110 0.679007 0.000000 -0.614892 101.220430 0.000000 -3.381144 -0.025701 
111 0.679007 0.000000 0.124200 102.243976 0.000000 0.609620 -0.045420 
112 2.664805 0.000000 0.863292 98.559498 0.000000 -7.279322 0.023304 
113 3.459125 0.000000 0.863292 98.943015 0.000000 -6.340246 0.017008 
114 2.664805 0.000000 1.602384 98.959629 0.000000 -5.913318 0.017202 
115 1.473326 0.000000 0.493746 101.599500 0.000000 1.256442 -0.032404 
116 1.076167 0.000000 0.493746 101.755448 0.000000 1.259827 -0.035576 
117 1.870486 0.000000 0.493746 101.388395 0.000000 1.253919 -0.028118 
118 1.473326 0.000000 0.863292 101.582339 0.000000 1.269505 -0.032058 
119 1.274746 0.000000 -0.060573 103.473509 0.000000 0.590933 -0.070712 
120 1.076167 0.000000 -0.060573 102.685795 0.000000 0.502107 -0.054462 
121 1.274746 0.000000 -0.245346 101.674237 0.000000 1.257898 -0.033923 
122 1.473326 0.000000 -0.060573 103.012307 0.000000 0.604052 -0.061190 
123 1.274746 0.000000 0.124200 102.753152 0.000000 0.870077 -0.055897 
124 2.267646 0.000000 -0.245346 100.905571 0.000000 1.239012 -0.018347 
125 2.267646 0.000000 -0.614892 101.726584 0.000000 -1.058961 -0.034942 
126 2.664805 0.000000 -0.245346 102.388451 0.000000 1.170717 -0.048477 
127 2.267646 0.000000 0.124200 101.300302 0.000000 0.471989 -0.026197 
128 1.671906 0.000000 -0.060573 102.502526 0.000000 0.593351 -0.050712 
129 1.671906 0.000000 -0.245346 101.526348 0.000000 1.254845 -0.030917 
130 1.870486 0.000000 -0.060573 101.873575 0.000000 0.558700 -0.037854 
131 1.671906 0.000000 0.124200 102.160703 0.000000 0.776411 -0.043741 
132 2.267646 0.000000 0.493746 100.850299 0.000000 1.235874 -0.017231 
133 2.664805 0.000000 0.493746 95.442169 0.000000 -51.321345 -0.174309 
134 2.267646 0.000000 0.863292 98.472548 0.000000 -7.869548 0.024123 
135 2.069066 0.000000 -0.060573 101.542856 0.000000 0.434365 -0.031114 
136 2.069066 0.000000 -0.245346 101.104826 0.000000 1.248195 -0.022374 
137 2.267646 0.000000 -0.060573 101.375413 0.000000 0.325617 -0.027708 
138 2.069066 0.000000 0.124200 101.449924 0.000000 0.602998 -0.029245 
139 20.934152 0.000000 -5.788536 99.805547 0.000000 -6.353248 -0.000151 
140 20.934152 0.000000 -11.701271 99.778037 0.000000 -6.799616 -0.000189 
141 27.288707 0.000000 -5.788536 99.808158 0.000000 -6.267745 -0.000095 
142 20.934152 0.000000 0.124200 99.887566 0.000000 -5.071393 -0.000324 
143 11.402319 0.000000 -2.832168 99.894599 0.000000 -5.355368 -0.000761 
144 11.402319 0.000000 -5.788536 99.831402 0.000000 -6.443990 -0.000783 
145 14.579597 0.000000 -2.832168 99.895264 0.000000 -5.111484 -0.000519 
146 11.402319 0.000000 0.124200 99.403257 0.000000 -11.897411 -0.002256 
147 6.636403 0.000000 -1.353984 100.473342 0.000000 -2.038385 -0.009905 
148 6.636403 0.000000 -2.832168 100.025292 0.000000 -5.681408 -0.003734 
149 8.225041 0.000000 -1.353984 100.350777 0.000000 -0.645974 -0.007070 
150 6.636403 0.000000 0.124200 99.173402 0.000000 -15.301239 -0.006949 
151 4.253444 0.000000 -0.614892 101.237210 0.000000 3.001163 -0.025798 
152 4.253444 0.000000 -1.353984 100.455779 0.000000 -3.661790 -0.010477 
153 5.047764 0.000000 -0.614892 101.092009 0.000000 3.464232 -0.023160 
154 4.253444 0.000000 0.124200 100.790938 0.000000 -9.971635 -0.025825 
155 3.061965 0.000000 -0.245346 102.343083 0.000000 1.448844 -0.047621 
156 3.061965 0.000000 -0.614892 101.717942 0.000000 0.791279 -0.034717 
157 3.459125 0.000000 -0.245346 101.504439 0.000000 1.928430 -0.030687 
158 3.061965 0.000000 0.124200 101.134954 0.000000 -0.000000 -0.022828 
159 2.466226 0.000000 -0.060573 101.260695 0.000000 0.213007 -0.025377 
160 2.466226 0.000000 -0.245346 100.746115 0.000000 1.228780 -0.015129 
161 2.664805 0.000000 -0.060573 101.253510 0.000000 0.000000 -0.025227 
162 2.466226 0.000000 0.124200 101.214900 0.000000 0.323092 -0.024456 
163 20.934152 0.000000 6.036935 99.770262 0.000000 -6.643298 0.000176 
164 27.288707 0.000000 6.036935 99.772896 0.000000 -6.675986 0.000080 
165 20.934152 0.000000 11.949671 99.752990 0.000000 -6.853260 0.000237 
166 11.402319 0.000000 3.080568 99.776603 0.000000 -6.137455 0.000696 
167 14.579597 0.000000 3.080568 99.793180 0.000000 -6.210965 0.000275 
168 11.402319 0.000000 6.036935 99.736674 0.000000 -6.581053 0.000929 
169 6.636403 0.000000 1.602384 99.650495 0.000000 -5.308807 0.004160 
170 8.225041 0.000000 1.602384 99.778393 0.000000 -5.403813 0.001507 
171 6.636403 0.000000 3.080568 99.640129 0.000000 -6.043189 0.003532 
172 4.253444 0.000000 0.863292 100.317484 0.000000 -7.667741 -0.012239 
173 5.047764 0.000000 0.863292 98.008231 0.000000 -8.220895 0.032680 
174 4.253444 0.000000 1.602384 99.337885 0.000000 -5.588736 0.010075 
175 3.061965 0.000000 0.493746 96.300070 0.000000 -39.694978 -0.084939 
176 3.459125 0.000000 0.493746 97.473881 0.000000 -28.849424 -0.033345 
177 3.061965 0.000000 0.863292 98.719866 0.000000 -6.751785 0.020880 
178 2.863385 0.000000 -0.060573 101.160857 0.000000 -0.000000 -0.023352 
179 2.863385 0.000000 -0.245346 102.347583 0.000000 1.305429 -0.047673 
180 3.061965 0.000000 -0.060573 101.114962 0.000000 -0.000000 -0.022424 
181 2.863385 0.000000 0.124200 101.173503 0.000000 -0.000000 -0.023608 
182 3.856285 0.000000 -0.245346 101.130823 0.000000 1.181307 -0.022884 
183 3.856285 0.000000 -0.614892 101.360174 0.000000 2.503737 -0.028015 
184 4.253444 0.000000 -0.245346 101.018882 0.000000 0.541652 -0.020511 
185 3.856285 0.000000 0.124200 100.968568 0.000000 0.000000 -0.019465 
186 3.856285 0.000000 0.493746 100.945768 0.000000 -23.723008 -0.075283 
187 4.253444 0.000000 0.493746 114.589725 0.000000 -37.694464 -0.455168 
188 3.856285 0.000000 0.863292 99.341420 0.000000 -6.241437 0.009233 
189 3.657705 0.000000 -0.060573 100.977996 0.000000 0.000000 -0.019656 
190 3.459125 0.000000 -0.060573 101.019529 0.000000 -0.000000 -0.020495 
191 3.657705 0.000000 -0.245346 101.141346 0.000000 1.632073 -0.023224 
192 3.856285 0.000000 -0.060573 100.982519 0.000000 0.000000 -0.019747 
193 3.657705 0.000000 0.124200 100.984701 0.000000 0.000000 -0.019791 
194 1.671906 0.000000 0.308973 101.516309 0.000000 1.254671 -0.030714 
195 1.473326 0.000000 0.308973 101.598744 0.000000 1.256618 -0.032388 
196 1.870486 0.000000 0.308973 101.467220 0.000000 1.253274 -0.029717 
197 1.671906 0.000000 0.493746 101.536752 0.000000 1.255012 -0.031129 
198 1.771196 0.000000 0.031813 101.613216 0.000000 0.830325 -0.032594 
199 1.671906 0.000000 0.031813 101.830174 0.000000 0.878374 -0.037016 
200 1.771196 0.000000 -0.060573 102.226301 0.000000 0.575553 -0.045055 
201 1.870486 0.000000 0.031813 101.900338 0.000000 0.520820 -0.038395 
202 1.771196 0.000000 0.124200 101.877244 0.000000 0.852285 -0.037970 
203 2.069066 0.000000 0.308973 101.099844 0.000000 1.247950 -0.022274 
204 2.267646 0.000000 0.308973 100.904392 0.000000 1.238938 -0.018323 
205 2.069066 0.000000 0.493746 101.040063 0.000000 1.245717 -0.021065 
206 1.969776 0.000000 0.031813 101.764020 0.000000 0.415956 -0.035609 
207 1.969776 0.000000 -0.060573 101.742970 0.000000 0.498886 -0.035188 
208 2.069066 0.000000 0.031813 101.559142 0.000000 0.402619 -0.031442 
209 1.969776 0.000000 0.124200 101.602212 0.000000 0.794781 -0.032364 
210 1.771196 0.000000 0.216586 101.475959 0.000000 1.253627 -0.029894 
211 1.671906 0.000000 0.216586 101.507748 0.000000 1.254523 -0.030540 
212 1.870486 0.000000 0.216586 101.456099 0.000000 1.253012 -0.029491 
213 1.771196 0.000000 0.308973 101.486632 0.000000 1.253855 -0.030111 
214 1.820841 0.000000 0.078007 102.000755 0.000000 0.595077 -0.040451 
215 1.771196 0.000000 0.078007 102.186350 0.000000 0.617916 -0.044243 
216 1.820841 0.000000 0.031813 102.091689 0.000000 0.416613 -0.042289 
217 1.870486 0.000000 0.078007 101.844372 0.000000 0.596748 -0.037263 
218 1.820841 0.000000 0.124200 101.666149 0.000000 0.978614 -0.033696 
219 1.572616 0.000000 0.031813 102.170799 0.000000 0.893936 -0.043967 
220 1.473326 0.000000 0.031813 102.626257 0.000000 0.802435 -0.053279 
221 1.572616 0.000000 -0.060573 102.864091 0.000000 0.604047 -0.058139 
222 1.572616 0.000000 0.124200 102.528094 0.000000 0.785580 -0.051263 
223 1.721551 0.000000 0.078007 101.533333 0.000000 0.969203 -0.030996 
224 1.671906 0.000000 0.078007 101.764390 0.000000 0.915560 -0.035683 
225 1.721551 0.000000 0.031813 101.554644 0.000000 0.922034 -0.031420 
226 1.721551 0.000000 0.124200 102.130171 0.000000 0.764840 -0.043116 
227 -4.484069 0.000000 -17.614007 99.786477 0.000000 -6.961602 -0.000580 
228 -10.838625 0.000000 -17.614007 99.776057 0.000000 -6.973713 -0.000389 
229 -4.484069 0.000000 -23.526742 99.774786 0.000000 -6.965017 -0.000352 
230 1.870486 0.000000 -17.614007 99.792011 0.000000 -6.939381 -0.000660 
231 -1.306792 0.000000 -8.744904 99.871168 0.000000 -6.925181 -0.002221 
232 -4.484069 0.000000 -8.744904 99.832280 0.000000 -6.967923 -0.001504 
233 -1.306792 0.000000 -11.701271 99.825908 0.000000 -6.936291 -0.001332 
234 1.870486 0.000000 -8.744904 99.884948 0.000000 -6.849970 -0.002392 
235 0.281847 0.000000 -4.310352 100.128116 0.000000 -6.789937 -0.007174 
236 -1.306792 0.000000 -4.310352 100.040376 0.000000 -6.938556 -0.005622 
237 0.281847 0.000000 -5.788536 100.000583 0.000000 -6.832673 -0.004680 
238 1.870486 0.000000 -4.310352 100.141039 0.000000 -6.594778 -0.007172 
239 1.076167 0.000000 -2.093076 100.640920 0.000000 -6.268522 -0.016789 
240 0.281847 0.000000 -2.093076 100.617435 0.000000 -6.594969 -0.016736 
241 1.076167 0.000000 -2.832168 100.412425 0.000000 -6.498038 -0.012488 
242 1.870486 0.000000 -2.093076 100.591242 0.000000 -5.974127 -0.015429 
243 1.473326 0.000000 -0.984438 101.263952 0.000000 -4.518175 -0.027480 
244 1.076167 0.000000 -0.984438 101.211577 0.000000 -4.840478 -0.026721 
245 1.473326 0.000000 -1.353984 100.982530 0.000000 -5.387535 -0.022650 
246 1.870486 0.000000 -0.984438 101.232624 0.000000 -4.096226 -0.026482 
247 1.671906 0.000000 -0.430119 101.546203 0.000000 1.255169 -0.031321 
248 1.473326 0.000000 -0.430119 101.600484 0.000000 1.256384 -0.032424 
249 1.671906 0.000000 -0.614892 101.230262 0.000000 1.252807 -0.024914 
250 1.870486 0.000000 -0.430119 101.270896 0.000000 1.253010 -0.025736 
251 1.771196 0.000000 -0.152960 101.658027 0.000000 1.020119 -0.033539 
252 1.671906 0.000000 -0.152960 101.937406 0.000000 1.031178 -0.039230 
253 1.771196 0.000000 -0.245346 101.499109 0.000000 1.254118 -0.030364 
254 1.870486 0.000000 -0.152960 101.647810 0.000000 1.012135 -0.033330 
255 1.820841 0.000000 -0.014380 102.182243 0.000000 0.298303 -0.044130 
256 1.771196 0.000000 -0.014380 102.258605 0.000000 0.458329 -0.045703 
257 1.820841 0.000000 -0.060573 102.042384 0.000000 0.543659 -0.041294 
258 1.870486 0.000000 -0.014380 101.917971 0.000000 0.499301 -0.038752 
259 1.796019 0.000000 0.054910 101.088938 0.000000 1.047877 -0.022007 
260 1.771196 0.000000 0.054910 101.113137 0.000000 1.071643 -0.022501 
261 1.796019 0.000000 0.031813 102.227987 0.000000 0.437773 -0.045075 
262 1.820841 0.000000 0.054910 102.044008 0.000000 0.535972 -0.041327 
263 1.796019 0.000000 0.078007 102.158797 0.000000 0.555345 -0.043673 
264 1.721551 0.000000 -0.014380 102.345823 0.000000 0.554538 -0.047497 
265 1.671906 0.000000 -0.014380 102.641136 0.000000 0.523570 -0.053548 
266 1.721551 0.000000 -0.060573 102.281906 0.000000 0.650563 -0.046201 
267 1.796019 0.000000 0.008717 102.270134 0.000000 0.344120 -0.045930 
268 1.771196 0.000000 0.008717 102.258899 0.000000 0.455292 -0.045709 
269 1.796019 0.000000 -0.014380 102.262687 0.000000 0.364504 -0.045779 
270 1.820841 0.000000 0.008717 102.225535 0.000000 0.240713 -0.045012 
271 1.969776 0.000000 0.216586 101.346137 0.000000 1.252583 -0.027261 
272 2.069066 0.000000 0.216586 101.162099 0.000000 1.249792 -0.023533 
273 1.969776 0.000000 0.308973 101.297413 0.000000 1.252465 -0.026273 
274 1.920131 0.000000 0.078007 101.767562 0.000000 0.644418 -0.035705 
275 1.920131 0.000000 0.031813 101.804469 0.000000 0.525141 -0.036443 
276 1.969776 0.000000 0.078007 101.739585 0.000000 0.554468 -0.035125 
277 1.920131 0.000000 0.124200 101.728680 0.000000 0.721770 -0.034925 
278 1.845664 0.000000 0.054910 102.005356 0.000000 0.502237 -0.040534 
279 1.845664 0.000000 0.031813 102.045251 0.000000 0.450460 -0.041344 
280 1.870486 0.000000 0.054910 101.872519 0.000000 0.557289 -0.037832 
281 1.845664 0.000000 0.078007 101.855246 0.000000 0.600834 -0.037485 
282 1.808430 0.000000 0.043362 101.291435 0.000000 0.929909 -0.026082 
283 1.796019 0.000000 0.043362 101.142177 0.000000 1.015480 -0.023077 
284 1.808430 0.000000 0.031813 102.223077 0.000000 0.418880 -0.044973 
285 1.820841 0.000000 0.043362 102.056150 0.000000 0.462837 -0.041567 
286 1.808430 0.000000 0.054910 101.134749 0.000000 1.008996 -0.022926 
287 -17.193180 0.000000 6.036935 99.748892 0.000000 -6.987845 0.000133 
288 -23.547735 0.000000 6.036935 99.753220 0.000000 -6.983100 0.000053 
289 -17.193180 0.000000 11.949671 99.745469 0.000000 -6.982361 0.000209 
290 -7.661347 0.000000 3.080568 99.723567 0.000000 -7.029266 0.000580 
291 -10.838625 0.000000 3.080568 99.742752 0.000000 -7.006257 0.000230 
292 -7.661347 0.000000 6.036935 99.711384 0.000000 -7.002341 0.000861 
293 -2.895430 0.000000 1.602384 99.599608 0.000000 -7.183025 0.002832 
294 -4.484069 0.000000 1.602384 99.693070 0.000000 -7.105041 0.001081 
295 -2.895430 0.000000 3.080568 99.565770 0.000000 -7.076180 0.003659 
296 -0.512472 0.000000 0.863292 98.352784 0.000000 -7.257490 0.027406 
297 -1.306792 0.000000 0.863292 99.270753 0.000000 -7.485024 0.008929 
298 -0.512472 0.000000 1.602384 98.929324 0.000000 -7.033220 0.016352 
299 0.679007 0.000000 0.493746 102.365230 0.000000 1.267559 -0.048025 
300 0.281847 0.000000 0.493746 100.307540 0.000000 -7.559851 -0.011875 
301 0.679007 0.000000 0.863292 99.166768 0.000000 -6.970190 0.011737 
302 1.274746 0.000000 0.308973 101.682807 0.000000 1.258124 -0.034098 
303 1.076167 0.000000 0.308973 101.735082 0.000000 1.258742 -0.035161 
304 1.274746 0.000000 0.493746 101.663234 0.000000 1.257618 -0.033699 
305 1.572616 0.000000 0.216586 101.549969 0.000000 1.255602 -0.031397 
306 1.473326 0.000000 0.216586 101.598458 0.000000 1.256697 -0.032383 
307 1.572616 0.000000 0.308973 101.554867 0.000000 1.255637 -0.031497 
308 1.622261 0.000000 0.078007 102.001169 0.000000 0.898555 -0.040505 
309 1.572616 0.000000 0.078007 102.146254 0.000000 0.915582 -0.043470 
310 1.622261 0.000000 0.031813 102.218635 0.000000 0.788536 -0.044927 
311 1.622261 0.000000 0.124200 102.000644 0.000000 1.001105 -0.040513 
312 1.696729 0.000000 0.054910 101.274579 0.000000 1.095982 -0.025774 
313 1.671906 0.000000 0.054910 101.688133 0.000000 0.942665 -0.034137 
314 1.696729 0.000000 0.031813 101.697936 0.000000 0.917529 -0.034331 
315 1.721551 0.000000 0.054910 101.375883 0.000000 1.023719 -0.027812 
316 1.696729 0.000000 0.078007 101.739234 0.000000 0.906049 -0.035169 
317 1.374036 0.000000 0.031813 102.617967 0.000000 0.921822 -0.053130 
318 1.274746 0.000000 0.031813 103.025856 0.000000 0.841415 -0.061504 
319 1.374036 0.000000 -0.060573 103.266064 0.000000 0.608376 -0.066425 
320 1.374036 0.000000 0.124200 102.858165 0.000000 0.786277 -0.058042 
321 1.522971 0.000000 0.078007 102.115480 0.000000 0.965040 -0.042850 
322 1.473326 0.000000 0.078007 102.367560 0.000000 0.904234 -0.047994 
323 1.522971 0.000000 0.031813 102.232397 0.000000 0.916367 -0.045230 
324 1.522971 0.000000 0.124200 102.561990 0.000000 0.784323 -0.051958 
325 0.877587 0.000000 -0.060573 102.200190 0.000000 0.432977 -0.044507 
326 0.679007 0.000000 -0.060573 102.300767 0.000000 0.325684 -0.046555 
327 0.877587 0.000000 -0.245346 102.093572 0.000000 1.268184 -0.042471 
328 0.877587 0.000000 0.124200 102.031911 0.000000 0.743531 -0.041106 
329 1.175457 0.000000 0.031813 102.911801 0.000000 0.846610 -0.059156 
330 1.076167 0.000000 0.031813 102.712032 0.000000 0.439544 -0.054995 
331 1.175457 0.000000 -0.060573 103.136963 0.000000 0.587797 -0.063758 
332 1.175457 0.000000 0.124200 102.675280 0.000000 0.763009 -0.054280 
333 1.374036 0.000000 0.216586 101.647473 0.000000 1.257644 -0.033379 
334 1.274746 0.000000 0.216586 101.691108 0.000000 1.258336 -0.034266 
335 1.374036 0.000000 0.308973 101.643061 0.000000 1.257477 -0.033289 
336 1.324391 0.000000 0.078007 102.606943 0.000000 0.973733 -0.052913 
337 1.274746 0.000000 0.078007 102.817249 0.000000 0.933311 -0.057226 
338 1.324391 0.000000 0.031813 102.782789 0.000000 0.913675 -0.056514 
339 1.374036 0.000000 0.078007 102.588592 0.000000 0.927120 -0.052528 
340 1.324391 0.000000 0.124200 102.905910 0.000000 0.780763 -0.059024 
341 0.877587 0.000000 0.308973 102.029561 0.000000 1.266754 -0.041164 
342 0.679007 0.000000 0.308973 102.305735 0.000000 1.268918 -0.046807 
343 0.877587 0.000000 0.493746 102.159846 0.000000 1.269259 -0.043825 
344 1.175457 0.000000 0.216586 101.724766 0.000000 1.258751 -0.034951 
345 1.076167 0.000000 0.216586 101.746441 0.000000 1.258938 -0.035392 
346 1.175457 0.000000 0.308973 101.714079 0.000000 1.258535 -0.034734 
347 1.225101 0.000000 0.078007 102.854086 0.000000 0.935620 -0.057984 
348 1.175457 0.000000 0.078007 102.851369 0.000000 0.684427 -0.057887 
349 1.225101 0.000000 0.031813 103.049891 0.000000 0.840172 -0.061999 
350 1.225101 0.000000 0.124200 102.454153 0.000000 0.998602 -0.049785 
351 0.976877 0.000000 0.031813 102.189944 0.000000 0.478204 -0.044301 
352 0.877587 0.000000 0.031813 102.224086 0.000000 0.328961 -0.044987 
353 0.976877 0.000000 -0.060573 102.230799 0.000000 0.533967 -0.045142 
354 0.976877 0.000000 0.124200 102.087820 0.000000 0.717670 -0.042244 
355 1.125812 0.000000 0.078007 102.759882 0.000000 0.674783 -0.056005 
356 1.076167 0.000000 0.078007 102.669897 0.000000 0.600468 -0.054147 
357 1.125812 0.000000 0.031813 102.839893 0.000000 0.550943 -0.057635 
358 1.125812 0.000000 0.124200 102.639882 0.000000 0.752450 -0.053551 
359 1.274746 0.000000 -0.430119 101.655477 0.000000 1.257410 -0.033542 
360 1.076167 0.000000 -0.430119 101.923463 0.000000 1.265013 -0.038999 
361 1.274746 0.000000 -0.614892 101.885324 0.000000 1.264725 -0.038222 
362 1.175457 0.000000 -0.152960 102.353579 0.000000 1.033918 -0.047732 
363 1.076167 0.000000 -0.152960 101.943743 0.000000 1.008419 -0.039354 
364 1.175457 0.000000 -0.245346 101.702734 0.000000 1.258296 -0.034503 
365 1.274746 0.000000 -0.152960 102.337318 0.000000 1.030246 -0.047399 
366 1.125812 0.000000 -0.014380 102.861941 0.000000 0.533941 -0.058086 
367 1.076167 0.000000 -0.014380 102.727705 0.000000 0.387581 -0.055313 
368 1.125812 0.000000 -0.060573 102.797092 0.000000 0.580542 -0.056758 
369 1.175457 0.000000 -0.014380 103.270995 0.000000 0.536735 -0.066519 
370 1.150634 0.000000 0.054910 102.598589 0.000000 1.134256 -0.052776 
371 1.125812 0.000000 0.054910 102.798337 0.000000 0.581097 -0.056784 
372 1.150634 0.000000 0.031813 103.121094 0.000000 0.561060 -0.063427 
373 1.175457 0.000000 0.054910 102.664913 0.000000 1.079688 -0.054125 
374 1.150634 0.000000 0.078007 102.805021 0.000000 0.680399 -0.056934 
375 1.225101 0.000000 -0.014380 103.970413 0.000000 0.367797 -0.080998 
376 1.225101 0.000000 -0.060573 103.421791 0.000000 0.526831 -0.069634 
377 1.274746 0.000000 -0.014380 103.811681 0.000000 0.448247 -0.077707 
378 1.150634 0.000000 0.008717 103.151651 0.000000 0.544616 -0.064056 
379 1.125812 0.000000 0.008717 102.862909 0.000000 0.533293 -0.058106 
380 1.150634 0.000000 -0.014380 103.150502 0.000000 0.545010 -0.064032 
381 1.175457 0.000000 0.008717 103.275043 0.000000 0.535827 -0.066602 
382 1.200279 0.000000 0.054910 102.698368 0.000000 1.034721 -0.054803 
383 1.200279 0.000000 0.031813 102.936519 0.000000 0.896811 -0.059673 
384 1.225101 0.000000 0.054910 102.752139 0.000000 1.000623 -0.055900 
385 1.200279 0.000000 0.078007 102.857850 0.000000 0.844499 -0.058045 
386 1.163045 0.000000 0.043362 102.669322 0.000000 1.078328 -0.054215 
387 1.150634 0.000000 0.043362 102.709129 0.000000 0.945899 -0.055006 
388 1.163045 0.000000 0.031813 103.168546 0.000000 0.559916 -0.064406 
389 1.175457 0.000000 0.043362 102.690300 0.000000 1.061222 -0.054642 
390 1.163045 0.000000 0.054910 102.636273 0.000000 1.110535 -0.053544 
391 3.260545 0.000000 -0.060573 101.085208 0.000000 -0.000000 -0.021822 
392 3.260545 0.000000 -0.245346 102.149468 0.000000 1.778904 -0.043768 
393 3.260545 0.000000 0.124200 101.083889 0.000000 -0.000000 -0.021795 
394 3.260545 0.000000 0.308973 99.219511 0.000000 -41.160975 -0.153874 
395 3.061965 0.000000 0.308973 99.071168 0.000000 -37.547888 -0.122494 
396 3.459125 0.000000 0.308973 99.516645 0.000000 -45.475649 -0.197160 
397 3.260545 0.000000 0.493746 96.864954 0.000000 -33.677712 -0.051701 
398 3.359835 0.000000 0.031813 101.049241 0.000000 -0.000000 -0.021095 
399 3.260545 0.000000 0.031813 101.082782 0.000000 -0.000000 -0.021773 
400 3.359835 0.000000 -0.060573 101.049320 0.000000 -0.000000 -0.021097 
401 3.459125 0.000000 0.031813 101.021832 0.000000 -0.000000 -0.020541 
402 3.359835 0.000000 0.124200 101.048559 0.000000 0.000000 -0.021081 
403 8.225041 0.000000 -17.614007 99.786915 0.000000 -6.917278 -0.000528 
404 8.225041 0.000000 -23.526742 99.775092 0.000000 -6.944820 -0.000330 
405 14.579597 0.000000 -17.614007 99.777934 0.000000 -6.904167 -0.000330 
406 5.047764 0.000000 -8.744904 99.864277 0.000000 -6.777174 -0.001880 
407 5.047764 0.000000 -11.701271 99.825768 0.000000 -6.863577 -0.001229 
408 8.225041 0.000000 -8.744904 99.833422 0.000000 -6.734677 -0.001207 
409 3.459125 0.000000 -4.310352 100.082086 0.000000 -6.429886 -0.005777 
410 3.459125 0.000000 -5.788536 99.983857 0.000000 -6.629702 -0.004072 
411 5.047764 0.000000 -4.310352 100.006792 0.000000 -6.323002 -0.004134 
412 2.664805 0.000000 -2.093076 100.487979 0.000000 -5.713876 -0.013048 
413 2.664805 0.000000 -2.832168 100.319666 0.000000 -6.128961 -0.010160 
414 3.459125 0.000000 -2.093076 100.364714 0.000000 -5.506764 -0.010340 
415 3.061965 0.000000 -0.984438 101.025409 0.000000 -2.700988 -0.021343 
416 2.664805 0.000000 -0.984438 101.079533 0.000000 -3.210980 -0.022738 
417 3.061965 0.000000 -1.353984 100.697140 0.000000 -4.384268 -0.015914 
418 3.459125 0.000000 -0.984438 100.933018 0.000000 -2.144503 -0.019207 
419 3.260545 0.000000 -0.430119 102.028294 0.000000 2.836954 -0.041782 
420 3.061965 0.000000 -0.430119 102.129703 0.000000 2.367417 -0.043608 
421 3.260545 0.000000 -0.614892 101.671104 0.000000 1.308833 -0.033873 
422 3.459125 0.000000 -0.430119 101.779427 0.000000 3.193362 -0.036925 
423 3.359835 0.000000 -0.152960 101.619691 0.000000 0.151285 -0.032658 
424 3.260545 0.000000 -0.152960 102.147726 0.000000 -0.072855 -0.043416 
425 3.359835 0.000000 -0.245346 101.843780 0.000000 1.922538 -0.037585 
426 3.459125 0.000000 -0.152960 101.052881 0.000000 0.126137 -0.021170 
427 3.657705 0.000000 0.308973 99.727453 0.000000 -50.966100 -0.254311 
428 3.856285 0.000000 0.308973 102.159166 0.000000 -56.555821 -0.363506 
429 3.657705 0.000000 0.493746 98.205335 0.000000 -25.250923 -0.028190 
430 3.558415 0.000000 0.031813 101.000866 0.000000 -0.000000 -0.020117 
431 3.558415 0.000000 -0.060573 100.994741 0.000000 -0.000000 -0.019994 
432 3.657705 0.000000 0.031813 100.985245 0.000000 0.000000 -0.019802 
433 3.558415 0.000000 0.124200 100.968902 0.000000 0.000000 -0.019472 
434 3.409480 0.000000 -0.014380 101.034049 0.000000 -0.000000 -0.020788 
435 3.359835 0.000000 -0.014380 101.051329 0.000000 -0.000000 -0.021137 
436 3.409480 0.000000 -0.060573 101.036128 0.000000 -0.000000 -0.020830 
437 3.459125 0.000000 -0.014380 101.021498 0.000000 -0.000000 -0.020534 
438 3.409480 0.000000 0.031813 101.033384 0.000000 -0.000000 -0.020774 
439 4.253444 0.000000 -2.093076 100.254774 0.000000 -5.349544 -0.007964 
440 4.253444 0.000000 -2.832168 100.164137 0.000000 -5.900046 -0.006766 
441 5.047764 0.000000 -2.093076 100.189603 0.000000 -5.222345 -0.006523 
442 3.856285 0.000000 -0.984438 100.822529 0.000000 -1.621917 -0.016781 
443 3.856285 0.000000 -1.353984 100.526963 0.000000 -3.881237 -0.012073 
444 4.253444 0.000000 -0.984438 100.746677 0.000000 -1.137157 -0.015119 
445 3.657705 0.000000 -0.430119 101.557331 0.000000 3.329110 -0.032497 
446 3.657705 0.000000 -0.614892 101.444516 0.000000 2.180475 -0.029574 
447 3.856285 0.000000 -0.430119 101.442252 0.000000 3.340679 -0.030169 
448 3.558415 0.000000 -0.152960 100.995878 0.000000 0.000000 -0.020017 
449 3.558415 0.000000 -0.245346 101.267552 0.000000 1.818322 -0.025842 
450 3.657705 0.000000 -0.152960 101.010696 0.000000 0.000000 -0.020316 
451 3.508770 0.000000 -0.014380 101.011511 0.000000 -0.000000 -0.020333 
452 3.508770 0.000000 -0.060573 101.009921 0.000000 -0.000000 -0.020300 
453 3.558415 0.000000 -0.014380 101.002491 0.000000 -0.000000 -0.020150 
454 3.508770 0.000000 0.031813 101.011019 0.000000 -0.000000 -0.020323 
455 3.359835 0.000000 0.216586 100.481456 0.000000 -24.219340 -0.068310 
456 3.260545 0.000000 0.216586 100.140104 0.000000 -24.099307 -0.060882 
457 3.459125 0.000000 0.216586 100.859534 0.000000 -24.486616 -0.077224 
458 3.359835 0.000000 0.308973 99.361177 0.000000 -43.190640 -0.173807 
459 3.409480 0.000000 0.078007 101.040631 0.000000 -0.000000 -0.020921 
460 3.359835 0.000000 0.078007 101.049383 0.000000 -0.000000 -0.021098 
461 3.459125 0.000000 0.078007 101.023348 0.000000 -0.000000 -0.020572 
462 3.409480 0.000000 0.124200 101.034506 0.000000 -0.000000 -0.020797 
463 3.434302 0.000000 0.008717 101.028059 0.000000 0.000000 -0.020667 
464 3.409480 0.000000 0.008717 101.034298 0.000000 -0.000000 -0.020793 
465 3.434302 0.000000 -0.014380 101.028389 0.000000 -0.000000 -0.020674 
466 3.459125 0.000000 0.008717 101.021887 0.000000 -0.000000 -0.020542 
467 3.434302 0.000000 0.031813 101.026681 0.000000 -0.000000 -0.020639 
468 3.409480 0.000000 -0.106766 101.037770 0.000000 -0.000000 -0.020863 
469 3.359835 0.000000 -0.106766 101.046339 0.000000 -0.000000 -0.021036 
470 3.409480 0.000000 -0.152960 101.310383 0.000000 0.173873 -0.026382 
471 3.459125 0.000000 -0.106766 101.026283 0.000000 -0.000000 -0.020631 
472 3.434302 0.000000 -0.037477 101.026701 0.000000 -0.000000 -0.020639 
473 3.409480 0.000000 -0.037477 101.034897 0.000000 -0.000000 -0.020805 
474 3.434302 0.000000 -0.060573 101.030002 0.000000 -0.000000 -0.020706 
475 3.459125 0.000000 -0.037477 101.021783 0.000000 -0.000000 -0.020540 
476 3.558415 0.000000 0.216586 101.114095 0.000000 -24.854830 -0.084182 
477 3.657705 0.000000 0.216586 101.297477 0.000000 -25.253433 -0.089891 
478 3.558415 0.000000 0.308973 99.627290 0.000000 -48.058505 -0.223522 
479 3.508770 0.000000 0.078007 101.000187 0.000000 -0.000000 -0.020104 
480 3.558415 0.000000 0.078007 100.989936 0.000000 -0.000000 -0.019897 
481 3.508770 0.000000 0.124200 101.009479 0.000000 -0.000000 -0.020291 
482 3.483947 0.000000 0.008717 101.021386 0.000000 -0.000000 -0.020532 
483 3.483947 0.000000 -0.014380 101.020121 0.000000 -0.000000 -0.020506 
484 3.508770 0.000000 0.008717 101.011604 0.000000 -0.000000 -0.020334 
485 3.483947 0.000000 0.031813 101.014750 0.000000 -0.000000 -0.020398 
486 3.446714 0.000000 -0.002832 101.024297 0.000000 -0.000000 -0.020591 
487 3.434302 0.000000 -0.002832 101.027922 0.000000 0.000000 -0.020664 
488 3.446714 0.000000 -0.014380 101.022617 0.000000 -0.000000 -0.020557 
489 3.459125 0.000000 -0.002832 101.015261 0.000000 -0.000000 -0.020408 
490 3.446714 0.000000 0.008717 101.024873 0.000000 -0.000000 -0.020602 
491 3.161255 0.000000 0.031813 101.103925 0.000000 -0.000000 -0.022200 
492 3.061965 0.000000 0.031813 101.112780 0.000000 -0.000000 -0.022379 
493 3.161255 0.000000 -0.060573 101.101677 0.000000 -0.000000 -0.022155 
494 3.161255 0.000000 0.124200 101.096137 0.000000 -0.000000 -0.022043 
495 3.310190 0.000000 -0.014380 101.064028 0.000000 -0.000000 -0.021394 
496 3.260545 0.000000 -0.014380 101.081022 0.000000 -0.000000 -0.021737 
497 3.310190 0.000000 -0.060573 101.066208 0.000000 0.000000 -0.021438 
498 3.310190 0.000000 0.031813 101.063739 0.000000 -0.000000 -0.021388 
499 3.384657 0.000000 0.008717 101.042280 0.000000 -0.000000 -0.020954 
500 3.359835 0.000000 0.008717 101.051227 0.000000 0.000000 -0.021135 
501 3.384657 0.000000 -0.014380 101.040772 0.000000 -0.000000 -0.020924 
502 3.384657 0.000000 0.031813 101.044474 0.000000 -0.000000 -0.020999 
503 3.161255 0.000000 -0.152960 102.369002 0.000000 -0.371981 -0.047955 
504 3.061965 0.000000 -0.152960 101.140868 0.000000 -0.000000 -0.022948 
505 3.161255 0.000000 -0.245346 102.310199 0.000000 1.591381 -0.046991 
506 3.210900 0.000000 -0.014380 101.090362 0.000000 -0.000000 -0.021926 
507 3.161255 0.000000 -0.014380 101.104166 0.000000 -0.000000 -0.022205 
508 3.210900 0.000000 -0.060573 101.090623 0.000000 -0.000000 -0.021931 
509 3.210900 0.000000 0.031813 101.091052 0.000000 -0.000000 -0.021940 
510 3.310190 0.000000 0.078007 101.066720 0.000000 0.000000 -0.021448 
511 3.260545 0.000000 0.078007 101.085183 0.000000 -0.000000 -0.021821 
512 3.310190 0.000000 0.124200 101.068259 0.000000 0.000000 -0.021479 
513 3.285367 0.000000 0.008717 101.073791 0.000000 -0.000000 -0.021591 
514 3.260545 0.000000 0.008717 101.079169 0.000000 -0.000000 -0.021700 
515 3.285367 0.000000 -0.014380 101.075493 0.000000 -0.000000 -0.021626 
516 3.310190 0.000000 0.008717 101.064000 0.000000 -0.000000 -0.021393 
517 3.285367 0.000000 0.031813 101.076174 0.000000 -0.000000 -0.021639 
518 2.863385 0.000000 0.308973 99.253589 0.000000 -34.627394 -0.105033 
519 2.664805 0.000000 0.308973 99.392486 0.000000 -32.156463 -0.091290 
520 2.863385 0.000000 0.493746 95.659471 0.000000 -46.288064 -0.129332 
521 3.161255 0.000000 0.216586 99.959867 0.000000 -24.017772 -0.056883 
522 3.061965 0.000000 0.216586 99.861671 0.000000 -23.845623 -0.054097 
523 3.161255 0.000000 0.308973 99.135553 0.000000 -39.293013 -0.137180 
524 3.210900 0.000000 0.078007 101.092743 0.000000 -0.000000 -0.021974 
525 3.161255 0.000000 0.078007 101.101367 0.000000 -0.000000 -0.022149 
526 3.210900 0.000000 0.124200 101.091043 0.000000 -0.000000 -0.021940 
527 3.235723 0.000000 0.008717 101.085276 0.000000 -0.000000 -0.021823 
528 3.210900 0.000000 0.008717 101.090495 0.000000 -0.000000 -0.021929 
529 3.235723 0.000000 -0.014380 101.085293 0.000000 -0.000000 -0.021824 
530 3.235723 0.000000 0.031813 101.087189 0.000000 -0.000000 -0.021862 
531 2.962675 0.000000 0.031813 101.138047 0.000000 -0.000000 -0.022890 
532 2.863385 0.000000 0.031813 101.161950 0.000000 -0.000000 -0.023374 
533 2.962675 0.000000 -0.060573 101.136893 0.000000 -0.000000 -0.022867 
534 2.962675 0.000000 0.124200 101.121842 0.000000 -0.000000 -0.022563 
535 3.111610 0.000000 -0.014380 101.111376 0.000000 -0.000000 -0.022351 
536 3.061965 0.000000 -0.014380 101.113080 0.000000 -0.000000 -0.022385 
537 3.111610 0.000000 -0.060573 101.109681 0.000000 -0.000000 -0.022317 
538 3.111610 0.000000 0.031813 101.109296 0.000000 -0.000000 -0.022309 
539 3.186078 0.000000 0.008717 101.097663 0.000000 -0.000000 -0.022074 
540 3.161255 0.000000 0.008717 101.104217 0.000000 -0.000000 -0.022206 
541 3.186078 0.000000 -0.014380 101.097952 0.000000 -0.000000 -0.022080 
542 3.186078 0.000000 0.031813 101.098815 0.000000 -0.000000 -0.022097 
543 3.111610 0.000000 0.078007 101.109353 0.000000 -0.000000 -0.022310 
544 3.061965 0.000000 0.078007 101.113547 0.000000 -0.000000 -0.022395 
545 3.111610 0.000000 0.124200 101.113262 0.000000 -0.000000 -0.022389 
546 3.136433 0.000000 0.008717 101.107272 0.000000 -0.000000 -0.022268 
547 3.111610 0.000000 0.008717 101.112780 0.000000 -0.000000 -0.022379 
548 3.136433 0.000000 -0.014380 101.106969 0.000000 -0.000000 -0.022262 
549 3.136433 0.000000 0.031813 101.105971 0.000000 -0.000000 -0.022242 
550 3.210900 0.000000 -0.106766 101.092483 0.000000 -0.000000 -0.021969 
551 3.161255 0.000000 -0.106766 101.097878 0.000000 -0.000000 -0.022078 
552 3.210900 0.000000 -0.152960 101.093834 0.000000 0.000000 -0.021996 
553 3.260545 0.000000 -0.106766 101.083875 0.000000 -0.000000 -0.021795 
554 3.186078 0.000000 -0.037477 101.098746 0.000000 -0.000000 -0.022096 
555 3.161255 0.000000 -0.037477 101.103837 0.000000 -0.000000 -0.022199 
556 3.186078 0.000000 -0.060573 101.096245 0.000000 -0.000000 -0.022045 
557 3.210900 0.000000 -0.037477 101.090977 0.000000 -0.000000 -0.021939 
558 3.173666 0.000000 -0.002832 101.100007 0.000000 0.000000 -0.022121 
559 3.161255 0.000000 -0.002832 101.099940 0.000000 -0.000000 -0.022120 
560 3.173666 0.000000 -0.014380 101.099913 0.000000 -0.000000 -0.022119 
561 3.186078 0.000000 -0.002832 101.097650 0.000000 -0.000000 -0.022073 
562 3.173666 0.000000 0.008717 101.099611 0.000000 -0.000000 -0.022113 
563 5.842083 0.000000 -0.614892 100.940648 0.000000 2.630171 -0.019593 
564 5.842083 0.000000 -1.353984 100.466238 0.000000 -2.687299 -0.010069 
565 6.636403 0.000000 -0.614892 100.917475 0.000000 1.356524 -0.018618 
566 5.842083 0.000000 0.124200 99.553038 0.000000 -10.914818 -0.002994 
567 -17.193180 0.000000 -17.614007 99.768059 0.000000 -6.977740 -0.000235 
568 -23.547735 0.000000 -17.614007 99.763347 0.000000 -6.978498 -0.000142 
569 -17.193180 0.000000 -23.526742 99.766127 0.000000 -6.975458 -0.000194 
570 20.934152 0.000000 -17.614007 99.771344 0.000000 -6.897528 -0.000190 
571 20.934152 0.000000 -23.526742 99.767614 0.000000 -6.933146 -0.000165 
572 27.288707 0.000000 -17.614007 99.767638 0.000000 -6.893199 -0.000110 
573 -7.661347 0.000000 -8.744904 99.803114 0.000000 -6.984276 -0.000944 
574 -10.838625 0.000000 -8.744904 99.784622 0.000000 -6.987016 -0.000579 
575 -7.661347 0.000000 -11.701271 99.795306 0.000000 -6.974515 -0.000775 
576 11.402319 0.000000 -8.744904 99.809733 0.000000 -6.712609 -0.000704 
577 11.402319 0.000000 -11.701271 99.797604 0.000000 -6.822454 -0.000611 
578 14.579597 0.000000 -8.744904 99.796262 0.000000 -6.696912 -0.000414 
579 -2.895430 0.000000 -4.310352 99.939674 0.000000 -7.005609 -0.003702 
580 -4.484069 0.000000 -4.310352 99.869855 0.000000 -7.023885 -0.002332 
581 -2.895430 0.000000 -5.788536 99.905908 0.000000 -6.973588 -0.002982 
582 6.636403 0.000000 -4.310352 99.945502 0.000000 -6.253707 -0.002821 
583 6.636403 0.000000 -5.788536 99.903829 0.000000 -6.511219 -0.002317 
584 8.225041 0.000000 -4.310352 99.898633 0.000000 -6.206320 -0.001826 
585 -0.512472 0.000000 -2.093076 100.458145 0.000000 -6.906878 -0.013954 
586 -1.306792 0.000000 -2.093076 100.234296 0.000000 -7.079085 -0.009703 
587 -0.512472 0.000000 -2.832168 100.286615 0.000000 -6.886504 -0.010483 
588 0.679007 0.000000 -0.984438 101.247466 0.000000 -5.024138 -0.027629 
589 0.281847 0.000000 -0.984438 101.549504 0.000000 -5.398493 -0.034145 
590 0.679007 0.000000 -1.353984 101.031688 0.000000 -5.843928 -0.024155 
591 2.267646 0.000000 -0.984438 101.145839 0.000000 -3.668915 -0.024394 
592 2.267646 0.000000 -1.353984 100.852432 0.000000 -4.893703 -0.019516 
593 0.877587 0.000000 -0.430119 102.228969 0.000000 1.269703 -0.045237 
594 0.679007 0.000000 -0.430119 102.418374 0.000000 1.265184 -0.049112 
595 0.877587 0.000000 -0.614892 102.416854 0.000000 1.265312 -0.049081 
596 1.374036 0.000000 -0.152960 102.136045 0.000000 1.042668 -0.043286 
597 1.374036 0.000000 -0.245346 101.638810 0.000000 1.257307 -0.033203 
598 1.473326 0.000000 -0.152960 102.109849 0.000000 1.037296 -0.042750 
599 2.069066 0.000000 -0.430119 100.974380 0.000000 1.242684 -0.019737 
600 2.069066 0.000000 -0.614892 100.805311 0.000000 1.233104 -0.016323 
601 2.267646 0.000000 -0.430119 100.804127 0.000000 1.233015 -0.016299 
602 2.466226 0.000000 -0.430119 102.123203 0.000000 1.027465 -0.043020 
603 2.466226 0.000000 -0.614892 101.698270 0.000000 -0.621018 -0.034292 
604 2.664805 0.000000 -0.430119 102.108028 0.000000 1.491424 -0.042827 
605 1.572616 0.000000 -0.152960 101.958271 0.000000 1.037946 -0.039657 
606 1.572616 0.000000 -0.245346 101.560840 0.000000 1.255689 -0.031618 
607 2.466226 0.000000 0.308973 100.769749 0.000000 1.230613 -0.015606 
608 2.466226 0.000000 0.493746 100.719287 0.000000 1.226090 -0.014588 
609 1.969776 0.000000 -0.152960 101.424113 0.000000 0.958331 -0.028777 
610 1.969776 0.000000 -0.245346 101.244023 0.000000 1.251945 -0.025192 
611 2.069066 0.000000 -0.152960 101.301988 0.000000 0.906001 -0.026291 
612 5.842083 0.000000 -2.093076 100.161030 0.000000 -5.075158 -0.005799 
613 5.842083 0.000000 -2.832168 100.061221 0.000000 -5.755618 -0.004538 
614 6.636403 0.000000 -2.093076 100.131815 0.000000 -4.897235 -0.005036 
615 2.863385 0.000000 -0.430119 102.127177 0.000000 1.916809 -0.043363 
616 2.863385 0.000000 -0.614892 101.699239 0.000000 0.302638 -0.034283 
617 5.842083 0.000000 0.863292 99.266857 0.000000 -5.123546 0.011984 
618 6.636403 0.000000 0.863292 99.669396 0.000000 -4.869773 0.004230 
619 5.842083 0.000000 1.602384 99.523291 0.000000 -5.347568 0.006652 
620 2.962675 0.000000 -0.152960 101.140868 0.000000 -0.000000 -0.022948 
621 2.863385 0.000000 -0.152960 101.173566 0.000000 -0.000000 -0.023609 
622 2.962675 0.000000 -0.245346 102.337706 0.000000 1.368861 -0.047488 
623 1.920131 0.000000 -0.014380 101.813057 0.000000 0.509714 -0.036616 
624 1.920131 0.000000 -0.060573 101.789605 0.000000 0.607198 -0.036149 
625 1.969776 0.000000 -0.014380 101.772790 0.000000 0.383697 -0.035785 
626 1.622261 0.000000 -0.014380 103.300546 0.000000 0.308454 -0.067110 
627 1.572616 0.000000 -0.014380 102.690329 0.000000 0.661685 -0.054574 
628 1.622261 0.000000 -0.060573 102.755584 0.000000 0.574343 -0.055904 
629 1.746374 0.000000 0.054910 101.263261 0.000000 1.029068 -0.025531 
630 1.746374 0.000000 0.031813 101.674790 0.000000 0.839106 -0.033847 
631 1.746374 0.000000 0.078007 101.677127 0.000000 0.892622 -0.033903 
632 1.845664 0.000000 0.008717 102.083466 0.000000 0.402163 -0.042120 
633 1.845664 0.000000 -0.014380 102.078088 0.000000 0.409451 -0.042010 
634 1.870486 0.000000 0.008717 101.919205 0.000000 0.497479 -0.038777 
635 1.746374 0.000000 0.008717 102.299111 0.000000 0.538035 -0.046540 
636 1.721551 0.000000 0.008717 102.450359 0.000000 0.514952 -0.049634 
637 1.746374 0.000000 -0.014380 102.299501 0.000000 0.538835 -0.046548 
638 1.696729 0.000000 0.008717 102.114493 0.000000 0.727578 -0.042790 
639 1.671906 0.000000 0.008717 102.308619 0.000000 0.675920 -0.046751 
640 1.696729 0.000000 -0.014380 102.527089 0.000000 0.550649 -0.051211 
641 1.324391 0.000000 -0.014380 103.487232 0.000000 0.567174 -0.070993 
642 1.324391 0.000000 -0.060573 103.206511 0.000000 0.665531 -0.065203 
643 1.374036 0.000000 -0.014380 103.136880 0.000000 0.680010 -0.063768 
644 1.423681 0.000000 0.078007 102.512892 0.000000 0.909383 -0.050972 
645 1.423681 0.000000 0.031813 102.826826 0.000000 0.781088 -0.057397 
646 1.423681 0.000000 0.124200 102.200305 0.000000 1.007707 -0.044592 
647 0.976877 0.000000 -0.152960 102.070014 0.000000 0.841791 -0.041900 
648 0.877587 0.000000 -0.152960 102.082510 0.000000 0.921257 -0.042169 
649 0.976877 0.000000 -0.245346 101.951936 0.000000 1.265156 -0.039580 
650 0.976877 0.000000 0.216586 101.802998 0.000000 1.260445 -0.036544 
651 0.877587 0.000000 0.216586 102.035127 0.000000 1.266747 -0.041277 
652 0.976877 0.000000 0.308973 101.899512 0.000000 1.263551 -0.038511 
653 1.200279 0.000000 0.008717 103.602009 0.000000 0.457853 -0.073359 
654 1.200279 0.000000 -0.014380 103.587961 0.000000 0.461341 -0.073068 
655 1.225101 0.000000 0.008717 104.061369 0.000000 0.342768 -0.082889 
656 3.310190 0.000000 -0.106766 101.067690 0.000000 0.000000 -0.021468 
657 3.310190 0.000000 -0.152960 101.912259 0.000000 0.057750 -0.038611 
658 3.384657 0.000000 -0.037477 101.044511 0.000000 -0.000000 -0.020999 
659 3.359835 0.000000 -0.037477 101.049253 0.000000 -0.000000 -0.021095 
660 3.384657 0.000000 -0.060573 101.044695 0.000000 -0.000000 -0.021003 
661 3.508770 0.000000 -0.106766 101.007215 0.000000 -0.000000 -0.020246 
662 3.508770 0.000000 -0.152960 101.010691 0.000000 0.000000 -0.020316 
663 3.558415 0.000000 -0.106766 100.977479 0.000000 -0.000000 -0.019645 
664 3.483947 0.000000 -0.037477 101.014559 0.000000 -0.000000 -0.020394 
665 3.483947 0.000000 -0.060573 101.013709 0.000000 -0.000000 -0.020377 
666 3.508770 0.000000 -0.037477 101.010817 0.000000 -0.000000 -0.020319 
667 3.335012 0.000000 0.008717 101.057651 0.000000 0.000000 -0.021265 
668 3.335012 0.000000 -0.014380 101.057617 0.000000 0.000000 -0.021264 
669 3.335012 0.000000 0.031813 101.056697 0.000000 -0.000000 -0.021246 
670 3.111610 0.000000 -0.106766 101.109565 0.000000 -0.000000 -0.022314 
671 3.061965 0.000000 -0.106766 101.134911 0.000000 -0.000000 -0.022827 
672 3.111610 0.000000 -0.152960 102.368527 0.000000 -0.474285 -0.047954 
673 3.235723 0.000000 -0.037477 101.087138 0.000000 -0.000000 -0.021861 
674 3.235723 0.000000 -0.060573 101.089337 0.000000 -0.000000 -0.021905 
675 3.260545 0.000000 -0.037477 101.082758 0.000000 -0.000000 -0.021772 
676 2.962675 0.000000 0.216586 99.773608 0.000000 -23.520304 -0.050798 
677 2.863385 0.000000 0.216586 99.835043 0.000000 -23.207302 -0.050561 
678 2.962675 0.000000 0.308973 99.057461 0.000000 -35.984051 -0.110723 
679 3.136433 0.000000 -0.037477 101.105708 0.000000 -0.000000 -0.022236 
680 3.111610 0.000000 -0.037477 101.108929 0.000000 -0.000000 -0.022302 
681 3.136433 0.000000 -0.060573 101.106713 0.000000 -0.000000 -0.022257 
682 1.522971 0.000000 -0.014380 102.747203 0.000000 0.698707 -0.055748 
683 1.473326 0.000000 -0.014380 103.109658 0.000000 0.592896 -0.063195 
684 1.522971 0.000000 -0.060573 102.803963 0.000000 0.670202 -0.056910 
685 1.423681 0.000000 -0.014380 103.545553 0.000000 0.445346 -0.072188 
686 1.423681 0.000000 -0.060573 103.185466 0.000000 0.583280 -0.064758 
687 3.285367 0.000000 -0.037477 101.077954 0.000000 -0.000000 -0.021675 
688 3.285367 0.000000 -0.060573 101.073549 0.000000 0.000000 -0.021586 
689 3.310190 0.000000 -0.037477 101.063722 0.000000 -0.000000 -0.021388 
690 3.335012 0.000000 -0.037477 101.056700 0.000000 -0.000000 -0.021246 
691 3.335012 0.000000 -0.060573 101.054170 0.000000 -0.000000 -0.021195 
1 19 21 9 22 
2 20 19 22 4 
3 28 29 3 30 
4 21 28 30 9 
5 35 37 21 38 
6 36 35 38 19 
7 44 45 28 46 
8 37 44 46 21 
9 51 53 37 54 
10 52 51 54 35 
11 60 61 44 62 
12 53 60 62 37 
13 67 69 53 70 
14 68 67 70 51 
15 76 77 60 78 
16 69 76 78 53 
17 83 85 69 86 
18 84 83 86 67 
19 11 94 92 93 
20 94 10 24 92 
21 92 24 14 95 
22 93 92 95 6 
23 24 98 96 97 
24 98 23 40 96 
25 96 40 27 99 
26 97 96 99 14 
27 40 102 100 101 
28 102 39 56 100 
29 100 56 43 103 
30 101 100 103 27 
31 56 106 104 105 
32 106 55 72 104 
33 104 72 59 107 
34 105 104 107 43 
35 72 110 108 109 
36 109 108 111 59 
37 112 113 76 114 
38 85 112 114 69 
39 115 117 85 118 
40 116 115 118 83 
41 132 133 112 134 
42 117 132 134 85 
43 136 124 137 135 
44 135 137 127 138 
45 15 140 139 33 
46 140 17 141 139 
47 139 141 8 142 
48 33 139 142 18 
49 31 144 143 49 
50 144 33 145 143 
51 143 145 18 146 
52 49 143 146 34 
53 148 49 149 147 
54 147 149 34 150 
55 152 65 153 151 
56 151 153 50 154 
57 124 160 159 137 
58 160 126 161 159 
59 159 161 82 162 
60 137 159 162 127 
61 18 142 163 45 
62 142 8 164 163 
63 163 164 29 165 
64 45 163 165 28 
65 34 146 166 61 
66 146 18 167 166 
67 166 167 45 168 
68 61 166 168 44 
69 150 34 170 169 
70 169 170 61 171 
71 77 169 171 60 
72 154 50 173 172 
73 172 173 77 174 
74 113 172 174 76 
75 175 176 113 177 
76 133 175 177 112 
77 126 179 178 161 
78 161 178 181 82 
79 183 151 184 182 
80 182 184 154 185 
81 185 154 187 186 
82 186 187 172 188 
83 176 186 188 113 
84 191 182 192 189 
85 189 192 185 193 
86 194 196 117 197 
87 195 194 197 115 
88 138 127 204 203 
89 203 204 132 205 
90 196 203 205 117 
91 207 135 208 206 
92 206 208 138 209 
93 131 202 210 211 
94 202 5 212 210 
95 210 212 196 213 
96 211 210 213 194 
97 214 217 5 218 
98 215 214 218 202 
99 223 215 202 226 
100 224 223 226 131 
101 12 229 227 228 
102 229 7 230 227 
103 227 230 13 25 
104 228 227 25 10 
105 25 233 231 232 
106 233 13 234 231 
107 231 234 26 41 
108 232 231 41 23 
109 41 237 235 236 
110 237 26 238 235 
111 235 238 42 57 
112 236 235 57 39 
113 57 241 239 240 
114 241 42 242 239 
115 239 242 58 73 
116 240 239 73 55 
117 73 245 243 244 
118 245 58 246 243 
119 243 246 74 89 
120 244 243 89 71 
121 89 249 247 248 
122 249 74 250 247 
123 247 250 90 129 
124 248 247 129 87 
125 129 253 251 252 
126 253 90 254 251 
127 251 254 130 200 
128 252 251 200 128 
129 200 257 255 256 
130 257 130 258 255 
131 198 261 259 260 
132 259 262 214 263 
133 260 259 263 215 
134 128 266 264 265 
135 266 200 256 264 
136 256 269 267 268 
137 269 255 270 267 
138 267 270 216 261 
139 268 267 261 198 
140 5 209 271 212 
141 209 138 272 271 
142 271 272 203 273 
143 212 271 273 196 
144 201 275 274 217 
145 275 206 276 274 
146 274 276 209 277 
147 217 274 277 5 
148 216 279 278 262 
149 279 201 280 278 
150 278 280 217 281 
151 262 278 281 214 
152 261 284 282 283 
153 284 216 285 282 
154 282 285 262 286 
155 283 282 286 259 
156 6 95 287 288 
157 95 14 36 287 
158 287 36 19 289 
159 288 287 289 20 
160 14 99 290 291 
161 99 27 52 290 
162 290 52 35 292 
163 291 290 292 36 
164 27 103 293 294 
165 103 43 68 293 
166 293 68 51 295 
167 294 293 295 52 
168 43 107 296 297 
169 107 59 84 296 
170 296 84 67 298 
171 297 296 298 68 
172 59 111 299 300 
173 299 116 83 301 
174 300 299 301 84 
175 302 195 115 304 
176 303 302 304 116 
177 91 222 305 306 
178 222 131 211 305 
179 305 211 194 307 
180 306 305 307 195 
181 219 310 308 309 
182 310 199 224 308 
183 308 224 131 311 
184 309 308 311 222 
185 199 314 312 313 
186 314 225 315 312 
187 312 315 223 316 
188 313 312 316 224 
189 220 323 321 322 
190 323 219 309 321 
191 321 309 222 324 
192 322 321 324 91 
193 108 327 325 326 
194 326 325 328 111 
195 123 320 333 334 
196 320 91 306 333 
197 333 306 195 335 
198 334 333 335 302 
199 318 338 336 337 
200 338 317 339 336 
201 336 339 320 340 
202 337 336 340 123 
203 111 328 341 342 
204 341 303 116 343 
205 342 341 343 299 
206 75 332 344 345 
207 332 123 334 344 
208 344 334 302 346 
209 345 344 346 303 
210 349 318 337 347 
211 347 337 123 350 
212 348 347 350 332 
213 325 353 351 352 
214 353 120 330 351 
215 351 330 75 354 
216 352 351 354 328 
217 330 357 355 356 
218 355 348 332 358 
219 356 355 358 75 
220 71 361 359 360 
221 361 89 248 359 
222 359 248 87 121 
223 360 359 121 88 
224 88 364 362 363 
225 364 121 365 362 
226 362 365 119 331 
227 363 362 331 120 
228 120 368 366 367 
229 368 331 369 366 
230 367 366 357 330 
231 357 372 370 371 
232 370 373 348 374 
233 371 370 374 355 
234 331 376 375 369 
235 376 119 377 375 
236 375 377 318 349 
237 366 380 378 379 
238 380 369 381 378 
239 378 381 329 372 
240 379 378 372 357 
241 329 383 382 373 
242 383 349 384 382 
243 382 384 347 385 
244 373 382 385 348 
245 372 388 386 387 
246 388 329 389 386 
247 386 389 373 390 
248 387 386 390 370 
249 394 396 176 397 
250 395 394 397 175 
251 7 404 403 230 
252 404 16 405 403 
253 403 405 15 32 
254 230 403 32 13 
255 13 407 406 234 
256 407 32 408 406 
257 406 408 31 48 
258 234 406 48 26 
259 26 410 409 238 
260 410 48 411 409 
261 409 411 47 64 
262 238 409 64 42 
263 42 413 412 242 
264 413 64 414 412 
265 412 414 63 80 
266 242 412 80 58 
267 80 417 415 416 
268 417 63 418 415 
269 415 418 81 156 
270 416 415 156 79 
271 156 421 419 420 
272 421 81 422 419 
273 419 422 157 392 
274 420 419 392 155 
275 392 425 423 424 
276 425 157 426 423 
277 193 185 428 427 
278 427 428 186 429 
279 396 427 429 176 
280 431 189 432 430 
281 430 432 193 433 
282 64 440 439 414 
283 440 47 441 439 
284 439 441 65 152 
285 414 439 152 63 
286 63 443 442 418 
287 443 152 444 442 
288 442 444 151 183 
289 418 442 183 81 
290 81 446 445 422 
291 446 183 447 445 
292 445 447 182 191 
293 422 445 191 157 
294 157 449 448 426 
295 449 191 450 448 
296 448 450 189 431 
297 452 431 453 451 
298 451 453 430 454 
299 393 402 455 456 
300 402 66 457 455 
301 455 457 396 458 
302 456 455 458 394 
303 398 438 459 460 
304 438 401 461 459 
305 459 461 66 462 
306 460 459 462 402 
307 434 465 463 464 
308 463 466 401 467 
309 464 463 467 438 
310 423 470 468 469 
311 470 426 471 468 
312 468 471 190 436 
313 469 468 436 400 
314 436 474 472 473 
315 474 190 475 472 
316 472 475 437 465 
317 473 472 465 434 
318 66 433 476 457 
319 433 193 477 476 
320 476 477 427 478 
321 457 476 478 396 
322 401 454 479 461 
323 454 430 480 479 
324 479 480 433 481 
325 461 479 481 66 
326 437 483 482 466 
327 483 451 484 482 
328 482 484 454 485 
329 466 482 485 401 
330 465 488 486 487 
331 488 437 489 486 
332 486 489 466 490 
333 487 486 490 463 
334 435 501 499 500 
335 501 434 464 499 
336 499 464 438 502 
337 500 499 502 398 
338 155 505 503 504 
339 505 392 424 503 
340 399 498 510 511 
341 498 398 460 510 
342 510 460 402 512 
343 511 510 512 393 
344 496 515 513 514 
345 515 495 516 513 
346 513 516 498 517 
347 514 513 517 399 
348 82 181 518 519 
349 518 395 175 520 
350 519 518 520 133 
351 158 494 521 522 
352 494 393 456 521 
353 521 456 394 523 
354 522 521 523 395 
355 491 509 524 525 
356 509 399 511 524 
357 524 511 393 526 
358 525 524 526 494 
359 506 529 527 528 
360 529 496 514 527 
361 527 514 399 530 
362 528 527 530 509 
363 178 533 531 532 
364 533 180 492 531 
365 531 492 158 534 
366 532 531 534 181 
367 180 537 535 536 
368 536 535 538 492 
369 541 506 528 539 
370 539 528 509 542 
371 540 539 542 491 
372 492 538 543 544 
373 538 491 525 543 
374 543 525 494 545 
375 544 543 545 158 
376 535 548 546 547 
377 548 507 540 546 
378 546 540 491 549 
379 547 546 549 538 
380 503 552 550 551 
381 552 424 553 550 
382 550 553 391 508 
383 551 550 508 493 
384 493 556 554 555 
385 556 508 557 554 
386 554 557 506 541 
387 555 554 541 507 
388 507 560 558 559 
389 560 541 561 558 
390 558 561 539 562 
391 559 558 562 540 
392 65 564 563 153 
393 564 147 565 563 
394 563 565 150 566 
395 153 563 566 50 
396 1 569 567 568 
397 569 12 228 567 
398 567 228 10 94 
399 568 567 94 11 
400 16 571 570 405 
401 571 2 572 570 
402 570 572 17 140 
403 405 570 140 15 
404 10 575 573 574 
405 575 25 232 573 
406 573 232 23 98 
407 574 573 98 24 
408 32 577 576 408 
409 577 15 578 576 
410 576 578 33 144 
411 408 576 144 31 
412 23 581 579 580 
413 581 41 236 579 
414 579 236 39 102 
415 580 579 102 40 
416 48 583 582 411 
417 583 31 584 582 
418 582 584 49 148 
419 411 582 148 47 
420 39 587 585 586 
421 587 57 240 585 
422 585 240 55 106 
423 586 585 106 56 
424 55 590 588 589 
425 590 73 244 588 
426 588 244 71 110 
427 589 588 110 72 
428 58 592 591 246 
429 592 80 416 591 
430 591 416 79 125 
431 246 591 125 74 
432 110 595 593 594 
433 595 71 360 593 
434 593 360 88 327 
435 594 593 327 108 
436 121 597 596 365 
437 597 87 598 596 
438 596 598 122 319 
439 365 596 319 119 
440 74 600 599 250 
441 600 125 601 599 
442 599 601 124 136 
443 250 599 136 90 
444 125 603 602 601 
445 603 79 604 602 
446 602 604 126 160 
447 601 602 160 124 
448 87 606 605 598 
449 606 129 252 605 
450 605 252 128 221 
451 598 605 221 122 
452 127 162 607 204 
453 162 82 519 607 
454 607 519 133 608 
455 204 607 608 132 
456 90 610 609 254 
457 610 136 611 609 
458 609 611 135 207 
459 254 609 207 130 
460 47 613 612 441 
461 613 148 614 612 
462 612 614 147 564 
463 441 612 564 65 
464 79 616 615 604 
465 616 156 420 615 
466 615 420 155 179 
467 604 615 179 126 
468 50 566 617 173 
469 566 150 618 617 
470 617 618 169 619 
471 173 617 619 77 
472 179 622 620 621 
473 622 155 504 620 
474 620 504 180 533 
475 621 620 533 178 
476 130 624 623 258 
477 624 207 625 623 
478 623 625 206 275 
479 258 623 275 201 
480 221 628 626 627 
481 628 128 265 626 
482 626 265 199 310 
483 627 626 310 219 
484 225 630 629 315 
485 630 198 260 629 
486 629 260 215 631 
487 315 629 631 223 
488 255 633 632 270 
489 633 258 634 632 
490 632 634 201 279 
491 270 632 279 216 
492 264 637 635 636 
493 637 256 268 635 
494 635 268 198 630 
495 636 635 630 225 
496 265 640 638 639 
497 640 264 636 638 
498 638 636 225 314 
499 639 638 314 199 
500 119 642 641 377 
501 642 319 643 641 
502 641 643 317 338 
503 377 641 338 318 
504 317 645 644 339 
505 645 220 322 644 
506 644 322 91 646 
507 339 644 646 320 
508 327 649 647 648 
509 649 88 363 647 
510 647 363 120 353 
511 648 647 353 325 
512 328 354 650 651 
513 354 75 345 650 
514 650 345 303 652 
515 651 650 652 341 
516 369 654 653 381 
517 654 375 655 653 
518 653 655 349 383 
519 381 653 383 329 
520 424 657 656 553 
521 657 423 469 656 
522 656 469 400 497 
523 553 656 497 391 
524 400 660 658 659 
525 660 436 473 658 
526 658 473 434 501 
527 659 658 501 435 
528 426 662 661 471 
529 662 448 663 661 
530 661 663 431 452 
531 471 661 452 190 
532 190 665 664 475 
533 665 452 666 664 
534 664 666 451 483 
535 475 664 483 437 
536 495 668 667 516 
537 668 435 500 667 
538 667 500 398 669 
539 516 667 669 498 
540 504 672 670 671 
541 672 503 551 670 
542 670 551 493 537 
543 671 670 537 180 
544 508 674 673 557 
545 674 391 675 673 
546 673 675 496 529 
547 557 673 529 506 
548 181 534 676 677 
549 534 158 522 676 
550 676 522 395 678 
551 677 676 678 518 
552 537 681 679 680 
553 681 493 555 679 
554 679 555 507 548 
555 680 679 548 535 
556 122 684 682 683 
557 684 221 627 682 
558 682 627 219 323 
559 683 682 323 220 
560 319 686 685 643 
561 686 122 683 685 
562 685 683 220 645 
563 643 685 645 317 
564 391 688 687 675 
565 688 497 689 687 
566 687 689 495 515 
567 675 687 515 496 
568 497 691 690 689 
569 691 400 659 690 
570 690 659 435 668 
571 689 690 668 495 
