2 0.000000 100.000000 473.401889
816 679 
1 -26.291479 0.000000 -26.268069 98.472317 0.000000 17.367448 0.000157 
2 29.503519 0.000000 -26.268069 98.477574 0.000000 17.321880 0.000212 
3 29.503519 0.000000 26.499305 98.504115 0.000000 17.274189 -0.000146 
4 -26.291479 0.000000 26.499305 98.492145 0.000000 17.366269 -0.000229 
5 1.606020 0.000000 0.115618 91.610613 0.000000 -0.601372 0.160713 
6 -26.291479 0.000000 0.115618 98.483204 0.000000 17.378377 -0.000095 
7 1.606020 0.000000 -26.268069 98.455764 0.000000 17.339521 0.000580 
8 29.503519 0.000000 0.115618 98.653864 0.000000 16.360009 -0.000023 
9 1.606020 0.000000 26.499305 98.516353 0.000000 17.328846 -0.000576 
10 -12.342730 0.000000 -13.076225 98.446326 0.000000 17.375226 0.000642 
11 -26.291479 0.000000 -13.076225 98.473236 0.000000 17.373625 0.000118 
12 -12.342730 0.000000 -26.268069 98.462433 0.000000 17.361230 0.000374 
13 1.606020 0.000000 -13.076225 98.382607 0.000000 17.264526 0.002280 
14 -12.342730 0.000000 0.115618 98.490707 0.000000 17.420287 -0.000389 
15 15.554770 0.000000 -13.076225 98.468443 0.000000 17.202899 0.000803 
16 15.554770 0.000000 -26.268069 98.466891 0.000000 17.321874 0.000422 
17 29.503519 0.000000 -13.076225 98.491250 0.000000 17.239760 0.000226 
18 15.554770 0.000000 0.115618 98.884085 0.000000 15.002514 -0.000314 
19 -12.342730 0.000000 13.307462 98.527090 0.000000 17.370328 -0.000932 
20 -26.291479 0.000000 13.307462 98.492454 0.000000 17.372673 -0.000257 
21 1.606020 0.000000 13.307462 98.621002 0.000000 17.223782 -0.002276 
22 -12.342730 0.000000 26.499305 98.504791 0.000000 17.357739 -0.000448 
23 -5.368355 0.000000 -6.480304 98.341207 0.000000 17.403611 0.002612 
24 -12.342730 0.000000 -6.480304 98.449682 0.000000 17.400719 0.000488 
25 -5.368355 0.000000 -13.076225 98.407605 0.000000 17.349885 0.001492 
26 1.606020 0.000000 -6.480304 98.145793 0.000000 17.023862 0.007759 
27 -5.368355 0.000000 0.115618 98.518038 0.000000 17.588851 -0.001517 
28 15.554770 0.000000 13.307462 98.567025 0.000000 17.036581 -0.000570 
29 29.503519 0.000000 13.307462 98.573656 0.000000 16.868186 -0.000130 
30 15.554770 0.000000 26.499305 98.510550 0.000000 17.296076 -0.000348 
31 8.580395 0.000000 -6.480304 98.435126 0.000000 16.819534 0.002763 
32 8.580395 0.000000 -13.076225 98.429169 0.000000 17.201416 0.001581 
33 15.554770 0.000000 -6.480304 98.514943 0.000000 16.932432 0.000810 
34 8.580395 0.000000 0.115618 99.365405 0.000000 11.925065 -0.001569 
35 -5.368355 0.000000 6.711540 98.667259 0.000000 17.384098 -0.003743 
36 -12.342730 0.000000 6.711540 98.528744 0.000000 17.396779 -0.001056 
37 1.606020 0.000000 6.711540 98.943403 0.000000 16.913621 -0.007587 
38 -5.368355 0.000000 13.307462 98.576517 0.000000 17.335756 -0.001786 
39 -1.881167 0.000000 -3.182343 97.971022 0.000000 17.521616 0.009467 
40 -5.368355 0.000000 -3.182343 98.355177 0.000000 17.505611 0.001981 
41 -1.881167 0.000000 -6.480304 98.205861 0.000000 17.304749 0.005615 
42 1.606020 0.000000 -3.182343 97.492519 0.000000 16.469024 0.022398 
43 -1.881167 0.000000 0.115618 98.577028 0.000000 18.244509 -0.005029 
44 8.580395 0.000000 6.711540 98.746712 0.000000 16.412882 -0.002030 
45 15.554770 0.000000 6.711540 98.725591 0.000000 16.091718 -0.000569 
46 8.580395 0.000000 13.307462 98.592427 0.000000 17.108079 -0.001315 
47 5.093207 0.000000 -3.182343 98.260604 0.000000 15.890900 0.009233 
48 5.093207 0.000000 -6.480304 98.294175 0.000000 16.824772 0.005518 
49 8.580395 0.000000 -3.182343 98.552677 0.000000 16.143819 0.002675 
50 5.093207 0.000000 0.115618 99.288532 0.000000 3.290277 0.013096 
51 -1.881167 0.000000 3.413579 99.128082 0.000000 17.466868 -0.013147 
52 -5.368355 0.000000 3.413579 98.670491 0.000000 17.490826 -0.004179 
53 1.606020 0.000000 3.413579 99.718560 0.000000 16.314865 -0.020997 
54 -1.881167 0.000000 6.711540 98.836861 0.000000 17.256513 -0.006651 
55 -0.137574 0.000000 -1.533362 96.701410 0.000000 17.977501 0.032565 
56 -1.881167 0.000000 -1.533362 98.002428 0.000000 17.920109 0.007439 
57 -0.137574 0.000000 -3.182343 97.562736 0.000000 17.199971 0.018567 
58 1.606020 0.000000 -1.533362 96.414126 0.000000 15.462445 0.046523 
59 -0.137574 0.000000 0.115618 78.198975 0.000000 -2.036204 0.388077 
60 5.093207 0.000000 3.413579 99.147416 0.000000 15.424188 -0.006812 
61 8.580395 0.000000 3.413579 98.947870 0.000000 15.163758 -0.002062 
62 5.093207 0.000000 6.711540 98.844501 0.000000 16.589261 -0.004544 
63 3.349614 0.000000 -1.533362 97.495333 0.000000 14.377799 0.028794 
64 3.349614 0.000000 -3.182343 97.874762 0.000000 15.979666 0.016518 
65 5.093207 0.000000 -1.533362 98.453873 0.000000 14.438032 0.009838 
66 3.349614 0.000000 0.115618 98.797558 0.000000 -0.000000 0.023904 
67 -0.137574 0.000000 1.764599 100.455723 0.000000 17.803116 -0.040830 
68 -1.881167 0.000000 1.764599 99.139658 0.000000 17.872936 -0.014811 
69 1.606020 0.000000 1.764599 100.853920 0.000000 15.601195 -0.041491 
70 -0.137574 0.000000 3.413579 99.579878 0.000000 17.095602 -0.020841 
71 0.734223 0.000000 -0.708872 88.724807 0.000000 -0.986972 0.212693 
72 -0.137574 0.000000 -0.708872 96.686856 0.000000 19.834742 0.025823 
73 0.734223 0.000000 -1.533362 95.906327 0.000000 16.789015 0.052011 
74 1.606020 0.000000 -0.708872 97.489215 0.000000 -0.456483 0.049564 
75 0.734223 0.000000 0.115618 70.039129 0.000000 -0.630966 0.509412 
76 -19.317104 0.000000 -6.480304 98.471246 0.000000 17.384952 0.000118 
77 -26.291479 0.000000 -6.480304 98.477090 0.000000 17.377049 0.000030 
78 -19.317104 0.000000 -13.076225 98.465305 0.000000 17.376202 0.000265 
79 -19.317104 0.000000 0.115618 98.485142 0.000000 17.389204 -0.000171 
80 -8.855542 0.000000 -3.182343 98.439868 0.000000 17.450046 0.000509 
81 -12.342730 0.000000 -3.182343 98.465447 0.000000 17.414691 0.000128 
82 -8.855542 0.000000 -6.480304 98.415210 0.000000 17.412847 0.001124 
83 -8.855542 0.000000 0.115618 98.498818 0.000000 17.464833 -0.000704 
84 -3.624761 0.000000 -1.533362 98.320869 0.000000 17.688117 0.002014 
85 -5.368355 0.000000 -1.533362 98.416931 0.000000 17.565187 0.000557 
86 -3.624761 0.000000 -3.182343 98.231883 0.000000 17.541804 0.004278 
87 -3.624761 0.000000 0.115618 98.541079 0.000000 17.760889 -0.002579 
88 -1.009371 0.000000 -0.708872 97.905506 0.000000 18.648133 0.006676 
89 -1.881167 0.000000 -0.708872 98.223698 0.000000 18.151271 0.002264 
90 -1.009371 0.000000 -1.533362 97.597450 0.000000 18.067890 0.014829 
91 -1.009371 0.000000 0.115618 98.528137 0.000000 18.886524 -0.006449 
92 3.349614 0.000000 1.764599 99.890548 0.000000 14.673709 -0.019344 
93 5.093207 0.000000 1.764599 99.035918 0.000000 15.020664 -0.003373 
94 3.349614 0.000000 3.413579 99.434877 0.000000 15.711396 -0.013414 
95 0.734223 0.000000 0.940108 103.385217 0.000000 17.336643 -0.098906 
96 -0.137574 0.000000 0.940108 100.751031 0.000000 19.553574 -0.053311 
97 1.606020 0.000000 0.940108 101.406533 0.000000 15.098462 -0.051125 
98 0.734223 0.000000 1.764599 101.168747 0.000000 16.775336 -0.051653 
99 0.298325 0.000000 -0.296627 84.783296 0.000000 -1.255229 0.281022 
100 -0.137574 0.000000 -0.296627 80.379576 0.000000 -2.241863 0.353410 
101 0.298325 0.000000 -0.708872 78.076185 0.000000 -1.694087 0.390124 
102 0.734223 0.000000 -0.296627 88.374221 0.000000 -1.009170 0.218898 
103 0.298325 0.000000 0.115618 91.278830 0.000000 -0.710261 0.166767 
104 2.477817 0.000000 -0.708872 96.515499 0.000000 14.174672 0.048384 
105 2.477817 0.000000 -1.533362 96.987319 0.000000 14.854795 0.037279 
106 3.349614 0.000000 -0.708872 96.761502 0.000000 12.059787 0.049177 
107 2.477817 0.000000 0.115618 100.803157 0.000000 1.212788 -0.016275 
108 1.170122 0.000000 -0.296627 89.937663 0.000000 -0.896027 0.191041 
109 1.170122 0.000000 -0.708872 89.540724 0.000000 -0.926833 0.198160 
110 1.606020 0.000000 -0.296627 94.336305 0.000000 -0.507935 0.110040 
111 1.170122 0.000000 0.115618 91.050899 0.000000 -0.490380 0.170949 
112 -19.317104 0.000000 6.711540 98.498406 0.000000 17.383664 -0.000413 
113 -26.291479 0.000000 6.711540 98.489113 0.000000 17.376492 -0.000205 
114 -19.317104 0.000000 13.307462 98.502932 0.000000 17.374211 -0.000469 
115 -8.855542 0.000000 3.413579 98.555247 0.000000 17.444599 -0.001745 
116 -12.342730 0.000000 3.413579 98.515135 0.000000 17.412382 -0.000842 
117 -8.855542 0.000000 6.711540 98.575411 0.000000 17.407229 -0.002012 
118 -3.624761 0.000000 1.764599 98.753541 0.000000 17.669433 -0.006447 
119 -5.368355 0.000000 1.764599 98.616156 0.000000 17.556436 -0.003337 
120 -3.624761 0.000000 3.413579 98.824586 0.000000 17.512948 -0.007300 
121 -1.009371 0.000000 0.940108 99.342993 0.000000 18.651917 -0.021692 
122 -1.881167 0.000000 0.940108 98.932491 0.000000 18.122963 -0.011608 
123 -1.009371 0.000000 1.764599 99.611382 0.000000 17.980026 -0.024571 
124 0.298325 0.000000 0.527863 82.917498 0.000000 -1.377227 0.312279 
125 -0.137574 0.000000 0.527863 99.819442 0.000000 21.228493 -0.041457 
126 0.734223 0.000000 0.527863 88.552490 0.000000 -0.997799 0.215746 
127 0.298325 0.000000 0.940108 102.383384 0.000000 19.110544 -0.084757 
128 0.516274 0.000000 -0.090504 84.496784 0.000000 -0.538159 0.286000 
129 0.298325 0.000000 -0.090504 93.306249 0.000000 -0.546231 0.129365 
130 0.516274 0.000000 -0.296627 87.875771 0.000000 -1.052648 0.227674 
131 0.734223 0.000000 -0.090504 70.954240 0.000000 -0.547208 0.496520 
132 0.516274 0.000000 0.115618 84.467420 0.000000 -0.565454 0.286494 
133 -0.573472 0.000000 -0.296627 98.233037 0.000000 19.202293 -0.001846 
134 -1.009371 0.000000 -0.296627 98.216984 0.000000 18.805849 -0.000024 
135 -0.573472 0.000000 -0.708872 97.605224 0.000000 19.132956 0.010715 
136 -0.573472 0.000000 0.115618 98.216654 0.000000 19.262216 -0.001754 
137 0.080376 0.000000 -0.090504 94.900797 0.000000 -0.546291 0.099354 
138 -0.137574 0.000000 -0.090504 78.198124 0.000000 -2.036137 0.388091 
139 0.080376 0.000000 -0.296627 80.138224 0.000000 -1.578174 0.357537 
140 0.080376 0.000000 0.115618 81.720705 0.000000 -1.484950 0.331952 
141 2.477817 0.000000 0.940108 100.636441 0.000000 15.088318 -0.035535 
142 3.349614 0.000000 0.940108 100.763179 0.000000 11.684623 -0.028975 
143 2.477817 0.000000 1.764599 100.333914 0.000000 15.022808 -0.029258 
144 1.170122 0.000000 0.527863 89.750619 0.000000 -0.910389 0.194400 
145 1.606020 0.000000 0.527863 96.879382 0.000000 -0.461628 0.061417 
146 1.170122 0.000000 0.940108 102.666037 0.000000 15.640786 -0.078495 
147 0.516274 0.000000 0.321741 87.838054 0.000000 -1.055530 0.228336 
148 0.298325 0.000000 0.321741 85.607714 0.000000 -1.210074 0.266985 
149 0.734223 0.000000 0.321741 88.348881 0.000000 -1.010691 0.219345 
150 0.516274 0.000000 0.527863 88.129260 0.000000 -1.033287 0.223217 
151 0.407299 0.000000 0.012557 95.970907 0.000000 -0.245864 0.078952 
152 0.298325 0.000000 0.012557 97.186670 0.000000 -0.200156 0.055471 
153 0.407299 0.000000 -0.090504 93.108078 0.000000 -0.519928 0.133062 
154 0.516274 0.000000 0.012557 92.896781 0.000000 -0.187721 0.137015 
155 0.407299 0.000000 0.115618 92.407637 0.000000 -0.608656 0.146046 
156 0.952172 0.000000 -0.090504 89.141892 0.000000 -0.516804 0.205346 
157 0.952172 0.000000 -0.296627 89.183236 0.000000 -0.947692 0.204545 
158 1.170122 0.000000 -0.090504 91.104874 0.000000 -0.468905 0.169968 
159 0.952172 0.000000 0.115618 89.558084 0.000000 -0.591940 0.197900 
160 0.625249 0.000000 0.012557 80.336017 0.000000 -0.295203 0.354604 
161 0.625249 0.000000 -0.090504 72.541946 0.000000 -0.548965 0.473736 
162 0.734223 0.000000 0.012557 79.187893 0.000000 -0.624965 0.372889 
163 0.625249 0.000000 0.115618 70.912683 0.000000 -0.636068 0.497099 
164 -5.368355 0.000000 -19.672147 98.441579 0.000000 17.348543 0.000828 
165 -12.342730 0.000000 -19.672147 98.454909 0.000000 17.364454 0.000511 
166 -5.368355 0.000000 -26.268069 98.457161 0.000000 17.352187 0.000509 
167 1.606020 0.000000 -19.672147 98.436797 0.000000 17.320093 0.001021 
168 -1.881167 0.000000 -9.778264 98.323875 0.000000 17.298919 0.003316 
169 -5.368355 0.000000 -9.778264 98.371364 0.000000 17.364888 0.002154 
170 -1.881167 0.000000 -13.076225 98.388228 0.000000 17.313666 0.001999 
171 1.606020 0.000000 -9.778264 98.313874 0.000000 17.192272 0.003881 
172 -0.137574 0.000000 -4.831323 97.952177 0.000000 17.147495 0.011133 
173 -1.881167 0.000000 -4.831323 98.097202 0.000000 17.353873 0.007578 
174 -0.137574 0.000000 -6.480304 98.146499 0.000000 17.180796 0.007208 
175 1.606020 0.000000 -4.831323 97.937911 0.000000 16.839566 0.012459 
176 0.734223 0.000000 -2.357852 96.937617 0.000000 16.779902 0.032153 
177 -0.137574 0.000000 -2.357852 97.201611 0.000000 17.380994 0.024975 
178 0.734223 0.000000 -3.182343 97.447004 0.000000 16.849230 0.022018 
179 1.606020 0.000000 -2.357852 97.046473 0.000000 16.115423 0.032228 
180 0.298325 0.000000 -1.121117 95.437068 0.000000 18.150291 0.056233 
181 -0.137574 0.000000 -1.121117 96.491092 0.000000 18.686576 0.034028 
182 0.298325 0.000000 -1.533362 96.180910 0.000000 17.537192 0.044168 
183 0.734223 0.000000 -1.121117 94.852208 0.000000 16.844592 0.071932 
184 0.516274 0.000000 -0.502749 88.164490 0.000000 -1.030681 0.222596 
185 0.298325 0.000000 -0.502749 82.932159 0.000000 -1.375494 0.312037 
186 0.516274 0.000000 -0.708872 83.133415 0.000000 -1.350584 0.308701 
187 0.734223 0.000000 -0.502749 88.573028 0.000000 -0.996591 0.215383 
188 0.625249 0.000000 -0.193566 87.945542 0.000000 -1.043761 0.226449 
189 0.516274 0.000000 -0.193566 87.740439 0.000000 -1.063172 0.230049 
190 0.625249 0.000000 -0.296627 88.074659 0.000000 -1.034468 0.224178 
191 0.734223 0.000000 -0.193566 88.274355 0.000000 -1.015478 0.220661 
192 0.952172 0.000000 0.321741 89.192824 0.000000 -0.946583 0.204374 
193 1.170122 0.000000 0.321741 89.976663 0.000000 -0.893123 0.190340 
194 0.952172 0.000000 0.527863 89.167509 0.000000 -0.951159 0.204825 
195 0.843198 0.000000 0.012557 88.087006 0.000000 -0.308216 0.224058 
196 0.843198 0.000000 -0.090504 81.653215 0.000000 -0.533747 0.333247 
197 0.952172 0.000000 0.012557 94.321352 0.000000 -0.281055 0.110340 
198 0.843198 0.000000 0.115618 81.884199 0.000000 -0.558433 0.329467 
199 0.679736 0.000000 -0.038974 68.365779 0.000000 -0.512530 0.532586 
200 0.625249 0.000000 -0.038974 78.204980 0.000000 -0.348028 0.388386 
201 0.679736 0.000000 -0.090504 70.398646 0.000000 -0.548083 0.504373 
202 0.734223 0.000000 -0.038974 76.854695 0.000000 -0.579347 0.409302 
203 0.679736 0.000000 0.012557 30.841080 0.000000 -0.963850 0.904790 
204 0.570761 0.000000 -0.038974 83.977559 0.000000 -0.290844 0.294769 
205 0.516274 0.000000 -0.038974 88.913365 0.000000 -0.339607 0.209430 
206 0.570761 0.000000 -0.090504 74.894075 0.000000 -0.546092 0.439058 
207 0.570761 0.000000 0.012557 85.387405 0.000000 -0.251280 0.270893 
208 0.625249 0.000000 0.218679 87.915656 0.000000 -1.045884 0.226974 
209 0.516274 0.000000 0.218679 87.709107 0.000000 -1.065604 0.230598 
210 0.734223 0.000000 0.218679 88.252054 0.000000 -1.016823 0.221054 
211 0.625249 0.000000 0.321741 88.039754 0.000000 -1.036921 0.224793 
212 0.679736 0.000000 0.064088 69.357446 0.000000 -0.531153 0.518926 
213 0.625249 0.000000 0.064088 76.760885 0.000000 -0.418874 0.410759 
214 0.734223 0.000000 0.064088 70.079714 0.000000 -0.530567 0.508855 
215 0.679736 0.000000 0.115618 71.624702 0.000000 -0.574587 0.486957 
216 0.652492 0.000000 -0.013208 76.230647 0.000000 -0.358657 0.418876 
217 0.625249 0.000000 -0.013208 80.280887 0.000000 -0.295862 0.355489 
218 0.652492 0.000000 -0.038974 75.913216 0.000000 -0.378113 0.423704 
219 0.679736 0.000000 -0.013208 31.309440 0.000000 -0.957840 0.901880 
220 0.652492 0.000000 0.012557 76.243529 0.000000 -0.358934 0.418680 
221 0.570761 0.000000 0.064088 80.319324 0.000000 -0.389161 0.354865 
222 0.516274 0.000000 0.064088 87.636853 0.000000 -0.400197 0.231962 
223 0.570761 0.000000 0.115618 81.622016 0.000000 -0.633653 0.333744 
224 0.598005 0.000000 -0.013208 86.563812 0.000000 -0.196501 0.250667 
225 0.570761 0.000000 -0.013208 85.359888 0.000000 -0.251589 0.271363 
226 0.598005 0.000000 -0.038974 79.851948 0.000000 -0.348311 0.362355 
227 0.598005 0.000000 0.012557 86.786218 0.000000 -0.191783 0.246812 
228 0.652492 0.000000 0.038322 75.940930 0.000000 -0.379248 0.423283 
229 0.625249 0.000000 0.038322 78.258922 0.000000 -0.348464 0.387542 
230 0.679736 0.000000 0.038322 68.399117 0.000000 -0.514196 0.532130 
231 0.652492 0.000000 0.064088 71.883033 0.000000 -0.490404 0.483259 
232 0.638870 0.000000 -0.000326 -5.323381 0.000000 -0.114895 0.997165 
233 0.625249 0.000000 -0.000326 80.902787 0.000000 -0.282529 0.345466 
234 0.638870 0.000000 -0.013208 77.916160 0.000000 -0.333428 0.392896 
235 0.652492 0.000000 -0.000326 15.183181 0.000000 -1.172691 0.976810 
236 0.638870 0.000000 0.012557 77.940010 0.000000 -0.333452 0.392524 
237 1.170122 0.000000 -1.121117 95.220975 0.000000 15.499291 0.069274 
238 1.170122 0.000000 -1.533362 96.019175 0.000000 16.003038 0.052422 
239 1.606020 0.000000 -1.121117 96.016480 0.000000 14.789532 0.056211 
240 0.952172 0.000000 -0.502749 89.157596 0.000000 -0.952239 0.205002 
241 0.952172 0.000000 -0.708872 89.139780 0.000000 -0.955535 0.205319 
242 1.170122 0.000000 -0.502749 89.713984 0.000000 -0.913184 0.195057 
243 0.843198 0.000000 -0.193566 88.709750 0.000000 -0.981071 0.212962 
244 0.843198 0.000000 -0.296627 88.758164 0.000000 -0.979005 0.212103 
245 0.952172 0.000000 -0.193566 89.197269 0.000000 -0.945301 0.204295 
246 0.788710 0.000000 -0.038974 74.179554 0.000000 -0.468720 0.449717 
247 0.788710 0.000000 -0.090504 73.487739 0.000000 -0.542603 0.459926 
248 0.843198 0.000000 -0.038974 85.849459 0.000000 -0.374573 0.262973 
249 0.788710 0.000000 0.012557 73.859756 0.000000 -0.375002 0.454460 
250 0.706980 0.000000 -0.013208 21.159646 0.000000 -0.459546 0.955206 
251 0.706980 0.000000 -0.038974 70.429409 0.000000 -0.473423 0.503947 
252 0.734223 0.000000 -0.013208 79.110902 0.000000 -0.623349 0.374108 
253 0.706980 0.000000 0.012557 20.462780 0.000000 -0.459611 0.958106 
254 0.666114 0.000000 -0.000326 21.008300 0.000000 -1.155257 0.955732 
255 0.666114 0.000000 -0.013208 30.277778 0.000000 -1.003751 0.908225 
256 0.679736 0.000000 -0.000326 22.804087 0.000000 -1.060432 0.947885 
257 0.666114 0.000000 0.012557 29.927080 0.000000 -1.009244 0.910335 
258 0.598005 0.000000 0.038322 79.934760 0.000000 -0.347956 0.361031 
259 0.570761 0.000000 0.038322 84.013845 0.000000 -0.291215 0.294159 
260 0.598005 0.000000 0.064088 78.158942 0.000000 -0.409487 0.389101 
261 0.638870 0.000000 0.025440 77.489292 0.000000 -0.347227 0.399529 
262 0.625249 0.000000 0.025440 79.214006 0.000000 -0.321826 0.372504 
263 0.652492 0.000000 0.025440 76.092251 0.000000 -0.367394 0.420983 
264 0.638870 0.000000 0.038322 77.034565 0.000000 -0.364402 0.406554 
265 0.645681 0.000000 0.006116 -6.936686 0.000000 -0.117261 0.995187 
266 0.638870 0.000000 0.006116 5.031228 0.000000 -0.141996 0.997467 
267 0.645681 0.000000 -0.000326 -42.716338 0.000000 -0.020507 0.817531 
268 0.652492 0.000000 0.006116 13.709251 0.000000 -0.943233 0.981117 
269 0.645681 0.000000 0.012557 77.020613 0.000000 -0.347375 0.406770 
270 2.041918 0.000000 -0.296627 96.117780 0.000000 -0.481980 0.076114 
271 2.041918 0.000000 -0.708872 96.704346 0.000000 14.082589 0.044995 
272 2.477817 0.000000 -0.296627 96.732339 0.000000 14.569465 0.043059 
273 2.041918 0.000000 0.115618 97.173324 0.000000 -0.466029 0.055713 
274 1.388071 0.000000 -0.090504 91.846121 0.000000 -0.689867 0.156381 
275 1.388071 0.000000 -0.296627 90.347723 0.000000 -0.869904 0.183653 
276 1.606020 0.000000 -0.090504 96.850975 0.000000 -0.158664 0.061986 
277 1.388071 0.000000 0.115618 91.773351 0.000000 -0.700248 0.157716 
278 1.061147 0.000000 0.012557 89.523718 0.000000 -0.252653 0.198544 
279 1.061147 0.000000 -0.090504 89.991357 0.000000 -0.493315 0.190131 
280 1.170122 0.000000 0.012557 95.375857 0.000000 -0.281629 0.090337 
281 1.061147 0.000000 0.115618 90.012593 0.000000 -0.515418 0.189747 
282 0.897685 0.000000 -0.038974 89.419311 0.000000 -0.391926 0.200403 
283 0.897685 0.000000 -0.090504 88.973890 0.000000 -0.525858 0.208337 
284 0.952172 0.000000 -0.038974 92.092254 0.000000 -0.348418 0.151890 
285 0.897685 0.000000 0.012557 91.642982 0.000000 -0.336855 0.160145 
286 1.061147 0.000000 -0.193566 89.664276 0.000000 -0.913039 0.195948 
287 1.061147 0.000000 -0.296627 89.592859 0.000000 -0.919094 0.197227 
288 1.170122 0.000000 -0.193566 90.048825 0.000000 -0.887680 0.189042 
289 1.006660 0.000000 -0.038974 90.605941 0.000000 -0.364328 0.179043 
290 1.006660 0.000000 -0.090504 89.602165 0.000000 -0.503973 0.197120 
291 1.061147 0.000000 -0.038974 90.103947 0.000000 -0.426645 0.188110 
292 1.006660 0.000000 0.012557 90.664889 0.000000 -0.281558 0.177980 
293 2.041918 0.000000 0.527863 101.228518 0.000000 9.901728 -0.034526 
294 2.477817 0.000000 0.527863 101.867058 0.000000 10.677146 -0.049090 
295 2.041918 0.000000 0.940108 100.678429 0.000000 15.251445 -0.036875 
296 1.388071 0.000000 0.321741 90.391583 0.000000 -0.866854 0.182861 
297 1.606020 0.000000 0.321741 94.352407 0.000000 -0.507617 0.109737 
298 1.388071 0.000000 0.527863 90.114207 0.000000 -0.886437 0.187864 
299 1.279096 0.000000 0.012557 96.788696 0.000000 -0.086609 0.063194 
300 1.279096 0.000000 -0.090504 92.132226 0.000000 -0.509231 0.151139 
301 1.388071 0.000000 0.012557 97.681642 0.000000 -0.072485 0.045829 
302 1.279096 0.000000 0.115618 92.295493 0.000000 -0.590697 0.148119 
303 1.115634 0.000000 -0.038974 90.832692 0.000000 -0.329492 0.174931 
304 1.115634 0.000000 -0.090504 90.232722 0.000000 -0.483678 0.185782 
305 1.170122 0.000000 -0.038974 91.218748 0.000000 -0.436740 0.167895 
306 1.115634 0.000000 0.012557 92.867052 0.000000 -0.261953 0.137564 
307 1.388071 0.000000 -0.502749 90.069236 0.000000 -0.889640 0.188674 
308 1.388071 0.000000 -0.708872 96.869437 0.000000 -0.462028 0.061610 
309 1.606020 0.000000 -0.502749 96.878498 0.000000 -0.461665 0.061434 
310 1.279096 0.000000 -0.193566 90.319037 0.000000 -0.870525 0.184171 
311 1.279096 0.000000 -0.296627 90.190184 0.000000 -0.879715 0.186496 
312 1.388071 0.000000 -0.193566 90.475573 0.000000 -0.861009 0.181343 
313 1.224609 0.000000 -0.038974 92.183007 0.000000 -0.471139 0.150207 
314 1.224609 0.000000 -0.090504 91.964071 0.000000 -0.506922 0.154235 
315 1.279096 0.000000 -0.038974 95.975536 0.000000 -0.189380 0.078866 
316 1.224609 0.000000 0.012557 95.812123 0.000000 -0.257217 0.081997 
317 1.061147 0.000000 0.218679 89.687024 0.000000 -0.911186 0.195541 
318 0.952172 0.000000 0.218679 89.205088 0.000000 -0.944377 0.204156 
319 1.170122 0.000000 0.218679 90.081481 0.000000 -0.885276 0.188454 
320 1.061147 0.000000 0.321741 89.619826 0.000000 -0.916881 0.196745 
321 1.115634 0.000000 0.064088 90.247384 0.000000 -0.467160 0.185519 
322 1.061147 0.000000 0.064088 89.979556 0.000000 -0.476746 0.190345 
323 1.170122 0.000000 0.064088 91.174417 0.000000 -0.452068 0.168702 
324 1.115634 0.000000 0.115618 90.059021 0.000000 -0.554138 0.188907 
325 1.142878 0.000000 -0.013208 95.171936 0.000000 -0.282793 0.094222 
326 1.115634 0.000000 -0.013208 92.867496 0.000000 -0.262452 0.137556 
327 1.142878 0.000000 -0.038974 93.780342 0.000000 -0.343188 0.120513 
328 1.170122 0.000000 -0.013208 95.358397 0.000000 -0.282214 0.090670 
329 1.142878 0.000000 0.012557 95.228876 0.000000 -0.281212 0.093138 
330 1.823969 0.000000 -0.090504 98.075833 0.000000 -0.145988 0.038111 
331 1.823969 0.000000 -0.296627 96.929055 0.000000 -0.446127 0.060456 
332 2.041918 0.000000 -0.090504 97.173567 0.000000 -0.466025 0.055708 
333 1.823969 0.000000 0.115618 96.946074 0.000000 -0.454642 0.060125 
334 1.497045 0.000000 0.012557 97.492662 0.000000 -0.101274 0.049517 
335 1.497045 0.000000 -0.090504 95.180118 0.000000 -0.354778 0.094062 
336 1.606020 0.000000 0.012557 97.818608 0.000000 -0.056017 0.043152 
337 1.497045 0.000000 0.115618 90.641310 0.000000 -0.850589 0.178343 
338 1.333583 0.000000 -0.038974 97.302108 0.000000 -0.102031 0.053229 
339 1.333583 0.000000 -0.090504 92.409324 0.000000 -0.581506 0.146018 
340 1.388071 0.000000 -0.038974 97.454781 0.000000 -0.096194 0.050256 
341 1.333583 0.000000 0.012557 97.832967 0.000000 -0.050895 0.042871 
342 1.279096 0.000000 0.218679 90.355486 0.000000 -0.867962 0.183513 
343 1.388071 0.000000 0.218679 90.510803 0.000000 -0.858584 0.180706 
344 1.279096 0.000000 0.321741 90.234501 0.000000 -0.876562 0.185697 
345 1.224609 0.000000 0.064088 92.088796 0.000000 -0.487959 0.151942 
346 1.279096 0.000000 0.064088 92.275872 0.000000 -0.491251 0.148492 
347 1.224609 0.000000 0.115618 91.851651 0.000000 -0.529301 0.156299 
348 1.251853 0.000000 -0.013208 94.261313 0.000000 -0.228213 0.111475 
349 1.224609 0.000000 -0.013208 95.792499 0.000000 -0.257936 0.082373 
350 1.251853 0.000000 -0.038974 92.315017 0.000000 -0.470541 0.147772 
351 1.279096 0.000000 -0.013208 96.782102 0.000000 -0.087537 0.063322 
352 1.251853 0.000000 0.012557 94.282607 0.000000 -0.225713 0.111074 
353 1.197365 0.000000 -0.013208 95.861525 0.000000 -0.254249 0.081050 
354 1.197365 0.000000 -0.038974 91.464132 0.000000 -0.433013 0.163412 
355 1.197365 0.000000 0.012557 95.882774 0.000000 -0.253465 0.080643 
356 1.333583 0.000000 0.064088 96.610079 0.000000 -0.169884 0.066646 
357 1.388071 0.000000 0.064088 96.029562 0.000000 -0.248657 0.077826 
358 1.333583 0.000000 0.115618 92.291155 0.000000 -0.598859 0.148198 
359 1.251853 0.000000 0.038322 92.318875 0.000000 -0.470946 0.147700 
360 1.224609 0.000000 0.038322 92.186474 0.000000 -0.471589 0.150143 
361 1.279096 0.000000 0.038322 96.241193 0.000000 -0.168644 0.073760 
362 1.251853 0.000000 0.064088 92.207630 0.000000 -0.487258 0.149752 
363 1.238231 0.000000 -0.000326 95.565106 0.000000 -0.255888 0.086724 
364 1.224609 0.000000 -0.000326 96.029434 0.000000 -0.249495 0.077829 
365 1.238231 0.000000 -0.013208 95.156608 0.000000 -0.263945 0.094515 
366 1.251853 0.000000 -0.000326 95.298233 0.000000 -0.234471 0.091819 
367 1.238231 0.000000 0.012557 95.177029 0.000000 -0.263415 0.094126 
368 1.306340 0.000000 -0.013208 97.338822 0.000000 -0.096512 0.052514 
369 1.306340 0.000000 -0.038974 96.909792 0.000000 -0.137986 0.060847 
370 1.333583 0.000000 -0.013208 97.820814 0.000000 -0.052038 0.043109 
371 1.306340 0.000000 0.012557 97.344205 0.000000 -0.096034 0.052410 
372 1.265474 0.000000 -0.000326 96.080391 0.000000 -0.008138 0.076856 
373 1.265474 0.000000 -0.013208 95.782249 0.000000 -0.127977 0.082574 
374 1.279096 0.000000 -0.000326 96.890262 0.000000 -0.072785 0.061227 
375 1.265474 0.000000 0.012557 95.789381 0.000000 -0.125380 0.082438 
376 1.197365 0.000000 0.038322 91.468644 0.000000 -0.433600 0.163330 
377 1.170122 0.000000 0.038322 91.222881 0.000000 -0.437374 0.167819 
378 1.197365 0.000000 0.064088 91.395672 0.000000 -0.448319 0.164663 
379 1.238231 0.000000 0.025440 92.296930 0.000000 -0.464872 0.148106 
380 1.224609 0.000000 0.025440 92.221374 0.000000 -0.465805 0.149500 
381 1.251853 0.000000 0.025440 93.870783 0.000000 -0.277176 0.118820 
382 1.238231 0.000000 0.038322 92.259069 0.000000 -0.470676 0.148804 
383 1.245042 0.000000 0.006116 95.466306 0.000000 -0.252010 0.088612 
384 1.238231 0.000000 0.006116 95.500160 0.000000 -0.256908 0.087965 
385 1.245042 0.000000 -0.000326 95.609651 0.000000 -0.254123 0.085873 
386 1.251853 0.000000 0.006116 95.220169 0.000000 -0.235335 0.093306 
387 1.245042 0.000000 0.012557 94.022188 0.000000 -0.255824 0.115976 
388 22.529144 0.000000 -6.480304 98.523495 0.000000 17.023267 0.000333 
389 22.529144 0.000000 -13.076225 98.485311 0.000000 17.221419 0.000407 
390 29.503519 0.000000 -6.480304 98.520769 0.000000 17.086940 0.000169 
391 22.529144 0.000000 0.115618 98.730115 0.000000 15.911375 -0.000081 
392 12.067582 0.000000 -3.182343 98.594596 0.000000 16.356384 0.001157 
393 12.067582 0.000000 -6.480304 98.491201 0.000000 16.869457 0.001490 
394 15.554770 0.000000 -3.182343 98.598359 0.000000 16.521278 0.000541 
395 12.067582 0.000000 0.115618 99.041405 0.000000 14.056157 -0.000678 
396 6.836801 0.000000 -1.533362 98.710901 0.000000 14.934619 0.003312 
397 6.836801 0.000000 -3.182343 98.468413 0.000000 16.005485 0.004780 
398 8.580395 0.000000 -1.533362 98.740736 0.000000 15.288944 0.001652 
399 6.836801 0.000000 0.115618 99.829971 0.000000 9.190559 -0.005049 
400 4.221411 0.000000 -0.708872 98.360506 0.000000 12.164032 0.017725 
401 4.221411 0.000000 -1.533362 98.093311 0.000000 14.263952 0.017424 
402 5.093207 0.000000 -0.708872 98.814839 0.000000 12.718890 0.007386 
403 4.221411 0.000000 0.115618 99.272169 0.000000 0.204636 0.014499 
404 2.913715 0.000000 -0.296627 92.934910 0.000000 12.489602 0.120711 
405 2.913715 0.000000 -0.708872 96.061463 0.000000 13.271558 0.059606 
406 3.349614 0.000000 -0.296627 96.304580 0.000000 8.967060 0.064502 
407 2.913715 0.000000 0.115618 98.823965 0.000000 -0.000000 0.023382 
408 2.259868 0.000000 -0.090504 98.243092 0.000000 10.155790 0.024515 
409 2.259868 0.000000 -0.296627 97.367900 0.000000 13.914762 0.032587 
410 2.477817 0.000000 -0.090504 99.066944 0.000000 0.000000 0.018574 
411 2.259868 0.000000 0.115618 100.283388 0.000000 -0.591300 -0.005711 
412 1.823969 0.000000 0.321741 96.929408 0.000000 -0.446169 0.060449 
413 2.041918 0.000000 0.321741 96.772087 0.000000 -0.465361 0.063495 
414 1.823969 0.000000 0.527863 97.243982 0.000000 -0.447304 0.054341 
415 1.932944 0.000000 0.012557 98.732859 0.000000 -0.018867 0.025182 
416 1.823969 0.000000 0.012557 98.527122 0.000000 -0.023115 0.029241 
417 1.932944 0.000000 -0.090504 98.378515 0.000000 -0.116228 0.032165 
418 2.041918 0.000000 0.012557 98.887728 0.000000 -0.013448 0.022122 
419 1.932944 0.000000 0.115618 97.238516 0.000000 -0.447687 0.054447 
420 22.529144 0.000000 6.711540 98.791622 0.000000 15.630860 -0.000411 
421 29.503519 0.000000 6.711540 98.874332 0.000000 15.140567 -0.000537 
422 22.529144 0.000000 13.307462 98.563033 0.000000 16.964545 -0.000247 
423 12.067582 0.000000 3.413579 98.903423 0.000000 15.091400 -0.000964 
424 15.554770 0.000000 3.413579 98.825218 0.000000 15.447736 -0.000506 
425 12.067582 0.000000 6.711540 98.722299 0.000000 16.254789 -0.001031 
426 6.836801 0.000000 1.764599 99.098793 0.000000 14.509838 -0.003111 
427 8.580395 0.000000 1.764599 100.420850 0.000000 6.591931 -0.012780 
428 6.836801 0.000000 3.413579 99.005329 0.000000 15.281490 -0.003558 
429 4.221411 0.000000 0.940108 100.901074 0.000000 6.080519 -0.021800 
430 5.093207 0.000000 0.940108 100.973747 0.000000 5.068933 -0.022139 
431 4.221411 0.000000 1.764599 99.402921 0.000000 14.659977 -0.009586 
432 2.913715 0.000000 0.527863 103.179092 0.000000 10.749548 -0.076148 
433 3.349614 0.000000 0.527863 102.033246 0.000000 10.360773 -0.051813 
434 2.913715 0.000000 0.940108 100.842334 0.000000 14.013134 -0.036554 
435 2.259868 0.000000 0.321741 100.543660 0.000000 10.931003 -0.022851 
436 2.477817 0.000000 0.321741 101.210577 0.000000 11.467965 -0.037510 
437 2.259868 0.000000 0.527863 101.392327 0.000000 10.189677 -0.038423 
438 2.150893 0.000000 0.012557 99.014415 0.000000 0.000000 0.019615 
439 2.150893 0.000000 -0.090504 98.277312 0.000000 9.610086 0.024922 
440 2.259868 0.000000 0.012557 99.036518 0.000000 0.000000 0.019177 
441 2.150893 0.000000 0.115618 100.161852 0.000000 -1.226296 -0.003390 
442 8.580395 0.000000 -19.672147 98.448234 0.000000 17.295607 0.000881 
443 8.580395 0.000000 -26.268069 98.459942 0.000000 17.328079 0.000538 
444 15.554770 0.000000 -19.672147 98.464185 0.000000 17.287420 0.000595 
445 5.093207 0.000000 -9.778264 98.357029 0.000000 17.105703 0.003329 
446 5.093207 0.000000 -13.076225 98.402868 0.000000 17.222649 0.002026 
447 8.580395 0.000000 -9.778264 98.415275 0.000000 17.076287 0.002283 
448 3.349614 0.000000 -4.831323 98.079215 0.000000 16.598492 0.010496 
449 3.349614 0.000000 -6.480304 98.204842 0.000000 16.895964 0.007034 
450 5.093207 0.000000 -4.831323 98.258393 0.000000 16.506126 0.007284 
451 2.477817 0.000000 -2.357852 97.375631 0.000000 15.658443 0.027280 
452 2.477817 0.000000 -3.182343 97.660466 0.000000 16.168533 0.020101 
453 3.349614 0.000000 -2.357852 97.722290 0.000000 15.391933 0.021344 
454 2.041918 0.000000 -1.121117 96.587814 0.000000 14.618243 0.045710 
455 2.041918 0.000000 -1.533362 96.737286 0.000000 15.097127 0.041397 
456 2.477817 0.000000 -1.121117 96.758729 0.000000 14.400752 0.043037 
457 2.259868 0.000000 -0.502749 96.917354 0.000000 14.162445 0.040645 
458 2.041918 0.000000 -0.502749 96.991364 0.000000 13.815836 0.040180 
459 2.259868 0.000000 -0.708872 96.722583 0.000000 14.219313 0.044255 
460 2.477817 0.000000 -0.502749 96.474523 0.000000 14.327049 0.048740 
461 2.150893 0.000000 -0.193566 97.832114 0.000000 12.729090 0.026685 
462 2.041918 0.000000 -0.193566 96.771356 0.000000 -0.465382 0.063509 
463 2.150893 0.000000 -0.296627 97.476597 0.000000 13.580836 0.031387 
464 2.259868 0.000000 -0.193566 97.745918 0.000000 13.168643 0.027232 
465 2.695766 0.000000 -0.090504 98.963222 0.000000 -0.000000 0.020628 
466 2.695766 0.000000 -0.296627 94.986413 0.000000 14.725025 0.076075 
467 2.913715 0.000000 -0.090504 98.824156 0.000000 -0.000000 0.023379 
468 2.695766 0.000000 0.115618 98.864222 0.000000 -0.000000 0.022587 
469 2.368842 0.000000 0.012557 99.036113 0.000000 0.000000 0.019185 
470 2.368842 0.000000 -0.090504 99.053729 0.000000 0.000000 0.018836 
471 2.477817 0.000000 0.012557 99.053798 0.000000 0.000000 0.018835 
472 2.368842 0.000000 0.115618 100.463420 0.000000 0.204912 -0.009294 
473 2.205380 0.000000 -0.038974 99.015962 0.000000 0.000000 0.019584 
474 2.150893 0.000000 -0.038974 99.007453 0.000000 0.000000 0.019752 
475 2.205380 0.000000 -0.090504 99.035177 0.000000 0.000000 0.019203 
476 2.259868 0.000000 -0.038974 99.029475 0.000000 0.000000 0.019316 
477 2.205380 0.000000 0.012557 99.025957 0.000000 0.000000 0.019386 
478 2.695766 0.000000 0.321741 102.875394 0.000000 11.285497 -0.071071 
479 2.913715 0.000000 0.321741 104.581364 0.000000 9.039963 -0.101898 
480 2.695766 0.000000 0.527863 102.619016 0.000000 11.001533 -0.065170 
481 2.586791 0.000000 0.012557 99.035476 0.000000 0.000000 0.019197 
482 2.586791 0.000000 -0.090504 99.044401 0.000000 0.000000 0.019021 
483 2.695766 0.000000 0.012557 99.010152 0.000000 -0.000000 0.019699 
484 2.586791 0.000000 0.115618 101.514251 0.000000 2.465317 -0.031122 
485 3.785512 0.000000 -0.296627 98.190230 0.000000 9.813911 0.026237 
486 3.785512 0.000000 -0.708872 97.794865 0.000000 11.912353 0.029426 
487 4.221411 0.000000 -0.296627 98.703049 0.000000 10.370700 0.015016 
488 3.785512 0.000000 0.115618 99.174276 0.000000 -1.355044 0.016263 
489 3.131664 0.000000 -0.090504 98.797194 0.000000 -0.000000 0.023911 
490 3.131664 0.000000 -0.296627 94.122065 0.000000 9.588071 0.104911 
491 3.349614 0.000000 -0.090504 98.797609 0.000000 -0.000000 0.023903 
492 3.131664 0.000000 0.115618 98.795895 0.000000 -0.000000 0.023937 
493 2.804741 0.000000 0.012557 98.947438 0.000000 -0.000000 0.020940 
494 2.804741 0.000000 -0.090504 98.898809 0.000000 -0.000000 0.021903 
495 2.913715 0.000000 0.012557 98.825347 0.000000 -0.000000 0.023355 
496 2.804741 0.000000 0.115618 98.834257 0.000000 -0.000000 0.023179 
497 3.785512 0.000000 0.527863 100.659876 0.000000 11.875044 -0.027343 
498 4.221411 0.000000 0.527863 100.033450 0.000000 13.685114 -0.019397 
499 3.785512 0.000000 0.940108 100.741599 0.000000 8.619985 -0.022317 
500 3.567563 0.000000 -0.090504 98.327159 0.000000 7.529835 0.027507 
501 3.567563 0.000000 -0.296627 97.583728 0.000000 9.376961 0.038949 
502 3.785512 0.000000 -0.090504 98.619970 0.000000 8.280804 0.020553 
503 3.567563 0.000000 0.115618 99.415265 0.000000 -2.079990 0.011228 
504 3.131664 0.000000 0.321741 103.512773 0.000000 6.796944 -0.076109 
505 3.349614 0.000000 0.321741 101.589892 0.000000 6.682745 -0.036517 
506 3.131664 0.000000 0.527863 102.888183 0.000000 10.274464 -0.069154 
507 3.240639 0.000000 0.012557 98.796181 0.000000 0.000000 0.023931 
508 3.131664 0.000000 0.012557 98.789217 0.000000 -0.000000 0.024069 
509 3.240639 0.000000 -0.090504 98.794149 0.000000 -0.000000 0.023972 
510 3.349614 0.000000 0.012557 98.796355 0.000000 -0.000000 0.023928 
511 3.240639 0.000000 0.115618 98.794073 0.000000 -0.000000 0.023973 
512 2.913715 0.000000 -1.121117 96.852378 0.000000 13.980065 0.042417 
513 2.913715 0.000000 -1.533362 97.209732 0.000000 14.604027 0.033699 
514 3.349614 0.000000 -1.121117 97.253103 0.000000 13.515023 0.035918 
515 3.131664 0.000000 -0.502749 95.462165 0.000000 11.557492 0.075340 
516 2.913715 0.000000 -0.502749 95.082153 0.000000 12.911850 0.079267 
517 3.131664 0.000000 -0.708872 96.259595 0.000000 12.562649 0.057627 
518 3.349614 0.000000 -0.502749 96.449929 0.000000 10.853739 0.057961 
519 3.240639 0.000000 -0.193566 98.797211 0.000000 -0.000000 0.023911 
520 3.131664 0.000000 -0.193566 98.787140 0.000000 0.000000 0.024110 
521 3.240639 0.000000 -0.296627 95.285178 0.000000 9.037750 0.083905 
522 3.349614 0.000000 -0.193566 96.549592 0.000000 7.638066 0.061984 
523 3.567563 0.000000 0.321741 100.413294 0.000000 7.543377 -0.013973 
524 3.785512 0.000000 0.321741 99.871748 0.000000 8.413622 -0.004516 
525 3.567563 0.000000 0.527863 101.236958 0.000000 10.989782 -0.036970 
526 3.458588 0.000000 0.012557 98.801309 0.000000 -0.000000 0.023830 
527 3.458588 0.000000 -0.090504 98.802412 0.000000 -0.000000 0.023808 
528 3.567563 0.000000 0.012557 98.884452 0.000000 4.900360 0.019785 
529 3.458588 0.000000 0.115618 99.749985 0.000000 -2.695933 0.004267 
530 3.295126 0.000000 -0.038974 98.794931 0.000000 -0.000000 0.023956 
531 3.240639 0.000000 -0.038974 98.794299 0.000000 -0.000000 0.023969 
532 3.295126 0.000000 -0.090504 98.794685 0.000000 -0.000000 0.023961 
533 3.349614 0.000000 -0.038974 98.796317 0.000000 -0.000000 0.023929 
534 3.295126 0.000000 0.012557 98.794998 0.000000 -0.000000 0.023955 
535 3.022690 0.000000 0.012557 98.808777 0.000000 0.000000 0.023683 
536 3.022690 0.000000 -0.090504 98.811627 0.000000 -0.000000 0.023626 
537 3.022690 0.000000 0.115618 98.811739 0.000000 -0.000000 0.023624 
538 3.186152 0.000000 -0.038974 98.795543 0.000000 -0.000000 0.023944 
539 3.131664 0.000000 -0.038974 98.792983 0.000000 -0.000000 0.023995 
540 3.186152 0.000000 -0.090504 98.794618 0.000000 -0.000000 0.023962 
541 3.186152 0.000000 0.012557 98.792041 0.000000 -0.000000 0.024013 
542 3.240639 0.000000 0.218679 102.437096 0.000000 -4.008143 -0.050942 
543 3.131664 0.000000 0.218679 104.091384 0.000000 -3.800109 -0.084946 
544 3.349614 0.000000 0.218679 101.176775 0.000000 -3.593324 -0.024965 
545 3.240639 0.000000 0.321741 102.499876 0.000000 6.519933 -0.054873 
546 3.295126 0.000000 0.064088 98.794822 0.000000 -0.000000 0.023958 
547 3.240639 0.000000 0.064088 98.794231 0.000000 -0.000000 0.023970 
548 3.349614 0.000000 0.064088 98.796254 0.000000 -0.000000 0.023930 
549 3.295126 0.000000 0.115618 98.795934 0.000000 -0.000000 0.023936 
550 3.267883 0.000000 -0.013208 98.794683 0.000000 -0.000000 0.023961 
551 3.240639 0.000000 -0.013208 98.796148 0.000000 0.000000 0.023932 
552 3.267883 0.000000 -0.038974 98.794624 0.000000 -0.000000 0.023962 
553 3.295126 0.000000 -0.013208 98.794997 0.000000 -0.000000 0.023955 
554 3.267883 0.000000 0.012557 98.794684 0.000000 -0.000000 0.023961 
555 3.186152 0.000000 0.064088 98.794550 0.000000 -0.000000 0.023964 
556 3.131664 0.000000 0.064088 98.797007 0.000000 -0.000000 0.023915 
557 3.186152 0.000000 0.115618 98.794683 0.000000 -0.000000 0.023961 
558 3.213395 0.000000 -0.013208 98.794025 0.000000 0.000000 0.023974 
559 3.186152 0.000000 -0.013208 98.792069 0.000000 -0.000000 0.024013 
560 3.213395 0.000000 -0.038974 98.794811 0.000000 -0.000000 0.023959 
561 3.213395 0.000000 0.012557 98.794027 0.000000 0.000000 0.023974 
562 3.022690 0.000000 -0.193566 98.808181 0.000000 0.000000 0.023694 
563 2.913715 0.000000 -0.193566 98.829996 0.000000 -0.000000 0.023263 
564 3.022690 0.000000 -0.296627 93.155293 0.000000 10.781727 0.120585 
565 3.077177 0.000000 -0.038974 98.800173 0.000000 -0.000000 0.023853 
566 3.022690 0.000000 -0.038974 98.809143 0.000000 0.000000 0.023675 
567 3.077177 0.000000 -0.090504 98.801394 0.000000 -0.000000 0.023828 
568 3.077177 0.000000 0.012557 98.795780 0.000000 -0.000000 0.023939 
569 3.158908 0.000000 -0.013208 98.790103 0.000000 -0.000000 0.024052 
570 3.131664 0.000000 -0.013208 98.789342 0.000000 -0.000000 0.024067 
571 3.158908 0.000000 -0.038974 98.795436 0.000000 -0.000000 0.023946 
572 3.158908 0.000000 0.012557 98.790057 0.000000 -0.000000 0.024052 
573 2.968203 0.000000 -0.038974 98.816435 0.000000 -0.000000 0.023531 
574 2.913715 0.000000 -0.038974 98.828395 0.000000 -0.000000 0.023295 
575 2.968203 0.000000 -0.090504 98.816185 0.000000 -0.000000 0.023536 
576 2.968203 0.000000 0.012557 98.814495 0.000000 -0.000000 0.023570 
577 3.022690 0.000000 0.218679 105.787288 0.000000 -2.553073 -0.119747 
578 2.913715 0.000000 0.218679 106.653776 0.000000 -0.003296 -0.137503 
579 3.022690 0.000000 0.321741 104.345825 0.000000 7.655733 -0.094666 
580 2.968203 0.000000 0.064088 98.816329 0.000000 -0.000000 0.023533 
581 2.913715 0.000000 0.064088 98.828243 0.000000 -0.000000 0.023298 
582 3.022690 0.000000 0.064088 98.810393 0.000000 0.000000 0.023651 
583 2.968203 0.000000 0.115618 98.818601 0.000000 -0.000000 0.023488 
584 2.995446 0.000000 -0.013208 98.811235 0.000000 0.000000 0.023634 
585 2.968203 0.000000 -0.013208 98.814506 0.000000 -0.000000 0.023569 
586 2.995446 0.000000 -0.038974 98.812637 0.000000 -0.000000 0.023606 
587 3.022690 0.000000 -0.013208 98.808805 0.000000 0.000000 0.023682 
588 2.995446 0.000000 0.012557 98.811230 0.000000 0.000000 0.023634 
589 2.695766 0.000000 -0.502749 95.684936 0.000000 14.019222 0.064785 
590 2.695766 0.000000 -0.708872 96.213074 0.000000 13.887346 0.055019 
591 2.804741 0.000000 -0.193566 98.848001 0.000000 -0.000000 0.022907 
592 2.695766 0.000000 -0.193566 94.887974 0.000000 15.185809 0.076566 
593 2.804741 0.000000 -0.296627 93.734324 0.000000 14.012141 0.101754 
594 2.859228 0.000000 -0.038974 98.895959 0.000000 -0.000000 0.021959 
595 2.804741 0.000000 -0.038974 98.938339 0.000000 -0.000000 0.021120 
596 2.859228 0.000000 -0.090504 98.836701 0.000000 -0.000000 0.023131 
597 2.859228 0.000000 0.012557 98.918500 0.000000 -0.000000 0.021513 
598 2.804741 0.000000 0.218679 105.505586 0.000000 2.662066 -0.113852 
599 2.695766 0.000000 0.218679 103.483129 0.000000 3.879614 -0.072381 
600 2.804741 0.000000 0.321741 103.961361 0.000000 10.452602 -0.091722 
601 2.859228 0.000000 0.064088 98.836842 0.000000 -0.000000 0.023128 
602 2.804741 0.000000 0.064088 98.929884 0.000000 -0.000000 0.021288 
603 2.859228 0.000000 0.115618 98.828293 0.000000 -0.000000 0.023297 
604 2.886472 0.000000 -0.013208 98.829305 0.000000 -0.000000 0.023277 
605 2.859228 0.000000 -0.013208 98.918290 0.000000 -0.000000 0.021517 
606 2.886472 0.000000 -0.038974 98.832850 0.000000 -0.000000 0.023207 
607 2.913715 0.000000 -0.013208 98.825415 0.000000 -0.000000 0.023354 
608 2.886472 0.000000 0.012557 98.829233 0.000000 -0.000000 0.023278 
609 2.750253 0.000000 -0.038974 98.974721 0.000000 -0.000000 0.020400 
610 2.695766 0.000000 -0.038974 99.006125 0.000000 -0.000000 0.019779 
611 2.750253 0.000000 -0.090504 98.923623 0.000000 -0.000000 0.021412 
612 2.750253 0.000000 0.012557 98.981427 0.000000 -0.000000 0.020268 
613 2.831984 0.000000 -0.013208 98.953680 0.000000 -0.000000 0.020817 
614 2.804741 0.000000 -0.013208 98.947270 0.000000 -0.000000 0.020944 
615 2.831984 0.000000 -0.038974 98.921272 0.000000 -0.000000 0.021458 
616 2.831984 0.000000 0.012557 98.954144 0.000000 -0.000000 0.020808 
617 2.886472 0.000000 0.038322 98.832853 0.000000 -0.000000 0.023207 
618 2.859228 0.000000 0.038322 98.896019 0.000000 -0.000000 0.021958 
619 2.913715 0.000000 0.038322 98.828398 0.000000 -0.000000 0.023295 
620 2.886472 0.000000 0.064088 98.832711 0.000000 -0.000000 0.023210 
621 2.872850 0.000000 -0.000326 98.832411 0.000000 -0.000000 0.023215 
622 2.859228 0.000000 -0.000326 98.848952 0.000000 0.000000 0.022888 
623 2.872850 0.000000 -0.013208 98.854009 0.000000 -0.000000 0.022788 
624 2.886472 0.000000 -0.000326 98.828593 0.000000 -0.000000 0.023291 
625 2.872850 0.000000 0.012557 98.853464 0.000000 -0.000000 0.022799 
626 5.965004 0.000000 0.940108 100.740979 0.000000 6.903874 -0.019641 
627 5.965004 0.000000 0.115618 100.417022 0.000000 4.720238 -0.010586 
628 6.836801 0.000000 0.940108 99.535384 0.000000 12.098683 -0.005367 
629 5.965004 0.000000 1.764599 98.958815 0.000000 15.359711 -0.002877 
630 10.323988 0.000000 1.764599 100.610100 0.000000 5.350749 -0.015102 
631 10.323988 0.000000 0.115618 99.175006 0.000000 13.267624 -0.001171 
632 12.067582 0.000000 1.764599 98.587088 0.000000 16.765915 -0.000051 
633 10.323988 0.000000 3.413579 98.922004 0.000000 15.085819 -0.001314 
634 7.708598 0.000000 0.940108 98.324677 0.000000 18.328781 -0.000369 
635 7.708598 0.000000 0.115618 99.485104 0.000000 10.937995 -0.001693 
636 8.580395 0.000000 0.940108 98.685391 0.000000 16.159628 0.000006 
637 7.708598 0.000000 1.764599 99.671595 0.000000 11.025529 -0.005599 
638 4.657309 0.000000 0.527863 99.741601 0.000000 15.364241 -0.018445 
639 4.657309 0.000000 0.115618 99.225233 0.000000 1.760146 0.015126 
640 5.093207 0.000000 0.527863 99.544272 0.000000 16.793069 -0.019107 
641 4.657309 0.000000 0.940108 100.945231 0.000000 4.963671 -0.021458 
642 5.965004 0.000000 -0.708872 98.985360 0.000000 13.237369 0.002667 
643 5.965004 0.000000 -1.533362 98.639025 0.000000 14.700529 0.005424 
644 6.836801 0.000000 -0.708872 98.992262 0.000000 13.716251 0.001240 
645 5.529106 0.000000 0.527863 99.453070 0.000000 17.740288 -0.020563 
646 5.529106 0.000000 0.115618 99.409340 0.000000 3.916154 0.010245 
647 5.965004 0.000000 0.527863 99.043098 0.000000 17.470720 -0.011476 
648 5.529106 0.000000 0.940108 100.902532 0.000000 5.670126 -0.021347 
649 6.400903 0.000000 0.527863 99.269396 0.000000 14.415410 -0.006222 
650 6.400903 0.000000 0.115618 100.199460 0.000000 7.490673 -0.009604 
651 6.836801 0.000000 0.527863 99.977842 0.000000 9.363188 -0.008324 
652 6.400903 0.000000 0.940108 100.224983 0.000000 9.041778 -0.012680 
653 -19.317104 0.000000 -19.672147 98.465625 0.000000 17.369475 0.000282 
654 -26.291479 0.000000 -19.672147 98.471980 0.000000 17.370090 0.000155 
655 -19.317104 0.000000 -26.268069 98.468049 0.000000 17.365770 0.000247 
656 22.529144 0.000000 -19.672147 98.475185 0.000000 17.289728 0.000370 
657 22.529144 0.000000 -26.268069 98.473165 0.000000 17.320534 0.000303 
658 29.503519 0.000000 -19.672147 98.481180 0.000000 17.295442 0.000232 
659 -8.855542 0.000000 -9.778264 98.419281 0.000000 17.382845 0.001148 
660 -12.342730 0.000000 -9.778264 98.444759 0.000000 17.386055 0.000635 
661 -8.855542 0.000000 -13.076225 98.429330 0.000000 17.368223 0.001001 
662 12.067582 0.000000 -9.778264 98.460119 0.000000 17.089505 0.001355 
663 12.067582 0.000000 -13.076225 98.451414 0.000000 17.197499 0.001157 
664 15.554770 0.000000 -9.778264 98.481626 0.000000 17.110893 0.000859 
665 -3.624761 0.000000 -4.831323 98.241198 0.000000 17.432613 0.004477 
666 -5.368355 0.000000 -4.831323 98.335933 0.000000 17.446051 0.002568 
667 -3.624761 0.000000 -6.480304 98.279481 0.000000 17.373451 0.003931 
668 6.836801 0.000000 -4.831323 98.390957 0.000000 16.517754 0.004638 
669 6.836801 0.000000 -6.480304 98.374489 0.000000 16.807490 0.003997 
670 8.580395 0.000000 -4.831323 98.467948 0.000000 16.569413 0.002952 
671 -1.009371 0.000000 -2.357852 97.629272 0.000000 17.637133 0.015746 
672 -1.881167 0.000000 -2.357852 97.938798 0.000000 17.692085 0.009498 
673 -1.009371 0.000000 -3.182343 97.768590 0.000000 17.423770 0.013771 
674 4.221411 0.000000 -2.357852 98.047710 0.000000 15.294954 0.015271 
675 4.221411 0.000000 -3.182343 98.079610 0.000000 15.886098 0.012802 
676 5.093207 0.000000 -2.357852 98.313189 0.000000 15.347276 0.009898 
677 -0.573472 0.000000 -1.121117 97.253807 0.000000 18.578660 0.019653 
678 -1.009371 0.000000 -1.121117 97.664068 0.000000 18.384481 0.012374 
679 -0.573472 0.000000 -1.533362 97.201983 0.000000 18.107707 0.022389 
680 0.080376 0.000000 -0.502749 77.800903 0.000000 -1.877523 0.394349 
681 -0.137574 0.000000 -0.502749 97.339330 0.000000 20.716888 0.009587 
682 0.080376 0.000000 -0.708872 95.544364 0.000000 20.015044 0.047067 
683 -0.573472 0.000000 0.527863 99.005499 0.000000 19.615782 -0.018687 
684 -1.009371 0.000000 0.527863 98.938274 0.000000 18.869358 -0.014483 
685 -0.573472 0.000000 0.940108 99.762042 0.000000 19.088072 -0.031682 
686 0.080376 0.000000 0.321741 80.135624 0.000000 -1.579050 0.357579 
687 -0.137574 0.000000 0.321741 80.380774 0.000000 -2.241935 0.353390 
688 0.080376 0.000000 0.527863 78.109024 0.000000 -1.703757 0.389608 
689 0.407299 0.000000 -0.193566 87.643031 0.000000 -1.073725 0.231755 
690 0.298325 0.000000 -0.193566 85.544403 0.000000 -1.215961 0.268068 
691 0.407299 0.000000 -0.296627 87.768642 0.000000 -1.063478 0.229553 
692 0.407299 0.000000 0.218679 87.614309 0.000000 -1.076074 0.232257 
693 0.298325 0.000000 0.218679 86.245913 0.000000 -1.174106 0.256026 
694 0.407299 0.000000 0.321741 87.732968 0.000000 -1.066346 0.230179 
695 0.843198 0.000000 0.218679 88.701055 0.000000 -0.981305 0.213116 
696 0.843198 0.000000 0.321741 88.748755 0.000000 -0.979239 0.212270 
697 0.788710 0.000000 0.064088 74.563398 0.000000 -0.485208 0.444006 
698 0.843198 0.000000 0.064088 81.565960 0.000000 -0.517223 0.334673 
699 0.788710 0.000000 0.115618 79.259041 0.000000 -0.623947 0.371762 
700 0.706980 0.000000 0.038322 70.456507 0.000000 -0.475064 0.503565 
701 0.734223 0.000000 0.038322 76.906456 0.000000 -0.580937 0.408506 
702 0.706980 0.000000 0.064088 71.333826 0.000000 -0.490383 0.491124 
703 0.666114 0.000000 0.025440 73.529555 0.000000 -0.407973 0.459324 
704 0.679736 0.000000 0.025440 68.051676 0.000000 -0.508199 0.536871 
705 0.666114 0.000000 0.038322 73.534295 0.000000 -0.417915 0.459253 
706 1.823969 0.000000 -0.502749 97.475864 0.000000 -0.456760 0.049825 
707 1.823969 0.000000 -0.708872 96.431788 0.000000 13.824874 0.050978 
708 1.497045 0.000000 -0.193566 90.540601 0.000000 -0.857454 0.180166 
709 1.497045 0.000000 -0.296627 90.425183 0.000000 -0.865392 0.182254 
710 1.606020 0.000000 -0.193566 92.881114 0.000000 -0.546380 0.137280 
711 1.006660 0.000000 0.064088 89.603869 0.000000 -0.487411 0.197091 
712 0.952172 0.000000 0.064088 89.197651 0.000000 -0.461427 0.204357 
713 1.006660 0.000000 0.115618 89.609630 0.000000 -0.526668 0.196984 
714 1.497045 0.000000 0.218679 90.571750 0.000000 -0.855330 0.179603 
715 1.606020 0.000000 0.218679 92.900282 0.000000 -0.545954 0.136924 
716 1.497045 0.000000 0.321741 90.464969 0.000000 -0.862656 0.181535 
717 1.142878 0.000000 0.038322 93.801358 0.000000 -0.342871 0.120119 
718 1.115634 0.000000 0.038322 90.838470 0.000000 -0.329245 0.174826 
719 1.142878 0.000000 0.064088 90.936418 0.000000 -0.458538 0.173036 
720 1.932944 0.000000 -0.193566 97.239656 0.000000 -0.447606 0.054425 
721 1.823969 0.000000 -0.193566 96.945492 0.000000 -0.454618 0.060136 
722 1.932944 0.000000 -0.296627 97.468361 0.000000 -0.456915 0.049971 
723 1.714995 0.000000 0.012557 98.325063 0.000000 -0.031861 0.033218 
724 1.714995 0.000000 -0.090504 97.682627 0.000000 -0.139199 0.045808 
725 1.714995 0.000000 0.115618 95.679379 0.000000 -0.469047 0.084524 
726 1.306340 0.000000 0.038322 96.917484 0.000000 -0.137388 0.060698 
727 1.333583 0.000000 0.038322 97.310298 0.000000 -0.101340 0.053070 
728 1.306340 0.000000 0.064088 95.920728 0.000000 -0.233980 0.079916 
729 1.265474 0.000000 0.025440 95.372613 0.000000 -0.180211 0.090403 
730 1.279096 0.000000 0.025440 96.320866 0.000000 -0.127381 0.072227 
731 1.265474 0.000000 0.038322 92.363795 0.000000 -0.472517 0.146871 
732 10.323988 0.000000 -1.533362 98.735970 0.000000 15.551760 0.000935 
733 10.323988 0.000000 -3.182343 98.585787 0.000000 16.265366 0.001628 
734 12.067582 0.000000 -1.533362 98.719432 0.000000 15.750205 0.000640 
735 5.965004 0.000000 -2.357852 98.469726 0.000000 15.460890 0.006467 
736 5.965004 0.000000 -3.182343 98.385852 0.000000 15.938291 0.006620 
737 6.836801 0.000000 -2.357852 98.557067 0.000000 15.586340 0.004357 
738 7.708598 0.000000 -0.708872 98.954404 0.000000 14.074123 0.000994 
739 7.708598 0.000000 -1.533362 98.734027 0.000000 15.128108 0.002273 
740 8.580395 0.000000 -0.708872 98.928182 0.000000 14.362344 0.000694 
741 3.785512 0.000000 -1.121117 97.765523 0.000000 13.338052 0.026400 
742 3.785512 0.000000 -1.533362 97.811506 0.000000 14.260632 0.022954 
743 4.221411 0.000000 -1.121117 98.171241 0.000000 13.407751 0.018264 
744 4.657309 0.000000 -0.296627 98.932551 0.000000 10.737793 0.009705 
745 4.657309 0.000000 -0.708872 98.647226 0.000000 12.450966 0.011370 
746 5.093207 0.000000 -0.296627 99.078042 0.000000 11.009976 0.006232 
747 2.368842 0.000000 -0.193566 97.548946 0.000000 13.645529 0.029800 
748 2.368842 0.000000 -0.296627 97.144211 0.000000 14.249743 0.035995 
749 2.477817 0.000000 -0.193566 97.145614 0.000000 14.193057 0.036129 
750 1.714995 0.000000 0.218679 96.885363 0.000000 -0.461416 0.061301 
751 1.823969 0.000000 0.218679 96.945678 0.000000 -0.454625 0.060133 
752 1.714995 0.000000 0.321741 96.883818 0.000000 -0.461474 0.061331 
753 1.932944 0.000000 0.218679 97.239290 0.000000 -0.447632 0.054432 
754 2.041918 0.000000 0.218679 97.174279 0.000000 -0.466015 0.055694 
755 1.932944 0.000000 0.321741 97.467338 0.000000 -0.456936 0.049991 
756 2.150893 0.000000 0.218679 100.248127 0.000000 4.677913 -0.007157 
757 2.259868 0.000000 0.218679 100.434431 0.000000 4.590505 -0.010815 
758 2.150893 0.000000 0.321741 100.409455 0.000000 10.566099 -0.019370 
759 2.368842 0.000000 0.218679 100.717011 0.000000 4.476522 -0.016396 
760 2.477817 0.000000 0.218679 101.204158 0.000000 4.375467 -0.026143 
761 2.368842 0.000000 0.321741 100.786328 0.000000 11.237145 -0.028416 
762 2.586791 0.000000 -0.193566 96.357270 0.000000 14.758218 0.049747 
763 2.586791 0.000000 -0.296627 96.038629 0.000000 14.762519 0.055865 
764 2.586791 0.000000 0.218679 102.057422 0.000000 4.227053 -0.043359 
765 2.586791 0.000000 0.321741 101.894285 0.000000 11.510715 -0.051494 
766 3.567563 0.000000 -0.502749 97.332664 0.000000 10.772475 0.041031 
767 3.567563 0.000000 -0.708872 97.341017 0.000000 11.893691 0.038327 
768 3.785512 0.000000 -0.502749 97.913043 0.000000 10.935350 0.029345 
769 2.750253 0.000000 0.064088 98.944381 0.000000 -0.000000 0.021001 
770 2.695766 0.000000 0.064088 99.010142 0.000000 -0.000000 0.019699 
771 2.750253 0.000000 0.115618 98.837784 0.000000 -0.000000 0.023109 
772 3.458588 0.000000 -0.193566 97.390649 0.000000 8.135133 0.044888 
773 3.458588 0.000000 -0.296627 97.062874 0.000000 9.146289 0.049514 
774 3.567563 0.000000 -0.193566 97.883590 0.000000 8.589052 0.034503 
775 3.458588 0.000000 0.218679 100.379432 0.000000 -2.953300 -0.008475 
776 3.567563 0.000000 0.218679 99.911790 0.000000 -2.352371 0.001210 
777 3.458588 0.000000 0.321741 100.896169 0.000000 7.085776 -0.023025 
778 3.077177 0.000000 0.064088 98.802871 0.000000 -0.000000 0.023799 
779 3.077177 0.000000 0.115618 98.799532 0.000000 0.000000 0.023865 
780 2.940959 0.000000 -0.013208 98.821328 0.000000 -0.000000 0.023435 
781 2.940959 0.000000 -0.038974 98.826774 0.000000 -0.000000 0.023327 
782 2.940959 0.000000 0.012557 98.821250 0.000000 -0.000000 0.023436 
783 2.940959 0.000000 0.038322 98.826775 0.000000 -0.000000 0.023327 
784 2.968203 0.000000 0.038322 98.816437 0.000000 -0.000000 0.023531 
785 2.940959 0.000000 0.064088 98.826744 0.000000 -0.000000 0.023327 
786 2.995446 0.000000 0.038322 98.812632 0.000000 -0.000000 0.023606 
787 3.022690 0.000000 0.038322 98.809129 0.000000 0.000000 0.023676 
788 2.995446 0.000000 0.064088 98.813140 0.000000 -0.000000 0.023596 
789 2.831984 0.000000 0.038322 98.921397 0.000000 -0.000000 0.021456 
790 2.804741 0.000000 0.038322 98.938579 0.000000 -0.000000 0.021116 
791 2.831984 0.000000 0.064088 98.911092 0.000000 -0.000000 0.021660 
792 5.529106 0.000000 -0.296627 99.201396 0.000000 11.286504 0.003170 
793 5.529106 0.000000 -0.708872 98.916317 0.000000 12.949029 0.004788 
794 5.965004 0.000000 -0.296627 99.302899 0.000000 11.669877 0.000275 
795 0.897685 0.000000 0.064088 89.002597 0.000000 -0.509389 0.207828 
796 0.897685 0.000000 0.115618 88.947637 0.000000 -0.549779 0.208802 
797 1.714995 0.000000 -0.193566 96.884924 0.000000 -0.461432 0.061310 
798 1.714995 0.000000 -0.296627 96.883217 0.000000 -0.461496 0.061343 
799 10.323988 0.000000 -4.831323 98.505991 0.000000 16.621515 0.002029 
800 10.323988 0.000000 -6.480304 98.466605 0.000000 16.838820 0.002078 
801 12.067582 0.000000 -4.831323 98.529369 0.000000 16.675005 0.001391 
802 7.708598 0.000000 -2.357852 98.603221 0.000000 15.702406 0.003084 
803 7.708598 0.000000 -3.182343 98.520376 0.000000 16.076274 0.003529 
804 8.580395 0.000000 -2.357852 98.627673 0.000000 15.804940 0.002279 
805 4.657309 0.000000 -1.121117 98.435042 0.000000 13.565586 0.012652 
806 4.657309 0.000000 -1.533362 98.308347 0.000000 14.341659 0.012979 
807 5.093207 0.000000 -1.121117 98.605653 0.000000 13.750114 0.008786 
808 5.529106 0.000000 -1.121117 98.708536 0.000000 13.918665 0.006290 
809 5.529106 0.000000 -1.533362 98.567329 0.000000 14.573826 0.007209 
810 5.965004 0.000000 -1.121117 98.780398 0.000000 14.110962 0.004331 
811 6.400903 0.000000 -0.296627 99.301434 0.000000 12.124099 -0.000777 
812 6.400903 0.000000 -0.708872 99.003390 0.000000 13.491818 0.001630 
813 6.836801 0.000000 -0.296627 99.239480 0.000000 12.506717 -0.000489 
814 6.400903 0.000000 -1.121117 98.815458 0.000000 14.283355 0.003149 
815 6.400903 0.000000 -1.533362 98.684255 0.000000 14.822211 0.004172 
816 6.836801 0.000000 -1.121117 98.828670 0.000000 14.438459 0.002442 
1 19 21 9 22 
2 20 19 22 4 
3 28 29 3 30 
4 21 28 30 9 
5 35 37 21 38 
6 36 35 38 19 
7 44 45 28 46 
8 37 44 46 21 
9 51 53 37 54 
10 52 51 54 35 
11 60 61 44 62 
12 53 60 62 37 
13 67 69 53 70 
14 68 67 70 51 
15 11 78 76 77 
16 78 10 24 76 
17 76 24 14 79 
18 77 76 79 6 
19 24 82 80 81 
20 82 23 40 80 
21 80 40 27 83 
22 81 80 83 14 
23 40 86 84 85 
24 86 39 56 84 
25 84 56 43 87 
26 85 84 87 27 
27 56 90 88 89 
28 89 88 91 43 
29 92 93 60 94 
30 69 92 94 53 
31 95 97 69 98 
32 96 95 98 67 
33 6 79 112 113 
34 79 14 36 112 
35 112 36 19 114 
36 113 112 114 20 
37 14 83 115 116 
38 83 27 52 115 
39 115 52 35 117 
40 116 115 117 36 
41 27 87 118 119 
42 87 43 68 118 
43 118 68 51 120 
44 119 118 120 52 
45 43 91 121 122 
46 121 96 67 123 
47 122 121 123 68 
48 124 126 95 127 
49 125 124 127 96 
50 88 135 133 134 
51 135 72 100 133 
52 133 100 59 136 
53 134 133 136 91 
54 100 139 137 138 
55 139 99 129 137 
56 137 129 103 140 
57 138 137 140 59 
58 141 142 92 143 
59 97 141 143 69 
60 144 145 97 146 
61 126 144 146 95 
62 147 149 126 150 
63 148 147 150 124 
64 129 153 151 152 
65 153 128 154 151 
66 151 154 132 155 
67 152 151 155 103 
68 12 166 164 165 
69 166 7 167 164 
70 164 167 13 25 
71 165 164 25 10 
72 25 170 168 169 
73 170 13 171 168 
74 168 171 26 41 
75 169 168 41 23 
76 41 174 172 173 
77 174 26 175 172 
78 172 175 42 57 
79 173 172 57 39 
80 57 178 176 177 
81 178 42 179 176 
82 176 179 58 73 
83 177 176 73 55 
84 55 182 180 181 
85 182 73 183 180 
86 180 183 71 101 
87 181 180 101 72 
88 101 186 184 185 
89 186 71 187 184 
90 184 187 102 130 
91 185 184 130 99 
92 130 190 188 189 
93 190 102 191 188 
94 188 191 131 161 
95 189 188 161 128 
96 192 193 144 194 
97 149 192 194 126 
98 161 201 199 200 
99 201 131 202 199 
100 128 206 204 205 
101 206 161 200 204 
102 205 204 207 154 
103 132 163 208 209 
104 163 75 210 208 
105 208 210 149 211 
106 209 208 211 147 
107 212 214 75 215 
108 213 212 215 163 
109 200 218 216 217 
110 218 199 219 216 
111 154 207 221 222 
112 221 213 163 223 
113 222 221 223 132 
114 204 226 224 225 
115 226 200 217 224 
116 224 217 160 227 
117 225 224 227 207 
118 228 230 212 231 
119 229 228 231 213 
120 217 234 232 233 
121 234 216 235 232 
122 233 232 236 160 
123 73 238 237 183 
124 238 58 239 237 
125 237 239 74 109 
126 183 237 109 71 
127 71 241 240 187 
128 241 109 242 240 
129 240 242 108 157 
130 187 240 157 102 
131 102 244 243 191 
132 244 157 245 243 
133 243 245 156 196 
134 191 243 196 131 
135 131 247 246 202 
136 247 196 248 246 
137 246 248 195 249 
138 202 246 249 162 
139 199 251 250 219 
140 251 202 252 250 
141 250 252 162 253 
142 219 250 253 203 
143 216 255 254 235 
144 255 219 256 254 
145 254 256 203 257 
146 235 254 257 220 
147 207 227 258 259 
148 227 160 229 258 
149 258 229 213 260 
150 259 258 260 221 
151 160 236 261 262 
152 236 220 263 261 
153 261 263 228 264 
154 262 261 264 229 
155 232 267 265 266 
156 267 235 268 265 
157 265 268 220 269 
158 266 265 269 236 
159 196 283 282 248 
160 283 156 284 282 
161 282 284 197 285 
162 248 282 285 195 
163 157 287 286 245 
164 287 108 288 286 
165 286 288 158 279 
166 245 286 279 156 
167 156 290 289 284 
168 290 279 291 289 
169 289 291 278 292 
170 284 289 292 197 
171 293 294 141 295 
172 145 293 295 97 
173 296 297 145 298 
174 193 296 298 144 
175 279 304 303 291 
176 304 158 305 303 
177 291 303 306 278 
178 109 308 307 242 
179 308 74 309 307 
180 307 309 110 275 
181 242 307 275 108 
182 108 311 310 288 
183 311 275 312 310 
184 310 312 274 300 
185 288 310 300 158 
186 158 314 313 305 
187 314 300 315 313 
188 159 281 317 318 
189 281 111 319 317 
190 317 319 193 320 
191 318 317 320 192 
192 278 306 321 322 
193 321 323 111 324 
194 322 321 324 281 
195 303 327 325 326 
196 327 305 328 325 
197 325 328 280 329 
198 326 325 329 306 
199 274 335 334 301 
200 335 276 336 334 
201 334 336 5 337 
202 301 334 337 277 
203 300 339 338 315 
204 339 274 340 338 
205 338 340 301 341 
206 111 302 342 319 
207 302 277 343 342 
208 342 343 296 344 
209 319 342 344 193 
210 345 346 302 347 
211 323 345 347 111 
212 313 350 348 349 
213 350 315 351 348 
214 305 354 353 328 
215 354 313 349 353 
216 353 349 316 355 
217 328 353 355 280 
218 341 301 357 356 
219 356 357 277 358 
220 346 356 358 302 
221 359 361 346 362 
222 360 359 362 345 
223 349 365 363 364 
224 365 348 366 363 
225 364 363 367 316 
226 315 369 368 351 
227 369 338 370 368 
228 368 370 341 371 
229 351 368 371 299 
230 348 373 372 366 
231 373 351 374 372 
232 372 374 299 375 
233 366 372 375 352 
234 280 355 376 377 
235 355 316 360 376 
236 376 360 345 378 
237 377 376 378 323 
238 316 367 379 380 
239 367 352 381 379 
240 379 381 359 382 
241 380 379 382 360 
242 363 385 383 384 
243 385 366 386 383 
244 383 386 352 387 
245 384 383 387 367 
246 15 389 388 33 
247 389 17 390 388 
248 388 390 8 391 
249 33 388 391 18 
250 393 33 394 392 
251 392 394 18 395 
252 412 413 293 414 
253 297 412 414 145 
254 330 417 415 416 
255 417 332 418 415 
256 415 418 273 419 
257 416 415 419 333 
258 18 391 420 45 
259 391 8 421 420 
260 420 421 29 422 
261 45 420 422 28 
262 395 18 424 423 
263 423 424 45 425 
264 61 423 425 44 
265 426 427 61 428 
266 93 426 428 60 
267 429 430 93 431 
268 142 429 431 92 
269 432 433 142 434 
270 294 432 434 141 
271 435 436 294 437 
272 413 435 437 293 
273 332 439 438 418 
274 438 440 411 441 
275 418 438 441 273 
276 7 443 442 167 
277 443 16 444 442 
278 442 444 15 32 
279 167 442 32 13 
280 13 446 445 171 
281 446 32 447 445 
282 445 447 31 48 
283 171 445 48 26 
284 26 449 448 175 
285 449 48 450 448 
286 448 450 47 64 
287 175 448 64 42 
288 42 452 451 179 
289 452 64 453 451 
290 451 453 63 105 
291 179 451 105 58 
292 58 455 454 239 
293 455 105 456 454 
294 454 456 104 271 
295 239 454 271 74 
296 271 459 457 458 
297 459 104 460 457 
298 457 460 272 409 
299 458 457 409 270 
300 270 463 461 462 
301 463 409 464 461 
302 461 464 408 439 
303 462 461 439 332 
304 408 470 469 440 
305 470 410 471 469 
306 469 471 107 472 
307 440 469 472 411 
308 439 475 473 474 
309 475 408 476 473 
310 473 476 440 477 
311 474 473 477 438 
312 478 479 432 480 
313 436 478 480 294 
314 410 482 481 471 
315 482 465 483 481 
316 481 483 468 484 
317 471 481 484 107 
318 486 400 487 485 
319 485 487 403 488 
320 488 403 498 497 
321 497 498 429 499 
322 433 497 499 142 
323 501 485 502 500 
324 500 502 488 503 
325 504 505 433 506 
326 479 504 506 432 
327 105 513 512 456 
328 513 63 514 512 
329 512 514 106 405 
330 456 512 405 104 
331 405 517 515 516 
332 517 106 518 515 
333 515 518 406 490 
334 516 515 490 404 
335 490 521 519 520 
336 521 406 522 519 
337 519 522 491 509 
338 520 519 509 489 
339 503 488 524 523 
340 523 524 497 525 
341 505 523 525 433 
342 491 527 526 510 
343 527 500 528 526 
344 526 528 503 529 
345 510 526 529 66 
346 509 532 530 531 
347 532 491 533 530 
348 530 533 510 534 
349 489 540 538 539 
350 540 509 531 538 
351 492 511 542 543 
352 511 66 544 542 
353 542 544 505 545 
354 543 542 545 504 
355 507 534 546 547 
356 534 510 548 546 
357 546 548 66 549 
358 547 546 549 511 
359 531 552 550 551 
360 552 530 553 550 
361 550 553 534 554 
362 551 550 554 507 
363 508 541 555 556 
364 541 507 547 555 
365 555 547 511 557 
366 556 555 557 492 
367 538 560 558 559 
368 560 531 551 558 
369 558 551 507 561 
370 559 558 561 541 
371 404 564 562 563 
372 564 490 520 562 
373 562 520 489 536 
374 563 562 536 467 
375 536 567 565 566 
376 567 489 539 565 
377 565 539 508 568 
378 566 565 568 535 
379 539 571 569 570 
380 571 538 559 569 
381 569 559 541 572 
382 570 569 572 508 
383 467 575 573 574 
384 575 536 566 573 
385 407 537 577 578 
386 537 492 543 577 
387 577 543 504 579 
388 578 577 579 479 
389 580 582 537 583 
390 581 580 583 407 
391 573 586 584 585 
392 586 566 587 584 
393 584 587 535 588 
394 585 584 588 576 
395 104 590 589 460 
396 590 405 516 589 
397 589 516 404 466 
398 460 589 466 272 
399 466 593 591 592 
400 593 404 563 591 
401 591 563 467 494 
402 592 591 494 465 
403 494 596 594 595 
404 596 467 574 594 
405 468 496 598 599 
406 496 407 578 598 
407 598 578 479 600 
408 599 598 600 478 
409 601 581 407 603 
410 602 601 603 496 
411 594 606 604 605 
412 606 574 607 604 
413 604 607 495 608 
414 465 611 609 610 
415 611 494 595 609 
416 609 595 493 612 
417 610 609 612 483 
418 595 615 613 614 
419 615 594 605 613 
420 613 605 597 616 
421 614 613 616 493 
422 597 608 617 618 
423 608 495 619 617 
424 617 619 581 620 
425 618 617 620 601 
426 605 623 621 622 
427 623 604 624 621 
428 621 624 608 625 
429 622 621 625 597 
430 626 628 426 629 
431 430 626 629 93 
432 34 631 630 427 
433 631 395 632 630 
434 630 632 423 633 
435 427 630 633 61 
436 399 635 634 628 
437 635 34 636 634 
438 634 636 427 637 
439 628 634 637 426 
440 403 639 638 498 
441 639 50 640 638 
442 638 640 430 641 
443 498 638 641 429 
444 50 646 645 640 
445 646 627 647 645 
446 645 647 626 648 
447 640 645 648 430 
448 627 650 649 647 
449 650 399 651 649 
450 649 651 628 652 
451 647 649 652 626 
452 1 655 653 654 
453 655 12 165 653 
454 653 165 10 78 
455 654 653 78 11 
456 16 657 656 444 
457 657 2 658 656 
458 656 658 17 389 
459 444 656 389 15 
460 10 661 659 660 
461 661 25 169 659 
462 659 169 23 82 
463 660 659 82 24 
464 32 663 662 447 
465 663 15 664 662 
466 662 664 33 393 
467 447 662 393 31 
468 23 667 665 666 
469 667 41 173 665 
470 665 173 39 86 
471 666 665 86 40 
472 48 669 668 450 
473 669 31 670 668 
474 668 670 49 397 
475 450 668 397 47 
476 39 673 671 672 
477 673 57 177 671 
478 671 177 55 90 
479 672 671 90 56 
480 64 675 674 453 
481 675 47 676 674 
482 674 676 65 401 
483 453 674 401 63 
484 90 679 677 678 
485 679 55 181 677 
486 677 181 72 135 
487 678 677 135 88 
488 72 682 680 681 
489 682 101 185 680 
490 680 185 99 139 
491 681 680 139 100 
492 91 136 683 684 
493 136 59 125 683 
494 683 125 96 685 
495 684 683 685 121 
496 59 140 686 687 
497 140 103 148 686 
498 686 148 124 688 
499 687 686 688 125 
500 99 691 689 690 
501 691 130 189 689 
502 689 189 128 153 
503 690 689 153 129 
504 103 155 692 693 
505 155 132 209 692 
506 692 209 147 694 
507 693 692 694 148 
508 75 198 695 210 
509 198 159 318 695 
510 695 318 192 696 
511 210 695 696 149 
512 162 249 697 214 
513 249 195 698 697 
514 697 698 198 699 
515 214 697 699 75 
516 203 253 700 230 
517 253 162 701 700 
518 700 701 214 702 
519 230 700 702 212 
520 220 257 703 263 
521 257 203 704 703 
522 703 704 230 705 
523 263 703 705 228 
524 74 707 706 309 
525 707 271 458 706 
526 706 458 270 331 
527 309 706 331 110 
528 275 709 708 312 
529 709 110 710 708 
530 708 710 276 335 
531 312 708 335 274 
532 197 292 711 712 
533 292 278 322 711 
534 711 322 281 713 
535 712 711 713 159 
536 277 337 714 343 
537 337 5 715 714 
538 714 715 297 716 
539 343 714 716 296 
540 306 329 717 718 
541 329 280 377 717 
542 717 377 323 719 
543 718 717 719 321 
544 331 722 720 721 
545 722 270 462 720 
546 720 462 332 417 
547 721 720 417 330 
548 276 724 723 336 
549 724 330 416 723 
550 723 416 333 725 
551 336 723 725 5 
552 299 371 726 361 
553 371 341 727 726 
554 726 727 356 728 
555 361 726 728 346 
556 352 375 729 381 
557 375 299 730 729 
558 729 730 361 731 
559 381 729 731 359 
560 49 733 732 398 
561 733 392 734 732 
562 732 734 395 631 
563 398 732 631 34 
564 47 736 735 676 
565 736 397 737 735 
566 735 737 396 643 
567 676 735 643 65 
568 396 739 738 644 
569 739 398 740 738 
570 738 740 34 635 
571 644 738 635 399 
572 63 742 741 514 
573 742 401 743 741 
574 741 743 400 486 
575 514 741 486 106 
576 400 745 744 487 
577 745 402 746 744 
578 744 746 50 639 
579 487 744 639 403 
580 409 748 747 464 
581 748 272 749 747 
582 747 749 410 470 
583 464 747 470 408 
584 5 725 750 715 
585 725 333 751 750 
586 750 751 412 752 
587 715 750 752 297 
588 333 419 753 751 
589 419 273 754 753 
590 753 754 413 755 
591 751 753 755 412 
592 273 441 756 754 
593 441 411 757 756 
594 756 757 435 758 
595 754 756 758 413 
596 411 472 759 757 
597 472 107 760 759 
598 759 760 436 761 
599 757 759 761 435 
600 272 763 762 749 
601 763 466 592 762 
602 762 592 465 482 
603 749 762 482 410 
604 107 484 764 760 
605 484 468 599 764 
606 764 599 478 765 
607 760 764 765 436 
608 106 767 766 518 
609 767 486 768 766 
610 766 768 485 501 
611 518 766 501 406 
612 483 612 769 770 
613 612 493 602 769 
614 769 602 496 771 
615 770 769 771 468 
616 406 773 772 522 
617 773 501 774 772 
618 772 774 500 527 
619 522 772 527 491 
620 66 529 775 544 
621 529 503 776 775 
622 775 776 523 777 
623 544 775 777 505 
624 535 568 778 582 
625 568 508 556 778 
626 778 556 492 779 
627 582 778 779 537 
628 574 781 780 607 
629 781 573 585 780 
630 780 585 576 782 
631 607 780 782 495 
632 495 782 783 619 
633 782 576 784 783 
634 783 784 580 785 
635 619 783 785 581 
636 576 588 786 784 
637 588 535 787 786 
638 786 787 582 788 
639 784 786 788 580 
640 493 616 789 790 
641 616 597 618 789 
642 789 618 601 791 
643 790 789 791 602 
644 402 793 792 746 
645 793 642 794 792 
646 792 794 627 646 
647 746 792 646 50 
648 195 285 795 698 
649 285 197 712 795 
650 795 712 159 796 
651 698 795 796 198 
652 110 798 797 710 
653 798 331 721 797 
654 797 721 330 724 
655 710 797 724 276 
656 31 800 799 670 
657 800 393 801 799 
658 799 801 392 733 
659 670 799 733 49 
660 397 803 802 737 
661 803 49 804 802 
662 802 804 398 739 
663 737 802 739 396 
664 401 806 805 743 
665 806 65 807 805 
666 805 807 402 745 
667 743 805 745 400 
668 65 809 808 807 
669 809 643 810 808 
670 808 810 642 793 
671 807 808 793 402 
672 642 812 811 794 
673 812 644 813 811 
674 811 813 399 650 
675 794 811 650 627 
676 643 815 814 810 
677 815 396 816 814 
678 814 816 644 812 
679 810 814 812 642 
