2 0.000000 100.000000 473.401889
719 595 
1 -23.548172 0.000000 -23.527179 99.943688 0.000000 -3.490899 -0.000093 
2 27.349144 0.000000 -23.527179 99.944247 0.000000 -3.459509 -0.000082 
3 27.349144 0.000000 23.780574 99.935528 0.000000 -3.463312 0.000090 
4 -23.548172 0.000000 23.780574 99.934700 0.000000 -3.490962 0.000087 
5 1.900486 0.000000 0.126698 102.248302 0.000000 0.619726 -0.045510 
6 -23.548172 0.000000 0.126698 99.939226 0.000000 -3.496039 -0.000007 
7 1.900486 0.000000 -23.527179 99.953474 0.000000 -3.475434 -0.000278 
8 27.349144 0.000000 0.126698 100.005727 0.000000 -1.573710 -0.000362 
9 1.900486 0.000000 23.780574 99.925614 0.000000 -3.476228 0.000279 
10 -10.823843 0.000000 -11.700240 99.957678 0.000000 -3.493622 -0.000374 
11 -23.548172 0.000000 -11.700240 99.943507 0.000000 -3.493730 -0.000091 
12 -10.823843 0.000000 -23.527179 99.949025 0.000000 -3.487486 -0.000197 
13 1.900486 0.000000 -11.700240 99.990399 0.000000 -3.436417 -0.000989 
14 -10.823843 0.000000 0.126698 99.939321 0.000000 -3.516036 -0.000023 
15 14.624815 0.000000 -11.700240 99.955513 0.000000 -3.381786 -0.000254 
16 14.624815 0.000000 -23.527179 99.949143 0.000000 -3.463463 -0.000183 
17 27.349144 0.000000 -11.700240 99.946832 0.000000 -3.371502 -0.000074 
18 14.624815 0.000000 0.126698 99.920262 0.000000 -3.959036 0.000027 
19 -10.823843 0.000000 11.953636 99.921278 0.000000 -3.493775 0.000353 
20 -23.548172 0.000000 11.953636 99.934931 0.000000 -3.493765 0.000080 
21 1.900486 0.000000 11.953636 99.890107 0.000000 -3.440060 0.001013 
22 -10.823843 0.000000 23.780574 99.929600 0.000000 -3.487695 0.000191 
23 -4.461678 0.000000 -5.786771 100.013345 0.000000 -3.506640 -0.001497 
24 -10.823843 0.000000 -5.786771 99.957241 0.000000 -3.505293 -0.000374 
25 -4.461678 0.000000 -11.700240 99.978199 0.000000 -3.479770 -0.000775 
26 1.900486 0.000000 -5.786771 100.123053 0.000000 -3.313499 -0.003560 
27 -4.461678 0.000000 0.126698 99.937311 0.000000 -3.602503 -0.000044 
28 14.624815 0.000000 11.953636 99.928081 0.000000 -3.394473 0.000286 
29 27.349144 0.000000 11.953636 99.937933 0.000000 -3.397216 0.000087 
30 14.624815 0.000000 23.780574 99.930374 0.000000 -3.465548 0.000191 
31 8.262650 0.000000 -5.786771 100.009228 0.000000 -3.136438 -0.001168 
32 8.262650 0.000000 -11.700240 99.973422 0.000000 -3.396832 -0.000622 
33 14.624815 0.000000 -5.786771 99.962553 0.000000 -3.127740 -0.000229 
34 8.262650 0.000000 0.126698 99.984570 0.000000 0.052570 0.000308 
35 -4.461678 0.000000 6.040167 99.867408 0.000000 -3.506630 0.001420 
36 -10.823843 0.000000 6.040167 99.921776 0.000000 -3.505281 0.000335 
37 1.900486 0.000000 6.040167 99.770379 0.000000 -3.328331 0.003479 
38 -4.461678 0.000000 11.953636 99.901719 0.000000 -3.480439 0.000753 
39 -1.280596 0.000000 -2.830037 100.237621 0.000000 -3.508110 -0.005989 
40 -4.461678 0.000000 -2.830037 100.015625 0.000000 -3.555173 -0.001576 
41 -1.280596 0.000000 -5.786771 100.085083 0.000000 -3.451346 -0.002894 
42 1.900486 0.000000 -2.830037 100.405138 0.000000 -3.016894 -0.009029 
43 -1.280596 0.000000 0.126698 99.786460 0.000000 -4.174489 0.002524 
44 8.262650 0.000000 6.040167 99.884155 0.000000 -3.184830 0.001301 
45 14.624815 0.000000 6.040167 99.935313 0.000000 -3.204466 0.000266 
46 8.262650 0.000000 11.953636 99.908280 0.000000 -3.404394 0.000675 
47 5.081568 0.000000 -2.830037 100.217254 0.000000 -2.456537 -0.004953 
48 5.081568 0.000000 -5.786771 100.072822 0.000000 -3.183631 -0.002471 
49 8.262650 0.000000 -2.830037 100.020675 0.000000 -2.389448 -0.000984 
50 5.081568 0.000000 0.126698 98.677243 0.000000 7.792604 0.020208 
51 -1.280596 0.000000 3.083432 99.666396 0.000000 -3.505356 0.005432 
52 -4.461678 0.000000 3.083432 99.864185 0.000000 -3.552816 0.001452 
53 1.900486 0.000000 3.083432 99.552744 0.000000 -3.139966 0.007939 
54 -1.280596 0.000000 6.040167 99.800155 0.000000 -3.454893 0.002799 
55 0.309945 0.000000 -1.351669 100.867541 0.000000 -2.729384 -0.018171 
56 -1.280596 0.000000 -1.351669 100.383971 0.000000 -3.696145 -0.009060 
57 0.309945 0.000000 -2.830037 100.377290 0.000000 -3.285227 -0.008639 
58 1.900486 0.000000 -1.351669 100.801219 0.000000 -2.301743 -0.016618 
59 0.309945 0.000000 0.126698 101.946994 0.000000 0.000000 -0.039319 
60 5.081568 0.000000 3.083432 99.721830 0.000000 -2.856415 0.004740 
61 8.262650 0.000000 3.083432 99.889243 0.000000 -2.796629 0.001432 
62 5.081568 0.000000 6.040167 99.821724 0.000000 -3.219609 0.002526 
63 3.491027 0.000000 -1.351669 101.163514 0.000000 -0.705448 -0.023455 
64 3.491027 0.000000 -2.830037 100.368639 0.000000 -2.707000 -0.008119 
65 5.081568 0.000000 -1.351669 100.523793 0.000000 0.806351 -0.010568 
66 3.491027 0.000000 0.126698 102.682234 0.000000 -0.000000 -0.054364 
67 0.309945 0.000000 1.605065 99.234179 0.000000 -2.993800 0.014361 
68 -1.280596 0.000000 1.605065 99.532554 0.000000 -3.627484 0.008011 
69 1.900486 0.000000 1.605065 99.474206 0.000000 -2.992084 0.009593 
70 0.309945 0.000000 3.083432 99.552685 0.000000 -3.331779 0.007816 
71 1.105215 0.000000 -0.612486 102.895508 0.000000 0.935692 -0.058836 
72 0.309945 0.000000 -0.612486 101.717948 0.000000 -0.557917 -0.034685 
73 1.105215 0.000000 -1.351669 100.671238 0.000000 -2.492049 -0.014091 
74 1.900486 0.000000 -0.612486 102.089332 0.000000 1.123279 -0.042349 
75 1.105215 0.000000 0.126698 102.839038 0.000000 0.672723 -0.057632 
76 3.491027 0.000000 1.605065 99.406399 0.000000 -2.849920 0.011025 
77 5.081568 0.000000 1.605065 99.553773 0.000000 -2.442311 0.008308 
78 3.491027 0.000000 3.083432 99.618807 0.000000 -2.979392 0.006722 
79 2.695757 0.000000 -0.612486 102.362964 0.000000 0.432460 -0.047836 
80 2.695757 0.000000 -1.351669 101.071015 0.000000 -1.686853 -0.021820 
81 3.491027 0.000000 -0.612486 102.530950 0.000000 2.088569 -0.051696 
82 2.695757 0.000000 0.126698 101.318604 0.000000 0.000000 -0.026546 
83 1.105215 0.000000 0.865882 102.944097 0.000000 0.864175 -0.059823 
84 0.309945 0.000000 0.865882 98.707455 0.000000 -1.609733 0.025425 
85 1.900486 0.000000 0.865882 101.880327 0.000000 1.114916 -0.038084 
86 1.105215 0.000000 1.605065 99.413876 0.000000 -2.895429 0.010850 
87 1.502851 0.000000 -0.242894 102.488236 0.000000 1.030439 -0.050490 
88 1.105215 0.000000 -0.242894 102.567727 0.000000 1.006962 -0.052115 
89 1.502851 0.000000 -0.612486 102.487832 0.000000 1.028154 -0.050481 
90 1.900486 0.000000 -0.242894 102.383709 0.000000 1.059035 -0.048355 
91 1.502851 0.000000 0.126698 102.747040 0.000000 0.650212 -0.055738 
92 -17.186007 0.000000 -5.786771 99.945344 0.000000 -3.498734 -0.000131 
93 -23.548172 0.000000 -5.786771 99.941891 0.000000 -3.495330 -0.000060 
94 -17.186007 0.000000 -11.700240 99.947724 0.000000 -3.494690 -0.000176 
95 -17.186007 0.000000 0.126698 99.939305 0.000000 -3.500893 -0.000012 
96 -7.642761 0.000000 -2.830037 99.965370 0.000000 -3.530224 -0.000554 
97 -10.823843 0.000000 -2.830037 99.950629 0.000000 -3.512110 -0.000246 
98 -7.642761 0.000000 -5.786771 99.973524 0.000000 -3.508926 -0.000702 
99 -7.642761 0.000000 0.126698 99.939238 0.000000 -3.539570 -0.000038 
100 -2.871137 0.000000 -1.351669 100.061849 0.000000 -3.657241 -0.002575 
101 -4.461678 0.000000 -1.351669 99.988459 0.000000 -3.587763 -0.001056 
102 -2.871137 0.000000 -2.830037 100.091092 0.000000 -3.567610 -0.003095 
103 -2.871137 0.000000 0.126698 99.927721 0.000000 -3.711639 0.000067 
104 -0.485326 0.000000 -0.612486 101.758544 0.000000 -4.023147 -0.037099 
105 -1.280596 0.000000 -0.612486 100.317703 0.000000 -4.005685 -0.007969 
106 -0.485326 0.000000 -1.351669 100.798529 0.000000 -3.414596 -0.017200 
107 -0.485326 0.000000 0.126698 98.520018 0.000000 -6.338445 0.025363 
108 0.707580 0.000000 -0.242894 102.924664 0.000000 0.907757 -0.059431 
109 0.309945 0.000000 -0.242894 101.720303 0.000000 -1.538973 -0.034939 
110 0.707580 0.000000 -0.612486 100.597922 0.000000 -0.679343 -0.012040 
111 0.707580 0.000000 0.126698 103.463141 0.000000 0.385861 -0.070477 
112 2.695757 0.000000 0.865882 99.453118 0.000000 -3.684417 0.009550 
113 3.491027 0.000000 0.865882 99.095949 0.000000 -3.436279 0.016818 
114 2.695757 0.000000 1.605065 99.432855 0.000000 -2.995000 0.010414 
115 1.502851 0.000000 0.496290 102.487513 0.000000 1.029805 -0.050475 
116 1.105215 0.000000 0.496290 102.631435 0.000000 0.999870 -0.053421 
117 1.900486 0.000000 0.496290 102.305120 0.000000 1.096140 -0.046754 
118 1.502851 0.000000 0.865882 102.536118 0.000000 1.112937 -0.051489 
119 1.304033 0.000000 -0.058098 102.096802 0.000000 0.476494 -0.042398 
120 1.105215 0.000000 -0.058098 102.722135 0.000000 0.443410 -0.055203 
121 1.304033 0.000000 -0.242894 102.537145 0.000000 1.017344 -0.051490 
122 1.502851 0.000000 -0.058098 102.784139 0.000000 0.493080 -0.056482 
123 1.304033 0.000000 0.126698 102.319666 0.000000 0.705014 -0.046981 
124 2.298121 0.000000 -0.242894 102.014637 0.000000 1.122541 -0.040825 
125 2.298121 0.000000 -0.612486 101.894242 0.000000 -0.255558 -0.038250 
126 2.695757 0.000000 -0.242894 102.357596 0.000000 -6.062048 -0.051383 
127 2.298121 0.000000 0.126698 94.639827 0.000000 0.406323 0.104314 
128 1.701668 0.000000 -0.058098 102.635024 0.000000 0.489881 -0.053419 
129 1.701668 0.000000 -0.242894 102.437887 0.000000 1.041050 -0.049460 
130 1.900486 0.000000 -0.058098 102.252860 0.000000 0.463695 -0.045586 
131 1.701668 0.000000 0.126698 102.571978 0.000000 0.647244 -0.052143 
132 2.298121 0.000000 0.496290 101.962494 0.000000 1.120768 -0.039761 
133 2.695757 0.000000 0.496290 99.696195 0.000000 -7.491480 0.000455 
134 2.298121 0.000000 0.865882 99.643531 0.000000 -3.506813 0.005887 
135 2.099304 0.000000 -0.058098 100.901939 0.000000 0.368826 -0.018134 
136 2.099304 0.000000 -0.242894 102.131109 0.000000 1.120469 -0.043202 
137 2.298121 0.000000 -0.058098 94.768039 0.000000 0.271809 0.101894 
138 2.099304 0.000000 0.126698 100.898602 0.000000 0.524591 -0.018080 
139 20.986979 0.000000 -5.786771 99.957108 0.000000 -3.104001 -0.000106 
140 20.986979 0.000000 -11.700240 99.950324 0.000000 -3.374378 -0.000145 
141 27.349144 0.000000 -5.786771 99.955247 0.000000 -3.082257 -0.000055 
142 20.986979 0.000000 0.126698 99.984744 0.000000 -2.158934 -0.000161 
143 11.443733 0.000000 -2.830037 99.994227 0.000000 -2.344818 -0.000434 
144 11.443733 0.000000 -5.786771 99.978414 0.000000 -3.128045 -0.000547 
145 14.624815 0.000000 -2.830037 99.986889 0.000000 -2.279905 -0.000258 
146 11.443733 0.000000 0.126698 99.841457 0.000000 -6.074367 -0.000521 
147 6.672109 0.000000 -1.351669 100.029933 0.000000 0.658215 -0.000642 
148 6.672109 0.000000 -2.830037 100.072489 0.000000 -2.392579 -0.002023 
149 8.262650 0.000000 -1.351669 100.081166 0.000000 0.708430 -0.001674 
150 6.672109 0.000000 0.126698 99.869882 0.000000 5.747487 -0.000703 
151 4.286298 0.000000 -0.612486 101.640825 0.000000 2.730751 -0.033831 
152 4.286298 0.000000 -1.351669 100.947552 0.000000 0.240657 -0.019047 
153 5.081568 0.000000 -0.612486 100.425094 0.000000 2.474595 -0.009132 
154 4.286298 0.000000 0.126698 97.824016 0.000000 -11.286884 0.030307 
155 3.093392 0.000000 -0.242894 103.243782 0.000000 -5.922073 -0.069435 
156 3.093392 0.000000 -0.612486 102.641093 0.000000 1.231285 -0.053671 
157 3.491027 0.000000 -0.242894 103.296273 0.000000 -3.610419 -0.068316 
158 3.093392 0.000000 0.126698 105.497432 0.000000 0.000000 -0.112971 
159 2.496939 0.000000 -0.058098 91.612771 0.000000 0.165521 0.160707 
160 2.496939 0.000000 -0.242894 101.855945 0.000000 1.111714 -0.037587 
161 2.695757 0.000000 -0.058098 100.998586 0.000000 0.000000 -0.020071 
162 2.496939 0.000000 0.126698 93.088624 0.000000 0.297268 0.133442 
163 20.986979 0.000000 6.040167 99.942217 0.000000 -3.216706 0.000121 
164 27.349144 0.000000 6.040167 99.945136 0.000000 -3.232456 0.000052 
165 20.986979 0.000000 11.953636 99.934056 0.000000 -3.393442 0.000167 
166 11.443733 0.000000 3.083432 99.936425 0.000000 -2.832675 0.000469 
167 14.624815 0.000000 3.083432 99.950737 0.000000 -2.876284 0.000158 
168 11.443733 0.000000 6.040167 99.917379 0.000000 -3.189865 0.000634 
169 6.672109 0.000000 1.605065 99.785387 0.000000 -2.164924 0.003819 
170 8.262650 0.000000 1.605065 99.914657 0.000000 -2.168599 0.001236 
171 6.672109 0.000000 3.083432 99.824962 0.000000 -2.798158 0.002715 
172 4.286298 0.000000 0.865882 99.231178 0.000000 -3.031839 0.014398 
173 5.081568 0.000000 0.865882 99.229412 0.000000 -2.596898 0.014678 
174 4.286298 0.000000 1.605065 99.462493 0.000000 -2.639349 0.010025 
175 3.093392 0.000000 0.496290 99.091535 0.000000 -7.604403 0.012304 
176 3.491027 0.000000 0.496290 98.810154 0.000000 -7.095236 0.018621 
177 3.093392 0.000000 0.865882 99.231331 0.000000 -3.646460 0.013985 
178 2.894574 0.000000 -0.058098 104.418704 0.000000 0.000000 -0.090327 
179 2.894574 0.000000 -0.242894 102.877782 0.000000 -6.222037 -0.062255 
180 3.093392 0.000000 -0.058098 104.577901 0.000000 -0.000000 -0.093654 
181 2.894574 0.000000 0.126698 104.989433 0.000000 0.000000 -0.102278 
182 3.888662 0.000000 -0.242894 101.988796 0.000000 -2.886503 -0.041005 
183 3.888662 0.000000 -0.612486 102.118602 0.000000 2.595454 -0.043495 
184 4.286298 0.000000 -0.242894 101.427564 0.000000 -3.491296 -0.029974 
185 3.888662 0.000000 0.126698 102.528623 0.000000 0.000000 -0.051212 
186 3.888662 0.000000 0.496290 98.903576 0.000000 -6.484062 0.017604 
187 4.286298 0.000000 0.496290 98.962409 0.000000 -5.697231 0.017398 
188 3.888662 0.000000 0.865882 99.139465 0.000000 -3.195659 0.016115 
189 3.689845 0.000000 -0.058098 102.638223 0.000000 -0.000000 -0.053460 
190 3.491027 0.000000 -0.058098 102.726039 0.000000 -0.000000 -0.055264 
191 3.689845 0.000000 -0.242894 102.544738 0.000000 -2.967873 -0.052423 
192 3.888662 0.000000 -0.058098 102.626600 0.000000 0.000000 -0.053222 
193 3.689845 0.000000 0.126698 103.008812 0.000000 -0.000000 -0.061082 
194 1.701668 0.000000 0.311494 102.431498 0.000000 1.042808 -0.049330 
195 1.502851 0.000000 0.311494 102.487913 0.000000 1.031171 -0.050484 
196 1.900486 0.000000 0.311494 102.396194 0.000000 1.048452 -0.048608 
197 1.701668 0.000000 0.496290 102.444828 0.000000 1.039014 -0.049602 
198 1.801077 0.000000 0.034300 102.166961 0.000000 0.828775 -0.043877 
199 1.701668 0.000000 0.034300 102.394942 0.000000 0.784675 -0.048534 
200 1.801077 0.000000 -0.058098 102.531148 0.000000 0.474881 -0.051286 
201 1.900486 0.000000 0.034300 102.252477 0.000000 0.439334 -0.045576 
202 1.801077 0.000000 0.126698 102.457424 0.000000 0.713979 -0.049803 
203 2.099304 0.000000 0.311494 102.182432 0.000000 1.115363 -0.044249 
204 2.298121 0.000000 0.311494 102.013450 0.000000 1.122472 -0.040800 
205 2.099304 0.000000 0.496290 102.135380 0.000000 1.120503 -0.043289 
206 1.999895 0.000000 0.034300 101.809460 0.000000 0.344083 -0.036528 
207 1.999895 0.000000 -0.058098 102.064687 0.000000 0.415758 -0.041737 
208 2.099304 0.000000 0.034300 100.892578 0.000000 0.346414 -0.017943 
209 1.999895 0.000000 0.126698 102.107659 0.000000 0.668602 -0.042642 
210 1.801077 0.000000 0.219096 102.403080 0.000000 1.048062 -0.048749 
211 1.701668 0.000000 0.219096 102.425876 0.000000 1.044368 -0.049215 
212 1.900486 0.000000 0.219096 102.388427 0.000000 1.050075 -0.048449 
213 1.801077 0.000000 0.311494 102.410369 0.000000 1.046376 -0.048898 
214 1.850782 0.000000 0.080499 102.397087 0.000000 0.500928 -0.048541 
215 1.801077 0.000000 0.080499 102.526049 0.000000 0.518692 -0.051186 
216 1.850782 0.000000 0.034300 102.350876 0.000000 0.357424 -0.047583 
217 1.900486 0.000000 0.080499 102.254496 0.000000 0.502371 -0.045623 
218 1.850782 0.000000 0.126698 102.396844 0.000000 0.821527 -0.048579 
219 1.602260 0.000000 0.034300 102.597675 0.000000 0.806828 -0.052693 
220 1.502851 0.000000 0.034300 102.736027 0.000000 0.733759 -0.055523 
221 1.602260 0.000000 -0.058098 102.785521 0.000000 0.492979 -0.056511 
222 1.602260 0.000000 0.126698 102.665280 0.000000 0.726072 -0.054069 
223 1.751373 0.000000 0.080499 102.276514 0.000000 0.849675 -0.046121 
224 1.701668 0.000000 0.080499 102.387605 0.000000 0.799954 -0.048386 
225 1.751373 0.000000 0.034300 102.256034 0.000000 0.823634 -0.045697 
226 1.751373 0.000000 0.126698 102.550716 0.000000 0.639726 -0.051706 
227 -4.461678 0.000000 -17.613710 99.960417 0.000000 -3.480273 -0.000420 
228 -10.823843 0.000000 -17.613710 99.952997 0.000000 -3.488826 -0.000277 
229 -4.461678 0.000000 -23.527179 99.952115 0.000000 -3.482572 -0.000255 
230 1.900486 0.000000 -17.613710 99.964246 0.000000 -3.464517 -0.000485 
231 -1.280596 0.000000 -8.743506 100.018803 0.000000 -3.455378 -0.001570 
232 -4.461678 0.000000 -8.743506 99.992149 0.000000 -3.485314 -0.001058 
233 -1.280596 0.000000 -11.700240 99.987059 0.000000 -3.463305 -0.000941 
234 1.900486 0.000000 -8.743506 100.027074 0.000000 -3.402742 -0.001699 
235 0.309945 0.000000 -4.308404 100.206092 0.000000 -3.361270 -0.005256 
236 -1.280596 0.000000 -4.308404 100.144013 0.000000 -3.465339 -0.004083 
237 0.309945 0.000000 -5.786771 100.114425 0.000000 -3.389299 -0.003439 
238 1.900486 0.000000 -4.308404 100.221964 0.000000 -3.222429 -0.005483 
239 1.105215 0.000000 -2.090853 100.531372 0.000000 -2.976763 -0.011542 
240 0.309945 0.000000 -2.090853 100.537786 0.000000 -3.166681 -0.011787 
241 1.105215 0.000000 -2.830037 100.398904 0.000000 -3.150679 -0.008987 
242 1.900486 0.000000 -2.090853 100.560529 0.000000 -2.800605 -0.012026 
243 1.502851 0.000000 -0.982078 100.780911 0.000000 -1.930231 -0.016052 
244 1.105215 0.000000 -0.982078 100.663301 0.000000 -1.932688 -0.013684 
245 1.502851 0.000000 -1.351669 100.706002 0.000000 -2.437616 -0.014764 
246 1.900486 0.000000 -0.982078 101.019873 0.000000 -1.730572 -0.020801 
247 1.701668 0.000000 -0.427690 102.450870 0.000000 1.037294 -0.049726 
248 1.502851 0.000000 -0.427690 102.487998 0.000000 1.029119 -0.050485 
249 1.701668 0.000000 -0.612486 102.291434 0.000000 1.104783 -0.046476 
250 1.900486 0.000000 -0.427690 102.264111 0.000000 1.106357 -0.045917 
251 1.801077 0.000000 -0.150496 102.411901 0.000000 0.846956 -0.048891 
252 1.701668 0.000000 -0.150496 102.557977 0.000000 0.854579 -0.051887 
253 1.801077 0.000000 -0.242894 102.418535 0.000000 1.044464 -0.049065 
254 1.900486 0.000000 -0.150496 102.400475 0.000000 0.843361 -0.048657 
255 1.850782 0.000000 -0.011899 102.374016 0.000000 0.234719 -0.048049 
256 1.801077 0.000000 -0.011899 102.484279 0.000000 0.376995 -0.050317 
257 1.850782 0.000000 -0.058098 102.400314 0.000000 0.447580 -0.048602 
258 1.900486 0.000000 -0.011899 102.254084 0.000000 0.417671 -0.045607 
259 1.825929 0.000000 0.057399 102.029466 0.000000 0.915145 -0.041085 
260 1.801077 0.000000 0.057399 102.073815 0.000000 0.935708 -0.041994 
261 1.825929 0.000000 0.034300 102.192191 0.000000 0.693950 -0.044373 
262 1.850782 0.000000 0.057399 102.057488 0.000000 0.839029 -0.041643 
263 1.825929 0.000000 0.080499 102.407886 0.000000 0.506972 -0.048763 
264 1.751373 0.000000 -0.011899 102.585872 0.000000 0.428088 -0.052404 
265 1.701668 0.000000 -0.011899 102.673853 0.000000 0.439300 -0.054211 
266 1.751373 0.000000 -0.058098 102.585290 0.000000 0.538373 -0.052403 
267 1.825929 0.000000 0.011200 102.453641 0.000000 0.286430 -0.049683 
268 1.801077 0.000000 0.011200 102.483738 0.000000 0.377931 -0.050306 
269 1.825929 0.000000 -0.011899 102.454265 0.000000 0.287762 -0.049696 
270 1.850782 0.000000 0.011200 102.374905 0.000000 0.230273 -0.048067 
271 1.999895 0.000000 0.219096 102.310090 0.000000 1.087189 -0.046854 
272 2.099304 0.000000 0.219096 102.178598 0.000000 1.115431 -0.044171 
273 1.999895 0.000000 0.311494 102.282062 0.000000 1.097874 -0.046283 
274 1.950190 0.000000 0.080499 102.194866 0.000000 0.543053 -0.044409 
275 1.950190 0.000000 0.034300 102.155143 0.000000 0.442021 -0.043587 
276 1.999895 0.000000 0.080499 102.092777 0.000000 0.459666 -0.042315 
277 1.950190 0.000000 0.126698 102.220977 0.000000 0.607053 -0.044950 
278 1.875634 0.000000 0.057399 102.275479 0.000000 0.465430 -0.046049 
279 1.875634 0.000000 0.034300 102.324697 0.000000 0.382785 -0.047049 
280 1.900486 0.000000 0.057399 102.252275 0.000000 0.469775 -0.045575 
281 1.875634 0.000000 0.080499 102.272737 0.000000 0.505805 -0.045997 
282 1.838355 0.000000 0.045850 101.962621 0.000000 0.949828 -0.039728 
283 1.825929 0.000000 0.045850 101.982350 0.000000 0.959417 -0.040132 
284 1.838355 0.000000 0.034300 102.452058 0.000000 0.357808 -0.049655 
285 1.850782 0.000000 0.045850 102.027423 0.000000 0.825690 -0.041028 
286 1.838355 0.000000 0.057399 101.981516 0.000000 0.936457 -0.040111 
287 1.776225 0.000000 0.057399 102.136102 0.000000 0.925864 -0.043264 
288 1.751373 0.000000 0.057399 102.214973 0.000000 0.897105 -0.044871 
289 1.776225 0.000000 0.034300 102.255546 0.000000 0.780680 -0.045681 
290 1.776225 0.000000 0.080499 102.321997 0.000000 0.779275 -0.047040 
291 -17.186007 0.000000 6.040167 99.933272 0.000000 -3.498755 0.000110 
292 -23.548172 0.000000 6.040167 99.936558 0.000000 -3.495346 0.000047 
293 -17.186007 0.000000 11.953636 99.930872 0.000000 -3.494753 0.000161 
294 -7.642761 0.000000 3.083432 99.913615 0.000000 -3.529705 0.000481 
295 -10.823843 0.000000 3.083432 99.928304 0.000000 -3.512053 0.000200 
296 -7.642761 0.000000 6.040167 99.905955 0.000000 -3.508946 0.000649 
297 -2.871137 0.000000 1.605065 99.811291 0.000000 -3.644384 0.002442 
298 -4.461678 0.000000 1.605065 99.888272 0.000000 -3.585766 0.000948 
299 -2.871137 0.000000 3.083432 99.793007 0.000000 -3.562520 0.002866 
300 -0.485326 0.000000 0.865882 98.559544 0.000000 -3.443229 0.027416 
301 -1.280596 0.000000 0.865882 99.476774 0.000000 -3.845047 0.008959 
302 -0.485326 0.000000 1.605065 99.266609 0.000000 -3.397940 0.013459 
303 0.707580 0.000000 0.496290 102.940455 0.000000 0.885855 -0.059752 
304 0.309945 0.000000 0.496290 98.264897 0.000000 -0.427265 0.034383 
305 0.707580 0.000000 0.865882 99.453197 0.000000 -1.567652 0.010660 
306 1.304033 0.000000 0.311494 102.542502 0.000000 1.016459 -0.051600 
307 1.105215 0.000000 0.311494 102.575090 0.000000 1.004998 -0.052266 
308 1.304033 0.000000 0.496290 102.529224 0.000000 1.018773 -0.051328 
309 1.403442 0.000000 0.034300 102.656914 0.000000 0.741960 -0.053899 
310 1.304033 0.000000 0.034300 102.542189 0.000000 0.721173 -0.051542 
311 1.403442 0.000000 -0.058098 102.499869 0.000000 0.489177 -0.050646 
312 1.403442 0.000000 0.126698 102.477204 0.000000 0.642977 -0.050199 
313 1.403442 0.000000 0.219096 102.520326 0.000000 1.023652 -0.051147 
314 1.304033 0.000000 0.219096 102.548145 0.000000 1.015465 -0.051715 
315 1.502851 0.000000 0.219096 102.488153 0.000000 1.031763 -0.050489 
316 1.403442 0.000000 0.311494 102.517044 0.000000 1.023834 -0.051079 
317 1.453146 0.000000 0.080499 102.701303 0.000000 0.722387 -0.054808 
318 1.403442 0.000000 0.080499 102.618780 0.000000 0.760114 -0.053119 
319 1.453146 0.000000 0.034300 102.769634 0.000000 0.704369 -0.056209 
320 1.502851 0.000000 0.080499 102.706564 0.000000 0.769332 -0.054923 
321 1.453146 0.000000 0.126698 102.670984 0.000000 0.896035 -0.054213 
322 0.906398 0.000000 -0.058098 103.696236 0.000000 0.336290 -0.075302 
323 0.707580 0.000000 -0.058098 103.803974 0.000000 0.245357 -0.077533 
324 0.906398 0.000000 -0.242894 102.822426 0.000000 0.958898 -0.057337 
325 0.906398 0.000000 0.126698 103.378156 0.000000 0.687814 -0.068752 
326 1.204624 0.000000 0.034300 102.646536 0.000000 0.688288 -0.053679 
327 1.105215 0.000000 0.034300 102.933315 0.000000 0.374211 -0.059541 
328 1.204624 0.000000 -0.058098 102.255537 0.000000 0.467203 -0.045641 
329 1.204624 0.000000 0.126698 102.554081 0.000000 0.616450 -0.051772 
330 0.906398 0.000000 0.311494 102.780757 0.000000 0.968277 -0.056482 
331 0.707580 0.000000 0.311494 102.899170 0.000000 0.926867 -0.058910 
332 0.906398 0.000000 0.496290 102.861575 0.000000 0.947132 -0.058140 
333 1.204624 0.000000 0.219096 102.569101 0.000000 1.008288 -0.052144 
334 1.105215 0.000000 0.219096 102.582377 0.000000 1.002979 -0.052415 
335 1.204624 0.000000 0.311494 102.562113 0.000000 1.009945 -0.052001 
336 1.254329 0.000000 0.080499 102.407614 0.000000 0.656656 -0.048775 
337 1.204624 0.000000 0.080499 102.521189 0.000000 0.634619 -0.051100 
338 1.254329 0.000000 0.034300 102.451247 0.000000 0.597720 -0.049662 
339 1.304033 0.000000 0.080499 102.423896 0.000000 0.682205 -0.049112 
340 1.254329 0.000000 0.126698 102.318847 0.000000 0.803987 -0.046979 
341 1.005807 0.000000 0.034300 103.402097 0.000000 0.397753 -0.069215 
342 0.906398 0.000000 0.034300 103.790841 0.000000 0.305491 -0.077263 
343 1.005807 0.000000 -0.058098 103.363898 0.000000 0.420256 -0.068427 
344 1.005807 0.000000 0.126698 103.367885 0.000000 0.565039 -0.068524 
345 1.154920 0.000000 0.080499 102.633840 0.000000 0.544884 -0.053400 
346 1.105215 0.000000 0.080499 102.668860 0.000000 0.484850 -0.054113 
347 1.154920 0.000000 0.034300 102.587624 0.000000 0.448256 -0.052442 
348 1.154920 0.000000 0.126698 102.619877 0.000000 0.605169 -0.053121 
349 1.304033 0.000000 -0.427690 102.524378 0.000000 1.019553 -0.051229 
350 1.105215 0.000000 -0.427690 102.714978 0.000000 0.987686 -0.055134 
351 1.304033 0.000000 -0.612486 102.693715 0.000000 0.996554 -0.054699 
352 1.204624 0.000000 -0.150496 102.344409 0.000000 0.824646 -0.047506 
353 1.105215 0.000000 -0.150496 102.843701 0.000000 0.806465 -0.057748 
354 1.204624 0.000000 -0.242894 102.555236 0.000000 1.011509 -0.051860 
355 1.304033 0.000000 -0.150496 102.330534 0.000000 0.832002 -0.047223 
356 1.154920 0.000000 -0.011899 102.593252 0.000000 0.432941 -0.052556 
357 1.105215 0.000000 -0.011899 102.998249 0.000000 0.343244 -0.060876 
358 1.154920 0.000000 -0.058098 102.641217 0.000000 0.508614 -0.053548 
359 1.204624 0.000000 -0.011899 102.208269 0.000000 0.421570 -0.044671 
360 1.179772 0.000000 0.057399 102.735204 0.000000 0.725424 -0.055505 
361 1.154920 0.000000 0.057399 102.818597 0.000000 0.727883 -0.057219 
362 1.179772 0.000000 0.034300 102.600472 0.000000 0.632150 -0.052726 
363 1.204624 0.000000 0.057399 102.710285 0.000000 0.730672 -0.054994 
364 1.179772 0.000000 0.080499 102.574564 0.000000 0.549383 -0.052184 
365 1.005807 0.000000 0.219096 102.658010 0.000000 0.990079 -0.053965 
366 0.906398 0.000000 0.219096 102.783398 0.000000 0.966685 -0.056536 
367 1.005807 0.000000 0.311494 102.691950 0.000000 0.985993 -0.054661 
368 1.055511 0.000000 0.080499 103.168680 0.000000 0.429868 -0.064396 
369 1.005807 0.000000 0.080499 103.312122 0.000000 0.454299 -0.067360 
370 1.055511 0.000000 0.034300 103.324189 0.000000 0.333499 -0.067600 
371 1.055511 0.000000 0.126698 102.892640 0.000000 0.774639 -0.058750 
372 1.130068 0.000000 0.057399 102.649051 0.000000 0.461654 -0.053704 
373 1.105215 0.000000 0.057399 102.724342 0.000000 0.448295 -0.055249 
374 1.130068 0.000000 0.034300 102.682012 0.000000 0.434432 -0.054378 
375 1.130068 0.000000 0.080499 102.620242 0.000000 0.491699 -0.053116 
376 1.254329 0.000000 -0.011899 101.813798 0.000000 0.234764 -0.036610 
377 1.254329 0.000000 -0.058098 102.008229 0.000000 0.450361 -0.040588 
378 1.304033 0.000000 -0.011899 102.066700 0.000000 0.382425 -0.041776 
379 1.179772 0.000000 0.011200 102.330501 0.000000 0.436374 -0.047172 
380 1.154920 0.000000 0.011200 102.593685 0.000000 0.434019 -0.052565 
381 1.179772 0.000000 -0.011899 102.329592 0.000000 0.435268 -0.047153 
382 1.204624 0.000000 0.011200 102.209084 0.000000 0.422585 -0.044688 
383 1.167346 0.000000 0.045850 102.788271 0.000000 0.746380 -0.056599 
384 1.154920 0.000000 0.045850 102.818529 0.000000 0.729559 -0.057218 
385 1.167346 0.000000 0.034300 102.691353 0.000000 0.675529 -0.054597 
386 1.179772 0.000000 0.045850 102.747131 0.000000 0.730263 -0.055751 
387 1.167346 0.000000 0.057399 102.815830 0.000000 0.742226 -0.057165 
388 3.292209 0.000000 -0.058098 103.225532 0.000000 -0.000000 -0.065551 
389 3.292209 0.000000 -0.242894 103.744049 0.000000 -4.961102 -0.078744 
390 3.292209 0.000000 0.126698 103.046835 0.000000 -0.000000 -0.061865 
391 3.689845 0.000000 0.311494 100.741878 0.000000 -9.072470 -0.023124 
392 3.491027 0.000000 0.311494 101.228538 0.000000 -24.404089 -0.084278 
393 3.888662 0.000000 0.311494 99.516861 0.000000 -5.897233 0.006162 
394 3.689845 0.000000 0.496290 98.865986 0.000000 -6.799489 0.017928 
395 3.590436 0.000000 0.034300 102.710386 0.000000 -0.000000 -0.054942 
396 3.491027 0.000000 0.034300 102.789132 0.000000 -0.000000 -0.056561 
397 3.590436 0.000000 -0.058098 102.751592 0.000000 -0.000000 -0.055789 
398 3.689845 0.000000 0.034300 102.686908 0.000000 -0.000000 -0.054460 
399 3.590436 0.000000 0.126698 102.836317 0.000000 -0.000000 -0.057531 
400 3.292209 0.000000 0.311494 100.347387 0.000000 -31.840202 -0.108340 
401 3.093392 0.000000 0.311494 100.148051 0.000000 -28.114151 -0.082004 
402 3.292209 0.000000 0.496290 98.864611 0.000000 -7.408812 0.017090 
403 3.391618 0.000000 0.034300 102.873109 0.000000 -0.000000 -0.058288 
404 3.292209 0.000000 0.034300 103.370654 0.000000 -0.000000 -0.068549 
405 3.391618 0.000000 -0.058098 102.893758 0.000000 0.000000 -0.058713 
406 3.391618 0.000000 0.126698 102.953467 0.000000 -0.000000 -0.059942 
407 8.262650 0.000000 -17.613710 99.960207 0.000000 -3.449072 -0.000394 
408 8.262650 0.000000 -23.527179 99.952088 0.000000 -3.468355 -0.000245 
409 14.624815 0.000000 -17.613710 99.953260 0.000000 -3.440591 -0.000249 
410 5.081568 0.000000 -8.743506 100.014838 0.000000 -3.346868 -0.001417 
411 5.081568 0.000000 -11.700240 99.984195 0.000000 -3.412224 -0.000848 
412 8.262650 0.000000 -8.743506 99.991767 0.000000 -3.319083 -0.000937 
413 3.491027 0.000000 -4.308404 100.189455 0.000000 -3.085683 -0.004745 
414 3.491027 0.000000 -5.786771 100.105994 0.000000 -3.239466 -0.003170 
415 5.081568 0.000000 -4.308404 100.123433 0.000000 -2.986007 -0.003362 
416 4.286298 0.000000 -2.090853 100.482740 0.000000 -1.868159 -0.010027 
417 3.491027 0.000000 -2.090853 100.586732 0.000000 -2.204453 -0.012255 
418 4.286298 0.000000 -2.830037 100.306187 0.000000 -2.558425 -0.006788 
419 5.081568 0.000000 -2.090853 100.316384 0.000000 -1.642087 -0.006607 
420 3.888662 0.000000 -0.982078 101.620632 0.000000 1.721698 -0.032972 
421 3.491027 0.000000 -0.982078 101.770754 0.000000 0.988819 -0.035826 
422 3.888662 0.000000 -1.351669 101.090714 0.000000 -0.201524 -0.021937 
423 4.286298 0.000000 -0.982078 101.363108 0.000000 2.286611 -0.027971 
424 3.689845 0.000000 -0.427690 102.470267 0.000000 0.965154 -0.050109 
425 3.491027 0.000000 -0.427690 102.829617 0.000000 0.690000 -0.057441 
426 3.689845 0.000000 -0.612486 102.343674 0.000000 2.404352 -0.048001 
427 3.888662 0.000000 -0.427690 102.136995 0.000000 1.020007 -0.043301 
428 3.590436 0.000000 -0.150496 102.775478 0.000000 -0.000000 -0.056280 
429 3.491027 0.000000 -0.150496 102.655296 0.000000 -0.000000 -0.053811 
430 3.590436 0.000000 -0.242894 102.896982 0.000000 -3.206636 -0.059807 
431 3.689845 0.000000 -0.150496 103.452276 0.000000 -0.000000 -0.070237 
432 3.540732 0.000000 -0.011899 102.737065 0.000000 -0.000000 -0.055490 
433 3.491027 0.000000 -0.011899 102.749270 0.000000 -0.000000 -0.055741 
434 3.540732 0.000000 -0.058098 102.792535 0.000000 -0.000000 -0.056631 
435 3.590436 0.000000 -0.011899 102.727332 0.000000 -0.000000 -0.055290 
436 3.540732 0.000000 0.034300 102.795016 0.000000 -0.000000 -0.056682 
437 5.876839 0.000000 -0.612486 99.406517 0.000000 1.304933 0.011664 
438 5.876839 0.000000 -1.351669 100.115942 0.000000 0.827331 -0.002389 
439 6.672109 0.000000 -0.612486 99.806154 0.000000 0.500073 0.003848 
440 5.876839 0.000000 0.126698 99.124902 0.000000 7.383043 0.011974 
441 4.683933 0.000000 -0.242894 100.784030 0.000000 -4.321627 -0.017610 
442 4.683933 0.000000 -0.612486 101.102174 0.000000 2.728833 -0.022910 
443 5.081568 0.000000 -0.242894 99.644905 0.000000 -5.998000 0.003492 
444 4.683933 0.000000 0.126698 98.508218 0.000000 4.576115 0.027519 
445 4.087480 0.000000 -0.058098 100.644899 0.000000 -16.784814 -0.041113 
446 4.087480 0.000000 -0.242894 101.665406 0.000000 -3.139520 -0.034571 
447 4.286298 0.000000 -0.058098 100.019974 0.000000 -20.567350 -0.042701 
448 4.087480 0.000000 0.126698 97.749469 0.000000 -28.628093 -0.037453 
449 3.789254 0.000000 0.034300 102.749198 0.000000 0.000000 -0.055740 
450 3.789254 0.000000 -0.058098 102.763968 0.000000 0.000000 -0.056043 
451 3.888662 0.000000 0.034300 102.628348 0.000000 0.000000 -0.053258 
452 3.789254 0.000000 0.126698 102.623943 0.000000 0.000000 -0.053167 
453 3.640140 0.000000 -0.011899 102.932913 0.000000 -0.000000 -0.059518 
454 3.640140 0.000000 -0.058098 102.662986 0.000000 -0.000000 -0.053969 
455 3.689845 0.000000 -0.011899 102.734050 0.000000 -0.000000 -0.055428 
456 3.640140 0.000000 0.034300 102.751256 0.000000 -0.000000 -0.055782 
457 3.590436 0.000000 0.219096 99.836442 0.000000 -27.634360 -0.073097 
458 3.491027 0.000000 0.219096 99.568205 0.000000 -28.257257 -0.071230 
459 3.689845 0.000000 0.219096 99.885164 0.000000 -27.096304 -0.071126 
460 3.590436 0.000000 0.311494 101.167625 0.000000 -15.212537 -0.046631 
461 3.540732 0.000000 0.080499 102.811684 0.000000 -0.000000 -0.057024 
462 3.491027 0.000000 0.080499 102.705426 0.000000 -0.000000 -0.054840 
463 3.590436 0.000000 0.080499 102.794133 0.000000 -0.000000 -0.056663 
464 3.540732 0.000000 0.126698 102.645568 0.000000 -0.000000 -0.053611 
465 3.565584 0.000000 0.011200 102.760095 0.000000 -0.000000 -0.055964 
466 3.540732 0.000000 0.011200 102.735470 0.000000 -0.000000 -0.055458 
467 3.565584 0.000000 -0.011899 102.759919 0.000000 -0.000000 -0.055960 
468 3.590436 0.000000 0.011200 102.727645 0.000000 -0.000000 -0.055297 
469 3.565584 0.000000 0.034300 102.750804 0.000000 -0.000000 -0.055773 
470 2.695757 0.000000 -2.090853 100.596451 0.000000 -2.547438 -0.012614 
471 2.695757 0.000000 -2.830037 100.399444 0.000000 -2.868769 -0.008828 
472 3.093392 0.000000 -0.982078 101.766255 0.000000 0.151593 -0.035639 
473 2.695757 0.000000 -0.982078 101.594037 0.000000 -0.667283 -0.032179 
474 3.093392 0.000000 -1.351669 101.154055 0.000000 -1.222788 -0.023364 
475 3.292209 0.000000 -0.427690 103.025290 0.000000 0.213503 -0.061426 
476 3.093392 0.000000 -0.427690 102.965390 0.000000 -0.208262 -0.060191 
477 3.292209 0.000000 -0.612486 102.638719 0.000000 1.676859 -0.053752 
478 3.391618 0.000000 -0.150496 102.925177 0.000000 0.000000 -0.059359 
479 3.292209 0.000000 -0.150496 103.068628 0.000000 -0.000000 -0.062314 
480 3.391618 0.000000 -0.242894 103.631263 0.000000 -4.217252 -0.075722 
481 3.441323 0.000000 -0.011899 102.809578 0.000000 -0.000000 -0.056981 
482 3.391618 0.000000 -0.011899 102.870878 0.000000 -0.000000 -0.058242 
483 3.441323 0.000000 -0.058098 102.798835 0.000000 -0.000000 -0.056760 
484 3.441323 0.000000 0.034300 102.817943 0.000000 0.000000 -0.057153 
485 3.515879 0.000000 0.011200 102.752951 0.000000 -0.000000 -0.055817 
486 3.491027 0.000000 0.011200 102.748152 0.000000 -0.000000 -0.055718 
487 3.515879 0.000000 -0.011899 102.755078 0.000000 -0.000000 -0.055861 
488 3.515879 0.000000 0.034300 102.818526 0.000000 -0.000000 -0.057165 
489 3.540732 0.000000 -0.104297 102.805125 0.000000 -0.000000 -0.056889 
490 3.491027 0.000000 -0.104297 102.706686 0.000000 -0.000000 -0.054866 
491 3.540732 0.000000 -0.150496 102.621286 0.000000 -0.000000 -0.053113 
492 3.590436 0.000000 -0.104297 102.782772 0.000000 -0.000000 -0.056430 
493 3.565584 0.000000 -0.034999 102.750456 0.000000 -0.000000 -0.055766 
494 3.540732 0.000000 -0.034999 102.794938 0.000000 -0.000000 -0.056680 
495 3.565584 0.000000 -0.058098 102.802272 0.000000 -0.000000 -0.056831 
496 3.590436 0.000000 -0.034999 102.709714 0.000000 -0.000000 -0.054929 
497 3.553158 0.000000 -0.000349 102.648609 0.000000 -0.000000 -0.053674 
498 3.540732 0.000000 -0.000349 102.673876 0.000000 0.000000 -0.054192 
499 3.553158 0.000000 -0.011899 102.806594 0.000000 -0.000000 -0.056920 
500 3.565584 0.000000 -0.000349 102.233033 0.000000 -0.000000 -0.045159 
501 3.553158 0.000000 0.011200 102.729249 0.000000 -0.000000 -0.055330 
502 3.192801 0.000000 0.034300 104.046739 0.000000 -0.000000 -0.082572 
503 3.093392 0.000000 0.034300 104.623724 0.000000 -0.000000 -0.094612 
504 3.192801 0.000000 -0.058098 103.963302 0.000000 -0.000000 -0.080837 
505 3.192801 0.000000 0.126698 103.108527 0.000000 -0.000000 -0.063137 
506 3.341914 0.000000 -0.011899 103.055906 0.000000 -0.000000 -0.062052 
507 3.292209 0.000000 -0.011899 103.249343 0.000000 -0.000000 -0.066043 
508 3.341914 0.000000 -0.058098 103.124367 0.000000 -0.000000 -0.063464 
509 3.341914 0.000000 0.034300 103.126829 0.000000 -0.000000 -0.063514 
510 3.391618 0.000000 0.219096 99.322227 0.000000 -29.022569 -0.070721 
511 3.292209 0.000000 0.219096 99.325985 0.000000 -29.842780 -0.075624 
512 3.391618 0.000000 0.311494 100.811288 0.000000 -30.741774 -0.110797 
513 3.441323 0.000000 0.080499 102.799401 0.000000 -0.000000 -0.056772 
514 3.391618 0.000000 0.080499 102.910814 0.000000 0.000000 -0.059064 
515 3.441323 0.000000 0.126698 102.751387 0.000000 -0.000000 -0.055785 
516 3.416470 0.000000 0.011200 102.845358 0.000000 -0.000000 -0.057717 
517 3.391618 0.000000 0.011200 102.871222 0.000000 -0.000000 -0.058249 
518 3.416470 0.000000 -0.011899 102.845708 0.000000 -0.000000 -0.057724 
519 3.441323 0.000000 0.011200 102.809347 0.000000 -0.000000 -0.056976 
520 3.416470 0.000000 0.034300 102.842247 0.000000 -0.000000 -0.057653 
521 3.192801 0.000000 -0.150496 103.119631 0.000000 -0.000000 -0.063366 
522 3.093392 0.000000 -0.150496 105.703201 0.000000 0.000000 -0.117317 
523 3.192801 0.000000 -0.242894 103.538162 0.000000 -5.605399 -0.075157 
524 3.242505 0.000000 -0.011899 103.648365 0.000000 -0.000000 -0.074298 
525 3.192801 0.000000 -0.011899 104.207966 0.000000 -0.000000 -0.085930 
526 3.242505 0.000000 -0.058098 103.492471 0.000000 -0.000000 -0.071069 
527 3.242505 0.000000 0.034300 103.632785 0.000000 -0.000000 -0.073975 
528 3.341914 0.000000 0.080499 102.993982 0.000000 -0.000000 -0.060776 
529 3.292209 0.000000 0.080499 103.215780 0.000000 -0.000000 -0.065350 
530 3.341914 0.000000 0.126698 103.015297 0.000000 -0.000000 -0.061215 
531 3.317062 0.000000 0.011200 103.112489 0.000000 -0.000000 -0.063219 
532 3.292209 0.000000 0.011200 103.245172 0.000000 -0.000000 -0.065957 
533 3.317062 0.000000 -0.011899 103.114673 0.000000 -0.000000 -0.063264 
534 3.341914 0.000000 0.011200 103.054651 0.000000 -0.000000 -0.062026 
535 3.317062 0.000000 0.034300 103.180585 0.000000 -0.000000 -0.064623 
536 2.894574 0.000000 0.311494 100.448416 0.000000 -24.165596 -0.067386 
537 2.695757 0.000000 0.311494 100.801484 0.000000 -19.725864 -0.055005 
538 2.894574 0.000000 0.496290 99.355568 0.000000 -7.648548 0.006997 
539 3.192801 0.000000 0.219096 99.748426 0.000000 -30.397440 -0.087375 
540 3.093392 0.000000 0.219096 100.257267 0.000000 -30.343029 -0.097222 
541 3.192801 0.000000 0.311494 100.148819 0.000000 -30.301593 -0.094797 
542 3.242505 0.000000 0.080499 103.503355 0.000000 -0.000000 -0.071294 
543 3.192801 0.000000 0.080499 103.921795 0.000000 -0.000000 -0.079974 
544 3.242505 0.000000 0.126698 103.091728 0.000000 -0.000000 -0.062790 
545 3.267357 0.000000 0.011200 103.310927 0.000000 -0.000000 -0.067315 
546 3.242505 0.000000 0.011200 103.648648 0.000000 -0.000000 -0.074304 
547 3.267357 0.000000 -0.011899 103.314285 0.000000 -0.000000 -0.067384 
548 3.267357 0.000000 0.034300 103.455996 0.000000 -0.000000 -0.070314 
549 2.993983 0.000000 0.034300 105.105738 0.000000 0.000000 -0.104722 
550 2.894574 0.000000 0.034300 104.440496 0.000000 0.000000 -0.090782 
551 2.993983 0.000000 -0.058098 104.933122 0.000000 0.000000 -0.101096 
552 2.993983 0.000000 0.126698 104.741868 0.000000 0.000000 -0.097086 
553 3.143096 0.000000 -0.011899 104.218627 0.000000 -0.000000 -0.086152 
554 3.093392 0.000000 -0.011899 104.650473 0.000000 -0.000000 -0.095172 
555 3.143096 0.000000 -0.058098 104.230116 0.000000 -0.000000 -0.086392 
556 3.143096 0.000000 0.034300 104.218596 0.000000 -0.000000 -0.086152 
557 3.217653 0.000000 0.011200 103.903067 0.000000 -0.000000 -0.079585 
558 3.192801 0.000000 0.011200 104.214127 0.000000 -0.000000 -0.086058 
559 3.217653 0.000000 -0.011899 103.902202 0.000000 -0.000000 -0.079567 
560 3.217653 0.000000 0.034300 103.774795 0.000000 -0.000000 -0.076921 
561 3.242505 0.000000 -0.104297 103.482228 0.000000 -0.000000 -0.070857 
562 3.192801 0.000000 -0.104297 103.820366 0.000000 -0.000000 -0.077867 
563 3.242505 0.000000 -0.150496 103.091342 0.000000 -0.000000 -0.062782 
564 3.292209 0.000000 -0.104297 103.236026 0.000000 -0.000000 -0.065768 
565 3.267357 0.000000 -0.034999 103.455577 0.000000 -0.000000 -0.070306 
566 3.242505 0.000000 -0.034999 103.632162 0.000000 -0.000000 -0.073962 
567 3.267357 0.000000 -0.058098 103.440321 0.000000 -0.000000 -0.069990 
568 3.292209 0.000000 -0.034999 103.370441 0.000000 -0.000000 -0.068545 
569 3.254931 0.000000 -0.000349 103.244142 0.000000 0.000000 -0.065935 
570 3.242505 0.000000 -0.000349 102.949841 0.000000 -0.000000 -0.059867 
571 3.254931 0.000000 -0.011899 103.358957 0.000000 -0.000000 -0.068307 
572 3.267357 0.000000 -0.000349 103.231667 0.000000 -0.000000 -0.065678 
573 3.254931 0.000000 0.011200 103.354641 0.000000 -0.000000 -0.068218 
574 -17.186007 0.000000 -17.613710 99.947301 0.000000 -3.491621 -0.000165 
575 -23.548172 0.000000 -17.613710 99.943954 0.000000 -3.492106 -0.000099 
576 -17.186007 0.000000 -23.527179 99.945961 0.000000 -3.489947 -0.000137 
577 20.986979 0.000000 -17.613710 99.948137 0.000000 -3.437161 -0.000144 
578 20.986979 0.000000 -23.527179 99.946311 0.000000 -3.460822 -0.000124 
579 27.349144 0.000000 -17.613710 99.945187 0.000000 -3.435630 -0.000084 
580 -7.642761 0.000000 -8.743506 99.972259 0.000000 -3.496273 -0.000668 
581 -10.823843 0.000000 -8.743506 99.958899 0.000000 -3.498534 -0.000402 
582 -7.642761 0.000000 -11.700240 99.966610 0.000000 -3.489647 -0.000550 
583 11.443733 0.000000 -8.743506 99.967499 0.000000 -3.313912 -0.000448 
584 11.443733 0.000000 -11.700240 99.961842 0.000000 -3.386631 -0.000384 
585 14.624815 0.000000 -8.743506 99.957895 0.000000 -3.306673 -0.000251 
586 -2.871137 0.000000 -4.308404 100.070312 0.000000 -3.512809 -0.002641 
587 -4.461678 0.000000 -4.308404 100.019837 0.000000 -3.527228 -0.001641 
588 -2.871137 0.000000 -5.786771 100.045183 0.000000 -3.491281 -0.002123 
589 6.672109 0.000000 -4.308404 100.057999 0.000000 -2.941238 -0.002025 
590 6.672109 0.000000 -5.786771 100.037344 0.000000 -3.151257 -0.001740 
591 8.262650 0.000000 -4.308404 100.016425 0.000000 -2.928693 -0.001186 
592 -0.485326 0.000000 -2.090853 100.461358 0.000000 -3.407198 -0.010409 
593 -1.280596 0.000000 -2.090853 100.304614 0.000000 -3.560260 -0.007369 
594 -0.485326 0.000000 -2.830037 100.321511 0.000000 -3.414102 -0.007606 
595 0.707580 0.000000 -0.982078 100.791100 0.000000 -1.860397 -0.016231 
596 0.309945 0.000000 -0.982078 101.195213 0.000000 -2.048564 -0.024467 
597 0.707580 0.000000 -1.351669 100.736280 0.000000 -2.551809 -0.015431 
598 2.298121 0.000000 -0.982078 101.311454 0.000000 -1.318133 -0.026575 
599 2.298121 0.000000 -1.351669 100.935873 0.000000 -2.058594 -0.019229 
600 0.906398 0.000000 -0.427690 102.897653 0.000000 0.931048 -0.058879 
601 0.707580 0.000000 -0.427690 102.940651 0.000000 0.886287 -0.059756 
602 0.906398 0.000000 -0.612486 102.941456 0.000000 0.888025 -0.059773 
603 1.403442 0.000000 -0.150496 102.643072 0.000000 0.843814 -0.053631 
604 1.403442 0.000000 -0.242894 102.514197 0.000000 1.023896 -0.051021 
605 1.502851 0.000000 -0.150496 102.619013 0.000000 0.849577 -0.053138 
606 2.099304 0.000000 -0.427690 102.079205 0.000000 1.122939 -0.042143 
607 2.099304 0.000000 -0.612486 101.916945 0.000000 1.118089 -0.038831 
608 2.298121 0.000000 -0.427690 101.915629 0.000000 1.117950 -0.038805 
609 2.496939 0.000000 -0.427690 102.328298 0.000000 -0.532789 -0.047136 
610 2.496939 0.000000 -0.612486 102.141729 0.000000 0.073975 -0.043294 
611 2.695757 0.000000 -0.427690 102.567510 0.000000 -0.522115 -0.052037 
612 1.602260 0.000000 -0.150496 102.578504 0.000000 0.852923 -0.052308 
613 1.602260 0.000000 -0.242894 102.461871 0.000000 1.036309 -0.049951 
614 2.496939 0.000000 0.311494 101.878926 0.000000 1.114717 -0.038056 
615 2.496939 0.000000 0.496290 101.827726 0.000000 1.106960 -0.037011 
616 1.999895 0.000000 -0.150496 102.114546 0.000000 0.825498 -0.042806 
617 1.999895 0.000000 -0.242894 102.243678 0.000000 1.107369 -0.045500 
618 2.099304 0.000000 -0.150496 102.022600 0.000000 0.805227 -0.040926 
619 5.876839 0.000000 -2.090853 100.153519 0.000000 -1.562309 -0.003317 
620 5.876839 0.000000 -2.830037 100.132282 0.000000 -2.405084 -0.003226 
621 6.672109 0.000000 -2.090853 100.066424 0.000000 -1.570212 -0.001575 
622 4.683933 0.000000 -0.982078 101.023661 0.000000 2.659372 -0.021285 
623 4.683933 0.000000 -1.351669 100.750362 0.000000 0.581860 -0.015097 
624 5.081568 0.000000 -0.982078 100.616897 0.000000 2.797913 -0.013159 
625 2.894574 0.000000 -0.427690 102.800477 0.000000 -0.451662 -0.056814 
626 2.894574 0.000000 -0.612486 102.545464 0.000000 0.801533 -0.051621 
627 5.876839 0.000000 0.865882 99.359339 0.000000 -1.913617 0.012406 
628 6.672109 0.000000 0.865882 99.712271 0.000000 -1.580330 0.005497 
629 5.876839 0.000000 1.605065 99.660558 0.000000 -2.264889 0.006264 
630 4.683933 0.000000 0.496290 98.913585 0.000000 -4.846157 0.019262 
631 5.081568 0.000000 0.496290 98.799148 0.000000 -3.994148 0.022278 
632 4.683933 0.000000 0.865882 99.246471 0.000000 -2.856124 0.014198 
633 2.993983 0.000000 -0.150496 105.703201 0.000000 0.000000 -0.117317 
634 2.894574 0.000000 -0.150496 104.982409 0.000000 0.000000 -0.102131 
635 2.993983 0.000000 -0.242894 103.065843 0.000000 -6.079935 -0.065953 
636 4.087480 0.000000 -0.427690 101.866159 0.000000 0.953973 -0.037762 
637 4.087480 0.000000 -0.612486 101.892366 0.000000 2.699324 -0.038934 
638 4.286298 0.000000 -0.427690 101.623977 0.000000 0.858853 -0.032817 
639 4.087480 0.000000 0.311494 99.016481 0.000000 -6.541610 0.015294 
640 4.286298 0.000000 0.311494 99.038239 0.000000 -6.816513 0.014496 
641 4.087480 0.000000 0.496290 98.940385 0.000000 -6.113913 0.017342 
642 3.789254 0.000000 -0.150496 102.528605 0.000000 0.000000 -0.051211 
643 3.789254 0.000000 -0.242894 102.239279 0.000000 -2.859538 -0.046105 
644 3.888662 0.000000 -0.150496 102.474861 0.000000 0.000000 -0.050110 
645 1.602260 0.000000 0.219096 102.455324 0.000000 1.038865 -0.049817 
646 1.602260 0.000000 0.311494 102.458263 0.000000 1.037671 -0.049877 
647 1.950190 0.000000 -0.011899 102.148707 0.000000 0.426242 -0.043454 
648 1.950190 0.000000 -0.058098 102.165834 0.000000 0.460454 -0.043807 
649 1.999895 0.000000 -0.011899 101.791902 0.000000 0.311955 -0.036169 
650 1.875634 0.000000 0.011200 102.332009 0.000000 0.342895 -0.047196 
651 1.875634 0.000000 -0.011899 102.332047 0.000000 0.342439 -0.047197 
652 1.900486 0.000000 0.011200 102.254012 0.000000 0.418709 -0.045606 
653 1.776225 0.000000 0.011200 102.552583 0.000000 0.448091 -0.051723 
654 1.751373 0.000000 0.011200 102.452753 0.000000 0.593809 -0.049692 
655 1.776225 0.000000 -0.011899 102.553306 0.000000 0.446784 -0.051738 
656 1.353738 0.000000 0.080499 102.647607 0.000000 0.783495 -0.053715 
657 1.353738 0.000000 0.034300 102.531881 0.000000 0.733397 -0.051332 
658 1.353738 0.000000 0.126698 102.444079 0.000000 0.634781 -0.049519 
659 1.005807 0.000000 -0.150496 103.254362 0.000000 0.648838 -0.066188 
660 0.906398 0.000000 -0.150496 103.334108 0.000000 0.708823 -0.067844 
661 1.005807 0.000000 -0.242894 102.730252 0.000000 0.980581 -0.055447 
662 1.055511 0.000000 -0.011899 103.500649 0.000000 0.234644 -0.071244 
663 1.005807 0.000000 -0.011899 103.430416 0.000000 0.379378 -0.069799 
664 1.055511 0.000000 -0.058098 103.230751 0.000000 0.386499 -0.065674 
665 1.130068 0.000000 0.011200 102.706872 0.000000 0.416668 -0.054888 
666 1.105215 0.000000 0.011200 102.999159 0.000000 0.343783 -0.060895 
667 1.130068 0.000000 -0.011899 102.706359 0.000000 0.415707 -0.054877 
668 3.789254 0.000000 0.219096 99.430213 0.000000 -26.367603 -0.058162 
669 3.888662 0.000000 0.219096 98.328567 0.000000 -24.454115 -0.026651 
670 3.789254 0.000000 0.311494 100.217226 0.000000 -6.713543 -0.008856 
671 3.640140 0.000000 0.080499 102.620933 0.000000 -0.000000 -0.053106 
672 3.689845 0.000000 0.080499 102.691060 0.000000 -0.000000 -0.054545 
673 3.640140 0.000000 0.126698 102.819485 0.000000 -0.000000 -0.057185 
674 3.640140 0.000000 -0.104297 102.825615 0.000000 -0.000000 -0.057311 
675 3.640140 0.000000 -0.150496 102.941259 0.000000 -0.000000 -0.059690 
676 3.689845 0.000000 -0.104297 102.766973 0.000000 -0.000000 -0.056105 
677 3.515879 0.000000 -0.034999 102.818563 0.000000 -0.000000 -0.057166 
678 3.491027 0.000000 -0.034999 102.724388 0.000000 -0.000000 -0.055230 
679 3.515879 0.000000 -0.058098 102.808404 0.000000 -0.000000 -0.056957 
680 3.441323 0.000000 -0.104297 102.776964 0.000000 -0.000000 -0.056310 
681 3.391618 0.000000 -0.104297 102.930620 0.000000 0.000000 -0.059471 
682 3.441323 0.000000 -0.150496 102.804979 0.000000 0.000000 -0.056886 
683 3.341914 0.000000 -0.104297 102.992837 0.000000 -0.000000 -0.060752 
684 3.341914 0.000000 -0.150496 103.040057 0.000000 -0.000000 -0.061725 
685 3.466175 0.000000 0.011200 102.749443 0.000000 -0.000000 -0.055745 
686 3.466175 0.000000 -0.011899 102.749417 0.000000 -0.000000 -0.055744 
687 3.466175 0.000000 0.034300 102.760397 0.000000 -0.000000 -0.055970 
688 3.143096 0.000000 0.080499 104.281230 0.000000 -0.000000 -0.087458 
689 3.093392 0.000000 0.080499 104.701066 0.000000 -0.000000 -0.096231 
690 3.143096 0.000000 0.126698 104.416568 0.000000 -0.000000 -0.090282 
691 3.317062 0.000000 -0.034999 103.180440 0.000000 -0.000000 -0.064620 
692 3.317062 0.000000 -0.058098 103.174872 0.000000 -0.000000 -0.064505 
693 3.341914 0.000000 -0.034999 103.126770 0.000000 -0.000000 -0.063513 
694 3.366766 0.000000 0.011200 102.996357 0.000000 -0.000000 -0.060825 
695 3.366766 0.000000 -0.011899 102.996893 0.000000 -0.000000 -0.060836 
696 3.366766 0.000000 0.034300 102.944923 0.000000 0.000000 -0.059766 
697 3.143096 0.000000 -0.104297 104.376347 0.000000 -0.000000 -0.089442 
698 3.093392 0.000000 -0.104297 104.944571 0.000000 0.000000 -0.101336 
699 3.143096 0.000000 -0.150496 105.703201 0.000000 0.000000 -0.117317 
700 3.217653 0.000000 -0.034999 103.773172 0.000000 -0.000000 -0.076887 
701 3.192801 0.000000 -0.034999 104.043290 0.000000 -0.000000 -0.082501 
702 3.217653 0.000000 -0.058098 103.724889 0.000000 -0.000000 -0.075885 
703 2.993983 0.000000 0.219096 100.463084 0.000000 -30.130900 -0.100070 
704 2.894574 0.000000 0.219096 100.903776 0.000000 -29.856318 -0.107297 
705 2.993983 0.000000 0.311494 100.531804 0.000000 -26.676285 -0.081827 
706 1.353738 0.000000 -0.011899 102.321866 0.000000 0.534712 -0.047005 
707 1.353738 0.000000 -0.058098 102.414726 0.000000 0.537237 -0.048906 
708 1.403442 0.000000 -0.011899 102.600239 0.000000 0.547529 -0.052711 
709 1.453146 0.000000 -0.011899 102.889507 0.000000 0.320649 -0.058635 
710 1.453146 0.000000 -0.058098 102.721603 0.000000 0.468515 -0.055195 
711 1.502851 0.000000 -0.011899 102.780161 0.000000 0.620584 -0.056415 
712 3.466175 0.000000 -0.034999 102.760424 0.000000 -0.000000 -0.055970 
713 3.441323 0.000000 -0.034999 102.817967 0.000000 0.000000 -0.057153 
714 3.466175 0.000000 -0.058098 102.761528 0.000000 -0.000000 -0.055993 
715 3.366766 0.000000 -0.034999 102.944901 0.000000 0.000000 -0.059765 
716 3.366766 0.000000 -0.058098 102.943964 0.000000 0.000000 -0.059746 
717 3.391618 0.000000 -0.034999 102.872994 0.000000 -0.000000 -0.058285 
718 3.416470 0.000000 -0.034999 102.842318 0.000000 -0.000000 -0.057654 
719 3.416470 0.000000 -0.058098 102.847207 0.000000 -0.000000 -0.057755 
1 19 21 9 22 
2 20 19 22 4 
3 28 29 3 30 
4 21 28 30 9 
5 35 37 21 38 
6 36 35 38 19 
7 44 45 28 46 
8 37 44 46 21 
9 51 53 37 54 
10 52 51 54 35 
11 60 61 44 62 
12 53 60 62 37 
13 67 69 53 70 
14 68 67 70 51 
15 76 77 60 78 
16 69 76 78 53 
17 83 85 69 86 
18 84 83 86 67 
19 11 94 92 93 
20 94 10 24 92 
21 92 24 14 95 
22 93 92 95 6 
23 24 98 96 97 
24 98 23 40 96 
25 96 40 27 99 
26 97 96 99 14 
27 40 102 100 101 
28 102 39 56 100 
29 100 56 43 103 
30 101 100 103 27 
31 56 106 104 105 
32 106 55 72 104 
33 104 72 59 107 
34 105 104 107 43 
35 72 110 108 109 
36 109 108 111 59 
37 112 113 76 114 
38 85 112 114 69 
39 115 117 85 118 
40 116 115 118 83 
41 132 133 112 134 
42 117 132 134 85 
43 136 124 137 135 
44 135 137 127 138 
45 15 140 139 33 
46 140 17 141 139 
47 139 141 8 142 
48 33 139 142 18 
49 31 144 143 49 
50 144 33 145 143 
51 143 145 18 146 
52 49 143 146 34 
53 148 49 149 147 
54 147 149 34 150 
55 124 160 159 137 
56 160 126 161 159 
57 159 161 82 162 
58 137 159 162 127 
59 18 142 163 45 
60 142 8 164 163 
61 163 164 29 165 
62 45 163 165 28 
63 34 146 166 61 
64 146 18 167 166 
65 166 167 45 168 
66 61 166 168 44 
67 150 34 170 169 
68 169 170 61 171 
69 77 169 171 60 
70 172 173 77 174 
71 113 172 174 76 
72 175 176 113 177 
73 133 175 177 112 
74 126 179 178 161 
75 161 178 181 82 
76 186 187 172 188 
77 176 186 188 113 
78 194 196 117 197 
79 195 194 197 115 
80 138 127 204 203 
81 203 204 132 205 
82 196 203 205 117 
83 207 135 208 206 
84 206 208 138 209 
85 131 202 210 211 
86 202 5 212 210 
87 210 212 196 213 
88 211 210 213 194 
89 214 217 5 218 
90 215 214 218 202 
91 122 221 219 220 
92 221 128 199 219 
93 219 199 131 222 
94 220 219 222 91 
95 199 225 223 224 
96 223 215 202 226 
97 224 223 226 131 
98 12 229 227 228 
99 229 7 230 227 
100 227 230 13 25 
101 228 227 25 10 
102 25 233 231 232 
103 233 13 234 231 
104 231 234 26 41 
105 232 231 41 23 
106 41 237 235 236 
107 237 26 238 235 
108 235 238 42 57 
109 236 235 57 39 
110 57 241 239 240 
111 241 42 242 239 
112 239 242 58 73 
113 240 239 73 55 
114 73 245 243 244 
115 245 58 246 243 
116 243 246 74 89 
117 244 243 89 71 
118 89 249 247 248 
119 249 74 250 247 
120 247 250 90 129 
121 248 247 129 87 
122 129 253 251 252 
123 253 90 254 251 
124 251 254 130 200 
125 252 251 200 128 
126 200 257 255 256 
127 257 130 258 255 
128 198 261 259 260 
129 259 262 214 263 
130 260 259 263 215 
131 128 266 264 265 
132 266 200 256 264 
133 265 264 225 199 
134 256 269 267 268 
135 269 255 270 267 
136 267 270 216 261 
137 268 267 261 198 
138 5 209 271 212 
139 209 138 272 271 
140 271 272 203 273 
141 212 271 273 196 
142 201 275 274 217 
143 275 206 276 274 
144 274 276 209 277 
145 217 274 277 5 
146 216 279 278 262 
147 279 201 280 278 
148 278 280 217 281 
149 262 278 281 214 
150 261 284 282 283 
151 284 216 285 282 
152 282 285 262 286 
153 283 282 286 259 
154 225 289 287 288 
155 289 198 260 287 
156 287 260 215 290 
157 288 287 290 223 
158 6 95 291 292 
159 95 14 36 291 
160 291 36 19 293 
161 292 291 293 20 
162 14 99 294 295 
163 99 27 52 294 
164 294 52 35 296 
165 295 294 296 36 
166 27 103 297 298 
167 103 43 68 297 
168 297 68 51 299 
169 298 297 299 52 
170 43 107 300 301 
171 107 59 84 300 
172 300 84 67 302 
173 301 300 302 68 
174 59 111 303 304 
175 303 116 83 305 
176 304 303 305 84 
177 306 195 115 308 
178 307 306 308 116 
179 123 312 313 314 
180 312 91 315 313 
181 313 315 195 316 
182 314 313 316 306 
183 309 319 317 318 
184 319 220 320 317 
185 317 320 91 321 
186 318 317 321 312 
187 108 324 322 323 
188 323 322 325 111 
189 111 325 330 331 
190 330 307 116 332 
191 331 330 332 303 
192 75 329 333 334 
193 329 123 314 333 
194 333 314 306 335 
195 334 333 335 307 
196 326 338 336 337 
197 338 310 339 336 
198 336 339 123 340 
199 337 336 340 329 
200 322 343 341 342 
201 342 341 344 325 
202 345 337 329 348 
203 346 345 348 75 
204 71 351 349 350 
205 351 89 248 349 
206 349 248 87 121 
207 350 349 121 88 
208 88 354 352 353 
209 354 121 355 352 
210 352 355 119 328 
211 353 352 328 120 
212 120 358 356 357 
213 358 328 359 356 
214 362 326 363 360 
215 360 363 337 364 
216 361 360 364 345 
217 325 344 365 366 
218 344 75 334 365 
219 365 334 307 367 
220 366 365 367 330 
221 341 370 368 369 
222 370 327 346 368 
223 368 346 75 371 
224 369 368 371 344 
225 327 374 372 373 
226 374 347 361 372 
227 372 361 345 375 
228 373 372 375 346 
229 328 377 376 359 
230 377 119 378 376 
231 376 378 310 338 
232 359 376 338 326 
233 356 381 379 380 
234 381 359 382 379 
235 379 382 326 362 
236 380 379 362 347 
237 347 385 383 384 
238 385 362 386 383 
239 383 386 360 387 
240 384 383 387 361 
241 391 393 186 394 
242 392 391 394 176 
243 400 392 176 402 
244 401 400 402 175 
245 7 408 407 230 
246 408 16 409 407 
247 407 409 15 32 
248 230 407 32 13 
249 13 411 410 234 
250 411 32 412 410 
251 410 412 31 48 
252 234 410 48 26 
253 26 414 413 238 
254 414 48 415 413 
255 413 415 47 64 
256 238 413 64 42 
257 64 418 416 417 
258 418 47 419 416 
259 416 419 65 152 
260 417 416 152 63 
261 63 422 420 421 
262 422 152 423 420 
263 420 423 151 183 
264 421 420 183 81 
265 81 426 424 425 
266 426 183 427 424 
267 424 427 182 191 
268 425 424 191 157 
269 157 430 428 429 
270 430 191 431 428 
271 65 438 437 153 
272 438 147 439 437 
273 437 439 150 440 
274 153 437 440 50 
275 151 442 441 184 
276 442 153 443 441 
277 441 443 50 444 
278 184 441 444 154 
279 182 446 445 192 
280 446 184 447 445 
281 445 447 154 448 
282 192 445 448 185 
283 189 450 449 398 
284 450 192 451 449 
285 449 451 185 452 
286 398 449 452 193 
287 397 454 453 435 
288 454 189 455 453 
289 453 455 398 456 
290 435 453 456 395 
291 66 399 457 458 
292 399 193 459 457 
293 457 459 391 460 
294 458 457 460 392 
295 396 436 461 462 
296 436 395 463 461 
297 461 463 399 464 
298 462 461 464 66 
299 467 435 468 465 
300 465 468 395 469 
301 466 465 469 436 
302 42 471 470 242 
303 471 64 417 470 
304 470 417 63 80 
305 242 470 80 58 
306 80 474 472 473 
307 474 63 421 472 
308 472 421 81 156 
309 473 472 156 79 
310 156 477 475 476 
311 477 81 425 475 
312 475 425 157 389 
313 476 475 389 155 
314 389 480 478 479 
315 480 157 429 478 
316 433 487 485 486 
317 487 432 466 485 
318 485 466 436 488 
319 486 485 488 396 
320 429 491 489 490 
321 491 428 492 489 
322 489 492 397 434 
323 490 489 434 190 
324 434 495 493 494 
325 495 397 496 493 
326 493 496 435 467 
327 494 493 467 432 
328 432 499 497 498 
329 499 467 500 497 
330 497 500 465 501 
331 498 497 501 466 
332 390 406 510 511 
333 406 66 458 510 
334 510 458 392 512 
335 511 510 512 400 
336 403 484 513 514 
337 484 396 462 513 
338 513 462 66 515 
339 514 513 515 406 
340 482 518 516 517 
341 518 481 519 516 
342 516 519 484 520 
343 517 516 520 403 
344 155 523 521 522 
345 523 389 479 521 
346 404 509 528 529 
347 509 403 514 528 
348 528 514 406 530 
349 529 528 530 390 
350 507 533 531 532 
351 533 506 534 531 
352 531 534 509 535 
353 532 531 535 404 
354 82 181 536 537 
355 536 401 175 538 
356 537 536 538 133 
357 158 505 539 540 
358 505 390 511 539 
359 539 511 400 541 
360 540 539 541 401 
361 502 527 542 543 
362 527 404 529 542 
363 542 529 390 544 
364 543 542 544 505 
365 547 507 532 545 
366 545 532 404 548 
367 546 545 548 527 
368 178 551 549 550 
369 551 180 503 549 
370 549 503 158 552 
371 550 549 552 181 
372 180 555 553 554 
373 555 504 525 553 
374 553 525 502 556 
375 554 553 556 503 
376 525 559 557 558 
377 559 524 546 557 
378 557 546 527 560 
379 558 557 560 502 
380 521 563 561 562 
381 563 479 564 561 
382 561 564 388 526 
383 562 561 526 504 
384 526 567 565 566 
385 567 388 568 565 
386 565 568 507 547 
387 566 565 547 524 
388 524 571 569 570 
389 571 547 572 569 
390 569 572 545 573 
391 570 569 573 546 
392 1 576 574 575 
393 576 12 228 574 
394 574 228 10 94 
395 575 574 94 11 
396 16 578 577 409 
397 578 2 579 577 
398 577 579 17 140 
399 409 577 140 15 
400 10 582 580 581 
401 582 25 232 580 
402 580 232 23 98 
403 581 580 98 24 
404 32 584 583 412 
405 584 15 585 583 
406 583 585 33 144 
407 412 583 144 31 
408 23 588 586 587 
409 588 41 236 586 
410 586 236 39 102 
411 587 586 102 40 
412 48 590 589 415 
413 590 31 591 589 
414 589 591 49 148 
415 415 589 148 47 
416 39 594 592 593 
417 594 57 240 592 
418 592 240 55 106 
419 593 592 106 56 
420 55 597 595 596 
421 597 73 244 595 
422 595 244 71 110 
423 596 595 110 72 
424 58 599 598 246 
425 599 80 473 598 
426 598 473 79 125 
427 246 598 125 74 
428 110 602 600 601 
429 602 71 350 600 
430 600 350 88 324 
431 601 600 324 108 
432 121 604 603 355 
433 604 87 605 603 
434 603 605 122 311 
435 355 603 311 119 
436 74 607 606 250 
437 607 125 608 606 
438 606 608 124 136 
439 250 606 136 90 
440 125 610 609 608 
441 610 79 611 609 
442 609 611 126 160 
443 608 609 160 124 
444 87 613 612 605 
445 613 129 252 612 
446 612 252 128 221 
447 605 612 221 122 
448 127 162 614 204 
449 162 82 537 614 
450 614 537 133 615 
451 204 614 615 132 
452 90 617 616 254 
453 617 136 618 616 
454 616 618 135 207 
455 254 616 207 130 
456 47 620 619 419 
457 620 148 621 619 
458 619 621 147 438 
459 419 619 438 65 
460 152 623 622 423 
461 623 65 624 622 
462 622 624 153 442 
463 423 622 442 151 
464 79 626 625 611 
465 626 156 476 625 
466 625 476 155 179 
467 611 625 179 126 
468 50 440 627 173 
469 440 150 628 627 
470 627 628 169 629 
471 173 627 629 77 
472 154 444 630 187 
473 444 50 631 630 
474 630 631 173 632 
475 187 630 632 172 
476 179 635 633 634 
477 635 155 522 633 
478 633 522 180 551 
479 634 633 551 178 
480 183 637 636 427 
481 637 151 638 636 
482 636 638 184 446 
483 427 636 446 182 
484 185 448 639 393 
485 448 154 640 639 
486 639 640 187 641 
487 393 639 641 186 
488 191 643 642 431 
489 643 182 644 642 
490 642 644 192 450 
491 431 642 450 189 
492 91 222 645 315 
493 222 131 211 645 
494 645 211 194 646 
495 315 645 646 195 
496 130 648 647 258 
497 648 207 649 647 
498 647 649 206 275 
499 258 647 275 201 
500 255 651 650 270 
501 651 258 652 650 
502 650 652 201 279 
503 270 650 279 216 
504 264 655 653 654 
505 655 256 268 653 
506 653 268 198 289 
507 654 653 289 225 
508 310 657 656 339 
509 657 309 318 656 
510 656 318 312 658 
511 339 656 658 123 
512 324 661 659 660 
513 661 88 353 659 
514 659 353 120 343 
515 660 659 343 322 
516 343 664 662 663 
517 664 120 357 662 
518 662 357 327 370 
519 663 662 370 341 
520 357 667 665 666 
521 667 356 380 665 
522 665 380 347 374 
523 666 665 374 327 
524 193 452 668 459 
525 452 185 669 668 
526 668 669 393 670 
527 459 668 670 391 
528 395 456 671 463 
529 456 398 672 671 
530 671 672 193 673 
531 463 671 673 399 
532 428 675 674 492 
533 675 431 676 674 
534 674 676 189 454 
535 492 674 454 397 
536 190 679 677 678 
537 679 434 494 677 
538 677 494 432 487 
539 678 677 487 433 
540 478 682 680 681 
541 682 429 490 680 
542 680 490 190 483 
543 681 680 483 405 
544 479 684 683 564 
545 684 478 681 683 
546 683 681 405 508 
547 564 683 508 388 
548 481 686 685 519 
549 686 433 486 685 
550 685 486 396 687 
551 519 685 687 484 
552 503 556 688 689 
553 556 502 543 688 
554 688 543 505 690 
555 689 688 690 158 
556 388 692 691 568 
557 692 508 693 691 
558 691 693 506 533 
559 568 691 533 507 
560 506 695 694 534 
561 695 482 517 694 
562 694 517 403 696 
563 534 694 696 509 
564 522 699 697 698 
565 699 521 562 697 
566 697 562 504 555 
567 698 697 555 180 
568 504 702 700 701 
569 702 526 566 700 
570 700 566 524 559 
571 701 700 559 525 
572 181 552 703 704 
573 552 158 540 703 
574 703 540 401 705 
575 704 703 705 536 
576 119 707 706 378 
577 707 311 708 706 
578 706 708 309 657 
579 378 706 657 310 
580 311 710 709 708 
581 710 122 711 709 
582 709 711 220 319 
583 708 709 319 309 
584 483 714 712 713 
585 714 190 678 712 
586 712 678 433 686 
587 713 712 686 481 
588 508 716 715 693 
589 716 405 717 715 
590 715 717 482 695 
591 693 715 695 506 
592 405 719 718 717 
593 719 483 713 718 
594 718 713 481 518 
595 717 718 518 482 
