2 0.000000 100.000000 473.401889
636 529 
1 -37.462817 0.000000 -37.619275 99.750916 0.000000 6.977178 0.000107 
2 43.869275 0.000000 -37.619275 99.752395 0.000000 6.942338 0.000126 
3 43.869275 0.000000 37.855058 99.765011 0.000000 6.931004 -0.000110 
4 -37.462817 0.000000 37.855058 99.762630 0.000000 6.976855 -0.000126 
5 3.203229 0.000000 0.117892 94.716176 0.000000 0.071783 0.102884 
6 -37.462817 0.000000 0.117892 99.757055 0.000000 6.983488 -0.000024 
7 3.203229 0.000000 -37.619275 99.738824 0.000000 6.958604 0.000374 
8 43.869275 0.000000 0.117892 99.878747 0.000000 5.215046 -0.000296 
9 3.203229 0.000000 37.855058 99.776537 0.000000 6.955930 -0.000374 
10 -17.129794 0.000000 -18.750692 99.734995 0.000000 6.981966 0.000418 
11 -37.462817 0.000000 -18.750692 99.751470 0.000000 6.980780 0.000091 
12 -17.129794 0.000000 -37.619275 99.744335 0.000000 6.973292 0.000244 
13 3.203229 0.000000 -18.750692 99.685379 0.000000 6.915659 0.001500 
14 -17.129794 0.000000 0.117892 99.759254 0.000000 7.007423 -0.000101 
15 23.536252 0.000000 -18.750692 99.739831 0.000000 6.851842 0.000502 
16 23.536252 0.000000 -37.619275 99.745253 0.000000 6.944596 0.000266 
17 43.869275 0.000000 -18.750692 99.757753 0.000000 6.865479 0.000126 
18 23.536252 0.000000 0.117892 100.358040 0.000000 -1.671263 -0.007453 
19 -17.129794 0.000000 18.986475 99.780842 0.000000 6.980510 -0.000494 
20 -37.462817 0.000000 18.986475 99.762420 0.000000 6.980502 -0.000127 
21 3.203229 0.000000 18.986475 99.837761 0.000000 6.905595 -0.001527 
22 -17.129794 0.000000 37.855058 99.769874 0.000000 6.972364 -0.000264 
23 -6.963282 0.000000 -9.316400 99.670487 0.000000 7.008768 0.001667 
24 -17.129794 0.000000 -9.316400 99.737499 0.000000 6.996120 0.000349 
25 -6.963282 0.000000 -18.750692 99.709889 0.000000 6.967572 0.000939 
26 3.203229 0.000000 -9.316400 99.527817 0.000000 6.774228 0.004832 
27 -6.963282 0.000000 0.117892 99.767586 0.000000 7.087879 -0.000381 
28 23.536252 0.000000 18.986475 99.789564 0.000000 6.814109 -0.000439 
29 43.869275 0.000000 18.986475 99.774196 0.000000 6.789933 -0.000099 
30 23.536252 0.000000 37.855058 99.771382 0.000000 6.938278 -0.000247 
31 13.369740 0.000000 -9.316400 99.693190 0.000000 6.583895 0.001792 
32 13.369740 0.000000 -18.750692 99.712779 0.000000 6.864650 0.001024 
33 23.536252 0.000000 -9.316400 99.756430 0.000000 6.620472 0.000482 
34 13.369740 0.000000 0.117892 99.375477 0.000000 7.010908 0.007536 
35 -6.963282 0.000000 9.552183 99.854495 0.000000 7.002322 -0.001995 
36 -17.129794 0.000000 9.552183 99.779908 0.000000 6.994793 -0.000496 
37 3.203229 0.000000 9.552183 100.009634 0.000000 6.752298 -0.004752 
38 -6.963282 0.000000 18.986475 99.808328 0.000000 6.963661 -0.001019 
39 -1.880027 0.000000 -4.599254 99.503982 0.000000 7.114086 0.004835 
40 -6.963282 0.000000 -4.599254 99.689538 0.000000 7.055399 0.001222 
41 -1.880027 0.000000 -9.316400 99.588793 0.000000 6.950784 0.003376 
42 3.203229 0.000000 -4.599254 99.125685 0.000000 6.542457 0.013129 
43 -1.880027 0.000000 0.117892 99.680573 0.000000 7.113705 0.001318 
44 13.369740 0.000000 9.552183 99.864476 0.000000 6.510548 -0.001530 
45 23.536252 0.000000 9.552183 99.810300 0.000000 6.469960 -0.000396 
46 13.369740 0.000000 18.986475 99.814714 0.000000 6.843113 -0.000981 
47 8.286485 0.000000 -4.599254 99.476937 0.000000 6.112443 0.006698 
48 8.286485 0.000000 -9.316400 99.603265 0.000000 6.620664 0.003536 
49 13.369740 0.000000 -4.599254 99.711544 0.000000 6.085029 0.002058 
50 8.286485 0.000000 0.117892 100.268675 0.000000 4.701026 -0.007591 
51 -1.880027 0.000000 4.835038 100.035463 0.000000 7.089173 -0.005735 
52 -6.963282 0.000000 4.835038 99.841304 0.000000 7.049147 -0.001798 
53 3.203229 0.000000 4.835038 100.421803 0.000000 6.604883 -0.012816 
54 -1.880027 0.000000 9.552183 99.940308 0.000000 6.937125 -0.003619 
55 0.661601 0.000000 -2.240681 98.759309 0.000000 7.945197 0.018347 
56 -1.880027 0.000000 -2.240681 99.661167 0.000000 7.324110 0.001401 
57 0.661601 0.000000 -4.599254 99.211636 0.000000 6.994119 0.010813 
58 3.203229 0.000000 -2.240681 98.653420 0.000000 5.873359 0.023301 
59 0.661601 0.000000 0.117892 101.744389 0.000000 0.016206 -0.035192 
60 8.286485 0.000000 4.835038 100.085885 0.000000 6.142665 -0.005492 
61 13.369740 0.000000 4.835038 99.877466 0.000000 6.167671 -0.001355 
62 8.286485 0.000000 9.552183 99.945953 0.000000 6.576718 -0.003245 
63 5.744857 0.000000 -2.240681 99.035593 0.000000 6.173922 0.015383 
64 5.744857 0.000000 -4.599254 99.308997 0.000000 6.273537 0.009837 
65 8.286485 0.000000 -2.240681 99.334788 0.000000 5.618796 0.010103 
66 5.744857 0.000000 0.117892 99.889113 0.000000 0.045830 0.002216 
67 0.661601 0.000000 2.476465 100.556787 0.000000 7.894450 -0.017399 
68 -1.880027 0.000000 2.476465 99.900505 0.000000 7.319057 -0.003368 
69 3.203229 0.000000 2.476465 100.937492 0.000000 6.848950 -0.023529 
70 0.661601 0.000000 4.835038 100.297923 0.000000 6.982505 -0.010843 
71 1.932415 0.000000 -1.061395 99.858182 0.000000 0.221857 0.002829 
72 0.661601 0.000000 -1.061395 98.713948 0.000000 10.799849 0.013892 
73 1.932415 0.000000 -2.240681 97.927300 0.000000 6.879885 0.036291 
74 3.203229 0.000000 -1.061395 99.105994 0.000000 0.236745 0.017795 
75 1.932415 0.000000 0.117892 110.594906 0.000000 0.060735 -0.223124 
76 5.744857 0.000000 2.476465 100.515373 0.000000 6.672760 -0.014787 
77 8.286485 0.000000 2.476465 99.994335 0.000000 6.692960 -0.004366 
78 5.744857 0.000000 4.835038 100.279796 0.000000 6.292553 -0.009563 
79 4.474043 0.000000 -1.061395 98.900732 0.000000 0.407414 0.021848 
80 4.474043 0.000000 -2.240681 99.208618 0.000000 6.193761 0.011929 
81 5.744857 0.000000 -1.061395 99.037729 0.000000 0.416342 0.019135 
82 4.474043 0.000000 0.117892 95.987587 0.000000 0.129506 0.078637 
83 1.932415 0.000000 1.297178 102.385433 0.000000 9.032060 -0.056436 
84 0.661601 0.000000 1.297178 100.314608 0.000000 10.340363 -0.016994 
85 3.203229 0.000000 1.297178 101.065472 0.000000 7.488566 -0.027031 
86 1.932415 0.000000 2.476465 101.114560 0.000000 7.434734 -0.027943 
87 2.567822 0.000000 -0.471751 99.516369 0.000000 0.201891 0.009645 
88 1.932415 0.000000 -0.471751 99.796919 0.000000 0.221679 0.004053 
89 2.567822 0.000000 -1.061395 99.626537 0.000000 0.218264 0.007451 
90 3.203229 0.000000 -0.471751 99.096726 0.000000 0.241313 0.017978 
91 2.567822 0.000000 0.117892 100.598842 0.000000 0.068568 -0.012013 
92 -27.296305 0.000000 -9.316400 99.750017 0.000000 6.987165 0.000111 
93 -37.462817 0.000000 -9.316400 99.753652 0.000000 6.982710 0.000045 
94 -27.296305 0.000000 -18.750692 99.746612 0.000000 6.982306 0.000186 
95 -27.296305 0.000000 0.117892 99.757603 0.000000 6.989521 -0.000043 
96 -12.046538 0.000000 -4.599254 99.733359 0.000000 7.018852 0.000399 
97 -17.129794 0.000000 -4.599254 99.746101 0.000000 7.003534 0.000167 
98 -12.046538 0.000000 -9.316400 99.718696 0.000000 7.004954 0.000711 
99 -12.046538 0.000000 0.117892 99.761847 0.000000 7.036386 -0.000194 
100 -4.421655 0.000000 -2.240681 99.693216 0.000000 7.131523 0.001040 
101 -6.963282 0.000000 -2.240681 99.722531 0.000000 7.079797 0.000529 
102 -4.421655 0.000000 -4.599254 99.633960 0.000000 7.078047 0.002298 
103 -4.421655 0.000000 0.117892 99.771241 0.000000 7.143012 -0.000532 
104 -0.609213 0.000000 -1.061395 100.700324 0.000000 7.883252 -0.020270 
105 -1.880027 0.000000 -1.061395 99.840708 0.000000 7.248347 -0.002071 
106 -0.609213 0.000000 -2.240681 99.564015 0.000000 7.664108 0.002827 
107 -0.609213 0.000000 0.117892 98.670584 0.000000 4.953122 0.023958 
108 1.297008 0.000000 -0.471751 99.956307 0.000000 0.234508 0.000868 
109 0.661601 0.000000 -0.471751 100.021934 0.000000 0.280391 -0.000447 
110 1.297008 0.000000 -1.061395 100.011782 0.000000 0.244784 -0.000242 
111 1.297008 0.000000 0.117892 103.054859 0.000000 0.044743 -0.062031 
112 4.474043 0.000000 1.297178 100.229296 0.000000 8.064824 -0.011095 
113 5.744857 0.000000 1.297178 101.142818 0.000000 7.029415 -0.027928 
114 4.474043 0.000000 2.476465 100.616830 0.000000 6.780273 -0.016972 
115 2.567822 0.000000 0.707535 99.625717 0.000000 0.218282 0.007467 
116 1.932415 0.000000 0.707535 99.857521 0.000000 0.221751 0.002843 
117 3.203229 0.000000 0.707535 99.105502 0.000000 0.236902 0.017804 
118 2.567822 0.000000 1.297178 102.029181 0.000000 7.901820 -0.047239 
119 2.250119 0.000000 -0.176930 103.322277 0.000000 0.121295 -0.067551 
120 1.932415 0.000000 -0.176930 106.460984 0.000000 0.129595 -0.133396 
121 2.250119 0.000000 -0.471751 99.689312 0.000000 0.219737 0.006199 
122 2.567822 0.000000 -0.176930 100.121876 0.000000 0.114470 -0.002440 
123 2.250119 0.000000 0.117892 106.014179 0.000000 0.065230 -0.123901 
124 3.838636 0.000000 -0.471751 98.838774 0.000000 0.352984 0.023077 
125 3.838636 0.000000 -1.061395 98.825409 0.000000 0.349806 0.023342 
126 4.474043 0.000000 -0.471751 98.893001 0.000000 0.397017 0.022002 
127 3.838636 0.000000 0.117892 94.162696 0.000000 0.119177 0.113337 
128 2.885526 0.000000 -0.176930 97.879637 0.000000 0.126578 0.041956 
129 2.885526 0.000000 -0.471751 99.327716 0.000000 0.216280 0.013396 
130 3.203229 0.000000 -0.176930 96.531864 0.000000 0.139760 0.068158 
131 2.885526 0.000000 0.117892 96.826825 0.000000 0.073117 0.062456 
132 3.838636 0.000000 0.707535 98.825477 0.000000 0.349965 0.023340 
133 4.474043 0.000000 0.707535 98.900922 0.000000 0.407447 0.021844 
134 3.838636 0.000000 1.297178 100.322564 0.000000 7.695093 -0.012383 
135 3.520932 0.000000 -0.176930 96.181202 0.000000 0.174960 0.074915 
136 3.520932 0.000000 -0.471751 98.910819 0.000000 0.293202 0.021656 
137 3.838636 0.000000 -0.176930 96.540088 0.000000 0.234444 0.067996 
138 3.520932 0.000000 0.117892 94.216026 0.000000 0.093014 0.112333 
139 33.702763 0.000000 -9.316400 99.769453 0.000000 6.655325 0.000176 
140 33.702763 0.000000 -18.750692 99.752581 0.000000 6.857634 0.000240 
141 43.869275 0.000000 -9.316400 99.772182 0.000000 6.687365 0.000079 
142 33.702763 0.000000 0.117892 99.954812 0.000000 4.119261 -0.000793 
143 18.452996 0.000000 -4.599254 99.775306 0.000000 6.153321 0.000703 
144 18.452996 0.000000 -9.316400 99.736547 0.000000 6.592944 0.000915 
145 23.536252 0.000000 -4.599254 99.791384 0.000000 6.221971 0.000297 
146 18.452996 0.000000 0.117892 101.317084 0.000000 -15.434015 -0.050336 
147 10.828113 0.000000 -2.240681 99.586456 0.000000 5.397511 0.005340 
148 10.828113 0.000000 -4.599254 99.626065 0.000000 6.073855 0.003776 
149 13.369740 0.000000 -2.240681 99.738956 0.000000 5.354212 0.002347 
150 10.828113 0.000000 0.117892 99.102764 0.000000 8.522958 0.010600 
151 7.015671 0.000000 -1.061395 98.778017 0.000000 4.993533 0.021797 
152 7.015671 0.000000 -2.240681 99.138794 0.000000 5.802731 0.013783 
153 8.286485 0.000000 -1.061395 99.062662 0.000000 4.419709 0.016706 
154 7.015671 0.000000 0.117892 100.535914 0.000000 1.349361 -0.010929 
155 5.109450 0.000000 -0.471751 98.944044 0.000000 0.418823 0.020990 
156 5.109450 0.000000 -1.061395 98.964746 0.000000 0.423234 0.020580 
157 5.744857 0.000000 -0.471751 98.996519 0.000000 0.423306 0.019951 
158 5.109450 0.000000 0.117892 98.723314 0.000000 0.127463 0.025369 
159 4.156339 0.000000 -0.176930 96.884362 0.000000 0.267221 0.061335 
160 4.156339 0.000000 -0.471751 98.842824 0.000000 0.385731 0.022995 
161 4.474043 0.000000 -0.176930 97.400066 0.000000 0.275562 0.051315 
162 4.156339 0.000000 0.117892 94.736412 0.000000 0.126235 0.102500 
163 33.702763 0.000000 9.552183 99.801258 0.000000 6.423821 -0.000156 
164 43.869275 0.000000 9.552183 99.800952 0.000000 6.374538 -0.000086 
165 33.702763 0.000000 18.986475 99.778386 0.000000 6.801478 -0.000199 
166 18.452996 0.000000 4.835038 99.832457 0.000000 6.224391 -0.000526 
167 23.536252 0.000000 4.835038 99.814030 0.000000 6.301421 -0.000255 
168 18.452996 0.000000 9.552183 99.829193 0.000000 6.480057 -0.000786 
169 10.828113 0.000000 2.476465 99.807727 0.000000 7.231766 -0.001388 
170 13.369740 0.000000 2.476465 99.738019 0.000000 7.444882 -0.000310 
171 10.828113 0.000000 4.835038 99.944325 0.000000 6.141809 -0.002659 
172 7.015671 0.000000 1.297178 100.705495 0.000000 4.407159 -0.016102 
173 8.286485 0.000000 1.297178 100.545755 0.000000 2.114016 -0.011392 
174 7.015671 0.000000 2.476465 100.267476 0.000000 6.550187 -0.009647 
175 5.109450 0.000000 0.707535 98.964814 0.000000 0.423229 0.020579 
176 5.744857 0.000000 0.707535 99.037732 0.000000 0.416340 0.019135 
177 5.109450 0.000000 1.297178 100.689017 0.000000 7.998495 -0.020225 
178 4.791746 0.000000 -0.176930 98.349578 0.000000 0.303948 0.032727 
179 4.791746 0.000000 -0.471751 98.917163 0.000000 0.410746 0.021523 
180 5.109450 0.000000 -0.176930 98.736566 0.000000 0.194912 0.025105 
181 4.791746 0.000000 0.117892 97.520689 0.000000 0.125913 0.048970 
182 6.380264 0.000000 -0.471751 98.087187 0.000000 -3.633611 0.036570 
183 6.380264 0.000000 -1.061395 98.365749 0.000000 5.428285 0.029471 
184 7.015671 0.000000 -0.471751 98.131171 0.000000 -5.636133 0.033851 
185 6.380264 0.000000 0.117892 100.201592 0.000000 -0.000000 -0.004036 
186 9.557299 0.000000 -1.061395 99.132036 0.000000 3.568982 0.016010 
187 9.557299 0.000000 -2.240681 99.461537 0.000000 5.478701 0.007739 
188 10.828113 0.000000 -1.061395 99.527648 0.000000 3.187710 0.008409 
189 9.557299 0.000000 0.117892 99.914286 0.000000 7.101843 -0.003330 
190 7.651078 0.000000 -0.471751 97.947519 0.000000 -9.387012 0.031817 
191 7.651078 0.000000 -1.061395 98.989163 0.000000 4.687013 0.017918 
192 8.286485 0.000000 -0.471751 97.750219 0.000000 -13.461015 0.026370 
193 7.651078 0.000000 0.117892 100.419699 0.000000 3.081021 -0.009361 
194 6.380264 0.000000 0.707535 101.997435 0.000000 -1.767455 -0.040660 
195 7.015671 0.000000 0.707535 101.438108 0.000000 -3.327595 -0.030076 
196 6.380264 0.000000 1.297178 100.986011 0.000000 5.662396 -0.023024 
197 6.697967 0.000000 -0.176930 99.025607 0.000000 -20.389952 -0.022182 
198 6.380264 0.000000 -0.176930 100.200198 0.000000 -0.000000 -0.004008 
199 6.697967 0.000000 -0.471751 98.399772 0.000000 -4.232135 0.029957 
200 7.015671 0.000000 -0.176930 98.535955 0.000000 -16.674805 0.001262 
201 6.697967 0.000000 0.117892 99.676761 0.000000 1.659874 0.006179 
202 6.062560 0.000000 -0.176930 100.001559 0.000000 0.043439 -0.000031 
203 5.744857 0.000000 -0.176930 99.851221 0.000000 0.058222 0.002973 
204 6.062560 0.000000 -0.471751 99.037864 0.000000 0.416262 0.019133 
205 6.062560 0.000000 0.117892 100.016463 0.000000 0.037454 -0.000329 
206 9.557299 0.000000 1.297178 100.408444 0.000000 1.577077 -0.008434 
207 10.828113 0.000000 1.297178 100.455666 0.000000 -3.077820 -0.010081 
208 9.557299 0.000000 2.476465 99.825031 0.000000 7.003393 -0.001408 
209 7.651078 0.000000 0.707535 104.454838 0.000000 -56.285002 -0.407881 
210 8.286485 0.000000 0.707535 101.336339 0.000000 -10.416711 -0.037756 
211 7.651078 0.000000 1.297178 100.572855 0.000000 3.140948 -0.012476 
212 6.697967 0.000000 0.412713 101.119244 0.000000 -1.456359 -0.022722 
213 6.380264 0.000000 0.412713 101.561955 0.000000 -2.797414 -0.032266 
214 7.015671 0.000000 0.412713 101.213714 0.000000 -0.733931 -0.024475 
215 6.697967 0.000000 0.707535 101.526220 0.000000 -1.733439 -0.031058 
216 6.539116 0.000000 -0.029519 100.198995 0.000000 -0.000000 -0.003984 
217 6.380264 0.000000 -0.029519 100.251029 0.000000 0.000000 -0.005027 
218 6.539116 0.000000 -0.176930 100.181383 0.000000 -0.000000 -0.003631 
219 6.697967 0.000000 -0.029519 100.149064 0.000000 -0.000000 -0.002984 
220 6.539116 0.000000 0.117892 100.200673 0.000000 -0.000000 -0.004017 
221 6.062560 0.000000 0.412713 99.050096 0.000000 0.407600 0.018891 
222 5.744857 0.000000 0.412713 99.019456 0.000000 0.420876 0.019497 
223 6.062560 0.000000 0.707535 102.786691 0.000000 -1.593739 -0.056764 
224 6.221412 0.000000 -0.029519 100.151500 0.000000 0.003907 -0.003032 
225 6.062560 0.000000 -0.029519 100.078095 0.000000 0.013096 -0.001563 
226 6.221412 0.000000 -0.176930 100.176220 0.000000 0.010473 -0.003528 
227 6.221412 0.000000 0.117892 100.170947 0.000000 0.008097 -0.003422 
228 6.539116 0.000000 0.265303 99.407696 0.000000 1.542757 0.011573 
229 6.380264 0.000000 0.265303 100.252413 0.000000 -0.000000 -0.005055 
230 6.697967 0.000000 0.265303 100.325274 0.000000 2.303208 -0.007047 
231 6.539116 0.000000 0.412713 101.111526 0.000000 -2.050199 -0.022774 
232 6.459690 0.000000 0.044186 99.960185 0.000000 -0.000000 0.000796 
233 6.380264 0.000000 0.044186 100.203276 0.000000 -0.000000 -0.004070 
234 6.459690 0.000000 -0.029519 99.944792 0.000000 -0.000000 0.001104 
235 6.539116 0.000000 0.044186 100.199166 0.000000 -0.000000 -0.003987 
236 6.459690 0.000000 0.117892 100.206355 0.000000 -0.000000 -0.004131 
237 13.369740 0.000000 -28.184983 99.731499 0.000000 6.927345 0.000564 
238 3.203229 0.000000 -28.184983 99.725550 0.000000 6.946144 0.000657 
239 13.369740 0.000000 -37.619275 99.740945 0.000000 6.950009 0.000344 
240 23.536252 0.000000 -28.184983 99.741673 0.000000 6.918704 0.000373 
241 8.286485 0.000000 -14.033546 99.658494 0.000000 6.805516 0.002187 
242 3.203229 0.000000 -14.033546 99.638888 0.000000 6.872532 0.002486 
243 8.286485 0.000000 -18.750692 99.693629 0.000000 6.882635 0.001381 
244 13.369740 0.000000 -14.033546 99.696072 0.000000 6.777353 0.001476 
245 5.744857 0.000000 -6.957827 99.460884 0.000000 6.520170 0.006502 
246 3.203229 0.000000 -6.957827 99.390353 0.000000 6.688924 0.007682 
247 5.744857 0.000000 -9.316400 99.554791 0.000000 6.682357 0.004419 
248 8.286485 0.000000 -6.957827 99.554837 0.000000 6.430293 0.004749 
249 4.474043 0.000000 -3.419968 99.095468 0.000000 6.241274 0.014113 
250 3.203229 0.000000 -3.419968 98.892987 0.000000 6.383157 0.017943 
251 4.474043 0.000000 -4.599254 99.217759 0.000000 6.380727 0.011512 
252 5.744857 0.000000 -3.419968 99.180967 0.000000 6.136713 0.012548 
253 5.109450 0.000000 -1.651038 99.147517 0.000000 6.650116 0.012555 
254 4.474043 0.000000 -1.651038 99.568331 0.000000 6.387724 0.004534 
255 5.109450 0.000000 -2.240681 99.137489 0.000000 6.290124 0.013219 
256 5.744857 0.000000 -1.651038 98.778563 0.000000 6.393550 0.020192 
257 4.791746 0.000000 -0.766573 98.913430 0.000000 0.409856 0.021597 
258 4.474043 0.000000 -0.766573 98.891825 0.000000 0.395592 0.022025 
259 4.791746 0.000000 -1.061395 98.931672 0.000000 0.418269 0.021235 
260 5.109450 0.000000 -0.766573 98.940473 0.000000 0.418647 0.021061 
261 5.427153 0.000000 -0.176930 99.611458 0.000000 0.085167 0.007755 
262 5.427153 0.000000 -0.471751 98.970794 0.000000 0.422804 0.020460 
263 5.427153 0.000000 0.117892 99.636299 0.000000 0.052692 0.007261 
264 4.950598 0.000000 -0.324341 98.782571 0.000000 0.308688 0.024191 
265 4.791746 0.000000 -0.324341 98.954681 0.000000 0.427377 0.020779 
266 4.950598 0.000000 -0.471751 98.922409 0.000000 0.411198 0.021419 
267 5.109450 0.000000 -0.324341 98.778604 0.000000 0.300018 0.024270 
268 4.950598 0.000000 -0.176930 98.313094 0.000000 0.178409 0.033450 
269 4.632895 0.000000 -0.324341 98.902057 0.000000 0.423711 0.021820 
270 4.474043 0.000000 -0.324341 98.867065 0.000000 0.416789 0.022513 
271 4.632895 0.000000 -0.471751 98.901416 0.000000 0.399203 0.021835 
272 4.632895 0.000000 -0.176930 97.928735 0.000000 0.299904 0.040987 
273 4.791746 0.000000 0.412713 98.913562 0.000000 0.409872 0.021594 
274 4.474043 0.000000 0.412713 98.891998 0.000000 0.395637 0.022022 
275 5.109450 0.000000 0.412713 98.940557 0.000000 0.418648 0.021059 
276 4.791746 0.000000 0.707535 98.931798 0.000000 0.418275 0.021232 
277 4.950598 0.000000 -0.029519 97.926437 0.000000 0.096812 0.041040 
278 4.791746 0.000000 -0.029519 97.444895 0.000000 0.096353 0.050448 
279 5.109450 0.000000 -0.029519 98.724204 0.000000 0.085622 0.025352 
280 4.950598 0.000000 0.117892 98.060539 0.000000 0.123327 0.038412 
281 4.871172 0.000000 -0.250635 98.841608 0.000000 0.382327 0.023019 
282 4.791746 0.000000 -0.250635 98.963912 0.000000 0.429130 0.020596 
283 4.871172 0.000000 -0.324341 98.991736 0.000000 0.422005 0.020046 
284 4.950598 0.000000 -0.250635 98.998480 0.000000 0.379565 0.019916 
285 4.871172 0.000000 -0.176930 98.375125 0.000000 0.261584 0.032227 
286 -27.296305 0.000000 9.552183 99.764977 0.000000 6.986757 -0.000187 
287 -37.462817 0.000000 9.552183 99.760394 0.000000 6.982542 -0.000089 
288 -27.296305 0.000000 18.986475 99.767939 0.000000 6.981713 -0.000239 
289 -12.046538 0.000000 4.835038 99.789791 0.000000 7.019970 -0.000728 
290 -17.129794 0.000000 4.835038 99.772063 0.000000 7.002714 -0.000350 
291 -12.046538 0.000000 9.552183 99.801393 0.000000 7.002221 -0.000935 
292 -4.421655 0.000000 2.476465 99.851413 0.000000 7.125030 -0.002107 
293 -6.963282 0.000000 2.476465 99.811503 0.000000 7.076046 -0.001241 
294 -4.421655 0.000000 4.835038 99.904122 0.000000 7.065812 -0.003076 
295 -0.609213 0.000000 1.297178 99.066042 0.000000 8.148327 0.011952 
296 -1.880027 0.000000 1.297178 99.669631 0.000000 7.319806 0.001239 
297 -0.609213 0.000000 2.476465 100.003845 0.000000 7.615117 -0.005876 
298 1.297008 0.000000 0.707535 100.044190 0.000000 0.258659 -0.000891 
299 0.661601 0.000000 0.707535 100.421604 0.000000 11.159530 -0.020903 
300 1.297008 0.000000 1.297178 101.660988 0.000000 10.100836 -0.043698 
301 1.614712 0.000000 -0.176930 106.437651 0.000000 0.071899 -0.132898 
302 1.297008 0.000000 -0.176930 102.581560 0.000000 0.066032 -0.052298 
303 1.614712 0.000000 -0.471751 99.883410 0.000000 0.226642 0.002325 
304 1.614712 0.000000 0.117892 108.075836 0.000000 0.053716 -0.168039 
305 -6.963282 0.000000 -28.184983 99.730448 0.000000 6.965449 0.000532 
306 -17.129794 0.000000 -28.184983 99.739774 0.000000 6.975410 0.000332 
307 -6.963282 0.000000 -37.619275 99.740455 0.000000 6.967378 0.000330 
308 -1.880027 0.000000 -14.033546 99.652779 0.000000 6.943383 0.002111 
309 -6.963282 0.000000 -14.033546 99.685748 0.000000 6.981635 0.001401 
310 -1.880027 0.000000 -18.750692 99.695360 0.000000 6.947164 0.001257 
311 0.661601 0.000000 -6.957827 99.428578 0.000000 6.876390 0.006667 
312 -1.880027 0.000000 -6.957827 99.535152 0.000000 6.991426 0.004387 
313 0.661601 0.000000 -9.316400 99.540857 0.000000 6.877066 0.004432 
314 1.932415 0.000000 -3.419968 98.756746 0.000000 6.810210 0.020073 
315 0.661601 0.000000 -3.419968 99.020398 0.000000 7.216387 0.014288 
316 1.932415 0.000000 -4.599254 99.104984 0.000000 6.778395 0.013226 
317 2.567822 0.000000 -1.651038 97.482106 0.000000 5.478188 0.046723 
318 1.932415 0.000000 -1.651038 96.842552 0.000000 6.898930 0.057392 
319 2.567822 0.000000 -2.240681 98.151168 0.000000 6.183312 0.032811 
320 3.203229 0.000000 -1.651038 98.700310 0.000000 5.147398 0.023175 
321 2.250119 0.000000 -0.766573 99.677971 0.000000 0.219970 0.006425 
322 1.932415 0.000000 -0.766573 99.784504 0.000000 0.220565 0.004300 
323 2.250119 0.000000 -1.061395 99.748259 0.000000 0.216791 0.005024 
324 2.567822 0.000000 -0.766573 99.626229 0.000000 0.217227 0.007457 
325 2.091267 0.000000 -0.324341 99.897996 0.000000 0.207849 0.002035 
326 1.932415 0.000000 -0.324341 99.969296 0.000000 0.230378 0.000609 
327 2.091267 0.000000 -0.471751 99.781409 0.000000 0.219413 0.004362 
328 2.250119 0.000000 -0.324341 99.785545 0.000000 0.194187 0.004281 
329 2.091267 0.000000 -0.176930 103.721878 0.000000 0.147055 -0.075825 
330 1.297008 0.000000 -1.651038 97.472986 0.000000 8.365703 0.042903 
331 0.661601 0.000000 -1.651038 98.661155 0.000000 8.902550 0.018672 
332 1.297008 0.000000 -2.240681 98.195870 0.000000 7.595461 0.029988 
333 1.614712 0.000000 -0.766573 99.875861 0.000000 0.225236 0.002476 
334 1.297008 0.000000 -0.766573 100.012549 0.000000 0.245383 -0.000257 
335 1.614712 0.000000 -1.061395 99.948249 0.000000 0.231772 0.001029 
336 1.773563 0.000000 -0.324341 104.122787 0.000000 0.165060 -0.084158 
337 1.614712 0.000000 -0.324341 99.885780 0.000000 0.227098 0.002278 
338 1.773563 0.000000 -0.471751 99.879398 0.000000 0.225583 0.002406 
339 1.773563 0.000000 -0.176930 108.344749 0.000000 0.109067 -0.173860 
340 1.614712 0.000000 0.412713 99.875136 0.000000 0.225099 0.002491 
341 1.297008 0.000000 0.412713 100.012480 0.000000 0.245327 -0.000256 
342 1.932415 0.000000 0.412713 99.783281 0.000000 0.220444 0.004325 
343 1.614712 0.000000 0.707535 99.947938 0.000000 0.231676 0.001036 
344 1.773563 0.000000 -0.029519 112.532089 0.000000 0.033749 -0.266347 
345 1.614712 0.000000 -0.029519 108.382254 0.000000 0.047220 -0.174672 
346 1.932415 0.000000 -0.029519 111.063469 0.000000 0.053732 -0.233510 
347 1.773563 0.000000 0.117892 109.550229 0.000000 0.074446 -0.200126 
348 1.852989 0.000000 -0.250635 101.123092 0.000000 0.243195 -0.022594 
349 1.773563 0.000000 -0.250635 104.954406 0.000000 0.153820 -0.101545 
350 1.852989 0.000000 -0.324341 99.968328 0.000000 0.249780 0.000627 
351 1.932415 0.000000 -0.250635 101.738542 0.000000 0.216107 -0.035078 
352 1.852989 0.000000 -0.176930 105.372741 0.000000 0.162054 -0.110344 
353 0.026194 0.000000 -0.471751 104.570836 0.000000 10.343524 -0.104205 
354 -0.609213 0.000000 -0.471751 101.604129 0.000000 6.363583 -0.036389 
355 0.026194 0.000000 -1.061395 100.702975 0.000000 9.650039 -0.023421 
356 0.026194 0.000000 0.117892 103.827652 0.000000 -0.000000 -0.078018 
357 0.979305 0.000000 -0.176930 101.742563 0.000000 0.052407 -0.035155 
358 0.661601 0.000000 -0.176930 101.156061 0.000000 0.028280 -0.023255 
359 0.979305 0.000000 -0.471751 100.043867 0.000000 0.259185 -0.000884 
360 0.979305 0.000000 0.117892 102.118011 0.000000 0.031157 -0.042809 
361 1.455860 0.000000 -0.324341 101.595397 0.000000 0.156206 -0.032165 
362 1.297008 0.000000 -0.324341 99.957105 0.000000 0.234781 0.000852 
363 1.455860 0.000000 -0.471751 99.956202 0.000000 0.234374 0.000870 
364 1.455860 0.000000 -0.176930 102.775350 0.000000 0.096247 -0.056278 
365 1.694137 0.000000 -0.250635 105.192712 0.000000 0.153154 -0.106553 
366 1.614712 0.000000 -0.250635 104.990176 0.000000 0.120353 -0.102295 
367 1.694137 0.000000 -0.324341 99.884273 0.000000 0.226654 0.002308 
368 1.694137 0.000000 -0.176930 107.946244 0.000000 0.090521 -0.165240 
369 2.250119 0.000000 0.412713 99.676605 0.000000 0.219943 0.006453 
370 2.567822 0.000000 0.412713 99.625529 0.000000 0.217261 0.007471 
371 2.250119 0.000000 0.707535 99.747381 0.000000 0.216732 0.005041 
372 2.091267 0.000000 -0.029519 110.591717 0.000000 0.040977 -0.223053 
373 2.250119 0.000000 -0.029519 106.337645 0.000000 0.057689 -0.130770 
374 2.091267 0.000000 0.117892 108.618888 0.000000 0.075366 -0.179807 
375 1.852989 0.000000 -0.103224 110.623374 0.000000 0.065941 -0.223754 
376 1.773563 0.000000 -0.103224 109.649459 0.000000 0.064585 -0.202301 
377 1.932415 0.000000 -0.103224 110.548442 0.000000 0.061576 -0.222096 
378 1.852989 0.000000 -0.029519 111.687599 0.000000 0.052367 -0.247412 
379 1.813276 0.000000 -0.213783 104.230371 0.000000 0.186090 -0.086400 
380 1.773563 0.000000 -0.213783 107.742385 0.000000 0.117261 -0.160844 
381 1.813276 0.000000 -0.250635 100.244978 0.000000 0.277066 -0.004913 
382 1.852989 0.000000 -0.213783 103.156574 0.000000 0.206773 -0.064132 
383 1.813276 0.000000 -0.176930 108.251720 0.000000 0.110126 -0.171845 
384 6.221412 0.000000 0.265303 100.167256 0.000000 -0.000000 -0.003348 
385 6.062560 0.000000 0.265303 99.904281 0.000000 0.074235 0.001913 
386 6.221412 0.000000 0.412713 102.468735 0.000000 -3.258316 -0.051046 
387 6.300838 0.000000 0.044186 100.235014 0.000000 -0.000000 -0.004706 
388 6.221412 0.000000 0.044186 100.155688 0.000000 0.004569 -0.003116 
389 6.300838 0.000000 -0.029519 100.243992 0.000000 -0.000000 -0.004886 
390 6.300838 0.000000 0.117892 100.193095 0.000000 -0.000000 -0.003866 
391 7.015671 0.000000 -3.419968 99.294131 0.000000 6.003691 0.010463 
392 7.015671 0.000000 -4.599254 99.396011 0.000000 6.187524 0.008215 
393 8.286485 0.000000 -3.419968 99.422697 0.000000 5.902093 0.008029 
394 6.380264 0.000000 -1.651038 98.793973 0.000000 5.933829 0.020454 
395 6.380264 0.000000 -2.240681 99.039438 0.000000 5.966637 0.015559 
396 7.015671 0.000000 -1.651038 98.992725 0.000000 5.618963 0.016887 
397 6.697967 0.000000 -0.766573 98.496622 0.000000 3.712349 0.028463 
398 6.380264 0.000000 -0.766573 98.123497 0.000000 3.945542 0.035621 
399 6.697967 0.000000 -1.061395 98.620059 0.000000 5.187694 0.024717 
400 7.015671 0.000000 -0.766573 98.651807 0.000000 3.494834 0.025561 
401 6.539116 0.000000 -0.324341 98.391725 0.000000 -21.528781 -0.014442 
402 6.380264 0.000000 -0.324341 98.052280 0.000000 -20.906543 -0.005133 
403 6.539116 0.000000 -0.471751 98.421967 0.000000 -3.875892 0.029809 
404 6.697967 0.000000 -0.324341 97.823116 0.000000 -22.539175 -0.007738 
405 6.459690 0.000000 -0.103224 100.206182 0.000000 -0.000000 -0.004128 
406 6.380264 0.000000 -0.103224 100.201964 0.000000 -0.000000 -0.004043 
407 6.459690 0.000000 -0.176930 100.207005 0.000000 -0.000000 -0.004144 
408 6.539116 0.000000 -0.103224 100.200323 0.000000 -0.000000 -0.004010 
409 6.419977 0.000000 0.007334 100.205369 0.000000 -0.000000 -0.004112 
410 6.380264 0.000000 0.007334 100.263601 0.000000 0.000000 -0.005279 
411 6.419977 0.000000 -0.029519 100.200652 0.000000 -0.000000 -0.004017 
412 6.459690 0.000000 0.007334 99.923346 0.000000 -0.000000 0.001532 
413 6.419977 0.000000 0.044186 100.200556 0.000000 -0.000000 -0.004015 
414 6.062560 0.000000 -0.766573 99.050096 0.000000 0.407600 0.018891 
415 5.744857 0.000000 -0.766573 99.019447 0.000000 0.420879 0.019497 
416 6.062560 0.000000 -1.061395 98.126120 0.000000 5.864111 0.033688 
417 6.221412 0.000000 -0.324341 99.050096 0.000000 0.407600 0.018891 
418 6.062560 0.000000 -0.324341 99.037879 0.000000 0.416252 0.019133 
419 6.221412 0.000000 -0.471751 99.050096 0.000000 0.407600 0.018891 
420 6.300838 0.000000 -0.103224 100.193646 0.000000 -0.000000 -0.003877 
421 6.221412 0.000000 -0.103224 100.171281 0.000000 0.008004 -0.003429 
422 6.300838 0.000000 -0.176930 100.226436 0.000000 -0.000000 -0.004534 
423 6.419977 0.000000 -0.066372 100.200354 0.000000 -0.000000 -0.004011 
424 6.380264 0.000000 -0.066372 100.202849 0.000000 -0.000000 -0.004061 
425 6.419977 0.000000 -0.103224 100.199919 0.000000 -0.000000 -0.004002 
426 6.459690 0.000000 -0.066372 100.205774 0.000000 -0.000000 -0.004120 
427 7.333374 0.000000 -0.176930 98.717482 0.000000 -12.876122 0.008906 
428 7.333374 0.000000 -0.471751 98.032206 0.000000 -7.414681 0.033471 
429 7.651078 0.000000 -0.176930 98.899994 0.000000 -9.549291 0.012760 
430 7.333374 0.000000 0.117892 100.508065 0.000000 2.150397 -0.010650 
431 6.856819 0.000000 -0.029519 99.895300 0.000000 -3.639956 0.000768 
432 6.856819 0.000000 -0.176930 98.532976 0.000000 -18.664950 -0.005713 
433 7.015671 0.000000 -0.029519 99.886460 0.000000 -3.032569 0.001350 
434 6.856819 0.000000 0.117892 100.426794 0.000000 1.138399 -0.008684 
435 6.618541 0.000000 0.044186 100.178260 0.000000 -0.000000 -0.003568 
436 6.618541 0.000000 -0.029519 100.178170 0.000000 -0.000000 -0.003567 
437 6.697967 0.000000 0.044186 100.149064 0.000000 -0.000000 -0.002984 
438 6.618541 0.000000 0.117892 100.179099 0.000000 -0.000000 -0.003585 
439 6.499403 0.000000 0.007334 99.931379 0.000000 -0.000000 0.001372 
440 6.499403 0.000000 -0.029519 99.946293 0.000000 -0.000000 0.001074 
441 6.539116 0.000000 0.007334 100.198860 0.000000 -0.000000 -0.003981 
442 6.499403 0.000000 0.044186 99.973448 0.000000 -0.000000 0.000531 
443 6.439833 0.000000 -0.011093 100.021952 0.000000 -0.000000 -0.000439 
444 6.419977 0.000000 -0.011093 100.190167 0.000000 -0.000000 -0.003807 
445 6.439833 0.000000 -0.029519 99.965908 0.000000 -0.000000 0.000682 
446 6.459690 0.000000 -0.011093 99.926049 0.000000 -0.000000 0.001478 
447 6.439833 0.000000 0.007334 100.023570 0.000000 -0.000000 -0.000471 
448 6.340551 0.000000 0.007334 100.271599 0.000000 0.000000 -0.005439 
449 6.300838 0.000000 0.007334 100.268177 0.000000 0.000000 -0.005371 
450 6.340551 0.000000 -0.029519 100.251648 0.000000 0.000000 -0.005039 
451 6.340551 0.000000 0.044186 100.230480 0.000000 0.000000 -0.004615 
452 5.903709 0.000000 -0.029519 100.018743 0.000000 0.017036 -0.000375 
453 5.744857 0.000000 -0.029519 99.962678 0.000000 0.020623 0.000746 
454 5.903709 0.000000 -0.176930 99.908255 0.000000 0.060102 0.001834 
455 5.903709 0.000000 0.117892 99.928488 0.000000 0.051980 0.001429 
456 6.141986 0.000000 0.044186 100.122544 0.000000 0.009976 -0.002452 
457 6.062560 0.000000 0.044186 100.076500 0.000000 0.014083 -0.001531 
458 6.141986 0.000000 -0.029519 100.121816 0.000000 0.007321 -0.002438 
459 6.141986 0.000000 0.117892 100.117255 0.000000 0.021306 -0.002347 
460 5.427153 0.000000 0.412713 98.968880 0.000000 0.422936 0.020498 
461 5.427153 0.000000 0.707535 98.994476 0.000000 0.423679 0.019991 
462 5.586005 0.000000 -0.029519 99.820015 0.000000 0.023089 0.003596 
463 5.427153 0.000000 -0.029519 99.615515 0.000000 0.041979 0.007675 
464 5.586005 0.000000 -0.176930 99.787552 0.000000 0.077253 0.004244 
465 5.586005 0.000000 0.117892 99.754480 0.000000 0.036293 0.004904 
466 5.903709 0.000000 0.265303 99.740240 0.000000 0.132567 0.005187 
467 5.744857 0.000000 0.265303 99.631875 0.000000 0.159347 0.007346 
468 5.903709 0.000000 0.412713 99.037821 0.000000 0.416287 0.019134 
469 5.824283 0.000000 0.044186 99.989310 0.000000 0.019149 0.000214 
470 5.744857 0.000000 0.044186 99.955954 0.000000 0.023104 0.000881 
471 5.824283 0.000000 -0.029519 99.997161 0.000000 0.016585 0.000057 
472 5.903709 0.000000 0.044186 99.997711 0.000000 0.024508 0.000046 
473 5.824283 0.000000 0.117892 99.906959 0.000000 0.046988 0.001860 
474 5.586005 0.000000 0.265303 99.714412 0.000000 0.105099 0.005703 
475 5.427153 0.000000 0.265303 99.115790 0.000000 0.250672 0.017600 
476 5.586005 0.000000 0.412713 98.995755 0.000000 0.423450 0.019966 
477 5.665431 0.000000 0.044186 99.932294 0.000000 0.024038 0.001354 
478 5.586005 0.000000 0.044186 99.804673 0.000000 0.025977 0.003903 
479 5.665431 0.000000 -0.029519 99.909875 0.000000 0.018611 0.001802 
480 5.665431 0.000000 0.117892 99.864799 0.000000 0.050412 0.002702 
481 5.268302 0.000000 -0.029519 99.112804 0.000000 0.070943 0.017665 
482 5.268302 0.000000 -0.176930 99.083680 0.000000 0.154996 0.018240 
483 5.268302 0.000000 0.117892 99.025224 0.000000 0.092489 0.019400 
484 5.506579 0.000000 0.044186 99.700966 0.000000 0.036983 0.005972 
485 5.427153 0.000000 0.044186 99.620779 0.000000 0.042966 0.007570 
486 5.506579 0.000000 -0.029519 99.700609 0.000000 0.036325 0.005979 
487 5.506579 0.000000 0.117892 99.696141 0.000000 0.044866 0.006068 
488 5.427153 0.000000 -0.766573 98.968836 0.000000 0.422940 0.020499 
489 5.427153 0.000000 -1.061395 98.994447 0.000000 0.423685 0.019992 
490 5.586005 0.000000 -0.324341 98.971294 0.000000 0.422740 0.020450 
491 5.427153 0.000000 -0.324341 98.971422 0.000000 0.422758 0.020448 
492 5.586005 0.000000 -0.471751 98.996626 0.000000 0.423293 0.019949 
493 5.744857 0.000000 -0.324341 98.996745 0.000000 0.423265 0.019947 
494 5.506579 0.000000 -0.103224 99.695388 0.000000 0.044287 0.006083 
495 5.427153 0.000000 -0.103224 99.632214 0.000000 0.052142 0.007342 
496 5.506579 0.000000 -0.176930 99.681632 0.000000 0.072240 0.006357 
497 5.586005 0.000000 -0.103224 99.742602 0.000000 0.040795 0.005141 
498 5.546292 0.000000 0.007334 99.863833 0.000000 0.011633 0.002721 
499 5.506579 0.000000 0.007334 99.927166 0.000000 0.008969 0.001456 
500 5.546292 0.000000 -0.029519 99.799736 0.000000 0.022706 0.004001 
501 5.586005 0.000000 0.007334 99.877290 0.000000 0.012320 0.002453 
502 5.546292 0.000000 0.044186 99.735214 0.000000 0.034622 0.005289 
503 15.911368 0.000000 2.476465 99.745020 0.000000 7.284998 -0.000214 
504 15.911368 0.000000 0.117892 100.365935 0.000000 -2.094675 -0.007771 
505 18.452996 0.000000 2.476465 99.805847 0.000000 6.379413 -0.000190 
506 15.911368 0.000000 4.835038 99.845058 0.000000 6.201976 -0.000750 
507 12.098927 0.000000 1.297178 100.444804 0.000000 -3.281916 -0.009993 
508 12.098927 0.000000 0.117892 99.163168 0.000000 8.539693 0.009374 
509 13.369740 0.000000 1.297178 100.099489 0.000000 1.362928 -0.002177 
510 12.098927 0.000000 2.476465 99.768440 0.000000 7.361894 -0.000794 
511 -27.296305 0.000000 -28.184983 99.746717 0.000000 6.978396 0.000189 
512 -37.462817 0.000000 -28.184983 99.750728 0.000000 6.978744 0.000109 
513 -27.296305 0.000000 -37.619275 99.748133 0.000000 6.976145 0.000164 
514 33.702763 0.000000 -28.184983 99.749210 0.000000 6.917595 0.000224 
515 33.702763 0.000000 -37.619275 99.749386 0.000000 6.942485 0.000186 
516 43.869275 0.000000 -28.184983 99.753542 0.000000 6.919363 0.000135 
517 -12.046538 0.000000 -14.033546 99.719209 0.000000 6.987169 0.000726 
518 -17.129794 0.000000 -14.033546 99.734418 0.000000 6.988161 0.000421 
519 -12.046538 0.000000 -18.750692 99.724313 0.000000 6.978158 0.000637 
520 18.452996 0.000000 -14.033546 99.723123 0.000000 6.769577 0.000947 
521 18.452996 0.000000 -18.750692 99.727965 0.000000 6.855752 0.000733 
522 23.536252 0.000000 -14.033546 99.743108 0.000000 6.776978 0.000538 
523 -4.421655 0.000000 -6.957827 99.621997 0.000000 7.026626 0.002608 
524 -6.963282 0.000000 -6.957827 99.674285 0.000000 7.027402 0.001565 
525 -4.421655 0.000000 -9.316400 99.635528 0.000000 6.990572 0.002389 
526 10.828113 0.000000 -6.957827 99.637021 0.000000 6.396324 0.003155 
527 10.828113 0.000000 -9.316400 99.652252 0.000000 6.590325 0.002600 
528 13.369740 0.000000 -6.957827 99.694934 0.000000 6.396048 0.002001 
529 -0.609213 0.000000 -3.419968 99.347256 0.000000 7.299113 0.007685 
530 -1.880027 0.000000 -3.419968 99.540243 0.000000 7.218637 0.003963 
531 -0.609213 0.000000 -4.599254 99.378645 0.000000 7.095350 0.007354 
532 3.838636 0.000000 -1.651038 99.510137 0.000000 5.673132 0.006555 
533 3.838636 0.000000 -2.240681 99.060436 0.000000 5.976478 0.015131 
534 2.885526 0.000000 -0.766573 99.493857 0.000000 0.225854 0.010092 
535 2.885526 0.000000 -1.061395 99.393934 0.000000 0.215943 0.012080 
536 3.203229 0.000000 -0.766573 99.156921 0.000000 0.251067 0.016784 
537 0.026194 0.000000 -1.651038 99.611140 0.000000 8.554539 0.000444 
538 -0.609213 0.000000 -1.651038 99.925891 0.000000 7.897608 -0.004756 
539 0.026194 0.000000 -2.240681 99.276060 0.000000 7.902670 0.008181 
540 0.979305 0.000000 -0.766573 100.043976 0.000000 0.259006 -0.000886 
541 0.661601 0.000000 -0.766573 98.726355 0.000000 12.119117 0.010623 
542 0.979305 0.000000 -1.061395 100.021983 0.000000 0.280381 -0.000448 
543 2.885526 0.000000 0.412713 99.493509 0.000000 0.225946 0.010099 
544 3.203229 0.000000 0.412713 99.156533 0.000000 0.251253 0.016792 
545 2.885526 0.000000 0.707535 99.393235 0.000000 0.216042 0.012094 
546 3.520932 0.000000 -0.766573 98.937135 0.000000 0.291471 0.021136 
547 3.520932 0.000000 -1.061395 98.865014 0.000000 0.289809 0.022563 
548 3.838636 0.000000 -0.766573 98.903772 0.000000 0.351136 0.021792 
549 4.156339 0.000000 -0.766573 98.884676 0.000000 0.375529 0.022168 
550 4.156339 0.000000 -1.061395 98.880136 0.000000 0.390051 0.022257 
551 3.520932 0.000000 0.412713 98.936989 0.000000 0.291655 0.021139 
552 3.838636 0.000000 0.412713 98.903905 0.000000 0.351296 0.021789 
553 3.520932 0.000000 0.707535 98.864820 0.000000 0.289981 0.022566 
554 4.156339 0.000000 0.412713 98.884862 0.000000 0.375621 0.022164 
555 4.156339 0.000000 0.707535 98.880365 0.000000 0.390136 0.022252 
556 15.911368 0.000000 -2.240681 99.815546 0.000000 5.438184 0.000728 
557 15.911368 0.000000 -4.599254 99.757144 0.000000 6.122245 0.001103 
558 18.452996 0.000000 -2.240681 99.831401 0.000000 5.548170 0.000291 
559 9.557299 0.000000 -3.419968 99.528458 0.000000 5.839363 0.005999 
560 9.557299 0.000000 -4.599254 99.563731 0.000000 6.087110 0.005001 
561 10.828113 0.000000 -3.419968 99.617363 0.000000 5.825342 0.004245 
562 12.098927 0.000000 -1.061395 99.649593 0.000000 3.333674 0.005885 
563 12.098927 0.000000 -2.240681 99.675414 0.000000 5.360609 0.003608 
564 13.369740 0.000000 -1.061395 99.745938 0.000000 3.395661 0.003922 
565 7.651078 0.000000 -1.651038 99.147147 0.000000 5.473068 0.013989 
566 7.651078 0.000000 -2.240681 99.248032 0.000000 5.697182 0.011737 
567 8.286485 0.000000 -1.651038 99.246222 0.000000 5.356898 0.012149 
568 4.632895 0.000000 -0.029519 96.411222 0.000000 0.107960 0.070486 
569 4.474043 0.000000 -0.029519 96.076813 0.000000 0.134213 0.076923 
570 4.632895 0.000000 0.117892 96.545370 0.000000 0.129683 0.067897 
571 7.333374 0.000000 -0.766573 98.744413 0.000000 3.192642 0.023935 
572 7.333374 0.000000 -1.061395 98.899510 0.000000 4.839262 0.019547 
573 7.651078 0.000000 -0.766573 98.807268 0.000000 2.833130 0.022910 
574 6.856819 0.000000 -0.324341 97.341071 0.000000 -23.770439 -0.004032 
575 6.856819 0.000000 -0.471751 98.240139 0.000000 -4.859387 0.032526 
576 7.015671 0.000000 -0.324341 97.174977 0.000000 -24.677138 -0.005194 
577 5.903709 0.000000 -0.324341 99.019765 0.000000 0.420776 0.019491 
578 5.903709 0.000000 -0.471751 99.019689 0.000000 0.420800 0.019492 
579 7.333374 0.000000 0.412713 101.102779 0.000000 -0.105549 -0.022178 
580 7.651078 0.000000 0.412713 100.976834 0.000000 0.475202 -0.019655 
581 7.333374 0.000000 0.707535 101.622020 0.000000 -9.385316 -0.041512 
582 6.856819 0.000000 0.265303 100.802741 0.000000 2.373524 -0.016683 
583 7.015671 0.000000 0.265303 100.900784 0.000000 2.516470 -0.018730 
584 6.856819 0.000000 0.412713 101.211990 0.000000 -1.078109 -0.024503 
585 6.618541 0.000000 -0.103224 100.178896 0.000000 -0.000000 -0.003581 
586 6.618541 0.000000 -0.176930 100.210357 0.000000 -0.000000 -0.004212 
587 6.697967 0.000000 -0.103224 99.970510 0.000000 -9.477074 -0.008392 
588 6.141986 0.000000 -0.103224 100.117430 0.000000 0.021074 -0.002350 
589 6.062560 0.000000 -0.103224 100.017324 0.000000 0.037065 -0.000347 
590 6.141986 0.000000 -0.176930 100.083219 0.000000 0.028471 -0.001665 
591 5.268302 0.000000 -0.324341 98.946714 0.000000 0.418787 0.020937 
592 5.268302 0.000000 -0.471751 98.945594 0.000000 0.418753 0.020959 
593 0.026194 0.000000 0.707535 97.090970 0.000000 10.248273 0.046832 
594 -0.609213 0.000000 0.707535 97.932266 0.000000 7.689026 0.035015 
595 0.026194 0.000000 1.297178 99.169843 0.000000 9.425090 0.007651 
596 0.979305 0.000000 0.412713 100.043987 0.000000 0.258986 -0.000887 
597 0.661601 0.000000 0.412713 102.687045 0.000000 4.291623 -0.056305 
598 0.979305 0.000000 0.707535 100.021986 0.000000 0.280381 -0.000448 
599 1.455860 0.000000 -0.029519 104.922594 0.000000 0.029072 -0.100875 
600 1.297008 0.000000 -0.029519 103.212129 0.000000 0.038529 -0.065275 
601 1.455860 0.000000 0.117892 103.378589 0.000000 0.074107 -0.068714 
602 1.694137 0.000000 -0.103224 108.822943 0.000000 0.055475 -0.184244 
603 1.614712 0.000000 -0.103224 108.059141 0.000000 0.054206 -0.167678 
604 1.694137 0.000000 -0.029519 109.559367 0.000000 0.047014 -0.200326 
605 6.499403 0.000000 -0.066372 100.203192 0.000000 -0.000000 -0.004068 
606 6.499403 0.000000 -0.103224 100.203873 0.000000 -0.000000 -0.004082 
607 6.539116 0.000000 -0.066372 100.199530 0.000000 -0.000000 -0.003995 
608 6.340551 0.000000 -0.066372 100.195939 0.000000 -0.000000 -0.003923 
609 6.300838 0.000000 -0.066372 100.194938 0.000000 -0.000000 -0.003903 
610 6.340551 0.000000 -0.103224 100.194534 0.000000 -0.000000 -0.003894 
611 5.983134 0.000000 0.044186 100.038813 0.000000 0.015739 -0.000776 
612 5.983134 0.000000 -0.029519 100.039826 0.000000 0.018062 -0.000797 
613 5.983134 0.000000 0.117892 99.981030 0.000000 0.039337 0.000379 
614 5.268302 0.000000 0.265303 98.762004 0.000000 0.288650 0.024598 
615 5.109450 0.000000 0.265303 98.763273 0.000000 0.214448 0.024577 
616 5.268302 0.000000 0.412713 98.968165 0.000000 0.423013 0.020512 
617 5.665431 0.000000 -0.103224 99.865101 0.000000 0.050230 0.002696 
618 5.665431 0.000000 -0.176930 99.821206 0.000000 0.065706 0.003572 
619 5.744857 0.000000 -0.103224 99.889437 0.000000 0.045712 0.002210 
620 15.911368 0.000000 -6.957827 99.731875 0.000000 6.413476 0.001242 
621 15.911368 0.000000 -9.316400 99.712404 0.000000 6.576066 0.001419 
622 18.452996 0.000000 -6.957827 99.748405 0.000000 6.424603 0.000898 
623 12.098927 0.000000 -3.419968 99.680151 0.000000 5.820578 0.002999 
624 12.098927 0.000000 -4.599254 99.674934 0.000000 6.074732 0.002801 
625 13.369740 0.000000 -3.419968 99.725692 0.000000 5.831325 0.002078 
626 4.950598 0.000000 0.265303 98.747619 0.000000 0.284642 0.024883 
627 4.791746 0.000000 0.265303 98.051352 0.000000 0.285817 0.038585 
628 4.950598 0.000000 0.412713 98.937832 0.000000 0.418629 0.021113 
629 5.824283 0.000000 -0.103224 99.887933 0.000000 0.050296 0.002240 
630 5.824283 0.000000 -0.176930 99.852039 0.000000 0.072844 0.002956 
631 5.903709 0.000000 -0.103224 99.969194 0.000000 0.034262 0.000616 
632 5.983134 0.000000 -0.103224 99.954226 0.000000 0.049738 0.000915 
633 5.983134 0.000000 -0.176930 99.933571 0.000000 0.057889 0.001328 
634 4.632895 0.000000 0.265303 98.057903 0.000000 0.286832 0.038457 
635 4.474043 0.000000 0.265303 97.422211 0.000000 0.284806 0.050883 
636 4.632895 0.000000 0.412713 98.907938 0.000000 0.409099 0.021705 
1 19 21 9 22 
2 20 19 22 4 
3 28 29 3 30 
4 21 28 30 9 
5 35 37 21 38 
6 36 35 38 19 
7 44 45 28 46 
8 37 44 46 21 
9 51 53 37 54 
10 52 51 54 35 
11 60 61 44 62 
12 53 60 62 37 
13 67 69 53 70 
14 68 67 70 51 
15 76 77 60 78 
16 69 76 78 53 
17 83 85 69 86 
18 84 83 86 67 
19 11 94 92 93 
20 94 10 24 92 
21 92 24 14 95 
22 93 92 95 6 
23 24 98 96 97 
24 98 23 40 96 
25 96 40 27 99 
26 97 96 99 14 
27 40 102 100 101 
28 102 39 56 100 
29 100 56 43 103 
30 101 100 103 27 
31 56 106 104 105 
32 105 104 107 43 
33 112 113 76 114 
34 85 112 114 69 
35 115 117 85 118 
36 116 115 118 83 
37 121 87 122 119 
38 119 122 91 123 
39 87 129 128 122 
40 129 90 130 128 
41 128 130 5 131 
42 122 128 131 91 
43 132 133 112 134 
44 117 132 134 85 
45 90 136 135 130 
46 136 124 137 135 
47 135 137 127 138 
48 130 135 138 5 
49 15 140 139 33 
50 140 17 141 139 
51 139 141 8 142 
52 33 139 142 18 
53 144 33 145 143 
54 143 145 18 146 
55 124 160 159 137 
56 160 126 161 159 
57 159 161 82 162 
58 137 159 162 127 
59 18 142 163 45 
60 142 8 164 163 
61 163 164 29 165 
62 45 163 165 28 
63 146 18 167 166 
64 166 167 45 168 
65 61 166 168 44 
66 169 170 61 171 
67 77 169 171 60 
68 172 173 77 174 
69 113 172 174 76 
70 175 176 113 177 
71 133 175 177 112 
72 65 187 186 153 
73 187 147 188 186 
74 186 188 150 189 
75 153 186 189 50 
76 191 153 192 190 
77 190 192 50 193 
78 194 195 172 196 
79 176 194 196 113 
80 50 189 206 173 
81 189 150 207 206 
82 206 207 169 208 
83 173 206 208 77 
84 193 50 210 209 
85 209 210 173 211 
86 195 209 211 172 
87 212 214 195 215 
88 213 212 215 194 
89 221 213 194 223 
90 222 221 223 176 
91 185 220 228 229 
92 220 201 230 228 
93 228 230 212 231 
94 229 228 231 213 
95 232 235 220 236 
96 233 232 236 185 
97 7 239 237 238 
98 239 16 240 237 
99 237 240 15 32 
100 238 237 32 13 
101 13 243 241 242 
102 243 32 244 241 
103 241 244 31 48 
104 242 241 48 26 
105 26 247 245 246 
106 247 48 248 245 
107 245 248 47 64 
108 246 245 64 42 
109 42 251 249 250 
110 251 64 252 249 
111 249 252 63 80 
112 250 249 80 58 
113 80 255 253 254 
114 255 63 256 253 
115 253 256 81 156 
116 254 253 156 79 
117 79 259 257 258 
118 259 156 260 257 
119 257 260 155 179 
120 258 257 179 126 
121 179 266 264 265 
122 266 155 267 264 
123 264 267 180 268 
124 126 271 269 270 
125 271 179 265 269 
126 269 265 178 272 
127 270 269 272 161 
128 273 275 175 276 
129 274 273 276 133 
130 178 268 277 278 
131 268 180 279 277 
132 277 279 158 280 
133 278 277 280 181 
134 265 283 281 282 
135 283 264 284 281 
136 281 284 268 285 
137 282 281 285 178 
138 6 95 286 287 
139 95 14 36 286 
140 286 36 19 288 
141 287 286 288 20 
142 14 99 289 290 
143 99 27 52 289 
144 289 52 35 291 
145 290 289 291 36 
146 27 103 292 293 
147 103 43 68 292 
148 292 68 51 294 
149 293 292 294 52 
150 43 107 295 296 
151 295 84 67 297 
152 296 295 297 68 
153 298 116 83 300 
154 299 298 300 84 
155 12 307 305 306 
156 307 7 238 305 
157 305 238 13 25 
158 306 305 25 10 
159 25 310 308 309 
160 310 13 242 308 
161 308 242 26 41 
162 309 308 41 23 
163 41 313 311 312 
164 313 26 246 311 
165 311 246 42 57 
166 312 311 57 39 
167 57 316 314 315 
168 316 42 250 314 
169 314 250 58 73 
170 315 314 73 55 
171 73 319 317 318 
172 319 58 320 317 
173 317 320 74 89 
174 318 317 89 71 
175 71 323 321 322 
176 323 89 324 321 
177 321 324 87 121 
178 322 321 121 88 
179 88 327 325 326 
180 327 121 328 325 
181 325 328 119 329 
182 326 325 329 120 
183 55 332 330 331 
184 332 73 318 330 
185 330 318 71 110 
186 331 330 110 72 
187 110 335 333 334 
188 335 71 322 333 
189 333 322 88 303 
190 334 333 303 108 
191 303 338 336 337 
192 338 88 326 336 
193 111 304 340 341 
194 304 75 342 340 
195 340 342 116 343 
196 341 340 343 298 
197 344 346 75 347 
198 345 344 347 304 
199 336 350 348 349 
200 350 326 351 348 
201 348 351 120 352 
202 104 355 353 354 
203 355 72 109 353 
204 353 109 59 356 
205 354 353 356 107 
206 109 359 357 358 
207 359 108 302 357 
208 357 302 111 360 
209 358 357 360 59 
210 108 363 361 362 
211 363 303 337 361 
212 361 337 301 364 
213 362 361 364 302 
214 337 367 365 366 
215 367 336 349 365 
216 365 349 339 368 
217 366 365 368 301 
218 75 123 369 342 
219 123 91 370 369 
220 369 370 115 371 
221 342 369 371 116 
222 120 329 372 346 
223 329 119 373 372 
224 372 373 123 374 
225 346 372 374 75 
226 339 352 375 376 
227 352 120 377 375 
228 375 377 346 378 
229 376 375 378 344 
230 349 381 379 380 
231 381 348 382 379 
232 379 382 352 383 
233 380 379 383 339 
234 205 227 384 385 
235 227 185 229 384 
236 384 229 213 386 
237 385 384 386 221 
238 224 389 387 388 
239 387 233 185 390 
240 388 387 390 227 
241 64 392 391 252 
242 392 47 393 391 
243 391 393 65 152 
244 252 391 152 63 
245 63 395 394 256 
246 395 152 396 394 
247 394 396 151 183 
248 256 394 183 81 
249 183 399 397 398 
250 399 151 400 397 
251 397 400 184 199 
252 398 397 199 182 
253 182 403 401 402 
254 403 199 404 401 
255 401 404 197 218 
256 402 401 218 198 
257 198 407 405 406 
258 407 218 408 405 
259 217 411 409 410 
260 409 412 232 413 
261 410 409 413 233 
262 81 416 414 415 
263 416 183 398 414 
264 414 398 182 204 
265 415 414 204 157 
266 204 419 417 418 
267 419 182 402 417 
268 417 402 198 226 
269 418 417 226 202 
270 226 422 420 421 
271 422 198 406 420 
272 421 420 389 224 
273 406 425 423 424 
274 425 405 426 423 
275 423 426 234 411 
276 424 423 411 217 
277 184 428 427 200 
278 428 190 429 427 
279 427 429 193 430 
280 200 427 430 154 
281 197 432 431 219 
282 432 200 433 431 
283 431 433 154 434 
284 219 431 434 201 
285 216 436 435 235 
286 436 219 437 435 
287 435 437 201 438 
288 235 435 438 220 
289 234 440 439 412 
290 440 216 441 439 
291 439 441 235 442 
292 412 439 442 232 
293 411 445 443 444 
294 445 234 446 443 
295 443 446 412 447 
296 444 443 447 409 
297 389 450 448 449 
298 450 217 410 448 
299 448 410 233 451 
300 449 448 451 387 
301 225 458 456 457 
302 458 224 388 456 
303 456 388 227 459 
304 457 456 459 205 
305 460 222 176 461 
306 275 460 461 175 
307 66 455 466 467 
308 455 205 385 466 
309 466 385 221 468 
310 467 466 468 222 
311 453 471 469 470 
312 471 452 472 469 
313 469 472 455 473 
314 470 469 473 66 
315 263 465 474 475 
316 465 66 467 474 
317 474 467 222 476 
318 475 474 476 460 
319 462 479 477 478 
320 479 453 470 477 
321 477 470 66 480 
322 478 477 480 465 
323 180 482 481 279 
324 482 261 463 481 
325 481 463 263 483 
326 279 481 483 158 
327 463 486 484 485 
328 484 478 465 487 
329 485 484 487 263 
330 156 489 488 260 
331 489 81 415 488 
332 488 415 157 262 
333 260 488 262 155 
334 262 492 490 491 
335 492 157 493 490 
336 490 493 203 464 
337 491 490 464 261 
338 261 496 494 495 
339 496 464 497 494 
340 494 497 462 486 
341 495 494 486 463 
342 486 500 498 499 
343 500 462 501 498 
344 498 501 478 502 
345 499 498 502 484 
346 34 504 503 170 
347 504 146 505 503 
348 503 505 166 506 
349 170 503 506 61 
350 150 508 507 207 
351 508 34 509 507 
352 507 509 170 510 
353 207 507 510 169 
354 1 513 511 512 
355 513 12 306 511 
356 511 306 10 94 
357 512 511 94 11 
358 16 515 514 240 
359 515 2 516 514 
360 514 516 17 140 
361 240 514 140 15 
362 10 519 517 518 
363 519 25 309 517 
364 517 309 23 98 
365 518 517 98 24 
366 32 521 520 244 
367 521 15 522 520 
368 520 522 33 144 
369 244 520 144 31 
370 23 525 523 524 
371 525 41 312 523 
372 523 312 39 102 
373 524 523 102 40 
374 48 527 526 248 
375 527 31 528 526 
376 526 528 49 148 
377 248 526 148 47 
378 39 531 529 530 
379 531 57 315 529 
380 529 315 55 106 
381 530 529 106 56 
382 58 533 532 320 
383 533 80 254 532 
384 532 254 79 125 
385 320 532 125 74 
386 89 535 534 324 
387 535 74 536 534 
388 534 536 90 129 
389 324 534 129 87 
390 106 539 537 538 
391 539 55 331 537 
392 537 331 72 355 
393 538 537 355 104 
394 72 542 540 541 
395 542 110 334 540 
396 540 334 108 359 
397 541 540 359 109 
398 91 131 543 370 
399 131 5 544 543 
400 543 544 117 545 
401 370 543 545 115 
402 74 547 546 536 
403 547 125 548 546 
404 546 548 124 136 
405 536 546 136 90 
406 125 550 549 548 
407 550 79 258 549 
408 549 258 126 160 
409 548 549 160 124 
410 5 138 551 544 
411 138 127 552 551 
412 551 552 132 553 
413 544 551 553 117 
414 127 162 554 552 
415 162 82 274 554 
416 554 274 133 555 
417 552 554 555 132 
418 49 557 556 149 
419 557 143 558 556 
420 556 558 146 504 
421 149 556 504 34 
422 47 560 559 393 
423 560 148 561 559 
424 559 561 147 187 
425 393 559 187 65 
426 147 563 562 188 
427 563 149 564 562 
428 562 564 34 508 
429 188 562 508 150 
430 152 566 565 396 
431 566 65 567 565 
432 565 567 153 191 
433 396 565 191 151 
434 161 272 568 569 
435 272 178 278 568 
436 568 278 181 570 
437 569 568 570 82 
438 151 572 571 400 
439 572 191 573 571 
440 571 573 190 428 
441 400 571 428 184 
442 199 575 574 404 
443 575 184 576 574 
444 574 576 200 432 
445 404 574 432 197 
446 157 578 577 493 
447 578 204 418 577 
448 577 418 202 454 
449 493 577 454 203 
450 154 430 579 214 
451 430 193 580 579 
452 579 580 209 581 
453 214 579 581 195 
454 201 434 582 230 
455 434 154 583 582 
456 582 583 214 584 
457 230 582 584 212 
458 218 586 585 408 
459 586 197 587 585 
460 585 587 219 436 
461 408 585 436 216 
462 202 590 588 589 
463 590 226 421 588 
464 588 421 224 458 
465 589 588 458 225 
466 155 592 591 267 
467 592 262 491 591 
468 591 491 261 482 
469 267 591 482 180 
470 107 356 593 594 
471 356 59 299 593 
472 593 299 84 595 
473 594 593 595 295 
474 59 360 596 597 
475 360 111 341 596 
476 596 341 298 598 
477 597 596 598 299 
478 302 364 599 600 
479 364 301 345 599 
480 599 345 304 601 
481 600 599 601 111 
482 301 368 602 603 
483 368 339 376 602 
484 602 376 344 604 
485 603 602 604 345 
486 405 606 605 426 
487 606 408 607 605 
488 605 607 216 440 
489 426 605 440 234 
490 420 610 608 609 
491 610 406 424 608 
492 608 424 217 450 
493 609 608 450 389 
494 452 612 611 472 
495 612 225 457 611 
496 611 457 205 613 
497 472 611 613 455 
498 158 483 614 615 
499 483 263 475 614 
500 614 475 460 616 
501 615 614 616 275 
502 464 618 617 497 
503 618 203 619 617 
504 617 619 453 479 
505 497 617 479 462 
506 31 621 620 528 
507 621 144 622 620 
508 620 622 143 557 
509 528 620 557 49 
510 148 624 623 561 
511 624 49 625 623 
512 623 625 149 563 
513 561 623 563 147 
514 181 280 626 627 
515 280 158 615 626 
516 626 615 275 628 
517 627 626 628 273 
518 203 630 629 619 
519 630 454 631 629 
520 629 631 452 471 
521 619 629 471 453 
522 454 633 632 631 
523 633 202 589 632 
524 632 589 225 612 
525 631 632 612 452 
526 82 570 634 635 
527 570 181 627 634 
528 634 627 273 636 
529 635 634 636 274 
