2 0.000000 100.000000 473.401889
851 724 
1 -49.011146 0.000000 -49.428268 96.351750 25.896545 6.742508 0.000025 
2 52.136969 0.000000 -49.428268 96.334423 25.969357 6.708489 0.000027 
3 52.136969 0.000000 49.634537 96.388492 25.780493 6.698966 -0.000025 
4 -49.011146 0.000000 49.634537 96.363272 25.864073 6.742680 -0.000029 
5 1.562912 0.000000 0.103135 97.999907 5.363982 2.599075 0.036049 
6 -49.011146 0.000000 0.103135 96.357462 25.880143 6.746807 -0.000006 
7 1.562912 0.000000 -49.428268 96.339325 25.934800 6.733969 0.000077 
8 52.136969 0.000000 0.103135 96.368403 25.934033 6.374885 -0.000008 
9 1.562912 0.000000 49.634537 96.377958 25.821380 6.733326 -0.000079 
10 -23.724117 0.000000 -24.662566 96.344338 25.908405 6.746662 0.000101 
11 -49.011146 0.000000 -24.662566 96.353095 25.891320 6.745058 0.000022 
12 -23.724117 0.000000 -49.428268 96.346688 25.910177 6.741192 0.000053 
13 1.562912 0.000000 -24.662566 96.318002 25.973783 6.721633 0.000302 
14 -23.724117 0.000000 0.103135 96.358005 25.878741 6.756975 -0.000023 
15 26.849941 0.000000 -24.662566 96.312478 26.046317 6.668382 0.000103 
16 26.849941 0.000000 -49.428268 96.334771 25.959431 6.720902 0.000055 
17 52.136969 0.000000 -24.662566 96.321383 26.034877 6.642520 0.000025 
18 26.849941 0.000000 0.103135 96.446160 25.695101 6.171905 -0.000019 
19 -23.724117 0.000000 24.868836 96.371526 25.849816 6.746783 -0.000120 
20 -49.011146 0.000000 24.868836 96.361871 25.869044 6.745190 -0.000032 
21 1.562912 0.000000 24.868836 96.402913 25.776787 6.718850 -0.000311 
22 -23.724117 0.000000 49.634537 96.368960 25.848911 6.741319 -0.000059 
23 -11.080603 0.000000 -12.279716 96.320112 25.926327 6.757282 0.000460 
24 -23.724117 0.000000 -12.279716 96.347136 25.897573 6.752458 0.000095 
25 -11.080603 0.000000 -24.662566 96.332737 25.930215 6.741431 0.000218 
26 1.562912 0.000000 -12.279716 96.234713 26.122985 6.677499 0.001188 
27 -11.080603 0.000000 0.103135 96.360934 25.872466 6.803464 -0.000110 
28 26.849941 0.000000 24.868836 96.418844 25.694321 6.647023 -0.000097 
29 52.136969 0.000000 24.868836 96.413379 25.713539 6.598291 -0.000026 
30 26.849941 0.000000 49.634537 96.385342 25.792915 6.717191 -0.000053 
31 14.206426 0.000000 -12.279716 96.266926 26.184018 6.556057 0.000409 
32 14.206426 0.000000 -24.662566 96.311708 26.022863 6.692579 0.000207 
33 26.849941 0.000000 -12.279716 96.293093 26.157252 6.522914 0.000089 
34 14.206426 0.000000 0.103135 96.740105 25.137043 4.119861 -0.000749 
35 -11.080603 0.000000 12.485985 96.398874 25.828109 6.756705 -0.000549 
36 -23.724117 0.000000 12.485985 96.368823 25.859999 6.752529 -0.000129 
37 1.562912 0.000000 12.485985 96.497136 25.623406 6.665824 -0.001269 
38 -11.080603 0.000000 24.868836 96.384647 25.825191 6.741081 -0.000238 
39 -4.758845 0.000000 -6.088291 96.228321 26.049568 6.792693 0.001539 
40 -11.080603 0.000000 -6.088291 96.322898 25.919693 6.782963 0.000406 
41 -4.758845 0.000000 -12.279716 96.278985 25.993110 6.741640 0.000927 
42 1.562912 0.000000 -6.088291 96.034450 26.405900 6.527943 0.003750 
43 -4.758845 0.000000 0.103135 96.368627 25.875797 6.932353 -0.000453 
44 14.206426 0.000000 12.485985 96.482827 25.559036 6.504198 -0.000450 
45 26.849941 0.000000 12.485985 96.457542 25.603419 6.435358 -0.000101 
46 14.206426 0.000000 24.868836 96.414649 25.721544 6.682790 -0.000204 
47 7.884669 0.000000 -6.088291 96.153638 26.547839 6.249725 0.001063 
48 7.884669 0.000000 -12.279716 96.238494 26.199918 6.597446 0.000819 
49 14.206426 0.000000 -6.088291 96.233788 26.412276 6.201469 0.000299 
50 7.884669 0.000000 0.103135 96.801852 25.952740 -0.123859 -0.004416 
51 -4.758845 0.000000 6.294560 96.502624 25.702028 6.786503 -0.001941 
52 -11.080603 0.000000 6.294560 96.397313 25.835077 6.782313 -0.000589 
53 1.562912 0.000000 6.294560 96.718232 25.372003 6.488463 -0.004026 
54 -4.758845 0.000000 12.485985 96.446447 25.750313 6.738161 -0.001040 
55 -1.597967 0.000000 -2.992578 95.937773 26.261563 6.887072 0.005884 
56 -4.758845 0.000000 -2.992578 96.240249 25.998582 6.872904 0.001465 
57 -1.597967 0.000000 -6.088291 96.114335 26.203968 6.723526 0.003018 
58 1.562912 0.000000 -2.992578 95.560365 27.025465 6.182425 0.009962 
59 -1.597967 0.000000 0.103135 96.356247 25.951620 7.491127 -0.001413 
60 7.884669 0.000000 6.294560 96.633247 25.238597 6.130589 -0.001256 
61 14.206426 0.000000 6.294560 96.547486 25.424178 6.011125 -0.000394 
62 7.884669 0.000000 12.485985 96.502888 25.542372 6.568734 -0.000837 
63 4.723790 0.000000 -2.992578 95.913736 27.302011 5.617971 0.002359 
64 4.723790 0.000000 -6.088291 96.084445 26.553733 6.337290 0.002252 
65 7.884669 0.000000 -2.992578 96.102999 27.023179 5.517866 0.000351 
66 4.723790 0.000000 0.103135 97.158057 18.807461 4.443855 0.018684 
67 -1.597967 0.000000 3.198847 96.827466 25.534552 6.862933 -0.007467 
68 -4.758845 0.000000 3.198847 96.499279 25.740416 6.872493 -0.002191 
69 1.562912 0.000000 3.198847 97.239147 24.953764 6.079428 -0.011510 
70 -1.597967 0.000000 6.294560 96.629943 25.554651 6.707755 -0.003538 
71 -0.017527 0.000000 -1.444722 95.184221 26.632811 7.039436 0.018110 
72 -1.597967 0.000000 -1.444722 95.945122 26.228211 7.143271 0.005559 
73 -0.017527 0.000000 -2.992578 95.673260 26.605011 6.659071 0.009446 
74 1.562912 0.000000 -1.444722 94.662648 28.199499 5.795871 0.021018 
75 -0.017527 0.000000 0.103135 100.632453 2.077604 14.152192 -0.033149 
76 4.723790 0.000000 3.198847 96.923589 24.751607 5.495618 -0.003703 
77 7.884669 0.000000 3.198847 96.766894 24.981473 5.246705 -0.001543 
78 4.723790 0.000000 6.294560 96.689614 25.231618 6.264498 -0.002476 
79 3.143351 0.000000 -1.444722 95.375043 29.132443 4.754542 0.003230 
80 3.143351 0.000000 -2.992578 95.724982 27.290522 5.792403 0.005840 
81 4.723790 0.000000 -1.444722 95.777548 28.580583 4.352695 -0.000913 
82 3.143351 0.000000 0.103135 97.348943 12.805392 -2.060276 0.035496 
83 -0.017527 0.000000 1.650991 97.834855 25.466496 6.893403 -0.026772 
84 -1.597967 0.000000 1.650991 96.839118 25.630357 7.155628 -0.008593 
85 1.562912 0.000000 1.650991 98.081494 24.800736 5.364072 -0.026383 
86 -0.017527 0.000000 3.198847 97.130510 25.267185 6.599720 -0.011632 
87 0.772692 0.000000 -0.670794 89.594876 15.085459 0.148978 0.174516 
88 -0.017527 0.000000 -0.670794 94.241071 27.641208 3.576843 0.034179 
89 0.772692 0.000000 -1.444722 94.704987 27.224517 6.664189 0.024538 
90 1.562912 0.000000 -0.670794 96.465805 20.841201 -5.630861 0.022829 
91 0.772692 0.000000 0.103135 96.974697 7.683748 8.645576 0.046212 
92 -36.367631 0.000000 -12.279716 96.352886 25.889899 6.748840 0.000029 
93 -49.011146 0.000000 -12.279716 96.354926 25.886322 6.746273 0.000011 
94 -36.367631 0.000000 -24.662566 96.350270 25.897057 6.746247 0.000046 
95 -36.367631 0.000000 0.103135 96.357603 25.879721 6.750152 -0.000011 
96 -17.402360 0.000000 -6.088291 96.345143 25.895067 6.764020 0.000131 
97 -23.724117 0.000000 -6.088291 96.351555 25.889001 6.755602 0.000050 
98 -17.402360 0.000000 -12.279716 96.338123 25.906507 6.756655 0.000217 
99 -17.402360 0.000000 0.103135 96.358580 25.877604 6.768137 -0.000043 
100 -7.919724 0.000000 -2.992578 96.311845 25.933946 6.831681 0.000479 
101 -11.080603 0.000000 -2.992578 96.337346 25.898917 6.797358 0.000216 
102 -7.919724 0.000000 -6.088291 96.287664 25.958147 6.801718 0.000860 
103 -7.919724 0.000000 0.103135 96.362959 25.874050 6.845407 -0.000215 
104 -3.178406 0.000000 -1.444722 96.207217 26.011869 7.005247 0.001848 
105 -4.758845 0.000000 -1.444722 96.288342 25.947888 6.920411 0.000737 
106 -3.178406 0.000000 -2.992578 96.141286 26.081276 6.901166 0.002899 
107 -3.178406 0.000000 0.103135 96.373750 25.881905 7.079905 -0.000790 
108 -0.807747 0.000000 -0.670794 95.567152 26.407090 7.598635 0.011185 
109 -1.597967 0.000000 -0.670794 96.066490 26.115720 7.354351 0.003511 
110 -0.807747 0.000000 -1.444722 95.623711 26.401499 7.175045 0.010759 
111 -0.807747 0.000000 0.103135 96.204423 26.200431 8.144054 -0.000808 
112 3.143351 0.000000 1.650991 97.298473 24.306581 4.769644 -0.008055 
113 4.723790 0.000000 1.650991 97.047146 24.492303 4.845808 -0.004150 
114 3.143351 0.000000 3.198847 97.075777 24.762218 5.683230 -0.006917 
115 0.772692 0.000000 0.877063 84.463447 15.617124 2.905545 0.261359 
116 -0.017527 0.000000 0.877063 99.310047 25.469604 6.184667 -0.054944 
117 1.562912 0.000000 0.877063 98.589836 27.144606 3.308915 -0.046773 
118 0.772692 0.000000 1.650991 98.209345 25.228361 6.150331 -0.031937 
119 0.377582 0.000000 -0.283829 84.176534 2.255027 12.012118 0.276493 
120 -0.017527 0.000000 -0.283829 80.948510 5.133251 6.124034 0.338348 
121 0.377582 0.000000 -0.670794 81.685839 6.844048 5.600638 0.324922 
122 0.772692 0.000000 -0.283829 85.504603 3.820418 8.191639 0.260726 
123 0.377582 0.000000 0.103135 98.148838 10.340766 10.441704 0.015085 
124 -11.080603 0.000000 -37.045417 96.339050 25.927110 6.739307 0.000115 
125 -23.724117 0.000000 -37.045417 96.345238 25.910874 6.743058 0.000075 
126 -11.080603 0.000000 -49.428268 96.343036 25.921266 6.738575 0.000070 
127 1.562912 0.000000 -37.045417 96.332437 25.949724 6.730862 0.000137 
128 -4.758845 0.000000 -18.471141 96.309778 25.959157 6.734516 0.000520 
129 -11.080603 0.000000 -18.471141 96.325114 25.932027 6.746962 0.000348 
130 -4.758845 0.000000 -24.662566 96.324954 25.949556 6.733683 0.000278 
131 1.562912 0.000000 -18.471141 96.296511 25.997834 6.709823 0.000607 
132 -1.597967 0.000000 -9.184003 96.192575 26.123464 6.716261 0.001944 
133 -4.758845 0.000000 -9.184003 96.244667 26.026018 6.762077 0.001388 
134 -1.597967 0.000000 -12.279716 96.253500 26.058496 6.715118 0.001113 
135 1.562912 0.000000 -9.184003 96.180722 26.213204 6.632814 0.001814 
136 -0.017527 0.000000 -4.540434 95.924207 26.405599 6.624809 0.005740 
137 -1.597967 0.000000 -4.540434 96.040410 26.222814 6.763200 0.004286 
138 -0.017527 0.000000 -6.088291 96.064347 26.295711 6.639231 0.003610 
139 1.562912 0.000000 -4.540434 95.879335 26.601425 6.412074 0.005840 
140 0.772692 0.000000 -2.218650 95.272993 26.986339 6.425584 0.015351 
141 -0.017527 0.000000 -2.218650 95.449461 26.704402 6.767379 0.013048 
142 0.772692 0.000000 -2.992578 95.573908 26.829844 6.439651 0.010432 
143 1.562912 0.000000 -2.218650 95.233565 27.422734 5.982014 0.014278 
144 0.377582 0.000000 -1.057758 94.994981 27.042687 7.273832 0.019174 
145 -0.017527 0.000000 -1.057758 95.137293 26.890011 7.004510 0.017676 
146 0.377582 0.000000 -1.444722 94.969402 26.890413 6.906589 0.021002 
147 0.772692 0.000000 -1.057758 94.393119 27.487877 7.434296 0.027909 
148 2.353131 0.000000 -0.670794 94.340919 33.163723 3.869043 -0.001501 
149 2.353131 0.000000 -1.444722 95.037369 28.944117 5.137192 0.010375 
150 3.143351 0.000000 -0.670794 94.968416 32.093239 3.168500 -0.005902 
151 2.353131 0.000000 0.103135 94.445543 0.000000 17.424376 0.077643 
152 1.167802 0.000000 -0.283829 90.619433 16.165041 -0.623954 0.152642 
153 1.167802 0.000000 -0.670794 91.610689 19.209458 -1.858337 0.123502 
154 1.562912 0.000000 -0.283829 95.049426 20.864558 -3.744380 0.051626 
155 1.167802 0.000000 0.103135 107.160318 2.722377 1.668187 -0.149353 
156 0.575137 0.000000 -0.477312 89.112269 14.564647 0.512927 0.184661 
157 0.377582 0.000000 -0.477312 84.805349 10.637954 3.849786 0.268007 
158 0.575137 0.000000 -0.670794 84.992010 10.952714 3.726920 0.264251 
159 0.772692 0.000000 -0.477312 89.484890 14.990472 0.235001 0.176769 
160 0.575137 0.000000 -0.283829 85.383762 3.713256 9.440412 0.260670 
161 -36.367631 0.000000 12.485985 96.362332 25.869557 6.748938 -0.000048 
162 -49.011146 0.000000 12.485985 96.360010 25.873982 6.746349 -0.000023 
163 -36.367631 0.000000 24.868836 96.364971 25.862485 6.746405 -0.000059 
164 -17.402360 0.000000 6.294560 96.372046 25.860142 6.764277 -0.000207 
165 -23.724117 0.000000 6.294560 96.364441 25.868500 6.755639 -0.000092 
166 -17.402360 0.000000 12.485985 96.378828 25.849377 6.756561 -0.000272 
167 -7.919724 0.000000 3.198847 96.413649 25.813963 6.830818 -0.000861 
168 -11.080603 0.000000 3.198847 96.384257 25.846925 6.797112 -0.000419 
169 -7.919724 0.000000 6.294560 96.437156 25.784101 6.799299 -0.001118 
170 -3.178406 0.000000 1.650991 96.543075 25.750640 7.004364 -0.003272 
171 -4.758845 0.000000 1.650991 96.451312 25.801975 6.925982 -0.001657 
172 -3.178406 0.000000 3.198847 96.607605 25.678022 6.894575 -0.003993 
173 -0.807747 0.000000 0.877063 97.169722 25.815295 7.767260 -0.016871 
174 -1.597967 0.000000 0.877063 96.684373 25.768006 7.389045 -0.006646 
175 -0.807747 0.000000 1.650991 97.204393 25.556993 7.171041 -0.015328 
176 -0.412637 0.000000 -0.283829 94.297597 27.220643 8.522822 0.029436 
177 -0.807747 0.000000 -0.283829 95.785253 26.379294 7.854101 0.006763 
178 -0.412637 0.000000 -0.670794 94.678541 26.854670 7.216324 0.026273 
179 -0.412637 0.000000 0.103135 96.122708 26.880403 9.073278 -0.004446 
180 0.180027 0.000000 -0.477312 81.672905 6.739289 5.626365 0.325246 
181 -0.017527 0.000000 -0.477312 82.948926 -2.445429 7.720193 0.305389 
182 0.180027 0.000000 -0.670794 82.949172 -2.445327 7.720087 0.305386 
183 0.180027 0.000000 -0.283829 85.132051 2.747326 13.688613 0.255761 
184 0.377582 0.000000 0.490099 85.728824 11.593854 3.291258 0.250532 
185 -0.017527 0.000000 0.490099 83.300936 -2.003491 7.383794 0.300242 
186 0.772692 0.000000 0.490099 89.466248 15.005489 0.251670 0.177056 
187 0.377582 0.000000 0.877063 99.042288 25.914987 4.847738 -0.050446 
188 0.575137 0.000000 -0.090347 82.785881 9.711180 20.097356 0.264829 
189 0.377582 0.000000 -0.090347 88.824940 11.798713 22.559085 0.146201 
190 0.772692 0.000000 -0.090347 80.838059 8.600758 6.508401 0.334888 
191 0.575137 0.000000 0.103135 94.091733 10.272438 8.354216 0.097143 
192 0.476360 0.000000 -0.380571 83.504068 2.797133 13.447110 0.283842 
193 0.377582 0.000000 -0.380571 82.800558 2.835518 10.468240 0.302644 
194 0.476360 0.000000 -0.477312 87.170679 12.866379 2.240553 0.223071 
195 0.575137 0.000000 -0.380571 84.857374 3.388003 12.944657 0.262018 
196 0.476360 0.000000 -0.283829 84.839551 3.117139 10.426234 0.268383 
197 2.353131 0.000000 0.877063 97.654591 25.880926 4.433451 -0.022590 
198 3.143351 0.000000 0.877063 96.651977 28.626609 5.099277 -0.018709 
199 2.353131 0.000000 1.650991 97.656033 24.347724 4.913509 -0.015366 
200 1.167802 0.000000 0.490099 90.475153 16.027220 -0.513339 0.155711 
201 1.562912 0.000000 0.490099 95.699315 21.166272 -4.184014 0.037612 
202 1.167802 0.000000 0.877063 96.705265 21.266799 -4.601172 0.017464 
203 0.575137 0.000000 0.296617 99.985274 3.348965 6.106488 -0.004556 
204 0.377582 0.000000 0.296617 98.668781 2.091733 6.828287 0.021347 
205 0.772692 0.000000 0.296617 102.478241 3.816334 3.859831 -0.053125 
206 0.575137 0.000000 0.490099 89.069036 14.548065 0.545748 0.185476 
207 -0.412637 0.000000 0.490099 98.335504 26.378968 9.109857 -0.044871 
208 -0.807747 0.000000 0.490099 96.813795 25.943218 8.116210 -0.011183 
209 -0.412637 0.000000 0.877063 98.050961 25.830674 7.779241 -0.034173 
210 0.180027 0.000000 0.296617 95.230938 2.995878 9.130955 0.083872 
211 -0.017527 0.000000 0.296617 80.947086 5.140886 6.122528 0.338366 
212 0.180027 0.000000 0.103135 101.014587 2.612460 19.125143 -0.057654 
213 0.180027 0.000000 0.490099 82.738202 7.969117 5.039460 0.306549 
214 -11.080603 0.000000 37.251686 96.377657 25.829710 6.739145 -0.000124 
215 -23.724117 0.000000 37.251686 96.370513 25.847728 6.743193 -0.000085 
216 1.562912 0.000000 37.251686 96.385949 25.804379 6.729683 -0.000141 
217 -11.080603 0.000000 49.634537 96.373259 25.836573 6.738493 -0.000074 
218 -4.758845 0.000000 18.677410 96.410965 25.792584 6.732788 -0.000566 
219 -11.080603 0.000000 18.677410 96.392896 25.822326 6.746433 -0.000390 
220 1.562912 0.000000 18.677410 96.427823 25.748453 6.704782 -0.000626 
221 -4.758845 0.000000 24.868836 96.393909 25.803653 6.732519 -0.000294 
222 -1.597967 0.000000 9.390272 96.537136 25.628878 6.704276 -0.002121 
223 -4.758845 0.000000 9.390272 96.483702 25.715686 6.760120 -0.001610 
224 1.562912 0.000000 9.390272 96.560713 25.533912 6.612427 -0.001968 
225 -1.597967 0.000000 12.485985 96.471077 25.710217 6.707618 -0.001268 
226 -0.017527 0.000000 4.746704 96.843476 25.386307 6.586694 -0.006651 
227 -1.597967 0.000000 4.746704 96.715605 25.541588 6.744670 -0.005177 
228 1.562912 0.000000 4.746704 96.896080 25.221284 6.351831 -0.006531 
229 -0.017527 0.000000 6.294560 96.686785 25.474569 6.612272 -0.004101 
230 0.772692 0.000000 2.424919 97.591797 25.044473 6.270337 -0.019070 
231 -0.017527 0.000000 2.424919 97.405753 25.267691 6.681733 -0.017098 
232 1.562912 0.000000 2.424919 97.568252 24.809092 5.818817 -0.016891 
233 0.772692 0.000000 3.198847 97.237164 25.112420 6.353127 -0.012606 
234 0.377582 0.000000 1.264027 98.493840 25.557791 6.460493 -0.039598 
235 -0.017527 0.000000 1.264027 98.180220 25.658844 6.967753 -0.034628 
236 0.772692 0.000000 1.264027 98.686976 25.616172 5.924520 -0.043041 
237 0.377582 0.000000 1.650991 98.085397 25.351037 6.562499 -0.030649 
238 0.575137 0.000000 0.683581 86.775405 12.646075 2.575821 0.230347 
239 0.377582 0.000000 0.683581 82.791804 8.121207 4.991211 0.305465 
240 0.772692 0.000000 0.683581 89.584865 15.106162 0.159283 0.174633 
241 0.575137 0.000000 0.877063 99.159298 26.560090 4.556864 -0.055877 
242 0.476360 0.000000 0.393358 97.122384 5.178865 2.192364 0.053562 
243 0.377582 0.000000 0.393358 96.604976 3.726922 3.355343 0.064233 
244 0.476360 0.000000 0.296617 99.467018 2.589602 6.459297 0.005788 
245 0.575137 0.000000 0.393358 97.818700 5.276311 1.923954 0.039996 
246 0.476360 0.000000 0.490099 87.705587 13.287883 1.793974 0.212794 
247 1.167802 0.000000 -1.057758 93.925061 28.140861 6.785165 0.034014 
248 1.167802 0.000000 -1.444722 94.584275 27.656040 6.245236 0.024996 
249 1.562912 0.000000 -1.057758 94.104008 29.101546 5.863139 0.026316 
250 0.970247 0.000000 -0.477312 89.973562 15.507768 -0.132984 0.166425 
251 0.970247 0.000000 -0.670794 89.941913 15.452473 -0.113883 0.167166 
252 1.167802 0.000000 -0.477312 90.421522 15.949970 -0.478202 0.156932 
253 0.970247 0.000000 -0.283829 85.540090 4.212329 4.512779 0.264478 
254 0.673915 0.000000 -0.380571 85.657420 3.321052 12.707255 0.249030 
255 0.673915 0.000000 -0.477312 89.276844 14.756866 0.390273 0.181173 
256 0.772692 0.000000 -0.380571 86.290150 3.935897 10.307858 0.243227 
257 0.673915 0.000000 -0.283829 85.477365 3.771234 9.114127 0.259633 
258 0.180027 0.000000 -0.090347 88.363689 3.735428 22.674936 0.166375 
259 -0.017527 0.000000 -0.090347 91.646588 12.547512 7.505512 0.138713 
260 0.476360 0.000000 -0.187088 85.871877 3.679287 20.176801 0.220538 
261 0.377582 0.000000 -0.187088 86.281006 3.028486 20.406594 0.212999 
262 0.575137 0.000000 -0.187088 85.260489 4.316071 15.624119 0.246791 
263 0.476360 0.000000 -0.090347 87.045028 10.124208 27.239461 0.157868 
264 0.525749 0.000000 -0.332200 84.537503 3.147879 11.381642 0.271396 
265 0.476360 0.000000 -0.332200 83.879249 2.979441 12.157476 0.280759 
266 0.525749 0.000000 -0.380571 84.382278 3.012507 14.495873 0.266043 
267 0.575137 0.000000 -0.332200 84.958818 3.470497 11.104026 0.264666 
268 0.525749 0.000000 -0.283829 85.237024 3.453683 9.830325 0.262609 
269 0.476360 0.000000 0.199876 99.789782 2.402656 11.555368 -0.009730 
270 0.377582 0.000000 0.199876 97.808147 3.582014 11.253402 0.029410 
271 0.476360 0.000000 0.103135 97.637178 10.854801 8.332898 0.027972 
272 0.575137 0.000000 0.199876 99.765435 3.769128 10.724006 -0.008235 
273 0.970247 0.000000 0.296617 101.124637 6.697408 2.092447 -0.027543 
274 0.970247 0.000000 0.103135 100.392427 6.038678 1.977359 -0.011901 
275 1.167802 0.000000 0.296617 90.675467 16.239303 -0.661108 0.151381 
276 0.970247 0.000000 0.490099 89.995328 15.561820 -0.144177 0.165865 
277 0.673915 0.000000 0.393358 98.737615 5.381529 1.087153 0.022074 
278 0.673915 0.000000 0.296617 100.668580 4.141867 4.881438 -0.017515 
279 0.772692 0.000000 0.393358 99.304672 5.926286 0.264974 0.010339 
280 0.673915 0.000000 0.490099 89.242914 14.753765 0.417079 0.181785 
281 0.525749 0.000000 0.344987 100.298906 2.232860 3.721111 -0.007870 
282 0.476360 0.000000 0.344987 99.208124 2.883711 2.836880 0.014138 
283 0.525749 0.000000 0.296617 98.849117 3.785798 5.897520 0.017974 
284 0.575137 0.000000 0.344987 100.066747 3.023303 2.837814 -0.003055 
285 0.525749 0.000000 0.393358 97.717086 4.987893 1.838827 0.042311 
286 0.970247 0.000000 -0.090347 95.937831 6.050413 -25.982273 0.008425 
287 1.167802 0.000000 -0.090347 85.417259 3.166987 -3.394381 0.268234 
288 0.871470 0.000000 -0.380571 87.361042 7.203686 6.123058 0.227866 
289 0.871470 0.000000 -0.477312 89.723684 15.248223 0.055960 0.171715 
290 0.970247 0.000000 -0.380571 89.030774 12.612481 1.583522 0.191194 
291 0.871470 0.000000 -0.283829 85.120666 2.667501 7.400441 0.269259 
292 1.167802 0.000000 1.264027 98.661316 25.491380 5.341069 -0.041239 
293 1.562912 0.000000 1.264027 98.392321 25.032802 4.901072 -0.033171 
294 1.167802 0.000000 1.650991 98.199274 25.047330 5.736449 -0.030337 
295 0.970247 0.000000 0.683581 89.960195 15.500532 -0.123370 0.166688 
296 1.167802 0.000000 0.683581 90.309803 15.846619 -0.391745 0.159287 
297 0.970247 0.000000 0.877063 94.254819 21.626343 -1.594782 0.064579 
298 0.871470 0.000000 0.393358 97.989130 8.052039 0.402916 0.033313 
299 0.871470 0.000000 0.296617 104.210195 3.414739 3.201869 -0.088168 
300 0.970247 0.000000 0.393358 93.044348 13.024004 0.197033 0.117309 
301 0.871470 0.000000 0.490099 89.724655 15.283419 0.059324 0.171590 
302 1.958022 0.000000 -0.283829 96.455920 20.806405 -6.122377 0.022587 
303 1.958022 0.000000 -0.670794 93.731970 32.748714 4.529317 0.012132 
304 2.353131 0.000000 -0.283829 94.019406 38.711822 1.642107 -0.034095 
305 1.958022 0.000000 0.103135 96.655608 2.457762 8.804973 0.057413 
306 1.365357 0.000000 -0.090347 89.388350 4.065834 -0.560308 0.199288 
307 1.365357 0.000000 -0.283829 90.950545 16.459590 -0.892715 0.145628 
308 1.562912 0.000000 -0.090347 93.555651 4.431924 0.283314 0.122762 
309 1.365357 0.000000 0.103135 101.343386 4.737472 2.236104 -0.029793 
310 1.069025 0.000000 -0.187088 84.871884 4.677330 -0.633962 0.277448 
311 0.970247 0.000000 -0.187088 84.579515 4.189530 2.180723 0.282400 
312 1.069025 0.000000 -0.283829 88.303906 11.272420 0.852583 0.207463 
313 1.167802 0.000000 -0.187088 87.135907 8.874804 -2.096449 0.232418 
314 1.069025 0.000000 -0.090347 90.806827 4.406512 -15.455870 0.149582 
315 1.958022 0.000000 0.490099 99.147407 24.714563 89.333781 -0.842154 
316 2.353131 0.000000 0.490099 100.051053 12.263836 20.052737 -0.056273 
317 1.958022 0.000000 0.877063 97.947859 26.481280 3.842636 -0.030981 
318 1.365357 0.000000 0.296617 91.010773 16.529209 -0.935600 0.144295 
319 1.562912 0.000000 0.296617 94.346884 20.430909 -3.246863 0.067070 
320 1.365357 0.000000 0.490099 90.771930 16.295674 -0.750719 0.149434 
321 1.069025 0.000000 0.199876 103.051565 6.146416 2.109077 -0.066185 
322 0.970247 0.000000 0.199876 104.876360 4.357385 3.628650 -0.103120 
323 1.069025 0.000000 0.103135 105.474615 4.058134 1.544322 -0.114375 
324 1.167802 0.000000 0.199876 96.302284 11.843526 0.224350 0.058555 
325 1.069025 0.000000 0.296617 95.666259 11.729939 0.853566 0.070965 
326 39.493455 0.000000 -12.279716 96.309639 26.108006 6.519939 0.000032 
327 39.493455 0.000000 -24.662566 96.316605 26.045499 6.652167 0.000049 
328 52.136969 0.000000 -12.279716 96.321363 26.065642 6.530796 0.000013 
329 39.493455 0.000000 0.103135 96.380844 25.907801 6.295037 -0.000011 
330 20.528183 0.000000 -6.088291 96.281183 26.268099 6.237191 0.000102 
331 20.528183 0.000000 -12.279716 96.281469 26.175688 6.534251 0.000202 
332 26.849941 0.000000 -6.088291 96.305575 26.177834 6.290111 0.000039 
333 20.528183 0.000000 0.103135 96.620363 25.162028 5.746468 -0.000164 
334 11.045548 0.000000 -2.992578 96.201768 26.691448 5.518645 0.000233 
335 11.045548 0.000000 -6.088291 96.198385 26.485443 6.209301 0.000584 
336 14.206426 0.000000 -2.992578 96.276207 26.429331 5.628137 0.000071 
337 11.045548 0.000000 0.103135 96.761686 25.416154 2.786171 -0.001657 
338 6.304230 0.000000 -1.444722 96.012375 28.036305 4.348833 -0.002332 
339 6.304230 0.000000 -2.992578 96.030636 27.180881 5.547810 0.000854 
340 7.884669 0.000000 -1.444722 96.099835 27.513082 4.370529 -0.001125 
341 6.304230 0.000000 0.103135 97.046728 24.993198 6.258244 -0.008189 
342 3.933571 0.000000 -0.670794 95.343634 30.397395 2.851881 -0.002254 
343 3.933571 0.000000 -1.444722 95.587383 28.823256 4.509688 0.001193 
344 4.723790 0.000000 -0.670794 95.665462 29.748553 2.649482 -0.004388 
345 3.933571 0.000000 0.103135 97.848260 19.179233 -5.540081 0.002718 
346 39.493455 0.000000 12.485985 96.434295 25.681503 6.426227 -0.000041 
347 52.136969 0.000000 12.485985 96.416104 25.741251 6.445238 -0.000022 
348 39.493455 0.000000 24.868836 96.417524 25.697003 6.618254 -0.000048 
349 20.528183 0.000000 6.294560 96.476088 25.646844 6.053008 -0.000204 
350 26.849941 0.000000 6.294560 96.431554 25.761525 6.172054 -0.000080 
351 20.528183 0.000000 12.485985 96.470016 25.569656 6.461196 -0.000202 
352 11.045548 0.000000 3.198847 96.643278 25.333175 5.125159 -0.000796 
353 14.206426 0.000000 3.198847 96.515170 25.744253 5.162654 -0.000460 
354 11.045548 0.000000 6.294560 96.588573 25.323115 6.048505 -0.000720 
355 6.304230 0.000000 1.650991 96.991908 24.609953 4.731742 -0.003547 
356 7.884669 0.000000 1.650991 96.903765 24.671686 4.464593 -0.001896 
357 6.304230 0.000000 3.198847 96.840034 24.846409 5.359004 -0.002406 
358 3.933571 0.000000 0.877063 96.746597 26.084897 7.989153 -0.010415 
359 4.723790 0.000000 0.877063 97.228971 24.114404 6.804180 -0.008127 
360 3.933571 0.000000 1.650991 97.087059 24.463400 4.817753 -0.004757 
361 3.538461 0.000000 -0.283829 95.146805 30.888347 -0.155612 -0.000703 
362 3.143351 0.000000 -0.283829 94.659899 33.932371 0.036630 -0.011190 
363 3.538461 0.000000 -0.670794 95.187640 30.840194 2.983740 -0.002071 
364 3.933571 0.000000 -0.283829 95.513167 29.312627 0.453751 0.001780 
365 3.538461 0.000000 0.103135 97.906043 20.895518 -14.153953 -0.022255 
366 2.748241 0.000000 -0.283829 94.271483 44.253678 1.076160 -0.084666 
367 2.748241 0.000000 -0.670794 94.737220 33.322893 3.444728 -0.009742 
368 2.748241 0.000000 0.103135 98.510696 0.000000 -13.256628 0.011990 
369 3.538461 0.000000 0.490099 101.176675 -11.236072 -18.960590 -0.072247 
370 3.143351 0.000000 0.490099 100.624809 0.000000 -4.855684 -0.014893 
371 3.933571 0.000000 0.490099 101.550256 -26.592615 28.646164 -0.184022 
372 3.538461 0.000000 0.877063 96.379494 27.969957 7.490654 -0.012744 
373 3.340906 0.000000 -0.090347 95.138771 28.501720 -9.987159 0.003652 
374 3.143351 0.000000 -0.090347 96.107250 14.890468 -2.683257 0.053447 
375 3.340906 0.000000 -0.283829 94.940117 32.087546 -0.134742 -0.004325 
376 3.538461 0.000000 -0.090347 95.858494 26.210030 -7.409695 0.006928 
377 3.340906 0.000000 0.103135 98.393511 18.671306 -19.297655 -0.040230 
378 2.748241 0.000000 0.490099 100.758714 0.000000 1.777347 -0.015548 
379 2.748241 0.000000 0.877063 97.441407 26.189216 4.730820 -0.020308 
380 2.945796 0.000000 -0.090347 95.226768 11.849900 -3.613702 0.077838 
381 2.748241 0.000000 -0.090347 95.675186 -6.789077 -3.291136 0.078934 
382 2.945796 0.000000 -0.283829 94.385863 38.431055 0.561124 -0.038595 
383 2.945796 0.000000 0.103135 98.128355 8.903667 -4.724381 0.026923 
384 3.340906 0.000000 0.296617 101.447833 2.717722 -9.244310 -0.038451 
385 3.143351 0.000000 0.296617 102.397356 0.000000 -3.596257 -0.049815 
386 3.538461 0.000000 0.296617 100.466599 8.753988 -6.808325 -0.021652 
387 3.340906 0.000000 0.490099 100.894751 -3.371978 -11.098957 -0.031431 
388 3.242129 0.000000 0.006394 95.136175 19.831867 0.542413 0.055551 
389 3.143351 0.000000 0.006394 92.006166 8.397693 -5.484084 0.143427 
390 3.242129 0.000000 -0.090347 95.974258 23.528092 -0.000000 0.023537 
391 3.340906 0.000000 0.006394 94.316809 31.516929 -18.098816 -0.021654 
392 3.242129 0.000000 0.103135 95.904415 23.805863 -0.000000 0.023562 
393 2.945796 0.000000 0.296617 102.865095 -0.000000 -3.422907 -0.059294 
394 2.748241 0.000000 0.296617 103.626039 0.000000 -3.156646 -0.074832 
395 2.945796 0.000000 0.490099 100.287152 0.000000 -1.048961 -0.005861 
396 3.044574 0.000000 0.006394 96.308090 6.488266 -3.718156 0.066883 
397 2.945796 0.000000 0.006394 95.900165 8.315019 -4.082006 0.071736 
398 3.044574 0.000000 -0.090347 95.496742 12.141550 -3.372006 0.072158 
399 3.044574 0.000000 0.103135 98.435072 5.549086 -4.408947 0.026031 
400 14.206426 0.000000 -37.045417 96.328054 25.973132 6.718898 0.000116 
401 14.206426 0.000000 -49.428268 96.336431 25.948476 6.727743 0.000071 
402 26.849941 0.000000 -37.045417 96.326545 25.989320 6.706700 0.000077 
403 7.884669 0.000000 -18.471141 96.291839 26.041469 6.680217 0.000510 
404 7.884669 0.000000 -24.662566 96.313579 26.000048 6.707089 0.000271 
405 14.206426 0.000000 -18.471141 96.292234 26.075540 6.653857 0.000360 
406 4.723790 0.000000 -9.184003 96.178532 26.277587 6.549171 0.001629 
407 4.723790 0.000000 -12.279716 96.231793 26.169573 6.634199 0.001058 
408 7.884669 0.000000 -9.184003 96.202534 26.318964 6.491704 0.001024 
409 3.143351 0.000000 -4.540434 95.927447 26.742167 6.219116 0.004410 
410 3.143351 0.000000 -6.088291 96.033838 26.499821 6.413401 0.003413 
411 4.723790 0.000000 -4.540434 96.007698 26.794251 6.097356 0.002741 
412 3.933571 0.000000 -2.218650 95.733379 27.857807 5.258351 0.003141 
413 3.143351 0.000000 -2.218650 95.585889 27.866469 5.406393 0.005757 
414 3.933571 0.000000 -2.992578 95.819421 27.322013 5.677682 0.003991 
415 4.723790 0.000000 -2.218650 95.857773 27.781770 5.173085 0.001270 
416 3.538461 0.000000 -1.057758 95.350669 29.935955 4.021654 -0.000409 
417 3.143351 0.000000 -1.057758 95.206507 30.165983 4.217193 0.000795 
418 3.538461 0.000000 -1.444722 95.496320 29.024065 4.623751 0.001668 
419 3.933571 0.000000 -1.057758 95.490279 29.647008 3.881763 -0.001241 
420 3.340906 0.000000 -0.477312 95.004430 31.964593 2.085221 -0.005193 
421 3.143351 0.000000 -0.477312 94.844809 33.053296 2.158363 -0.009272 
422 3.340906 0.000000 -0.670794 95.057439 31.352607 3.055200 -0.002824 
423 3.538461 0.000000 -0.477312 95.109320 31.190616 2.031232 -0.002276 
424 3.242129 0.000000 -0.187088 94.677927 33.399264 -2.843530 -0.008751 
425 3.143351 0.000000 -0.187088 94.461075 34.638006 -2.507424 -0.012897 
426 3.242129 0.000000 -0.283829 94.827512 32.925903 -0.047206 -0.007637 
427 3.340906 0.000000 -0.187088 94.832610 32.207687 -3.072228 -0.004000 
428 3.192740 0.000000 -0.041977 94.584515 10.591961 -2.623692 0.093470 
429 3.143351 0.000000 -0.041977 96.336439 10.193061 -3.419501 0.060370 
430 3.192740 0.000000 -0.090347 96.712455 19.275546 -1.200934 0.027371 
431 3.242129 0.000000 -0.041977 96.042773 23.001265 -0.000000 0.024673 
432 3.192740 0.000000 0.006394 92.693181 9.760350 -2.271844 0.130755 
433 1.760467 0.000000 -0.090347 95.314224 5.116891 2.617005 0.088217 
434 1.760467 0.000000 -0.283829 96.446006 21.412212 -5.028457 0.021440 
435 1.958022 0.000000 -0.090347 94.585140 1.700454 4.821625 0.102751 
436 1.760467 0.000000 0.103135 97.548583 4.020083 5.219102 0.044087 
437 2.155577 0.000000 -0.090347 93.974283 0.000000 6.417955 0.112764 
438 2.155577 0.000000 -0.283829 93.759168 37.786355 1.631657 -0.022125 
439 2.353131 0.000000 -0.090347 93.704567 0.000000 6.245288 0.118045 
440 2.155577 0.000000 0.103135 95.648763 0.000000 15.253861 0.061863 
441 1.760467 0.000000 0.296617 96.446148 21.411951 -5.028409 0.021438 
442 1.958022 0.000000 0.296617 96.437475 20.832285 -5.895022 0.023108 
443 1.760467 0.000000 0.490099 96.539301 21.133600 -5.352668 0.020488 
444 1.859244 0.000000 0.006394 95.874006 9.531480 3.873482 0.070232 
445 1.760467 0.000000 0.006394 96.328487 9.765089 3.234585 0.061500 
446 1.859244 0.000000 -0.090347 94.908220 2.459514 3.946280 0.097081 
447 1.958022 0.000000 0.006394 95.380155 9.092243 4.543987 0.079931 
448 1.859244 0.000000 0.103135 97.140325 3.034201 6.908492 0.050682 
449 2.155577 0.000000 0.296617 104.106238 -8.952672 1.132218 -0.091954 
450 2.353131 0.000000 0.296617 103.680366 -7.937983 2.511594 -0.081894 
451 2.155577 0.000000 0.490099 100.105603 14.584920 36.848533 -0.159167 
452 2.056799 0.000000 0.006394 94.967391 9.161783 5.405275 0.086804 
453 2.056799 0.000000 -0.090347 94.229214 0.691491 5.811679 0.108660 
454 2.155577 0.000000 0.006394 94.598681 9.990767 6.157180 0.091336 
455 2.056799 0.000000 0.103135 96.130025 0.787648 12.206503 0.060940 
456 2.353131 0.000000 -2.218650 95.392207 27.720860 5.625813 0.010023 
457 2.353131 0.000000 -2.992578 95.629549 27.195850 5.958721 0.007987 
458 1.958022 0.000000 -1.057758 94.457555 29.894580 5.222704 0.015681 
459 1.958022 0.000000 -1.444722 94.826395 28.515048 5.397440 0.016571 
460 2.353131 0.000000 -1.057758 94.780762 30.250106 4.757731 0.007890 
461 2.155577 0.000000 -0.477312 93.799462 35.023997 3.018753 -0.003413 
462 1.958022 0.000000 -0.477312 93.340624 35.035043 3.237531 0.004959 
463 2.155577 0.000000 -0.670794 94.092199 32.973918 4.177802 0.004192 
464 2.353131 0.000000 -0.477312 94.101820 35.640814 2.855101 -0.013357 
465 2.056799 0.000000 -0.187088 96.119393 21.366061 -6.387043 0.026376 
466 1.958022 0.000000 -0.187088 96.437249 20.832677 -5.895828 0.023110 
467 2.056799 0.000000 -0.283829 93.584557 37.621138 1.545543 -0.017581 
468 2.155577 0.000000 -0.187088 93.811226 40.530284 1.701181 -0.044614 
469 2.550686 0.000000 -0.090347 92.448326 0.000000 4.438559 0.143361 
470 2.550686 0.000000 -0.283829 94.151573 41.870157 1.457503 -0.061975 
471 2.550686 0.000000 0.103135 95.119479 0.000000 -0.815174 0.095162 
472 2.254354 0.000000 0.006394 94.278429 11.289031 6.327825 0.094409 
473 2.254354 0.000000 -0.090347 93.841831 0.000000 6.410498 0.115262 
474 2.353131 0.000000 0.006394 94.022683 12.638537 6.200219 0.096156 
475 2.254354 0.000000 0.103135 95.087745 0.000000 17.598115 0.064863 
476 2.106188 0.000000 -0.041977 94.171587 3.052056 5.923066 0.108731 
477 2.056799 0.000000 -0.041977 94.429003 7.605940 4.496831 0.100509 
478 2.106188 0.000000 -0.090347 94.220968 3.977597 5.123992 0.108033 
479 2.155577 0.000000 -0.041977 94.145797 8.114433 4.799010 0.104769 
480 2.106188 0.000000 0.006394 94.827407 10.450709 5.580061 0.086741 
481 2.056799 0.000000 0.199876 96.119393 21.366061 -6.387043 0.026376 
482 1.958022 0.000000 0.199876 96.437289 20.832608 -5.895718 0.023109 
483 2.155577 0.000000 0.199876 102.387891 -3.538227 3.518992 -0.050818 
484 2.056799 0.000000 0.296617 104.512354 -9.902938 -0.210694 -0.102094 
485 2.106188 0.000000 0.054764 95.922016 2.459957 12.910889 0.062622 
486 2.056799 0.000000 0.054764 95.846852 5.316967 9.793503 0.068920 
487 2.155577 0.000000 0.054764 95.437393 5.526315 12.173122 0.071298 
488 2.106188 0.000000 0.103135 95.955751 0.000000 14.146763 0.059236 
489 2.550686 0.000000 0.296617 103.483855 -7.942386 1.638153 -0.077467 
490 2.550686 0.000000 0.490099 99.969712 11.697152 10.890681 -0.024937 
491 2.451909 0.000000 0.006394 94.080699 13.335606 5.852735 0.093673 
492 2.451909 0.000000 -0.090347 93.465913 0.000000 6.031363 0.122775 
493 2.550686 0.000000 0.006394 95.066101 11.302882 1.984060 0.083074 
494 2.451909 0.000000 0.103135 94.229224 0.000000 12.463301 0.096552 
495 2.649464 0.000000 0.006394 97.184414 -0.878661 -10.089244 0.045262 
496 2.649464 0.000000 -0.090347 92.579949 -0.000000 -2.031177 0.142483 
497 2.748241 0.000000 0.006394 97.150433 -10.556691 -8.509704 0.037793 
498 2.649464 0.000000 0.103135 97.138360 0.000000 -11.733554 0.042646 
499 2.847019 0.000000 0.006394 95.768920 27.243415 -2.989192 0.007717 
500 2.847019 0.000000 -0.090347 95.550573 9.845857 -4.151133 0.075592 
501 2.847019 0.000000 0.103135 98.579382 6.151057 -7.988271 0.018046 
502 2.649464 0.000000 0.199876 102.439287 0.000000 -11.045798 -0.061582 
503 2.550686 0.000000 0.199876 105.853549 -20.422041 -1.431908 -0.162408 
504 2.748241 0.000000 0.199876 103.838337 0.000000 -10.132341 -0.088506 
505 2.649464 0.000000 0.296617 104.250775 0.000000 -5.334286 -0.089668 
506 2.698853 0.000000 0.054764 95.860595 -3.821528 -10.659185 0.068252 
507 2.649464 0.000000 0.054764 96.367952 -0.058489 -10.593600 0.060099 
508 2.698853 0.000000 0.006394 94.522524 -7.742268 -9.393808 0.091731 
509 2.748241 0.000000 0.054764 96.240963 -4.289245 -9.009330 0.063811 
510 2.698853 0.000000 0.103135 97.481780 0.000000 -13.752629 0.030817 
511 2.600075 0.000000 0.054764 95.543452 6.232663 -3.254509 0.082201 
512 2.550686 0.000000 0.054764 95.139691 9.324608 0.444642 0.086129 
513 2.600075 0.000000 0.006394 95.523642 5.875227 -1.777944 0.083755 
514 2.600075 0.000000 0.103135 95.663413 0.000000 -7.607351 0.079064 
515 2.748241 0.000000 -1.057758 95.029883 30.358204 4.481839 0.002761 
516 2.748241 0.000000 -1.444722 95.230862 29.131073 4.918271 0.005827 
517 2.550686 0.000000 -0.477312 94.369732 36.195393 2.633560 -0.022269 
518 2.550686 0.000000 -0.670794 94.556570 33.411814 3.641092 -0.007055 
519 2.748241 0.000000 -0.477312 94.528649 36.139758 2.488521 -0.024794 
520 2.649464 0.000000 -0.187088 93.890239 55.991036 0.668713 -0.195082 
521 2.550686 0.000000 -0.187088 93.903367 48.563312 1.153448 -0.117757 
522 2.649464 0.000000 -0.283829 94.215039 43.887526 1.298288 -0.080427 
523 2.748241 0.000000 -0.187088 93.943255 58.918929 0.138466 -0.229679 
524 2.698853 0.000000 -0.041977 95.098666 -4.743624 -5.197232 0.090673 
525 2.649464 0.000000 -0.041977 94.616249 0.645035 -3.041805 0.103810 
526 2.698853 0.000000 -0.090347 94.269498 -0.000000 -5.363252 0.108450 
527 2.748241 0.000000 -0.041977 96.006106 -4.875827 -4.853559 0.073550 
528 2.674158 0.000000 0.030579 96.274418 -1.707498 -9.000099 0.064732 
529 2.649464 0.000000 0.030579 97.218483 1.136233 -10.098634 0.044529 
530 2.674158 0.000000 0.006394 94.735677 -6.190696 -11.443378 0.085588 
531 2.698853 0.000000 0.030579 95.755418 -5.577316 -6.925240 0.075183 
532 2.674158 0.000000 0.054764 96.024053 -0.524948 -11.432853 0.064840 
533 2.945796 0.000000 -0.477312 94.650594 34.679785 2.291396 -0.016667 
534 2.945796 0.000000 -0.670794 94.842652 32.831741 3.292078 -0.008389 
535 2.847019 0.000000 -0.187088 93.909263 51.250401 -0.396393 -0.144571 
536 2.847019 0.000000 -0.283829 94.310166 41.926680 0.848721 -0.065297 
537 2.945796 0.000000 -0.187088 93.906191 42.317567 -1.182698 -0.061055 
538 2.896407 0.000000 -0.041977 95.238785 8.099405 -5.023201 0.083874 
539 2.847019 0.000000 -0.041977 95.837598 3.916392 -4.007103 0.078376 
540 2.896407 0.000000 -0.090347 95.185709 10.620817 -4.357476 0.080789 
541 2.945796 0.000000 -0.041977 95.292069 7.526722 -4.869736 0.083906 
542 2.896407 0.000000 0.006394 95.928847 9.208852 -4.325123 0.069415 
543 3.044574 0.000000 -0.187088 94.150303 37.081183 -1.964057 -0.024315 
544 3.044574 0.000000 -0.283829 94.523163 35.693609 0.273527 -0.020874 
545 2.995185 0.000000 -0.041977 95.405055 7.250906 -4.888755 0.082140 
546 2.995185 0.000000 -0.090347 95.256594 11.731572 -3.383238 0.077711 
547 3.044574 0.000000 -0.041977 95.554443 6.098798 -5.361788 0.080340 
548 2.995185 0.000000 0.006394 96.098953 9.535433 -3.594722 0.066114 
549 2.847019 0.000000 0.199876 103.515644 0.000000 -10.556836 -0.082694 
550 2.945796 0.000000 0.199876 103.139084 0.000000 -10.320110 -0.074418 
551 2.847019 0.000000 0.296617 103.338554 0.000000 -3.015562 -0.068795 
552 2.896407 0.000000 0.054764 96.733696 10.196710 -4.268768 0.052040 
553 2.847019 0.000000 0.054764 96.453892 4.408069 -5.312702 0.064899 
554 2.945796 0.000000 0.054764 96.895867 10.033287 -3.734945 0.049657 
555 2.896407 0.000000 0.103135 98.405926 8.039699 -5.681059 0.021936 
556 2.921102 0.000000 -0.017792 95.576062 8.630211 -4.361782 0.077171 
557 2.896407 0.000000 -0.017792 95.459421 9.236258 -4.596356 0.078106 
558 2.921102 0.000000 -0.041977 95.367843 9.030157 -4.461341 0.080353 
559 2.945796 0.000000 -0.017792 95.511234 7.633856 -4.398857 0.079998 
560 2.921102 0.000000 0.006394 95.833030 8.362235 -4.331711 0.072734 
561 2.797630 0.000000 -0.041977 96.219301 -0.631120 -4.527403 0.072095 
562 2.797630 0.000000 -0.090347 96.020901 1.766739 -3.530067 0.076440 
563 2.797630 0.000000 0.006394 97.080576 -8.169914 -7.324194 0.045497 
564 2.871713 0.000000 -0.017792 95.470511 6.501321 -4.779880 0.082027 
565 2.847019 0.000000 -0.017792 95.599411 18.887679 -3.989656 0.048809 
566 2.871713 0.000000 -0.041977 95.247282 6.773924 -5.519958 0.085160 
567 2.871713 0.000000 0.006394 95.897577 8.067511 -4.283936 0.072022 
568 2.797630 0.000000 0.054764 96.402336 -0.032701 -7.030824 0.065716 
569 2.797630 0.000000 0.103135 98.689632 3.992628 -10.276419 0.013881 
570 2.822324 0.000000 -0.017792 96.636214 -0.508313 -6.781212 0.061520 
571 2.797630 0.000000 -0.017792 96.621856 -4.710426 -6.394577 0.060114 
572 2.822324 0.000000 -0.041977 95.765353 1.111802 -5.372521 0.079890 
573 2.822324 0.000000 0.006394 96.194750 0.116587 -6.481954 0.070454 
574 2.871713 0.000000 0.030579 96.167653 11.203136 -4.460595 0.060638 
575 2.847019 0.000000 0.030579 96.258738 4.155914 -4.443762 0.069724 
576 2.896407 0.000000 0.030579 96.284191 11.366402 -4.009308 0.058408 
577 2.871713 0.000000 0.054764 96.575955 9.658742 -5.055028 0.055424 
578 2.859366 0.000000 -0.005699 96.632463 15.572983 -3.445613 0.040778 
579 2.847019 0.000000 -0.005699 95.660325 25.942517 -3.545127 0.016352 
580 2.859366 0.000000 -0.017792 97.063493 19.656578 -2.950483 0.018359 
581 2.871713 0.000000 -0.005699 96.402335 14.428370 -3.741985 0.048441 
582 2.859366 0.000000 0.006394 96.688264 16.125679 -3.464869 0.037934 
583 3.093962 0.000000 -0.041977 95.868619 6.377620 -5.275865 0.074070 
584 3.093962 0.000000 -0.090347 95.739579 13.785064 -2.960818 0.063514 
585 3.093962 0.000000 0.006394 96.029971 9.112105 -2.828388 0.068721 
586 3.044574 0.000000 0.199876 102.660679 0.000000 -10.492156 -0.064930 
587 3.143351 0.000000 0.199876 102.941167 0.000000 -10.997153 -0.071782 
588 3.044574 0.000000 0.296617 102.548255 0.000000 -3.690510 -0.052976 
589 2.995185 0.000000 0.054764 97.095544 9.198006 -3.617302 0.047477 
590 3.044574 0.000000 0.054764 97.156906 7.670250 -2.966931 0.049290 
591 2.995185 0.000000 0.103135 98.684747 5.671372 -5.428100 0.019969 
592 3.019879 0.000000 -0.017792 95.903361 10.841763 -3.470536 0.067296 
593 2.995185 0.000000 -0.017792 95.758812 9.014635 -4.023757 0.073280 
594 3.019879 0.000000 -0.041977 95.765121 10.206263 -3.808076 0.071037 
595 3.044574 0.000000 -0.017792 95.670498 6.684144 -4.491575 0.078230 
596 3.019879 0.000000 0.006394 96.102237 8.602862 -3.804161 0.067588 
597 1.266579 0.000000 0.006394 95.354651 -2.158268 3.307446 0.089189 
598 1.167802 0.000000 0.006394 96.265116 6.320577 5.148846 0.066657 
599 1.266579 0.000000 -0.090347 87.683717 3.762172 -0.980020 0.229645 
600 1.365357 0.000000 0.006394 97.211736 8.465892 2.421672 0.047234 
601 1.266579 0.000000 0.103135 103.369000 4.298912 2.202394 -0.070848 
602 2.600075 0.000000 -0.041977 94.012804 4.694634 -0.103604 0.113954 
603 2.550686 0.000000 -0.041977 93.973425 9.167004 2.586991 0.107827 
604 2.600075 0.000000 -0.090347 93.250341 2.673280 1.370137 0.129535 
605 2.674158 0.000000 -0.017792 94.696611 -2.594677 -8.787009 0.094861 
606 2.649464 0.000000 -0.017792 94.615425 1.926719 -4.257983 0.102608 
607 2.674158 0.000000 -0.041977 93.681990 -1.134616 -5.589243 0.119116 
608 2.698853 0.000000 -0.017792 94.731805 -6.726362 -8.075990 0.091542 
609 2.624769 0.000000 -0.017792 94.159700 1.202533 -4.039854 0.111618 
610 2.600075 0.000000 -0.017792 94.683100 5.233321 -1.039418 0.100664 
611 2.624769 0.000000 -0.041977 93.948883 2.696646 -1.535954 0.116398 
612 2.624769 0.000000 0.006394 96.209368 -0.892580 -5.672993 0.071078 
613 2.661811 0.000000 -0.005699 94.447515 -5.328886 -11.054678 0.092906 
614 2.649464 0.000000 -0.005699 95.437257 -1.212486 -7.413813 0.083530 
615 2.661811 0.000000 -0.017792 94.876293 -0.701439 -4.592667 0.097690 
616 2.674158 0.000000 -0.005699 93.907059 -6.857695 -10.764938 0.101855 
617 2.661811 0.000000 0.006394 95.335742 -4.549895 -12.054355 0.074509 
618 3.093962 0.000000 0.054764 97.009212 6.895000 -1.736605 0.053866 
619 3.143351 0.000000 0.054764 94.612722 9.329389 -1.677578 0.095858 
620 3.093962 0.000000 0.103135 97.912564 8.620463 -3.287302 0.032801 
621 3.242129 0.000000 0.199876 102.250932 -1.406891 -14.680149 -0.067274 
622 3.340906 0.000000 0.199876 101.522758 2.169716 -15.212148 -0.054299 
623 3.242129 0.000000 0.296617 101.878268 -0.724057 -7.477990 -0.043563 
624 3.093962 0.000000 0.151505 101.228312 0.000000 -8.598894 -0.032111 
625 3.044574 0.000000 0.151505 101.070568 0.000000 -8.660088 -0.029026 
626 3.143351 0.000000 0.151505 101.752309 0.000000 -9.340678 -0.044078 
627 3.093962 0.000000 0.199876 102.753889 0.000000 -10.597946 -0.067068 
628 3.069268 0.000000 0.078949 97.719094 7.185640 -3.237928 0.038886 
629 3.044574 0.000000 0.078949 97.941064 5.592507 -3.846534 0.036148 
630 3.069268 0.000000 0.054764 96.974951 8.062801 -2.398554 0.052510 
631 3.093962 0.000000 0.078949 97.405752 8.439155 -2.543923 0.043443 
632 3.069268 0.000000 0.103135 98.168006 6.552991 -3.828711 0.030544 
633 -36.367631 0.000000 -37.045417 96.349502 25.900770 6.743928 0.000044 
634 -49.011146 0.000000 -37.045417 96.352112 25.894665 6.743697 0.000026 
635 -36.367631 0.000000 -49.428268 96.349631 25.902110 6.742276 0.000037 
636 39.493455 0.000000 -37.045417 96.326987 25.996199 6.696224 0.000047 
637 39.493455 0.000000 -49.428268 96.334210 25.966278 6.714330 0.000039 
638 52.136969 0.000000 -37.045417 96.328461 25.996423 6.687951 0.000028 
639 -36.367631 0.000000 37.251686 96.365754 25.858957 6.744109 -0.000053 
640 -49.011146 0.000000 37.251686 96.362885 25.865806 6.743860 -0.000033 
641 -36.367631 0.000000 49.634537 96.365624 25.857871 6.742455 -0.000042 
642 -17.402360 0.000000 -18.471141 96.338526 25.913439 6.748758 0.000184 
643 -23.724117 0.000000 -18.471141 96.344862 25.904739 6.749509 0.000106 
644 -17.402360 0.000000 -24.662566 96.339245 25.918110 6.745468 0.000150 
645 14.206426 0.000000 37.251686 96.392734 25.777631 6.715297 -0.000114 
646 26.849941 0.000000 37.251686 96.396878 25.758537 6.698953 -0.000074 
647 14.206426 0.000000 49.634537 96.382172 25.805768 6.725945 -0.000070 
648 20.528183 0.000000 -18.471141 96.299022 26.090947 6.636657 0.000172 
649 20.528183 0.000000 -24.662566 96.311020 26.039875 6.679266 0.000150 
650 26.849941 0.000000 -18.471141 96.302237 26.095008 6.621651 0.000108 
651 -17.402360 0.000000 18.677410 96.378116 25.843102 6.748712 -0.000215 
652 -23.724117 0.000000 18.677410 96.371060 25.853396 6.749609 -0.000134 
653 -17.402360 0.000000 24.868836 96.377216 25.839103 6.745459 -0.000173 
654 -7.919724 0.000000 -9.184003 96.293588 25.957684 6.769143 0.000792 
655 -11.080603 0.000000 -9.184003 96.319828 25.920615 6.766641 0.000483 
656 -7.919724 0.000000 -12.279716 96.304805 25.943043 6.752297 0.000675 
657 7.884669 0.000000 18.677410 96.437342 25.699377 6.668950 -0.000509 
658 14.206426 0.000000 18.677410 96.440974 25.663484 6.633967 -0.000349 
659 7.884669 0.000000 24.868836 96.409931 25.747391 6.701493 -0.000271 
660 11.045548 0.000000 -9.184003 96.225656 26.321485 6.456541 0.000612 
661 11.045548 0.000000 -12.279716 96.259654 26.174671 6.575201 0.000573 
662 14.206426 0.000000 -9.184003 96.247712 26.273100 6.442565 0.000460 
663 -7.919724 0.000000 9.390272 96.430373 25.785852 6.767663 -0.000953 
664 -11.080603 0.000000 9.390272 96.399714 25.833736 6.766105 -0.000607 
665 -7.919724 0.000000 12.485985 96.416043 25.810133 6.750925 -0.000779 
666 -3.178406 0.000000 -4.540434 96.150651 26.106392 6.817025 0.002704 
667 -4.758845 0.000000 -4.540434 96.223177 26.038370 6.827130 0.001649 
668 -3.178406 0.000000 -6.088291 96.177082 26.110174 6.772040 0.002237 
669 4.723790 0.000000 9.390272 96.574282 25.468344 6.512638 -0.001764 
670 7.884669 0.000000 9.390272 96.554497 25.428442 6.436628 -0.001081 
671 4.723790 0.000000 12.485985 96.504829 25.575008 6.615087 -0.001102 
672 6.304230 0.000000 -4.540434 96.076938 26.789157 6.031587 0.001518 
673 6.304230 0.000000 -6.088291 96.121299 26.562014 6.283703 0.001567 
674 7.884669 0.000000 -4.540434 96.126014 26.732079 5.996090 0.000923 
675 -3.178406 0.000000 4.746704 96.591739 25.651372 6.807656 -0.003430 
676 -4.758845 0.000000 4.746704 96.510904 25.712269 6.822966 -0.002203 
677 -3.178406 0.000000 6.294560 96.559461 25.642234 6.762753 -0.002699 
678 -0.807747 0.000000 -2.218650 95.715201 26.466377 6.930866 0.009009 
679 -1.597967 0.000000 -2.218650 95.923601 26.263158 6.985947 0.006011 
680 -0.807747 0.000000 -2.992578 95.814928 26.411162 6.803085 0.007567 
681 3.143351 0.000000 4.746704 96.856725 25.101630 6.138317 -0.004900 
682 4.723790 0.000000 4.746704 96.791496 25.053965 5.990441 -0.003218 
683 3.143351 0.000000 6.294560 96.715696 25.272200 6.362953 -0.003310 
684 -0.807747 0.000000 2.424919 97.106178 25.431447 6.905720 -0.012406 
685 -1.597967 0.000000 2.424919 96.860446 25.543959 6.976820 -0.008312 
686 -0.807747 0.000000 3.198847 96.997949 25.411429 6.781299 -0.010033 
687 -0.412637 0.000000 -1.057758 95.266484 26.555799 7.240570 0.016666 
688 -0.807747 0.000000 -1.057758 95.587530 26.388159 7.353151 0.011262 
689 -0.412637 0.000000 -1.444722 95.399655 26.516860 7.135509 0.014485 
690 2.353131 0.000000 2.424919 97.401065 24.606697 5.481007 -0.012250 
691 3.143351 0.000000 2.424919 97.198183 24.514192 5.301261 -0.007654 
692 2.353131 0.000000 3.198847 97.186564 24.826705 5.840487 -0.009570 
693 1.365357 0.000000 -0.477312 91.993316 19.377382 -2.109481 0.115730 
694 1.365357 0.000000 -0.670794 96.106711 21.532588 -4.565894 0.027900 
695 1.562912 0.000000 -0.477312 96.125530 21.508694 -4.617514 0.027594 
696 -0.412637 0.000000 1.264027 97.704718 25.585775 7.359141 -0.025500 
697 -0.807747 0.000000 1.264027 97.261872 25.669328 7.443172 -0.017419 
698 -0.412637 0.000000 1.650991 97.533463 25.519555 7.115906 -0.021466 
699 0.180027 0.000000 0.683581 81.340561 1.020643 6.935658 0.333457 
700 -0.017527 0.000000 0.683581 101.432569 24.194450 4.186775 -0.089147 
701 0.180027 0.000000 0.877063 99.129667 25.535594 5.286832 -0.050671 
702 0.673915 0.000000 -0.187088 84.714576 4.880482 9.474537 0.270985 
703 0.772692 0.000000 -0.187088 84.771262 5.083164 6.746176 0.274248 
704 0.673915 0.000000 -0.090347 80.275307 10.158971 10.069075 0.335128 
705 0.476360 0.000000 0.006394 93.672079 19.251358 10.934337 0.073537 
706 0.377582 0.000000 0.006394 96.045963 20.236012 12.120918 0.021876 
707 0.575137 0.000000 0.006394 90.884835 17.159859 10.177068 0.134191 
708 1.958022 0.000000 1.264027 98.058808 24.528473 4.677710 -0.023906 
709 2.353131 0.000000 1.264027 97.757653 24.379636 4.551608 -0.017164 
710 1.958022 0.000000 1.650991 97.868044 24.568301 5.096950 -0.020773 
711 1.365357 0.000000 0.683581 94.905210 20.830762 -3.574478 0.054630 
712 1.562912 0.000000 0.683581 96.542550 21.140263 -5.337627 0.020414 
713 1.365357 0.000000 0.877063 98.928929 27.496775 3.301054 -0.055390 
714 0.673915 0.000000 0.199876 101.560858 4.959079 10.218458 -0.044362 
715 0.673915 0.000000 0.103135 95.655522 9.187078 9.795468 0.066967 
716 0.772692 0.000000 0.199876 102.769826 5.104345 7.858306 -0.064944 
717 1.069025 0.000000 -0.380571 90.275912 15.823762 -0.360716 0.159974 
718 1.069025 0.000000 -0.477312 90.212512 15.747209 -0.315864 0.161363 
719 1.167802 0.000000 -0.380571 90.516796 16.053938 -0.548443 0.154868 
720 0.871470 0.000000 0.199876 104.289259 4.365988 5.743723 -0.092830 
721 0.871470 0.000000 0.103135 97.937266 7.658933 7.628645 0.029144 
722 1.069025 0.000000 0.393358 90.319021 15.894106 -0.387265 0.158970 
723 1.167802 0.000000 0.393358 90.574056 16.132874 -0.586197 0.153573 
724 1.069025 0.000000 0.490099 90.252727 15.815827 -0.340552 0.160419 
725 0.871470 0.000000 -0.187088 83.978313 3.377306 5.431119 0.290674 
726 0.871470 0.000000 -0.090347 85.150494 7.310396 0.964359 0.269502 
727 1.069025 0.000000 0.006394 76.187451 10.493930 3.181877 0.407523 
728 0.970247 0.000000 0.006394 92.662735 8.112070 -3.821052 0.133321 
729 0.871470 0.000000 0.006394 93.561266 7.042210 5.442832 0.116707 
730 0.772692 0.000000 0.006394 85.371025 10.829318 11.467618 0.246301 
731 1.760467 0.000000 -0.477312 96.464518 20.842418 -5.638527 0.022840 
732 1.760467 0.000000 -0.670794 93.290796 32.426053 5.108071 0.021929 
733 1.266579 0.000000 -0.187088 90.934688 16.462824 -0.871880 0.145910 
734 1.266579 0.000000 -0.283829 90.821624 16.347787 -0.786263 0.148356 
735 1.365357 0.000000 -0.187088 91.062935 16.570538 -0.979650 0.143200 
736 1.760467 0.000000 0.683581 96.131955 21.349917 -6.323682 0.026284 
737 1.958022 0.000000 0.683581 97.026280 32.345646 2.983398 -0.046924 
738 1.760467 0.000000 0.877063 98.259274 26.811205 3.516509 -0.038609 
739 1.266579 0.000000 0.199876 90.984985 16.522054 -0.906971 0.144793 
740 1.365357 0.000000 0.199876 91.111132 16.624790 -1.014277 0.142135 
741 1.266579 0.000000 0.296617 90.883143 16.422414 -0.828857 0.146987 
742 1.266579 0.000000 0.393358 90.766043 16.305602 -0.739724 0.149511 
743 1.365357 0.000000 0.393358 90.892668 16.414708 -0.843834 0.146837 
744 1.266579 0.000000 0.490099 90.649384 16.187147 -0.651435 0.152024 
745 3.192740 0.000000 0.054764 93.114899 12.365280 -1.226223 0.117521 
746 3.242129 0.000000 0.054764 96.043155 22.998716 -0.000000 0.024677 
747 3.192740 0.000000 0.103135 96.045848 22.980702 -0.000000 0.024708 
748 1.859244 0.000000 -0.187088 96.536801 21.128848 -5.364132 0.020544 
749 1.760467 0.000000 -0.187088 96.139273 21.489820 -4.658715 0.027372 
750 1.859244 0.000000 -0.283829 96.463775 20.843137 -5.642865 0.022846 
751 2.254354 0.000000 -0.187088 93.895505 40.878510 1.685013 -0.049026 
752 2.254354 0.000000 -0.283829 93.900899 38.175664 1.646547 -0.027747 
753 2.353131 0.000000 -0.187088 93.946036 41.793764 1.622934 -0.057521 
754 1.859244 0.000000 0.199876 96.536841 21.128795 -5.363984 0.020544 
755 1.760467 0.000000 0.199876 96.139880 21.489418 -4.659467 0.027362 
756 1.859244 0.000000 0.296617 96.537504 21.130108 -5.360931 0.020529 
757 2.254354 0.000000 0.199876 103.051105 -6.517658 5.368226 -0.069083 
758 2.353131 0.000000 0.199876 103.953561 -10.459155 5.657743 -0.094775 
759 2.254354 0.000000 0.296617 103.856465 -8.283282 2.099342 -0.085919 
760 2.451909 0.000000 -0.187088 93.957127 43.910829 1.427715 -0.075814 
761 2.451909 0.000000 -0.283829 94.102784 39.977115 1.542922 -0.045588 
762 2.451909 0.000000 0.199876 105.017521 -15.359027 3.487017 -0.127674 
763 2.451909 0.000000 0.296617 103.568764 -7.944671 2.302996 -0.079491 
764 2.624769 0.000000 0.030579 96.996160 2.338857 -6.553755 0.054332 
765 2.600075 0.000000 0.030579 95.616569 4.790777 -2.254259 0.082944 
766 2.624769 0.000000 0.054764 95.979540 2.286474 -6.293066 0.074310 
767 2.970491 0.000000 -0.017792 95.870723 8.686912 -4.104261 0.071650 
768 2.970491 0.000000 -0.041977 95.554121 9.014465 -4.284277 0.076979 
769 2.970491 0.000000 0.006394 96.086371 8.980377 -3.861687 0.067185 
770 2.921102 0.000000 0.030579 96.315148 10.645680 -3.944916 0.059450 
771 2.945796 0.000000 0.030579 96.305009 10.618027 -3.660408 0.059920 
772 2.921102 0.000000 0.054764 96.750732 9.916335 -4.044192 0.052461 
773 2.822324 0.000000 0.030579 96.274449 1.412069 -5.271127 0.070145 
774 2.797630 0.000000 0.030579 96.681693 -3.694088 -6.296472 0.059936 
775 2.822324 0.000000 0.054764 96.395200 1.923450 -6.367037 0.066373 
776 2.995185 0.000000 0.151505 101.099017 0.000000 -8.763158 -0.029780 
777 2.945796 0.000000 0.151505 101.293594 0.000000 -8.970082 -0.034085 
778 2.995185 0.000000 0.199876 102.662474 0.000000 -10.118420 -0.064197 
779 2.970491 0.000000 0.030579 96.423115 11.208166 -3.262809 0.056631 
780 2.995185 0.000000 0.030579 96.500434 11.779179 -3.034559 0.053971 
781 2.970491 0.000000 0.054764 96.966713 10.123341 -3.542536 0.048243 
782 3.019879 0.000000 0.030579 96.623562 9.671182 -2.947851 0.056167 
783 3.044574 0.000000 0.030579 96.878546 5.788636 -3.066014 0.057164 
784 3.019879 0.000000 0.054764 97.188837 7.807941 -3.321599 0.048233 
785 3.019879 0.000000 0.078949 98.192437 5.743477 -4.617863 0.030393 
786 2.995185 0.000000 0.078949 97.827408 6.759606 -4.581478 0.036312 
787 3.019879 0.000000 0.103135 98.713352 5.526879 -5.254000 0.019752 
788 2.970491 0.000000 0.078949 97.700870 7.986035 -4.468752 0.037079 
789 2.945796 0.000000 0.078949 97.776066 7.754042 -4.721432 0.035742 
790 2.970491 0.000000 0.103135 98.594537 7.044203 -5.266951 0.020176 
791 3.069268 0.000000 0.030579 96.772651 6.996702 -2.684755 0.057889 
792 3.069268 0.000000 0.006394 96.253188 8.412153 -3.347455 0.065335 
793 3.093962 0.000000 0.030579 96.589224 4.218328 -1.820907 0.064941 
794 3.192740 0.000000 0.151505 102.808852 0.000000 -11.059337 -0.069197 
795 3.242129 0.000000 0.151505 101.340291 6.015382 -30.592910 -0.124197 
796 3.192740 0.000000 0.199876 102.825412 0.000000 -11.051527 -0.069520 
797 39.493455 0.000000 37.251686 96.398729 25.750041 6.683016 -0.000044 
798 52.136969 0.000000 37.251686 96.398892 25.749794 6.668765 -0.000027 
799 39.493455 0.000000 49.634537 96.387395 25.784531 6.707979 -0.000037 
800 20.528183 0.000000 18.677410 96.437943 25.647035 6.606147 -0.000169 
801 26.849941 0.000000 18.677410 96.437135 25.644056 6.580366 -0.000104 
802 20.528183 0.000000 24.868836 96.418022 25.701888 6.664072 -0.000143 
803 11.045548 0.000000 9.390272 96.535324 25.426662 6.380944 -0.000630 
804 14.206426 0.000000 9.390272 96.514855 25.483799 6.348643 -0.000485 
805 11.045548 0.000000 12.485985 96.489674 25.563701 6.535518 -0.000647 
806 6.304230 0.000000 4.746704 96.736376 25.056821 5.886196 -0.002042 
807 7.884669 0.000000 4.746704 96.692007 25.115291 5.808216 -0.001386 
808 6.304230 0.000000 6.294560 96.660706 25.223213 6.188770 -0.001780 
809 3.933571 0.000000 2.424919 97.068637 24.517876 5.202335 -0.005051 
810 4.723790 0.000000 2.424919 97.002331 24.566168 5.128358 -0.003925 
811 3.933571 0.000000 3.198847 96.995624 24.739637 5.567198 -0.005119 
812 0.673915 0.000000 0.006394 82.997849 4.491156 22.184120 0.259905 
813 2.748241 0.000000 1.264027 97.486631 24.374935 4.498417 -0.011802 
814 3.143351 0.000000 1.264027 97.223651 24.629142 4.556176 -0.007979 
815 2.748241 0.000000 1.650991 97.466287 24.252625 4.814451 -0.011105 
816 2.155577 0.000000 0.683581 97.006202 31.041782 4.901017 -0.039782 
817 2.353131 0.000000 0.683581 97.160980 29.571283 6.017863 -0.035093 
818 2.155577 0.000000 0.877063 97.774434 26.156298 4.168945 -0.026137 
819 3.538461 0.000000 1.264027 97.046266 24.815299 4.749120 -0.005633 
820 3.933571 0.000000 1.264027 96.975244 24.832885 4.976667 -0.004564 
821 3.538461 0.000000 1.650991 97.171715 24.421223 4.779152 -0.006158 
822 2.550686 0.000000 0.683581 97.309768 28.373596 6.481996 -0.031627 
823 2.748241 0.000000 0.683581 97.800513 0.000000 6.420442 0.039384 
824 2.550686 0.000000 0.877063 97.545710 25.834954 4.628156 -0.020403 
825 2.896407 0.000000 0.151505 101.288965 -0.000000 -9.481523 -0.034935 
826 2.847019 0.000000 0.151505 101.396908 0.000000 -10.794727 -0.039786 
827 2.896407 0.000000 0.199876 103.510389 -0.000000 -10.378923 -0.082212 
828 2.921102 0.000000 0.078949 97.619696 8.618446 -4.720760 0.037383 
829 2.896407 0.000000 0.078949 97.460947 8.516419 -5.020218 0.040363 
830 2.921102 0.000000 0.103135 98.180800 8.547734 -5.156357 0.026088 
831 2.871713 0.000000 0.078949 97.286826 7.949383 -5.893693 0.043735 
832 2.847019 0.000000 0.078949 97.314023 7.382824 -7.144113 0.042444 
833 2.871713 0.000000 0.103135 98.318398 7.506438 -6.654317 0.023287 
834 2.797630 0.000000 0.151505 100.937510 0.000000 -12.029751 -0.033310 
835 2.748241 0.000000 0.151505 100.640948 0.000000 -12.144406 -0.027609 
836 2.797630 0.000000 0.199876 103.974899 0.000000 -10.461625 -0.092023 
837 2.822324 0.000000 0.078949 97.117196 1.474160 -8.389971 0.049569 
838 2.797630 0.000000 0.078949 97.529274 0.051006 -8.076059 0.042282 
839 2.822324 0.000000 0.103135 98.715934 5.120171 -9.134529 0.014551 
840 3.069268 0.000000 -0.017792 95.985405 9.105519 -3.571356 0.069114 
841 3.069268 0.000000 -0.041977 95.814680 8.293642 -4.352900 0.073181 
842 3.093962 0.000000 -0.017792 96.100208 7.635678 -4.140852 0.068930 
843 1.266579 0.000000 -0.380571 90.702070 16.225099 -0.695807 0.150940 
844 1.266579 0.000000 -0.477312 90.588492 16.107312 -0.609997 0.153391 
845 1.365357 0.000000 -0.380571 90.828544 16.338089 -0.798629 0.148260 
846 2.945796 0.000000 0.683581 98.112686 0.000000 5.670737 0.034174 
847 3.143351 0.000000 0.683581 99.328790 0.000000 5.040239 0.010839 
848 2.945796 0.000000 0.877063 97.262738 27.424733 4.726728 -0.023450 
849 2.698853 0.000000 0.151505 100.302880 0.000000 -12.309771 -0.021220 
850 2.649464 0.000000 0.151505 99.528168 0.000000 -12.665889 -0.006628 
851 2.698853 0.000000 0.199876 102.945945 0.000000 -10.655132 -0.071140 
1 11 94 92 93 
2 94 10 24 92 
3 92 24 14 95 
4 93 92 95 6 
5 24 98 96 97 
6 98 23 40 96 
7 96 40 27 99 
8 97 96 99 14 
9 40 102 100 101 
10 102 39 56 100 
11 100 56 43 103 
12 101 100 103 27 
13 56 106 104 105 
14 106 55 72 104 
15 104 72 59 107 
16 105 104 107 43 
17 72 110 108 109 
18 109 108 111 59 
19 12 126 124 125 
20 126 7 127 124 
21 124 127 13 25 
22 125 124 25 10 
23 25 130 128 129 
24 130 13 131 128 
25 128 131 26 41 
26 129 128 41 23 
27 41 134 132 133 
28 134 26 135 132 
29 132 135 42 57 
30 133 132 57 39 
31 57 138 136 137 
32 138 42 139 136 
33 136 139 58 73 
34 137 136 73 55 
35 73 142 140 141 
36 142 58 143 140 
37 140 143 74 89 
38 141 140 89 71 
39 71 146 144 145 
40 146 89 147 144 
41 144 147 87 121 
42 145 144 121 88 
43 121 158 156 157 
44 158 87 159 156 
45 6 95 161 162 
46 95 14 36 161 
47 161 36 19 163 
48 162 161 163 20 
49 14 99 164 165 
50 99 27 52 164 
51 164 52 35 166 
52 165 164 166 36 
53 27 103 167 168 
54 103 43 68 167 
55 167 68 51 169 
56 168 167 169 52 
57 43 107 170 171 
58 107 59 84 170 
59 170 84 67 172 
60 171 170 172 68 
61 59 111 173 174 
62 174 173 175 84 
63 108 178 176 177 
64 178 88 120 176 
65 176 120 75 179 
66 177 176 179 111 
67 88 182 180 181 
68 182 121 157 180 
69 180 157 119 183 
70 181 180 183 120 
71 157 194 192 193 
72 194 156 195 192 
73 193 192 196 119 
74 111 179 207 208 
75 179 75 185 207 
76 207 185 116 209 
77 208 207 209 173 
78 75 212 210 211 
79 212 123 204 210 
80 210 204 184 213 
81 211 210 213 185 
82 19 38 214 215 
83 38 21 216 214 
84 214 216 9 217 
85 215 214 217 22 
86 35 54 218 219 
87 54 37 220 218 
88 218 220 21 221 
89 219 218 221 38 
90 51 70 222 223 
91 70 53 224 222 
92 222 224 37 225 
93 223 222 225 54 
94 67 86 226 227 
95 86 69 228 226 
96 226 228 53 229 
97 227 226 229 70 
98 83 118 230 231 
99 118 85 232 230 
100 230 232 69 233 
101 231 230 233 86 
102 116 187 234 235 
103 187 115 236 234 
104 234 236 118 237 
105 235 234 237 83 
106 184 206 238 239 
107 206 186 240 238 
108 238 240 115 241 
109 239 238 241 187 
110 204 244 242 243 
111 242 245 206 246 
112 243 242 246 184 
113 89 248 247 147 
114 248 74 249 247 
115 247 249 90 153 
116 147 247 153 87 
117 87 251 250 159 
118 251 153 252 250 
119 156 255 254 195 
120 255 159 256 254 
121 254 256 122 257 
122 195 254 257 160 
123 120 183 258 259 
124 183 119 189 258 
125 258 189 123 212 
126 259 258 212 75 
127 119 196 260 261 
128 196 160 262 260 
129 260 262 188 263 
130 261 260 263 189 
131 192 266 264 265 
132 266 195 267 264 
133 264 267 160 268 
134 265 264 268 196 
135 123 271 269 270 
136 271 191 272 269 
137 269 272 203 244 
138 270 269 244 204 
139 203 278 277 245 
140 278 205 279 277 
141 277 279 186 280 
142 245 277 280 206 
143 244 283 281 282 
144 283 203 284 281 
145 281 284 245 285 
146 282 281 285 242 
147 159 289 288 256 
148 289 250 290 288 
149 288 290 253 291 
150 256 288 291 122 
151 115 202 292 236 
152 202 117 293 292 
153 292 293 85 294 
154 236 292 294 118 
155 186 276 295 240 
156 276 200 296 295 
157 295 296 202 297 
158 240 295 297 115 
159 205 299 298 279 
160 299 273 300 298 
161 298 300 276 301 
162 279 298 301 186 
163 307 154 308 306 
164 306 308 5 309 
165 253 312 310 311 
166 312 152 313 310 
167 310 313 287 314 
168 311 310 314 286 
169 309 5 319 318 
170 318 319 201 320 
171 274 323 321 322 
172 323 155 324 321 
173 321 324 275 325 
174 322 321 325 273 
175 15 327 326 33 
176 327 17 328 326 
177 326 328 8 329 
178 33 326 329 18 
179 31 331 330 49 
180 331 33 332 330 
181 330 332 18 333 
182 49 330 333 34 
183 47 335 334 65 
184 335 49 336 334 
185 334 336 34 337 
186 65 334 337 50 
187 63 339 338 81 
188 339 65 340 338 
189 338 340 50 341 
190 81 338 341 66 
191 343 81 344 342 
192 342 344 66 345 
193 18 329 346 45 
194 329 8 347 346 
195 346 347 29 348 
196 45 346 348 28 
197 34 333 349 61 
198 333 18 350 349 
199 349 350 45 351 
200 61 349 351 44 
201 50 337 352 77 
202 337 34 353 352 
203 352 353 61 354 
204 77 352 354 60 
205 66 341 355 113 
206 341 50 356 355 
207 355 356 77 357 
208 113 355 357 76 
209 345 66 359 358 
210 358 359 113 360 
211 363 342 364 361 
212 361 364 345 365 
213 365 345 371 369 
214 369 371 358 372 
215 370 369 372 198 
216 375 361 376 373 
217 373 376 365 377 
218 377 365 386 384 
219 384 386 369 387 
220 385 384 387 370 
221 390 373 391 388 
222 388 391 377 392 
223 393 385 370 395 
224 394 393 395 378 
225 7 401 400 127 
226 401 16 402 400 
227 400 402 15 32 
228 127 400 32 13 
229 13 404 403 131 
230 404 32 405 403 
231 403 405 31 48 
232 131 403 48 26 
233 26 407 406 135 
234 407 48 408 406 
235 406 408 47 64 
236 135 406 64 42 
237 42 410 409 139 
238 410 64 411 409 
239 409 411 63 80 
240 139 409 80 58 
241 80 414 412 413 
242 414 63 415 412 
243 412 415 81 343 
244 413 412 343 79 
245 79 418 416 417 
246 418 343 419 416 
247 416 419 342 363 
248 417 416 363 150 
249 150 422 420 421 
250 422 363 423 420 
251 420 423 361 375 
252 421 420 375 362 
253 362 426 424 425 
254 426 375 427 424 
255 424 427 373 390 
256 425 424 390 374 
257 374 430 428 429 
258 430 390 431 428 
259 428 431 388 432 
260 429 428 432 389 
261 154 434 433 308 
262 308 433 436 5 
263 5 436 441 319 
264 441 442 315 443 
265 319 441 443 201 
266 433 446 444 445 
267 446 435 447 444 
268 444 447 305 448 
269 445 444 448 436 
270 449 450 316 451 
271 442 449 451 315 
272 435 453 452 447 
273 447 452 455 305 
274 58 457 456 143 
275 457 80 413 456 
276 456 413 79 149 
277 143 456 149 74 
278 74 459 458 249 
279 459 149 460 458 
280 458 460 148 303 
281 249 458 303 90 
282 303 463 461 462 
283 463 148 464 461 
284 461 464 304 438 
285 462 461 438 302 
286 302 467 465 466 
287 467 438 468 465 
288 465 468 437 453 
289 466 465 453 435 
290 437 473 472 454 
291 473 439 474 472 
292 472 474 151 475 
293 454 472 475 440 
294 453 478 476 477 
295 478 437 479 476 
296 476 479 454 480 
297 477 476 480 452 
298 305 455 481 482 
299 455 440 483 481 
300 481 483 449 484 
301 482 481 484 442 
302 452 480 485 486 
303 480 454 487 485 
304 485 487 440 488 
305 486 485 488 455 
306 489 394 378 490 
307 450 489 490 316 
308 439 492 491 474 
309 492 469 493 491 
310 491 493 471 494 
311 474 491 494 151 
312 471 498 502 503 
313 502 504 394 505 
314 503 502 505 489 
315 508 497 509 506 
316 506 509 368 510 
317 507 506 510 498 
318 493 513 511 512 
319 511 507 498 514 
320 512 511 514 471 
321 149 516 515 460 
322 516 79 417 515 
323 515 417 150 367 
324 460 515 367 148 
325 148 518 517 464 
326 518 367 519 517 
327 517 519 366 470 
328 464 517 470 304 
329 470 522 520 521 
330 522 366 523 520 
331 520 523 381 496 
332 521 520 496 469 
333 496 526 524 525 
334 526 381 527 524 
335 524 527 497 508 
336 495 530 528 529 
337 530 508 531 528 
338 528 531 506 532 
339 529 528 532 507 
340 367 534 533 519 
341 534 150 421 533 
342 533 421 362 382 
343 519 533 382 366 
344 366 536 535 523 
345 536 382 537 535 
346 535 537 380 500 
347 523 535 500 381 
348 500 540 538 539 
349 540 380 541 538 
350 382 544 543 537 
351 544 362 425 543 
352 543 425 374 398 
353 537 543 398 380 
354 380 546 545 541 
355 546 398 547 545 
356 549 550 393 551 
357 504 549 551 394 
358 538 558 556 557 
359 558 541 559 556 
360 556 559 397 560 
361 557 556 560 542 
362 381 562 561 527 
363 562 500 539 561 
364 527 561 563 497 
365 539 566 564 565 
366 566 538 557 564 
367 564 557 542 567 
368 497 563 568 509 
369 509 568 569 368 
370 561 572 570 571 
371 572 539 565 570 
372 570 565 499 573 
373 571 570 573 563 
374 499 567 574 575 
375 567 542 576 574 
376 574 576 552 577 
377 575 574 577 553 
378 565 580 578 579 
379 580 564 581 578 
380 578 581 567 582 
381 579 578 582 499 
382 398 584 583 547 
383 584 374 429 583 
384 583 429 389 585 
385 586 587 385 588 
386 550 586 588 393 
387 545 594 592 593 
388 594 547 595 592 
389 592 595 396 596 
390 593 592 596 548 
391 287 599 597 598 
392 599 306 600 597 
393 597 600 309 601 
394 598 597 601 155 
395 469 604 602 603 
396 604 496 525 602 
397 603 602 513 493 
398 525 607 605 606 
399 607 524 608 605 
400 605 608 508 530 
401 602 611 609 610 
402 611 525 606 609 
403 609 606 495 612 
404 610 609 612 513 
405 606 615 613 614 
406 615 605 616 613 
407 613 616 530 617 
408 614 613 617 495 
409 585 389 619 618 
410 618 619 82 620 
411 392 377 622 621 
412 621 622 384 623 
413 587 621 623 385 
414 399 620 624 625 
415 620 82 626 624 
416 624 626 587 627 
417 625 624 627 586 
418 590 630 628 629 
419 630 618 631 628 
420 628 631 620 632 
421 629 628 632 399 
422 1 635 633 634 
423 635 12 125 633 
424 633 125 10 94 
425 634 633 94 11 
426 16 637 636 402 
427 637 2 638 636 
428 636 638 17 327 
429 402 636 327 15 
430 20 163 639 640 
431 163 19 215 639 
432 639 215 22 641 
433 640 639 641 4 
434 10 644 642 643 
435 644 25 129 642 
436 642 129 23 98 
437 643 642 98 24 
438 21 46 645 216 
439 46 28 646 645 
440 645 646 30 647 
441 216 645 647 9 
442 32 649 648 405 
443 649 15 650 648 
444 648 650 33 331 
445 405 648 331 31 
446 36 166 651 652 
447 166 35 219 651 
448 651 219 38 653 
449 652 651 653 19 
450 23 656 654 655 
451 656 41 133 654 
452 654 133 39 102 
453 655 654 102 40 
454 37 62 657 220 
455 62 44 658 657 
456 657 658 46 659 
457 220 657 659 21 
458 48 661 660 408 
459 661 31 662 660 
460 660 662 49 335 
461 408 660 335 47 
462 52 169 663 664 
463 169 51 223 663 
464 663 223 54 665 
465 664 663 665 35 
466 39 668 666 667 
467 668 57 137 666 
468 666 137 55 106 
469 667 666 106 56 
470 53 78 669 224 
471 78 60 670 669 
472 669 670 62 671 
473 224 669 671 37 
474 64 673 672 411 
475 673 47 674 672 
476 672 674 65 339 
477 411 672 339 63 
478 68 172 675 676 
479 172 67 227 675 
480 675 227 70 677 
481 676 675 677 51 
482 55 680 678 679 
483 680 73 141 678 
484 678 141 71 110 
485 679 678 110 72 
486 69 114 681 228 
487 114 76 682 681 
488 681 682 78 683 
489 228 681 683 53 
490 84 175 684 685 
491 175 83 231 684 
492 684 231 86 686 
493 685 684 686 67 
494 110 689 687 688 
495 689 71 145 687 
496 687 145 88 178 
497 688 687 178 108 
498 85 199 690 232 
499 199 112 691 690 
500 690 691 114 692 
501 232 690 692 69 
502 153 694 693 252 
503 694 90 695 693 
504 693 695 154 307 
505 173 209 696 697 
506 209 116 235 696 
507 696 235 83 698 
508 697 696 698 175 
509 185 213 699 700 
510 213 184 239 699 
511 699 239 187 701 
512 700 699 701 116 
513 160 257 702 262 
514 257 122 703 702 
515 702 703 190 704 
516 262 702 704 188 
517 189 263 705 706 
518 263 188 707 705 
519 705 707 191 271 
520 706 705 271 123 
521 117 317 708 293 
522 317 197 709 708 
523 708 709 199 710 
524 293 708 710 85 
525 200 320 711 296 
526 320 201 712 711 
527 711 712 117 713 
528 296 711 713 202 
529 191 715 714 272 
530 715 91 716 714 
531 714 716 205 278 
532 272 714 278 203 
533 250 718 717 290 
534 718 252 719 717 
535 717 719 152 312 
536 290 717 312 253 
537 91 721 720 716 
538 721 274 322 720 
539 720 322 273 299 
540 716 720 299 205 
541 273 325 722 300 
542 325 275 723 722 
543 722 723 200 724 
544 300 722 724 276 
545 122 291 725 703 
546 291 253 311 725 
547 725 311 286 726 
548 703 725 726 190 
549 286 314 727 728 
550 314 287 598 727 
551 727 598 155 323 
552 728 727 323 274 
553 190 726 729 730 
554 726 286 728 729 
555 729 728 274 721 
556 730 729 721 91 
557 90 732 731 695 
558 732 303 462 731 
559 731 462 302 434 
560 695 731 434 154 
561 152 734 733 313 
562 734 307 735 733 
563 733 735 306 599 
564 313 733 599 287 
565 201 443 736 712 
566 443 315 737 736 
567 736 737 317 738 
568 712 736 738 117 
569 155 601 739 324 
570 601 309 740 739 
571 739 740 318 741 
572 324 739 741 275 
573 275 741 742 723 
574 741 318 743 742 
575 742 743 320 744 
576 723 742 744 200 
577 389 432 745 619 
578 432 388 746 745 
579 745 746 392 747 
580 619 745 747 82 
581 434 750 748 749 
582 750 302 466 748 
583 748 466 435 446 
584 749 748 446 433 
585 438 752 751 468 
586 752 304 753 751 
587 751 753 439 473 
588 468 751 473 437 
589 436 448 754 755 
590 448 305 482 754 
591 754 482 442 756 
592 755 754 756 441 
593 440 475 757 483 
594 475 151 758 757 
595 757 758 450 759 
596 483 757 759 449 
597 304 761 760 753 
598 761 470 521 760 
599 760 521 469 492 
600 753 760 492 439 
601 151 494 762 758 
602 494 471 503 762 
603 762 503 489 763 
604 758 762 763 450 
605 513 612 764 765 
606 612 495 529 764 
607 764 529 507 766 
608 765 764 766 511 
609 541 768 767 559 
610 768 545 593 767 
611 767 593 548 769 
612 559 767 769 397 
613 542 560 770 576 
614 560 397 771 770 
615 770 771 554 772 
616 576 770 772 552 
617 563 573 773 774 
618 573 499 575 773 
619 773 575 553 775 
620 774 773 775 568 
621 383 591 776 777 
622 591 399 625 776 
623 776 625 586 778 
624 777 776 778 550 
625 397 769 779 771 
626 769 548 780 779 
627 779 780 589 781 
628 771 779 781 554 
629 548 596 782 780 
630 596 396 783 782 
631 782 783 590 784 
632 780 782 784 589 
633 589 784 785 786 
634 784 590 629 785 
635 785 629 399 787 
636 786 785 787 591 
637 554 781 788 789 
638 781 589 786 788 
639 788 786 591 790 
640 789 788 790 383 
641 396 792 791 783 
642 792 585 793 791 
643 791 793 618 630 
644 783 791 630 590 
645 82 747 794 626 
646 747 392 795 794 
647 794 795 621 796 
648 626 794 796 587 
649 28 348 797 646 
650 348 29 798 797 
651 797 798 3 799 
652 646 797 799 30 
653 44 351 800 658 
654 351 45 801 800 
655 800 801 28 802 
656 658 800 802 46 
657 60 354 803 670 
658 354 61 804 803 
659 803 804 44 805 
660 670 803 805 62 
661 76 357 806 682 
662 357 77 807 806 
663 806 807 60 808 
664 682 806 808 78 
665 112 360 809 691 
666 360 113 810 809 
667 809 810 76 811 
668 691 809 811 114 
669 188 704 812 707 
670 704 190 730 812 
671 812 730 91 715 
672 707 812 715 191 
673 197 379 813 709 
674 379 198 814 813 
675 813 814 112 815 
676 709 813 815 199 
677 315 451 816 737 
678 451 316 817 816 
679 816 817 197 818 
680 737 816 818 317 
681 198 372 819 814 
682 372 358 820 819 
683 819 820 360 821 
684 814 819 821 112 
685 316 490 822 817 
686 490 378 823 822 
687 822 823 379 824 
688 817 822 824 197 
689 501 555 825 826 
690 555 383 777 825 
691 825 777 550 827 
692 826 825 827 549 
693 552 772 828 829 
694 772 554 789 828 
695 828 789 383 830 
696 829 828 830 555 
697 553 577 831 832 
698 577 552 829 831 
699 831 829 555 833 
700 832 831 833 501 
701 368 569 834 835 
702 569 501 826 834 
703 834 826 549 836 
704 835 834 836 504 
705 568 775 837 838 
706 775 553 832 837 
707 837 832 501 839 
708 838 837 839 569 
709 547 841 840 595 
710 841 583 842 840 
711 840 842 585 792 
712 595 840 792 396 
713 252 844 843 719 
714 844 693 845 843 
715 843 845 307 734 
716 719 843 734 152 
717 378 395 846 823 
718 395 370 847 846 
719 846 847 198 848 
720 823 846 848 379 
721 498 510 849 850 
722 510 368 835 849 
723 849 835 504 851 
724 850 849 851 502 
