2 0.000000 100.000000 473.401889
739 613 
1 -23.548172 0.000000 -23.527179 98.470683 0.000000 17.367932 0.000188 
2 27.349144 0.000000 -23.527179 98.477620 0.000000 17.312547 0.000243 
3 27.349144 0.000000 23.780574 98.508914 0.000000 17.252482 -0.000165 
4 -23.548172 0.000000 23.780574 98.494425 0.000000 17.366477 -0.000275 
5 1.900486 0.000000 0.126698 96.780262 0.000000 -0.288396 0.063350 
6 -23.548172 0.000000 0.126698 98.483733 0.000000 17.380774 -0.000114 
7 1.900486 0.000000 -23.527179 98.450509 0.000000 17.332932 0.000707 
8 27.349144 0.000000 0.126698 98.687214 0.000000 16.168734 -0.000059 
9 1.900486 0.000000 23.780574 98.524006 0.000000 17.319485 -0.000694 
10 -10.823843 0.000000 -11.700240 98.439103 0.000000 17.377232 0.000777 
11 -23.548172 0.000000 -11.700240 98.471896 0.000000 17.375246 0.000139 
12 -10.823843 0.000000 -23.527179 98.458509 0.000000 17.360238 0.000454 
13 1.900486 0.000000 -11.700240 98.361857 0.000000 17.232334 0.002799 
14 -10.823843 0.000000 0.126698 98.492904 0.000000 17.429492 -0.000464 
15 14.624815 0.000000 -11.700240 98.470097 0.000000 17.166884 0.000894 
16 14.624815 0.000000 -23.527179 98.464874 0.000000 17.311730 0.000497 
17 27.349144 0.000000 -11.700240 98.494559 0.000000 17.213897 0.000250 
18 14.624815 0.000000 0.126698 98.967179 0.000000 14.540109 -0.000592 
19 -10.823843 0.000000 11.953636 98.537191 0.000000 17.371142 -0.001133 
20 -23.548172 0.000000 11.953636 98.494711 0.000000 17.374079 -0.000307 
21 1.900486 0.000000 11.953636 98.654931 0.000000 17.180680 -0.002797 
22 -10.823843 0.000000 23.780574 98.510019 0.000000 17.355866 -0.000545 
23 -4.461678 0.000000 -5.786771 98.310914 0.000000 17.404507 0.003205 
24 -10.823843 0.000000 -5.786771 98.443593 0.000000 17.407862 0.000583 
25 -4.461678 0.000000 -11.700240 98.390564 0.000000 17.345285 0.001844 
26 1.900486 0.000000 -5.786771 98.057565 0.000000 16.900406 0.009909 
27 -4.461678 0.000000 0.126698 98.522437 0.000000 17.623089 -0.001724 
28 14.624815 0.000000 11.953636 98.582677 0.000000 16.955718 -0.000604 
29 27.349144 0.000000 11.953636 98.597604 0.000000 16.735231 -0.000156 
30 14.624815 0.000000 23.780574 98.516261 0.000000 17.279364 -0.000403 
31 8.262650 0.000000 -5.786771 98.452194 0.000000 16.689720 0.002862 
32 8.262650 0.000000 -11.700240 98.425460 0.000000 17.156534 0.001808 
33 14.624815 0.000000 -5.786771 98.531743 0.000000 16.839592 0.000792 
34 8.262650 0.000000 0.126698 99.993995 0.000000 8.612911 -0.007298 
35 -4.461678 0.000000 6.040167 98.712036 0.000000 17.382730 -0.004623 
36 -10.823843 0.000000 6.040167 98.538751 0.000000 17.403165 -0.001276 
37 1.900486 0.000000 6.040167 99.067661 0.000000 16.752785 -0.009506 
38 -4.461678 0.000000 11.953636 98.599466 0.000000 17.327190 -0.002209 
39 -1.280596 0.000000 -2.830037 97.840765 0.000000 17.555952 0.011897 
40 -4.461678 0.000000 -2.830037 98.329073 0.000000 17.524623 0.002428 
41 -1.280596 0.000000 -5.786771 98.136597 0.000000 17.274646 0.007079 
42 1.900486 0.000000 -2.830037 97.145403 0.000000 15.998469 0.030682 
43 -1.280596 0.000000 0.126698 98.443723 0.000000 18.330252 -0.002716 
44 8.262650 0.000000 6.040167 98.785721 0.000000 16.146921 -0.001934 
45 14.624815 0.000000 6.040167 98.792965 0.000000 15.713120 -0.000695 
46 8.262650 0.000000 11.953636 98.614111 0.000000 17.036762 -0.001499 
47 5.081568 0.000000 -2.830037 98.358942 0.000000 15.376123 0.008909 
48 5.081568 0.000000 -5.786771 98.279669 0.000000 16.655030 0.006372 
49 8.262650 0.000000 -2.830037 98.641409 0.000000 15.873917 0.001789 
50 5.081568 0.000000 0.126698 100.813407 0.000000 -6.704864 -0.020830 
51 -1.280596 0.000000 3.083432 99.283764 0.000000 17.511618 -0.016392 
52 -4.461678 0.000000 3.083432 98.709245 0.000000 17.513721 -0.005025 
53 1.900486 0.000000 3.083432 100.178429 0.000000 15.840364 -0.028663 
54 -1.280596 0.000000 6.040167 98.929495 0.000000 17.223800 -0.008370 
55 0.309945 0.000000 -1.351669 95.971633 0.000000 18.176999 0.045904 
56 -1.280596 0.000000 -1.351669 97.917792 0.000000 18.071258 0.008554 
57 0.309945 0.000000 -2.830037 97.242166 0.000000 17.126656 0.025064 
58 1.900486 0.000000 -1.351669 95.228064 0.000000 13.677463 0.074454 
59 0.309945 0.000000 0.126698 99.270951 0.000000 0.000000 0.014528 
60 5.081568 0.000000 3.083432 99.193632 0.000000 14.700574 -0.005548 
61 8.262650 0.000000 3.083432 99.035780 0.000000 14.487951 -0.001799 
62 5.081568 0.000000 6.040167 98.906644 0.000000 16.340479 -0.004954 
63 3.491027 0.000000 -1.351669 97.822406 0.000000 12.666891 0.027033 
64 3.491027 0.000000 -2.830037 97.813459 0.000000 15.350251 0.019690 
65 5.081568 0.000000 -1.351669 98.835749 0.000000 13.343757 0.005344 
66 3.491027 0.000000 0.126698 99.604549 0.000000 -0.000000 0.007893 
67 0.309945 0.000000 1.605065 101.104603 0.000000 18.281849 -0.055637 
68 -1.280596 0.000000 1.605065 99.222191 0.000000 18.084099 -0.017208 
69 1.900486 0.000000 1.605065 102.127241 0.000000 14.446168 -0.063867 
70 0.309945 0.000000 3.083432 99.956105 0.000000 17.036671 -0.028147 
71 1.105215 0.000000 -0.612486 94.377828 0.000000 -0.733939 0.109229 
72 0.309945 0.000000 -0.612486 94.682705 0.000000 20.532854 0.061359 
73 1.105215 0.000000 -1.351669 94.605053 0.000000 16.170984 0.078838 
74 1.900486 0.000000 -0.612486 98.492749 0.000000 -0.337295 0.029906 
75 1.105215 0.000000 0.126698 88.253936 0.000000 -0.398529 0.221108 
76 3.491027 0.000000 1.605065 99.938084 0.000000 13.290829 -0.016427 
77 5.081568 0.000000 1.605065 99.084128 0.000000 13.399185 0.000280 
78 3.491027 0.000000 3.083432 99.641635 0.000000 14.987776 -0.015309 
79 2.695757 0.000000 -0.612486 96.799068 0.000000 8.074773 0.056474 
80 2.695757 0.000000 -1.351669 96.755597 0.000000 12.718414 0.047660 
81 3.491027 0.000000 -0.612486 98.565565 0.000000 8.749875 0.020827 
82 2.695757 0.000000 0.126698 98.602456 0.000000 0.000000 0.027756 
83 1.105215 0.000000 0.865882 93.442220 0.000000 -0.875245 0.126779 
84 0.309945 0.000000 0.865882 101.323459 0.000000 21.232661 -0.071727 
85 1.900486 0.000000 0.865882 98.907034 0.000000 -0.342880 0.021728 
86 1.105215 0.000000 1.605065 102.478898 0.000000 16.701573 -0.078087 
87 1.502851 0.000000 -0.242894 96.454220 0.000000 -0.533444 0.069630 
88 1.105215 0.000000 -0.242894 95.989808 0.000000 -0.582525 0.078562 
89 1.502851 0.000000 -0.612486 96.428573 0.000000 -0.537909 0.070124 
90 1.900486 0.000000 -0.242894 97.028846 0.000000 -0.472402 0.058518 
91 1.502851 0.000000 0.126698 91.323213 0.000000 -0.333998 0.165996 
92 -17.186007 0.000000 -5.786771 98.469574 0.000000 17.388716 0.000138 
93 -23.548172 0.000000 -5.786771 98.476507 0.000000 17.379244 0.000034 
94 -17.186007 0.000000 -11.700240 98.462350 0.000000 17.378385 0.000316 
95 -17.186007 0.000000 0.126698 98.486101 0.000000 17.393674 -0.000205 
96 -7.642761 0.000000 -2.830037 98.432222 0.000000 17.462955 0.000614 
97 -10.823843 0.000000 -2.830037 98.462607 0.000000 17.424858 0.000149 
98 -7.642761 0.000000 -5.786771 98.404638 0.000000 17.417017 0.001317 
99 -7.642761 0.000000 0.126698 98.502589 0.000000 17.486148 -0.000853 
100 -2.871137 0.000000 -1.351669 98.289687 0.000000 17.734487 0.002463 
101 -4.461678 0.000000 -1.351669 98.403914 0.000000 17.595237 0.000708 
102 -2.871137 0.000000 -2.830037 98.178835 0.000000 17.568421 0.005227 
103 -2.871137 0.000000 0.126698 98.533821 0.000000 17.824222 -0.002662 
104 -0.485326 0.000000 -0.612486 98.264146 0.000000 18.895948 -0.001290 
105 -1.280596 0.000000 -0.612486 98.196831 0.000000 18.255253 0.002413 
106 -0.485326 0.000000 -1.351669 97.395986 0.000000 18.333222 0.017791 
107 -0.485326 0.000000 0.126698 97.472728 0.000000 18.051616 0.017321 
108 0.707580 0.000000 -0.242894 93.977307 0.000000 -0.789674 0.116764 
109 0.309945 0.000000 -0.242894 90.884945 0.000000 18.474333 0.139863 
110 0.707580 0.000000 -0.612486 91.891914 0.000000 18.328969 0.121993 
111 0.707580 0.000000 0.126698 96.018594 0.000000 -0.314275 0.078033 
112 2.695757 0.000000 0.865882 101.343607 0.000000 9.708798 -0.036479 
113 3.491027 0.000000 0.865882 100.701495 0.000000 6.897529 -0.018837 
114 2.695757 0.000000 1.605065 100.861713 0.000000 13.451497 -0.035403 
115 1.502851 0.000000 0.496290 96.448571 0.000000 -0.534659 0.069739 
116 1.105215 0.000000 0.496290 95.750580 0.000000 -0.599437 0.083147 
117 1.900486 0.000000 0.496290 97.680095 0.000000 -0.396226 0.045844 
118 1.502851 0.000000 0.865882 97.272718 0.000000 -0.376637 0.053788 
119 1.304033 0.000000 -0.058098 76.352659 0.000000 -0.265352 0.417020 
120 1.105215 0.000000 -0.058098 81.653881 0.000000 -0.261544 0.333258 
121 1.304033 0.000000 -0.242894 96.184368 0.000000 -0.560962 0.074825 
122 1.502851 0.000000 -0.058098 88.539623 0.000000 -0.253709 0.216067 
123 1.304033 0.000000 0.126698 84.068779 0.000000 -0.393449 0.293229 
124 2.298121 0.000000 -0.242894 98.659799 0.000000 -0.335419 0.026613 
125 2.298121 0.000000 -0.612486 95.288429 0.000000 8.072390 0.085495 
126 2.695757 0.000000 -0.242894 97.086562 0.000000 0.991760 0.057322 
127 2.298121 0.000000 0.126698 98.408802 0.000000 -0.121483 0.031569 
128 1.701668 0.000000 -0.058098 93.441244 0.000000 -0.236200 0.126868 
129 1.701668 0.000000 -0.242894 96.698636 0.000000 -0.510727 0.064911 
130 1.900486 0.000000 -0.058098 96.559748 0.000000 -0.216740 0.067617 
131 1.701668 0.000000 0.126698 94.730184 0.000000 -0.310754 0.102610 
132 2.298121 0.000000 0.496290 98.765977 0.000000 -0.336059 0.024517 
133 2.695757 0.000000 0.496290 102.472125 0.000000 -3.929889 -0.051598 
134 2.298121 0.000000 0.865882 102.435053 0.000000 10.677247 -0.060694 
135 2.099304 0.000000 -0.058098 98.012796 0.000000 -0.117590 0.039348 
136 2.099304 0.000000 -0.242894 98.352198 0.000000 -0.344075 0.032673 
137 2.298121 0.000000 -0.058098 98.341602 0.000000 -0.081257 0.032892 
138 2.099304 0.000000 0.126698 98.073309 0.000000 -0.167176 0.038160 
139 20.986979 0.000000 -5.786771 98.534725 0.000000 16.953811 0.000348 
140 20.986979 0.000000 -11.700240 98.488483 0.000000 17.191227 0.000448 
141 27.349144 0.000000 -5.786771 98.529872 0.000000 17.030843 0.000181 
142 20.986979 0.000000 0.126698 98.778314 0.000000 15.636882 -0.000167 
143 11.443733 0.000000 -2.830037 98.638636 0.000000 16.154106 0.000946 
144 11.443733 0.000000 -5.786771 98.510947 0.000000 16.757413 0.001478 
145 14.624815 0.000000 -2.830037 98.631016 0.000000 16.346264 0.000472 
146 11.443733 0.000000 0.126698 99.187595 0.000000 13.271210 -0.001430 
147 6.672109 0.000000 -1.351669 99.041794 0.000000 14.323661 -0.001444 
148 6.672109 0.000000 -2.830037 98.589163 0.000000 15.641152 0.003553 
149 8.262650 0.000000 -1.351669 98.900575 0.000000 14.882760 -0.000282 
150 6.672109 0.000000 0.126698 102.671662 0.000000 -3.080652 -0.055096 
151 4.286298 0.000000 -0.612486 99.110167 0.000000 9.732145 0.008246 
152 4.286298 0.000000 -1.351669 98.461231 0.000000 12.934509 0.013808 
153 5.081568 0.000000 -0.612486 99.496892 0.000000 10.529675 -0.001051 
154 4.286298 0.000000 0.126698 100.172348 0.000000 -5.316288 -0.006276 
155 3.093392 0.000000 -0.242894 98.633539 0.000000 1.265614 0.026982 
156 3.093392 0.000000 -0.612486 97.800007 0.000000 8.359344 0.036528 
157 3.491027 0.000000 -0.242894 100.946839 0.000000 2.666980 -0.019738 
158 3.093392 0.000000 0.126698 99.019542 0.000000 0.000000 0.019513 
159 2.496939 0.000000 -0.058098 98.510305 0.000000 -0.050953 0.029572 
160 2.496939 0.000000 -0.242894 98.939363 0.000000 -0.347079 0.021088 
161 2.695757 0.000000 -0.058098 98.590623 0.000000 0.000000 0.027989 
162 2.496939 0.000000 0.126698 98.558593 0.000000 -0.090191 0.028620 
163 20.986979 0.000000 6.040167 98.892530 0.000000 15.060539 -0.000655 
164 27.349144 0.000000 6.040167 99.004673 0.000000 14.402933 -0.000937 
165 20.986979 0.000000 11.953636 98.582005 0.000000 16.862230 -0.000275 
166 11.443733 0.000000 3.083432 99.035987 0.000000 14.325220 -0.001334 
167 14.624815 0.000000 3.083432 99.639604 0.000000 10.835710 -0.004546 
168 11.443733 0.000000 6.040167 98.775422 0.000000 15.942659 -0.001075 
169 6.672109 0.000000 1.605065 99.893944 0.000000 9.375315 -0.006670 
170 8.262650 0.000000 1.605065 101.174966 0.000000 2.335780 -0.024183 
171 6.672109 0.000000 3.083432 99.038797 0.000000 14.617879 -0.002237 
172 4.286298 0.000000 0.865882 101.102862 0.000000 3.081601 -0.023128 
173 5.081568 0.000000 0.865882 101.335242 0.000000 2.026903 -0.027294 
174 4.286298 0.000000 1.605065 99.373140 0.000000 13.438802 -0.005562 
175 3.093392 0.000000 0.496290 101.674872 0.000000 -1.995255 -0.034176 
176 3.491027 0.000000 0.496290 100.989865 0.000000 -0.889690 -0.019974 
177 3.093392 0.000000 0.865882 100.877628 0.000000 8.473113 -0.024809 
178 2.894574 0.000000 -0.058098 98.790333 0.000000 0.000000 0.024047 
179 2.894574 0.000000 -0.242894 97.857751 0.000000 1.044454 0.042277 
180 3.093392 0.000000 -0.058098 99.183257 0.000000 -0.000000 0.016268 
181 2.894574 0.000000 0.126698 98.788775 0.000000 0.000000 0.024078 
182 3.888662 0.000000 -0.242894 100.328534 0.000000 4.940179 -0.009022 
183 3.888662 0.000000 -0.612486 98.974226 0.000000 9.318929 0.011726 
184 4.286298 0.000000 -0.242894 99.624593 0.000000 5.203919 0.004786 
185 3.888662 0.000000 0.126698 99.731570 0.000000 0.000000 0.005361 
186 3.888662 0.000000 0.496290 100.961285 0.000000 -0.725620 -0.019371 
187 4.286298 0.000000 0.496290 101.139251 0.000000 1.113129 -0.023039 
188 3.888662 0.000000 0.865882 100.738876 0.000000 5.253800 -0.017592 
189 3.689845 0.000000 -0.058098 99.626100 0.000000 -0.000000 0.007464 
190 3.491027 0.000000 -0.058098 99.594873 0.000000 -0.000000 0.008086 
191 3.689845 0.000000 -0.242894 101.144311 0.000000 3.990259 -0.024609 
192 3.888662 0.000000 -0.058098 99.717594 0.000000 0.000000 0.005640 
193 3.689845 0.000000 0.126698 99.677752 0.000000 -0.000000 0.006435 
194 1.701668 0.000000 0.311494 96.734412 0.000000 -0.507043 0.064220 
195 1.502851 0.000000 0.311494 96.463517 0.000000 -0.531999 0.069451 
196 1.900486 0.000000 0.311494 96.885170 0.000000 -0.494580 0.061302 
197 1.701668 0.000000 0.496290 96.658303 0.000000 -0.514976 0.065691 
198 1.801077 0.000000 0.034300 97.177666 0.000000 -0.282705 0.055642 
199 1.701668 0.000000 0.034300 95.762069 0.000000 -0.267849 0.082955 
200 1.801077 0.000000 -0.058098 94.873273 0.000000 -0.224452 0.099901 
201 1.900486 0.000000 0.034300 96.532855 0.000000 -0.204406 0.068137 
202 1.801077 0.000000 0.126698 95.902761 0.000000 -0.335911 0.080255 
203 2.099304 0.000000 0.311494 98.169382 0.000000 -0.355946 0.036265 
204 2.298121 0.000000 0.311494 98.661977 0.000000 -0.335486 0.026570 
205 2.099304 0.000000 0.496290 98.342044 0.000000 -0.344206 0.032872 
206 1.999895 0.000000 0.034300 97.384420 0.000000 -0.130475 0.051626 
207 1.999895 0.000000 -0.058098 97.287200 0.000000 -0.158037 0.053518 
208 2.099304 0.000000 0.034300 98.007089 0.000000 -0.110393 0.039460 
209 1.999895 0.000000 0.126698 97.460280 0.000000 -0.253559 0.050143 
210 1.801077 0.000000 0.219096 96.863920 0.000000 -0.495639 0.061714 
211 1.701668 0.000000 0.219096 96.766021 0.000000 -0.503780 0.063608 
212 1.900486 0.000000 0.219096 96.922734 0.000000 -0.491098 0.060574 
213 1.801077 0.000000 0.311494 96.826796 0.000000 -0.499221 0.062432 
214 1.850782 0.000000 0.080499 95.904720 0.000000 -0.233959 0.080223 
215 1.801077 0.000000 0.080499 94.963272 0.000000 -0.243848 0.098192 
216 1.850782 0.000000 0.034300 95.909519 0.000000 -0.167027 0.080134 
217 1.900486 0.000000 0.080499 96.608108 0.000000 -0.233613 0.066682 
218 1.850782 0.000000 0.126698 96.608827 0.000000 -0.383986 0.066659 
219 1.602260 0.000000 0.034300 94.157561 0.000000 -0.276791 0.113428 
220 1.502851 0.000000 0.034300 91.773666 0.000000 -0.286544 0.157751 
221 1.602260 0.000000 -0.058098 90.500025 0.000000 -0.244656 0.180969 
222 1.602260 0.000000 0.126698 93.375910 0.000000 -0.359170 0.128081 
223 1.751373 0.000000 0.080499 96.672908 0.000000 -0.299892 0.065426 
224 1.701668 0.000000 0.080499 95.882072 0.000000 -0.282509 0.080655 
225 1.751373 0.000000 0.034300 96.749659 0.000000 -0.279744 0.063943 
226 1.751373 0.000000 0.126698 94.892077 0.000000 -0.303672 0.099540 
227 -4.461678 0.000000 -17.613710 98.432766 0.000000 17.344052 0.001017 
228 -10.823843 0.000000 -17.613710 98.449375 0.000000 17.364135 0.000621 
229 -4.461678 0.000000 -23.527179 98.451996 0.000000 17.348860 0.000622 
230 1.900486 0.000000 -17.613710 98.427375 0.000000 17.307975 0.001249 
231 -1.280596 0.000000 -8.743506 98.286446 0.000000 17.272961 0.004142 
232 -4.461678 0.000000 -8.743506 98.351678 0.000000 17.357524 0.002566 
233 -1.280596 0.000000 -11.700240 98.367615 0.000000 17.295583 0.002468 
234 1.900486 0.000000 -8.743506 98.278228 0.000000 17.130864 0.004792 
235 0.309945 0.000000 -4.308404 97.792625 0.000000 17.052868 0.014580 
236 -1.280596 0.000000 -4.308404 97.997986 0.000000 17.332878 0.009597 
237 0.309945 0.000000 -5.786771 98.060882 0.000000 17.104856 0.009149 
238 1.900486 0.000000 -4.308404 97.783541 0.000000 16.613998 0.016235 
239 1.105215 0.000000 -2.090853 96.258088 0.000000 16.423329 0.046465 
240 0.309945 0.000000 -2.090853 96.728710 0.000000 17.385511 0.034130 
241 1.105215 0.000000 -2.830037 97.058211 0.000000 16.592810 0.030438 
242 1.900486 0.000000 -2.090853 96.477242 0.000000 15.314603 0.045760 
243 1.502851 0.000000 -0.982078 93.136879 0.000000 13.649896 0.113920 
244 1.105215 0.000000 -0.982078 92.950312 0.000000 15.910435 0.110710 
245 1.502851 0.000000 -1.351669 94.668845 0.000000 14.799397 0.081879 
246 1.900486 0.000000 -0.982078 94.271307 0.000000 11.993836 0.096907 
247 1.701668 0.000000 -0.427690 96.623790 0.000000 -0.518574 0.066357 
248 1.502851 0.000000 -0.427690 96.439424 0.000000 -0.536021 0.069915 
249 1.701668 0.000000 -0.612486 97.807366 0.000000 -0.380139 0.043357 
250 1.900486 0.000000 -0.427690 97.889552 0.000000 -0.376023 0.041749 
251 1.801077 0.000000 -0.150496 96.574375 0.000000 -0.403779 0.067323 
252 1.701668 0.000000 -0.150496 95.173081 0.000000 -0.415275 0.094191 
253 1.801077 0.000000 -0.242894 96.784937 0.000000 -0.503279 0.063242 
254 1.900486 0.000000 -0.150496 96.614796 0.000000 -0.397529 0.066542 
255 1.850782 0.000000 -0.011899 95.761391 0.000000 -0.109885 0.082974 
256 1.801077 0.000000 -0.011899 95.011300 0.000000 -0.177656 0.097282 
257 1.850782 0.000000 -0.058098 95.828262 0.000000 -0.210159 0.081690 
258 1.900486 0.000000 -0.011899 96.499497 0.000000 -0.194668 0.068781 
259 1.825929 0.000000 0.057399 97.869030 0.000000 -0.305012 0.042156 
260 1.801077 0.000000 0.057399 97.760922 0.000000 -0.307485 0.044271 
261 1.825929 0.000000 0.034300 96.841287 0.000000 -0.250299 0.062170 
262 1.850782 0.000000 0.057399 97.695561 0.000000 -0.295703 0.045549 
263 1.825929 0.000000 0.080499 95.848922 0.000000 -0.237491 0.081293 
264 1.751373 0.000000 -0.011899 93.910193 0.000000 -0.203533 0.118083 
265 1.701668 0.000000 -0.011899 93.000748 0.000000 -0.211235 0.135082 
266 1.751373 0.000000 -0.058098 94.423056 0.000000 -0.256713 0.108422 
267 1.825929 0.000000 0.011200 95.248248 0.000000 -0.134354 0.092775 
268 1.801077 0.000000 0.011200 95.016890 0.000000 -0.177907 0.097176 
269 1.825929 0.000000 -0.011899 95.242528 0.000000 -0.135123 0.092884 
270 1.850782 0.000000 0.011200 95.757434 0.000000 -0.107690 0.083050 
271 1.999895 0.000000 0.219096 97.547900 0.000000 -0.413380 0.048424 
272 2.099304 0.000000 0.219096 98.179581 0.000000 -0.355644 0.036064 
273 1.999895 0.000000 0.311494 97.754151 0.000000 -0.392030 0.044397 
274 1.950190 0.000000 0.080499 96.837072 0.000000 -0.251913 0.062252 
275 1.950190 0.000000 0.034300 96.913858 0.000000 -0.205148 0.060766 
276 1.999895 0.000000 0.080499 97.281066 0.000000 -0.174256 0.053636 
277 1.950190 0.000000 0.126698 96.843874 0.000000 -0.281796 0.062118 
278 1.875634 0.000000 0.057399 96.499477 0.000000 -0.216874 0.068780 
279 1.875634 0.000000 0.034300 96.029010 0.000000 -0.178441 0.077840 
280 1.900486 0.000000 0.057399 96.572648 0.000000 -0.218478 0.067368 
281 1.875634 0.000000 0.080499 96.559028 0.000000 -0.235662 0.067630 
282 1.838355 0.000000 0.045850 98.232199 0.000000 -0.316622 0.035033 
283 1.825929 0.000000 0.045850 98.142953 0.000000 -0.313720 0.036786 
284 1.838355 0.000000 0.034300 95.271552 0.000000 -0.167445 0.092330 
285 1.850782 0.000000 0.045850 97.786746 0.000000 -0.286909 0.043767 
286 1.838355 0.000000 0.057399 98.138409 0.000000 -0.315412 0.036875 
287 1.776225 0.000000 0.057399 97.541199 0.000000 -0.299638 0.048562 
288 1.751373 0.000000 0.057399 97.073242 0.000000 -0.299734 0.057670 
289 1.776225 0.000000 0.034300 96.671066 0.000000 -0.273660 0.065463 
290 1.776225 0.000000 0.080499 96.293857 0.000000 -0.293783 0.072741 
291 -17.186007 0.000000 6.040167 98.501893 0.000000 17.387156 -0.000494 
292 -23.548172 0.000000 6.040167 98.490717 0.000000 17.378566 -0.000244 
293 -17.186007 0.000000 11.953636 98.507419 0.000000 17.375934 -0.000563 
294 -7.642761 0.000000 3.083432 98.570296 0.000000 17.456861 -0.002085 
295 -10.823843 0.000000 3.083432 98.522070 0.000000 17.422199 -0.001013 
296 -7.642761 0.000000 6.040167 98.592482 0.000000 17.408933 -0.002355 
297 -2.871137 0.000000 1.605065 98.789750 0.000000 17.735147 -0.007395 
298 -4.461678 0.000000 1.605065 98.639802 0.000000 17.588311 -0.003916 
299 -2.871137 0.000000 3.083432 98.898139 0.000000 17.543561 -0.008862 
300 -0.485326 0.000000 0.865882 98.958925 0.000000 19.348617 -0.016724 
301 -1.280596 0.000000 0.865882 98.852090 0.000000 18.353666 -0.010859 
302 -0.485326 0.000000 1.605065 99.797793 0.000000 18.363611 -0.029682 
303 0.707580 0.000000 0.496290 93.696809 0.000000 -0.833108 0.122021 
304 0.309945 0.000000 0.496290 101.383415 0.000000 22.088090 -0.076648 
305 0.707580 0.000000 0.865882 103.832875 0.000000 20.802556 -0.121401 
306 1.304033 0.000000 0.311494 96.161253 0.000000 -0.562890 0.075270 
307 1.105215 0.000000 0.311494 95.949248 0.000000 -0.586655 0.079340 
308 1.304033 0.000000 0.496290 96.219977 0.000000 -0.557870 0.074140 
309 1.403442 0.000000 0.034300 88.158827 0.000000 -0.332231 0.222791 
310 1.304033 0.000000 0.034300 84.898025 0.000000 -0.426804 0.279214 
311 1.403442 0.000000 -0.058098 82.087263 0.000000 -0.261964 0.326161 
312 1.403442 0.000000 0.126698 84.942481 0.000000 -0.344406 0.278466 
313 1.403442 0.000000 0.219096 96.298271 0.000000 -0.547948 0.072634 
314 1.304033 0.000000 0.219096 96.136187 0.000000 -0.565041 0.075751 
315 1.502851 0.000000 0.219096 96.469830 0.000000 -0.530850 0.069329 
316 1.403442 0.000000 0.311494 96.308240 0.000000 -0.547471 0.072442 
317 1.453146 0.000000 0.080499 89.976678 0.000000 -0.308866 0.190410 
318 1.403442 0.000000 0.080499 88.427119 0.000000 -0.344433 0.218053 
319 1.453146 0.000000 0.034300 89.720280 0.000000 -0.281322 0.195019 
320 1.502851 0.000000 0.080499 92.414575 0.000000 -0.307372 0.145945 
321 1.453146 0.000000 0.126698 93.796857 0.000000 -0.419088 0.120197 
322 0.906398 0.000000 -0.058098 92.333204 0.000000 -0.233368 0.147452 
323 0.707580 0.000000 -0.058098 96.545574 0.000000 -0.199592 0.067891 
324 0.906398 0.000000 -0.242894 94.817767 0.000000 -0.686869 0.100912 
325 0.906398 0.000000 0.126698 95.294577 0.000000 -0.478727 0.091871 
326 1.204624 0.000000 0.034300 85.607386 0.000000 -0.589463 0.267103 
327 1.105215 0.000000 0.034300 81.797150 0.000000 -0.221785 0.330918 
328 1.204624 0.000000 -0.058098 76.656934 0.000000 -0.269009 0.412364 
329 1.204624 0.000000 0.126698 83.300666 0.000000 -0.356225 0.306087 
330 0.906398 0.000000 0.311494 95.024972 0.000000 -0.667058 0.096981 
331 0.707580 0.000000 0.311494 94.264913 0.000000 -0.751641 0.111356 
332 0.906398 0.000000 0.496290 94.589827 0.000000 -0.711051 0.105226 
333 1.204624 0.000000 0.219096 96.002166 0.000000 -0.579929 0.078325 
334 1.105215 0.000000 0.219096 95.908231 0.000000 -0.590890 0.080126 
335 1.204624 0.000000 0.311494 96.038197 0.000000 -0.576425 0.077633 
336 1.254329 0.000000 0.080499 82.331814 0.000000 -0.415793 0.322130 
337 1.204624 0.000000 0.080499 83.230947 0.000000 -0.452329 0.307240 
338 1.254329 0.000000 0.034300 80.290520 0.000000 -0.389359 0.355328 
339 1.304033 0.000000 0.080499 83.767127 0.000000 -0.383364 0.298292 
340 1.254329 0.000000 0.126698 86.683206 0.000000 -0.457059 0.248581 
341 1.005807 0.000000 0.034300 88.981965 0.000000 -0.244353 0.208215 
342 0.906398 0.000000 0.034300 92.552023 0.000000 -0.212688 0.143408 
343 1.005807 0.000000 -0.058098 89.356133 0.000000 -0.256988 0.201542 
344 1.005807 0.000000 0.126698 91.857982 0.000000 -0.346979 0.156199 
345 1.154920 0.000000 0.080499 81.889191 0.000000 -0.319523 0.329406 
346 1.105215 0.000000 0.080499 82.391778 0.000000 -0.287491 0.321151 
347 1.154920 0.000000 0.034300 80.086071 0.000000 -0.262746 0.358615 
348 1.154920 0.000000 0.126698 83.655071 0.000000 -0.354570 0.300170 
349 1.304033 0.000000 -0.427690 96.240660 0.000000 -0.556164 0.073743 
350 1.105215 0.000000 -0.427690 95.406989 0.000000 -0.626613 0.089711 
351 1.304033 0.000000 -0.612486 95.560738 0.000000 -0.608493 0.086778 
352 1.204624 0.000000 -0.150496 87.652253 0.000000 -0.471386 0.231686 
353 1.105215 0.000000 -0.150496 92.628437 0.000000 -0.471568 0.141975 
354 1.204624 0.000000 -0.242894 96.072892 0.000000 -0.573106 0.076967 
355 1.304033 0.000000 -0.150496 87.842514 0.000000 -0.461273 0.228348 
356 1.154920 0.000000 -0.011899 79.647493 0.000000 -0.253341 0.365621 
357 1.105215 0.000000 -0.011899 81.432173 0.000000 -0.203067 0.336876 
358 1.154920 0.000000 -0.058098 80.834788 0.000000 -0.296786 0.346565 
359 1.204624 0.000000 -0.011899 74.564321 0.000000 -0.243342 0.444010 
360 1.179772 0.000000 0.057399 88.422559 0.000000 -0.752368 0.218088 
361 1.154920 0.000000 0.057399 90.231399 0.000000 -0.882864 0.185752 
362 1.179772 0.000000 0.034300 84.215047 0.000000 -0.556066 0.290752 
363 1.204624 0.000000 0.057399 87.376071 0.000000 -0.638434 0.236501 
364 1.179772 0.000000 0.080499 81.376134 0.000000 -0.320040 0.337782 
365 1.005807 0.000000 0.219096 95.572896 0.000000 -0.619634 0.086544 
366 0.906398 0.000000 0.219096 95.000096 0.000000 -0.670281 0.097453 
367 1.005807 0.000000 0.311494 95.442945 0.000000 -0.629044 0.089025 
368 1.055511 0.000000 0.080499 87.019931 0.000000 -0.257013 0.242747 
369 1.005807 0.000000 0.080499 89.814848 0.000000 -0.279217 0.193322 
370 1.055511 0.000000 0.034300 85.293948 0.000000 -0.199301 0.272490 
371 1.055511 0.000000 0.126698 92.088496 0.000000 -0.462726 0.151949 
372 1.130068 0.000000 0.057399 81.322751 0.000000 -0.272303 0.338654 
373 1.105215 0.000000 0.057399 81.793773 0.000000 -0.265800 0.330971 
374 1.130068 0.000000 0.034300 80.778190 0.000000 -0.256146 0.347482 
375 1.130068 0.000000 0.080499 81.989037 0.000000 -0.290042 0.327771 
376 1.254329 0.000000 -0.011899 63.796940 0.000000 -0.133343 0.592993 
377 1.254329 0.000000 -0.058098 73.702138 0.000000 -0.255272 0.456793 
378 1.304033 0.000000 -0.011899 72.602087 0.000000 -0.213291 0.472889 
379 1.179772 0.000000 0.011200 76.385813 0.000000 -0.253936 0.416514 
380 1.154920 0.000000 0.011200 79.678939 0.000000 -0.254224 0.365120 
381 1.179772 0.000000 -0.011899 76.347111 0.000000 -0.253053 0.417105 
382 1.204624 0.000000 0.011200 74.598833 0.000000 -0.244144 0.443495 
383 1.167346 0.000000 0.045850 89.972068 0.000000 -0.856132 0.190429 
384 1.154920 0.000000 0.045850 90.696932 0.000000 -0.917293 0.177323 
385 1.167346 0.000000 0.034300 86.768582 0.000000 -0.691953 0.247073 
386 1.179772 0.000000 0.045850 88.629654 0.000000 -0.763507 0.214420 
387 1.167346 0.000000 0.057399 89.814007 0.000000 -0.815769 0.193278 
388 3.292209 0.000000 -0.058098 99.497032 0.000000 -0.000000 0.010034 
389 3.292209 0.000000 -0.242894 99.609491 0.000000 1.709847 0.007503 
390 3.292209 0.000000 0.126698 99.513951 0.000000 -0.000000 0.009697 
391 3.689845 0.000000 0.311494 99.031769 0.000000 3.147983 0.018280 
392 3.491027 0.000000 0.311494 99.173759 0.000000 1.673984 0.016176 
393 3.888662 0.000000 0.311494 99.555144 0.000000 4.246649 0.007074 
394 3.689845 0.000000 0.496290 100.870465 0.000000 -0.859547 -0.017559 
395 3.590436 0.000000 0.034300 99.594047 0.000000 -0.000000 0.008103 
396 3.491027 0.000000 0.034300 99.600607 0.000000 -0.000000 0.007972 
397 3.590436 0.000000 -0.058098 99.611245 0.000000 -0.000000 0.007760 
398 3.689845 0.000000 0.034300 99.629333 0.000000 -0.000000 0.007400 
399 3.590436 0.000000 0.126698 99.637903 0.000000 -0.000000 0.007229 
400 3.292209 0.000000 0.311494 99.941738 0.000000 0.346430 0.001153 
401 3.093392 0.000000 0.311494 100.517790 0.000000 -0.906697 -0.010465 
402 3.292209 0.000000 0.496290 101.309749 0.000000 -1.140161 -0.026497 
403 3.391618 0.000000 0.034300 99.559133 0.000000 -0.000000 0.008798 
404 3.292209 0.000000 0.034300 99.487002 0.000000 -0.000000 0.010234 
405 3.391618 0.000000 -0.058098 99.557639 0.000000 0.000000 0.008828 
406 3.391618 0.000000 0.126698 99.540985 0.000000 -0.000000 0.009159 
407 8.262650 0.000000 -17.613710 98.442745 0.000000 17.278083 0.001049 
408 8.262650 0.000000 -23.527179 98.456104 0.000000 17.318888 0.000645 
409 14.624815 0.000000 -17.613710 98.462592 0.000000 17.269478 0.000688 
410 5.081568 0.000000 -8.743506 98.341342 0.000000 17.023739 0.003917 
411 5.081568 0.000000 -11.700240 98.391216 0.000000 17.178915 0.002405 
412 8.262650 0.000000 -8.743506 98.415944 0.000000 17.000849 0.002527 
413 3.491027 0.000000 -4.308404 98.009988 0.000000 16.298190 0.012841 
414 3.491027 0.000000 -5.786771 98.152714 0.000000 16.731149 0.008611 
415 5.081568 0.000000 -4.308404 98.267171 0.000000 16.222179 0.008040 
416 4.286298 0.000000 -2.090853 98.208188 0.000000 14.443430 0.014654 
417 3.491027 0.000000 -2.090853 97.736572 0.000000 14.385095 0.024063 
418 4.286298 0.000000 -2.830037 98.116889 0.000000 15.298638 0.013903 
419 5.081568 0.000000 -2.090853 98.510405 0.000000 14.614017 0.008213 
420 3.888662 0.000000 -0.982078 98.426856 0.000000 11.412261 0.018191 
421 3.491027 0.000000 -0.982078 98.016185 0.000000 11.197025 0.026745 
422 3.888662 0.000000 -1.351669 98.178769 0.000000 12.762524 0.019805 
423 4.286298 0.000000 -0.982078 98.718393 0.000000 11.692351 0.011797 
424 3.689845 0.000000 -0.427690 99.534202 0.000000 7.254310 0.004032 
425 3.491027 0.000000 -0.427690 99.241992 0.000000 6.657623 0.010670 
426 3.689845 0.000000 -0.612486 98.839064 0.000000 9.060786 0.014874 
427 3.888662 0.000000 -0.427690 99.483559 0.000000 7.727320 0.004331 
428 3.590436 0.000000 -0.150496 99.633575 0.000000 -0.000000 0.007315 
429 3.491027 0.000000 -0.150496 99.610278 0.000000 -0.000000 0.007779 
430 3.590436 0.000000 -0.242894 101.241453 0.000000 3.362320 -0.026114 
431 3.689845 0.000000 -0.150496 99.679591 0.000000 -0.000000 0.006398 
432 3.540732 0.000000 -0.011899 99.623309 0.000000 -0.000000 0.007520 
433 3.491027 0.000000 -0.011899 99.605856 0.000000 -0.000000 0.007867 
434 3.540732 0.000000 -0.058098 99.617942 0.000000 -0.000000 0.007627 
435 3.590436 0.000000 -0.011899 99.596315 0.000000 -0.000000 0.008057 
436 3.540732 0.000000 0.034300 99.618183 0.000000 -0.000000 0.007622 
437 5.876839 0.000000 -0.612486 99.783912 0.000000 11.599687 -0.009138 
438 5.876839 0.000000 -1.351669 99.036157 0.000000 13.855187 -0.000013 
439 6.672109 0.000000 -0.612486 99.592131 0.000000 12.695044 -0.007976 
440 5.876839 0.000000 0.126698 102.057600 0.000000 -6.820136 -0.046227 
441 4.683933 0.000000 -0.242894 99.764552 0.000000 5.657835 0.001502 
442 4.683933 0.000000 -0.612486 99.296274 0.000000 10.114300 0.003795 
443 5.081568 0.000000 -0.242894 100.014034 0.000000 6.239220 -0.004173 
444 4.683933 0.000000 0.126698 100.440406 0.000000 -6.067317 -0.012509 
445 4.087480 0.000000 -0.058098 99.925441 0.000000 -3.914024 -0.000041 
446 4.087480 0.000000 -0.242894 99.728316 0.000000 5.113501 0.002812 
447 4.286298 0.000000 -0.058098 99.969984 0.000000 -3.774902 -0.000825 
448 4.087480 0.000000 0.126698 99.798764 0.000000 -4.795970 0.001721 
449 3.789254 0.000000 0.034300 99.710204 0.000000 0.000000 0.005788 
450 3.789254 0.000000 -0.058098 99.710584 0.000000 0.000000 0.005780 
451 3.888662 0.000000 0.034300 99.717353 0.000000 0.000000 0.005645 
452 3.789254 0.000000 0.126698 99.717961 0.000000 0.000000 0.005633 
453 3.640140 0.000000 -0.011899 99.622459 0.000000 -0.000000 0.007537 
454 3.640140 0.000000 -0.058098 99.594729 0.000000 -0.000000 0.008089 
455 3.689845 0.000000 -0.011899 99.631975 0.000000 -0.000000 0.007347 
456 3.640140 0.000000 0.034300 99.610067 0.000000 -0.000000 0.007783 
457 3.590436 0.000000 0.219096 97.541115 0.000000 -0.099450 0.048572 
458 3.491027 0.000000 0.219096 97.762635 0.000000 -1.007450 0.044145 
459 3.689845 0.000000 0.219096 97.775419 0.000000 0.664862 0.043953 
460 3.590436 0.000000 0.311494 98.986370 0.000000 2.423094 0.019583 
461 3.540732 0.000000 0.080499 99.620890 0.000000 -0.000000 0.007568 
462 3.491027 0.000000 0.080499 99.599557 0.000000 -0.000000 0.007993 
463 3.590436 0.000000 0.080499 99.629828 0.000000 -0.000000 0.007390 
464 3.540732 0.000000 0.126698 99.611708 0.000000 -0.000000 0.007751 
465 3.565584 0.000000 0.011200 99.610681 0.000000 -0.000000 0.007771 
466 3.540732 0.000000 0.011200 99.623446 0.000000 -0.000000 0.007517 
467 3.565584 0.000000 -0.011899 99.610666 0.000000 -0.000000 0.007772 
468 3.590436 0.000000 0.011200 99.596356 0.000000 -0.000000 0.008057 
469 3.565584 0.000000 0.034300 99.609819 0.000000 -0.000000 0.007788 
470 2.695757 0.000000 -2.090853 97.121643 0.000000 14.620070 0.035364 
471 2.695757 0.000000 -2.830037 97.451062 0.000000 15.561053 0.026114 
472 3.093392 0.000000 -0.982078 97.451927 0.000000 11.043609 0.038116 
473 2.695757 0.000000 -0.982078 96.672922 0.000000 10.973479 0.053393 
474 3.093392 0.000000 -1.351669 97.337999 0.000000 12.607135 0.036637 
475 3.292209 0.000000 -0.427690 98.682057 0.000000 6.242583 0.022288 
476 3.093392 0.000000 -0.427690 98.134144 0.000000 5.955256 0.033422 
477 3.292209 0.000000 -0.612486 98.203720 0.000000 8.538931 0.028312 
478 3.391618 0.000000 -0.150496 99.552467 0.000000 0.000000 0.008931 
479 3.292209 0.000000 -0.150496 99.507562 0.000000 -0.000000 0.009825 
480 3.391618 0.000000 -0.242894 100.288681 0.000000 2.076119 -0.006213 
481 3.441323 0.000000 -0.011899 99.578165 0.000000 -0.000000 0.008419 
482 3.391618 0.000000 -0.011899 99.561838 0.000000 -0.000000 0.008744 
483 3.441323 0.000000 -0.058098 99.578492 0.000000 -0.000000 0.008412 
484 3.441323 0.000000 0.034300 99.574039 0.000000 0.000000 0.008501 
485 3.515879 0.000000 0.011200 99.617307 0.000000 -0.000000 0.007639 
486 3.491027 0.000000 0.011200 99.606004 0.000000 -0.000000 0.007864 
487 3.515879 0.000000 -0.011899 99.617219 0.000000 -0.000000 0.007641 
488 3.515879 0.000000 0.034300 99.614521 0.000000 -0.000000 0.007695 
489 3.540732 0.000000 -0.104297 99.625437 0.000000 -0.000000 0.007477 
490 3.491027 0.000000 -0.104297 99.599160 0.000000 -0.000000 0.008001 
491 3.540732 0.000000 -0.150496 99.616594 0.000000 -0.000000 0.007653 
492 3.590436 0.000000 -0.104297 99.628871 0.000000 -0.000000 0.007409 
493 3.565584 0.000000 -0.034999 99.609784 0.000000 -0.000000 0.007789 
494 3.540732 0.000000 -0.034999 99.618178 0.000000 -0.000000 0.007622 
495 3.565584 0.000000 -0.058098 99.622650 0.000000 -0.000000 0.007533 
496 3.590436 0.000000 -0.034999 99.593955 0.000000 -0.000000 0.008104 
497 3.553158 0.000000 -0.000349 99.634994 0.000000 -0.000000 0.007287 
498 3.540732 0.000000 -0.000349 99.629679 0.000000 0.000000 0.007393 
499 3.553158 0.000000 -0.011899 99.619262 0.000000 -0.000000 0.007600 
500 3.565584 0.000000 -0.000349 99.580141 0.000000 -0.000000 0.008380 
501 3.553158 0.000000 0.011200 99.626275 0.000000 -0.000000 0.007461 
502 3.192801 0.000000 0.034300 99.392731 0.000000 -0.000000 0.012109 
503 3.093392 0.000000 0.034300 99.179733 0.000000 -0.000000 0.016338 
504 3.192801 0.000000 -0.058098 99.392793 0.000000 -0.000000 0.012107 
505 3.192801 0.000000 0.126698 99.493581 0.000000 -0.000000 0.010103 
506 3.341914 0.000000 -0.011899 99.526826 0.000000 -0.000000 0.009441 
507 3.292209 0.000000 -0.011899 99.497537 0.000000 -0.000000 0.010024 
508 3.341914 0.000000 -0.058098 99.516637 0.000000 -0.000000 0.009644 
509 3.341914 0.000000 0.034300 99.516188 0.000000 -0.000000 0.009653 
510 3.391618 0.000000 0.219096 98.446351 0.000000 -1.813822 0.030503 
511 3.292209 0.000000 0.219096 99.124791 0.000000 -2.365527 0.016868 
512 3.391618 0.000000 0.311494 99.545519 0.000000 0.965529 0.008976 
513 3.441323 0.000000 0.080499 99.578210 0.000000 -0.000000 0.008418 
514 3.391618 0.000000 0.080499 99.552913 0.000000 0.000000 0.008922 
515 3.441323 0.000000 0.126698 99.589311 0.000000 -0.000000 0.008197 
516 3.416470 0.000000 0.011200 99.569530 0.000000 -0.000000 0.008591 
517 3.391618 0.000000 0.011200 99.561783 0.000000 -0.000000 0.008745 
518 3.416470 0.000000 -0.011899 99.569335 0.000000 -0.000000 0.008595 
519 3.441323 0.000000 0.011200 99.578263 0.000000 -0.000000 0.008417 
520 3.416470 0.000000 0.034300 99.568047 0.000000 -0.000000 0.008620 
521 3.192801 0.000000 -0.150496 99.488322 0.000000 -0.000000 0.010207 
522 3.093392 0.000000 -0.150496 98.895929 0.000000 0.000000 0.021960 
523 3.192801 0.000000 -0.242894 99.066814 0.000000 1.459771 0.018364 
524 3.242505 0.000000 -0.011899 99.449858 0.000000 -0.000000 0.010973 
525 3.192801 0.000000 -0.011899 99.392319 0.000000 -0.000000 0.012117 
526 3.242505 0.000000 -0.058098 99.473989 0.000000 -0.000000 0.010493 
527 3.242505 0.000000 0.034300 99.450839 0.000000 -0.000000 0.010953 
528 3.341914 0.000000 0.080499 99.529524 0.000000 -0.000000 0.009387 
529 3.292209 0.000000 0.080499 99.498392 0.000000 -0.000000 0.010007 
530 3.341914 0.000000 0.126698 99.523386 0.000000 -0.000000 0.009510 
531 3.317062 0.000000 0.011200 99.513460 0.000000 -0.000000 0.009707 
532 3.292209 0.000000 0.011200 99.497906 0.000000 -0.000000 0.010017 
533 3.317062 0.000000 -0.011899 99.513208 0.000000 -0.000000 0.009712 
534 3.341914 0.000000 0.011200 99.527054 0.000000 -0.000000 0.009437 
535 3.317062 0.000000 0.034300 99.505683 0.000000 -0.000000 0.009862 
536 2.894574 0.000000 0.311494 100.975282 0.000000 -2.207516 -0.020088 
537 2.695757 0.000000 0.311494 101.554445 0.000000 -3.590688 -0.032620 
538 2.894574 0.000000 0.496290 101.997621 0.000000 -3.167957 -0.041355 
539 3.192801 0.000000 0.219096 99.606334 0.000000 -2.804939 0.007071 
540 3.093392 0.000000 0.219096 99.928721 0.000000 -3.217873 0.000390 
541 3.192801 0.000000 0.311494 100.267452 0.000000 -0.264661 -0.005363 
542 3.242505 0.000000 0.080499 99.470786 0.000000 -0.000000 0.010556 
543 3.192801 0.000000 0.080499 99.392679 0.000000 -0.000000 0.012110 
544 3.242505 0.000000 0.126698 99.499931 0.000000 -0.000000 0.009976 
545 3.267357 0.000000 0.011200 99.487055 0.000000 -0.000000 0.010233 
546 3.242505 0.000000 0.011200 99.449841 0.000000 -0.000000 0.010973 
547 3.267357 0.000000 -0.011899 99.486878 0.000000 -0.000000 0.010236 
548 3.267357 0.000000 0.034300 99.476431 0.000000 -0.000000 0.010444 
549 2.993983 0.000000 0.034300 98.889985 0.000000 0.000000 0.022077 
550 2.894574 0.000000 0.034300 98.788669 0.000000 0.000000 0.024080 
551 2.993983 0.000000 -0.058098 98.842345 0.000000 0.000000 0.023019 
552 2.993983 0.000000 0.126698 98.894493 0.000000 0.000000 0.021988 
553 3.143096 0.000000 -0.011899 99.330860 0.000000 -0.000000 0.013338 
554 3.093392 0.000000 -0.011899 99.177642 0.000000 -0.000000 0.016380 
555 3.143096 0.000000 -0.058098 99.336951 0.000000 -0.000000 0.013217 
556 3.143096 0.000000 0.034300 99.353549 0.000000 -0.000000 0.012887 
557 3.217653 0.000000 0.011200 99.411481 0.000000 -0.000000 0.011736 
558 3.192801 0.000000 0.011200 99.392301 0.000000 -0.000000 0.012117 
559 3.217653 0.000000 -0.011899 99.411493 0.000000 -0.000000 0.011736 
560 3.217653 0.000000 0.034300 99.436585 0.000000 -0.000000 0.011237 
561 3.242505 0.000000 -0.104297 99.472678 0.000000 -0.000000 0.010519 
562 3.192801 0.000000 -0.104297 99.421389 0.000000 -0.000000 0.011539 
563 3.242505 0.000000 -0.150496 99.500115 0.000000 -0.000000 0.009973 
564 3.292209 0.000000 -0.104297 99.493527 0.000000 -0.000000 0.010104 
565 3.267357 0.000000 -0.034999 99.476478 0.000000 -0.000000 0.010443 
566 3.242505 0.000000 -0.034999 99.450879 0.000000 -0.000000 0.010952 
567 3.267357 0.000000 -0.058098 99.478187 0.000000 -0.000000 0.010409 
568 3.292209 0.000000 -0.034999 99.487033 0.000000 -0.000000 0.010233 
569 3.254931 0.000000 -0.000349 99.484026 0.000000 0.000000 0.010293 
570 3.242505 0.000000 -0.000349 99.463743 0.000000 -0.000000 0.010696 
571 3.254931 0.000000 -0.011899 99.479741 0.000000 -0.000000 0.010378 
572 3.267357 0.000000 -0.000349 99.489889 0.000000 -0.000000 0.010176 
573 3.254931 0.000000 0.011200 99.479955 0.000000 -0.000000 0.010374 
574 2.496939 0.000000 0.311494 98.908753 0.000000 -0.343131 0.021694 
575 2.496939 0.000000 0.496290 98.967164 0.000000 -0.352605 0.020538 
576 2.596348 0.000000 0.034300 98.537282 0.000000 -0.020959 0.029040 
577 2.496939 0.000000 0.034300 98.505193 0.000000 -0.053689 0.029672 
578 2.596348 0.000000 -0.058098 98.540999 0.000000 -0.025231 0.028967 
579 2.695757 0.000000 0.034300 98.589650 0.000000 0.000000 0.028008 
580 2.596348 0.000000 0.126698 98.650745 0.000000 -0.103674 0.026802 
581 5.876839 0.000000 0.865882 102.579850 0.000000 -0.589574 -0.052297 
582 6.672109 0.000000 0.865882 103.218688 0.000000 -5.723647 -0.068686 
583 5.876839 0.000000 1.605065 99.247257 0.000000 12.091613 0.000377 
584 -17.186007 0.000000 -17.613710 98.462605 0.000000 17.370344 0.000339 
585 -23.548172 0.000000 -17.613710 98.470336 0.000000 17.371076 0.000184 
586 -17.186007 0.000000 -23.527179 98.465456 0.000000 17.365881 0.000298 
587 20.986979 0.000000 -17.613710 98.475489 0.000000 17.273320 0.000421 
588 20.986979 0.000000 -23.527179 98.472461 0.000000 17.310583 0.000352 
589 27.349144 0.000000 -17.613710 98.482234 0.000000 17.280725 0.000263 
590 -7.642761 0.000000 -8.743506 98.406108 0.000000 17.385100 0.001400 
591 -10.823843 0.000000 -8.743506 98.437403 0.000000 17.390317 0.000765 
592 -7.642761 0.000000 -11.700240 98.417940 0.000000 17.368526 0.001224 
593 11.443733 0.000000 -8.743506 98.467233 0.000000 17.023114 0.001442 
594 11.443733 0.000000 -11.700240 98.452546 0.000000 17.157773 0.001271 
595 14.624815 0.000000 -8.743506 98.488958 0.000000 17.055982 0.000902 
596 -2.871137 0.000000 -4.308404 98.186036 0.000000 17.438362 0.005541 
597 -4.461678 0.000000 -4.308404 98.304974 0.000000 17.455398 0.003144 
598 -2.871137 0.000000 -5.786771 98.231909 0.000000 17.364618 0.004896 
599 6.672109 0.000000 -4.308404 98.432409 0.000000 16.284759 0.004587 
600 6.672109 0.000000 -5.786771 98.383693 0.000000 16.653668 0.004330 
601 8.262650 0.000000 -4.308404 98.511430 0.000000 16.380992 0.002716 
602 -0.485326 0.000000 -2.090853 97.356094 0.000000 17.763010 0.020627 
603 -1.280596 0.000000 -2.090853 97.814190 0.000000 17.785530 0.011606 
604 -0.485326 0.000000 -2.830037 97.553274 0.000000 17.442851 0.017911 
605 0.707580 0.000000 -0.982078 93.902819 0.000000 17.937698 0.086050 
606 0.309945 0.000000 -0.982078 95.472189 0.000000 19.097531 0.052035 
607 0.707580 0.000000 -1.351669 95.119636 0.000000 17.402937 0.064939 
608 2.298121 0.000000 -0.982078 95.594099 0.000000 11.195201 0.073644 
609 2.298121 0.000000 -1.351669 96.009835 0.000000 13.004602 0.061299 
610 0.906398 0.000000 -0.427690 94.317934 0.000000 -0.743242 0.110357 
611 0.707580 0.000000 -0.427690 93.701612 0.000000 -0.832232 0.121932 
612 0.906398 0.000000 -0.612486 93.720931 0.000000 -0.828698 0.121570 
613 1.403442 0.000000 -0.150496 93.121622 0.000000 -0.451503 0.132816 
614 1.403442 0.000000 -0.242894 96.315761 0.000000 -0.547247 0.072297 
615 1.502851 0.000000 -0.150496 93.244788 0.000000 -0.438373 0.130522 
616 2.099304 0.000000 -0.427690 98.513419 0.000000 -0.337440 0.029499 
617 2.099304 0.000000 -0.612486 98.849245 0.000000 -0.338808 0.022871 
618 2.298121 0.000000 -0.427690 98.851157 0.000000 -0.338987 0.022833 
619 2.496939 0.000000 -0.427690 96.180687 0.000000 5.493268 0.071910 
620 2.496939 0.000000 -0.612486 96.125292 0.000000 8.024048 0.069554 
621 2.695757 0.000000 -0.427690 96.951150 0.000000 5.560409 0.056956 
622 1.602260 0.000000 -0.150496 95.091542 0.000000 -0.425765 0.095742 
623 1.602260 0.000000 -0.242894 96.585824 0.000000 -0.520941 0.067091 
624 1.999895 0.000000 -0.150496 97.772076 0.000000 -0.294681 0.044053 
625 1.999895 0.000000 -0.242894 97.949393 0.000000 -0.373242 0.040578 
626 2.099304 0.000000 -0.150496 98.073222 0.000000 -0.256951 0.038158 
627 5.876839 0.000000 -2.090853 98.688658 0.000000 14.876406 0.003924 
628 5.876839 0.000000 -2.830037 98.506640 0.000000 15.502516 0.005611 
629 6.672109 0.000000 -2.090853 98.755267 0.000000 15.122901 0.001870 
630 4.683933 0.000000 -0.982078 98.936540 0.000000 11.980488 0.006803 
631 4.683933 0.000000 -1.351669 98.676178 0.000000 13.135799 0.009046 
632 5.081568 0.000000 -0.982078 99.116372 0.000000 12.293984 0.002480 
633 2.894574 0.000000 -0.427690 97.585248 0.000000 5.704584 0.044458 
634 2.894574 0.000000 -0.612486 97.346679 0.000000 8.177776 0.045675 
635 4.683933 0.000000 0.496290 100.994779 0.000000 4.100701 -0.021676 
636 5.081568 0.000000 0.496290 101.091236 0.000000 6.020211 -0.025568 
637 4.683933 0.000000 0.865882 101.063470 0.000000 3.298187 -0.022470 
638 2.993983 0.000000 -0.150496 98.895929 0.000000 0.000000 0.021960 
639 2.894574 0.000000 -0.150496 98.787720 0.000000 0.000000 0.024099 
640 2.993983 0.000000 -0.242894 98.239239 0.000000 1.135379 0.034776 
641 2.795165 0.000000 0.034300 98.677135 0.000000 0.000000 0.026282 
642 2.795165 0.000000 -0.058098 98.674485 0.000000 0.000000 0.026335 
643 2.795165 0.000000 0.126698 98.691044 0.000000 0.000000 0.026008 
644 4.087480 0.000000 -0.427690 99.377717 0.000000 7.974849 0.006047 
645 4.087480 0.000000 -0.612486 99.038732 0.000000 9.534141 0.010043 
646 4.286298 0.000000 -0.427690 99.360804 0.000000 8.141949 0.006114 
647 4.087480 0.000000 0.311494 100.030028 0.000000 4.790105 -0.002895 
648 4.286298 0.000000 0.311494 100.236108 0.000000 5.144547 -0.007374 
649 4.087480 0.000000 0.496290 101.107072 0.000000 -0.134838 -0.022266 
650 3.789254 0.000000 -0.150496 99.731572 0.000000 0.000000 0.005361 
651 3.789254 0.000000 -0.242894 100.802706 0.000000 4.546848 -0.018186 
652 3.888662 0.000000 -0.150496 99.738029 0.000000 0.000000 0.005233 
653 1.602260 0.000000 0.219096 96.631231 0.000000 -0.515696 0.066214 
654 1.602260 0.000000 0.311494 96.610315 0.000000 -0.518140 0.066618 
655 1.950190 0.000000 -0.011899 96.909840 0.000000 -0.198153 0.060844 
656 1.950190 0.000000 -0.058098 96.907179 0.000000 -0.214640 0.060895 
657 1.999895 0.000000 -0.011899 97.410416 0.000000 -0.118401 0.051120 
658 1.875634 0.000000 0.011200 95.974963 0.000000 -0.159965 0.078878 
659 1.875634 0.000000 -0.011899 95.972947 0.000000 -0.159919 0.078917 
660 1.900486 0.000000 0.011200 96.501659 0.000000 -0.194953 0.068739 
661 1.776225 0.000000 0.011200 94.626361 0.000000 -0.211812 0.104581 
662 1.751373 0.000000 0.011200 95.037873 0.000000 -0.231276 0.096775 
663 1.776225 0.000000 -0.011899 94.619388 0.000000 -0.211418 0.104713 
664 1.353738 0.000000 0.080499 88.086742 0.000000 -0.403638 0.224056 
665 1.353738 0.000000 0.034300 85.870684 0.000000 -0.374990 0.262608 
666 1.353738 0.000000 0.126698 84.094543 0.000000 -0.347218 0.292799 
667 1.005807 0.000000 -0.150496 92.425930 0.000000 -0.414571 0.145728 
668 0.906398 0.000000 -0.150496 95.298570 0.000000 -0.488897 0.091794 
669 1.005807 0.000000 -0.242894 95.287840 0.000000 -0.641098 0.091982 
670 1.055511 0.000000 -0.011899 83.481359 0.000000 -0.139970 0.303084 
671 1.005807 0.000000 -0.011899 88.682578 0.000000 -0.232663 0.213535 
672 1.055511 0.000000 -0.058098 86.266460 0.000000 -0.229856 0.255804 
673 1.130068 0.000000 0.011200 80.455152 0.000000 -0.245496 0.352691 
674 1.105215 0.000000 0.011200 81.451225 0.000000 -0.203601 0.336566 
675 1.130068 0.000000 -0.011899 80.426541 0.000000 -0.244677 0.353151 
676 3.789254 0.000000 0.219096 98.265103 0.000000 1.384475 0.034205 
677 3.888662 0.000000 0.219096 98.926625 0.000000 1.903113 0.020990 
678 3.789254 0.000000 0.311494 99.253435 0.000000 3.765942 0.013457 
679 3.640140 0.000000 0.080499 99.579458 0.000000 -0.000000 0.008393 
680 3.689845 0.000000 0.080499 99.650171 0.000000 -0.000000 0.006984 
681 3.640140 0.000000 0.126698 99.638520 0.000000 -0.000000 0.007217 
682 3.640140 0.000000 -0.104297 99.637406 0.000000 -0.000000 0.007239 
683 3.640140 0.000000 -0.150496 99.650853 0.000000 -0.000000 0.006971 
684 3.689845 0.000000 -0.104297 99.670656 0.000000 -0.000000 0.006576 
685 3.515879 0.000000 -0.034999 99.614515 0.000000 -0.000000 0.007695 
686 3.491027 0.000000 -0.034999 99.595353 0.000000 -0.000000 0.008077 
687 3.515879 0.000000 -0.058098 99.613703 0.000000 -0.000000 0.007711 
688 3.441323 0.000000 -0.104297 99.583425 0.000000 -0.000000 0.008314 
689 3.391618 0.000000 -0.104297 99.547376 0.000000 0.000000 0.009032 
690 3.441323 0.000000 -0.150496 99.583984 0.000000 0.000000 0.008303 
691 3.341914 0.000000 -0.104297 99.529773 0.000000 -0.000000 0.009382 
692 3.341914 0.000000 -0.150496 99.516228 0.000000 -0.000000 0.009652 
693 3.466175 0.000000 0.011200 99.594661 0.000000 -0.000000 0.008090 
694 3.466175 0.000000 -0.011899 99.594625 0.000000 -0.000000 0.008091 
695 3.466175 0.000000 0.034300 99.587425 0.000000 -0.000000 0.008234 
696 3.143096 0.000000 0.080499 99.321821 0.000000 -0.000000 0.013518 
697 3.093392 0.000000 0.080499 99.148851 0.000000 -0.000000 0.016951 
698 3.143096 0.000000 0.126698 99.231315 0.000000 -0.000000 0.015315 
699 3.317062 0.000000 -0.034999 99.505705 0.000000 -0.000000 0.009861 
700 3.317062 0.000000 -0.058098 99.506561 0.000000 -0.000000 0.009844 
701 3.341914 0.000000 -0.034999 99.516199 0.000000 -0.000000 0.009653 
702 3.366766 0.000000 0.011200 99.540715 0.000000 -0.000000 0.009165 
703 3.366766 0.000000 -0.011899 99.540632 0.000000 -0.000000 0.009166 
704 3.366766 0.000000 0.034300 99.543507 0.000000 0.000000 0.009109 
705 3.143096 0.000000 -0.104297 99.301299 0.000000 -0.000000 0.013925 
706 3.093392 0.000000 -0.104297 98.988730 0.000000 0.000000 0.020123 
707 3.143096 0.000000 -0.150496 98.895929 0.000000 0.000000 0.021960 
708 3.217653 0.000000 -0.034999 99.436661 0.000000 -0.000000 0.011235 
709 3.192801 0.000000 -0.034999 99.392737 0.000000 -0.000000 0.012108 
710 3.217653 0.000000 -0.058098 99.439048 0.000000 -0.000000 0.011188 
711 2.993983 0.000000 0.219096 100.199870 0.000000 -3.607413 -0.005303 
712 2.894574 0.000000 0.219096 100.468025 0.000000 -3.986417 -0.010972 
713 2.993983 0.000000 0.311494 100.734210 0.000000 -1.544982 -0.014977 
714 2.795165 0.000000 -0.150496 98.691044 0.000000 0.000000 0.026008 
715 2.695757 0.000000 -0.150496 98.601561 0.000000 0.000000 0.027773 
716 2.795165 0.000000 -0.242894 97.480079 0.000000 1.001721 0.049663 
717 1.353738 0.000000 -0.011899 80.490953 0.000000 -0.271997 0.352113 
718 1.353738 0.000000 -0.058098 80.955076 0.000000 -0.293509 0.344619 
719 1.403442 0.000000 -0.011899 83.782930 0.000000 -0.273859 0.298035 
720 1.453146 0.000000 -0.011899 82.374896 0.000000 -0.147088 0.321435 
721 1.453146 0.000000 -0.058098 85.500278 0.000000 -0.245885 0.268964 
722 1.502851 0.000000 -0.011899 90.090657 0.000000 -0.260194 0.188361 
723 3.466175 0.000000 -0.034999 99.587415 0.000000 -0.000000 0.008235 
724 3.441323 0.000000 -0.034999 99.574030 0.000000 0.000000 0.008501 
725 3.466175 0.000000 -0.058098 99.587032 0.000000 -0.000000 0.008242 
726 3.366766 0.000000 -0.034999 99.543512 0.000000 0.000000 0.009109 
727 3.366766 0.000000 -0.058098 99.543705 0.000000 0.000000 0.009105 
728 3.391618 0.000000 -0.034999 99.559145 0.000000 -0.000000 0.008798 
729 2.795165 0.000000 0.219096 100.743739 0.000000 -4.351503 -0.016824 
730 2.695757 0.000000 0.219096 101.046688 0.000000 -4.705713 -0.023258 
731 2.795165 0.000000 0.311494 101.247729 0.000000 -2.883441 -0.025942 
732 2.596348 0.000000 0.219096 98.967168 0.000000 -0.352606 0.020538 
733 2.496939 0.000000 0.219096 98.908846 0.000000 -0.343144 0.021692 
734 2.596348 0.000000 0.311494 98.972989 0.000000 -0.353778 0.020422 
735 2.596348 0.000000 -0.150496 98.585548 0.000000 -0.049634 0.028089 
736 2.496939 0.000000 -0.150496 98.605275 0.000000 -0.115580 0.027699 
737 2.596348 0.000000 -0.242894 96.666819 0.000000 1.012618 0.065450 
738 3.416470 0.000000 -0.034999 99.567994 0.000000 -0.000000 0.008621 
739 3.416470 0.000000 -0.058098 99.564396 0.000000 -0.000000 0.008693 
1 19 21 9 22 
2 20 19 22 4 
3 28 29 3 30 
4 21 28 30 9 
5 35 37 21 38 
6 36 35 38 19 
7 44 45 28 46 
8 37 44 46 21 
9 51 53 37 54 
10 52 51 54 35 
11 60 61 44 62 
12 53 60 62 37 
13 67 69 53 70 
14 68 67 70 51 
15 76 77 60 78 
16 69 76 78 53 
17 83 85 69 86 
18 84 83 86 67 
19 11 94 92 93 
20 94 10 24 92 
21 92 24 14 95 
22 93 92 95 6 
23 24 98 96 97 
24 98 23 40 96 
25 96 40 27 99 
26 97 96 99 14 
27 40 102 100 101 
28 102 39 56 100 
29 100 56 43 103 
30 101 100 103 27 
31 56 106 104 105 
32 106 55 72 104 
33 104 72 59 107 
34 105 104 107 43 
35 72 110 108 109 
36 109 108 111 59 
37 112 113 76 114 
38 85 112 114 69 
39 115 117 85 118 
40 116 115 118 83 
41 132 133 112 134 
42 117 132 134 85 
43 136 124 137 135 
44 135 137 127 138 
45 15 140 139 33 
46 140 17 141 139 
47 139 141 8 142 
48 33 139 142 18 
49 31 144 143 49 
50 144 33 145 143 
51 143 145 18 146 
52 49 143 146 34 
53 148 49 149 147 
54 147 149 34 150 
55 124 160 159 137 
56 137 159 162 127 
57 18 142 163 45 
58 142 8 164 163 
59 163 164 29 165 
60 45 163 165 28 
61 34 146 166 61 
62 146 18 167 166 
63 166 167 45 168 
64 61 166 168 44 
65 150 34 170 169 
66 169 170 61 171 
67 77 169 171 60 
68 172 173 77 174 
69 113 172 174 76 
70 175 176 113 177 
71 133 175 177 112 
72 186 187 172 188 
73 176 186 188 113 
74 194 196 117 197 
75 195 194 197 115 
76 138 127 204 203 
77 203 204 132 205 
78 196 203 205 117 
79 207 135 208 206 
80 206 208 138 209 
81 131 202 210 211 
82 202 5 212 210 
83 210 212 196 213 
84 211 210 213 194 
85 214 217 5 218 
86 215 214 218 202 
87 122 221 219 220 
88 221 128 199 219 
89 219 199 131 222 
90 220 219 222 91 
91 199 225 223 224 
92 223 215 202 226 
93 224 223 226 131 
94 12 229 227 228 
95 229 7 230 227 
96 227 230 13 25 
97 228 227 25 10 
98 25 233 231 232 
99 233 13 234 231 
100 231 234 26 41 
101 232 231 41 23 
102 41 237 235 236 
103 237 26 238 235 
104 235 238 42 57 
105 236 235 57 39 
106 57 241 239 240 
107 241 42 242 239 
108 239 242 58 73 
109 240 239 73 55 
110 73 245 243 244 
111 245 58 246 243 
112 243 246 74 89 
113 244 243 89 71 
114 89 249 247 248 
115 249 74 250 247 
116 247 250 90 129 
117 248 247 129 87 
118 129 253 251 252 
119 253 90 254 251 
120 251 254 130 200 
121 252 251 200 128 
122 200 257 255 256 
123 257 130 258 255 
124 198 261 259 260 
125 259 262 214 263 
126 260 259 263 215 
127 128 266 264 265 
128 266 200 256 264 
129 265 264 225 199 
130 256 269 267 268 
131 269 255 270 267 
132 267 270 216 261 
133 268 267 261 198 
134 5 209 271 212 
135 209 138 272 271 
136 271 272 203 273 
137 212 271 273 196 
138 201 275 274 217 
139 275 206 276 274 
140 274 276 209 277 
141 217 274 277 5 
142 216 279 278 262 
143 279 201 280 278 
144 278 280 217 281 
145 262 278 281 214 
146 261 284 282 283 
147 284 216 285 282 
148 282 285 262 286 
149 283 282 286 259 
150 225 289 287 288 
151 289 198 260 287 
152 287 260 215 290 
153 288 287 290 223 
154 6 95 291 292 
155 95 14 36 291 
156 291 36 19 293 
157 292 291 293 20 
158 14 99 294 295 
159 99 27 52 294 
160 294 52 35 296 
161 295 294 296 36 
162 27 103 297 298 
163 103 43 68 297 
164 297 68 51 299 
165 298 297 299 52 
166 43 107 300 301 
167 107 59 84 300 
168 300 84 67 302 
169 301 300 302 68 
170 59 111 303 304 
171 303 116 83 305 
172 304 303 305 84 
173 306 195 115 308 
174 307 306 308 116 
175 123 312 313 314 
176 312 91 315 313 
177 313 315 195 316 
178 314 313 316 306 
179 309 319 317 318 
180 319 220 320 317 
181 317 320 91 321 
182 318 317 321 312 
183 108 324 322 323 
184 323 322 325 111 
185 111 325 330 331 
186 330 307 116 332 
187 331 330 332 303 
188 75 329 333 334 
189 329 123 314 333 
190 333 314 306 335 
191 334 333 335 307 
192 326 338 336 337 
193 338 310 339 336 
194 336 339 123 340 
195 337 336 340 329 
196 322 343 341 342 
197 342 341 344 325 
198 345 337 329 348 
199 346 345 348 75 
200 71 351 349 350 
201 351 89 248 349 
202 349 248 87 121 
203 350 349 121 88 
204 88 354 352 353 
205 354 121 355 352 
206 352 355 119 328 
207 353 352 328 120 
208 120 358 356 357 
209 358 328 359 356 
210 362 326 363 360 
211 360 363 337 364 
212 361 360 364 345 
213 325 344 365 366 
214 344 75 334 365 
215 365 334 307 367 
216 366 365 367 330 
217 341 370 368 369 
218 370 327 346 368 
219 368 346 75 371 
220 369 368 371 344 
221 327 374 372 373 
222 374 347 361 372 
223 372 361 345 375 
224 373 372 375 346 
225 328 377 376 359 
226 377 119 378 376 
227 376 378 310 338 
228 359 376 338 326 
229 356 381 379 380 
230 381 359 382 379 
231 379 382 326 362 
232 380 379 362 347 
233 347 385 383 384 
234 385 362 386 383 
235 383 386 360 387 
236 384 383 387 361 
237 391 393 186 394 
238 392 391 394 176 
239 400 392 176 402 
240 401 400 402 175 
241 7 408 407 230 
242 408 16 409 407 
243 407 409 15 32 
244 230 407 32 13 
245 13 411 410 234 
246 411 32 412 410 
247 410 412 31 48 
248 234 410 48 26 
249 26 414 413 238 
250 414 48 415 413 
251 413 415 47 64 
252 238 413 64 42 
253 64 418 416 417 
254 418 47 419 416 
255 416 419 65 152 
256 417 416 152 63 
257 63 422 420 421 
258 422 152 423 420 
259 420 423 151 183 
260 421 420 183 81 
261 81 426 424 425 
262 426 183 427 424 
263 424 427 182 191 
264 425 424 191 157 
265 157 430 428 429 
266 430 191 431 428 
267 65 438 437 153 
268 438 147 439 437 
269 437 439 150 440 
270 153 437 440 50 
271 151 442 441 184 
272 442 153 443 441 
273 441 443 50 444 
274 184 441 444 154 
275 182 446 445 192 
276 446 184 447 445 
277 445 447 154 448 
278 192 445 448 185 
279 189 450 449 398 
280 450 192 451 449 
281 449 451 185 452 
282 398 449 452 193 
283 397 454 453 435 
284 454 189 455 453 
285 453 455 398 456 
286 435 453 456 395 
287 66 399 457 458 
288 399 193 459 457 
289 457 459 391 460 
290 458 457 460 392 
291 396 436 461 462 
292 436 395 463 461 
293 461 463 399 464 
294 462 461 464 66 
295 467 435 468 465 
296 465 468 395 469 
297 466 465 469 436 
298 42 471 470 242 
299 471 64 417 470 
300 470 417 63 80 
301 242 470 80 58 
302 80 474 472 473 
303 474 63 421 472 
304 472 421 81 156 
305 473 472 156 79 
306 156 477 475 476 
307 477 81 425 475 
308 475 425 157 389 
309 476 475 389 155 
310 389 480 478 479 
311 480 157 429 478 
312 433 487 485 486 
313 487 432 466 485 
314 485 466 436 488 
315 486 485 488 396 
316 429 491 489 490 
317 491 428 492 489 
318 489 492 397 434 
319 490 489 434 190 
320 434 495 493 494 
321 495 397 496 493 
322 493 496 435 467 
323 494 493 467 432 
324 432 499 497 498 
325 499 467 500 497 
326 497 500 465 501 
327 498 497 501 466 
328 390 406 510 511 
329 406 66 458 510 
330 510 458 392 512 
331 511 510 512 400 
332 403 484 513 514 
333 484 396 462 513 
334 513 462 66 515 
335 514 513 515 406 
336 482 518 516 517 
337 518 481 519 516 
338 516 519 484 520 
339 517 516 520 403 
340 155 523 521 522 
341 523 389 479 521 
342 404 509 528 529 
343 509 403 514 528 
344 528 514 406 530 
345 529 528 530 390 
346 507 533 531 532 
347 533 506 534 531 
348 531 534 509 535 
349 532 531 535 404 
350 536 401 175 538 
351 537 536 538 133 
352 158 505 539 540 
353 505 390 511 539 
354 539 511 400 541 
355 540 539 541 401 
356 502 527 542 543 
357 527 404 529 542 
358 542 529 390 544 
359 543 542 544 505 
360 547 507 532 545 
361 545 532 404 548 
362 546 545 548 527 
363 178 551 549 550 
364 551 180 503 549 
365 549 503 158 552 
366 550 549 552 181 
367 180 555 553 554 
368 555 504 525 553 
369 553 525 502 556 
370 554 553 556 503 
371 525 559 557 558 
372 559 524 546 557 
373 557 546 527 560 
374 558 557 560 502 
375 521 563 561 562 
376 563 479 564 561 
377 561 564 388 526 
378 562 561 526 504 
379 526 567 565 566 
380 567 388 568 565 
381 565 568 507 547 
382 566 565 547 524 
383 524 571 569 570 
384 571 547 572 569 
385 569 572 545 573 
386 570 569 573 546 
387 127 162 574 204 
388 574 537 133 575 
389 204 574 575 132 
390 159 578 576 577 
391 578 161 579 576 
392 576 579 82 580 
393 577 576 580 162 
394 50 440 581 173 
395 440 150 582 581 
396 581 582 169 583 
397 173 581 583 77 
398 1 586 584 585 
399 586 12 228 584 
400 584 228 10 94 
401 585 584 94 11 
402 16 588 587 409 
403 588 2 589 587 
404 587 589 17 140 
405 409 587 140 15 
406 10 592 590 591 
407 592 25 232 590 
408 590 232 23 98 
409 591 590 98 24 
410 32 594 593 412 
411 594 15 595 593 
412 593 595 33 144 
413 412 593 144 31 
414 23 598 596 597 
415 598 41 236 596 
416 596 236 39 102 
417 597 596 102 40 
418 48 600 599 415 
419 600 31 601 599 
420 599 601 49 148 
421 415 599 148 47 
422 39 604 602 603 
423 604 57 240 602 
424 602 240 55 106 
425 603 602 106 56 
426 55 607 605 606 
427 607 73 244 605 
428 605 244 71 110 
429 606 605 110 72 
430 58 609 608 246 
431 609 80 473 608 
432 608 473 79 125 
433 246 608 125 74 
434 110 612 610 611 
435 612 71 350 610 
436 610 350 88 324 
437 611 610 324 108 
438 121 614 613 355 
439 614 87 615 613 
440 613 615 122 311 
441 355 613 311 119 
442 74 617 616 250 
443 617 125 618 616 
444 616 618 124 136 
445 250 616 136 90 
446 125 620 619 618 
447 620 79 621 619 
448 619 621 126 160 
449 618 619 160 124 
450 87 623 622 615 
451 623 129 252 622 
452 622 252 128 221 
453 615 622 221 122 
454 90 625 624 254 
455 625 136 626 624 
456 624 626 135 207 
457 254 624 207 130 
458 47 628 627 419 
459 628 148 629 627 
460 627 629 147 438 
461 419 627 438 65 
462 152 631 630 423 
463 631 65 632 630 
464 630 632 153 442 
465 423 630 442 151 
466 79 634 633 621 
467 634 156 476 633 
468 633 476 155 179 
469 621 633 179 126 
470 154 444 635 187 
471 444 50 636 635 
472 635 636 173 637 
473 187 635 637 172 
474 179 640 638 639 
475 640 155 522 638 
476 638 522 180 551 
477 639 638 551 178 
478 161 642 641 579 
479 642 178 550 641 
480 641 550 181 643 
481 579 641 643 82 
482 183 645 644 427 
483 645 151 646 644 
484 644 646 184 446 
485 427 644 446 182 
486 185 448 647 393 
487 448 154 648 647 
488 647 648 187 649 
489 393 647 649 186 
490 191 651 650 431 
491 651 182 652 650 
492 650 652 192 450 
493 431 650 450 189 
494 91 222 653 315 
495 222 131 211 653 
496 653 211 194 654 
497 315 653 654 195 
498 130 656 655 258 
499 656 207 657 655 
500 655 657 206 275 
501 258 655 275 201 
502 255 659 658 270 
503 659 258 660 658 
504 658 660 201 279 
505 270 658 279 216 
506 264 663 661 662 
507 663 256 268 661 
508 661 268 198 289 
509 662 661 289 225 
510 310 665 664 339 
511 665 309 318 664 
512 664 318 312 666 
513 339 664 666 123 
514 324 669 667 668 
515 669 88 353 667 
516 667 353 120 343 
517 668 667 343 322 
518 343 672 670 671 
519 672 120 357 670 
520 670 357 327 370 
521 671 670 370 341 
522 357 675 673 674 
523 675 356 380 673 
524 673 380 347 374 
525 674 673 374 327 
526 193 452 676 459 
527 452 185 677 676 
528 676 677 393 678 
529 459 676 678 391 
530 395 456 679 463 
531 456 398 680 679 
532 679 680 193 681 
533 463 679 681 399 
534 428 683 682 492 
535 683 431 684 682 
536 682 684 189 454 
537 492 682 454 397 
538 190 687 685 686 
539 687 434 494 685 
540 685 494 432 487 
541 686 685 487 433 
542 478 690 688 689 
543 690 429 490 688 
544 688 490 190 483 
545 689 688 483 405 
546 479 692 691 564 
547 692 478 689 691 
548 691 689 405 508 
549 564 691 508 388 
550 481 694 693 519 
551 694 433 486 693 
552 693 486 396 695 
553 519 693 695 484 
554 503 556 696 697 
555 556 502 543 696 
556 696 543 505 698 
557 697 696 698 158 
558 388 700 699 568 
559 700 508 701 699 
560 699 701 506 533 
561 568 699 533 507 
562 506 703 702 534 
563 703 482 517 702 
564 702 517 403 704 
565 534 702 704 509 
566 522 707 705 706 
567 707 521 562 705 
568 705 562 504 555 
569 706 705 555 180 
570 504 710 708 709 
571 710 526 566 708 
572 708 566 524 559 
573 709 708 559 525 
574 181 552 711 712 
575 552 158 540 711 
576 711 540 401 713 
577 712 711 713 536 
578 126 716 714 715 
579 716 179 639 714 
580 714 639 178 642 
581 715 714 642 161 
582 119 718 717 378 
583 718 311 719 717 
584 717 719 309 665 
585 378 717 665 310 
586 311 721 720 719 
587 721 122 722 720 
588 720 722 220 319 
589 719 720 319 309 
590 483 725 723 724 
591 725 190 686 723 
592 723 686 433 694 
593 724 723 694 481 
594 508 727 726 701 
595 727 405 728 726 
596 726 728 482 703 
597 701 726 703 506 
598 82 643 729 730 
599 643 181 712 729 
600 729 712 536 731 
601 730 729 731 537 
602 162 580 732 733 
603 580 82 730 732 
604 732 730 537 734 
605 733 732 734 574 
606 160 737 735 736 
607 737 126 715 735 
608 735 715 161 578 
609 736 735 578 159 
610 405 739 738 728 
611 739 483 724 738 
612 738 724 481 518 
613 728 738 518 482 
