2 0.000000 100.000000 473.401889
644 535 
1 -37.461391 0.000000 -37.617849 99.771659 0.000000 -6.978827 -0.000309 
2 43.867849 0.000000 -37.617849 99.776720 0.000000 -6.869750 -0.000259 
3 43.867849 0.000000 37.843857 99.746717 0.000000 -6.893038 0.000308 
4 -37.461391 0.000000 37.843857 99.742485 0.000000 -6.979211 0.000273 
5 3.203229 0.000000 0.113004 100.180096 0.000000 0.475665 -0.003628 
6 -37.461391 0.000000 0.113004 99.757237 0.000000 -6.995418 -0.000044 
7 3.203229 0.000000 -37.617849 99.805145 0.000000 -6.927922 -0.000906 
8 43.867849 0.000000 0.113004 99.981087 0.000000 -3.719765 -0.001005 
9 3.203229 0.000000 37.843857 99.713065 0.000000 -6.932112 0.000925 
10 -17.129081 0.000000 -18.752423 99.816634 0.000000 -6.988688 -0.001220 
11 -37.461391 0.000000 -18.752423 99.770987 0.000000 -6.988033 -0.000308 
12 -17.129081 0.000000 -37.617849 99.789421 0.000000 -6.967854 -0.000648 
13 3.203229 0.000000 -18.752423 99.942577 0.000000 -6.799262 -0.003475 
14 -17.129081 0.000000 0.113004 99.757867 0.000000 -7.054367 -0.000140 
15 23.535539 0.000000 -18.752423 99.831573 0.000000 -6.597814 -0.000987 
16 23.535539 0.000000 -37.617849 99.792044 0.000000 -6.886299 -0.000587 
17 43.867849 0.000000 -18.752423 99.797382 0.000000 -6.543901 -0.000234 
18 23.535539 0.000000 0.113004 99.878716 0.000000 -5.000556 -0.000076 
19 -17.129081 0.000000 18.978431 99.700198 0.000000 -6.989254 0.001102 
20 -37.461391 0.000000 18.978431 99.743426 0.000000 -6.988240 0.000241 
21 3.203229 0.000000 18.978431 99.586623 0.000000 -6.809649 0.003613 
22 -17.129081 0.000000 37.843857 99.726044 0.000000 -6.968996 0.000615 
23 -6.962926 0.000000 -9.319709 99.994340 0.000000 -7.036623 -0.004838 
24 -17.129081 0.000000 -9.319709 99.813637 0.000000 -7.025824 -0.001212 
25 -6.962926 0.000000 -18.752423 99.884295 0.000000 -6.946476 -0.002513 
26 3.203229 0.000000 -9.319709 100.370239 0.000000 -6.424875 -0.011546 
27 -6.962926 0.000000 0.113004 99.748819 0.000000 -7.301720 -0.000314 
28 23.535539 0.000000 18.978431 99.716964 0.000000 -6.664702 0.001211 
29 43.867849 0.000000 18.978431 99.760059 0.000000 -6.699208 0.000305 
30 23.535539 0.000000 37.843857 99.729333 0.000000 -6.898214 0.000647 
31 13.369384 0.000000 -9.319709 100.016099 0.000000 -5.846050 -0.003740 
32 13.369384 0.000000 -18.752423 99.889802 0.000000 -6.652946 -0.002223 
33 23.535539 0.000000 -9.319709 99.883980 0.000000 -5.727745 -0.000962 
34 13.369384 0.000000 0.113004 101.017589 0.000000 12.280539 -0.035536 
35 -6.962926 0.000000 9.545717 99.526094 0.000000 -7.032401 0.004510 
36 -17.129081 0.000000 9.545717 99.702945 0.000000 -7.025536 0.000996 
37 3.203229 0.000000 9.545717 99.191416 0.000000 -6.444783 0.011953 
38 -6.962926 0.000000 18.978431 99.636712 0.000000 -6.948348 0.002425 
39 -1.879849 0.000000 -4.603353 100.585275 0.000000 -7.163489 -0.016871 
40 -6.962926 0.000000 -4.603353 99.977021 0.000000 -7.180021 -0.004696 
41 -1.879849 0.000000 -9.319709 100.220671 0.000000 -6.877951 -0.009149 
42 3.203229 0.000000 -4.603353 101.404014 0.000000 -5.573867 -0.031384 
43 -1.879849 0.000000 0.113004 99.595698 0.000000 -8.495727 0.000852 
44 13.369384 0.000000 9.545717 99.596494 0.000000 -5.992727 0.004463 
45 23.535539 0.000000 9.545717 99.757060 0.000000 -6.071975 0.001166 
46 13.369384 0.000000 18.978431 99.651789 0.000000 -6.685383 0.002483 
47 8.286307 0.000000 -4.603353 100.586211 0.000000 -4.290913 -0.013600 
48 8.286307 0.000000 -9.319709 100.205409 0.000000 -6.008969 -0.007723 
49 13.369384 0.000000 -4.603353 100.141413 0.000000 -3.844612 -0.004308 
50 8.286307 0.000000 0.113004 95.956691 0.000000 -4.949829 0.076781 
51 -1.879849 0.000000 4.829361 98.952581 0.000000 -7.120527 0.015768 
52 -6.962926 0.000000 4.829361 99.534467 0.000000 -7.170027 0.004148 
53 3.203229 0.000000 4.829361 98.288602 0.000000 -5.773405 0.030602 
54 -1.879849 0.000000 9.545717 99.314262 0.000000 -6.872715 0.008944 
55 0.661690 0.000000 -2.245174 102.370644 0.000000 -6.847226 -0.052663 
56 -1.879849 0.000000 -2.245174 100.682172 0.000000 -7.692361 -0.019607 
57 0.661690 0.000000 -4.603353 101.190139 0.000000 -6.653746 -0.028372 
58 3.203229 0.000000 -2.245174 103.391273 0.000000 -3.301136 -0.070065 
59 0.661690 0.000000 0.113004 104.042310 0.000000 -0.079883 -0.082481 
60 8.286307 0.000000 4.829361 99.149741 0.000000 -4.837430 0.014593 
61 13.369384 0.000000 4.829361 99.647779 0.000000 -4.853995 0.004676 
62 8.286307 0.000000 9.545717 99.382549 0.000000 -6.079783 0.008615 
63 5.744768 0.000000 -2.245174 101.961783 0.000000 -0.211271 -0.039625 
64 5.744768 0.000000 -4.603353 100.976153 0.000000 -4.725427 -0.021851 
65 8.286307 0.000000 -2.245174 101.857289 0.000000 3.248581 -0.038546 
66 5.744768 0.000000 0.113004 110.124120 0.000000 0.051372 -0.212732 
67 0.661690 0.000000 2.471182 97.504455 0.000000 -6.881300 0.044553 
68 -1.879849 0.000000 2.471182 98.814524 0.000000 -7.581657 0.017821 
69 3.203229 0.000000 2.471182 97.023997 0.000000 -5.001497 0.056133 
70 0.661690 0.000000 4.829361 98.438298 0.000000 -6.653466 0.026563 
71 1.932460 0.000000 -1.066085 110.052385 0.000000 0.032671 -0.211153 
72 0.661690 0.000000 -1.066085 102.975562 0.000000 -5.883475 -0.063858 
73 1.932460 0.000000 -2.245174 103.370720 0.000000 -5.471162 -0.071544 
74 3.203229 0.000000 -1.066085 104.605288 0.000000 2.119344 -0.094676 
75 1.932460 0.000000 0.113004 95.276511 0.000000 0.048574 0.092238 
76 5.744768 0.000000 2.471182 98.304825 0.000000 -3.933734 0.032069 
77 8.286307 0.000000 2.471182 99.011299 0.000000 -3.674608 0.018326 
78 5.744768 0.000000 4.829361 98.708825 0.000000 -5.094279 0.023062 
79 4.473998 0.000000 -1.066085 102.332718 0.000000 1.305276 -0.047369 
80 4.473998 0.000000 -2.245174 102.606447 0.000000 -1.540923 -0.053046 
81 5.744768 0.000000 -1.066085 103.449553 0.000000 7.409834 -0.075672 
82 4.473998 0.000000 0.113004 100.038702 0.000000 0.405647 -0.000791 
83 1.932460 0.000000 1.292093 95.889340 0.000000 -7.142066 0.075423 
84 0.661690 0.000000 1.292093 97.128895 0.000000 -6.937307 0.051785 
85 3.203229 0.000000 1.292093 95.894627 0.000000 -5.371823 0.077536 
86 1.932460 0.000000 2.471182 96.968973 0.000000 -6.070986 0.056016 
87 2.567844 0.000000 -0.476541 106.843660 0.000000 1.292423 -0.141724 
88 1.932460 0.000000 -0.476541 109.395207 0.000000 0.173282 -0.196734 
89 2.567844 0.000000 -1.066085 107.998217 0.000000 0.746959 -0.166417 
90 3.203229 0.000000 -0.476541 104.262706 0.000000 1.616068 -0.087332 
91 2.567844 0.000000 0.113004 99.192046 0.000000 0.273067 0.016086 
92 -27.295236 0.000000 -9.319709 99.776752 0.000000 -7.004181 -0.000446 
93 -37.461391 0.000000 -9.319709 99.765759 0.000000 -6.993155 -0.000211 
94 -27.295236 0.000000 -18.752423 99.784586 0.000000 -6.991327 -0.000584 
95 -27.295236 0.000000 0.113004 99.757593 0.000000 -7.010923 -0.000073 
96 -12.046004 0.000000 -4.603353 99.836157 0.000000 -7.098396 -0.001765 
97 -17.129081 0.000000 -4.603353 99.792310 0.000000 -7.046361 -0.000816 
98 -12.046004 0.000000 -9.319709 99.865759 0.000000 -7.039168 -0.002272 
99 -12.046004 0.000000 0.113004 99.756405 0.000000 -7.132480 -0.000221 
100 -4.421387 0.000000 -2.245174 100.059294 0.000000 -7.445166 -0.006729 
101 -6.962926 0.000000 -2.245174 99.891423 0.000000 -7.266053 -0.003109 
102 -4.421387 0.000000 -4.603353 100.174309 0.000000 -7.227518 -0.008713 
103 -4.421387 0.000000 0.113004 99.729468 0.000000 -7.563305 -0.000317 
104 -0.609079 0.000000 -1.066085 102.298704 0.000000 -8.240335 -0.053293 
105 -1.879849 0.000000 -1.066085 100.460521 0.000000 -8.187484 -0.015935 
106 -0.609079 0.000000 -2.245174 101.462157 0.000000 -7.520947 -0.035113 
107 -0.609079 0.000000 0.113004 98.818891 0.000000 -12.249075 0.008479 
108 1.297075 0.000000 -0.476541 110.055677 0.000000 -0.542446 -0.211255 
109 0.661690 0.000000 -0.476541 104.609186 0.000000 -1.401156 -0.094504 
110 1.297075 0.000000 -1.066085 109.260960 0.000000 -1.065842 -0.193909 
111 1.297075 0.000000 0.113004 101.751258 0.000000 -0.103551 -0.035333 
112 4.473998 0.000000 1.292093 97.141892 0.000000 -4.280861 0.054513 
113 5.744768 0.000000 1.292093 98.198982 0.000000 -3.963375 0.034125 
114 4.473998 0.000000 2.471182 97.650260 0.000000 -4.248055 0.044638 
115 2.567844 0.000000 0.702549 107.991673 0.000000 0.749092 -0.166276 
116 1.932460 0.000000 0.702549 110.055624 0.000000 0.035463 -0.211224 
117 3.203229 0.000000 0.702549 104.599030 0.000000 2.118178 -0.094544 
118 2.567844 0.000000 1.292093 95.549295 0.000000 -6.236617 0.083144 
119 2.250152 0.000000 -0.181768 107.155873 0.000000 1.174948 -0.148376 
120 1.932460 0.000000 -0.181768 101.161118 0.000000 -0.481756 -0.023380 
121 2.250152 0.000000 -0.476541 108.484568 0.000000 0.572181 -0.176923 
122 2.567844 0.000000 -0.181768 102.736120 0.000000 1.323937 -0.055646 
123 2.250152 0.000000 0.113004 97.184194 0.000000 0.179807 0.055520 
124 3.838614 0.000000 -0.476541 102.352846 0.000000 1.542019 -0.047848 
125 3.838614 0.000000 -1.066085 102.283840 0.000000 1.501489 -0.046424 
126 4.473998 0.000000 -0.476541 102.297338 0.000000 1.333553 -0.046652 
127 3.838614 0.000000 0.113004 100.129530 0.000000 0.564680 -0.002624 
128 2.885537 0.000000 -0.181768 102.212476 0.000000 1.174968 -0.044877 
129 2.885537 0.000000 -0.476541 105.364597 0.000000 1.569437 -0.110416 
130 3.203229 0.000000 -0.181768 101.738841 0.000000 1.132518 -0.035207 
131 2.885537 0.000000 0.113004 99.964990 0.000000 0.338602 0.000689 
132 3.838614 0.000000 0.702549 102.283920 0.000000 1.500868 -0.046425 
133 4.473998 0.000000 0.702549 102.333250 0.000000 1.305188 -0.047380 
134 3.838614 0.000000 1.292093 96.477082 0.000000 -4.734170 0.066976 
135 3.520921 0.000000 -0.181768 101.131942 0.000000 1.147372 -0.022899 
136 3.520921 0.000000 -0.476541 102.815205 0.000000 1.707831 -0.057388 
137 3.838614 0.000000 -0.181768 101.130262 0.000000 1.058294 -0.022845 
138 3.520921 0.000000 0.113004 99.871850 0.000000 0.571779 0.002529 
139 33.701694 0.000000 -9.319709 99.865581 0.000000 -5.595951 -0.000445 
140 33.701694 0.000000 -18.752423 99.806850 0.000000 -6.569740 -0.000457 
141 43.867849 0.000000 -9.319709 99.870321 0.000000 -5.418276 -0.000344 
142 33.701694 0.000000 0.113004 100.026629 0.000000 -3.027077 -0.001449 
143 18.452462 0.000000 -4.603353 100.048507 0.000000 -3.475272 -0.002178 
144 18.452462 0.000000 -9.319709 99.925679 0.000000 -5.776116 -0.001850 
145 23.535539 0.000000 -4.603353 100.060261 0.000000 -2.890316 -0.002041 
146 18.452462 0.000000 0.113004 100.208416 0.000000 -0.068197 -0.004173 
147 10.827845 0.000000 -2.245174 101.179802 0.000000 7.213654 -0.028939 
148 10.827845 0.000000 -4.603353 100.307545 0.000000 -4.017657 -0.007775 
149 13.369384 0.000000 -2.245174 100.959089 0.000000 8.789324 -0.026999 
150 10.827845 0.000000 0.113004 100.308892 0.000000 10.868819 -0.018001 
151 7.015537 0.000000 -1.066085 102.598556 0.000000 5.417462 -0.055581 
152 7.015537 0.000000 -2.245174 101.785700 0.000000 1.265905 -0.036193 
153 8.286307 0.000000 -1.066085 102.612798 0.000000 3.526579 -0.054182 
154 7.015537 0.000000 0.113004 98.722695 0.000000 -15.678248 0.000802 
155 5.109383 0.000000 -0.476541 102.443310 0.000000 1.279216 -0.049627 
156 5.109383 0.000000 -1.066085 102.517152 0.000000 1.267486 -0.051137 
157 5.744768 0.000000 -0.476541 102.886087 0.000000 1.284549 -0.058720 
158 5.109383 0.000000 0.113004 98.836504 0.000000 0.266028 0.023127 
159 4.156306 0.000000 -0.181768 101.165221 0.000000 0.924359 -0.023526 
160 4.156306 0.000000 -0.476541 102.290038 0.000000 1.455027 -0.046537 
161 4.473998 0.000000 -0.181768 101.588923 0.000000 0.952952 -0.032122 
162 4.156306 0.000000 0.113004 100.256967 0.000000 0.499314 -0.005171 
163 33.701694 0.000000 9.545717 99.789185 0.000000 -6.169902 0.000405 
164 43.867849 0.000000 9.545717 99.796063 0.000000 -6.248993 0.000170 
165 33.701694 0.000000 18.978431 99.747556 0.000000 -6.679584 0.000581 
166 18.452462 0.000000 4.829361 99.794339 0.000000 -5.016215 0.001593 
167 23.535539 0.000000 4.829361 99.836024 0.000000 -5.158516 0.000616 
168 18.452462 0.000000 9.545717 99.704040 0.000000 -6.016132 0.002291 
169 10.827845 0.000000 2.471182 99.494669 0.000000 -3.508517 0.008850 
170 13.369384 0.000000 2.471182 99.762223 0.000000 -3.665142 0.003407 
171 10.827845 0.000000 4.829361 99.463601 0.000000 -4.801762 0.008394 
172 7.015537 0.000000 1.292093 98.564825 0.000000 -3.817696 0.027040 
173 8.286307 0.000000 1.292093 98.666042 0.000000 -3.279471 0.025426 
174 7.015537 0.000000 2.471182 98.733387 0.000000 -3.801722 0.023727 
175 5.109383 0.000000 0.702549 102.517423 0.000000 1.267490 -0.051143 
176 5.744768 0.000000 0.702549 98.267094 0.000000 -7.551796 0.028655 
177 5.109383 0.000000 1.292093 97.750636 0.000000 -4.033175 0.042855 
178 4.791691 0.000000 -0.181768 100.513612 0.000000 0.553894 -0.010329 
179 4.791691 0.000000 -0.476541 102.370450 0.000000 1.299871 -0.048140 
180 5.109383 0.000000 -0.181768 100.465400 0.000000 0.502968 -0.009355 
181 4.791691 0.000000 0.113004 99.862683 0.000000 0.341972 0.002733 
182 6.380152 0.000000 -0.476541 102.170100 0.000000 -1.946054 -0.044252 
183 6.380152 0.000000 -1.066085 103.012656 0.000000 6.565244 -0.065471 
184 7.015537 0.000000 -0.476541 101.332463 0.000000 -2.950105 -0.027697 
185 6.380152 0.000000 0.113004 99.798831 0.000000 -0.000000 0.004019 
186 9.557076 0.000000 -1.066085 103.258538 0.000000 7.773365 -0.072275 
187 9.557076 0.000000 -2.245174 101.763214 0.000000 5.631475 -0.038747 
188 10.827845 0.000000 -1.066085 101.417286 0.000000 10.249886 -0.039053 
189 9.557076 0.000000 0.113004 98.056814 0.000000 10.778685 0.026868 
190 7.650922 0.000000 -0.476541 101.580113 0.000000 -4.355035 -0.033749 
191 7.650922 0.000000 -1.066085 102.443908 0.000000 4.207488 -0.051246 
192 8.286307 0.000000 -0.476541 103.181335 0.000000 -4.636010 -0.066788 
193 7.650922 0.000000 0.113004 98.303080 0.000000 -11.738823 0.019870 
194 6.380152 0.000000 0.702549 98.424163 0.000000 -7.842924 0.025117 
195 7.015537 0.000000 0.702549 98.517083 0.000000 -8.093464 0.022888 
196 6.380152 0.000000 1.292093 98.439947 0.000000 -3.924974 0.029417 
197 6.697845 0.000000 -0.181768 96.449054 0.000000 -65.648364 -0.361213 
198 6.380152 0.000000 -0.181768 99.802568 0.000000 -0.000000 0.003945 
199 6.697845 0.000000 -0.476541 101.716934 0.000000 -2.208901 -0.035121 
200 7.015537 0.000000 -0.181768 85.276054 0.000000 -169.350262 -2.595152 
201 6.697845 0.000000 0.113004 98.366891 0.000000 -17.045466 0.003341 
202 6.062460 0.000000 -0.181768 101.622386 0.000000 0.000000 -0.032711 
203 5.744768 0.000000 -0.181768 110.704855 0.000000 0.095789 -0.225557 
204 6.062460 0.000000 -0.476541 102.183315 0.000000 -1.679236 -0.044425 
205 6.062460 0.000000 0.113004 101.613123 0.000000 0.000000 -0.032523 
206 9.557076 0.000000 1.292093 99.003347 0.000000 -2.540538 0.019188 
207 10.827845 0.000000 1.292093 99.520296 0.000000 -2.217164 0.009079 
208 9.557076 0.000000 2.471182 99.253518 0.000000 -3.531025 0.013627 
209 7.650922 0.000000 0.702549 98.425544 0.000000 -8.048290 0.024764 
210 8.286307 0.000000 0.702549 98.243371 0.000000 -7.145445 0.029718 
211 7.650922 0.000000 1.292093 98.620722 0.000000 -3.609446 0.026093 
212 6.697845 0.000000 0.407776 98.469333 0.000000 -11.464407 0.017236 
213 6.380152 0.000000 0.407776 98.283007 0.000000 -11.847727 0.020008 
214 7.015537 0.000000 0.407776 98.553290 0.000000 -11.448502 0.015618 
215 6.697845 0.000000 0.702549 98.478237 0.000000 -7.974929 0.023844 
216 6.538999 0.000000 -0.034382 99.524603 0.000000 -0.000000 0.009485 
217 6.380152 0.000000 -0.034382 99.955705 0.000000 0.000000 0.000886 
218 6.538999 0.000000 -0.181768 99.411842 0.000000 -0.000000 0.011729 
219 6.697845 0.000000 -0.034382 99.207832 0.000000 -0.000000 0.015781 
220 6.538999 0.000000 0.113004 99.534374 0.000000 -0.000000 0.009291 
221 6.062460 0.000000 0.407776 98.348599 0.000000 -12.325586 0.017563 
222 5.744768 0.000000 0.407776 98.241765 0.000000 -12.708459 0.018705 
223 6.062460 0.000000 0.702549 98.389398 0.000000 -7.710545 0.026007 
224 6.221306 0.000000 -0.034382 100.394949 0.000000 -0.000000 -0.007915 
225 6.062460 0.000000 -0.034382 101.582336 0.000000 0.000000 -0.031897 
226 6.221306 0.000000 -0.181768 100.379346 0.000000 0.000000 -0.007601 
227 6.221306 0.000000 0.113004 100.432611 0.000000 -0.000000 -0.008671 
228 6.538999 0.000000 0.260390 97.918601 0.000000 -14.373752 0.020534 
229 6.380152 0.000000 0.260390 99.877270 0.000000 -0.000000 0.002453 
230 6.697845 0.000000 0.260390 98.347045 0.000000 -14.422347 0.011985 
231 6.538999 0.000000 0.407776 98.348312 0.000000 -11.611514 0.019278 
232 6.459576 0.000000 0.039311 95.583044 0.000000 -0.000000 0.086388 
233 6.380152 0.000000 0.039311 99.796201 0.000000 -0.000000 0.004072 
234 6.459576 0.000000 -0.034382 95.498544 0.000000 -0.000000 0.088003 
235 6.538999 0.000000 0.039311 99.524977 0.000000 -0.000000 0.009478 
236 6.459576 0.000000 0.113004 99.657168 0.000000 -0.000000 0.006845 
237 13.369384 0.000000 -28.185136 99.829668 0.000000 -6.839858 -0.001275 
238 3.203229 0.000000 -28.185136 99.841513 0.000000 -6.892841 -0.001584 
239 13.369384 0.000000 -37.617849 99.801227 0.000000 -6.903724 -0.000795 
240 23.535539 0.000000 -28.185136 99.807828 0.000000 -6.808721 -0.000796 
241 8.286307 0.000000 -14.036066 100.028321 0.000000 -6.509588 -0.004804 
242 3.203229 0.000000 -14.036066 100.071163 0.000000 -6.684298 -0.005892 
243 8.286307 0.000000 -18.752423 99.927601 0.000000 -6.712681 -0.003059 
244 13.369384 0.000000 -14.036066 99.948864 0.000000 -6.406027 -0.003081 
245 5.744768 0.000000 -6.961531 100.564882 0.000000 -5.717599 -0.014599 
246 3.203229 0.000000 -6.961531 100.723517 0.000000 -6.147740 -0.018302 
247 5.744768 0.000000 -9.319709 100.311954 0.000000 -6.181904 -0.010070 
248 8.286307 0.000000 -6.961531 100.354116 0.000000 -5.459165 -0.010075 
249 4.473998 0.000000 -3.424264 101.717717 0.000000 -4.118197 -0.036345 
250 3.203229 0.000000 -3.424264 102.085561 0.000000 -4.938739 -0.044585 
251 4.473998 0.000000 -4.603353 101.224781 0.000000 -5.075811 -0.027222 
252 5.744768 0.000000 -3.424264 101.302470 0.000000 -3.588625 -0.027507 
253 5.109383 0.000000 -1.655630 103.123548 0.000000 3.358004 -0.064574 
254 4.473998 0.000000 -1.655630 103.587079 0.000000 1.960774 -0.073413 
255 5.109383 0.000000 -2.245174 102.225463 0.000000 -0.853365 -0.045077 
256 5.744768 0.000000 -1.655630 102.867774 0.000000 4.641224 -0.060332 
257 4.791691 0.000000 -0.771313 102.359397 0.000000 1.301499 -0.047914 
258 4.473998 0.000000 -0.771313 102.287474 0.000000 1.337229 -0.046452 
259 4.791691 0.000000 -1.066085 102.421163 0.000000 1.280215 -0.049173 
260 5.109383 0.000000 -0.771313 102.436041 0.000000 1.279553 -0.049478 
261 4.632845 0.000000 -0.329154 102.317535 0.000000 1.329393 -0.047065 
262 4.473998 0.000000 -0.329154 102.302181 0.000000 1.304765 -0.046744 
263 4.632845 0.000000 -0.476541 102.313079 0.000000 1.330668 -0.046974 
264 4.791691 0.000000 -0.329154 102.327617 0.000000 1.328100 -0.047270 
265 4.632845 0.000000 -0.181768 100.695814 0.000000 0.576900 -0.013998 
266 3.838614 0.000000 -1.655630 104.127679 0.000000 0.434164 -0.084276 
267 3.203229 0.000000 -1.655630 104.654435 0.000000 -1.234038 -0.095407 
268 3.838614 0.000000 -2.245174 103.027517 0.000000 -2.343845 -0.062016 
269 4.156306 0.000000 -0.771313 102.235014 0.000000 1.396280 -0.045395 
270 3.838614 0.000000 -0.771313 102.273293 0.000000 1.497631 -0.046207 
271 4.156306 0.000000 -1.066085 102.233637 0.000000 1.401096 -0.045368 
272 4.315152 0.000000 -0.329154 102.188381 0.000000 1.314516 -0.044419 
273 4.156306 0.000000 -0.329154 102.125553 0.000000 1.378961 -0.043153 
274 4.315152 0.000000 -0.476541 102.259095 0.000000 1.381716 -0.045883 
275 4.315152 0.000000 -0.181768 101.236830 0.000000 0.880624 -0.024967 
276 4.791691 0.000000 0.407776 102.359984 0.000000 1.301420 -0.047926 
277 4.473998 0.000000 0.407776 102.288140 0.000000 1.337035 -0.046465 
278 5.109383 0.000000 0.407776 102.436423 0.000000 1.279536 -0.049486 
279 4.791691 0.000000 0.702549 102.421593 0.000000 1.280191 -0.049182 
280 4.632845 0.000000 -0.034382 99.948757 0.000000 0.328481 0.001014 
281 4.473998 0.000000 -0.034382 99.999959 0.000000 0.347097 -0.000011 
282 4.791691 0.000000 -0.034382 99.814963 0.000000 0.286587 0.003689 
283 4.632845 0.000000 0.113004 100.142726 0.000000 0.390216 -0.002872 
284 4.553421 0.000000 -0.255461 102.496967 0.000000 1.187800 -0.050704 
285 4.473998 0.000000 -0.255461 102.243002 0.000000 1.183253 -0.045503 
286 4.553421 0.000000 -0.329154 102.310002 0.000000 1.330617 -0.046911 
287 4.632845 0.000000 -0.255461 101.282733 0.000000 0.938163 -0.025907 
288 4.553421 0.000000 -0.181768 100.376473 0.000000 0.487587 -0.007567 
289 4.156306 0.000000 0.407776 102.235520 0.000000 1.395938 -0.045405 
290 3.838614 0.000000 0.407776 102.273339 0.000000 1.497090 -0.046208 
291 4.156306 0.000000 0.702549 102.234189 0.000000 1.400726 -0.045379 
292 4.315152 0.000000 -0.034382 100.012952 0.000000 0.375259 -0.000273 
293 4.156306 0.000000 -0.034382 100.101931 0.000000 0.399878 -0.002056 
294 4.315152 0.000000 0.113004 100.209078 0.000000 0.449131 -0.004206 
295 4.394575 0.000000 -0.255461 102.096641 0.000000 1.191441 -0.042514 
296 4.315152 0.000000 -0.255461 101.979795 0.000000 1.196615 -0.040131 
297 4.394575 0.000000 -0.329154 102.255383 0.000000 1.290002 -0.045783 
298 4.394575 0.000000 -0.181768 101.603872 0.000000 1.004848 -0.032436 
299 -6.962926 0.000000 -28.185136 99.827295 0.000000 -6.945094 -0.001372 
300 -17.129081 0.000000 -28.185136 99.802207 0.000000 -6.972601 -0.000910 
301 -6.962926 0.000000 -37.617849 99.800008 0.000000 -6.951754 -0.000837 
302 -1.879849 0.000000 -14.036066 100.030312 0.000000 -6.868551 -0.005324 
303 -6.962926 0.000000 -14.036066 99.943056 0.000000 -6.973486 -0.003724 
304 -1.879849 0.000000 -18.752423 99.922598 0.000000 -6.887758 -0.003197 
305 0.661690 0.000000 -6.961531 100.631596 0.000000 -6.634999 -0.017074 
306 -1.879849 0.000000 -6.961531 100.385899 0.000000 -6.951595 -0.012565 
307 0.661690 0.000000 -9.319709 100.333908 0.000000 -6.683259 -0.011156 
308 1.932460 0.000000 -3.424264 102.080651 0.000000 -5.939369 -0.045574 
309 0.661690 0.000000 -3.424264 101.661402 0.000000 -6.734691 -0.038040 
310 1.932460 0.000000 -4.603353 101.397230 0.000000 -6.150136 -0.031922 
311 2.567844 0.000000 -1.655630 104.927239 0.000000 -3.088709 -0.101927 
312 1.932460 0.000000 -1.655630 104.566786 0.000000 -4.963293 -0.095885 
313 2.567844 0.000000 -2.245174 103.554335 0.000000 -4.388197 -0.074276 
314 2.885537 0.000000 -0.771313 106.847953 0.000000 0.987644 -0.141746 
315 2.567844 0.000000 -0.771313 108.081442 0.000000 0.773298 -0.168220 
316 2.885537 0.000000 -1.066085 107.707795 0.000000 1.348535 -0.160279 
317 3.203229 0.000000 -0.771313 105.877735 0.000000 1.609794 -0.121269 
318 2.726690 0.000000 -0.329154 105.517483 0.000000 1.856394 -0.113739 
319 2.567844 0.000000 -0.329154 107.613132 0.000000 2.132265 -0.158513 
320 2.726690 0.000000 -0.476541 106.463738 0.000000 1.443924 -0.133661 
321 2.885537 0.000000 -0.329154 104.947962 0.000000 1.724834 -0.101705 
322 2.726690 0.000000 -0.181768 103.101041 0.000000 1.436619 -0.063189 
323 -27.295236 0.000000 9.545717 99.738487 0.000000 -7.004276 0.000317 
324 -37.461391 0.000000 9.545717 99.748706 0.000000 -6.993250 0.000129 
325 -27.295236 0.000000 18.978431 99.730620 0.000000 -6.991651 0.000492 
326 -12.046004 0.000000 4.829361 99.676474 0.000000 -7.102764 0.001415 
327 -17.129081 0.000000 4.829361 99.723709 0.000000 -7.045982 0.000554 
328 -12.046004 0.000000 9.545717 99.651952 0.000000 -7.037866 0.001996 
329 -4.421387 0.000000 2.471182 99.425114 0.000000 -7.416836 0.005964 
330 -6.962926 0.000000 2.471182 99.611164 0.000000 -7.257780 0.002494 
331 -4.421387 0.000000 4.829361 99.337625 0.000000 -7.203899 0.008014 
332 -0.609079 0.000000 1.292093 97.574449 0.000000 -7.879037 0.041715 
333 -1.879849 0.000000 1.292093 98.920427 0.000000 -8.023033 0.015038 
334 -0.609079 0.000000 2.471182 98.171435 0.000000 -7.399332 0.030762 
335 1.297075 0.000000 0.702549 109.265440 0.000000 -1.065335 -0.194007 
336 0.661690 0.000000 0.702549 98.734433 0.000000 -10.847958 0.013383 
337 1.297075 0.000000 1.292093 96.730585 0.000000 -7.262004 0.059046 
338 1.614767 0.000000 -0.181768 99.837175 0.000000 0.016506 0.003254 
339 1.297075 0.000000 -0.181768 102.677708 0.000000 -0.158487 -0.054274 
340 1.614767 0.000000 -0.476541 109.789009 0.000000 -0.136167 -0.205365 
341 1.614767 0.000000 0.113004 97.874175 0.000000 -0.031989 0.042064 
342 2.250152 0.000000 -0.771313 108.819845 0.000000 0.513974 -0.184202 
343 1.932460 0.000000 -0.771313 109.373709 0.000000 0.224446 -0.196266 
344 2.250152 0.000000 -1.066085 108.713369 0.000000 0.529200 -0.181888 
345 2.091306 0.000000 -0.329154 114.639794 0.000000 0.062747 -0.314229 
346 1.932460 0.000000 -0.329154 108.725219 0.000000 -0.744349 -0.182173 
347 2.091306 0.000000 -0.476541 108.936099 0.000000 0.386594 -0.186722 
348 2.250152 0.000000 -0.329154 114.950029 0.000000 1.773671 -0.321666 
349 2.091306 0.000000 -0.181768 109.157648 0.000000 -0.003713 -0.191539 
350 1.297075 0.000000 -1.655630 103.577184 0.000000 -6.200495 -0.076668 
351 0.661690 0.000000 -1.655630 102.775816 0.000000 -6.711794 -0.060792 
352 1.297075 0.000000 -2.245174 102.894356 0.000000 -6.309459 -0.062706 
353 1.614767 0.000000 -0.771313 109.863697 0.000000 -0.086458 -0.207004 
354 1.297075 0.000000 -0.771313 110.149238 0.000000 -0.517288 -0.213312 
355 1.614767 0.000000 -1.066085 110.343027 0.000000 -0.466067 -0.217580 
356 1.773613 0.000000 -0.329154 109.297997 0.000000 0.089793 -0.194606 
357 1.614767 0.000000 -0.329154 109.220707 0.000000 0.054708 -0.192917 
358 1.773613 0.000000 -0.476541 109.304281 0.000000 0.109868 -0.194744 
359 1.773613 0.000000 -0.181768 99.467995 0.000000 0.041356 0.010612 
360 1.614767 0.000000 0.407776 109.868485 0.000000 -0.083533 -0.207109 
361 1.297075 0.000000 0.407776 110.154938 0.000000 -0.515775 -0.213438 
362 1.932460 0.000000 0.407776 109.374309 0.000000 0.227960 -0.196279 
363 1.614767 0.000000 0.702549 110.349345 0.000000 -0.464256 -0.217719 
364 1.773613 0.000000 -0.034382 93.851785 0.000000 0.015055 0.119184 
365 1.614767 0.000000 -0.034382 97.579181 0.000000 0.012738 0.047830 
366 1.932460 0.000000 -0.034382 94.847548 0.000000 0.072232 0.100394 
367 1.773613 0.000000 0.113004 97.593987 0.000000 0.039236 0.047541 
368 1.853037 0.000000 -0.255461 105.582543 0.000000 -1.268814 -0.114928 
369 1.773613 0.000000 -0.255461 103.313288 0.000000 0.058839 -0.067364 
370 1.853037 0.000000 -0.329154 109.347253 0.000000 0.118676 -0.195684 
371 1.932460 0.000000 -0.255461 106.396771 0.000000 -1.178268 -0.132166 
372 1.853037 0.000000 -0.181768 101.294236 0.000000 -0.568254 -0.026085 
373 0.026306 0.000000 -0.476541 107.280324 0.000000 -5.758222 -0.154223 
374 -0.609079 0.000000 -0.476541 102.879980 0.000000 -10.316124 -0.069071 
375 0.026306 0.000000 -1.066085 103.290704 0.000000 -6.715931 -0.071407 
376 0.026306 0.000000 0.113004 111.291049 0.000000 -0.000000 -0.238570 
377 0.979383 0.000000 -0.181768 103.571282 0.000000 -0.235003 -0.072707 
378 0.661690 0.000000 -0.181768 102.996672 0.000000 -0.208071 -0.060836 
379 0.979383 0.000000 -0.476541 109.124131 0.000000 -1.080818 -0.190924 
380 0.979383 0.000000 0.113004 103.131908 0.000000 -0.152780 -0.063621 
381 1.455921 0.000000 -0.329154 106.302149 0.000000 -0.114629 -0.130016 
382 1.297075 0.000000 -0.329154 110.026468 0.000000 -0.550134 -0.210613 
383 1.455921 0.000000 -0.476541 109.738970 0.000000 -0.150832 -0.204266 
384 1.455921 0.000000 -0.181768 103.338940 0.000000 -0.073613 -0.067894 
385 1.694190 0.000000 -0.255461 103.384449 0.000000 0.044522 -0.068835 
386 1.614767 0.000000 -0.255461 102.558272 0.000000 0.027742 -0.051820 
387 1.694190 0.000000 -0.329154 109.255417 0.000000 0.068740 -0.193675 
388 1.694190 0.000000 -0.181768 99.516936 0.000000 0.026515 0.009638 
389 2.250152 0.000000 0.407776 108.815612 0.000000 0.516817 -0.184110 
390 2.567844 0.000000 0.407776 108.075013 0.000000 0.774979 -0.168081 
391 2.250152 0.000000 0.702549 108.709279 0.000000 0.532203 -0.181799 
392 2.091306 0.000000 -0.034382 94.059399 0.000000 0.079926 0.115282 
393 2.250152 0.000000 -0.034382 96.649270 0.000000 0.159823 0.065889 
394 2.091306 0.000000 0.113004 96.120650 0.000000 0.126022 0.076080 
395 1.853037 0.000000 -0.108075 95.752411 0.000000 0.034883 0.083147 
396 1.773613 0.000000 -0.108075 97.108108 0.000000 0.025496 0.057001 
397 1.932460 0.000000 -0.108075 95.582986 0.000000 0.081014 0.086389 
398 1.853037 0.000000 -0.034382 94.506166 0.000000 0.029150 0.106858 
399 1.813325 0.000000 -0.218615 102.857808 0.000000 -0.695774 -0.058021 
400 1.773613 0.000000 -0.218615 100.171641 0.000000 0.044480 -0.003436 
401 1.813325 0.000000 -0.255461 104.362015 0.000000 -1.294301 -0.089311 
402 1.853037 0.000000 -0.218615 103.703849 0.000000 -0.914058 -0.075532 
403 1.813325 0.000000 -0.181768 99.587376 0.000000 0.048623 0.008235 
404 6.221306 0.000000 0.260390 100.416575 0.000000 -0.000000 -0.008349 
405 6.062460 0.000000 0.260390 101.634531 0.000000 0.000000 -0.032958 
406 6.221306 0.000000 0.407776 98.300216 0.000000 -12.101517 0.019062 
407 6.300729 0.000000 0.039311 100.077657 0.000000 -0.000000 -0.001554 
408 6.221306 0.000000 0.039311 100.397394 0.000000 -0.000000 -0.007964 
409 6.300729 0.000000 -0.034382 100.084052 0.000000 -0.000000 -0.001682 
410 6.300729 0.000000 0.113004 99.984320 0.000000 -0.000000 0.000314 
411 7.015537 0.000000 -3.424264 101.005703 0.000000 -3.203648 -0.021242 
412 7.015537 0.000000 -4.603353 100.752821 0.000000 -4.487638 -0.017127 
413 8.286307 0.000000 -3.424264 100.834898 0.000000 -2.778822 -0.017540 
414 6.380152 0.000000 -1.655630 102.804357 0.000000 5.899709 -0.060354 
415 6.380152 0.000000 -2.245174 101.827463 0.000000 0.480533 -0.036906 
416 7.015537 0.000000 -1.655630 102.804010 0.000000 7.016667 -0.061790 
417 6.697845 0.000000 -0.771313 102.211076 0.000000 2.412088 -0.045292 
418 6.380152 0.000000 -0.771313 102.474799 0.000000 3.011862 -0.051016 
419 6.697845 0.000000 -1.066085 102.789931 0.000000 6.019183 -0.060200 
420 7.015537 0.000000 -0.771313 101.984327 0.000000 1.751375 -0.040387 
421 6.538999 0.000000 -0.329154 102.068100 0.000000 -7.303623 -0.047124 
422 6.380152 0.000000 -0.329154 102.300008 0.000000 -7.393372 -0.051995 
423 6.538999 0.000000 -0.476541 101.992021 0.000000 -2.016274 -0.040644 
424 6.697845 0.000000 -0.329154 101.461200 0.000000 -7.562957 -0.035157 
425 6.459576 0.000000 -0.108075 99.656402 0.000000 -0.000000 0.006860 
426 6.380152 0.000000 -0.108075 99.798590 0.000000 -0.000000 0.004024 
427 6.459576 0.000000 -0.181768 99.667436 0.000000 -0.000000 0.006640 
428 6.538999 0.000000 -0.108075 99.533612 0.000000 -0.000000 0.009306 
429 6.419864 0.000000 0.002464 99.432728 0.000000 -0.000000 0.011313 
430 6.380152 0.000000 0.002464 100.012509 0.000000 0.000000 -0.000250 
431 6.419864 0.000000 -0.034382 99.757975 0.000000 -0.000000 0.004835 
432 6.459576 0.000000 0.002464 95.507191 0.000000 -0.000000 0.087838 
433 6.419864 0.000000 0.039311 99.758373 0.000000 -0.000000 0.004827 
434 6.062460 0.000000 -0.771313 102.683973 0.000000 3.620144 -0.055710 
435 5.744768 0.000000 -0.771313 102.923652 0.000000 4.321694 -0.061196 
436 6.062460 0.000000 -1.066085 103.224342 0.000000 7.032654 -0.070472 
437 6.221306 0.000000 -0.329154 102.175057 0.000000 -7.312706 -0.049322 
438 6.062460 0.000000 -0.329154 101.955778 0.000000 -7.003280 -0.044403 
439 6.221306 0.000000 -0.476541 102.211860 0.000000 -1.863943 -0.045074 
440 6.300729 0.000000 -0.108075 99.984580 0.000000 -0.000000 0.000308 
441 6.221306 0.000000 -0.108075 100.432361 0.000000 -0.000000 -0.008666 
442 6.300729 0.000000 -0.181768 100.064423 0.000000 -0.000000 -0.001289 
443 6.419864 0.000000 -0.071229 99.761972 0.000000 -0.000000 0.004755 
444 6.380152 0.000000 -0.071229 99.797055 0.000000 -0.000000 0.004055 
445 6.419864 0.000000 -0.108075 99.767615 0.000000 -0.000000 0.004642 
446 6.459576 0.000000 -0.071229 99.651008 0.000000 -0.000000 0.006968 
447 7.333230 0.000000 -0.181768 78.843549 0.000000 -153.600738 -1.980949 
448 7.333230 0.000000 -0.476541 101.281391 0.000000 -3.736174 -0.027188 
449 7.650922 0.000000 -0.181768 92.054557 0.000000 -14.485926 0.131612 
450 7.333230 0.000000 0.113004 98.624795 0.000000 -13.807153 0.008251 
451 6.856691 0.000000 -0.034382 96.489921 0.000000 -24.452810 0.009176 
452 6.856691 0.000000 -0.181768 91.777065 0.000000 -104.725177 -0.939039 
453 7.015537 0.000000 -0.034382 96.789192 0.000000 -19.848542 0.023789 
454 6.856691 0.000000 0.113004 98.683608 0.000000 -16.475201 -0.000989 
455 6.618422 0.000000 0.039311 99.390619 0.000000 -0.000000 0.012150 
456 6.618422 0.000000 -0.034382 99.390421 0.000000 -0.000000 0.012154 
457 6.697845 0.000000 0.039311 99.207832 0.000000 -0.000000 0.015781 
458 6.618422 0.000000 0.113004 99.395895 0.000000 -0.000000 0.012046 
459 6.499287 0.000000 0.002464 95.174191 0.000000 -0.000000 0.094187 
460 6.499287 0.000000 -0.034382 95.508571 0.000000 -0.000000 0.087811 
461 6.538999 0.000000 0.002464 99.523356 0.000000 -0.000000 0.009510 
462 6.499287 0.000000 0.039311 95.578382 0.000000 -0.000000 0.086477 
463 6.439720 0.000000 -0.015959 96.432194 0.000000 -0.000000 0.070083 
464 6.419864 0.000000 -0.015959 98.842990 0.000000 -0.000000 0.023006 
465 6.439720 0.000000 -0.034382 95.868841 0.000000 -0.000000 0.080917 
466 6.459576 0.000000 -0.015959 95.178148 0.000000 -0.000000 0.094112 
467 6.439720 0.000000 0.002464 97.416109 0.000000 -0.000000 0.051010 
468 6.340441 0.000000 0.002464 100.096728 0.000000 0.000000 -0.001935 
469 6.300729 0.000000 0.002464 100.133387 0.000000 0.000000 -0.002670 
470 6.340441 0.000000 -0.034382 100.051395 0.000000 0.000000 -0.001028 
471 6.340441 0.000000 0.039311 100.006671 0.000000 0.000000 -0.000133 
472 5.427075 0.000000 -0.181768 105.864440 0.000000 0.214090 -0.120733 
473 5.427075 0.000000 -0.476541 102.526895 0.000000 1.267681 -0.051337 
474 5.427075 0.000000 0.113004 105.236621 0.000000 0.112704 -0.107476 
475 5.903614 0.000000 -0.034382 104.488628 0.000000 0.000000 -0.091787 
476 5.744768 0.000000 -0.034382 109.116335 0.000000 0.023335 -0.190638 
477 5.903614 0.000000 -0.181768 105.117558 0.000000 0.000000 -0.104970 
478 5.903614 0.000000 0.113004 105.069528 0.000000 0.000000 -0.103961 
479 6.141883 0.000000 0.039311 100.799596 0.000000 0.000000 -0.016056 
480 6.062460 0.000000 0.039311 101.590789 0.000000 0.000000 -0.032069 
481 6.141883 0.000000 -0.034382 100.795505 0.000000 0.000000 -0.015973 
482 6.141883 0.000000 0.113004 100.748853 0.000000 0.000000 -0.015033 
483 5.427075 0.000000 0.407776 102.627302 0.000000 1.264355 -0.053396 
484 5.427075 0.000000 0.702549 102.885719 0.000000 1.284486 -0.058712 
485 5.585922 0.000000 -0.034382 110.153503 0.000000 0.042437 -0.213380 
486 5.427075 0.000000 -0.034382 104.264006 0.000000 0.090561 -0.087099 
487 5.585922 0.000000 -0.181768 111.739888 0.000000 0.144338 -0.248582 
488 5.585922 0.000000 0.113004 107.519315 0.000000 0.072861 -0.156041 
489 5.903614 0.000000 0.260390 103.157111 0.000000 0.000000 -0.064139 
490 5.744768 0.000000 0.260390 110.155147 0.000000 0.158591 -0.213418 
491 5.903614 0.000000 0.407776 98.353607 0.000000 -12.513319 0.016998 
492 5.824191 0.000000 0.039311 106.610856 0.000000 0.012467 -0.136587 
493 5.744768 0.000000 0.039311 109.122877 0.000000 0.024187 -0.190780 
494 5.824191 0.000000 -0.034382 106.546324 0.000000 0.011908 -0.135212 
495 5.903614 0.000000 0.039311 104.558818 0.000000 0.000000 -0.093255 
496 5.824191 0.000000 0.113004 108.698468 0.000000 0.033560 -0.181536 
497 5.585922 0.000000 0.260390 112.647048 0.000000 0.182225 -0.268939 
498 5.427075 0.000000 0.260390 98.847488 0.000000 0.574670 0.022884 
499 5.585922 0.000000 0.407776 102.750343 0.000000 1.269315 -0.055924 
500 5.665345 0.000000 0.039311 110.541321 0.000000 0.031392 -0.221938 
501 5.585922 0.000000 0.039311 109.946084 0.000000 0.044000 -0.208814 
502 5.665345 0.000000 -0.034382 110.640406 0.000000 0.030269 -0.224130 
503 5.665345 0.000000 0.113004 111.258113 0.000000 0.080848 -0.237837 
504 5.268229 0.000000 -0.034382 99.297181 0.000000 0.165441 0.014004 
505 5.109383 0.000000 -0.034382 98.638392 0.000000 0.206143 0.027043 
506 5.268229 0.000000 -0.181768 99.075764 0.000000 0.383821 0.018385 
507 5.268229 0.000000 0.113004 98.545009 0.000000 0.216353 0.028883 
508 5.506499 0.000000 0.039311 106.275762 0.000000 0.064977 -0.129454 
509 5.427075 0.000000 0.039311 104.327116 0.000000 0.090953 -0.088416 
510 5.506499 0.000000 -0.034382 106.252310 0.000000 0.064822 -0.128956 
511 5.506499 0.000000 0.113004 106.648704 0.000000 0.079477 -0.137395 
512 5.427075 0.000000 -0.771313 102.627180 0.000000 1.264346 -0.053394 
513 5.427075 0.000000 -1.066085 102.885704 0.000000 1.284483 -0.058712 
514 5.585922 0.000000 -0.329154 102.629302 0.000000 1.264497 -0.053437 
515 5.427075 0.000000 -0.329154 102.527983 0.000000 1.267702 -0.051359 
516 5.585922 0.000000 -0.476541 102.628776 0.000000 1.264460 -0.053426 
517 5.744768 0.000000 -0.329154 102.886133 0.000000 1.284557 -0.058721 
518 5.506499 0.000000 -0.108075 106.621725 0.000000 0.080036 -0.136820 
519 5.427075 0.000000 -0.108075 105.182585 0.000000 0.113558 -0.106339 
520 5.506499 0.000000 -0.181768 108.386234 0.000000 0.133970 -0.174759 
521 5.585922 0.000000 -0.108075 107.514273 0.000000 0.073390 -0.155932 
522 5.546210 0.000000 0.002464 113.408721 0.000000 0.013739 -0.286154 
523 5.506499 0.000000 0.002464 109.128194 0.000000 0.008118 -0.190896 
524 5.546210 0.000000 -0.034382 109.605318 0.000000 0.041785 -0.201333 
525 5.585922 0.000000 0.002464 113.189630 0.000000 0.019168 -0.281189 
526 5.546210 0.000000 0.039311 106.902304 0.000000 0.060767 -0.142811 
527 -27.295236 0.000000 -28.185136 99.783431 0.000000 -6.981349 -0.000547 
528 -37.461391 0.000000 -28.185136 99.772484 0.000000 -6.982779 -0.000331 
529 -27.295236 0.000000 -37.617849 99.779179 0.000000 -6.975796 -0.000455 
530 33.701694 0.000000 -28.185136 99.791820 0.000000 -6.793382 -0.000456 
531 33.701694 0.000000 -37.617849 99.783145 0.000000 -6.875973 -0.000396 
532 43.867849 0.000000 -28.185136 99.782860 0.000000 -6.783573 -0.000264 
533 -12.046004 0.000000 -14.036066 99.862126 0.000000 -6.999170 -0.002143 
534 -17.129081 0.000000 -14.036066 99.819791 0.000000 -7.004600 -0.001306 
535 -12.046004 0.000000 -18.752423 99.845691 0.000000 -6.976896 -0.001784 
536 18.452462 0.000000 -14.036066 99.887636 0.000000 -6.357471 -0.001796 
537 18.452462 0.000000 -18.752423 99.856287 0.000000 -6.617884 -0.001507 
538 23.535539 0.000000 -14.036066 99.850932 0.000000 -6.333596 -0.001032 
539 -4.421387 0.000000 -6.961531 100.153423 0.000000 -7.071479 -0.008071 
540 -6.962926 0.000000 -6.961531 100.002566 0.000000 -7.096060 -0.005087 
541 -4.421387 0.000000 -9.319709 100.093373 0.000000 -6.986240 -0.006749 
542 10.827845 0.000000 -6.961531 100.181452 0.000000 -5.321243 -0.006464 
543 10.827845 0.000000 -9.319709 100.100143 0.000000 -5.904287 -0.005490 
544 13.369384 0.000000 -6.961531 100.063214 0.000000 -5.247870 -0.004019 
545 -0.609079 0.000000 -3.424264 101.131199 0.000000 -7.193956 -0.027927 
546 -1.879849 0.000000 -3.424264 100.666777 0.000000 -7.369415 -0.018811 
547 -0.609079 0.000000 -4.603353 100.881858 0.000000 -6.987066 -0.022597 
548 0.026306 0.000000 -1.655630 102.327388 0.000000 -7.205672 -0.052282 
549 -0.609079 0.000000 -1.655630 101.744207 0.000000 -7.753514 -0.041200 
550 0.026306 0.000000 -2.245174 101.910093 0.000000 -7.226569 -0.043789 
551 0.979383 0.000000 -0.771313 107.005372 0.000000 -1.425680 -0.145218 
552 0.661690 0.000000 -0.771313 102.709800 0.000000 -4.943619 -0.057374 
553 0.979383 0.000000 -1.066085 104.609871 0.000000 -1.401209 -0.094519 
554 2.885537 0.000000 0.407776 106.840913 0.000000 0.988581 -0.141596 
555 3.203229 0.000000 0.407776 105.869766 0.000000 1.609547 -0.121100 
556 2.885537 0.000000 0.702549 107.698447 0.000000 1.349451 -0.160078 
557 2.408998 0.000000 -0.329154 111.900226 0.000000 2.102764 -0.252608 
558 2.408998 0.000000 -0.476541 108.785861 0.000000 1.522718 -0.183668 
559 2.408998 0.000000 -0.181768 107.580645 0.000000 1.623489 -0.157623 
560 2.408998 0.000000 -0.034382 98.076268 0.000000 0.460971 0.038083 
561 2.567844 0.000000 -0.034382 100.131911 0.000000 0.731653 -0.002693 
562 2.408998 0.000000 0.113004 98.255733 0.000000 0.235024 0.034576 
563 3.520921 0.000000 -0.771313 103.540654 0.000000 1.751306 -0.072373 
564 3.520921 0.000000 -1.066085 102.622904 0.000000 1.739224 -0.053449 
565 2.726690 0.000000 -0.034382 99.226881 0.000000 0.478187 0.015380 
566 2.885537 0.000000 -0.034382 100.150892 0.000000 0.640287 -0.003061 
567 2.726690 0.000000 0.113004 99.710266 0.000000 0.324510 0.005776 
568 3.520921 0.000000 0.407776 103.536940 0.000000 1.750259 -0.072296 
569 3.520921 0.000000 0.702549 102.621126 0.000000 1.738151 -0.053412 
570 9.557076 0.000000 -3.424264 100.668173 0.000000 -2.332328 -0.013952 
571 9.557076 0.000000 -4.603353 100.432399 0.000000 -4.142739 -0.010383 
572 10.827845 0.000000 -3.424264 100.480985 0.000000 -1.958609 -0.010026 
573 7.650922 0.000000 -1.655630 102.859425 0.000000 7.869465 -0.064199 
574 7.650922 0.000000 -2.245174 101.813917 0.000000 2.187757 -0.037086 
575 8.286307 0.000000 -1.655630 102.867019 0.000000 8.423525 -0.065258 
576 4.950537 0.000000 -0.034382 99.646967 0.000000 0.253188 0.007042 
577 4.950537 0.000000 -0.181768 100.327774 0.000000 0.488787 -0.006590 
578 4.950537 0.000000 0.113004 99.719676 0.000000 0.323998 0.005588 
579 7.333230 0.000000 -0.771313 101.897399 0.000000 1.077959 -0.038424 
580 7.333230 0.000000 -1.066085 102.476995 0.000000 4.784380 -0.052442 
581 7.650922 0.000000 -0.771313 101.994008 0.000000 0.527898 -0.040306 
582 6.856691 0.000000 -0.329154 101.025399 0.000000 -8.310907 -0.027520 
583 6.856691 0.000000 -0.476541 101.478990 0.000000 -2.546316 -0.030447 
584 7.015537 0.000000 -0.329154 100.859398 0.000000 -9.182073 -0.025693 
585 5.903614 0.000000 -0.329154 101.777824 0.000000 -6.485718 -0.040079 
586 5.903614 0.000000 -0.476541 102.162425 0.000000 -1.374532 -0.043905 
587 7.333230 0.000000 0.407776 98.452504 0.000000 -11.389440 0.017739 
588 7.650922 0.000000 0.407776 98.227889 0.000000 -11.128641 0.022744 
589 7.333230 0.000000 0.702549 98.500326 0.000000 -8.136516 0.023148 
590 6.856691 0.000000 0.260390 98.623899 0.000000 -14.808778 0.005403 
591 7.015537 0.000000 0.260390 98.673725 0.000000 -15.311378 0.002906 
592 6.856691 0.000000 0.407776 98.546226 0.000000 -11.433834 0.015791 
593 6.618422 0.000000 -0.108075 99.395446 0.000000 -0.000000 0.012055 
594 6.618422 0.000000 -0.181768 99.207832 0.000000 -0.000000 0.015781 
595 6.697845 0.000000 -0.108075 90.959398 0.000000 -66.666359 -0.271802 
596 6.141883 0.000000 -0.108075 100.749102 0.000000 0.000000 -0.015038 
597 6.062460 0.000000 -0.108075 101.612415 0.000000 0.000000 -0.032508 
598 6.141883 0.000000 -0.181768 100.851845 0.000000 0.000000 -0.017109 
599 0.026306 0.000000 0.702549 96.219428 0.000000 -7.690246 0.068268 
600 -0.609079 0.000000 0.702549 96.987284 0.000000 -8.927091 0.051377 
601 0.026306 0.000000 1.292093 97.056380 0.000000 -7.147908 0.052897 
602 0.979383 0.000000 0.407776 107.006630 0.000000 -1.425681 -0.145245 
603 0.661690 0.000000 0.407776 136.981471 0.000000 -87.932613 -1.649607 
604 0.979383 0.000000 0.702549 104.609900 0.000000 -1.401211 -0.094519 
605 1.455921 0.000000 -0.034382 99.839847 0.000000 -0.023474 0.003200 
606 1.297075 0.000000 -0.034382 101.498148 0.000000 -0.092008 -0.030188 
607 1.455921 0.000000 0.113004 102.289936 0.000000 -0.050312 -0.046323 
608 1.694190 0.000000 -0.108075 97.573833 0.000000 0.017193 0.047935 
609 1.614767 0.000000 -0.108075 98.077034 0.000000 0.013132 0.038090 
610 1.694190 0.000000 -0.034382 96.689130 0.000000 0.015935 0.065121 
611 6.499287 0.000000 -0.071229 99.631815 0.000000 -0.000000 0.007350 
612 6.499287 0.000000 -0.108075 99.638861 0.000000 -0.000000 0.007210 
613 6.538999 0.000000 -0.071229 99.528346 0.000000 -0.000000 0.009411 
614 6.340441 0.000000 -0.071229 99.940637 0.000000 -0.000000 0.001187 
615 6.300729 0.000000 -0.071229 99.986571 0.000000 -0.000000 0.000269 
616 6.340441 0.000000 -0.108075 99.942837 0.000000 -0.000000 0.001143 
617 5.268229 0.000000 -0.329154 102.445098 0.000000 1.279210 -0.049663 
618 5.109383 0.000000 -0.329154 100.914856 0.000000 0.834681 -0.018450 
619 5.268229 0.000000 -0.476541 102.443163 0.000000 1.279291 -0.049624 
620 5.983037 0.000000 0.039311 102.796138 0.000000 0.000000 -0.056705 
621 5.983037 0.000000 -0.034382 102.772804 0.000000 0.000000 -0.056225 
622 5.983037 0.000000 0.113004 102.960174 0.000000 0.000000 -0.060080 
623 5.268229 0.000000 0.260390 98.978811 0.000000 0.489611 0.020296 
624 5.109383 0.000000 0.260390 100.669546 0.000000 0.560968 -0.013467 
625 5.268229 0.000000 0.407776 102.523467 0.000000 1.267602 -0.051267 
626 5.665345 0.000000 -0.108075 111.259629 0.000000 0.081545 -0.237871 
627 5.665345 0.000000 -0.181768 111.893777 0.000000 0.108877 -0.252023 
628 5.744768 0.000000 -0.108075 110.122631 0.000000 0.051835 -0.212700 
629 4.950537 0.000000 -0.329154 101.092403 0.000000 0.913922 -0.022051 
630 4.950537 0.000000 -0.476541 102.375441 0.000000 1.299584 -0.048242 
631 4.950537 0.000000 0.260390 100.808742 0.000000 0.831225 -0.016309 
632 4.791691 0.000000 0.260390 101.122341 0.000000 0.847560 -0.022645 
633 4.950537 0.000000 0.407776 102.433876 0.000000 1.279580 -0.049434 
634 5.824191 0.000000 -0.108075 108.689594 0.000000 0.033818 -0.181343 
635 5.824191 0.000000 -0.181768 107.683185 0.000000 0.046212 -0.159567 
636 5.903614 0.000000 -0.108075 106.276757 0.000000 0.000000 -0.129475 
637 5.983037 0.000000 -0.108075 102.958226 0.000000 0.000000 -0.060040 
638 5.983037 0.000000 -0.181768 102.986101 0.000000 0.000000 -0.060614 
639 4.632845 0.000000 0.260390 101.203766 0.000000 0.913494 -0.024304 
640 4.473998 0.000000 0.260390 101.271686 0.000000 0.930454 -0.025682 
641 4.632845 0.000000 0.407776 102.301107 0.000000 1.334314 -0.046730 
642 4.315152 0.000000 0.260390 101.307063 0.000000 0.990084 -0.026410 
643 4.156306 0.000000 0.260390 101.428178 0.000000 1.005842 -0.028869 
644 4.315152 0.000000 0.407776 102.253342 0.000000 1.387733 -0.045767 
1 19 21 9 22 
2 20 19 22 4 
3 28 29 3 30 
4 21 28 30 9 
5 35 37 21 38 
6 36 35 38 19 
7 44 45 28 46 
8 37 44 46 21 
9 51 53 37 54 
10 52 51 54 35 
11 60 61 44 62 
12 53 60 62 37 
13 67 69 53 70 
14 68 67 70 51 
15 76 77 60 78 
16 69 76 78 53 
17 83 85 69 86 
18 84 83 86 67 
19 11 94 92 93 
20 94 10 24 92 
21 92 24 14 95 
22 93 92 95 6 
23 24 98 96 97 
24 98 23 40 96 
25 96 40 27 99 
26 97 96 99 14 
27 40 102 100 101 
28 102 39 56 100 
29 100 56 43 103 
30 101 100 103 27 
31 56 106 104 105 
32 105 104 107 43 
33 112 113 76 114 
34 85 112 114 69 
35 115 117 85 118 
36 116 115 118 83 
37 129 90 130 128 
38 128 130 5 131 
39 132 133 112 134 
40 117 132 134 85 
41 90 136 135 130 
42 136 124 137 135 
43 135 137 127 138 
44 130 135 138 5 
45 15 140 139 33 
46 140 17 141 139 
47 139 141 8 142 
48 33 139 142 18 
49 31 144 143 49 
50 144 33 145 143 
51 143 145 18 146 
52 49 143 146 34 
53 148 49 149 147 
54 147 149 34 150 
55 124 160 159 137 
56 137 159 162 127 
57 18 142 163 45 
58 142 8 164 163 
59 163 164 29 165 
60 45 163 165 28 
61 34 146 166 61 
62 146 18 167 166 
63 166 167 45 168 
64 61 166 168 44 
65 150 34 170 169 
66 169 170 61 171 
67 77 169 171 60 
68 172 173 77 174 
69 113 172 174 76 
70 175 176 113 177 
71 133 175 177 112 
72 65 187 186 153 
73 187 147 188 186 
74 186 188 150 189 
75 153 186 189 50 
76 191 153 192 190 
77 190 192 50 193 
78 194 195 172 196 
79 176 194 196 113 
80 50 189 206 173 
81 189 150 207 206 
82 206 207 169 208 
83 173 206 208 77 
84 193 50 210 209 
85 209 210 173 211 
86 195 209 211 172 
87 212 214 195 215 
88 213 212 215 194 
89 221 213 194 223 
90 222 221 223 176 
91 185 220 228 229 
92 220 201 230 228 
93 228 230 212 231 
94 229 228 231 213 
95 232 235 220 236 
96 233 232 236 185 
97 7 239 237 238 
98 239 16 240 237 
99 237 240 15 32 
100 238 237 32 13 
101 13 243 241 242 
102 243 32 244 241 
103 241 244 31 48 
104 242 241 48 26 
105 26 247 245 246 
106 247 48 248 245 
107 245 248 47 64 
108 246 245 64 42 
109 42 251 249 250 
110 251 64 252 249 
111 249 252 63 80 
112 250 249 80 58 
113 80 255 253 254 
114 255 63 256 253 
115 253 256 81 156 
116 254 253 156 79 
117 79 259 257 258 
118 259 156 260 257 
119 257 260 155 179 
120 258 257 179 126 
121 126 263 261 262 
122 263 179 264 261 
123 261 264 178 265 
124 58 268 266 267 
125 268 80 254 266 
126 266 254 79 125 
127 267 266 125 74 
128 125 271 269 270 
129 271 79 258 269 
130 269 258 126 160 
131 270 269 160 124 
132 160 274 272 273 
133 274 126 262 272 
134 273 272 275 159 
135 276 278 175 279 
136 277 276 279 133 
137 161 265 280 281 
138 265 178 282 280 
139 280 282 181 283 
140 281 280 283 82 
141 262 286 284 285 
142 286 261 287 284 
143 284 287 265 288 
144 285 284 288 161 
145 127 162 289 290 
146 289 277 133 291 
147 290 289 291 132 
148 159 275 292 293 
149 275 161 281 292 
150 292 281 82 294 
151 293 292 294 162 
152 272 297 295 296 
153 297 262 285 295 
154 295 285 161 298 
155 296 295 298 275 
156 12 301 299 300 
157 301 7 238 299 
158 299 238 13 25 
159 300 299 25 10 
160 25 304 302 303 
161 304 13 242 302 
162 302 242 26 41 
163 303 302 41 23 
164 41 307 305 306 
165 307 26 246 305 
166 305 246 42 57 
167 306 305 57 39 
168 57 310 308 309 
169 310 42 250 308 
170 308 250 58 73 
171 309 308 73 55 
172 73 313 311 312 
173 313 58 267 311 
174 311 267 74 89 
175 312 311 89 71 
176 89 316 314 315 
177 316 74 317 314 
178 314 317 90 129 
179 315 314 129 87 
180 87 320 318 319 
181 320 129 321 318 
182 318 321 128 322 
183 319 318 322 122 
184 6 95 323 324 
185 95 14 36 323 
186 323 36 19 325 
187 324 323 325 20 
188 14 99 326 327 
189 99 27 52 326 
190 326 52 35 328 
191 327 326 328 36 
192 27 103 329 330 
193 103 43 68 329 
194 329 68 51 331 
195 330 329 331 52 
196 43 107 332 333 
197 332 84 67 334 
198 333 332 334 68 
199 335 116 83 337 
200 336 335 337 84 
201 71 344 342 343 
202 344 89 315 342 
203 342 315 87 121 
204 343 342 121 88 
205 88 347 345 346 
206 347 121 348 345 
207 345 348 119 349 
208 346 345 349 120 
209 55 352 350 351 
210 352 73 312 350 
211 350 312 71 110 
212 351 350 110 72 
213 110 355 353 354 
214 355 71 343 353 
215 353 343 88 340 
216 354 353 340 108 
217 340 358 356 357 
218 358 88 346 356 
219 111 341 360 361 
220 341 75 362 360 
221 360 362 116 363 
222 361 360 363 335 
223 364 366 75 367 
224 365 364 367 341 
225 356 370 368 369 
226 370 346 371 368 
227 368 371 120 372 
228 104 375 373 374 
229 375 72 109 373 
230 373 109 59 376 
231 374 373 376 107 
232 109 379 377 378 
233 379 108 339 377 
234 377 339 111 380 
235 378 377 380 59 
236 108 383 381 382 
237 383 340 357 381 
238 381 357 338 384 
239 382 381 384 339 
240 357 387 385 386 
241 387 356 369 385 
242 385 369 359 388 
243 386 385 388 338 
244 75 123 389 362 
245 123 91 390 389 
246 389 390 115 391 
247 362 389 391 116 
248 120 349 392 366 
249 349 119 393 392 
250 392 393 123 394 
251 366 392 394 75 
252 359 372 395 396 
253 372 120 397 395 
254 395 397 366 398 
255 396 395 398 364 
256 369 401 399 400 
257 401 368 402 399 
258 399 402 372 403 
259 400 399 403 359 
260 205 227 404 405 
261 227 185 229 404 
262 404 229 213 406 
263 405 404 406 221 
264 224 409 407 408 
265 407 233 185 410 
266 408 407 410 227 
267 64 412 411 252 
268 412 47 413 411 
269 411 413 65 152 
270 252 411 152 63 
271 63 415 414 256 
272 415 152 416 414 
273 414 416 151 183 
274 256 414 183 81 
275 183 419 417 418 
276 419 151 420 417 
277 417 420 184 199 
278 418 417 199 182 
279 182 423 421 422 
280 423 199 424 421 
281 421 424 197 218 
282 422 421 218 198 
283 198 427 425 426 
284 427 218 428 425 
285 217 431 429 430 
286 429 432 232 433 
287 430 429 433 233 
288 81 436 434 435 
289 436 183 418 434 
290 434 418 182 204 
291 435 434 204 157 
292 204 439 437 438 
293 439 182 422 437 
294 437 422 198 226 
295 438 437 226 202 
296 226 442 440 441 
297 442 198 426 440 
298 441 440 409 224 
299 426 445 443 444 
300 445 425 446 443 
301 443 446 234 431 
302 444 443 431 217 
303 184 448 447 200 
304 448 190 449 447 
305 447 449 193 450 
306 200 447 450 154 
307 197 452 451 219 
308 452 200 453 451 
309 451 453 154 454 
310 219 451 454 201 
311 216 456 455 235 
312 456 219 457 455 
313 455 457 201 458 
314 235 455 458 220 
315 234 460 459 432 
316 460 216 461 459 
317 459 461 235 462 
318 432 459 462 232 
319 431 465 463 464 
320 465 234 466 463 
321 463 466 432 467 
322 464 463 467 429 
323 409 470 468 469 
324 470 217 430 468 
325 468 430 233 471 
326 469 468 471 407 
327 225 481 479 480 
328 481 224 408 479 
329 479 408 227 482 
330 480 479 482 205 
331 483 222 176 484 
332 278 483 484 175 
333 66 478 489 490 
334 478 205 405 489 
335 489 405 221 491 
336 490 489 491 222 
337 476 494 492 493 
338 494 475 495 492 
339 492 495 478 496 
340 493 492 496 66 
341 474 488 497 498 
342 488 66 490 497 
343 497 490 222 499 
344 498 497 499 483 
345 485 502 500 501 
346 502 476 493 500 
347 500 493 66 503 
348 501 500 503 488 
349 180 506 504 505 
350 506 472 486 504 
351 504 486 474 507 
352 505 504 507 158 
353 486 510 508 509 
354 508 501 488 511 
355 509 508 511 474 
356 156 513 512 260 
357 513 81 435 512 
358 512 435 157 473 
359 260 512 473 155 
360 473 516 514 515 
361 516 157 517 514 
362 514 517 203 487 
363 515 514 487 472 
364 472 520 518 519 
365 520 487 521 518 
366 518 521 485 510 
367 519 518 510 486 
368 510 524 522 523 
369 524 485 525 522 
370 522 525 501 526 
371 523 522 526 508 
372 1 529 527 528 
373 529 12 300 527 
374 527 300 10 94 
375 528 527 94 11 
376 16 531 530 240 
377 531 2 532 530 
378 530 532 17 140 
379 240 530 140 15 
380 10 535 533 534 
381 535 25 303 533 
382 533 303 23 98 
383 534 533 98 24 
384 32 537 536 244 
385 537 15 538 536 
386 536 538 33 144 
387 244 536 144 31 
388 23 541 539 540 
389 541 41 306 539 
390 539 306 39 102 
391 540 539 102 40 
392 48 543 542 248 
393 543 31 544 542 
394 542 544 49 148 
395 248 542 148 47 
396 39 547 545 546 
397 547 57 309 545 
398 545 309 55 106 
399 546 545 106 56 
400 106 550 548 549 
401 550 55 351 548 
402 548 351 72 375 
403 549 548 375 104 
404 72 553 551 552 
405 553 110 354 551 
406 551 354 108 379 
407 552 551 379 109 
408 91 131 554 390 
409 131 5 555 554 
410 554 555 117 556 
411 390 554 556 115 
412 121 558 557 348 
413 558 87 319 557 
414 557 319 122 559 
415 348 557 559 119 
416 119 559 560 393 
417 559 122 561 560 
418 560 561 91 562 
419 393 560 562 123 
420 74 564 563 317 
421 564 125 270 563 
422 563 270 124 136 
423 317 563 136 90 
424 122 322 565 561 
425 322 128 566 565 
426 565 566 131 567 
427 561 565 567 91 
428 5 138 568 555 
429 138 127 290 568 
430 568 290 132 569 
431 555 568 569 117 
432 47 571 570 413 
433 571 148 572 570 
434 570 572 147 187 
435 413 570 187 65 
436 152 574 573 416 
437 574 65 575 573 
438 573 575 153 191 
439 416 573 191 151 
440 178 577 576 282 
441 577 180 505 576 
442 576 505 158 578 
443 282 576 578 181 
444 151 580 579 420 
445 580 191 581 579 
446 579 581 190 448 
447 420 579 448 184 
448 199 583 582 424 
449 583 184 584 582 
450 582 584 200 452 
451 424 582 452 197 
452 157 586 585 517 
453 586 204 438 585 
454 585 438 202 477 
455 517 585 477 203 
456 154 450 587 214 
457 450 193 588 587 
458 587 588 209 589 
459 214 587 589 195 
460 201 454 590 230 
461 454 154 591 590 
462 590 591 214 592 
463 230 590 592 212 
464 218 594 593 428 
465 594 197 595 593 
466 593 595 219 456 
467 428 593 456 216 
468 202 598 596 597 
469 598 226 441 596 
470 596 441 224 481 
471 597 596 481 225 
472 107 376 599 600 
473 376 59 336 599 
474 599 336 84 601 
475 600 599 601 332 
476 59 380 602 603 
477 380 111 361 602 
478 602 361 335 604 
479 603 602 604 336 
480 339 384 605 606 
481 384 338 365 605 
482 605 365 341 607 
483 606 605 607 111 
484 338 388 608 609 
485 388 359 396 608 
486 608 396 364 610 
487 609 608 610 365 
488 425 612 611 446 
489 612 428 613 611 
490 611 613 216 460 
491 446 611 460 234 
492 440 616 614 615 
493 616 426 444 614 
494 614 444 217 470 
495 615 614 470 409 
496 155 619 617 618 
497 619 473 515 617 
498 617 515 472 506 
499 618 617 506 180 
500 475 621 620 495 
501 621 225 480 620 
502 620 480 205 622 
503 495 620 622 478 
504 158 507 623 624 
505 507 474 498 623 
506 623 498 483 625 
507 624 623 625 278 
508 487 627 626 521 
509 627 203 628 626 
510 626 628 476 502 
511 521 626 502 485 
512 179 630 629 264 
513 630 155 618 629 
514 629 618 180 577 
515 264 629 577 178 
516 181 578 631 632 
517 578 158 624 631 
518 631 624 278 633 
519 632 631 633 276 
520 203 635 634 628 
521 635 477 636 634 
522 634 636 475 494 
523 628 634 494 476 
524 477 638 637 636 
525 638 202 597 637 
526 637 597 225 621 
527 636 637 621 475 
528 82 283 639 640 
529 283 181 632 639 
530 639 632 276 641 
531 640 639 641 277 
532 162 294 642 643 
533 294 82 640 642 
534 642 640 277 644 
535 643 642 644 289 
