2 0.000000 100.000000 473.401889
669 553 
1 -37.472771 0.000000 -37.629229 99.753202 0.000000 6.976563 0.000063 
2 44.014128 0.000000 -37.629229 99.753921 0.000000 6.955304 0.000078 
3 44.014128 0.000000 37.933280 99.761657 0.000000 6.948817 -0.000067 
4 -37.472771 0.000000 37.933280 99.760018 0.000000 6.976376 -0.000073 
5 3.270679 0.000000 0.152025 93.476012 0.000000 0.184119 0.126220 
6 -37.472771 0.000000 0.152025 99.756776 0.000000 6.980160 -0.000014 
7 3.270679 0.000000 -37.629229 99.745799 0.000000 6.965588 0.000226 
8 44.014128 0.000000 0.152025 99.867052 0.000000 5.387079 -0.000245 
9 3.270679 0.000000 37.933280 99.768393 0.000000 6.964227 -0.000223 
10 -17.101046 0.000000 -18.738602 99.744087 0.000000 6.979469 0.000240 
11 -37.472771 0.000000 -18.738602 99.753562 0.000000 6.978638 0.000053 
12 -17.101046 0.000000 -37.629229 99.749302 0.000000 6.974337 0.000144 
13 3.270679 0.000000 -18.738602 99.709533 0.000000 6.940630 0.000984 
14 -17.101046 0.000000 0.152025 99.757974 0.000000 6.993963 -0.000057 
15 23.642403 0.000000 -18.738602 99.745738 0.000000 6.897451 0.000321 
16 23.642403 0.000000 -37.629229 99.749524 0.000000 6.956829 0.000164 
17 44.014128 0.000000 -18.738602 99.757289 0.000000 6.906071 0.000079 
18 23.642403 0.000000 0.152025 100.301559 0.000000 -0.850300 -0.006113 
19 -17.101046 0.000000 19.042653 99.770289 0.000000 6.978638 -0.000281 
20 -37.472771 0.000000 19.042653 99.759855 0.000000 6.978469 -0.000073 
21 3.270679 0.000000 19.042653 99.808710 0.000000 6.936630 -0.000990 
22 -17.101046 0.000000 37.933280 99.764252 0.000000 6.973834 -0.000154 
23 -6.915184 0.000000 -9.293288 99.705121 0.000000 6.997843 0.000992 
24 -17.101046 0.000000 -9.293288 99.745777 0.000000 6.987428 0.000196 
25 -6.915184 0.000000 -18.738602 99.729147 0.000000 6.971452 0.000550 
26 3.270679 0.000000 -9.293288 99.614845 0.000000 6.848713 0.002998 
27 -6.915184 0.000000 0.152025 99.761873 0.000000 7.034185 -0.000191 
28 23.642403 0.000000 19.042653 99.777443 0.000000 6.876188 -0.000282 
29 44.014128 0.000000 19.042653 99.767521 0.000000 6.859871 -0.000062 
30 23.642403 0.000000 37.933280 99.765534 0.000000 6.953404 -0.000151 
31 13.456541 0.000000 -9.293288 99.715297 0.000000 6.707901 0.001186 
32 13.456541 0.000000 -18.738602 99.729381 0.000000 6.907586 0.000634 
33 23.642403 0.000000 -9.293288 99.757704 0.000000 6.731300 0.000309 
34 13.456541 0.000000 0.152025 99.478865 0.000000 6.850905 0.005702 
35 -6.915184 0.000000 9.597339 99.813876 0.000000 6.994105 -0.001173 
36 -17.101046 0.000000 9.597339 99.769485 0.000000 6.986618 -0.000276 
37 3.270679 0.000000 9.597339 99.907886 0.000000 6.841357 -0.002839 
38 -6.915184 0.000000 19.042653 99.786203 0.000000 6.969470 -0.000586 
39 -1.822253 0.000000 -4.570631 99.619649 0.000000 7.067796 0.002597 
40 -6.915184 0.000000 -4.570631 99.720714 0.000000 7.019779 0.000650 
41 -1.822253 0.000000 -9.293288 99.657451 0.000000 6.960848 0.001994 
42 3.270679 0.000000 -4.570631 99.335544 0.000000 6.685473 0.008775 
43 -1.822253 0.000000 0.152025 99.632937 0.000000 6.902938 0.002563 
44 13.456541 0.000000 9.597339 99.827250 0.000000 6.667016 -0.000993 
45 23.642403 0.000000 9.597339 99.792451 0.000000 6.627611 -0.000246 
46 13.456541 0.000000 19.042653 99.792338 0.000000 6.896968 -0.000608 
47 8.363610 0.000000 -4.570631 99.535520 0.000000 6.284871 0.005318 
48 8.363610 0.000000 -9.293288 99.654791 0.000000 6.739063 0.002351 
49 13.456541 0.000000 -4.570631 99.729317 0.000000 6.261727 0.001485 
50 8.363610 0.000000 0.152025 100.364476 0.000000 5.446404 -0.010269 
51 -1.822253 0.000000 4.874682 99.901806 0.000000 7.052764 -0.003011 
52 -6.915184 0.000000 4.874682 99.801101 0.000000 7.016042 -0.000948 
53 3.270679 0.000000 4.874682 100.187669 0.000000 6.760488 -0.008327 
54 -1.822253 0.000000 9.597339 99.861455 0.000000 6.954157 -0.002067 
55 0.724213 0.000000 -2.209303 99.031267 0.000000 7.820596 0.013165 
56 -1.822253 0.000000 -2.209303 99.776755 0.000000 7.183491 -0.000700 
57 0.724213 0.000000 -4.570631 99.408611 0.000000 7.003393 0.006888 
58 3.270679 0.000000 -2.209303 99.164787 0.000000 6.143041 0.012861 
59 0.724213 0.000000 0.152025 101.193516 0.000000 0.067312 -0.024013 
60 8.363610 0.000000 4.874682 100.004483 0.000000 6.349463 -0.004121 
61 13.456541 0.000000 4.874682 99.852062 0.000000 6.329521 -0.001050 
62 8.363610 0.000000 9.597339 99.878384 0.000000 6.720478 -0.002086 
63 5.817144 0.000000 -2.209303 98.975449 0.000000 6.459389 0.016214 
64 5.817144 0.000000 -4.570631 99.421524 0.000000 6.466495 0.007355 
65 8.363610 0.000000 -2.209303 99.375831 0.000000 5.640524 0.009263 
66 5.817144 0.000000 0.152025 100.212702 0.000000 0.085256 -0.004259 
67 0.724213 0.000000 2.513354 100.234199 0.000000 7.767928 -0.010724 
68 -1.822253 0.000000 2.513354 99.768791 0.000000 7.203768 -0.000571 
69 3.270679 0.000000 2.513354 100.473334 0.000000 7.057713 -0.014470 
70 0.724213 0.000000 4.874682 100.079425 0.000000 7.007788 -0.006500 
71 1.997446 0.000000 -1.028639 99.691225 0.000000 0.502715 0.006141 
72 0.724213 0.000000 -1.028639 98.834141 0.000000 10.592452 0.011961 
73 1.997446 0.000000 -2.209303 98.407564 0.000000 6.813810 0.026952 
74 3.270679 0.000000 -1.028639 98.844273 0.000000 0.584764 0.022947 
75 1.997446 0.000000 0.152025 108.440186 0.000000 0.165992 -0.175930 
76 -27.286909 0.000000 -9.293288 99.752777 0.000000 6.982275 0.000063 
77 -37.472771 0.000000 -9.293288 99.754829 0.000000 6.979728 0.000026 
78 -27.286909 0.000000 -18.738602 99.750780 0.000000 6.979545 0.000107 
79 -27.286909 0.000000 0.152025 99.757079 0.000000 6.983567 -0.000024 
80 -12.008115 0.000000 -4.570631 99.743264 0.000000 7.001687 0.000226 
81 -17.101046 0.000000 -4.570631 99.750744 0.000000 6.991209 0.000091 
82 -12.008115 0.000000 -9.293288 99.734937 0.000000 6.993684 0.000403 
83 -12.008115 0.000000 0.152025 99.759563 0.000000 7.011067 -0.000113 
84 -4.368718 0.000000 -2.209303 99.730834 0.000000 7.054340 0.000400 
85 -6.915184 0.000000 -2.209303 99.739046 0.000000 7.031320 0.000268 
86 -4.368718 0.000000 -4.570631 99.692378 0.000000 7.032459 0.001197 
87 -4.368718 0.000000 0.152025 99.760323 0.000000 7.048674 -0.000181 
88 -0.549020 0.000000 -1.028639 100.960353 0.000000 7.707087 -0.025239 
89 -1.822253 0.000000 -1.028639 99.907955 0.000000 7.060707 -0.003145 
90 -0.549020 0.000000 -2.209303 99.746560 0.000000 7.538387 -0.000620 
91 -0.549020 0.000000 0.152025 98.184068 0.000000 4.315852 0.034126 
92 5.817144 0.000000 2.513354 100.437503 0.000000 6.930028 -0.013572 
93 8.363610 0.000000 2.513354 99.964005 0.000000 6.760074 -0.003850 
94 5.817144 0.000000 4.874682 100.133846 0.000000 6.510836 -0.006918 
95 1.997446 0.000000 1.332690 101.593218 0.000000 8.783505 -0.039833 
96 0.724213 0.000000 1.332690 100.042745 0.000000 9.986459 -0.010828 
97 3.270679 0.000000 1.332690 100.288480 0.000000 7.868276 -0.011969 
98 1.997446 0.000000 2.513354 100.632349 0.000000 7.421927 -0.018195 
99 1.360829 0.000000 -0.438307 99.797000 0.000000 0.510215 0.004030 
100 0.724213 0.000000 -0.438307 99.899813 0.000000 0.537558 0.001974 
101 1.360829 0.000000 -1.028639 99.855456 0.000000 0.517217 0.002862 
102 1.997446 0.000000 -0.438307 99.626283 0.000000 0.505572 0.007435 
103 1.360829 0.000000 0.152025 102.801393 0.000000 0.108387 -0.056814 
104 4.543911 0.000000 -1.028639 98.823340 0.000000 0.795538 0.023331 
105 4.543911 0.000000 -2.209303 99.384727 0.000000 6.628597 0.007874 
106 5.817144 0.000000 -1.028639 98.936707 0.000000 0.805905 0.021088 
107 4.543911 0.000000 0.152025 95.795693 0.000000 0.247695 0.082312 
108 2.634062 0.000000 -0.438307 99.252245 0.000000 0.500237 0.014874 
109 2.634062 0.000000 -1.028639 99.449874 0.000000 0.513038 0.010946 
110 3.270679 0.000000 -0.438307 98.823436 0.000000 0.598835 0.023357 
111 2.634062 0.000000 0.152025 99.789646 0.000000 0.188812 0.004199 
112 -27.286909 0.000000 9.597339 99.761248 0.000000 6.982023 -0.000106 
113 -37.472771 0.000000 9.597339 99.758682 0.000000 6.979624 -0.000051 
114 -27.286909 0.000000 19.042653 99.762982 0.000000 6.979192 -0.000136 
115 -12.008115 0.000000 4.874682 99.775072 0.000000 7.001130 -0.000408 
116 -17.101046 0.000000 4.874682 99.764961 0.000000 6.990594 -0.000192 
117 -12.008115 0.000000 9.597339 99.781584 0.000000 6.992078 -0.000525 
118 -4.368718 0.000000 2.513354 99.796302 0.000000 7.052716 -0.000904 
119 -6.915184 0.000000 2.513354 99.784364 0.000000 7.029250 -0.000633 
120 -4.368718 0.000000 4.874682 99.832828 0.000000 7.025374 -0.001595 
121 -0.549020 0.000000 1.332690 98.896320 0.000000 8.008572 0.015538 
122 -1.822253 0.000000 1.332690 99.561135 0.000000 7.166377 0.003622 
123 -0.549020 0.000000 2.513354 99.804254 0.000000 7.495677 -0.001707 
124 1.360829 0.000000 0.742357 99.855096 0.000000 0.517061 0.002869 
125 0.724213 0.000000 0.742357 100.261908 0.000000 10.810335 -0.016931 
126 1.997446 0.000000 0.742357 99.688998 0.000000 0.502533 0.006185 
127 1.360829 0.000000 1.332690 101.139227 0.000000 9.715588 -0.032354 
128 1.679138 0.000000 -0.143141 107.484863 0.000000 0.135441 -0.155301 
129 1.360829 0.000000 -0.143141 102.795866 0.000000 0.110636 -0.056700 
130 1.679138 0.000000 -0.438307 99.719903 0.000000 0.505965 0.005568 
131 1.997446 0.000000 -0.143141 105.306196 0.000000 0.288017 -0.108948 
132 1.679138 0.000000 0.152025 107.549971 0.000000 0.131122 -0.156701 
133 4.543911 0.000000 1.332690 100.071467 0.000000 8.789466 -0.009155 
134 5.817144 0.000000 1.332690 101.266666 0.000000 7.412839 -0.030989 
135 4.543911 0.000000 2.513354 100.360161 0.000000 7.082298 -0.012232 
136 2.634062 0.000000 0.742357 99.449174 0.000000 0.513307 0.010960 
137 3.270679 0.000000 0.742357 98.844352 0.000000 0.585178 0.022945 
138 2.634062 0.000000 1.332690 101.126382 0.000000 7.965980 -0.029000 
139 2.315754 0.000000 -0.143141 102.567379 0.000000 0.269617 -0.052014 
140 2.315754 0.000000 -0.438307 99.529837 0.000000 0.492267 0.009357 
141 2.634062 0.000000 -0.143141 99.932375 0.000000 0.253369 0.001346 
142 2.315754 0.000000 0.152025 104.049885 0.000000 0.179040 -0.082641 
143 3.907295 0.000000 -0.438307 98.735985 0.000000 0.727901 0.025068 
144 3.907295 0.000000 -1.028639 98.752456 0.000000 0.732929 0.024742 
145 4.543911 0.000000 -0.438307 98.809276 0.000000 0.795654 0.023609 
146 3.907295 0.000000 0.152025 92.276890 0.000000 0.240439 0.148492 
147 2.952370 0.000000 -0.143141 97.223448 0.000000 0.267399 0.054753 
148 2.952370 0.000000 -0.438307 99.060811 0.000000 0.534775 0.018667 
149 3.270679 0.000000 -0.143141 94.961618 0.000000 0.297467 0.098220 
150 2.952370 0.000000 0.152025 96.663976 0.000000 0.179714 0.065604 
151 3.907295 0.000000 0.742357 98.753274 0.000000 0.733279 0.024725 
152 4.543911 0.000000 0.742357 98.823371 0.000000 0.795475 0.023331 
153 3.907295 0.000000 1.332690 99.833906 0.000000 8.314979 -0.003595 
154 3.588987 0.000000 -0.143141 93.434258 0.000000 0.308894 0.126994 
155 3.588987 0.000000 -0.438307 98.738789 0.000000 0.665259 0.025021 
156 3.907295 0.000000 -0.143141 93.739692 0.000000 0.353870 0.121274 
157 3.588987 0.000000 0.152025 91.886521 0.000000 0.206612 0.155682 
158 33.828266 0.000000 -9.293288 99.765690 0.000000 6.756942 0.000115 
159 33.828266 0.000000 -18.738602 99.753976 0.000000 6.901007 0.000152 
160 44.014128 0.000000 -9.293288 99.767283 0.000000 6.780641 0.000051 
161 33.828266 0.000000 0.152025 99.935623 0.000000 4.401854 -0.000651 
162 18.549472 0.000000 -4.570631 99.775043 0.000000 6.322122 0.000497 
163 18.549472 0.000000 -9.293288 99.741911 0.000000 6.706826 0.000657 
164 23.642403 0.000000 -4.570631 99.785149 0.000000 6.379520 0.000223 
165 18.549472 0.000000 0.152025 101.568618 0.000000 -18.984723 -0.067660 
166 10.910075 0.000000 -2.209303 99.657161 0.000000 5.520203 0.003798 
167 10.910075 0.000000 -4.570631 99.659760 0.000000 6.248256 0.002889 
168 13.456541 0.000000 -2.209303 99.766125 0.000000 5.529473 0.001615 
169 10.910075 0.000000 0.152025 99.424031 0.000000 8.313209 0.004575 
170 7.090377 0.000000 -1.028639 98.684068 0.000000 4.778327 0.023862 
171 7.090377 0.000000 -2.209303 99.074722 0.000000 5.884169 0.014958 
172 8.363610 0.000000 -1.028639 99.137339 0.000000 4.256860 0.015367 
173 7.090377 0.000000 0.152025 100.336129 0.000000 2.497414 -0.007358 
174 5.180528 0.000000 -0.438307 98.865016 0.000000 0.809965 0.022505 
175 5.180528 0.000000 -1.028639 98.884894 0.000000 0.815619 0.022111 
176 5.817144 0.000000 -0.438307 100.051429 0.000000 0.180167 -0.001032 
177 5.180528 0.000000 0.152025 98.913956 0.000000 0.184565 0.021600 
178 33.828266 0.000000 9.597339 99.787725 0.000000 6.586408 -0.000097 
179 44.014128 0.000000 9.597339 99.788405 0.000000 6.540851 -0.000051 
180 33.828266 0.000000 19.042653 99.770208 0.000000 6.867564 -0.000126 
181 18.549472 0.000000 4.874682 99.816557 0.000000 6.352580 -0.000370 
182 23.642403 0.000000 4.874682 99.804901 0.000000 6.389322 -0.000184 
183 18.549472 0.000000 9.597339 99.806911 0.000000 6.635517 -0.000545 
184 10.910075 0.000000 2.513354 99.801421 0.000000 7.225694 -0.001253 
185 13.456541 0.000000 2.513354 99.749376 0.000000 7.403393 -0.000475 
186 10.910075 0.000000 4.874682 99.902814 0.000000 6.327236 -0.002061 
187 7.090377 0.000000 1.332690 100.746988 0.000000 4.798892 -0.017298 
188 8.363610 0.000000 1.332690 100.563049 0.000000 2.230354 -0.011790 
189 7.090377 0.000000 2.513354 100.253480 0.000000 6.669418 -0.009524 
190 5.180528 0.000000 0.742357 98.884721 0.000000 0.815620 0.022115 
191 5.817144 0.000000 0.742357 98.936708 0.000000 0.805906 0.021088 
192 5.180528 0.000000 1.332690 100.776579 0.000000 8.574685 -0.022944 
193 4.862220 0.000000 -0.143141 97.587033 0.000000 0.243183 0.047671 
194 4.543911 0.000000 -0.143141 96.743147 0.000000 0.428290 0.064058 
195 4.862220 0.000000 -0.438307 98.839288 0.000000 0.799894 0.023016 
196 5.180528 0.000000 -0.143141 98.971414 0.000000 0.172337 0.020463 
197 4.862220 0.000000 0.152025 97.573315 0.000000 0.235543 0.047939 
198 6.453761 0.000000 -0.438307 100.230122 0.000000 -0.000000 -0.004608 
199 6.453761 0.000000 -1.028639 98.124939 0.000000 5.196791 0.034449 
200 7.090377 0.000000 -0.438307 98.158138 0.000000 -4.306005 0.034644 
201 6.453761 0.000000 0.152025 100.230801 0.000000 -0.000000 -0.004621 
202 13.456541 0.000000 -28.183916 99.740960 0.000000 6.946402 0.000349 
203 3.270679 0.000000 -28.183916 99.737694 0.000000 6.958248 0.000398 
204 13.456541 0.000000 -37.629229 99.746950 0.000000 6.960271 0.000210 
205 23.642403 0.000000 -28.183916 99.747170 0.000000 6.940699 0.000233 
206 8.363610 0.000000 -14.015945 99.692660 0.000000 6.861086 0.001430 
207 3.270679 0.000000 -14.015945 99.680772 0.000000 6.912361 0.001596 
208 8.363610 0.000000 -18.738602 99.714882 0.000000 6.918895 0.000907 
209 13.456541 0.000000 -14.015945 99.715487 0.000000 6.842675 0.001000 
210 5.817144 0.000000 -6.931960 99.556558 0.000000 6.668605 0.004402 
211 3.270679 0.000000 -6.931960 99.524282 0.000000 6.790625 0.004880 
212 5.817144 0.000000 -9.293288 99.626775 0.000000 6.785408 0.002846 
213 8.363610 0.000000 -6.931960 99.612901 0.000000 6.590029 0.003384 
214 4.543911 0.000000 -3.389967 99.300379 0.000000 6.481463 0.009743 
215 3.270679 0.000000 -3.389967 99.202229 0.000000 6.555239 0.011595 
216 4.543911 0.000000 -4.570631 99.387313 0.000000 6.566039 0.007905 
217 5.817144 0.000000 -3.389967 99.285910 0.000000 6.350590 0.010198 
218 5.180528 0.000000 -1.618971 99.003470 0.000000 7.155131 0.014712 
219 4.543911 0.000000 -1.618971 99.686686 0.000000 7.040919 0.001299 
220 5.180528 0.000000 -2.209303 99.182387 0.000000 6.669978 0.011837 
221 5.817144 0.000000 -1.618971 98.582251 0.000000 6.629039 0.023760 
222 4.862220 0.000000 -0.733473 98.835366 0.000000 0.798738 0.023093 
223 4.543911 0.000000 -0.733473 98.809841 0.000000 0.781367 0.023600 
224 4.862220 0.000000 -1.028639 98.855363 0.000000 0.808990 0.022696 
225 5.180528 0.000000 -0.733473 98.862184 0.000000 0.809667 0.022561 
226 5.498836 0.000000 -0.143141 99.773938 0.000000 0.100271 0.004515 
227 5.498836 0.000000 -0.438307 99.734881 0.000000 0.339264 0.005284 
228 5.817144 0.000000 -0.143141 100.179949 0.000000 0.102962 -0.003603 
229 5.498836 0.000000 0.152025 99.780784 0.000000 0.098457 0.004379 
230 5.021374 0.000000 -0.290724 98.574750 0.000000 0.573977 0.028269 
231 4.862220 0.000000 -0.290724 98.842633 0.000000 0.761029 0.022955 
232 5.021374 0.000000 -0.438307 98.863272 0.000000 0.809937 0.022540 
233 5.180528 0.000000 -0.290724 98.832226 0.000000 0.485775 0.023196 
234 5.021374 0.000000 -0.143141 98.484096 0.000000 0.358423 0.030075 
235 4.225603 0.000000 -0.143141 94.845042 0.000000 0.371666 0.100428 
236 4.225603 0.000000 -0.438307 98.762792 0.000000 0.769120 0.024532 
237 4.225603 0.000000 0.152025 93.704387 0.000000 0.247649 0.121943 
238 4.703066 0.000000 -0.290724 98.577449 0.000000 0.744707 0.028193 
239 4.543911 0.000000 -0.290724 98.827039 0.000000 0.811122 0.023256 
240 4.703066 0.000000 -0.438307 98.833789 0.000000 0.798876 0.023124 
241 4.703066 0.000000 -0.143141 97.790234 0.000000 0.504412 0.043682 
242 4.862220 0.000000 0.447191 98.834782 0.000000 0.798539 0.023105 
243 4.543911 0.000000 0.447191 98.824967 0.000000 0.796304 0.023299 
244 5.180528 0.000000 0.447191 98.861720 0.000000 0.809609 0.022570 
245 4.862220 0.000000 0.742357 98.855162 0.000000 0.808943 0.022700 
246 5.021374 0.000000 0.004442 97.871978 0.000000 0.117615 0.042106 
247 4.862220 0.000000 0.004442 97.418879 0.000000 0.191867 0.050953 
248 5.180528 0.000000 0.004442 98.937518 0.000000 0.131486 0.021135 
249 5.021374 0.000000 0.152025 98.479332 0.000000 0.341716 0.030170 
250 4.941797 0.000000 -0.216932 98.668282 0.000000 0.666832 0.026413 
251 4.862220 0.000000 -0.216932 98.599012 0.000000 0.698116 0.027775 
252 4.941797 0.000000 -0.290724 98.851029 0.000000 0.753363 0.022791 
253 5.021374 0.000000 -0.216932 98.556738 0.000000 0.420986 0.028639 
254 4.941797 0.000000 -0.143141 97.803587 0.000000 0.265568 0.043439 
255 4.703066 0.000000 0.004442 95.891729 0.000000 0.059096 0.080477 
256 4.543911 0.000000 0.004442 95.477081 0.000000 0.202226 0.088409 
257 4.703066 0.000000 0.152025 97.345556 0.000000 0.368368 0.052371 
258 4.782643 0.000000 -0.216932 98.470414 0.000000 0.669412 0.030313 
259 4.703066 0.000000 -0.216932 98.367215 0.000000 0.669757 0.032344 
260 4.782643 0.000000 -0.290724 98.644233 0.000000 0.758665 0.026874 
261 4.782643 0.000000 -0.143141 97.752344 0.000000 0.411860 0.044431 
262 -6.915184 0.000000 -28.183916 99.741034 0.000000 6.969867 0.000315 
263 -17.101046 0.000000 -28.183916 99.746698 0.000000 6.975628 0.000194 
264 -6.915184 0.000000 -37.629229 99.746919 0.000000 6.970866 0.000196 
265 -1.822253 0.000000 -14.015945 99.692698 0.000000 6.958406 0.001295 
266 -6.915184 0.000000 -14.015945 99.714502 0.000000 6.979977 0.000830 
267 -1.822253 0.000000 -18.738602 99.719933 0.000000 6.960007 0.000749 
268 0.724213 0.000000 -6.931960 99.557290 0.000000 6.909456 0.004061 
269 -1.822253 0.000000 -6.931960 99.627528 0.000000 6.985065 0.002556 
270 0.724213 0.000000 -9.293288 99.627104 0.000000 6.911158 0.002668 
271 1.997446 0.000000 -3.389967 99.068477 0.000000 6.856894 0.013842 
272 0.724213 0.000000 -3.389967 99.267034 0.000000 7.176977 0.009455 
273 1.997446 0.000000 -4.570631 99.329029 0.000000 6.847531 0.008686 
274 2.634062 0.000000 -1.618971 98.280152 0.000000 5.515172 0.031059 
275 1.997446 0.000000 -1.618971 97.448906 0.000000 6.676951 0.045913 
276 2.634062 0.000000 -2.209303 98.701112 0.000000 6.269416 0.021878 
277 3.270679 0.000000 -1.618971 99.439531 0.000000 5.532379 0.008117 
278 2.315754 0.000000 -0.733473 99.502467 0.000000 0.511472 0.009900 
279 1.997446 0.000000 -0.733473 99.614636 0.000000 0.505280 0.007667 
280 2.315754 0.000000 -1.028639 99.574842 0.000000 0.503645 0.008460 
281 2.634062 0.000000 -0.733473 99.382350 0.000000 0.525580 0.012287 
282 2.156600 0.000000 -0.290724 100.719046 0.000000 0.442874 -0.014452 
283 1.997446 0.000000 -0.290724 100.705888 0.000000 0.465528 -0.014189 
284 2.156600 0.000000 -0.438307 99.539812 0.000000 0.511137 0.009156 
285 2.315754 0.000000 -0.290724 99.808353 0.000000 0.436148 0.003810 
286 2.156600 0.000000 -0.143141 103.258799 0.000000 0.313251 -0.066248 
287 1.360829 0.000000 -1.618971 97.840678 0.000000 8.120303 0.036126 
288 0.724213 0.000000 -1.618971 98.906714 0.000000 8.722521 0.014138 
289 1.360829 0.000000 -2.209303 98.558632 0.000000 7.473067 0.023035 
290 1.679138 0.000000 -0.733473 99.711962 0.000000 0.505090 0.005727 
291 1.360829 0.000000 -0.733473 99.793913 0.000000 0.509552 0.004092 
292 1.679138 0.000000 -1.028639 99.787103 0.000000 0.508062 0.004228 
293 1.838292 0.000000 -0.290724 101.504888 0.000000 0.467426 -0.030346 
294 1.679138 0.000000 -0.290724 104.189437 0.000000 0.356672 -0.085557 
295 1.838292 0.000000 -0.438307 99.639328 0.000000 0.506743 0.007175 
296 1.838292 0.000000 -0.143141 109.137905 0.000000 0.166445 -0.191111 
297 0.087597 0.000000 -0.438307 104.807371 0.000000 10.573739 -0.109639 
298 -0.549020 0.000000 -0.438307 102.098334 0.000000 5.751785 -0.045715 
299 0.087597 0.000000 -1.028639 100.909954 0.000000 9.611248 -0.027519 
300 0.087597 0.000000 0.152025 104.085766 0.000000 -0.000000 -0.083385 
301 1.042521 0.000000 -0.143141 101.781249 0.000000 0.119468 -0.035944 
302 0.724213 0.000000 -0.143141 101.222595 0.000000 0.066609 -0.024602 
303 1.042521 0.000000 -0.438307 99.857286 0.000000 0.518078 0.002825 
304 1.042521 0.000000 0.152025 101.778015 0.000000 0.119187 -0.035878 
305 1.519984 0.000000 -0.290724 101.392347 0.000000 0.343481 -0.028053 
306 1.360829 0.000000 -0.290724 101.652371 0.000000 0.324966 -0.033331 
307 1.519984 0.000000 -0.438307 99.722434 0.000000 0.506453 0.005518 
308 1.519984 0.000000 -0.143141 105.522983 0.000000 0.141677 -0.113512 
309 1.679138 0.000000 0.447191 99.708830 0.000000 0.504750 0.005789 
310 1.360829 0.000000 0.447191 99.792639 0.000000 0.509282 0.004117 
311 1.997446 0.000000 0.447191 99.609959 0.000000 0.505145 0.007760 
312 1.679138 0.000000 0.742357 99.785845 0.000000 0.507822 0.004253 
313 1.838292 0.000000 0.004442 111.188231 0.000000 0.103260 -0.236283 
314 1.679138 0.000000 0.004442 108.483191 0.000000 0.103615 -0.176861 
315 1.997446 0.000000 0.004442 109.759188 0.000000 0.120134 -0.204709 
316 1.838292 0.000000 0.152025 108.435947 0.000000 0.196501 -0.175839 
317 1.758715 0.000000 -0.216932 106.874032 0.000000 0.266948 -0.142213 
318 1.679138 0.000000 -0.216932 106.669973 0.000000 0.216003 -0.137853 
319 1.758715 0.000000 -0.290724 103.958119 0.000000 0.363459 -0.080742 
320 1.838292 0.000000 -0.216932 102.999606 0.000000 0.416078 -0.060909 
321 1.758715 0.000000 -0.143141 107.643479 0.000000 0.197334 -0.158716 
322 1.838292 0.000000 -0.585890 99.633407 0.000000 0.506479 0.007293 
323 1.679138 0.000000 -0.585890 99.716289 0.000000 0.505561 0.005641 
324 1.838292 0.000000 -0.733473 99.706242 0.000000 0.504283 0.005841 
325 1.997446 0.000000 -0.585890 99.620939 0.000000 0.505432 0.007541 
326 1.758715 0.000000 -0.364515 99.718787 0.000000 0.505707 0.005591 
327 1.679138 0.000000 -0.364515 99.721232 0.000000 0.506116 0.005542 
328 1.758715 0.000000 -0.438307 99.717433 0.000000 0.505561 0.005618 
329 1.838292 0.000000 -0.364515 99.641511 0.000000 0.506844 0.007131 
330 1.917869 0.000000 -0.216932 101.830952 0.000000 0.443812 -0.036974 
331 1.917869 0.000000 -0.290724 100.949758 0.000000 0.482502 -0.019109 
332 1.997446 0.000000 -0.216932 101.764341 0.000000 0.430072 -0.035617 
333 1.917869 0.000000 -0.143141 109.202567 0.000000 0.152628 -0.192522 
334 1.798503 0.000000 -0.253828 100.615460 0.000000 0.512944 -0.012373 
335 1.758715 0.000000 -0.253828 104.371211 0.000000 0.349693 -0.089347 
336 1.798503 0.000000 -0.290724 103.917558 0.000000 0.364605 -0.079899 
337 1.838292 0.000000 -0.253828 100.530504 0.000000 0.515149 -0.010665 
338 1.798503 0.000000 -0.216932 106.830601 0.000000 0.268238 -0.141285 
339 1.917869 0.000000 -0.364515 99.635708 0.000000 0.506276 0.007247 
340 1.917869 0.000000 -0.438307 99.633584 0.000000 0.506196 0.007289 
341 1.997446 0.000000 -0.364515 99.776286 0.000000 0.508175 0.004443 
342 1.878080 0.000000 -0.253828 100.152419 0.000000 0.524772 -0.003078 
343 1.878080 0.000000 -0.290724 100.933517 0.000000 0.486703 -0.018781 
344 1.917869 0.000000 -0.253828 101.439855 0.000000 0.460211 -0.029026 
345 1.878080 0.000000 -0.216932 102.347101 0.000000 0.432101 -0.047512 
346 1.519984 0.000000 0.004442 105.700455 0.000000 0.096465 -0.117260 
347 1.360829 0.000000 0.004442 103.188639 0.000000 0.081592 -0.064790 
348 1.519984 0.000000 0.152025 105.589174 0.000000 0.138680 -0.114909 
349 1.758715 0.000000 -0.069349 109.435280 0.000000 0.125228 -0.197610 
350 1.679138 0.000000 -0.069349 108.138292 0.000000 0.114078 -0.169390 
351 1.838292 0.000000 -0.069349 110.238140 0.000000 0.131574 -0.215246 
352 1.758715 0.000000 0.004442 111.636285 0.000000 0.070871 -0.246267 
353 1.798503 0.000000 -0.180036 107.380919 0.000000 0.249885 -0.153072 
354 1.758715 0.000000 -0.180036 107.415435 0.000000 0.248883 -0.153814 
355 1.838292 0.000000 -0.180036 104.196638 0.000000 0.371269 -0.085708 
356 1.798503 0.000000 -0.143141 108.042872 0.000000 0.227780 -0.167331 
357 1.818397 0.000000 -0.235380 100.946488 0.000000 0.502244 -0.019045 
358 1.798503 0.000000 -0.235380 101.421198 0.000000 0.483038 -0.028649 
359 1.818397 0.000000 -0.253828 100.071831 0.000000 0.537866 -0.001466 
360 1.838292 0.000000 -0.235380 101.215732 0.000000 0.489852 -0.024486 
361 1.818397 0.000000 -0.216932 101.744672 0.000000 0.469701 -0.035220 
362 6.453761 0.000000 0.742357 101.977383 0.000000 0.549860 -0.039969 
363 7.090377 0.000000 0.742357 101.008475 0.000000 3.988643 -0.021862 
364 6.453761 0.000000 1.332690 101.055632 0.000000 6.010261 -0.024836 
365 6.135452 0.000000 -0.143141 100.230324 0.000000 0.035032 -0.004612 
366 6.135452 0.000000 -0.438307 100.140318 0.000000 0.124283 -0.002810 
367 6.453761 0.000000 -0.143141 100.230542 0.000000 -0.000000 -0.004616 
368 6.135452 0.000000 0.152025 100.231030 0.000000 0.034513 -0.004626 
369 9.636843 0.000000 -1.028639 99.314960 0.000000 3.636866 0.012331 
370 9.636843 0.000000 -2.209303 99.537462 0.000000 5.540328 0.006160 
371 10.910075 0.000000 -1.028639 99.670214 0.000000 3.395230 0.005432 
372 9.636843 0.000000 0.152025 100.304022 0.000000 7.209009 -0.011287 
373 7.726993 0.000000 -0.438307 98.036540 0.000000 -8.211333 0.032141 
374 7.726993 0.000000 -1.028639 98.972887 0.000000 4.514560 0.018399 
375 8.363610 0.000000 -0.438307 97.798510 0.000000 -13.658139 0.024891 
376 7.726993 0.000000 0.152025 100.344799 0.000000 4.165174 -0.008643 
377 6.772069 0.000000 -0.143141 100.150301 0.000000 -0.000000 -0.003008 
378 6.772069 0.000000 -0.438307 98.384722 0.000000 -3.041223 0.031120 
379 7.090377 0.000000 -0.143141 97.946132 0.000000 -22.188870 -0.008579 
380 6.772069 0.000000 0.152025 100.150372 0.000000 -0.000000 -0.003010 
381 6.135452 0.000000 0.447191 100.359777 0.000000 0.000000 -0.007208 
382 5.817144 0.000000 0.447191 99.968425 0.000000 0.227958 0.000626 
383 6.453761 0.000000 0.447191 100.212137 0.000000 -0.000000 -0.004247 
384 6.135452 0.000000 0.742357 102.879347 0.000000 -0.486963 -0.058440 
385 6.294607 0.000000 0.004442 100.253561 0.000000 0.000000 -0.005078 
386 6.135452 0.000000 0.004442 100.333398 0.000000 0.009138 -0.006679 
387 6.294607 0.000000 -0.143141 100.257034 0.000000 -0.000000 -0.005147 
388 6.453761 0.000000 0.004442 99.592101 0.000000 -0.000000 0.008141 
389 6.294607 0.000000 0.152025 100.257065 0.000000 -0.000000 -0.005148 
390 7.090377 0.000000 -3.389967 99.351366 0.000000 6.159932 0.009136 
391 7.090377 0.000000 -4.570631 99.471500 0.000000 6.368051 0.006487 
392 8.363610 0.000000 -3.389967 99.474002 0.000000 6.034982 0.006850 
393 6.453761 0.000000 -1.618971 98.638636 0.000000 6.007193 0.023433 
394 6.453761 0.000000 -2.209303 98.968560 0.000000 6.144224 0.016747 
395 7.090377 0.000000 -1.618971 98.892168 0.000000 5.619422 0.018876 
396 6.135452 0.000000 -0.733473 97.192913 0.000000 4.103711 0.053670 
397 5.817144 0.000000 -0.733473 98.924261 0.000000 0.815048 0.021333 
398 6.135452 0.000000 -1.028639 97.767006 0.000000 5.671439 0.040945 
399 6.453761 0.000000 -0.733473 97.947132 0.000000 3.620139 0.039325 
400 6.294607 0.000000 -0.290724 100.246800 0.000000 -0.000000 -0.004942 
401 6.135452 0.000000 -0.290724 100.227762 0.000000 0.048087 -0.004561 
402 6.294607 0.000000 -0.438307 100.271695 0.000000 -0.000000 -0.005441 
403 6.453761 0.000000 -0.290724 100.221531 0.000000 -0.000000 -0.004436 
404 9.636843 0.000000 1.332690 100.427361 0.000000 2.013449 -0.008971 
405 10.910075 0.000000 1.332690 100.470372 0.000000 -2.543184 -0.010076 
406 9.636843 0.000000 2.513354 99.811925 0.000000 7.018621 -0.001168 
407 7.726993 0.000000 0.742357 98.921046 0.000000 30.618323 -0.072285 
408 8.363610 0.000000 0.742357 99.559508 0.000000 16.817898 -0.019494 
409 7.726993 0.000000 1.332690 100.576106 0.000000 3.529580 -0.012801 
410 6.772069 0.000000 0.447191 101.192340 0.000000 -1.353694 -0.024172 
411 7.090377 0.000000 0.447191 101.125621 0.000000 -0.556299 -0.022670 
412 6.772069 0.000000 0.742357 101.385658 0.000000 2.066534 -0.028332 
413 6.612915 0.000000 0.004442 100.192666 0.000000 -0.000000 -0.003857 
414 6.612915 0.000000 -0.143141 100.194462 0.000000 -0.000000 -0.003893 
415 6.772069 0.000000 0.004442 100.149689 0.000000 -0.000000 -0.002996 
416 6.612915 0.000000 0.152025 100.194660 0.000000 -0.000000 -0.003897 
417 6.374184 0.000000 -0.069349 100.246302 0.000000 -0.000000 -0.004932 
418 6.294607 0.000000 -0.069349 100.256856 0.000000 -0.000000 -0.005144 
419 6.374184 0.000000 -0.143141 100.238141 0.000000 -0.000000 -0.004768 
420 6.453761 0.000000 -0.069349 100.228777 0.000000 -0.000000 -0.004581 
421 6.374184 0.000000 0.004442 100.251060 0.000000 0.000000 -0.005027 
422 6.772069 0.000000 -0.733473 98.390686 0.000000 3.485623 0.030712 
423 6.772069 0.000000 -1.028639 98.450907 0.000000 4.938963 0.028303 
424 7.090377 0.000000 -0.733473 98.591102 0.000000 3.319351 0.026878 
425 6.612915 0.000000 -0.290724 100.175602 0.000000 -0.000000 -0.003515 
426 6.612915 0.000000 -0.438307 100.171535 0.000000 -0.000000 -0.003434 
427 6.772069 0.000000 -0.290724 100.090407 0.000000 -0.000000 -0.001809 
428 6.533338 0.000000 -0.069349 100.211452 0.000000 -0.000000 -0.004234 
429 6.533338 0.000000 -0.143141 100.213199 0.000000 -0.000000 -0.004269 
430 6.612915 0.000000 -0.069349 100.193131 0.000000 -0.000000 -0.003866 
431 6.533338 0.000000 0.004442 100.210833 0.000000 -0.000000 -0.004221 
432 6.294607 0.000000 0.299608 100.246786 0.000000 -0.000000 -0.004942 
433 6.135452 0.000000 0.299608 100.268101 0.000000 0.024220 -0.005369 
434 6.453761 0.000000 0.299608 100.221714 0.000000 -0.000000 -0.004439 
435 6.294607 0.000000 0.447191 100.254458 0.000000 -0.000000 -0.005096 
436 6.374184 0.000000 0.078234 100.246419 0.000000 -0.000000 -0.004934 
437 6.294607 0.000000 0.078234 100.256871 0.000000 -0.000000 -0.005144 
438 6.453761 0.000000 0.078234 100.228941 0.000000 -0.000000 -0.004584 
439 6.374184 0.000000 0.152025 100.238275 0.000000 -0.000000 -0.004771 
440 6.413972 0.000000 -0.032453 100.232311 0.000000 -0.000000 -0.004652 
441 6.374184 0.000000 -0.032453 100.250158 0.000000 0.000000 -0.005009 
442 6.413972 0.000000 -0.069349 100.232693 0.000000 -0.000000 -0.004659 
443 6.453761 0.000000 -0.032453 99.498774 0.000000 -0.000000 0.009999 
444 6.413972 0.000000 0.004442 100.249391 0.000000 -0.000000 -0.004994 
445 6.612915 0.000000 0.299608 100.175733 0.000000 -0.000000 -0.003518 
446 6.772069 0.000000 0.299608 100.170908 0.000000 -0.000000 -0.003421 
447 6.612915 0.000000 0.447191 100.092124 0.000000 -0.000000 -0.001843 
448 6.533338 0.000000 0.078234 100.211614 0.000000 -0.000000 -0.004237 
449 6.612915 0.000000 0.078234 100.193253 0.000000 -0.000000 -0.003869 
450 6.533338 0.000000 0.152025 100.213456 0.000000 -0.000000 -0.004274 
451 6.493549 0.000000 -0.032453 99.475937 0.000000 -0.000000 0.010454 
452 6.493549 0.000000 -0.069349 100.213788 0.000000 -0.000000 -0.004280 
453 6.533338 0.000000 -0.032453 100.210971 0.000000 -0.000000 -0.004224 
454 6.493549 0.000000 0.004442 99.419985 0.000000 -0.000000 0.011567 
455 6.413972 0.000000 0.041338 100.232379 0.000000 -0.000000 -0.004653 
456 6.374184 0.000000 0.041338 100.246017 0.000000 -0.000000 -0.004926 
457 6.453761 0.000000 0.041338 99.521546 0.000000 -0.000000 0.009546 
458 6.413972 0.000000 0.078234 100.232821 0.000000 -0.000000 -0.004662 
459 6.433866 0.000000 -0.014006 99.766646 0.000000 -0.000000 0.004662 
460 6.413972 0.000000 -0.014006 100.247696 0.000000 -0.000000 -0.004960 
461 6.433866 0.000000 -0.032453 99.731061 0.000000 -0.000000 0.005372 
462 6.453761 0.000000 -0.014006 99.456093 0.000000 -0.000000 0.010849 
463 6.433866 0.000000 0.004442 99.811199 0.000000 -0.000000 0.003772 
464 5.976298 0.000000 0.004442 100.306369 0.000000 0.029884 -0.006137 
465 5.817144 0.000000 0.004442 100.360893 0.000000 0.011757 -0.007231 
466 5.976298 0.000000 -0.143141 100.228385 0.000000 0.065418 -0.004573 
467 5.976298 0.000000 0.152025 100.254926 0.000000 0.050193 -0.005105 
468 6.215029 0.000000 -0.069349 100.281055 0.000000 0.011672 -0.005629 
469 6.135452 0.000000 -0.069349 100.278670 0.000000 0.022504 -0.005581 
470 6.215029 0.000000 -0.143141 100.244232 0.000000 0.017999 -0.004891 
471 6.215029 0.000000 0.004442 100.342961 0.000000 0.002404 -0.006871 
472 6.334395 0.000000 -0.032453 100.252233 0.000000 0.000000 -0.005051 
473 6.294607 0.000000 -0.032453 100.254791 0.000000 -0.000000 -0.005102 
474 6.334395 0.000000 -0.069349 100.251439 0.000000 -0.000000 -0.005035 
475 6.334395 0.000000 0.004442 100.252572 0.000000 0.000000 -0.005058 
476 5.498836 0.000000 0.447191 99.827081 0.000000 0.291927 0.003447 
477 5.498836 0.000000 0.742357 98.924003 0.000000 0.815210 0.021338 
478 5.657990 0.000000 0.004442 100.294529 0.000000 0.016560 -0.005899 
479 5.498836 0.000000 0.004442 100.159460 0.000000 0.019348 -0.003192 
480 5.657990 0.000000 -0.143141 100.145413 0.000000 0.120400 -0.002912 
481 5.657990 0.000000 0.152025 100.150411 0.000000 0.117594 -0.003012 
482 5.976298 0.000000 -0.290724 100.185140 0.000000 0.097469 -0.003707 
483 5.817144 0.000000 -0.290724 100.145896 0.000000 0.121908 -0.002922 
484 5.976298 0.000000 -0.438307 100.053222 0.000000 0.184714 -0.001068 
485 5.896721 0.000000 -0.069349 100.274329 0.000000 0.051118 -0.005494 
486 5.817144 0.000000 -0.069349 100.251904 0.000000 0.064945 -0.005045 
487 5.896721 0.000000 -0.143141 100.222301 0.000000 0.075127 -0.004452 
488 5.976298 0.000000 -0.069349 100.291539 0.000000 0.038880 -0.005839 
489 5.896721 0.000000 0.004442 100.329018 0.000000 0.026252 -0.006591 
490 5.498836 0.000000 -0.733473 98.908552 0.000000 0.816981 0.021643 
491 5.498836 0.000000 -1.028639 98.907922 0.000000 0.817135 0.021656 
492 5.657990 0.000000 -0.290724 100.085378 0.000000 0.153751 -0.001711 
493 5.498836 0.000000 -0.290724 99.931246 0.000000 0.233289 0.001369 
494 5.657990 0.000000 -0.438307 99.960575 0.000000 0.220916 0.000783 
495 5.737567 0.000000 -0.069349 100.240229 0.000000 0.070601 -0.004811 
496 5.657990 0.000000 -0.069349 100.158586 0.000000 0.112836 -0.003176 
497 5.737567 0.000000 -0.143141 100.158867 0.000000 0.113746 -0.003181 
498 5.737567 0.000000 0.004442 100.330156 0.000000 0.024226 -0.006614 
499 5.339682 0.000000 0.004442 99.173781 0.000000 0.060624 0.016456 
500 5.339682 0.000000 -0.143141 99.427928 0.000000 0.168337 0.011406 
501 5.339682 0.000000 0.152025 99.454148 0.000000 0.152239 0.010885 
502 5.578413 0.000000 -0.069349 99.837401 0.000000 0.081211 0.003249 
503 5.498836 0.000000 -0.069349 99.751949 0.000000 0.083238 0.004954 
504 5.578413 0.000000 -0.143141 99.943865 0.000000 0.136498 0.001121 
505 5.578413 0.000000 0.004442 100.154132 0.000000 0.027993 -0.003085 
506 5.339682 0.000000 -0.290724 99.677904 0.000000 0.363138 0.006418 
507 5.339682 0.000000 -0.438307 98.888613 0.000000 0.815432 0.022038 
508 5.419259 0.000000 -0.069349 99.638038 0.000000 0.092133 0.007225 
509 5.339682 0.000000 -0.069349 99.288986 0.000000 0.112366 0.014168 
510 5.419259 0.000000 -0.143141 99.707690 0.000000 0.149836 0.005835 
511 5.419259 0.000000 0.004442 99.576747 0.000000 0.078396 0.008447 
512 5.657990 0.000000 0.299608 100.098218 0.000000 0.146504 -0.001967 
513 5.498836 0.000000 0.299608 99.951609 0.000000 0.221777 0.000963 
514 5.817144 0.000000 0.299608 100.174449 0.000000 0.106582 -0.003493 
515 5.657990 0.000000 0.447191 99.985060 0.000000 0.206997 0.000294 
516 5.578413 0.000000 0.078234 99.840938 0.000000 0.080991 0.003178 
517 5.498836 0.000000 0.078234 99.756856 0.000000 0.083377 0.004856 
518 5.657990 0.000000 0.078234 100.160843 0.000000 0.111573 -0.003221 
519 5.578413 0.000000 0.152025 99.976163 0.000000 0.118572 0.000475 
520 5.538625 0.000000 -0.032453 99.972214 0.000000 0.050050 0.000555 
521 5.498836 0.000000 -0.032453 99.741967 0.000000 0.076708 0.005153 
522 5.538625 0.000000 -0.069349 99.804669 0.000000 0.079792 0.003902 
523 5.578413 0.000000 -0.032453 100.003100 0.000000 0.051464 -0.000062 
524 5.538625 0.000000 0.004442 100.161466 0.000000 0.023009 -0.003232 
525 5.339682 0.000000 0.299608 99.755900 0.000000 0.327093 0.004865 
526 5.180528 0.000000 0.299608 98.832762 0.000000 0.467481 0.023187 
527 5.339682 0.000000 0.447191 98.886930 0.000000 0.815513 0.022071 
528 5.419259 0.000000 0.078234 99.649189 0.000000 0.092518 0.007003 
529 5.339682 0.000000 0.078234 99.310082 0.000000 0.104708 0.013750 
530 5.419259 0.000000 0.152025 99.720064 0.000000 0.146509 0.005589 
531 5.459047 0.000000 -0.032453 99.697126 0.000000 0.079640 0.006048 
532 5.419259 0.000000 -0.032453 99.596628 0.000000 0.082524 0.008050 
533 5.459047 0.000000 -0.069349 99.713484 0.000000 0.086144 0.005721 
534 5.459047 0.000000 0.004442 99.691631 0.000000 0.077268 0.006157 
535 5.538625 0.000000 0.041338 99.798578 0.000000 0.074436 0.004024 
536 5.498836 0.000000 0.041338 99.744927 0.000000 0.077134 0.005094 
537 5.578413 0.000000 0.041338 99.983714 0.000000 0.054605 0.000325 
538 5.538625 0.000000 0.078234 99.809082 0.000000 0.079830 0.003814 
539 5.518730 0.000000 -0.014006 100.064379 0.000000 0.034371 -0.001288 
540 5.498836 0.000000 -0.014006 99.739270 0.000000 0.074834 0.005207 
541 5.518730 0.000000 -0.032453 99.759650 0.000000 0.076092 0.004801 
542 5.538625 0.000000 -0.014006 100.127981 0.000000 0.027651 -0.002561 
543 5.518730 0.000000 0.004442 100.200170 0.000000 0.016763 -0.004007 
544 16.003007 0.000000 2.513354 99.745166 0.000000 7.278386 -0.000207 
545 16.003007 0.000000 0.152025 100.382809 0.000000 -2.241720 -0.008173 
546 18.549472 0.000000 2.513354 99.799279 0.000000 6.447178 -0.000146 
547 16.003007 0.000000 4.874682 99.826261 0.000000 6.343455 -0.000552 
548 12.183308 0.000000 1.332690 100.636814 0.000000 -5.784713 -0.016123 
549 12.183308 0.000000 0.152025 99.322288 0.000000 8.338122 0.006556 
550 13.456541 0.000000 1.332690 100.122896 0.000000 1.304477 -0.002630 
551 12.183308 0.000000 2.513354 99.776049 0.000000 7.329000 -0.000897 
552 -27.286909 0.000000 -28.183916 99.750781 0.000000 6.977298 0.000110 
553 -37.472771 0.000000 -28.183916 99.753112 0.000000 6.977471 0.000063 
554 -27.286909 0.000000 -37.629229 99.751566 0.000000 6.975980 0.000096 
555 33.828266 0.000000 -28.183916 99.751887 0.000000 6.939844 0.000140 
556 33.828266 0.000000 -37.629229 99.752058 0.000000 6.955441 0.000115 
557 44.014128 0.000000 -28.183916 99.754612 0.000000 6.940895 0.000084 
558 -12.008115 0.000000 -14.015945 99.735153 0.000000 6.982654 0.000414 
559 -17.101046 0.000000 -14.015945 99.743888 0.000000 6.982999 0.000239 
560 -12.008115 0.000000 -18.738602 99.737833 0.000000 6.977415 0.000368 
561 18.549472 0.000000 -14.015945 99.734555 0.000000 6.839807 0.000624 
562 18.549472 0.000000 -18.738602 99.737525 0.000000 6.900895 0.000480 
563 23.642403 0.000000 -14.015945 99.747250 0.000000 6.846673 0.000361 
564 -4.368718 0.000000 -6.931960 99.679859 0.000000 7.006302 0.001484 
565 -6.915184 0.000000 -6.931960 99.710445 0.000000 7.005106 0.000876 
566 -4.368718 0.000000 -9.293288 99.686089 0.000000 6.984908 0.001389 
567 10.910075 0.000000 -6.931960 99.671911 0.000000 6.555496 0.002254 
568 10.910075 0.000000 -9.293288 99.686604 0.000000 6.713830 0.001751 
569 13.456541 0.000000 -6.931960 99.714935 0.000000 6.552636 0.001399 
570 -0.549020 0.000000 -3.389967 99.527818 0.000000 7.227380 0.004198 
571 -1.822253 0.000000 -3.389967 99.647163 0.000000 7.143208 0.001942 
572 -0.549020 0.000000 -4.570631 99.534881 0.000000 7.061731 0.004294 
573 0.087597 0.000000 -1.618971 99.825919 0.000000 8.421802 -0.003614 
574 -0.549020 0.000000 -1.618971 100.120263 0.000000 7.749226 -0.008412 
575 0.087597 0.000000 -2.209303 99.496826 0.000000 7.781229 0.003983 
576 1.042521 0.000000 -0.733473 99.893073 0.000000 0.527969 0.002110 
577 0.724213 0.000000 -0.733473 99.884298 0.000000 0.544398 0.002283 
578 1.042521 0.000000 -1.028639 99.899989 0.000000 0.537487 0.001970 
579 3.907295 0.000000 -1.618971 99.965776 0.000000 6.314887 -0.003303 
580 3.907295 0.000000 -2.209303 99.436211 0.000000 6.365574 0.007192 
581 2.952370 0.000000 -0.733473 99.267936 0.000000 0.548055 0.014558 
582 2.952370 0.000000 -1.028639 99.215959 0.000000 0.528911 0.015591 
583 3.270679 0.000000 -0.733473 99.000069 0.000000 0.586565 0.019864 
584 0.087597 0.000000 0.742357 97.150850 0.000000 10.236553 0.045693 
585 -0.549020 0.000000 0.742357 97.686399 0.000000 7.612823 0.039941 
586 0.087597 0.000000 1.332690 99.014870 0.000000 9.214395 0.011115 
587 1.042521 0.000000 0.447191 99.893075 0.000000 0.527908 0.002109 
588 0.724213 0.000000 0.447191 102.439975 0.000000 4.532867 -0.051450 
589 1.042521 0.000000 0.742357 99.884333 0.000000 0.544391 0.002282 
590 2.315754 0.000000 0.447191 99.498315 0.000000 0.511766 0.009982 
591 2.634062 0.000000 0.447191 99.380668 0.000000 0.526185 0.012321 
592 2.315754 0.000000 0.742357 99.572672 0.000000 0.503692 0.008503 
593 2.952370 0.000000 0.447191 99.269173 0.000000 0.548638 0.014533 
594 3.270679 0.000000 0.447191 98.919043 0.000000 0.595651 0.021467 
595 2.952370 0.000000 0.742357 99.129629 0.000000 0.529979 0.017304 
596 2.156600 0.000000 0.004442 107.730222 0.000000 0.109218 -0.160581 
597 2.315754 0.000000 0.004442 105.118040 0.000000 0.130674 -0.104982 
598 2.156600 0.000000 0.152025 105.413142 0.000000 0.214601 -0.111198 
599 3.588987 0.000000 -0.733473 98.816649 0.000000 0.663079 0.023483 
600 3.588987 0.000000 -1.028639 98.750090 0.000000 0.667733 0.024797 
601 3.907295 0.000000 -0.733473 98.800350 0.000000 0.725805 0.023796 
602 4.225603 0.000000 -0.733473 98.793895 0.000000 0.756674 0.023919 
603 4.225603 0.000000 -1.028639 98.795733 0.000000 0.774171 0.023880 
604 3.588987 0.000000 0.447191 98.817987 0.000000 0.663565 0.023457 
605 3.907295 0.000000 0.447191 98.781719 0.000000 0.745462 0.024162 
606 3.588987 0.000000 0.742357 98.738609 0.000000 0.645716 0.025027 
607 4.225603 0.000000 0.447191 98.795497 0.000000 0.774894 0.023885 
608 4.225603 0.000000 0.742357 98.796278 0.000000 0.774246 0.023870 
609 16.003007 0.000000 -2.209303 99.817160 0.000000 5.617275 0.000498 
610 16.003007 0.000000 -4.570631 99.763260 0.000000 6.296388 0.000765 
611 18.549472 0.000000 -2.209303 99.827244 0.000000 5.719036 0.000181 
612 9.636843 0.000000 -3.389967 99.579272 0.000000 5.977880 0.004823 
613 9.636843 0.000000 -4.570631 99.605022 0.000000 6.254422 0.003972 
614 10.910075 0.000000 -3.389967 99.654298 0.000000 5.971469 0.003336 
615 12.183308 0.000000 -1.028639 99.737638 0.000000 3.640024 0.003915 
616 12.183308 0.000000 -2.209303 99.720946 0.000000 5.515158 0.002532 
617 13.456541 0.000000 -1.028639 99.797515 0.000000 3.767216 0.002626 
618 7.726993 0.000000 -1.618971 99.121566 0.000000 5.420955 0.014553 
619 7.726993 0.000000 -2.209303 99.258758 0.000000 5.712783 0.011506 
620 8.363610 0.000000 -1.618971 99.298239 0.000000 5.271214 0.011207 
621 5.021374 0.000000 0.299608 98.551133 0.000000 0.550326 0.028737 
622 4.862220 0.000000 0.299608 98.836865 0.000000 0.799169 0.023064 
623 5.021374 0.000000 0.447191 98.860005 0.000000 0.809519 0.022604 
624 2.156600 0.000000 -0.585890 99.603206 0.000000 0.504224 0.007895 
625 2.156600 0.000000 -0.733473 99.598606 0.000000 0.504257 0.007986 
626 2.315754 0.000000 -0.585890 99.507165 0.000000 0.510979 0.009806 
627 1.519984 0.000000 -0.585890 99.719156 0.000000 0.506062 0.005583 
628 1.360829 0.000000 -0.585890 99.795625 0.000000 0.509917 0.004057 
629 1.519984 0.000000 -0.733473 99.792978 0.000000 0.509295 0.004110 
630 1.917869 0.000000 -0.069349 109.830794 0.000000 0.130152 -0.206282 
631 1.997446 0.000000 -0.069349 109.497887 0.000000 0.131540 -0.198980 
632 1.917869 0.000000 0.004442 110.136361 0.000000 0.119260 -0.213003 
633 1.878080 0.000000 -0.180036 103.634365 0.000000 0.379881 -0.074023 
634 1.917869 0.000000 -0.180036 105.910483 0.000000 0.282168 -0.121711 
635 1.878080 0.000000 -0.143141 109.015920 0.000000 0.167767 -0.188450 
636 5.976298 0.000000 0.299608 100.226607 0.000000 0.073968 -0.004538 
637 5.976298 0.000000 0.447191 100.154572 0.000000 0.127438 -0.003095 
638 6.215029 0.000000 0.078234 100.278475 0.000000 0.012003 -0.005577 
639 6.135452 0.000000 0.078234 100.275941 0.000000 0.023031 -0.005526 
640 6.215029 0.000000 0.152025 100.244544 0.000000 0.017766 -0.004897 
641 6.334395 0.000000 0.041338 100.252175 0.000000 0.000000 -0.005050 
642 6.294607 0.000000 0.041338 100.255026 0.000000 -0.000000 -0.005107 
643 6.334395 0.000000 0.078234 100.251506 0.000000 -0.000000 -0.005036 
644 6.493549 0.000000 0.041338 99.498064 0.000000 -0.000000 0.010014 
645 6.533338 0.000000 0.041338 100.211057 0.000000 -0.000000 -0.004226 
646 6.493549 0.000000 0.078234 100.213938 0.000000 -0.000000 -0.004283 
647 6.055875 0.000000 -0.069349 100.286767 0.000000 0.027728 -0.005744 
648 6.055875 0.000000 -0.143141 100.237447 0.000000 0.051331 -0.004755 
649 6.055875 0.000000 0.004442 100.311072 0.000000 0.020531 -0.006231 
650 6.055875 0.000000 0.078234 100.267262 0.000000 0.033668 -0.005353 
651 5.976298 0.000000 0.078234 100.305182 0.000000 0.030743 -0.006113 
652 6.055875 0.000000 0.152025 100.238757 0.000000 0.050494 -0.004781 
653 5.896721 0.000000 0.078234 100.271854 0.000000 0.052113 -0.005445 
654 5.817144 0.000000 0.078234 100.268678 0.000000 0.055684 -0.005381 
655 5.896721 0.000000 0.152025 100.224734 0.000000 0.073695 -0.004500 
656 5.737567 0.000000 0.078234 100.237129 0.000000 0.072156 -0.004749 
657 5.737567 0.000000 0.152025 100.162997 0.000000 0.111418 -0.003264 
658 5.459047 0.000000 0.041338 99.701462 0.000000 0.079967 0.005961 
659 5.419259 0.000000 0.041338 99.607544 0.000000 0.083569 0.007833 
660 5.459047 0.000000 0.078234 99.720123 0.000000 0.086169 0.005589 
661 16.003007 0.000000 -6.931960 99.742121 0.000000 6.566306 0.000839 
662 16.003007 0.000000 -9.293288 99.725684 0.000000 6.697755 0.000993 
663 18.549472 0.000000 -6.931960 99.752949 0.000000 6.574440 0.000613 
664 12.183308 0.000000 -3.389967 99.709931 0.000000 5.987065 0.002208 
665 12.183308 0.000000 -4.570631 99.700593 0.000000 6.250928 0.002072 
666 13.456541 0.000000 -3.389967 99.745094 0.000000 6.004539 0.001486 
667 4.703066 0.000000 0.299608 97.925853 0.000000 0.568859 0.041020 
668 4.543911 0.000000 0.299608 98.811005 0.000000 0.782110 0.023577 
669 4.703066 0.000000 0.447191 98.830378 0.000000 0.797608 0.023192 
1 19 21 9 22 
2 20 19 22 4 
3 28 29 3 30 
4 21 28 30 9 
5 35 37 21 38 
6 36 35 38 19 
7 44 45 28 46 
8 37 44 46 21 
9 51 53 37 54 
10 52 51 54 35 
11 60 61 44 62 
12 53 60 62 37 
13 67 69 53 70 
14 68 67 70 51 
15 11 78 76 77 
16 78 10 24 76 
17 76 24 14 79 
18 77 76 79 6 
19 24 82 80 81 
20 82 23 40 80 
21 80 40 27 83 
22 81 80 83 14 
23 40 86 84 85 
24 86 39 56 84 
25 84 56 43 87 
26 85 84 87 27 
27 56 90 88 89 
28 89 88 91 43 
29 92 93 60 94 
30 69 92 94 53 
31 95 97 69 98 
32 96 95 98 67 
33 6 79 112 113 
34 79 14 36 112 
35 112 36 19 114 
36 113 112 114 20 
37 14 83 115 116 
38 83 27 52 115 
39 115 52 35 117 
40 116 115 117 36 
41 27 87 118 119 
42 87 43 68 118 
43 118 68 51 120 
44 119 118 120 52 
45 43 91 121 122 
46 121 96 67 123 
47 122 121 123 68 
48 124 126 95 127 
49 125 124 127 96 
50 133 134 92 135 
51 97 133 135 69 
52 136 137 97 138 
53 126 136 138 95 
54 140 108 141 139 
55 139 141 111 142 
56 108 148 147 141 
57 148 110 149 147 
58 147 149 5 150 
59 141 147 150 111 
60 151 152 133 153 
61 137 151 153 97 
62 110 155 154 149 
63 155 143 156 154 
64 154 156 146 157 
65 149 154 157 5 
66 15 159 158 33 
67 159 17 160 158 
68 158 160 8 161 
69 33 158 161 18 
70 163 33 164 162 
71 162 164 18 165 
72 18 161 178 45 
73 161 8 179 178 
74 178 179 29 180 
75 45 178 180 28 
76 165 18 182 181 
77 181 182 45 183 
78 61 181 183 44 
79 184 185 61 186 
80 93 184 186 60 
81 187 188 93 189 
82 134 187 189 92 
83 190 191 134 192 
84 152 190 192 133 
85 7 204 202 203 
86 204 16 205 202 
87 202 205 15 32 
88 203 202 32 13 
89 13 208 206 207 
90 208 32 209 206 
91 206 209 31 48 
92 207 206 48 26 
93 26 212 210 211 
94 212 48 213 210 
95 210 213 47 64 
96 211 210 64 42 
97 42 216 214 215 
98 216 64 217 214 
99 214 217 63 105 
100 215 214 105 58 
101 105 220 218 219 
102 220 63 221 218 
103 218 221 106 175 
104 219 218 175 104 
105 104 224 222 223 
106 224 175 225 222 
107 222 225 174 195 
108 223 222 195 145 
109 195 232 230 231 
110 232 174 233 230 
111 230 233 196 234 
112 143 236 235 156 
113 236 145 194 235 
114 235 194 107 237 
115 156 235 237 146 
116 145 240 238 239 
117 240 195 231 238 
118 239 238 241 194 
119 242 244 190 245 
120 243 242 245 152 
121 193 234 246 247 
122 234 196 248 246 
123 246 248 177 249 
124 247 246 249 197 
125 231 252 250 251 
126 252 230 253 250 
127 250 253 234 254 
128 251 250 254 193 
129 194 241 255 256 
130 241 193 247 255 
131 255 247 197 257 
132 256 255 257 107 
133 238 260 258 259 
134 260 231 251 258 
135 258 251 193 261 
136 259 258 261 241 
137 12 264 262 263 
138 264 7 203 262 
139 262 203 13 25 
140 263 262 25 10 
141 25 267 265 266 
142 267 13 207 265 
143 265 207 26 41 
144 266 265 41 23 
145 41 270 268 269 
146 270 26 211 268 
147 268 211 42 57 
148 269 268 57 39 
149 57 273 271 272 
150 273 42 215 271 
151 271 215 58 73 
152 272 271 73 55 
153 73 276 274 275 
154 276 58 277 274 
155 274 277 74 109 
156 275 274 109 71 
157 71 280 278 279 
158 280 109 281 278 
159 278 281 108 140 
160 102 284 282 283 
161 284 140 285 282 
162 282 285 139 286 
163 283 282 286 131 
164 55 289 287 288 
165 289 73 275 287 
166 287 275 71 101 
167 288 287 101 72 
168 101 292 290 291 
169 292 71 279 290 
170 88 299 297 298 
171 299 72 100 297 
172 297 100 59 300 
173 298 297 300 91 
174 100 303 301 302 
175 303 99 129 301 
176 301 129 103 304 
177 302 301 304 59 
178 99 307 305 306 
179 307 130 294 305 
180 305 294 128 308 
181 306 305 308 129 
182 103 132 309 310 
183 132 75 311 309 
184 309 311 126 312 
185 310 309 312 124 
186 313 315 75 316 
187 314 313 316 132 
188 294 319 317 318 
189 318 317 321 128 
190 290 324 322 323 
191 324 279 325 322 
192 322 325 102 295 
193 323 322 295 130 
194 130 328 326 327 
195 328 295 329 326 
196 326 329 293 319 
197 327 326 319 294 
198 331 283 332 330 
199 330 332 131 333 
200 319 336 334 335 
201 336 293 337 334 
202 335 334 338 317 
203 295 340 339 329 
204 340 102 341 339 
205 339 341 283 331 
206 329 339 331 293 
207 293 343 342 337 
208 343 331 344 342 
209 342 344 330 345 
210 337 342 345 320 
211 129 308 346 347 
212 308 128 314 346 
213 346 314 132 348 
214 347 346 348 103 
215 128 321 349 350 
216 321 296 351 349 
217 349 351 313 352 
218 350 349 352 314 
219 317 338 353 354 
220 338 320 355 353 
221 353 355 296 356 
222 354 353 356 321 
223 334 359 357 358 
224 359 337 360 357 
225 357 360 320 361 
226 358 357 361 338 
227 362 363 187 364 
228 191 362 364 134 
229 65 370 369 172 
230 370 166 371 369 
231 369 371 169 372 
232 172 369 372 50 
233 170 374 373 200 
234 374 172 375 373 
235 373 375 50 376 
236 200 373 376 173 
237 378 200 379 377 
238 377 379 173 380 
239 381 383 362 384 
240 382 381 384 191 
241 64 391 390 217 
242 391 47 392 390 
243 390 392 65 171 
244 217 390 171 63 
245 63 394 393 221 
246 394 171 395 393 
247 393 395 170 199 
248 221 393 199 106 
249 106 398 396 397 
250 398 199 399 396 
251 396 399 198 366 
252 397 396 366 176 
253 366 402 400 401 
254 402 198 403 400 
255 400 403 367 387 
256 401 400 387 365 
257 50 372 404 188 
258 372 169 405 404 
259 404 405 184 406 
260 188 404 406 93 
261 173 376 407 363 
262 376 50 408 407 
263 407 408 188 409 
264 363 407 409 187 
265 380 173 411 410 
266 410 411 363 412 
267 383 410 412 362 
268 414 377 415 413 
269 413 415 380 416 
270 387 419 417 418 
271 419 367 420 417 
272 199 423 422 399 
273 423 170 424 422 
274 422 424 200 378 
275 399 422 378 198 
276 198 426 425 403 
277 426 378 427 425 
278 425 427 377 414 
279 403 425 414 367 
280 367 429 428 420 
281 429 414 430 428 
282 428 430 413 431 
283 368 389 432 433 
284 389 201 434 432 
285 432 434 383 435 
286 433 432 435 381 
287 436 438 201 439 
288 437 436 439 389 
289 417 442 440 441 
290 442 420 443 440 
291 441 440 444 421 
292 201 416 445 434 
293 416 380 446 445 
294 445 446 410 447 
295 434 445 447 383 
296 431 413 449 448 
297 448 449 416 450 
298 438 448 450 201 
299 420 452 451 443 
300 452 428 453 451 
301 451 453 431 454 
302 443 451 454 388 
303 421 444 455 456 
304 444 388 457 455 
305 455 457 438 458 
306 456 455 458 436 
307 440 461 459 460 
308 461 443 462 459 
309 459 462 388 463 
310 460 459 463 444 
311 365 470 468 469 
312 470 387 418 468 
313 468 418 385 471 
314 469 468 471 386 
315 418 474 472 473 
316 474 417 441 472 
317 472 441 421 475 
318 473 472 475 385 
319 476 382 191 477 
320 244 476 477 190 
321 176 484 482 483 
322 484 366 401 482 
323 482 401 365 466 
324 483 482 466 228 
325 228 487 485 486 
326 487 466 488 485 
327 485 488 464 489 
328 486 485 489 465 
329 175 491 490 225 
330 491 106 397 490 
331 490 397 176 227 
332 225 490 227 174 
333 227 494 492 493 
334 494 176 483 492 
335 492 483 228 480 
336 493 492 480 226 
337 480 497 495 496 
338 497 228 486 495 
339 495 486 465 498 
340 496 495 498 478 
341 196 500 499 248 
342 248 499 501 177 
343 226 504 502 503 
344 504 480 496 502 
345 502 496 478 505 
346 174 507 506 233 
347 507 227 493 506 
348 506 493 226 500 
349 233 506 500 196 
350 500 510 508 509 
351 510 226 503 508 
352 509 508 511 499 
353 229 481 512 513 
354 481 66 514 512 
355 512 514 382 515 
356 513 512 515 476 
357 505 478 518 516 
358 516 518 481 519 
359 517 516 519 229 
360 503 522 520 521 
361 522 502 523 520 
362 520 523 505 524 
363 177 501 525 526 
364 501 229 513 525 
365 525 513 476 527 
366 526 525 527 244 
367 499 511 528 529 
368 528 517 229 530 
369 529 528 530 501 
370 508 533 531 532 
371 533 503 521 531 
372 531 521 479 534 
373 532 531 534 511 
374 479 524 535 536 
375 524 505 537 535 
376 535 537 516 538 
377 536 535 538 517 
378 521 541 539 540 
379 541 520 542 539 
380 539 542 524 543 
381 540 539 543 479 
382 34 545 544 185 
383 545 165 546 544 
384 544 546 181 547 
385 185 544 547 61 
386 169 549 548 405 
387 549 34 550 548 
388 548 550 185 551 
389 405 548 551 184 
390 1 554 552 553 
391 554 12 263 552 
392 552 263 10 78 
393 553 552 78 11 
394 16 556 555 205 
395 556 2 557 555 
396 555 557 17 159 
397 205 555 159 15 
398 10 560 558 559 
399 560 25 266 558 
400 558 266 23 82 
401 559 558 82 24 
402 32 562 561 209 
403 562 15 563 561 
404 561 563 33 163 
405 209 561 163 31 
406 23 566 564 565 
407 566 41 269 564 
408 564 269 39 86 
409 565 564 86 40 
410 48 568 567 213 
411 568 31 569 567 
412 567 569 49 167 
413 213 567 167 47 
414 39 572 570 571 
415 572 57 272 570 
416 570 272 55 90 
417 571 570 90 56 
418 90 575 573 574 
419 575 55 288 573 
420 573 288 72 299 
421 574 573 299 88 
422 72 578 576 577 
423 578 101 291 576 
424 576 291 99 303 
425 577 576 303 100 
426 58 580 579 277 
427 580 105 219 579 
428 579 219 104 144 
429 277 579 144 74 
430 109 582 581 281 
431 582 74 583 581 
432 581 583 110 148 
433 281 581 148 108 
434 91 300 584 585 
435 300 59 125 584 
436 584 125 96 586 
437 585 584 586 121 
438 59 304 587 588 
439 304 103 310 587 
440 587 310 124 589 
441 588 587 589 125 
442 75 142 590 311 
443 142 111 591 590 
444 590 591 136 592 
445 311 590 592 126 
446 111 150 593 591 
447 150 5 594 593 
448 593 594 137 595 
449 591 593 595 136 
450 131 286 596 315 
451 286 139 597 596 
452 596 597 142 598 
453 315 596 598 75 
454 74 600 599 583 
455 600 144 601 599 
456 599 601 143 155 
457 583 599 155 110 
458 144 603 602 601 
459 603 104 223 602 
460 602 223 145 236 
461 601 602 236 143 
462 5 157 604 594 
463 157 146 605 604 
464 604 605 151 606 
465 594 604 606 137 
466 146 237 607 605 
467 237 107 243 607 
468 607 243 152 608 
469 605 607 608 151 
470 49 610 609 168 
471 610 162 611 609 
472 609 611 165 545 
473 168 609 545 34 
474 47 613 612 392 
475 613 167 614 612 
476 612 614 166 370 
477 392 612 370 65 
478 166 616 615 371 
479 616 168 617 615 
480 615 617 34 549 
481 371 615 549 169 
482 171 619 618 395 
483 619 65 620 618 
484 618 620 172 374 
485 395 618 374 170 
486 197 249 621 622 
487 249 177 526 621 
488 621 526 244 623 
489 622 621 623 242 
490 279 625 624 325 
491 625 278 626 624 
492 624 626 140 284 
493 325 624 284 102 
494 291 629 627 628 
495 629 290 323 627 
496 627 323 130 307 
497 628 627 307 99 
498 296 333 630 351 
499 333 131 631 630 
500 630 631 315 632 
501 351 630 632 313 
502 320 345 633 355 
503 345 330 634 633 
504 633 634 333 635 
505 355 633 635 296 
506 66 467 636 514 
507 467 368 433 636 
508 636 433 381 637 
509 514 636 637 382 
510 386 471 638 639 
511 471 385 437 638 
512 638 437 389 640 
513 639 638 640 368 
514 385 475 641 642 
515 475 421 456 641 
516 641 456 436 643 
517 642 641 643 437 
518 388 454 644 457 
519 454 431 645 644 
520 644 645 448 646 
521 457 644 646 438 
522 466 648 647 488 
523 648 365 469 647 
524 647 469 386 649 
525 488 647 649 464 
526 464 649 650 651 
527 649 386 639 650 
528 650 639 368 652 
529 651 650 652 467 
530 465 489 653 654 
531 489 464 651 653 
532 653 651 467 655 
533 654 653 655 66 
534 478 498 656 518 
535 498 465 654 656 
536 656 654 66 657 
537 518 656 657 481 
538 511 534 658 659 
539 534 479 536 658 
540 658 536 517 660 
541 659 658 660 528 
542 31 662 661 569 
543 662 163 663 661 
544 661 663 162 610 
545 569 661 610 49 
546 167 665 664 614 
547 665 49 666 664 
548 664 666 168 616 
549 614 664 616 166 
550 107 257 667 668 
551 257 197 622 667 
552 667 622 242 669 
553 668 667 669 243 
