2 0.000000 100.000000 473.401889
789 658 
1 -24.296847 0.000000 -24.275854 97.017538 0.000000 24.196632 0.000212 
2 28.137819 0.000000 -24.275854 97.027009 0.000000 24.132652 0.000337 
3 28.137819 0.000000 24.533704 97.082692 0.000000 24.018897 -0.000196 
4 -24.296847 0.000000 24.533704 97.047755 0.000000 24.194242 -0.000363 
5 1.920486 0.000000 0.128925 92.283040 0.000000 -0.081669 0.148383 
6 -24.296847 0.000000 0.128925 97.034531 0.000000 24.212561 -0.000195 
7 1.920486 0.000000 -24.275854 96.993012 0.000000 24.155297 0.000888 
8 28.137819 0.000000 0.128925 97.255035 0.000000 23.252165 0.000079 
9 1.920486 0.000000 24.533704 97.089424 0.000000 24.132431 -0.000873 
10 -11.188181 0.000000 -12.073465 96.980403 0.000000 24.209724 0.000869 
11 -24.296847 0.000000 -12.073465 97.019438 0.000000 24.205821 0.000131 
12 -11.188181 0.000000 -24.275854 97.002778 0.000000 24.187760 0.000541 
13 1.920486 0.000000 -12.073465 96.888294 0.000000 24.043744 0.003456 
14 -11.188181 0.000000 0.128925 97.049178 0.000000 24.274873 -0.000781 
15 15.029153 0.000000 -12.073465 97.019587 0.000000 23.966724 0.001280 
16 15.029153 0.000000 -24.275854 97.010875 0.000000 24.130250 0.000662 
17 28.137819 0.000000 -12.073465 97.050339 0.000000 24.031141 0.000374 
18 15.029153 0.000000 0.128925 97.594367 0.000000 21.817074 -0.000065 
19 -11.188181 0.000000 12.331315 97.103460 0.000000 24.200135 -0.001473 
20 -24.296847 0.000000 12.331315 97.048272 0.000000 24.203951 -0.000420 
21 1.920486 0.000000 12.331315 97.261607 0.000000 23.958808 -0.003384 
22 -11.188181 0.000000 24.533704 97.068534 0.000000 24.180544 -0.000700 
23 -4.633847 0.000000 -5.972270 96.832085 0.000000 24.253694 0.003531 
24 -11.188181 0.000000 -5.972270 96.987438 0.000000 24.247568 0.000549 
25 -4.633847 0.000000 -12.073465 96.922414 0.000000 24.173364 0.002169 
26 1.920486 0.000000 -5.972270 96.527807 0.000000 23.689510 0.012119 
27 -4.633847 0.000000 0.128925 97.095784 0.000000 24.521104 -0.002888 
28 15.029153 0.000000 12.331315 97.216181 0.000000 23.589320 -0.000744 
29 28.137819 0.000000 12.331315 97.326368 0.000000 23.025035 -0.000257 
30 15.029153 0.000000 24.533704 97.084964 0.000000 24.072567 -0.000498 
31 8.474819 0.000000 -5.972270 96.992126 0.000000 23.426666 0.004372 
32 8.474819 0.000000 -12.073465 96.963442 0.000000 23.955443 0.002423 
33 15.029153 0.000000 -5.972270 97.102071 0.000000 23.626649 0.001297 
34 8.474819 0.000000 0.128925 98.092403 0.000000 19.028034 0.001581 
35 -4.633847 0.000000 6.230120 97.323690 0.000000 24.219387 -0.005848 
36 -11.188181 0.000000 6.230120 97.105770 0.000000 24.240316 -0.001712 
37 1.920486 0.000000 6.230120 97.801185 0.000000 23.456981 -0.011530 
38 -4.633847 0.000000 12.331315 97.184685 0.000000 24.144960 -0.002784 
39 -1.356681 0.000000 -2.921672 96.300364 0.000000 24.459749 0.012796 
40 -4.633847 0.000000 -2.921672 96.858736 0.000000 24.401528 0.002295 
41 -1.356681 0.000000 -5.972270 96.625795 0.000000 24.112306 0.008205 
42 1.920486 0.000000 -2.921672 95.521118 0.000000 22.839137 0.035409 
43 -1.356681 0.000000 0.128925 97.071912 0.000000 25.403087 -0.006827 
44 8.474819 0.000000 6.230120 97.548896 0.000000 22.577979 -0.002555 
45 15.029153 0.000000 6.230120 97.646041 0.000000 21.796293 -0.000983 
46 8.474819 0.000000 12.331315 97.231125 0.000000 23.753604 -0.001813 
47 5.197653 0.000000 -2.921672 96.810930 0.000000 22.077974 0.014021 
48 5.197653 0.000000 -5.972270 96.778557 0.000000 23.397005 0.008649 
49 8.474819 0.000000 -2.921672 97.205476 0.000000 22.555766 0.004233 
50 5.197653 0.000000 0.128925 97.952188 0.000000 20.768331 -0.002595 
51 -1.356681 0.000000 3.179523 98.019354 0.000000 24.386405 -0.020249 
52 -4.633847 0.000000 3.179523 97.321677 0.000000 24.379673 -0.006588 
53 1.920486 0.000000 3.179523 99.096739 0.000000 22.576370 -0.032986 
54 -1.356681 0.000000 6.230120 97.603420 0.000000 24.029997 -0.010387 
55 0.281903 0.000000 -1.396374 94.408918 0.000000 25.158003 0.045403 
56 -1.356681 0.000000 -1.396374 96.384437 0.000000 25.051632 0.008246 
57 0.281903 0.000000 -2.921672 95.651860 0.000000 24.005803 0.027444 
58 1.920486 0.000000 -1.396374 93.583119 0.000000 21.105751 0.079675 
59 0.281903 0.000000 0.128925 99.100424 0.000000 -0.000000 0.017911 
60 5.197653 0.000000 3.179523 98.094872 0.000000 21.245442 -0.007397 
61 8.474819 0.000000 3.179523 97.835511 0.000000 21.286303 -0.002489 
62 5.197653 0.000000 6.230120 97.656274 0.000000 22.909100 -0.006157 
63 3.559069 0.000000 -1.396374 95.995909 0.000000 19.790879 0.039311 
64 3.559069 0.000000 -2.921672 96.202098 0.000000 22.108864 0.025635 
65 5.197653 0.000000 -1.396374 97.207215 0.000000 20.271348 0.013983 
66 3.559069 0.000000 0.128925 93.783269 0.000000 -0.000000 0.120470 
67 0.281903 0.000000 1.654224 99.926122 0.000000 25.298186 -0.062523 
68 -1.356681 0.000000 1.654224 97.951517 0.000000 25.039168 -0.022146 
69 1.920486 0.000000 1.654224 101.042108 0.000000 21.926136 -0.069026 
70 0.281903 0.000000 3.179523 98.792882 0.000000 23.862999 -0.032948 
71 1.101194 0.000000 -0.633724 93.122150 0.000000 -0.411560 0.132810 
72 0.281903 0.000000 -0.633724 93.257728 0.000000 27.496296 0.054695 
73 1.101194 0.000000 -1.396374 93.103563 0.000000 23.345810 0.078670 
74 1.920486 0.000000 -0.633724 97.124745 0.000000 0.069752 0.056678 
75 1.101194 0.000000 0.128925 89.845060 0.000000 -0.207625 0.192782 
76 3.559069 0.000000 1.654224 98.901725 0.000000 20.959313 -0.022084 
77 5.197653 0.000000 1.654224 98.749451 0.000000 18.358955 -0.008851 
78 3.559069 0.000000 3.179523 98.575377 0.000000 21.603044 -0.018380 
79 2.739778 0.000000 -0.633724 94.452875 0.000000 17.004224 0.078951 
80 2.739778 0.000000 -1.396374 94.924108 0.000000 20.057239 0.058712 
81 3.559069 0.000000 -0.633724 96.221147 0.000000 16.809248 0.045894 
82 2.739778 0.000000 0.128925 96.893868 0.000000 0.000000 0.061158 
83 1.101194 0.000000 0.891574 92.073233 0.000000 -0.608239 0.152215 
84 0.281903 0.000000 0.891574 99.929102 0.000000 28.301528 -0.078680 
85 1.920486 0.000000 0.891574 97.596263 0.000000 0.077887 0.047496 
86 1.101194 0.000000 1.654224 101.301221 0.000000 23.919920 -0.083410 
87 1.510840 0.000000 -0.252400 94.926067 0.000000 -0.193420 0.098900 
88 1.101194 0.000000 -0.252400 94.493795 0.000000 -0.251864 0.107086 
89 1.510840 0.000000 -0.633724 94.895978 0.000000 -0.199190 0.099471 
90 1.920486 0.000000 -0.252400 95.276489 0.000000 -0.152135 0.092237 
91 1.510840 0.000000 0.128925 89.553074 0.000000 -0.132490 0.198023 
92 -17.742514 0.000000 -5.972270 97.017558 0.000000 24.222890 0.000084 
93 -24.296847 0.000000 -5.972270 97.025384 0.000000 24.210756 -0.000009 
94 -17.742514 0.000000 -12.073465 97.008119 0.000000 24.210131 0.000329 
95 -17.742514 0.000000 0.128925 97.038386 0.000000 24.228815 -0.000348 
96 -7.911014 0.000000 -2.921672 96.977017 0.000000 24.319737 0.000401 
97 -11.188181 0.000000 -2.921672 97.011677 0.000000 24.267187 -0.000016 
98 -7.911014 0.000000 -5.972270 96.941850 0.000000 24.261915 0.001364 
99 -7.911014 0.000000 0.128925 97.064128 0.000000 24.346052 -0.001418 
100 -2.995264 0.000000 -1.396374 96.815500 0.000000 24.675451 0.001788 
101 -4.633847 0.000000 -1.396374 96.951043 0.000000 24.484896 0.000099 
102 -2.995264 0.000000 -2.921672 96.679115 0.000000 24.471227 0.005431 
103 -2.995264 0.000000 0.128925 97.121523 0.000000 24.774250 -0.004635 
104 -0.537389 0.000000 -0.633724 96.580866 0.000000 25.958483 -0.000171 
105 -1.356681 0.000000 -0.633724 96.706058 0.000000 25.298496 0.000792 
106 -0.537389 0.000000 -1.396374 95.821892 0.000000 25.292098 0.017847 
107 -0.537389 0.000000 0.128925 96.279021 0.000000 25.541637 0.007797 
108 0.691549 0.000000 -0.252400 92.505693 0.000000 -0.516600 0.144243 
109 0.281903 0.000000 -0.252400 90.135309 0.000000 26.572964 0.116950 
110 0.691549 0.000000 -0.633724 90.634986 0.000000 25.351861 0.114258 
111 0.691549 0.000000 0.128925 94.829888 0.000000 -0.230712 0.100724 
112 2.739778 0.000000 0.891574 101.023399 0.000000 17.739420 -0.052041 
113 3.559069 0.000000 0.891574 100.557961 0.000000 15.047455 -0.033833 
114 2.739778 0.000000 1.654224 99.870289 0.000000 21.056028 -0.041743 
115 1.510840 0.000000 0.510250 94.918299 0.000000 -0.195067 0.099048 
116 1.101194 0.000000 0.510250 94.546777 0.000000 -0.244944 0.106085 
117 1.920486 0.000000 0.510250 96.038628 0.000000 -0.030954 0.077658 
118 1.510840 0.000000 0.891574 95.695135 0.000000 -0.021792 0.084244 
119 1.306017 0.000000 -0.061737 74.836718 0.000000 -0.108845 0.439945 
120 1.101194 0.000000 -0.061737 79.460003 0.000000 -0.105210 0.368610 
121 1.306017 0.000000 -0.252400 94.673805 0.000000 -0.226442 0.103682 
122 1.510840 0.000000 -0.061737 85.982359 0.000000 -0.090824 0.260703 
123 1.306017 0.000000 0.128925 85.852831 0.000000 -0.187279 0.262926 
124 2.330132 0.000000 -0.252400 97.300128 0.000000 0.076237 0.053268 
125 2.330132 0.000000 -0.633724 93.225647 0.000000 17.523902 0.100189 
126 2.739778 0.000000 -0.252400 93.447898 0.000000 11.654519 0.113166 
127 2.330132 0.000000 0.128925 96.563050 0.000000 0.024512 0.067558 
128 1.715663 0.000000 -0.061737 88.955059 0.000000 -0.073293 0.208699 
129 1.715663 0.000000 -0.252400 95.151284 0.000000 -0.166168 0.094621 
130 1.920486 0.000000 -0.061737 91.060268 0.000000 -0.062168 0.170802 
131 1.715663 0.000000 0.128925 90.530767 0.000000 -0.095430 0.180417 
132 2.330132 0.000000 0.510250 97.427784 0.000000 0.078848 0.050782 
133 2.739778 0.000000 0.510250 102.141671 0.000000 8.658285 -0.050789 
134 2.330132 0.000000 0.891574 101.643305 0.000000 19.503412 -0.071174 
135 2.125309 0.000000 -0.061737 95.650369 0.000000 0.008683 0.085101 
136 2.125309 0.000000 -0.252400 96.764026 0.000000 0.045719 0.063672 
137 2.330132 0.000000 -0.061737 96.483470 0.000000 0.016507 0.069094 
138 2.125309 0.000000 0.128925 95.815813 0.000000 0.012470 0.081933 
139 21.583486 0.000000 -5.972270 97.104195 0.000000 23.770861 0.000572 
140 21.583486 0.000000 -12.073465 97.043200 0.000000 24.000387 0.000660 
141 28.137819 0.000000 -5.972270 97.094839 0.000000 23.866323 0.000299 
142 21.583486 0.000000 0.128925 97.367695 0.000000 22.774591 0.000085 
143 11.751986 0.000000 -2.921672 97.243008 0.000000 22.904387 0.001919 
144 11.751986 0.000000 -5.972270 97.078585 0.000000 23.523719 0.002238 
145 15.029153 0.000000 -2.921672 97.234437 0.000000 23.164272 0.000888 
146 11.751986 0.000000 0.128925 97.813512 0.000000 20.837609 -0.000169 
147 6.836236 0.000000 -1.396374 97.497320 0.000000 21.080350 0.004989 
148 6.836236 0.000000 -2.921672 97.101756 0.000000 22.316432 0.007323 
149 8.474819 0.000000 -1.396374 97.490271 0.000000 21.590712 0.002949 
150 6.836236 0.000000 0.128925 98.226122 0.000000 18.913457 -0.000609 
151 4.378361 0.000000 -0.633724 97.365405 0.000000 17.828718 0.020211 
152 4.378361 0.000000 -1.396374 96.771208 0.000000 19.908217 0.023900 
153 5.197653 0.000000 -0.633724 97.778724 0.000000 18.588730 0.009378 
154 4.378361 0.000000 0.128925 105.889106 0.000000 -24.196012 -0.179795 
155 3.149424 0.000000 -0.252400 95.619432 0.000000 9.312730 0.077020 
156 3.149424 0.000000 -0.633724 95.336959 0.000000 16.753393 0.063019 
157 3.559069 0.000000 -0.252400 98.047406 0.000000 12.683632 0.022583 
158 3.149424 0.000000 0.128925 97.639823 0.000000 0.000000 0.046646 
159 2.534955 0.000000 -0.061737 96.773604 0.000000 0.009257 0.063487 
160 2.534955 0.000000 -0.252400 97.674252 0.000000 0.074842 0.045973 
161 2.739778 0.000000 -0.061737 96.892589 0.000000 0.000000 0.061183 
162 2.534955 0.000000 0.128925 96.827404 0.000000 0.017636 0.062445 
163 21.583486 0.000000 6.230120 97.703517 0.000000 21.502903 -0.000835 
164 28.137819 0.000000 6.230120 98.290944 0.000000 19.128278 -0.002700 
165 21.583486 0.000000 12.331315 97.248916 0.000000 23.369832 -0.000350 
166 11.751986 0.000000 3.179523 99.167994 0.000000 15.668485 -0.007979 
167 15.029153 0.000000 3.179523 99.546132 0.000000 14.092887 -0.010804 
168 11.751986 0.000000 6.230120 97.572388 0.000000 22.215617 -0.001390 
169 6.836236 0.000000 1.654224 100.269084 0.000000 12.306859 -0.020535 
170 8.474819 0.000000 1.654224 100.934444 0.000000 8.948719 -0.026784 
171 6.836236 0.000000 3.179523 97.921283 0.000000 21.184264 -0.003735 
172 4.378361 0.000000 0.891574 100.123257 0.000000 14.705244 -0.024091 
173 5.197653 0.000000 0.891574 100.546661 0.000000 13.576295 -0.029395 
174 4.378361 0.000000 1.654224 98.333834 0.000000 20.743082 -0.009982 
175 3.149424 0.000000 0.510250 101.352364 0.000000 10.358953 -0.037961 
176 3.559069 0.000000 0.510250 100.146866 0.000000 12.431314 -0.018393 
177 3.149424 0.000000 0.891574 100.865095 0.000000 15.968372 -0.042876 
178 2.944601 0.000000 -0.061737 97.227488 0.000000 0.000000 0.054682 
179 2.944601 0.000000 -0.252400 94.114125 0.000000 10.027115 0.104199 
180 3.149424 0.000000 -0.061737 97.523924 0.000000 -0.000000 0.048908 
181 2.944601 0.000000 0.128925 97.190635 0.000000 0.000000 0.055398 
182 2.944601 0.000000 0.319587 101.172990 0.000000 11.717153 -0.037327 
183 2.739778 0.000000 0.319587 101.611778 0.000000 11.332357 -0.045338 
184 3.149424 0.000000 0.319587 100.625841 0.000000 12.353077 -0.027816 
185 2.944601 0.000000 0.510250 101.755231 0.000000 8.943423 -0.043411 
186 2.842189 0.000000 0.033594 97.090721 0.000000 0.000000 0.057339 
187 2.739778 0.000000 0.033594 96.966606 0.000000 0.000000 0.059748 
188 2.842189 0.000000 -0.061737 97.077976 0.000000 0.000000 0.057587 
189 2.944601 0.000000 0.033594 97.234194 0.000000 0.000000 0.054551 
190 2.842189 0.000000 0.128925 97.031280 0.000000 0.000000 0.058493 
191 3.968715 0.000000 -0.252400 98.242608 0.000000 16.585691 0.007330 
192 3.968715 0.000000 -0.633724 96.997754 0.000000 17.318078 0.029152 
193 4.378361 0.000000 -0.252400 97.834109 0.000000 17.219403 0.013198 
194 3.968715 0.000000 0.128925 84.940039 0.000000 0.000000 0.278519 
195 3.968715 0.000000 0.510250 98.961516 0.000000 15.083254 -0.002089 
196 4.378361 0.000000 0.510250 98.329572 0.000000 19.230740 -0.003853 
197 3.968715 0.000000 0.891574 100.416979 0.000000 13.528671 -0.026659 
198 3.763892 0.000000 -0.061737 96.377307 0.000000 -0.000000 0.071141 
199 3.559069 0.000000 -0.061737 93.947422 0.000000 -0.000000 0.117388 
200 3.763892 0.000000 -0.252400 98.753905 0.000000 14.976665 0.002337 
201 3.968715 0.000000 -0.061737 97.004475 0.000000 0.000000 0.059013 
202 3.763892 0.000000 0.128925 95.226459 0.000000 0.000000 0.093192 
203 1.715663 0.000000 0.319587 95.186407 0.000000 -0.161569 0.093952 
204 1.510840 0.000000 0.319587 94.936013 0.000000 -0.191622 0.098712 
205 1.920486 0.000000 0.319587 95.316483 0.000000 -0.147266 0.091475 
206 1.715663 0.000000 0.510250 95.110966 0.000000 -0.171538 0.095387 
207 1.818075 0.000000 0.033594 88.548235 0.000000 -0.059993 0.215921 
208 1.715663 0.000000 0.033594 93.136473 0.000000 0.012491 0.132560 
209 1.818075 0.000000 -0.061737 89.053084 0.000000 -0.066480 0.206954 
210 1.920486 0.000000 0.033594 90.671186 0.000000 -0.057150 0.177873 
211 1.818075 0.000000 0.128925 91.251854 0.000000 -0.098110 0.167309 
212 1.613252 0.000000 0.033594 91.448395 0.000000 -0.015258 0.163719 
213 1.510840 0.000000 0.033594 90.408083 0.000000 -0.047038 0.182638 
214 1.613252 0.000000 -0.061737 87.720420 0.000000 -0.081785 0.230512 
215 1.613252 0.000000 0.128925 89.292005 0.000000 -0.106080 0.202693 
216 2.125309 0.000000 0.319587 96.559799 0.000000 0.026202 0.067620 
217 2.330132 0.000000 0.319587 97.153273 0.000000 0.070423 0.056124 
218 2.125309 0.000000 0.510250 96.964545 0.000000 0.060363 0.059787 
219 1.818075 0.000000 0.224256 95.303886 0.000000 -0.147957 0.091715 
220 1.715663 0.000000 0.224256 95.218055 0.000000 -0.157431 0.093350 
221 1.920486 0.000000 0.224256 95.351863 0.000000 -0.142989 0.090800 
222 1.818075 0.000000 0.319587 95.267875 0.000000 -0.152436 0.092401 
223 1.766869 0.000000 0.081260 89.668369 0.000000 -0.081184 0.195958 
224 1.715663 0.000000 0.081260 91.796853 0.000000 -0.027377 0.157334 
225 1.766869 0.000000 0.033594 93.653443 0.000000 0.019000 0.122903 
226 1.818075 0.000000 0.081260 89.520567 0.000000 -0.070465 0.198606 
227 1.766869 0.000000 0.128925 90.421168 0.000000 -0.090530 0.182400 
228 -4.633847 0.000000 -18.174659 96.971961 0.000000 24.169553 0.001227 
229 -11.188181 0.000000 -18.174659 96.992044 0.000000 24.193051 0.000724 
230 -4.633847 0.000000 -24.275854 96.994849 0.000000 24.174288 0.000760 
231 1.920486 0.000000 -18.174659 96.965274 0.000000 24.126854 0.001563 
232 -1.356681 0.000000 -9.022867 96.800598 0.000000 24.097332 0.004896 
233 -4.633847 0.000000 -9.022867 96.877852 0.000000 24.192300 0.002941 
234 -1.356681 0.000000 -12.073465 96.895999 0.000000 24.117066 0.002953 
235 1.920486 0.000000 -9.022867 96.789195 0.000000 23.935319 0.005895 
236 0.281903 0.000000 -4.446971 96.236498 0.000000 23.887298 0.016793 
237 -1.356681 0.000000 -4.446971 96.463222 0.000000 24.201851 0.010912 
238 0.281903 0.000000 -5.972270 96.526910 0.000000 23.931452 0.010984 
239 1.920486 0.000000 -4.446971 96.216038 0.000000 23.405507 0.019466 
240 1.101194 0.000000 -2.159023 94.640814 0.000000 23.398235 0.049564 
241 0.281903 0.000000 -2.159023 95.150579 0.000000 24.291199 0.035631 
242 1.101194 0.000000 -2.921672 95.448668 0.000000 23.456587 0.033934 
243 1.920486 0.000000 -2.159023 94.814395 0.000000 22.311787 0.051241 
244 1.510840 0.000000 -1.015049 91.827676 0.000000 21.449050 0.110762 
245 1.101194 0.000000 -1.015049 91.682300 0.000000 23.274963 0.105263 
246 1.510840 0.000000 -1.396374 93.131430 0.000000 22.126358 0.083696 
247 1.920486 0.000000 -1.015049 92.704690 0.000000 20.055185 0.100363 
248 1.715663 0.000000 -0.443062 95.077636 0.000000 -0.175963 0.096021 
249 1.510840 0.000000 -0.443062 94.908768 0.000000 -0.196744 0.099229 
250 1.715663 0.000000 -0.633724 96.169994 0.000000 -0.011113 0.075133 
251 1.920486 0.000000 -0.443062 96.257633 0.000000 -0.004103 0.073447 
252 1.818075 0.000000 -0.157068 92.872494 0.000000 -0.123134 0.137468 
253 1.715663 0.000000 -0.157068 93.036933 0.000000 -0.132144 0.134411 
254 1.818075 0.000000 -0.252400 95.227783 0.000000 -0.157450 0.093164 
255 1.920486 0.000000 -0.157068 92.827568 0.000000 -0.117970 0.138303 
256 1.766869 0.000000 -0.014072 88.579581 0.000000 -0.060475 0.215365 
257 1.715663 0.000000 -0.014072 88.278173 0.000000 -0.063961 0.220696 
258 1.766869 0.000000 -0.061737 89.249701 0.000000 -0.077628 0.203448 
259 1.818075 0.000000 -0.014072 88.182714 0.000000 -0.056484 0.222381 
260 2.022897 0.000000 0.033594 93.234538 0.000000 -0.015199 0.130732 
261 2.022897 0.000000 -0.061737 92.953030 0.000000 -0.019366 0.135973 
262 2.125309 0.000000 0.033594 95.597075 0.000000 0.008169 0.086120 
263 2.022897 0.000000 0.128925 95.532492 0.000000 -0.037083 0.087354 
264 1.869280 0.000000 0.081260 89.934999 0.000000 -0.066368 0.191169 
265 1.869280 0.000000 0.033594 88.633882 0.000000 -0.046688 0.214403 
266 1.920486 0.000000 0.081260 91.411250 0.000000 -0.065535 0.164398 
267 1.869280 0.000000 0.128925 92.526729 0.000000 -0.110702 0.143879 
268 1.792472 0.000000 0.057427 94.723641 0.000000 0.027136 0.102743 
269 1.766869 0.000000 0.057427 95.412413 0.000000 0.041471 0.089647 
270 1.792472 0.000000 0.033594 93.018808 0.000000 0.002848 0.134750 
271 1.818075 0.000000 0.057427 89.053062 0.000000 -0.065321 0.206955 
272 1.792472 0.000000 0.081260 89.579261 0.000000 -0.072350 0.197555 
273 1.869280 0.000000 -0.014072 86.872194 0.000000 -0.032875 0.245322 
274 1.869280 0.000000 -0.061737 89.357999 0.000000 -0.061345 0.201514 
275 1.920486 0.000000 -0.014072 90.425534 0.000000 -0.054963 0.182322 
276 1.792472 0.000000 0.009761 88.643247 0.000000 -0.062066 0.214237 
277 1.766869 0.000000 0.009761 88.581338 0.000000 -0.060293 0.215334 
278 1.792472 0.000000 -0.014072 88.646698 0.000000 -0.062322 0.214176 
279 1.818075 0.000000 0.009761 88.153842 0.000000 -0.055988 0.222890 
280 1.843677 0.000000 0.057427 88.865276 0.000000 -0.056928 0.210296 
281 1.843677 0.000000 0.033594 88.068160 0.000000 -0.049274 0.224400 
282 1.869280 0.000000 0.057427 89.298702 0.000000 -0.059801 0.202574 
283 1.843677 0.000000 0.081260 89.491301 0.000000 -0.069143 0.199130 
284 1.805273 0.000000 0.045510 95.978139 0.000000 0.047724 0.078819 
285 1.792472 0.000000 0.045510 95.876642 0.000000 0.046940 0.080767 
286 1.805273 0.000000 0.033594 88.731788 0.000000 -0.062395 0.212667 
287 1.818075 0.000000 0.045510 88.801107 0.000000 -0.062636 0.211436 
288 1.805273 0.000000 0.057427 94.944045 0.000000 0.028909 0.098563 
289 -17.742514 0.000000 6.230120 97.058078 0.000000 24.220445 -0.000690 
290 -24.296847 0.000000 6.230120 97.043299 0.000000 24.209679 -0.000351 
291 -17.742514 0.000000 12.331315 97.064867 0.000000 24.206241 -0.000753 
292 -7.911014 0.000000 3.179523 97.146903 0.000000 24.309013 -0.002845 
293 -11.188181 0.000000 3.179523 97.085315 0.000000 24.263069 -0.001425 
294 -7.911014 0.000000 6.230120 97.174146 0.000000 24.248746 -0.003082 
295 -2.995264 0.000000 1.654224 97.430215 0.000000 24.659198 -0.010072 
296 -4.633847 0.000000 1.654224 97.238325 0.000000 24.473152 -0.005423 
297 -2.995264 0.000000 3.179523 97.553782 0.000000 24.433005 -0.011371 
298 -0.537389 0.000000 0.891574 97.791228 0.000000 26.382255 -0.025915 
299 -1.356681 0.000000 0.891574 97.562720 0.000000 25.364876 -0.016186 
300 -0.537389 0.000000 1.654224 98.590523 0.000000 25.315278 -0.036095 
301 0.691549 0.000000 0.510250 92.512878 0.000000 -0.514875 0.144110 
302 0.281903 0.000000 0.510250 99.784843 0.000000 29.157689 -0.080719 
303 0.691549 0.000000 0.891574 102.163231 0.000000 28.198101 -0.123246 
304 1.306017 0.000000 0.319587 94.652286 0.000000 -0.228812 0.104089 
305 1.101194 0.000000 0.319587 94.456143 0.000000 -0.256802 0.107797 
306 1.306017 0.000000 0.510250 94.705521 0.000000 -0.222844 0.103081 
307 1.613252 0.000000 0.224256 95.094706 0.000000 -0.171730 0.095697 
308 1.510840 0.000000 0.224256 94.943542 0.000000 -0.190134 0.098569 
309 1.613252 0.000000 0.319587 95.072965 0.000000 -0.174856 0.096110 
310 1.664457 0.000000 0.081260 92.469567 0.000000 -0.009967 0.144938 
311 1.613252 0.000000 0.081260 91.711215 0.000000 -0.024644 0.158905 
312 1.664457 0.000000 0.033594 91.721036 0.000000 0.001505 0.158725 
313 1.664457 0.000000 0.128925 92.760309 0.000000 -0.128983 0.139551 
314 1.741266 0.000000 0.057427 94.376491 0.000000 0.028508 0.109308 
315 1.715663 0.000000 0.057427 93.867414 0.000000 0.020177 0.118891 
316 1.741266 0.000000 0.033594 92.770412 0.000000 0.003573 0.139365 
317 1.741266 0.000000 0.081260 92.537784 0.000000 -0.021266 0.143676 
318 1.408429 0.000000 0.033594 86.004815 0.000000 -0.106376 0.260316 
319 1.306017 0.000000 0.033594 82.262654 0.000000 -0.180191 0.323282 
320 1.408429 0.000000 -0.061737 80.208071 0.000000 -0.101961 0.356665 
321 1.408429 0.000000 0.128925 83.162230 0.000000 -0.132470 0.308403 
322 0.896371 0.000000 -0.061737 90.468290 0.000000 -0.123962 0.181547 
323 0.691549 0.000000 -0.061737 95.402872 0.000000 -0.122719 0.089828 
324 0.896371 0.000000 -0.252400 93.503748 0.000000 -0.364281 0.125692 
325 0.896371 0.000000 0.128925 93.931109 0.000000 -0.201863 0.117691 
326 1.203606 0.000000 0.033594 84.444086 0.000000 -0.384395 0.286905 
327 1.101194 0.000000 0.033594 78.599878 0.000000 -0.092940 0.382205 
328 1.203606 0.000000 -0.061737 75.425162 0.000000 -0.117152 0.431103 
329 1.203606 0.000000 0.128925 81.403824 0.000000 -0.153718 0.337339 
330 1.408429 0.000000 0.224256 94.781661 0.000000 -0.210869 0.101639 
331 1.306017 0.000000 0.224256 94.629327 0.000000 -0.231394 0.104524 
332 1.408429 0.000000 0.319587 94.790084 0.000000 -0.210325 0.101480 
333 1.357223 0.000000 0.081260 85.034437 0.000000 -0.144421 0.276912 
334 1.306017 0.000000 0.081260 82.389768 0.000000 -0.180680 0.321189 
335 1.357223 0.000000 0.033594 84.878886 0.000000 -0.158739 0.279555 
336 1.408429 0.000000 0.081260 86.546046 0.000000 -0.113960 0.250977 
337 1.357223 0.000000 0.128925 82.414847 0.000000 -0.138625 0.320777 
338 0.896371 0.000000 0.319587 93.695954 0.000000 -0.342148 0.122095 
339 0.691549 0.000000 0.319587 92.755462 0.000000 -0.473005 0.139620 
340 0.896371 0.000000 0.510250 93.297495 0.000000 -0.390031 0.129543 
341 1.203606 0.000000 0.224256 94.504734 0.000000 -0.249013 0.106879 
342 1.101194 0.000000 0.224256 94.418605 0.000000 -0.261783 0.108506 
343 1.203606 0.000000 0.319587 94.537905 0.000000 -0.244845 0.106252 
344 1.254812 0.000000 0.081260 81.772047 0.000000 -0.221953 0.331328 
345 1.203606 0.000000 0.081260 81.743682 0.000000 -0.261097 0.331790 
346 1.254812 0.000000 0.033594 81.191753 0.000000 -0.232062 0.340785 
347 1.254812 0.000000 0.128925 85.528154 0.000000 -0.193740 0.268490 
348 0.998783 0.000000 0.033594 87.109197 0.000000 -0.104921 0.241198 
349 0.896371 0.000000 0.033594 91.541406 0.000000 -0.092119 0.162016 
350 0.998783 0.000000 -0.061737 86.963798 0.000000 -0.118397 0.243728 
351 0.998783 0.000000 0.128925 89.687220 0.000000 -0.157118 0.195618 
352 1.152400 0.000000 0.081260 79.880461 0.000000 -0.140429 0.361909 
353 1.101194 0.000000 0.081260 79.840879 0.000000 -0.128171 0.362542 
354 1.152400 0.000000 0.033594 77.763536 0.000000 -0.114017 0.395282 
355 1.152400 0.000000 0.128925 81.699817 0.000000 -0.156316 0.332512 
356 1.306017 0.000000 -0.443062 94.724531 0.000000 -0.220767 0.102721 
357 1.101194 0.000000 -0.443062 94.249872 0.000000 -0.274262 0.111689 
358 1.306017 0.000000 -0.633724 94.204676 0.000000 -0.273204 0.112540 
359 1.203606 0.000000 -0.157068 86.723905 0.000000 -0.202596 0.247892 
360 1.101194 0.000000 -0.157068 90.308481 0.000000 -0.207172 0.184434 
361 1.203606 0.000000 -0.252400 94.570299 0.000000 -0.240826 0.105640 
362 1.306017 0.000000 -0.157068 86.609682 0.000000 -0.188128 0.249873 
363 1.152400 0.000000 -0.014072 77.366834 0.000000 -0.109711 0.401436 
364 1.101194 0.000000 -0.014072 77.763503 0.000000 -0.079014 0.395283 
365 1.152400 0.000000 -0.061737 78.377711 0.000000 -0.118877 0.385692 
366 1.203606 0.000000 -0.014072 73.806194 0.000000 -0.107837 0.455263 
367 1.178003 0.000000 0.057427 88.147346 0.000000 -0.539017 0.222975 
368 1.152400 0.000000 0.057427 85.268692 0.000000 -0.437929 0.272906 
369 1.178003 0.000000 0.033594 82.366233 0.000000 -0.342323 0.321569 
370 1.203606 0.000000 0.057427 86.242578 0.000000 -0.423711 0.256204 
371 1.178003 0.000000 0.081260 79.495363 0.000000 -0.139576 0.368047 
372 0.998783 0.000000 0.224256 94.371353 0.000000 -0.269205 0.109398 
373 0.896371 0.000000 0.224256 93.672230 0.000000 -0.345937 0.122539 
374 0.998783 0.000000 0.319587 94.407999 0.000000 -0.264192 0.108706 
375 1.049989 0.000000 0.081260 86.577594 0.000000 -0.127930 0.250430 
376 0.998783 0.000000 0.081260 88.841944 0.000000 -0.140435 0.210709 
377 1.049989 0.000000 0.033594 82.409303 0.000000 -0.094084 0.320870 
378 1.049989 0.000000 0.128925 89.709384 0.000000 -0.209612 0.195218 
379 1.126797 0.000000 0.057427 78.780259 0.000000 -0.119049 0.379366 
380 1.101194 0.000000 0.057427 79.472498 0.000000 -0.106105 0.368411 
381 1.126797 0.000000 0.033594 78.099580 0.000000 -0.109983 0.390044 
382 1.126797 0.000000 0.081260 79.551622 0.000000 -0.128041 0.367152 
383 1.254812 0.000000 -0.014072 66.675875 0.000000 -0.073142 0.555432 
384 1.254812 0.000000 -0.061737 72.966266 0.000000 -0.101398 0.467591 
385 1.306017 0.000000 -0.014072 69.643711 0.000000 -0.081615 0.514975 
386 1.178003 0.000000 0.009761 74.802552 0.000000 -0.103043 0.440457 
387 1.152400 0.000000 0.009761 77.368453 0.000000 -0.109918 0.401411 
388 1.178003 0.000000 -0.014072 74.797665 0.000000 -0.102777 0.440530 
389 1.203606 0.000000 0.009761 73.791514 0.000000 -0.108015 0.455480 
390 1.165202 0.000000 0.045510 89.004377 0.000000 -0.604428 0.207786 
391 1.152400 0.000000 0.045510 89.293127 0.000000 -0.652358 0.202631 
392 1.165202 0.000000 0.033594 84.352781 0.000000 -0.414761 0.288444 
393 1.178003 0.000000 0.045510 87.503083 0.000000 -0.536565 0.234292 
394 1.165202 0.000000 0.057427 88.199975 0.000000 -0.560982 0.222045 
395 3.354246 0.000000 -0.061737 96.692482 0.000000 -0.000000 0.065056 
396 3.354246 0.000000 -0.252400 96.938616 0.000000 10.879618 0.048454 
397 3.354246 0.000000 0.128925 96.522097 0.000000 -0.000000 0.068348 
398 3.763892 0.000000 0.319587 97.164344 0.000000 17.012050 0.026968 
399 3.559069 0.000000 0.319587 98.449152 0.000000 14.694263 0.009184 
400 3.968715 0.000000 0.319587 96.751163 0.000000 19.531369 0.025774 
401 3.763892 0.000000 0.510250 99.464285 0.000000 13.493660 -0.007522 
402 3.661481 0.000000 0.033594 95.701968 0.000000 -0.000000 0.084113 
403 3.559069 0.000000 0.033594 94.085541 0.000000 -0.000000 0.114791 
404 3.661481 0.000000 -0.061737 94.863629 0.000000 -0.000000 0.100089 
405 3.763892 0.000000 0.033594 97.419388 0.000000 -0.000000 0.050946 
406 3.661481 0.000000 0.128925 94.721400 0.000000 -0.000000 0.102786 
407 3.354246 0.000000 0.319587 99.781112 0.000000 13.346318 -0.013439 
408 3.354246 0.000000 0.510250 100.816872 0.000000 11.647855 -0.029971 
409 3.456658 0.000000 0.033594 95.322527 0.000000 -0.000000 0.091362 
410 3.354246 0.000000 0.033594 96.712079 0.000000 -0.000000 0.064677 
411 3.456658 0.000000 -0.061737 95.109216 0.000000 -0.000000 0.095424 
412 3.456658 0.000000 0.128925 95.625859 0.000000 0.000000 0.085570 
413 8.474819 0.000000 -18.174659 96.983929 0.000000 24.091330 0.001373 
414 8.474819 0.000000 -24.275854 96.999902 0.000000 24.138545 0.000835 
415 15.029153 0.000000 -18.174659 97.008721 0.000000 24.081772 0.000938 
416 5.197653 0.000000 -9.022867 96.862123 0.000000 23.810993 0.005077 
417 5.197653 0.000000 -12.073465 96.922113 0.000000 23.982468 0.003095 
418 8.474819 0.000000 -9.022867 96.952969 0.000000 23.781413 0.003457 
419 3.559069 0.000000 -4.446971 96.458231 0.000000 23.042949 0.016483 
420 3.559069 0.000000 -5.972270 96.632478 0.000000 23.492217 0.011028 
421 5.197653 0.000000 -4.446971 96.749487 0.000000 22.935698 0.011349 
422 4.378361 0.000000 -2.159023 96.573909 0.000000 21.216983 0.022332 
423 3.559069 0.000000 -2.159023 96.042971 0.000000 21.237579 0.032471 
424 4.378361 0.000000 -2.921672 96.533963 0.000000 22.020757 0.019628 
425 5.197653 0.000000 -2.159023 96.942309 0.000000 21.366936 0.014564 
426 3.968715 0.000000 -1.015049 96.588715 0.000000 18.704781 0.032075 
427 3.559069 0.000000 -1.015049 96.038522 0.000000 18.622098 0.042982 
428 3.968715 0.000000 -1.396374 96.412972 0.000000 19.775014 0.031349 
429 4.378361 0.000000 -1.015049 96.993894 0.000000 18.969812 0.023233 
430 3.763892 0.000000 -0.443062 97.215092 0.000000 16.129528 0.028906 
431 3.559069 0.000000 -0.443062 96.636060 0.000000 15.455428 0.042260 
432 3.763892 0.000000 -0.633724 96.663148 0.000000 17.068991 0.036489 
433 3.968715 0.000000 -0.443062 97.432864 0.000000 16.702622 0.022786 
434 3.661481 0.000000 -0.157068 93.018633 0.000000 -0.000000 0.134753 
435 3.559069 0.000000 -0.157068 93.530744 0.000000 -0.000000 0.125200 
436 3.661481 0.000000 -0.252400 98.575718 0.000000 13.835904 0.009140 
437 3.763892 0.000000 -0.157068 84.940039 0.000000 0.000000 0.278519 
438 3.610275 0.000000 -0.014072 95.454603 0.000000 -0.000000 0.088842 
439 3.559069 0.000000 -0.014072 94.003397 0.000000 -0.000000 0.116336 
440 3.610275 0.000000 -0.061737 95.432574 0.000000 -0.000000 0.089262 
441 3.661481 0.000000 -0.014072 95.919942 0.000000 -0.000000 0.079936 
442 3.610275 0.000000 0.033594 95.356766 0.000000 -0.000000 0.090709 
443 6.016944 0.000000 -0.633724 97.954643 0.000000 19.341674 0.003079 
444 6.016944 0.000000 -1.396374 97.434956 0.000000 20.713116 0.007740 
445 6.836236 0.000000 -0.633724 97.877882 0.000000 19.969009 0.002116 
446 6.016944 0.000000 0.128925 98.646765 0.000000 19.365527 -0.010621 
447 4.788007 0.000000 -0.252400 97.933414 0.000000 17.523300 0.010198 
448 4.788007 0.000000 -0.633724 97.603954 0.000000 18.229218 0.014116 
449 5.197653 0.000000 -0.252400 98.120658 0.000000 17.739692 0.005764 
450 4.788007 0.000000 0.128925 99.348072 0.000000 17.613748 -0.018028 
451 4.173538 0.000000 -0.061737 98.682769 0.000000 14.868326 0.004064 
452 4.173538 0.000000 -0.252400 97.866754 0.000000 17.021954 0.013235 
453 4.378361 0.000000 -0.061737 98.295815 0.000000 17.118736 0.004488 
454 4.173538 0.000000 0.128925 97.522444 0.000000 9.618184 0.039686 
455 3.866304 0.000000 0.033594 98.187984 0.000000 0.000000 0.035912 
456 3.866304 0.000000 -0.061737 97.539832 0.000000 0.000000 0.048598 
457 3.968715 0.000000 0.033594 97.038155 0.000000 0.000000 0.058360 
458 3.866304 0.000000 0.128925 97.023860 0.000000 0.000000 0.058637 
459 3.712687 0.000000 -0.014072 97.194505 0.000000 -0.000000 0.055323 
460 3.712687 0.000000 -0.061737 95.423480 0.000000 -0.000000 0.089436 
461 3.763892 0.000000 -0.014072 97.798630 0.000000 -0.000000 0.043543 
462 3.712687 0.000000 0.033594 96.245423 0.000000 -0.000000 0.073682 
463 3.661481 0.000000 0.224256 96.164504 0.000000 15.754841 0.050417 
464 3.559069 0.000000 0.224256 97.316921 0.000000 14.485973 0.031957 
465 3.763892 0.000000 0.224256 95.467738 0.000000 17.416985 0.058256 
466 3.661481 0.000000 0.319587 97.704910 0.000000 15.764111 0.020524 
467 3.610275 0.000000 0.081260 94.656061 0.000000 -0.000000 0.104023 
468 3.559069 0.000000 0.081260 93.962170 0.000000 -0.000000 0.117111 
469 3.661481 0.000000 0.081260 94.697661 0.000000 -0.000000 0.103235 
470 3.610275 0.000000 0.128925 93.275477 0.000000 -0.000000 0.129969 
471 3.635878 0.000000 0.009761 95.723511 0.000000 -0.000000 0.083701 
472 3.610275 0.000000 0.009761 94.370274 0.000000 -0.000000 0.109425 
473 3.635878 0.000000 -0.014072 95.702479 0.000000 -0.000000 0.084104 
474 3.661481 0.000000 0.009761 95.951610 0.000000 -0.000000 0.079329 
475 3.635878 0.000000 0.033594 95.555643 0.000000 -0.000000 0.086912 
476 2.739778 0.000000 -2.159023 95.437269 0.000000 21.582961 0.042590 
477 2.739778 0.000000 -2.921672 95.823826 0.000000 22.364140 0.031764 
478 3.149424 0.000000 -1.015049 95.400826 0.000000 18.661083 0.055045 
479 2.739778 0.000000 -1.015049 94.690119 0.000000 18.832152 0.067913 
480 3.149424 0.000000 -1.396374 95.477100 0.000000 19.838112 0.049057 
481 3.354246 0.000000 -0.443062 95.964912 0.000000 15.083378 0.056323 
482 3.149424 0.000000 -0.443062 95.364908 0.000000 14.923328 0.068283 
483 3.354246 0.000000 -0.633724 95.772870 0.000000 16.719534 0.054801 
484 3.456658 0.000000 -0.157068 95.424471 0.000000 0.000000 0.089417 
485 3.354246 0.000000 -0.157068 96.676434 0.000000 -0.000000 0.065367 
486 3.456658 0.000000 -0.252400 97.410939 0.000000 11.753320 0.037297 
487 3.507864 0.000000 -0.014072 94.423637 0.000000 0.000000 0.108418 
488 3.456658 0.000000 -0.014072 95.255184 0.000000 -0.000000 0.092645 
489 3.507864 0.000000 -0.061737 94.608936 0.000000 -0.000000 0.104915 
490 3.507864 0.000000 0.033594 94.712110 0.000000 0.000000 0.102962 
491 3.584672 0.000000 0.009761 94.197237 0.000000 0.000000 0.112688 
492 3.559069 0.000000 0.009761 93.954073 0.000000 -0.000000 0.117263 
493 3.584672 0.000000 -0.014072 94.315237 0.000000 -0.000000 0.110464 
494 3.584672 0.000000 0.033594 95.373211 0.000000 -0.000000 0.090395 
495 3.610275 0.000000 -0.109403 94.513570 0.000000 -0.000000 0.106719 
496 3.559069 0.000000 -0.109403 93.775551 0.000000 -0.000000 0.120615 
497 3.610275 0.000000 -0.157068 93.144773 0.000000 -0.000000 0.132405 
498 3.661481 0.000000 -0.109403 94.942449 0.000000 -0.000000 0.098593 
499 3.635878 0.000000 -0.037904 95.518804 0.000000 -0.000000 0.087616 
500 3.610275 0.000000 -0.037904 95.332405 0.000000 -0.000000 0.091173 
501 3.635878 0.000000 -0.061737 95.329515 0.000000 -0.000000 0.091228 
502 3.661481 0.000000 -0.037904 95.648233 0.000000 -0.000000 0.085142 
503 3.623076 0.000000 -0.002155 93.574568 0.000000 -0.000000 0.124380 
504 3.610275 0.000000 -0.002155 93.541724 0.000000 0.000000 0.124995 
505 3.623076 0.000000 -0.014072 95.575873 0.000000 -0.000000 0.086525 
506 3.635878 0.000000 -0.002155 95.743211 0.000000 -0.000000 0.083324 
507 3.623076 0.000000 0.009761 95.595090 0.000000 -0.000000 0.086158 
508 3.456658 0.000000 0.224256 98.501707 0.000000 13.903852 0.010410 
509 3.354246 0.000000 0.224256 99.253057 0.000000 13.661360 -0.003780 
510 3.456658 0.000000 0.319587 99.194036 0.000000 13.934161 -0.003362 
511 3.507864 0.000000 0.081260 94.480506 0.000000 -0.000000 0.107343 
512 3.456658 0.000000 0.081260 95.218769 0.000000 0.000000 0.093339 
513 3.507864 0.000000 0.128925 94.322667 0.000000 -0.000000 0.110323 
514 3.533466 0.000000 0.009761 94.020370 0.000000 -0.000000 0.116017 
515 3.507864 0.000000 0.009761 94.388570 0.000000 0.000000 0.109080 
516 3.533466 0.000000 -0.014072 94.041173 0.000000 -0.000000 0.115626 
517 3.533466 0.000000 0.033594 94.337161 0.000000 -0.000000 0.110050 
518 3.584672 0.000000 -0.037904 95.364292 0.000000 -0.000000 0.090565 
519 3.559069 0.000000 -0.037904 93.931939 0.000000 -0.000000 0.117679 
520 3.584672 0.000000 -0.061737 94.528166 0.000000 -0.000000 0.106443 
521 3.571871 0.000000 -0.002155 93.715433 0.000000 -0.000000 0.121742 
522 3.559069 0.000000 -0.002155 93.893056 0.000000 -0.000000 0.118409 
523 3.571871 0.000000 -0.014072 94.398118 0.000000 -0.000000 0.108900 
524 3.584672 0.000000 -0.002155 94.013029 0.000000 0.000000 0.116155 
525 3.571871 0.000000 0.009761 94.258107 0.000000 -0.000000 0.111541 
526 3.251835 0.000000 0.033594 97.275481 0.000000 -0.000000 0.053748 
527 3.149424 0.000000 0.033594 97.469888 0.000000 -0.000000 0.049962 
528 3.251835 0.000000 -0.061737 97.220925 0.000000 -0.000000 0.054809 
529 3.251835 0.000000 0.128925 97.058181 0.000000 -0.000000 0.057971 
530 3.405452 0.000000 -0.014072 96.241894 0.000000 -0.000000 0.073750 
531 3.354246 0.000000 -0.014072 96.694611 0.000000 -0.000000 0.065015 
532 3.405452 0.000000 -0.061737 96.145199 0.000000 -0.000000 0.075610 
533 3.405452 0.000000 0.033594 96.160856 0.000000 -0.000000 0.075309 
534 3.482261 0.000000 0.009761 94.685818 0.000000 0.000000 0.103460 
535 3.456658 0.000000 0.009761 95.287703 0.000000 -0.000000 0.092025 
536 3.482261 0.000000 -0.014072 94.735817 0.000000 -0.000000 0.102512 
537 3.482261 0.000000 0.033594 94.837101 0.000000 -0.000000 0.100592 
538 3.251835 0.000000 -0.157068 96.875325 0.000000 -0.000000 0.061517 
539 3.149424 0.000000 -0.157068 97.348839 0.000000 0.000000 0.052320 
540 3.251835 0.000000 -0.252400 96.415073 0.000000 9.941858 0.060529 
541 3.303041 0.000000 -0.014072 96.996928 0.000000 -0.000000 0.059160 
542 3.251835 0.000000 -0.014072 97.327840 0.000000 -0.000000 0.052729 
543 3.303041 0.000000 -0.061737 96.959804 0.000000 -0.000000 0.059880 
544 3.303041 0.000000 0.033594 96.984826 0.000000 -0.000000 0.059394 
545 3.405452 0.000000 0.081260 95.887289 0.000000 -0.000000 0.080563 
546 3.354246 0.000000 0.081260 96.574921 0.000000 -0.000000 0.067328 
547 3.405452 0.000000 0.128925 96.253630 0.000000 -0.000000 0.073524 
548 3.379849 0.000000 0.009761 96.471789 0.000000 -0.000000 0.069319 
549 3.354246 0.000000 0.009761 96.696926 0.000000 -0.000000 0.064970 
550 3.379849 0.000000 -0.014072 96.457568 0.000000 -0.000000 0.069594 
551 3.405452 0.000000 0.009761 96.240577 0.000000 -0.000000 0.073775 
552 3.379849 0.000000 0.033594 96.402456 0.000000 -0.000000 0.070657 
553 3.251835 0.000000 0.224256 99.854588 0.000000 13.446641 -0.015175 
554 3.149424 0.000000 0.224256 100.424879 0.000000 13.479805 -0.026686 
555 3.251835 0.000000 0.319587 100.246064 0.000000 12.804350 -0.021322 
556 3.303041 0.000000 0.081260 97.013011 0.000000 -0.000000 0.058848 
557 3.251835 0.000000 0.081260 97.196901 0.000000 -0.000000 0.055276 
558 3.303041 0.000000 0.128925 96.944914 0.000000 -0.000000 0.060168 
559 3.328644 0.000000 0.009761 96.804221 0.000000 -0.000000 0.062894 
560 3.303041 0.000000 0.009761 96.998426 0.000000 -0.000000 0.059131 
561 3.328644 0.000000 -0.014072 96.801800 0.000000 -0.000000 0.062941 
562 3.328644 0.000000 0.033594 96.780501 0.000000 -0.000000 0.063353 
563 3.047012 0.000000 0.033594 97.376872 0.000000 0.000000 0.051774 
564 3.047012 0.000000 -0.061737 97.385711 0.000000 0.000000 0.051602 
565 3.047012 0.000000 0.128925 97.375728 0.000000 0.000000 0.051797 
566 3.200629 0.000000 -0.014072 97.437666 0.000000 -0.000000 0.050590 
567 3.149424 0.000000 -0.014072 97.477690 0.000000 -0.000000 0.049810 
568 3.200629 0.000000 -0.061737 97.357465 0.000000 -0.000000 0.052152 
569 3.200629 0.000000 0.033594 97.376915 0.000000 -0.000000 0.051774 
570 3.277438 0.000000 0.009761 97.173666 0.000000 -0.000000 0.055728 
571 3.251835 0.000000 0.009761 97.336846 0.000000 -0.000000 0.052554 
572 3.277438 0.000000 -0.014072 97.171538 0.000000 -0.000000 0.055769 
573 3.277438 0.000000 0.033594 97.123709 0.000000 -0.000000 0.056699 
574 3.303041 0.000000 -0.109403 96.995336 0.000000 -0.000000 0.059190 
575 3.251835 0.000000 -0.109403 97.075618 0.000000 -0.000000 0.057632 
576 3.303041 0.000000 -0.157068 96.809208 0.000000 -0.000000 0.062798 
577 3.354246 0.000000 -0.109403 96.526958 0.000000 -0.000000 0.068255 
578 3.328644 0.000000 -0.037904 96.776491 0.000000 -0.000000 0.063431 
579 3.303041 0.000000 -0.037904 96.981310 0.000000 -0.000000 0.059463 
580 3.328644 0.000000 -0.061737 96.885343 0.000000 -0.000000 0.061323 
581 3.354246 0.000000 -0.037904 96.709447 0.000000 -0.000000 0.064728 
582 3.315842 0.000000 -0.002155 96.904542 0.000000 -0.000000 0.060951 
583 3.303041 0.000000 -0.002155 96.883796 0.000000 -0.000000 0.061353 
584 3.315842 0.000000 -0.014072 96.969849 0.000000 -0.000000 0.059685 
585 3.328644 0.000000 -0.002155 96.824946 0.000000 -0.000000 0.062493 
586 3.315842 0.000000 0.009761 96.928169 0.000000 -0.000000 0.060493 
587 2.534955 0.000000 0.319587 97.597535 0.000000 0.077840 0.047472 
588 2.534955 0.000000 0.510250 102.465831 0.000000 9.707046 -0.059347 
589 2.637366 0.000000 0.033594 96.768717 0.000000 0.000000 0.063582 
590 2.534955 0.000000 0.033594 96.771644 0.000000 0.010328 0.063525 
591 2.637366 0.000000 -0.061737 96.809705 0.000000 0.000000 0.062788 
592 2.637366 0.000000 0.128925 96.759258 0.000000 0.000000 0.063765 
593 2.432543 0.000000 0.033594 96.581545 0.000000 0.010108 0.067201 
594 2.330132 0.000000 0.033594 96.460931 0.000000 0.015226 0.069529 
595 2.432543 0.000000 -0.061737 96.606677 0.000000 0.011553 0.066715 
596 2.432543 0.000000 0.128925 96.912464 0.000000 0.039157 0.060797 
597 2.330132 0.000000 -1.015049 93.766485 0.000000 19.240506 0.083765 
598 2.330132 0.000000 -1.396374 94.266303 0.000000 20.422922 0.069677 
599 2.534955 0.000000 -0.443062 93.597508 0.000000 15.947702 0.098518 
600 2.330132 0.000000 -0.443062 97.527286 0.000000 0.079004 0.048842 
601 2.534955 0.000000 -0.633724 93.898865 0.000000 17.234939 0.088596 
602 2.739778 0.000000 -0.443062 94.213568 0.000000 15.465287 0.088463 
603 2.637366 0.000000 -0.157068 96.759258 0.000000 0.000000 0.063765 
604 2.534955 0.000000 -0.157068 96.900298 0.000000 0.022025 0.061033 
605 2.637366 0.000000 -0.252400 93.173249 0.000000 12.411742 0.116469 
606 2.739778 0.000000 -0.157068 96.893628 0.000000 0.000000 0.061162 
607 2.586160 0.000000 -0.014072 96.790083 0.000000 0.005554 0.063168 
608 2.534955 0.000000 -0.014072 96.764847 0.000000 0.009873 0.063656 
609 2.586160 0.000000 -0.061737 96.804058 0.000000 0.006653 0.062897 
610 2.637366 0.000000 -0.014072 96.765318 0.000000 0.000000 0.063647 
611 2.586160 0.000000 0.033594 96.794437 0.000000 0.005916 0.063084 
612 6.016944 0.000000 0.891574 100.711782 0.000000 17.530183 -0.045017 
613 6.836236 0.000000 0.891574 98.719070 0.000000 22.292576 -0.024241 
614 6.016944 0.000000 1.654224 99.547403 0.000000 15.069111 -0.013676 
615 4.788007 0.000000 0.510250 97.914508 0.000000 23.270366 -0.012876 
616 5.197653 0.000000 0.510250 97.171860 0.000000 29.693278 -0.032406 
617 4.788007 0.000000 0.891574 100.200646 0.000000 14.334901 -0.024566 
618 5.607298 0.000000 0.510250 96.231292 0.000000 40.189614 -0.087567 
619 5.607298 0.000000 0.128925 98.413009 0.000000 19.745312 -0.007500 
620 6.016944 0.000000 0.510250 92.396038 0.000000 61.017494 -0.226016 
621 5.607298 0.000000 0.891574 100.338953 0.000000 16.787498 -0.034973 
622 4.992830 0.000000 0.319587 93.450251 0.000000 30.681928 0.032567 
623 4.788007 0.000000 0.319587 95.168296 0.000000 27.966067 0.016089 
624 4.992830 0.000000 0.128925 98.002341 0.000000 21.009469 -0.004586 
625 5.197653 0.000000 0.319587 80.487069 0.000000 85.817225 -0.384276 
626 4.992830 0.000000 0.510250 97.565623 0.000000 25.789236 -0.018414 
627 -17.742514 0.000000 -18.174659 97.007990 0.000000 24.200049 0.000381 
628 -24.296847 0.000000 -18.174659 97.017285 0.000000 24.200608 0.000198 
629 -17.742514 0.000000 -24.275854 97.011208 0.000000 24.194341 0.000346 
630 21.583486 0.000000 -18.174659 97.025116 0.000000 24.087927 0.000590 
631 21.583486 0.000000 -24.275854 97.020481 0.000000 24.129492 0.000479 
632 28.137819 0.000000 -18.174659 97.033588 0.000000 24.098518 0.000374 
633 -7.911014 0.000000 -9.022867 96.941878 0.000000 24.222148 0.001556 
634 -11.188181 0.000000 -9.022867 96.979036 0.000000 24.225997 0.000817 
635 -7.911014 0.000000 -12.073465 96.955130 0.000000 24.200074 0.001406 
636 11.751986 0.000000 -9.022867 97.016897 0.000000 23.808338 0.002088 
637 11.751986 0.000000 -12.073465 96.997758 0.000000 23.955254 0.001758 
638 15.029153 0.000000 -9.022867 97.045291 0.000000 23.847904 0.001349 
639 -2.995264 0.000000 -4.446971 96.687286 0.000000 24.304417 0.006086 
640 -4.633847 0.000000 -4.446971 96.827276 0.000000 24.316598 0.003318 
641 -2.995264 0.000000 -5.972270 96.739864 0.000000 24.211423 0.005521 
642 6.836236 0.000000 -4.446971 96.950555 0.000000 22.987751 0.007215 
643 6.836236 0.000000 -5.972270 96.904207 0.000000 23.388037 0.006257 
644 8.474819 0.000000 -4.446971 97.059373 0.000000 23.090335 0.004631 
645 -0.537389 0.000000 -2.159023 95.781042 0.000000 24.693139 0.021624 
646 -1.356681 0.000000 -2.159023 96.274077 0.000000 24.718017 0.012032 
647 -0.537389 0.000000 -2.921672 95.987365 0.000000 24.334069 0.019428 
648 0.691549 0.000000 -1.015049 92.496687 0.000000 25.027373 0.081799 
649 0.281903 0.000000 -1.015049 93.953034 0.000000 26.072277 0.049306 
650 0.691549 0.000000 -1.396374 93.593729 0.000000 24.455654 0.064213 
651 0.896371 0.000000 -0.443062 93.061290 0.000000 -0.423189 0.133942 
652 0.691549 0.000000 -0.443062 92.280655 0.000000 -0.562800 0.148396 
653 0.896371 0.000000 -0.633724 92.292713 0.000000 -0.559548 0.148174 
654 1.408429 0.000000 -0.157068 91.451779 0.000000 -0.174909 0.163654 
655 1.408429 0.000000 -0.252400 94.796564 0.000000 -0.210037 0.101357 
656 1.510840 0.000000 -0.157068 91.469439 0.000000 -0.158136 0.163332 
657 2.125309 0.000000 -0.443062 96.957830 0.000000 0.060107 0.059918 
658 2.125309 0.000000 -0.633724 97.525958 0.000000 0.079034 0.048868 
659 1.613252 0.000000 -0.157068 93.014549 0.000000 -0.144213 0.134827 
660 1.613252 0.000000 -0.252400 95.048305 0.000000 -0.178363 0.096579 
661 2.022897 0.000000 -0.157068 95.696074 0.000000 -0.018274 0.084226 
662 2.022897 0.000000 -0.252400 96.320339 0.000000 0.000733 0.072239 
663 2.125309 0.000000 -0.157068 95.967418 0.000000 0.018884 0.079025 
664 2.227720 0.000000 0.033594 95.997242 0.000000 0.009727 0.078453 
665 2.227720 0.000000 -0.061737 96.035735 0.000000 0.014057 0.077714 
666 2.227720 0.000000 0.128925 96.505097 0.000000 0.029685 0.068677 
667 6.016944 0.000000 -2.159023 97.149014 0.000000 21.587215 0.009606 
668 6.016944 0.000000 -2.921672 96.990072 0.000000 22.188010 0.010062 
669 6.836236 0.000000 -2.159023 97.254907 0.000000 21.804952 0.006603 
670 4.788007 0.000000 -1.015049 97.271166 0.000000 19.243875 0.016799 
671 4.788007 0.000000 -1.396374 97.032843 0.000000 20.092360 0.018092 
672 5.197653 0.000000 -1.015049 97.461469 0.000000 19.540303 0.011944 
673 2.944601 0.000000 -0.443062 94.764860 0.000000 15.077061 0.079230 
674 2.944601 0.000000 -0.633724 94.913967 0.000000 16.844976 0.070759 
675 2.432543 0.000000 -0.157068 96.982762 0.000000 0.040926 0.059434 
676 2.330132 0.000000 -0.157068 96.730540 0.000000 0.044193 0.064320 
677 2.432543 0.000000 -0.252400 97.528061 0.000000 0.078987 0.048827 
678 2.842189 0.000000 -0.157068 97.031280 0.000000 0.000000 0.058493 
679 2.842189 0.000000 -0.252400 93.744410 0.000000 10.845635 0.109436 
680 2.944601 0.000000 -0.157068 97.190739 0.000000 0.000000 0.055396 
681 3.047012 0.000000 -0.157068 97.348839 0.000000 0.000000 0.052320 
682 3.047012 0.000000 -0.252400 94.745430 0.000000 9.376017 0.093539 
683 3.047012 0.000000 0.224256 100.793795 0.000000 13.632769 -0.034524 
684 2.944601 0.000000 0.224256 101.097893 0.000000 13.809834 -0.041150 
685 3.047012 0.000000 0.319587 100.914123 0.000000 11.986675 -0.032734 
686 4.173538 0.000000 -0.443062 97.528614 0.000000 17.097146 0.019586 
687 4.173538 0.000000 -0.633724 97.194623 0.000000 17.570660 0.024448 
688 4.378361 0.000000 -0.443062 97.601477 0.000000 17.332208 0.017355 
689 4.173538 0.000000 0.319587 96.530190 0.000000 21.705082 0.021081 
690 4.378361 0.000000 0.319587 96.326847 0.000000 23.788389 0.015525 
691 4.173538 0.000000 0.510250 98.569078 0.000000 17.118336 -0.000890 
692 3.866304 0.000000 -0.157068 92.739524 0.000000 0.000000 0.139938 
693 3.866304 0.000000 -0.252400 98.586485 0.000000 15.987214 0.002511 
694 3.968715 0.000000 -0.157068 98.927402 0.000000 16.415571 -0.005610 
695 1.664457 0.000000 -0.014072 85.603003 0.000000 -0.038467 0.267212 
696 1.613252 0.000000 -0.014072 87.112336 0.000000 -0.072379 0.241144 
697 1.664457 0.000000 -0.061737 88.383565 0.000000 -0.073995 0.218834 
698 2.022897 0.000000 0.224256 95.910613 0.000000 -0.051811 0.080115 
699 2.125309 0.000000 0.224256 96.570912 0.000000 0.026914 0.067406 
700 2.022897 0.000000 0.319587 96.113160 0.000000 -0.024583 0.076226 
701 2.227720 0.000000 0.224256 96.983749 0.000000 0.061059 0.059415 
702 2.330132 0.000000 0.224256 97.155566 0.000000 0.070476 0.056079 
703 2.227720 0.000000 0.319587 96.979242 0.000000 0.060893 0.059502 
704 1.741266 0.000000 0.009761 88.516184 0.000000 -0.065724 0.216488 
705 1.715663 0.000000 0.009761 90.342675 0.000000 -0.029036 0.183820 
706 1.741266 0.000000 -0.014072 88.515500 0.000000 -0.065953 0.216500 
707 1.843677 0.000000 0.009761 86.884175 0.000000 -0.038416 0.245114 
708 1.843677 0.000000 -0.014072 87.082051 0.000000 -0.040347 0.241671 
709 1.869280 0.000000 0.009761 86.293168 0.000000 -0.028281 0.255349 
710 1.357223 0.000000 -0.014072 78.835654 0.000000 -0.114518 0.378493 
711 1.357223 0.000000 -0.061737 76.778160 0.000000 -0.107581 0.410510 
712 1.408429 0.000000 -0.014072 81.821526 0.000000 -0.088397 0.330523 
713 0.998783 0.000000 -0.157068 90.958115 0.000000 -0.183422 0.172659 
714 0.896371 0.000000 -0.157068 93.887358 0.000000 -0.254569 0.118510 
715 0.998783 0.000000 -0.252400 94.126845 0.000000 -0.292072 0.114005 
716 1.049989 0.000000 -0.014072 81.398060 0.000000 -0.082690 0.337435 
717 0.998783 0.000000 -0.014072 86.908337 0.000000 -0.101181 0.244693 
718 1.049989 0.000000 -0.061737 83.506797 0.000000 -0.105271 0.302660 
719 1.126797 0.000000 0.009761 77.665771 0.000000 -0.103401 0.396802 
720 1.101194 0.000000 0.009761 77.645186 0.000000 -0.077021 0.397122 
721 1.126797 0.000000 -0.014072 77.675102 0.000000 -0.103538 0.396657 
722 3.866304 0.000000 0.224256 95.315420 0.000000 19.221149 0.054552 
723 3.968715 0.000000 0.224256 95.505697 0.000000 20.602143 0.045421 
724 3.866304 0.000000 0.319587 96.874862 0.000000 18.339697 0.027892 
725 3.712687 0.000000 0.081260 94.550280 0.000000 -0.000000 0.106024 
726 3.763892 0.000000 0.081260 96.251869 0.000000 -0.000000 0.073558 
727 3.712687 0.000000 0.128925 95.428829 0.000000 -0.000000 0.089334 
728 3.712687 0.000000 -0.109403 93.871615 0.000000 -0.000000 0.118812 
729 3.712687 0.000000 -0.157068 92.837434 0.000000 -0.000000 0.138121 
730 3.763892 0.000000 -0.109403 96.812801 0.000000 -0.000000 0.062728 
731 5.607298 0.000000 -0.252400 98.291575 0.000000 18.076541 0.001201 
732 5.607298 0.000000 -0.633724 97.898880 0.000000 18.945506 0.005688 
733 6.016944 0.000000 -0.252400 98.346907 0.000000 18.527023 -0.001536 
734 3.507864 0.000000 -0.109403 94.321897 0.000000 -0.000000 0.110338 
735 3.456658 0.000000 -0.109403 95.531048 0.000000 0.000000 0.087382 
736 3.507864 0.000000 -0.157068 94.326780 0.000000 0.000000 0.110246 
737 3.405452 0.000000 -0.109403 96.052182 0.000000 -0.000000 0.077398 
738 3.405452 0.000000 -0.157068 96.486804 0.000000 -0.000000 0.069030 
739 3.533466 0.000000 -0.037904 94.339496 0.000000 -0.000000 0.110006 
740 3.507864 0.000000 -0.037904 94.713810 0.000000 0.000000 0.102929 
741 3.533466 0.000000 -0.061737 94.209066 0.000000 -0.000000 0.112465 
742 3.597474 0.000000 -0.002155 93.723874 0.000000 0.000000 0.121584 
743 3.597474 0.000000 -0.014072 94.634852 0.000000 -0.000000 0.104424 
744 3.597474 0.000000 0.009761 94.454381 0.000000 0.000000 0.107837 
745 3.200629 0.000000 0.081260 97.326361 0.000000 -0.000000 0.052758 
746 3.149424 0.000000 0.081260 97.610179 0.000000 0.000000 0.047225 
747 3.200629 0.000000 0.128925 97.341312 0.000000 -0.000000 0.052467 
748 3.379849 0.000000 -0.037904 96.399759 0.000000 -0.000000 0.070709 
749 3.379849 0.000000 -0.061737 96.381637 0.000000 -0.000000 0.071058 
750 3.405452 0.000000 -0.037904 96.158869 0.000000 -0.000000 0.075347 
751 3.431055 0.000000 0.009761 95.859924 0.000000 0.000000 0.081087 
752 3.431055 0.000000 -0.014072 95.841970 0.000000 0.000000 0.081432 
753 3.431055 0.000000 0.033594 95.508873 0.000000 0.000000 0.087806 
754 3.200629 0.000000 -0.109403 97.343827 0.000000 -0.000000 0.052418 
755 3.149424 0.000000 -0.109403 97.642117 0.000000 0.000000 0.046602 
756 3.200629 0.000000 -0.157068 97.335396 0.000000 -1.192275 0.052440 
757 3.277438 0.000000 -0.037904 97.118805 0.000000 -0.000000 0.056794 
758 3.251835 0.000000 -0.037904 97.265174 0.000000 -0.000000 0.053949 
759 3.277438 0.000000 -0.061737 97.091516 0.000000 -0.000000 0.057324 
760 2.432543 0.000000 0.224256 97.429830 0.000000 0.078832 0.050742 
761 2.534955 0.000000 0.224256 97.597604 0.000000 0.077837 0.047470 
762 2.432543 0.000000 0.319587 97.429296 0.000000 0.078836 0.050753 
763 2.637366 0.000000 0.224256 101.640883 0.000000 13.975906 -0.052620 
764 2.739778 0.000000 0.224256 101.463074 0.000000 14.037761 -0.049181 
765 2.637366 0.000000 0.319587 101.830559 0.000000 11.212449 -0.049518 
766 4.583184 0.000000 0.319587 96.024028 0.000000 25.876525 0.010979 
767 4.583184 0.000000 0.128925 108.223801 0.000000 -16.192564 -0.197459 
768 4.583184 0.000000 0.510250 98.154131 0.000000 21.258571 -0.008616 
769 2.227720 0.000000 -0.157068 96.643406 0.000000 0.039610 0.066005 
770 2.227720 0.000000 -0.252400 96.973877 0.000000 0.060695 0.059606 
771 2.842189 0.000000 0.224256 101.273578 0.000000 13.977725 -0.045171 
772 2.842189 0.000000 0.319587 101.404334 0.000000 11.515198 -0.041544 
773 5.607298 0.000000 -1.015049 97.582741 0.000000 19.812621 0.008507 
774 5.607298 0.000000 -1.396374 97.354173 0.000000 20.505032 0.010171 
775 6.016944 0.000000 -1.015049 97.655497 0.000000 20.106236 0.005914 
776 4.583184 0.000000 -0.061737 98.030093 0.000000 17.963209 0.006742 
777 4.583184 0.000000 -0.252400 97.870087 0.000000 17.420039 0.011799 
778 4.788007 0.000000 -0.061737 97.981256 0.000000 18.101834 0.007200 
779 3.482261 0.000000 -0.037904 94.965553 0.000000 -0.000000 0.098154 
780 3.456658 0.000000 -0.037904 95.119027 0.000000 -0.000000 0.095237 
781 3.482261 0.000000 -0.061737 94.967817 0.000000 -0.000000 0.098111 
782 3.431055 0.000000 -0.037904 95.506779 0.000000 0.000000 0.087846 
783 3.431055 0.000000 -0.061737 95.642821 0.000000 0.000000 0.085245 
784 4.583184 0.000000 -0.443062 97.698205 0.000000 17.573725 0.014622 
785 4.583184 0.000000 -0.633724 97.496451 0.000000 18.048548 0.016869 
786 4.788007 0.000000 -0.443062 97.786411 0.000000 17.751118 0.012272 
787 4.992830 0.000000 -0.061737 98.059159 0.000000 18.039079 0.005899 
788 4.992830 0.000000 -0.252400 98.022125 0.000000 17.616476 0.008132 
789 5.197653 0.000000 -0.061737 98.191347 0.000000 17.977179 0.003528 
1 19 21 9 22 
2 20 19 22 4 
3 28 29 3 30 
4 21 28 30 9 
5 35 37 21 38 
6 36 35 38 19 
7 44 45 28 46 
8 37 44 46 21 
9 51 53 37 54 
10 52 51 54 35 
11 60 61 44 62 
12 53 60 62 37 
13 67 69 53 70 
14 68 67 70 51 
15 76 77 60 78 
16 69 76 78 53 
17 83 85 69 86 
18 84 83 86 67 
19 11 94 92 93 
20 94 10 24 92 
21 92 24 14 95 
22 93 92 95 6 
23 24 98 96 97 
24 98 23 40 96 
25 96 40 27 99 
26 97 96 99 14 
27 40 102 100 101 
28 102 39 56 100 
29 100 56 43 103 
30 101 100 103 27 
31 56 106 104 105 
32 106 55 72 104 
33 104 72 59 107 
34 105 104 107 43 
35 72 110 108 109 
36 109 108 111 59 
37 112 113 76 114 
38 85 112 114 69 
39 115 117 85 118 
40 116 115 118 83 
41 132 133 112 134 
42 117 132 134 85 
43 15 140 139 33 
44 140 17 141 139 
45 139 141 8 142 
46 33 139 142 18 
47 31 144 143 49 
48 144 33 145 143 
49 143 145 18 146 
50 49 143 146 34 
51 148 49 149 147 
52 147 149 34 150 
53 18 142 163 45 
54 142 8 164 163 
55 163 164 29 165 
56 45 163 165 28 
57 34 146 166 61 
58 146 18 167 166 
59 166 167 45 168 
60 61 166 168 44 
61 150 34 170 169 
62 169 170 61 171 
63 77 169 171 60 
64 172 173 77 174 
65 113 172 174 76 
66 175 176 113 177 
67 133 175 177 112 
68 182 184 175 185 
69 183 182 185 133 
70 161 188 186 187 
71 188 178 189 186 
72 186 189 181 190 
73 187 186 190 82 
74 195 196 172 197 
75 176 195 197 113 
76 203 205 117 206 
77 204 203 206 115 
78 122 214 212 213 
79 213 212 215 91 
80 216 217 132 218 
81 205 216 218 117 
82 131 211 219 220 
83 211 5 221 219 
84 219 221 205 222 
85 220 219 222 203 
86 223 226 211 227 
87 224 223 227 131 
88 12 230 228 229 
89 230 7 231 228 
90 228 231 13 25 
91 229 228 25 10 
92 25 234 232 233 
93 234 13 235 232 
94 232 235 26 41 
95 233 232 41 23 
96 41 238 236 237 
97 238 26 239 236 
98 236 239 42 57 
99 237 236 57 39 
100 57 242 240 241 
101 242 42 243 240 
102 240 243 58 73 
103 241 240 73 55 
104 73 246 244 245 
105 246 58 247 244 
106 244 247 74 89 
107 245 244 89 71 
108 89 250 248 249 
109 250 74 251 248 
110 248 251 90 129 
111 249 248 129 87 
112 129 254 252 253 
113 254 90 255 252 
114 252 255 130 209 
115 253 252 209 128 
116 128 258 256 257 
117 258 209 259 256 
118 130 261 260 210 
119 261 135 262 260 
120 260 262 138 263 
121 210 260 263 5 
122 265 210 266 264 
123 264 266 5 267 
124 226 264 267 211 
125 225 270 268 269 
126 268 271 226 272 
127 269 268 272 223 
128 209 274 273 259 
129 274 130 275 273 
130 273 275 210 265 
131 256 278 276 277 
132 278 259 279 276 
133 276 279 207 270 
134 277 276 270 225 
135 207 281 280 271 
136 281 265 282 280 
137 280 282 264 283 
138 271 280 283 226 
139 270 286 284 285 
140 286 207 287 284 
141 284 287 271 288 
142 285 284 288 268 
143 6 95 289 290 
144 95 14 36 289 
145 289 36 19 291 
146 290 289 291 20 
147 14 99 292 293 
148 99 27 52 292 
149 292 52 35 294 
150 293 292 294 36 
151 27 103 295 296 
152 103 43 68 295 
153 295 68 51 297 
154 296 295 297 52 
155 43 107 298 299 
156 107 59 84 298 
157 298 84 67 300 
158 299 298 300 68 
159 59 111 301 302 
160 301 116 83 303 
161 302 301 303 84 
162 304 204 115 306 
163 305 304 306 116 
164 91 215 307 308 
165 215 131 220 307 
166 307 220 203 309 
167 308 307 309 204 
168 212 312 310 311 
169 312 208 224 310 
170 310 224 131 313 
171 311 310 313 215 
172 208 316 314 315 
173 316 225 269 314 
174 314 269 223 317 
175 315 314 317 224 
176 320 122 213 318 
177 318 213 91 321 
178 108 324 322 323 
179 323 322 325 111 
180 123 321 330 331 
181 321 91 308 330 
182 330 308 204 332 
183 331 330 332 304 
184 319 335 333 334 
185 335 318 336 333 
186 333 336 321 337 
187 334 333 337 123 
188 111 325 338 339 
189 338 305 116 340 
190 339 338 340 301 
191 75 329 341 342 
192 329 123 331 341 
193 341 331 304 343 
194 342 341 343 305 
195 326 346 344 345 
196 346 319 334 344 
197 344 334 123 347 
198 345 344 347 329 
199 322 350 348 349 
200 349 348 351 325 
201 352 345 329 355 
202 353 352 355 75 
203 71 358 356 357 
204 358 89 249 356 
205 356 249 87 121 
206 357 356 121 88 
207 88 361 359 360 
208 361 121 362 359 
209 359 362 119 328 
210 360 359 328 120 
211 120 365 363 364 
212 365 328 366 363 
213 369 326 370 367 
214 367 370 345 371 
215 368 367 371 352 
216 325 351 372 373 
217 351 75 342 372 
218 372 342 305 374 
219 373 372 374 338 
220 348 377 375 376 
221 377 327 353 375 
222 375 353 75 378 
223 376 375 378 351 
224 327 381 379 380 
225 381 354 368 379 
226 379 368 352 382 
227 380 379 382 353 
228 328 384 383 366 
229 384 119 385 383 
230 383 385 319 346 
231 366 383 346 326 
232 363 388 386 387 
233 388 366 389 386 
234 386 389 326 369 
235 387 386 369 354 
236 354 392 390 391 
237 392 369 393 390 
238 390 393 367 394 
239 391 390 394 368 
240 398 400 195 401 
241 399 398 401 176 
242 407 399 176 408 
243 184 407 408 175 
244 7 414 413 231 
245 414 16 415 413 
246 413 415 15 32 
247 231 413 32 13 
248 13 417 416 235 
249 417 32 418 416 
250 416 418 31 48 
251 235 416 48 26 
252 26 420 419 239 
253 420 48 421 419 
254 419 421 47 64 
255 239 419 64 42 
256 64 424 422 423 
257 424 47 425 422 
258 422 425 65 152 
259 423 422 152 63 
260 63 428 426 427 
261 428 152 429 426 
262 426 429 151 192 
263 427 426 192 81 
264 81 432 430 431 
265 432 192 433 430 
266 430 433 191 200 
267 431 430 200 157 
268 157 436 434 435 
269 436 200 437 434 
270 444 147 445 443 
271 443 445 150 446 
272 448 153 449 447 
273 191 452 451 201 
274 452 193 453 451 
275 451 453 154 454 
276 201 451 454 194 
277 198 456 455 405 
278 456 201 457 455 
279 455 457 194 458 
280 405 455 458 202 
281 404 460 459 441 
282 460 198 461 459 
283 459 461 405 462 
284 441 459 462 402 
285 66 406 463 464 
286 406 202 465 463 
287 463 465 398 466 
288 464 463 466 399 
289 403 442 467 468 
290 442 402 469 467 
291 467 469 406 470 
292 468 467 470 66 
293 473 441 474 471 
294 471 474 402 475 
295 472 471 475 442 
296 42 477 476 243 
297 477 64 423 476 
298 476 423 63 80 
299 243 476 80 58 
300 80 480 478 479 
301 480 63 427 478 
302 478 427 81 156 
303 479 478 156 79 
304 156 483 481 482 
305 483 81 431 481 
306 481 431 157 396 
307 482 481 396 155 
308 396 486 484 485 
309 486 157 435 484 
310 491 472 442 494 
311 492 491 494 403 
312 435 497 495 496 
313 497 434 498 495 
314 495 498 404 440 
315 496 495 440 199 
316 440 501 499 500 
317 501 404 502 499 
318 499 502 441 473 
319 500 499 473 438 
320 438 505 503 504 
321 505 473 506 503 
322 503 506 471 507 
323 504 503 507 472 
324 397 412 508 509 
325 412 66 464 508 
326 508 464 399 510 
327 509 508 510 407 
328 409 490 511 512 
329 490 403 468 511 
330 511 468 66 513 
331 512 511 513 412 
332 487 516 514 515 
333 516 439 492 514 
334 514 492 403 517 
335 515 514 517 490 
336 199 520 518 519 
337 520 440 500 518 
338 518 500 438 493 
339 519 518 493 439 
340 439 523 521 522 
341 523 493 524 521 
342 521 524 491 525 
343 522 521 525 492 
344 488 536 534 535 
345 536 487 515 534 
346 534 515 490 537 
347 535 534 537 409 
348 155 540 538 539 
349 540 396 485 538 
350 410 533 545 546 
351 533 409 512 545 
352 545 512 412 547 
353 546 545 547 397 
354 531 550 548 549 
355 550 530 551 548 
356 548 551 533 552 
357 549 548 552 410 
358 158 529 553 554 
359 529 397 509 553 
360 553 509 407 555 
361 554 553 555 184 
362 526 544 556 557 
363 544 410 546 556 
364 556 546 397 558 
365 557 556 558 529 
366 561 531 549 559 
367 559 549 410 562 
368 560 559 562 544 
369 178 564 563 189 
370 564 180 527 563 
371 563 527 158 565 
372 189 563 565 181 
373 180 568 566 567 
374 568 528 542 566 
375 566 542 526 569 
376 567 566 569 527 
377 542 572 570 571 
378 572 541 560 570 
379 570 560 544 573 
380 571 570 573 526 
381 538 576 574 575 
382 576 485 577 574 
383 574 577 395 543 
384 575 574 543 528 
385 543 580 578 579 
386 580 395 581 578 
387 578 581 531 561 
388 579 578 561 541 
389 541 584 582 583 
390 584 561 585 582 
391 582 585 559 586 
392 583 582 586 560 
393 587 183 133 588 
394 217 587 588 132 
395 591 161 187 589 
396 589 187 82 592 
397 590 589 592 162 
398 137 595 593 594 
399 595 159 590 593 
400 593 590 162 596 
401 594 593 596 127 
402 58 598 597 247 
403 598 80 479 597 
404 597 479 79 125 
405 247 597 125 74 
406 125 601 599 600 
407 601 79 602 599 
408 599 602 126 160 
409 600 599 160 124 
410 160 605 603 604 
411 605 126 606 603 
412 603 606 161 591 
413 604 603 591 159 
414 159 609 607 608 
415 609 591 610 607 
416 607 610 589 611 
417 608 607 611 590 
418 446 150 613 612 
419 612 613 169 614 
420 173 612 614 77 
421 615 616 173 617 
422 196 615 617 172 
423 50 619 618 616 
424 619 446 620 618 
425 618 620 612 621 
426 616 618 621 173 
427 450 624 622 623 
428 624 50 625 622 
429 622 625 616 626 
430 623 622 626 615 
431 1 629 627 628 
432 629 12 229 627 
433 627 229 10 94 
434 628 627 94 11 
435 16 631 630 415 
436 631 2 632 630 
437 630 632 17 140 
438 415 630 140 15 
439 10 635 633 634 
440 635 25 233 633 
441 633 233 23 98 
442 634 633 98 24 
443 32 637 636 418 
444 637 15 638 636 
445 636 638 33 144 
446 418 636 144 31 
447 23 641 639 640 
448 641 41 237 639 
449 639 237 39 102 
450 640 639 102 40 
451 48 643 642 421 
452 643 31 644 642 
453 642 644 49 148 
454 421 642 148 47 
455 39 647 645 646 
456 647 57 241 645 
457 645 241 55 106 
458 646 645 106 56 
459 55 650 648 649 
460 650 73 245 648 
461 648 245 71 110 
462 649 648 110 72 
463 110 653 651 652 
464 653 71 357 651 
465 651 357 88 324 
466 652 651 324 108 
467 121 655 654 362 
468 655 87 656 654 
469 654 656 122 320 
470 362 654 320 119 
471 74 658 657 251 
472 658 125 600 657 
473 657 600 124 136 
474 251 657 136 90 
475 87 660 659 656 
476 660 129 253 659 
477 659 253 128 214 
478 656 659 214 122 
479 90 662 661 255 
480 662 136 663 661 
481 661 663 135 261 
482 255 661 261 130 
483 135 665 664 262 
484 665 137 594 664 
485 664 594 127 666 
486 262 664 666 138 
487 47 668 667 425 
488 668 148 669 667 
489 667 669 147 444 
490 425 667 444 65 
491 152 671 670 429 
492 671 65 672 670 
493 670 672 153 448 
494 429 670 448 151 
495 79 674 673 602 
496 674 156 482 673 
497 673 482 155 179 
498 602 673 179 126 
499 124 677 675 676 
500 677 160 604 675 
501 675 604 159 595 
502 676 675 595 137 
503 126 679 678 606 
504 679 179 680 678 
505 678 680 178 188 
506 606 678 188 161 
507 179 682 681 680 
508 682 155 539 681 
509 681 539 180 564 
510 680 681 564 178 
511 181 565 683 684 
512 565 158 554 683 
513 683 554 184 685 
514 684 683 685 182 
515 192 687 686 433 
516 687 151 688 686 
517 686 688 193 452 
518 433 686 452 191 
519 194 454 689 400 
520 454 154 690 689 
521 689 690 196 691 
522 400 689 691 195 
523 200 693 692 437 
524 693 191 694 692 
525 692 694 201 456 
526 437 692 456 198 
527 214 697 695 696 
528 697 128 257 695 
529 695 257 208 312 
530 696 695 312 212 
531 5 263 698 221 
532 263 138 699 698 
533 698 699 216 700 
534 221 698 700 205 
535 138 666 701 699 
536 666 127 702 701 
537 701 702 217 703 
538 699 701 703 216 
539 257 706 704 705 
540 706 256 277 704 
541 704 277 225 316 
542 705 704 316 208 
543 259 708 707 279 
544 708 273 709 707 
545 707 709 265 281 
546 279 707 281 207 
547 119 711 710 385 
548 711 320 712 710 
549 710 712 318 335 
550 385 710 335 319 
551 324 715 713 714 
552 715 88 360 713 
553 713 360 120 350 
554 714 713 350 322 
555 350 718 716 717 
556 718 120 364 716 
557 716 364 327 377 
558 717 716 377 348 
559 364 721 719 720 
560 721 363 387 719 
561 719 387 354 381 
562 720 719 381 327 
563 202 458 722 465 
564 458 194 723 722 
565 722 723 400 724 
566 465 722 724 398 
567 402 462 725 469 
568 462 405 726 725 
569 725 726 202 727 
570 469 725 727 406 
571 434 729 728 498 
572 729 437 730 728 
573 728 730 198 460 
574 498 728 460 404 
575 153 732 731 449 
576 732 443 733 731 
577 731 733 446 619 
578 449 731 619 50 
579 484 736 734 735 
580 736 435 496 734 
581 734 496 199 489 
582 735 734 489 411 
583 485 738 737 577 
584 738 484 735 737 
585 737 735 411 532 
586 577 737 532 395 
587 489 741 739 740 
588 741 199 519 739 
589 739 519 439 516 
590 740 739 516 487 
591 493 743 742 524 
592 743 438 504 742 
593 742 504 472 744 
594 524 742 744 491 
595 527 569 745 746 
596 569 526 557 745 
597 745 557 529 747 
598 746 745 747 158 
599 395 749 748 581 
600 749 532 750 748 
601 748 750 530 550 
602 581 748 550 531 
603 530 752 751 551 
604 752 488 535 751 
605 751 535 409 753 
606 551 751 753 533 
607 539 756 754 755 
608 756 538 575 754 
609 754 575 528 568 
610 755 754 568 180 
611 528 759 757 758 
612 759 543 579 757 
613 757 579 541 572 
614 758 757 572 542 
615 127 596 760 702 
616 596 162 761 760 
617 760 761 587 762 
618 702 760 762 217 
619 162 592 763 761 
620 592 82 764 763 
621 763 764 183 765 
622 761 763 765 587 
623 154 767 766 690 
624 767 450 623 766 
625 766 623 615 768 
626 690 766 768 196 
627 136 770 769 663 
628 770 124 676 769 
629 769 676 137 665 
630 663 769 665 135 
631 82 190 771 764 
632 190 181 684 771 
633 771 684 182 772 
634 764 771 772 183 
635 65 774 773 672 
636 774 444 775 773 
637 773 775 443 732 
638 672 773 732 153 
639 193 777 776 453 
640 777 447 778 776 
641 776 778 450 767 
642 453 776 767 154 
643 411 781 779 780 
644 781 489 740 779 
645 779 740 487 536 
646 780 779 536 488 
647 532 783 782 750 
648 783 411 780 782 
649 782 780 488 752 
650 750 782 752 530 
651 151 785 784 688 
652 785 448 786 784 
653 784 786 447 777 
654 688 784 777 193 
655 447 788 787 778 
656 788 449 789 787 
657 787 789 50 624 
658 778 787 624 450 
