2 0.000000 100.000000 473.401889
673 556 
1 -23.048734 0.000000 -23.027741 100.001796 0.000000 -0.000340 -0.000036 
2 26.819706 0.000000 -23.027741 100.001520 0.000000 0.010796 -0.000030 
3 26.819706 0.000000 23.274500 99.998509 0.000000 0.010606 0.000030 
4 -23.048734 0.000000 23.274500 99.998220 0.000000 -0.000354 0.000036 
5 1.885486 0.000000 0.123379 105.551866 0.000000 0.234871 -0.114125 
6 -23.048734 0.000000 0.123379 100.000017 0.000000 -0.002458 -0.000000 
7 1.885486 0.000000 -23.027741 100.005249 0.000000 0.005784 -0.000105 
8 26.819706 0.000000 0.123379 99.999777 0.000000 1.628122 -0.000261 
9 1.885486 0.000000 23.274500 99.994775 0.000000 0.005695 0.000104 
10 -10.581624 0.000000 -11.452181 100.007692 0.000000 -0.001197 -0.000154 
11 -23.048734 0.000000 -11.452181 100.001769 0.000000 -0.001485 -0.000035 
12 -10.581624 0.000000 -23.027741 100.003849 0.000000 0.001092 -0.000077 
13 1.885486 0.000000 -11.452181 100.021408 0.000000 0.025358 -0.000428 
14 -10.581624 0.000000 0.123379 100.000026 0.000000 -0.010707 -0.000001 
15 14.352596 0.000000 -11.452181 100.006183 0.000000 0.042039 -0.000124 
16 14.352596 0.000000 -23.027741 100.003329 0.000000 0.009819 -0.000067 
17 26.819706 0.000000 -11.452181 100.001404 0.000000 0.040605 -0.000028 
18 14.352596 0.000000 0.123379 100.000730 0.000000 1.632522 -0.000281 
19 -10.581624 0.000000 11.698939 99.992413 0.000000 -0.001241 0.000152 
20 -23.048734 0.000000 11.698939 99.998262 0.000000 -0.001496 0.000035 
21 1.885486 0.000000 11.698939 99.979174 0.000000 0.024208 0.000416 
22 -10.581624 0.000000 23.274500 99.996178 0.000000 0.001053 0.000076 
23 -4.348069 0.000000 -5.664401 100.038432 0.000000 -0.002319 -0.000769 
24 -10.581624 0.000000 -5.664401 100.007878 0.000000 -0.006269 -0.000158 
25 -4.348069 0.000000 -11.452181 100.015948 0.000000 0.005283 -0.000319 
26 1.885486 0.000000 -5.664401 100.073352 0.000000 0.104331 -0.001469 
27 -4.348069 0.000000 0.123379 99.997010 0.000000 -0.060791 0.000059 
28 14.352596 0.000000 11.698939 99.993827 0.000000 0.040154 0.000123 
29 26.819706 0.000000 11.698939 99.998689 0.000000 0.038395 0.000026 
30 14.352596 0.000000 23.274500 99.996702 0.000000 0.009682 0.000066 
31 8.119041 0.000000 -5.664401 100.016082 0.000000 0.147272 -0.000324 
32 8.119041 0.000000 -11.452181 100.013862 0.000000 0.041234 -0.000277 
33 14.352596 0.000000 -5.664401 100.005686 0.000000 0.145617 -0.000116 
34 8.119041 0.000000 0.123379 100.037398 0.000000 1.661669 -0.001024 
35 -4.348069 0.000000 5.911159 99.962992 0.000000 -0.002114 0.000740 
36 -10.581624 0.000000 5.911159 99.992209 0.000000 -0.006222 0.000156 
37 1.885486 0.000000 5.911159 99.931274 0.000000 0.092895 0.001373 
38 -4.348069 0.000000 11.698939 99.984301 0.000000 0.005070 0.000314 
39 -1.231292 0.000000 -2.770511 100.189367 0.000000 0.029226 -0.003791 
40 -4.348069 0.000000 -2.770511 100.043945 0.000000 -0.028094 -0.000879 
41 -1.231292 0.000000 -5.664401 100.071060 0.000000 0.032404 -0.001422 
42 1.885486 0.000000 -2.770511 100.193629 0.000000 0.386859 -0.003891 
43 -1.231292 0.000000 0.123379 99.817057 0.000000 -0.537686 0.003627 
44 8.119041 0.000000 5.911159 99.985210 0.000000 0.126280 0.000294 
45 14.352596 0.000000 5.911159 99.995205 0.000000 0.121671 0.000094 
46 8.119041 0.000000 11.698939 99.986353 0.000000 0.039616 0.000273 
47 5.002264 0.000000 -2.770511 100.049139 0.000000 0.539477 -0.001012 
48 5.002264 0.000000 -5.664401 100.038681 0.000000 0.143897 -0.000776 
49 8.119041 0.000000 -2.770511 100.010336 0.000000 0.518250 -0.000234 
50 5.002264 0.000000 0.123379 98.050724 0.000000 -4.601482 0.036488 
51 -1.231292 0.000000 3.017269 99.830064 0.000000 0.033144 0.003396 
52 -4.348069 0.000000 3.017269 99.955682 0.000000 -0.028826 0.000886 
53 1.885486 0.000000 3.017269 99.846417 0.000000 0.311123 0.003060 
54 -1.231292 0.000000 5.911159 99.932975 0.000000 0.029751 0.001340 
55 0.327097 0.000000 -1.323566 100.700656 0.000000 0.895859 -0.014142 
56 -1.231292 0.000000 -1.323566 100.352287 0.000000 -0.098871 -0.007059 
57 0.327097 0.000000 -2.770511 100.244045 0.000000 0.221140 -0.004892 
58 1.885486 0.000000 -1.323566 100.356947 0.000000 1.236195 -0.007304 
59 0.327097 0.000000 0.123379 102.295581 0.000000 0.000000 -0.046439 
60 5.002264 0.000000 3.017269 99.961852 0.000000 0.343070 0.000751 
61 8.119041 0.000000 3.017269 99.996688 0.000000 0.315871 0.000056 
62 5.002264 0.000000 5.911159 99.963392 0.000000 0.125379 0.000730 
63 3.443875 0.000000 -1.323566 100.463762 0.000000 1.923526 -0.009667 
64 3.443875 0.000000 -2.770511 100.125212 0.000000 0.491362 -0.002530 
65 5.002264 0.000000 -1.323566 99.834116 0.000000 2.485078 0.002697 
66 3.443875 0.000000 0.123379 101.208940 0.000000 -0.000000 -0.024325 
67 0.327097 0.000000 1.570324 99.445878 0.000000 0.733694 0.010998 
68 -1.231292 0.000000 1.570324 99.669476 0.000000 -0.014486 0.006600 
69 1.885486 0.000000 1.570324 99.810725 0.000000 0.996500 0.003683 
70 0.327097 0.000000 3.017269 99.787633 0.000000 0.187923 0.004239 
71 1.106292 0.000000 -0.600093 111.721448 0.000000 0.373955 -0.248182 
72 0.327097 0.000000 -0.600093 101.505200 0.000000 3.150662 -0.031323 
73 1.106292 0.000000 -1.323566 100.429023 0.000000 1.136075 -0.008728 
74 1.885486 0.000000 -0.600093 106.515016 0.000000 0.440634 -0.134564 
75 1.106292 0.000000 0.123379 105.398477 0.000000 0.216121 -0.110889 
76 3.443875 0.000000 1.570324 99.951306 0.000000 0.853900 0.000901 
77 5.002264 0.000000 1.570324 99.956457 0.000000 0.817571 0.000804 
78 3.443875 0.000000 3.017269 99.919301 0.000000 0.341715 0.001602 
79 2.664680 0.000000 -0.600093 101.073105 0.000000 2.989812 -0.022471 
80 2.664680 0.000000 -1.323566 100.406513 0.000000 1.456792 -0.008359 
81 3.443875 0.000000 -0.600093 101.726904 0.000000 4.661895 -0.037010 
82 2.664680 0.000000 0.123379 101.351643 0.000000 0.000000 -0.027216 
83 1.106292 0.000000 0.846852 113.077177 0.000000 -0.027961 -0.278645 
84 0.327097 0.000000 0.846852 98.769419 0.000000 2.350156 0.023908 
85 1.885486 0.000000 0.846852 106.330275 0.000000 0.133357 -0.130615 
86 1.106292 0.000000 1.570324 99.643135 0.000000 0.961649 0.007032 
87 1.495889 0.000000 -0.238357 109.132047 0.000000 0.408854 -0.190997 
88 1.106292 0.000000 -0.238357 109.709850 0.000000 0.368949 -0.203639 
89 1.495889 0.000000 -0.600093 109.162684 0.000000 0.394062 -0.191665 
90 1.885486 0.000000 -0.238357 108.650087 0.000000 0.397877 -0.180500 
91 1.495889 0.000000 0.123379 108.041710 0.000000 0.264125 -0.167308 
92 -16.815179 0.000000 -5.664401 100.002589 0.000000 -0.003566 -0.000052 
93 -23.048734 0.000000 -5.664401 100.001120 0.000000 -0.002157 -0.000022 
94 -16.815179 0.000000 -11.452181 100.003521 0.000000 -0.001834 -0.000070 
95 -16.815179 0.000000 0.123379 100.000023 0.000000 -0.004516 -0.000000 
96 -7.464847 0.000000 -2.770511 100.013444 0.000000 -0.016929 -0.000269 
97 -10.581624 0.000000 -2.770511 100.005039 0.000000 -0.009431 -0.000101 
98 -7.464847 0.000000 -5.664401 100.018152 0.000000 -0.009548 -0.000363 
99 -7.464847 0.000000 0.123379 99.999730 0.000000 -0.021284 0.000005 
100 -2.789680 0.000000 -1.323566 100.080112 0.000000 -0.087645 -0.001604 
101 -4.348069 0.000000 -1.323566 100.029236 0.000000 -0.051815 -0.000585 
102 -2.789680 0.000000 -2.770511 100.091251 0.000000 -0.028470 -0.001826 
103 -2.789680 0.000000 0.123379 99.984576 0.000000 -0.126925 0.000307 
104 -0.452097 0.000000 -0.600093 101.729301 0.000000 -0.325924 -0.034896 
105 -1.231292 0.000000 -0.600093 100.317368 0.000000 -0.383550 -0.006372 
106 -0.452097 0.000000 -1.323566 100.712957 0.000000 0.207341 -0.014314 
107 -0.452097 0.000000 0.123379 98.431389 0.000000 -2.810796 0.030336 
108 0.716694 0.000000 -0.238357 112.298881 0.000000 0.241321 -0.261110 
109 0.327097 0.000000 -0.238357 102.011563 0.000000 3.965268 -0.042208 
110 0.716694 0.000000 -0.600093 100.398105 0.000000 3.018051 -0.008889 
111 0.716694 0.000000 0.123379 105.372194 0.000000 0.108322 -0.110331 
112 2.664680 0.000000 0.846852 100.119547 0.000000 1.789526 -0.002713 
113 3.443875 0.000000 0.846852 100.023194 0.000000 1.611533 -0.000724 
114 2.664680 0.000000 1.570324 99.916521 0.000000 0.931302 0.001582 
115 1.495889 0.000000 0.485115 109.138764 0.000000 0.404067 -0.191143 
116 1.106292 0.000000 0.485115 109.988451 0.000000 0.409122 -0.209763 
117 1.885486 0.000000 0.485115 108.026039 0.000000 0.542866 -0.166992 
118 1.495889 0.000000 0.846852 107.690546 0.000000 0.988121 -0.159823 
119 1.301090 0.000000 -0.057489 107.377055 0.000000 0.187757 -0.152987 
120 1.106292 0.000000 -0.057489 103.313728 0.000000 0.162673 -0.067375 
121 1.301090 0.000000 -0.238357 109.469988 0.000000 0.392663 -0.198383 
122 1.495889 0.000000 -0.057489 107.906714 0.000000 0.201496 -0.164390 
123 1.301090 0.000000 0.123379 108.316924 0.000000 0.246860 -0.173262 
124 2.275083 0.000000 -0.238357 106.407579 0.000000 0.338242 -0.132269 
125 2.275083 0.000000 -0.600093 100.817936 0.000000 2.569105 -0.017086 
126 2.664680 0.000000 -0.238357 101.240540 0.000000 -2.709764 -0.025699 
127 2.275083 0.000000 0.123379 103.365046 0.000000 0.158220 -0.068436 
128 1.690687 0.000000 -0.057489 105.051047 0.000000 0.195366 -0.103576 
129 1.690687 0.000000 -0.238357 108.827425 0.000000 0.407573 -0.184357 
130 1.885486 0.000000 -0.057489 104.492887 0.000000 0.177320 -0.091879 
131 1.690687 0.000000 0.123379 106.072519 0.000000 0.256295 -0.125144 
132 2.275083 0.000000 0.485115 106.364264 0.000000 0.263349 -0.131343 
133 2.664680 0.000000 0.485115 100.407006 0.000000 1.369697 -0.008344 
134 2.275083 0.000000 0.846852 100.094577 0.000000 2.025926 -0.002303 
135 2.080285 0.000000 -0.057489 103.225333 0.000000 0.176250 -0.065550 
136 2.080285 0.000000 -0.238357 106.664559 0.000000 0.486606 -0.137756 
137 2.275083 0.000000 -0.057489 102.654501 0.000000 0.082067 -0.053795 
138 2.080285 0.000000 0.123379 103.970087 0.000000 0.247829 -0.080984 
139 20.586151 0.000000 -5.664401 100.001928 0.000000 0.140480 -0.000041 
140 20.586151 0.000000 -11.452181 100.002645 0.000000 0.040944 -0.000053 
141 26.819706 0.000000 -5.664401 100.000924 0.000000 0.139539 -0.000020 
142 20.586151 0.000000 0.123379 99.999827 0.000000 1.631010 -0.000263 
143 11.235819 0.000000 -2.770511 100.005549 0.000000 0.512962 -0.000137 
144 11.235819 0.000000 -5.664401 100.006231 0.000000 0.142646 -0.000127 
145 14.352596 0.000000 -2.770511 100.002968 0.000000 0.513716 -0.000086 
146 11.235819 0.000000 0.123379 100.003685 0.000000 1.635408 -0.000341 
147 6.560652 0.000000 -1.323566 100.028533 0.000000 1.691549 -0.000857 
148 6.560652 0.000000 -2.770511 100.018712 0.000000 0.523973 -0.000402 
149 8.119041 0.000000 -1.323566 100.018339 0.000000 1.744974 -0.000671 
150 6.560652 0.000000 0.123379 100.064653 0.000000 1.788712 -0.001613 
151 4.223069 0.000000 -0.600093 101.280044 0.000000 6.184709 -0.029590 
152 4.223069 0.000000 -1.323566 100.292289 0.000000 2.484722 -0.006472 
153 5.002264 0.000000 -0.600093 98.282504 0.000000 6.417096 0.029937 
154 4.223069 0.000000 0.123379 100.484065 0.000000 -4.795456 -0.012004 
155 3.054278 0.000000 -0.238357 102.111390 0.000000 -2.212759 -0.043163 
156 3.054278 0.000000 -0.600093 101.466830 0.000000 3.643040 -0.030879 
157 3.443875 0.000000 -0.238357 103.030824 0.000000 -0.675042 -0.061581 
158 3.054278 0.000000 0.123379 101.342073 0.000000 -0.000000 -0.027022 
159 2.469882 0.000000 -0.057489 102.153409 0.000000 0.019521 -0.043532 
160 2.469882 0.000000 -0.238357 106.299787 0.000000 0.078777 -0.129965 
161 2.664680 0.000000 -0.057489 101.371543 0.000000 0.000000 -0.027619 
162 2.469882 0.000000 0.123379 102.714509 0.000000 0.051235 -0.055027 
163 20.586151 0.000000 5.911159 99.998428 0.000000 0.115748 0.000030 
164 26.819706 0.000000 5.911159 99.999217 0.000000 0.114706 0.000014 
165 20.586151 0.000000 11.698939 99.997528 0.000000 0.038827 0.000049 
166 11.235819 0.000000 3.017269 99.998654 0.000000 0.300144 0.000018 
167 14.352596 0.000000 3.017269 99.998528 0.000000 0.298672 0.000021 
168 11.235819 0.000000 5.911159 99.995290 0.000000 0.119710 0.000093 
169 6.560652 0.000000 1.570324 100.003864 0.000000 0.874180 -0.000154 
170 8.119041 0.000000 1.570324 100.008488 0.000000 0.851422 -0.000242 
171 6.560652 0.000000 3.017269 99.987741 0.000000 0.330228 0.000234 
172 4.223069 0.000000 0.846852 100.023480 0.000000 1.494724 -0.000693 
173 5.002264 0.000000 0.846852 99.819568 0.000000 1.612931 0.003345 
174 4.223069 0.000000 1.570324 99.967851 0.000000 0.811113 0.000577 
175 3.054278 0.000000 0.485115 100.173835 0.000000 1.060691 -0.003592 
176 3.443875 0.000000 0.485115 99.969269 0.000000 1.175398 0.000476 
177 3.054278 0.000000 0.846852 100.063283 0.000000 1.651083 -0.001539 
178 2.859479 0.000000 -0.057489 101.349952 0.000000 0.000000 -0.027181 
179 2.859479 0.000000 -0.238357 101.623451 0.000000 -2.439914 -0.033328 
180 3.054278 0.000000 -0.057489 101.357746 0.000000 -0.000000 -0.027339 
181 2.859479 0.000000 0.123379 101.337291 0.000000 0.000000 -0.026925 
182 3.833472 0.000000 -0.238357 101.640788 0.000000 0.209621 -0.033089 
183 3.833472 0.000000 -0.600093 101.587647 0.000000 5.588906 -0.035129 
184 4.223069 0.000000 -0.238357 101.233078 0.000000 -0.563644 -0.024845 
185 3.833472 0.000000 0.123379 101.014336 0.000000 0.000000 -0.020390 
186 1.690687 0.000000 0.304247 108.781403 0.000000 0.410102 -0.183356 
187 1.495889 0.000000 0.304247 109.120428 0.000000 0.413163 -0.190744 
188 1.885486 0.000000 0.304247 108.595537 0.000000 0.397770 -0.179315 
189 1.690687 0.000000 0.485115 108.876164 0.000000 0.404266 -0.185418 
190 1.788087 0.000000 0.032945 105.406169 0.000000 0.175118 -0.111049 
191 1.690687 0.000000 0.032945 105.617936 0.000000 0.351704 -0.115527 
192 1.788087 0.000000 -0.057489 104.752383 0.000000 0.184959 -0.097310 
193 1.885486 0.000000 0.032945 104.302943 0.000000 0.167455 -0.087913 
194 1.788087 0.000000 0.123379 106.314061 0.000000 0.275950 -0.130276 
195 2.080285 0.000000 0.304247 106.918431 0.000000 0.531654 -0.143183 
196 2.275083 0.000000 0.304247 106.406653 0.000000 0.336277 -0.132249 
197 2.080285 0.000000 0.485115 106.671753 0.000000 0.492356 -0.137911 
198 1.982885 0.000000 0.032945 103.418886 0.000000 0.166696 -0.069549 
199 1.982885 0.000000 -0.057489 103.859467 0.000000 0.202081 -0.078683 
200 2.080285 0.000000 0.032945 103.100039 0.000000 0.163981 -0.062964 
201 1.982885 0.000000 0.123379 105.334125 0.000000 0.319862 -0.109538 
202 1.788087 0.000000 0.213813 108.621585 0.000000 0.404696 -0.179881 
203 1.690687 0.000000 0.213813 108.742172 0.000000 0.412302 -0.182503 
204 1.885486 0.000000 0.213813 108.549581 0.000000 0.397477 -0.178317 
205 1.788087 0.000000 0.304247 108.667247 0.000000 0.403938 -0.180873 
206 1.836786 0.000000 0.078162 104.776000 0.000000 0.191984 -0.097805 
207 1.788087 0.000000 0.078162 105.028160 0.000000 0.201117 -0.103095 
208 1.836786 0.000000 0.032945 103.761914 0.000000 0.136707 -0.076655 
209 1.885486 0.000000 0.078162 104.732121 0.000000 0.190893 -0.096885 
210 1.836786 0.000000 0.123379 106.954453 0.000000 0.313548 -0.143935 
211 1.593288 0.000000 0.032945 106.437151 0.000000 0.531092 -0.132915 
212 1.495889 0.000000 0.032945 107.694871 0.000000 0.585572 -0.159853 
213 1.593288 0.000000 -0.057489 106.494584 0.000000 0.199161 -0.134114 
214 1.593288 0.000000 0.123379 107.371228 0.000000 0.292959 -0.152867 
215 1.739387 0.000000 0.078162 105.849370 0.000000 0.296815 -0.120418 
216 1.690687 0.000000 0.078162 105.804804 0.000000 0.357277 -0.119478 
217 1.739387 0.000000 0.032945 105.680697 0.000000 0.275208 -0.116849 
218 1.739387 0.000000 0.123379 105.952806 0.000000 0.250513 -0.122606 
219 -4.348069 0.000000 -17.239961 100.008279 0.000000 0.004278 -0.000166 
220 -10.581624 0.000000 -17.239961 100.005530 0.000000 0.000660 -0.000111 
221 -4.348069 0.000000 -23.027741 100.004937 0.000000 0.003068 -0.000099 
222 1.885486 0.000000 -17.239961 100.009214 0.000000 0.010435 -0.000184 
223 -1.231292 0.000000 -8.558291 100.036376 0.000000 0.022972 -0.000728 
224 -4.348069 0.000000 -8.558291 100.026183 0.000000 0.003965 -0.000524 
225 -1.231292 0.000000 -11.452181 100.021798 0.000000 0.015384 -0.000436 
226 1.885486 0.000000 -8.558291 100.034872 0.000000 0.047808 -0.000698 
227 0.327097 0.000000 -4.217456 100.130685 0.000000 0.110447 -0.002617 
228 -1.231292 0.000000 -4.217456 100.110029 0.000000 0.037985 -0.002202 
229 0.327097 0.000000 -5.664401 100.079351 0.000000 0.068016 -0.001588 
230 1.885486 0.000000 -4.217456 100.115525 0.000000 0.183413 -0.002315 
231 1.106292 0.000000 -2.047038 100.314689 0.000000 0.546485 -0.006334 
232 0.327097 0.000000 -2.047038 100.386956 0.000000 0.387714 -0.007769 
233 1.106292 0.000000 -2.770511 100.227676 0.000000 0.315837 -0.004569 
234 1.885486 0.000000 -2.047038 100.259710 0.000000 0.646240 -0.005243 
235 1.495889 0.000000 -0.961830 100.415399 0.000000 1.709815 -0.008618 
236 1.106292 0.000000 -0.961830 100.434948 0.000000 1.723638 -0.009015 
237 1.495889 0.000000 -1.323566 100.378432 0.000000 1.178220 -0.007722 
238 1.885486 0.000000 -0.961830 100.442223 0.000000 1.778059 -0.009180 
239 1.690687 0.000000 -0.419225 108.920370 0.000000 0.401513 -0.186381 
240 1.495889 0.000000 -0.419225 109.149896 0.000000 0.400295 -0.191386 
241 1.690687 0.000000 -0.600093 107.449906 0.000000 0.615724 -0.154586 
242 1.885486 0.000000 -0.419225 107.349141 0.000000 0.587737 -0.152418 
243 1.788087 0.000000 -0.147923 107.250552 0.000000 0.327335 -0.150279 
244 1.690687 0.000000 -0.147923 107.601465 0.000000 0.336854 -0.157819 
245 1.788087 0.000000 -0.238357 108.720814 0.000000 0.402894 -0.182038 
246 1.885486 0.000000 -0.147923 107.158487 0.000000 0.320451 -0.148304 
247 1.836786 0.000000 -0.012272 102.949136 0.000000 0.092879 -0.059853 
248 1.788087 0.000000 -0.012272 104.026477 0.000000 0.146658 -0.082153 
249 1.836786 0.000000 -0.057489 104.435788 0.000000 0.172756 -0.090686 
250 1.885486 0.000000 -0.012272 104.165936 0.000000 0.159836 -0.085057 
251 1.812437 0.000000 0.055554 105.788498 0.000000 0.103361 -0.119122 
252 1.788087 0.000000 0.055554 105.946612 0.000000 0.178354 -0.122472 
253 1.812437 0.000000 0.032945 105.232667 0.000000 0.115216 -0.107393 
254 1.836786 0.000000 0.055554 105.632296 0.000000 0.047667 -0.115818 
255 1.812437 0.000000 0.078162 104.833012 0.000000 0.195300 -0.099000 
256 1.739387 0.000000 -0.012272 104.741193 0.000000 0.181884 -0.097075 
257 1.690687 0.000000 -0.012272 104.751572 0.000000 0.176740 -0.097292 
258 1.739387 0.000000 -0.057489 105.311267 0.000000 0.211892 -0.109051 
259 1.763737 0.000000 0.055554 106.078764 0.000000 0.263692 -0.125277 
260 1.739387 0.000000 0.055554 106.012286 0.000000 0.301942 -0.123870 
261 1.763737 0.000000 0.032945 105.651949 0.000000 0.252129 -0.116240 
262 1.763737 0.000000 0.078162 105.603631 0.000000 0.227934 -0.115218 
263 -16.815179 0.000000 5.911159 99.997464 0.000000 -0.003570 0.000051 
264 -23.048734 0.000000 5.911159 99.998914 0.000000 -0.002162 0.000022 
265 -16.815179 0.000000 11.698939 99.996530 0.000000 -0.001853 0.000069 
266 -7.464847 0.000000 3.017269 99.986672 0.000000 -0.016699 0.000267 
267 -10.581624 0.000000 3.017269 99.994952 0.000000 -0.009362 0.000101 
268 -7.464847 0.000000 5.911159 99.982527 0.000000 -0.008756 0.000349 
269 -2.789680 0.000000 1.570324 99.909104 0.000000 -0.072603 0.001817 
270 -4.348069 0.000000 1.570324 99.967348 0.000000 -0.048710 0.000653 
271 -2.789680 0.000000 3.017269 99.911367 0.000000 -0.021758 0.001772 
272 -0.452097 0.000000 0.846852 98.634961 0.000000 0.317087 0.027104 
273 -1.231292 0.000000 0.846852 99.561931 0.000000 -0.203384 0.008738 
274 -0.452097 0.000000 1.570324 99.439751 0.000000 0.263940 0.011167 
275 0.716694 0.000000 0.485115 112.741773 0.000000 0.119110 -0.271072 
276 0.327097 0.000000 0.485115 98.153127 0.000000 3.533049 0.035348 
277 0.716694 0.000000 0.846852 99.400902 0.000000 2.575665 0.011283 
278 1.301090 0.000000 0.304247 109.501559 0.000000 0.394339 -0.199075 
279 1.106292 0.000000 0.304247 109.763477 0.000000 0.366393 -0.204816 
280 1.301090 0.000000 0.485115 109.425876 0.000000 0.391041 -0.197418 
281 1.398490 0.000000 0.032945 108.601832 0.000000 0.675978 -0.179481 
282 1.301090 0.000000 0.032945 109.597774 0.000000 0.571132 -0.201200 
283 1.398490 0.000000 -0.057489 108.308209 0.000000 0.196188 -0.173071 
284 1.398490 0.000000 0.123379 108.456629 0.000000 0.258914 -0.176291 
285 1.398490 0.000000 0.213813 109.329449 0.000000 0.409600 -0.195310 
286 1.301090 0.000000 0.213813 109.533855 0.000000 0.395665 -0.199782 
287 1.495889 0.000000 0.213813 109.112550 0.000000 0.417174 -0.190572 
288 1.398490 0.000000 0.304247 109.316449 0.000000 0.406355 -0.195025 
289 1.447189 0.000000 0.078162 108.244876 0.000000 0.580588 -0.171729 
290 1.398490 0.000000 0.078162 108.545056 0.000000 0.669135 -0.178248 
291 1.447189 0.000000 0.032945 108.199585 0.000000 0.644269 -0.170757 
292 1.495889 0.000000 0.078162 107.697676 0.000000 0.600897 -0.159915 
293 1.447189 0.000000 0.123379 108.895321 0.000000 0.566919 -0.185851 
294 0.911493 0.000000 -0.057489 103.779091 0.000000 0.142551 -0.077012 
295 0.716694 0.000000 -0.057489 104.682484 0.000000 0.085951 -0.095843 
296 0.911493 0.000000 -0.238357 111.088326 0.000000 0.408593 -0.234078 
297 0.911493 0.000000 0.123379 105.067289 0.000000 0.199105 -0.103917 
298 1.203691 0.000000 0.032945 109.697733 0.000000 0.077381 -0.203360 
299 1.106292 0.000000 0.032945 102.842125 0.000000 0.151333 -0.057653 
300 1.203691 0.000000 -0.057489 104.913219 0.000000 0.175383 -0.100681 
301 1.203691 0.000000 0.123379 105.905694 0.000000 0.231713 -0.121607 
302 0.911493 0.000000 0.304247 111.118294 0.000000 0.401777 -0.234744 
303 0.716694 0.000000 0.304247 112.306341 0.000000 0.237315 -0.261277 
304 0.911493 0.000000 0.485115 111.400271 0.000000 0.392825 -0.241017 
305 1.203691 0.000000 0.213813 109.700645 0.000000 0.378862 -0.203438 
306 1.106292 0.000000 0.213813 109.814866 0.000000 0.363533 -0.205944 
307 1.203691 0.000000 0.304247 109.654813 0.000000 0.379876 -0.202432 
308 1.252391 0.000000 0.078162 108.782389 0.000000 0.371642 -0.183375 
309 1.203691 0.000000 0.078162 108.089617 0.000000 0.197121 -0.168340 
310 1.252391 0.000000 0.032945 108.614605 0.000000 0.361727 -0.179726 
311 1.301090 0.000000 0.078162 108.907070 0.000000 0.513466 -0.186101 
312 1.252391 0.000000 0.123379 108.429744 0.000000 0.307459 -0.175710 
313 1.008892 0.000000 0.032945 102.450397 0.000000 0.143510 -0.049610 
314 0.911493 0.000000 0.032945 103.634647 0.000000 0.131269 -0.074016 
315 1.008892 0.000000 -0.057489 102.844006 0.000000 0.157193 -0.057691 
316 1.008892 0.000000 0.123379 105.013638 0.000000 0.207944 -0.102791 
317 1.154991 0.000000 0.078162 105.013293 0.000000 0.200480 -0.102783 
318 1.106292 0.000000 0.078162 103.846555 0.000000 0.175211 -0.078414 
319 1.154991 0.000000 0.032945 103.843327 0.000000 0.166092 -0.078346 
320 1.154991 0.000000 0.123379 105.628237 0.000000 0.222395 -0.115737 
321 1.301090 0.000000 -0.419225 109.397673 0.000000 0.389387 -0.196800 
322 1.106292 0.000000 -0.419225 110.368048 0.000000 0.443389 -0.218130 
323 1.301090 0.000000 -0.600093 110.449319 0.000000 0.478939 -0.219928 
324 1.203691 0.000000 -0.147923 108.562047 0.000000 0.309060 -0.178581 
325 1.106292 0.000000 -0.147923 106.877920 0.000000 0.294693 -0.142298 
326 1.203691 0.000000 -0.238357 109.608249 0.000000 0.380516 -0.201411 
327 1.301090 0.000000 -0.147923 108.474733 0.000000 0.323666 -0.176687 
328 1.154991 0.000000 -0.012272 103.623449 0.000000 0.149362 -0.073784 
329 1.106292 0.000000 -0.012272 102.442633 0.000000 0.142781 -0.049451 
330 1.154991 0.000000 -0.057489 104.638630 0.000000 0.188453 -0.094928 
331 1.203691 0.000000 -0.012272 104.662182 0.000000 0.154869 -0.095420 
332 1.179341 0.000000 0.055554 111.001413 0.000000 -0.181324 -0.232135 
333 1.154991 0.000000 0.055554 111.331924 0.000000 -0.442072 -0.239499 
334 1.179341 0.000000 0.032945 108.519668 0.000000 0.006732 -0.177652 
335 1.203691 0.000000 0.055554 110.624342 0.000000 0.066907 -0.223775 
336 1.179341 0.000000 0.078162 105.228384 0.000000 0.204083 -0.107305 
337 1.008892 0.000000 0.213813 110.209971 0.000000 0.383765 -0.214638 
338 0.911493 0.000000 0.213813 110.865307 0.000000 0.403217 -0.229128 
339 1.008892 0.000000 0.304247 110.353414 0.000000 0.403106 -0.217804 
340 1.057592 0.000000 0.078162 102.997553 0.000000 0.164889 -0.060852 
341 1.008892 0.000000 0.078162 103.427418 0.000000 0.166475 -0.069726 
342 1.057592 0.000000 0.032945 101.168069 0.000000 0.116061 -0.023499 
343 1.057592 0.000000 0.123379 106.471552 0.000000 0.274335 -0.133627 
344 1.130641 0.000000 0.055554 103.746386 0.000000 0.169391 -0.076334 
345 1.106292 0.000000 0.055554 103.362430 0.000000 0.163254 -0.068382 
346 1.130641 0.000000 0.032945 103.429592 0.000000 0.160601 -0.069771 
347 1.130641 0.000000 0.078162 104.779710 0.000000 0.196602 -0.097883 
348 1.252391 0.000000 -0.012272 105.139163 0.000000 0.086028 -0.105425 
349 1.252391 0.000000 -0.057489 106.128360 0.000000 0.173081 -0.126326 
350 1.301090 0.000000 -0.012272 107.067950 0.000000 0.167814 -0.146357 
351 1.179341 0.000000 0.010337 104.467356 0.000000 0.161646 -0.091345 
352 1.154991 0.000000 0.010337 103.634610 0.000000 0.149574 -0.074015 
353 1.179341 0.000000 -0.012272 104.456451 0.000000 0.161447 -0.091118 
354 1.203691 0.000000 0.010337 104.671551 0.000000 0.154891 -0.095616 
355 1.167166 0.000000 0.044249 111.213456 0.000000 -0.285262 -0.236851 
356 1.154991 0.000000 0.044249 111.243697 0.000000 -0.436340 -0.237535 
357 1.167166 0.000000 0.032945 108.504939 0.000000 -0.136680 -0.177334 
358 1.179341 0.000000 0.044249 110.910397 0.000000 -0.179434 -0.230115 
359 1.167166 0.000000 0.055554 111.315884 0.000000 -0.290833 -0.239131 
360 3.833472 0.000000 0.485115 100.156543 0.000000 1.223650 -0.003283 
361 4.223069 0.000000 0.485115 100.132275 0.000000 0.998208 -0.002747 
362 3.833472 0.000000 0.846852 100.039064 0.000000 1.576264 -0.001030 
363 3.638673 0.000000 -0.057489 101.101633 0.000000 -0.000000 -0.022154 
364 3.443875 0.000000 -0.057489 101.222435 0.000000 -0.000000 -0.024598 
365 3.638673 0.000000 -0.238357 102.438598 0.000000 0.362481 -0.049380 
366 3.833472 0.000000 -0.057489 101.014926 0.000000 0.000000 -0.020402 
367 3.638673 0.000000 0.123379 101.141003 0.000000 -0.000000 -0.022950 
368 3.249076 0.000000 -0.057489 101.320600 0.000000 -0.000000 -0.026586 
369 3.249076 0.000000 -0.238357 102.718221 0.000000 -1.722867 -0.055400 
370 3.249076 0.000000 0.123379 101.312754 0.000000 -0.000000 -0.026427 
371 3.638673 0.000000 0.304247 99.979469 0.000000 -0.531262 0.000382 
372 3.443875 0.000000 0.304247 99.700009 0.000000 -0.994074 0.005892 
373 3.833472 0.000000 0.304247 100.337673 0.000000 -0.648829 -0.006807 
374 3.638673 0.000000 0.485115 100.045794 0.000000 1.267707 -0.001077 
375 3.541274 0.000000 0.032945 101.151931 0.000000 -0.000000 -0.023171 
376 3.443875 0.000000 0.032945 101.222654 0.000000 -0.000000 -0.024603 
377 3.541274 0.000000 -0.057489 101.154928 0.000000 -0.000000 -0.023232 
378 3.638673 0.000000 0.032945 101.087742 0.000000 -0.000000 -0.021873 
379 3.541274 0.000000 0.123379 101.176701 0.000000 -0.000000 -0.023672 
380 8.119041 0.000000 -17.239961 100.007155 0.000000 0.015754 -0.000143 
381 8.119041 0.000000 -23.027741 100.004522 0.000000 0.008269 -0.000090 
382 14.352596 0.000000 -17.239961 100.004454 0.000000 0.018202 -0.000089 
383 5.002264 0.000000 -8.558291 100.024172 0.000000 0.062739 -0.000484 
384 5.002264 0.000000 -11.452181 100.018839 0.000000 0.036468 -0.000377 
385 8.119041 0.000000 -8.558291 100.012137 0.000000 0.068388 -0.000243 
386 3.443875 0.000000 -4.217456 100.080885 0.000000 0.230129 -0.001624 
387 3.443875 0.000000 -5.664401 100.057002 0.000000 0.130662 -0.001142 
388 5.002264 0.000000 -4.217456 100.046003 0.000000 0.248335 -0.000926 
389 4.223069 0.000000 -2.047038 100.121761 0.000000 0.964358 -0.002530 
390 3.443875 0.000000 -2.047038 100.192494 0.000000 0.856774 -0.003927 
391 4.223069 0.000000 -2.770511 100.085056 0.000000 0.526751 -0.001730 
392 5.002264 0.000000 -2.047038 100.029551 0.000000 0.975697 -0.000686 
393 3.833472 0.000000 -0.961830 100.846110 0.000000 3.973205 -0.018572 
394 3.443875 0.000000 -0.961830 100.887382 0.000000 3.295197 -0.018912 
395 3.833472 0.000000 -1.323566 100.420910 0.000000 2.226673 -0.008932 
396 4.223069 0.000000 -0.961830 100.643568 0.000000 4.615706 -0.015043 
397 3.638673 0.000000 -0.419225 102.074148 0.000000 3.493680 -0.043134 
398 3.443875 0.000000 -0.419225 102.238852 0.000000 2.969896 -0.046160 
399 3.638673 0.000000 -0.600093 101.693597 0.000000 5.171426 -0.036833 
400 3.833472 0.000000 -0.419225 101.791731 0.000000 3.716727 -0.037537 
401 3.541274 0.000000 -0.147923 101.177031 0.000000 -0.000000 -0.023679 
402 3.443875 0.000000 -0.147923 101.209263 0.000000 0.000000 -0.024331 
403 3.541274 0.000000 -0.238357 102.868723 0.000000 -0.046165 -0.058198 
404 3.638673 0.000000 -0.147923 101.144069 0.000000 -0.000000 -0.023012 
405 5.781458 0.000000 -0.600093 98.110207 0.000000 1.753165 0.037131 
406 5.781458 0.000000 -1.323566 99.861062 0.000000 1.819879 0.002446 
407 6.560652 0.000000 -0.600093 100.046381 0.000000 0.600230 -0.000964 
408 5.781458 0.000000 0.123379 98.873707 0.000000 0.845270 0.022328 
409 4.612666 0.000000 -0.238357 100.383981 0.000000 -1.172147 -0.007832 
410 4.612666 0.000000 -0.600093 100.479254 0.000000 6.600519 -0.013965 
411 5.002264 0.000000 -0.238357 97.992934 0.000000 -1.828822 0.039404 
412 4.612666 0.000000 0.123379 99.771570 0.000000 -5.279694 0.001776 
413 4.028271 0.000000 -0.057489 100.962078 0.000000 -5.233135 -0.022073 
414 4.028271 0.000000 -0.238357 101.409889 0.000000 -0.249294 -0.028403 
415 4.223069 0.000000 -0.057489 100.842408 0.000000 -5.683043 -0.020149 
416 4.028271 0.000000 0.123379 100.659746 0.000000 -4.485254 -0.015250 
417 3.736073 0.000000 0.032945 101.041431 0.000000 -0.000000 -0.020937 
418 3.736073 0.000000 -0.057489 101.038184 0.000000 0.000000 -0.020871 
419 3.833472 0.000000 0.032945 101.015314 0.000000 0.000000 -0.020409 
420 3.736073 0.000000 0.123379 101.014363 0.000000 0.000000 -0.020390 
421 3.589974 0.000000 -0.012272 101.128455 0.000000 -0.000000 -0.022696 
422 3.541274 0.000000 -0.012272 101.152193 0.000000 -0.000000 -0.023177 
423 3.589974 0.000000 -0.057489 101.139651 0.000000 -0.000000 -0.022923 
424 3.638673 0.000000 -0.012272 101.098941 0.000000 -0.000000 -0.022100 
425 3.589974 0.000000 0.032945 101.128983 0.000000 -0.000000 -0.022707 
426 3.249076 0.000000 0.304247 99.909517 0.000000 -1.450114 0.001599 
427 3.054278 0.000000 0.304247 100.273373 0.000000 -1.497663 -0.005699 
428 3.249076 0.000000 0.485115 100.033356 0.000000 1.060293 -0.000780 
429 3.346475 0.000000 0.032945 101.276477 0.000000 0.000000 -0.025692 
430 3.249076 0.000000 0.032945 101.321393 0.000000 -0.000000 -0.026602 
431 3.346475 0.000000 -0.057489 101.276094 0.000000 0.000000 -0.025685 
432 3.346475 0.000000 0.123379 101.288908 0.000000 -0.000000 -0.025944 
433 3.492574 0.000000 -0.012272 101.193169 0.000000 -0.000000 -0.024006 
434 3.443875 0.000000 -0.012272 101.225674 0.000000 0.000000 -0.024664 
435 3.492574 0.000000 -0.057489 101.201895 0.000000 -0.000000 -0.024182 
436 3.492574 0.000000 0.032945 101.195768 0.000000 -0.000000 -0.024058 
437 3.541274 0.000000 0.213813 99.429552 0.000000 -2.310317 0.010843 
438 3.443875 0.000000 0.213813 99.315054 0.000000 -2.955203 0.012779 
439 3.638673 0.000000 0.213813 99.866875 0.000000 -1.896583 0.002301 
440 3.541274 0.000000 0.304247 99.777117 0.000000 -0.706582 0.004403 
441 3.589974 0.000000 0.078162 101.149717 0.000000 -0.000000 -0.023127 
442 3.541274 0.000000 0.078162 101.170914 0.000000 -0.000000 -0.023555 
443 3.638673 0.000000 0.078162 101.104659 0.000000 -0.000000 -0.022215 
444 3.589974 0.000000 0.123379 101.154962 0.000000 -0.000000 -0.023233 
445 3.565624 0.000000 0.010337 101.141506 0.000000 -0.000000 -0.022960 
446 3.541274 0.000000 0.010337 101.152343 0.000000 -0.000000 -0.023180 
447 3.565624 0.000000 -0.012272 101.141631 0.000000 -0.000000 -0.022963 
448 3.589974 0.000000 0.010337 101.128426 0.000000 -0.000000 -0.022696 
449 3.565624 0.000000 0.032945 101.143678 0.000000 -0.000000 -0.023004 
450 3.492574 0.000000 0.078162 101.202474 0.000000 -0.000000 -0.024194 
451 3.443875 0.000000 0.078162 101.222641 0.000000 -0.000000 -0.024602 
452 3.492574 0.000000 0.123379 101.196148 0.000000 -0.000000 -0.024066 
453 3.516924 0.000000 0.010337 101.168095 0.000000 0.000000 -0.023498 
454 3.492574 0.000000 0.010337 101.192924 0.000000 -0.000000 -0.024001 
455 3.516924 0.000000 -0.012272 101.167943 0.000000 0.000000 -0.023495 
456 3.516924 0.000000 0.032945 101.162605 0.000000 -0.000000 -0.023387 
457 3.736073 0.000000 -0.147923 101.005577 0.000000 0.000000 -0.020213 
458 3.736073 0.000000 -0.238357 101.966725 0.000000 0.420609 -0.039739 
459 3.833472 0.000000 -0.147923 101.005572 0.000000 0.000000 -0.020213 
460 3.589974 0.000000 -0.102706 101.154237 0.000000 -0.000000 -0.023218 
461 3.541274 0.000000 -0.102706 101.177880 0.000000 -0.000000 -0.023696 
462 3.589974 0.000000 -0.147923 101.159586 0.000000 -0.000000 -0.023326 
463 3.638673 0.000000 -0.102706 101.122116 0.000000 -0.000000 -0.022568 
464 3.565624 0.000000 -0.034880 101.143899 0.000000 -0.000000 -0.023009 
465 3.541274 0.000000 -0.034880 101.152148 0.000000 -0.000000 -0.023176 
466 3.565624 0.000000 -0.057489 101.146365 0.000000 -0.000000 -0.023059 
467 3.589974 0.000000 -0.034880 101.129046 0.000000 -0.000000 -0.022708 
468 3.553449 0.000000 -0.000968 101.121003 0.000000 -0.000000 -0.022546 
469 3.541274 0.000000 -0.000968 101.152305 0.000000 0.000000 -0.023179 
470 3.553449 0.000000 -0.012272 101.143140 0.000000 -0.000000 -0.022993 
471 3.565624 0.000000 -0.000968 101.141188 0.000000 -0.000000 -0.022954 
472 3.553449 0.000000 0.010337 101.143016 0.000000 -0.000000 -0.022991 
473 2.664680 0.000000 -2.047038 100.222961 0.000000 0.732538 -0.004518 
474 2.664680 0.000000 -2.770511 100.160001 0.000000 0.442816 -0.003222 
475 3.054278 0.000000 -0.961830 100.792383 0.000000 2.675904 -0.016627 
476 2.664680 0.000000 -0.961830 100.636833 0.000000 2.226595 -0.013273 
477 3.054278 0.000000 -1.323566 100.451863 0.000000 1.661351 -0.009334 
478 3.249076 0.000000 -0.419225 102.118264 0.000000 2.367501 -0.043374 
479 3.054278 0.000000 -0.419225 101.817615 0.000000 1.924250 -0.037053 
480 3.249076 0.000000 -0.600093 101.646023 0.000000 4.117547 -0.034887 
481 3.346475 0.000000 -0.147923 101.296407 0.000000 -0.000000 -0.026096 
482 3.249076 0.000000 -0.147923 101.317575 0.000000 -0.000000 -0.026525 
483 3.346475 0.000000 -0.238357 102.939623 0.000000 -1.258738 -0.059815 
484 3.395175 0.000000 -0.012272 101.251144 0.000000 0.000000 -0.025179 
485 3.346475 0.000000 -0.012272 101.282988 0.000000 -0.000000 -0.025824 
486 3.395175 0.000000 -0.057489 101.247880 0.000000 -0.000000 -0.025113 
487 3.395175 0.000000 0.032945 101.247657 0.000000 -0.000000 -0.025109 
488 3.468225 0.000000 0.010337 101.210068 0.000000 -0.000000 -0.024348 
489 3.443875 0.000000 0.010337 101.225520 0.000000 0.000000 -0.024661 
490 3.468225 0.000000 -0.012272 101.210386 0.000000 -0.000000 -0.024354 
491 3.468225 0.000000 0.032945 101.211649 0.000000 -0.000000 -0.024380 
492 3.151677 0.000000 0.032945 101.336058 0.000000 -0.000000 -0.026900 
493 3.054278 0.000000 0.032945 101.356544 0.000000 -0.000000 -0.027315 
494 3.151677 0.000000 -0.057489 101.336230 0.000000 -0.000000 -0.026903 
495 3.151677 0.000000 0.123379 101.333477 0.000000 -0.000000 -0.026847 
496 3.297776 0.000000 -0.012272 101.303252 0.000000 -0.000000 -0.026235 
497 3.249076 0.000000 -0.012272 101.321502 0.000000 -0.000000 -0.026605 
498 3.297776 0.000000 -0.057489 101.303522 0.000000 -0.000000 -0.026240 
499 3.297776 0.000000 0.032945 101.304176 0.000000 -0.000000 -0.026254 
500 3.346475 0.000000 0.213813 99.476570 0.000000 -3.476277 0.009233 
501 3.249076 0.000000 0.213813 99.740919 0.000000 -3.826878 0.003710 
502 3.346475 0.000000 0.304247 99.761472 0.000000 -1.266148 0.004605 
503 3.395175 0.000000 0.078162 101.247692 0.000000 -0.000000 -0.025110 
504 3.346475 0.000000 0.078162 101.282175 0.000000 -0.000000 -0.025808 
505 3.395175 0.000000 0.123379 101.259092 0.000000 0.000000 -0.025340 
506 3.370825 0.000000 0.010337 101.264223 0.000000 0.000000 -0.025444 
507 3.346475 0.000000 0.010337 101.283003 0.000000 -0.000000 -0.025825 
508 3.370825 0.000000 -0.012272 101.263901 0.000000 0.000000 -0.025438 
509 3.395175 0.000000 0.010337 101.251105 0.000000 0.000000 -0.025179 
510 3.370825 0.000000 0.032945 101.262152 0.000000 0.000000 -0.025402 
511 3.151677 0.000000 -0.147923 101.327849 0.000000 -0.000000 -0.026733 
512 3.054278 0.000000 -0.147923 101.339370 0.000000 0.000000 -0.026967 
513 3.151677 0.000000 -0.238357 102.413964 0.000000 -2.042949 -0.049279 
514 3.200377 0.000000 -0.012272 101.330576 0.000000 -0.000000 -0.026789 
515 3.151677 0.000000 -0.012272 101.340081 0.000000 -0.000000 -0.026981 
516 3.200377 0.000000 -0.057489 101.328611 0.000000 -0.000000 -0.026749 
517 3.200377 0.000000 0.032945 101.329769 0.000000 -0.000000 -0.026772 
518 3.297776 0.000000 0.078162 101.308237 0.000000 -0.000000 -0.026336 
519 3.249076 0.000000 0.078162 101.319894 0.000000 -0.000000 -0.026572 
520 3.297776 0.000000 0.123379 101.299092 0.000000 -0.000000 -0.026151 
521 3.273426 0.000000 0.010337 101.314530 0.000000 -0.000000 -0.026463 
522 3.249076 0.000000 0.010337 101.321487 0.000000 -0.000000 -0.026604 
523 3.273426 0.000000 -0.012272 101.314586 0.000000 -0.000000 -0.026465 
524 3.297776 0.000000 0.010337 101.303152 0.000000 -0.000000 -0.026233 
525 3.273426 0.000000 0.032945 101.314907 0.000000 -0.000000 -0.026471 
526 2.859479 0.000000 0.304247 100.519455 0.000000 -1.277520 -0.010579 
527 2.664680 0.000000 0.304247 100.675311 0.000000 -0.951290 -0.013642 
528 2.859479 0.000000 0.485115 100.311485 0.000000 1.178081 -0.006378 
529 3.151677 0.000000 0.213813 100.077861 0.000000 -3.981802 -0.003143 
530 3.054278 0.000000 0.213813 100.366511 0.000000 -3.918240 -0.008879 
531 3.151677 0.000000 0.304247 100.096287 0.000000 -1.525897 -0.002160 
532 3.200377 0.000000 0.078162 101.326241 0.000000 -0.000000 -0.026701 
533 3.151677 0.000000 0.078162 101.335359 0.000000 -0.000000 -0.026886 
534 3.200377 0.000000 0.123379 101.318118 0.000000 -0.000000 -0.026536 
535 3.224726 0.000000 0.010337 101.324015 0.000000 -0.000000 -0.026656 
536 3.200377 0.000000 0.010337 101.330623 0.000000 -0.000000 -0.026790 
537 3.224726 0.000000 -0.012272 101.323983 0.000000 -0.000000 -0.026655 
538 3.224726 0.000000 0.032945 101.323366 0.000000 -0.000000 -0.026642 
539 3.200377 0.000000 -0.102706 101.328841 0.000000 -0.000000 -0.026753 
540 3.151677 0.000000 -0.102706 101.332996 0.000000 -0.000000 -0.026838 
541 3.200377 0.000000 -0.147923 101.322008 0.000000 -0.000000 -0.026615 
542 3.249076 0.000000 -0.102706 101.315672 0.000000 -0.000000 -0.026487 
543 3.224726 0.000000 -0.034880 101.323288 0.000000 -0.000000 -0.026641 
544 3.200377 0.000000 -0.034880 101.329677 0.000000 -0.000000 -0.026770 
545 3.224726 0.000000 -0.057489 101.322276 0.000000 -0.000000 -0.026620 
546 3.249076 0.000000 -0.034880 101.321337 0.000000 -0.000000 -0.026601 
547 3.236901 0.000000 -0.000968 101.325827 0.000000 -0.000000 -0.026692 
548 3.224726 0.000000 -0.000968 101.329814 0.000000 -0.000000 -0.026773 
549 3.236901 0.000000 -0.012272 101.324709 0.000000 -0.000000 -0.026670 
550 3.249076 0.000000 -0.000968 101.321695 0.000000 -0.000000 -0.026609 
551 3.236901 0.000000 0.010337 101.324890 0.000000 -0.000000 -0.026673 
552 -16.815179 0.000000 -17.239961 100.003272 0.000000 -0.000580 -0.000065 
553 -23.048734 0.000000 -17.239961 100.001925 0.000000 -0.000820 -0.000039 
554 -16.815179 0.000000 -23.027741 100.002684 0.000000 0.000067 -0.000054 
555 20.586151 0.000000 -17.239961 100.002617 0.000000 0.018905 -0.000052 
556 20.586151 0.000000 -23.027741 100.002270 0.000000 0.010537 -0.000045 
557 26.819706 0.000000 -17.239961 100.001571 0.000000 0.018990 -0.000031 
558 -7.464847 0.000000 -8.558291 100.014217 0.000000 -0.001919 -0.000284 
559 -10.581624 0.000000 -8.558291 100.008402 0.000000 -0.003265 -0.000168 
560 -7.464847 0.000000 -11.452181 100.011383 0.000000 0.000726 -0.000228 
561 11.235819 0.000000 -8.558291 100.010817 0.000000 0.074514 -0.000217 
562 11.235819 0.000000 -11.452181 100.009143 0.000000 0.041444 -0.000183 
563 14.352596 0.000000 -8.558291 100.006019 0.000000 0.070841 -0.000121 
564 -2.789680 0.000000 -4.217456 100.072464 0.000000 -0.001223 -0.001450 
565 -4.348069 0.000000 -4.217456 100.044151 0.000000 -0.011819 -0.000883 
566 -2.789680 0.000000 -5.664401 100.055400 0.000000 0.010220 -0.001108 
567 6.560652 0.000000 -4.217456 100.023963 0.000000 0.248238 -0.000485 
568 6.560652 0.000000 -5.664401 100.024529 0.000000 0.147525 -0.000493 
569 8.119041 0.000000 -4.217456 100.013901 0.000000 0.244172 -0.000284 
570 -0.452097 0.000000 -2.047038 100.369298 0.000000 0.159470 -0.007402 
571 -1.231292 0.000000 -2.047038 100.254844 0.000000 0.005302 -0.005103 
572 -0.452097 0.000000 -2.770511 100.235142 0.000000 0.112762 -0.004710 
573 0.716694 0.000000 -0.961830 100.598684 0.000000 1.777531 -0.012325 
574 0.327097 0.000000 -0.961830 101.014366 0.000000 1.601991 -0.020647 
575 0.716694 0.000000 -1.323566 100.539004 0.000000 1.070481 -0.010924 
576 2.275083 0.000000 -0.961830 100.515207 0.000000 1.935768 -0.010705 
577 2.275083 0.000000 -1.323566 100.367776 0.000000 1.314702 -0.007542 
578 0.911493 0.000000 -0.419225 111.796320 0.000000 0.347228 -0.249854 
579 0.716694 0.000000 -0.419225 112.738426 0.000000 0.122339 -0.270997 
580 0.911493 0.000000 -0.600093 113.078222 0.000000 -0.034849 -0.278669 
581 1.398490 0.000000 -0.147923 109.345931 0.000000 0.334517 -0.195664 
582 1.398490 0.000000 -0.238357 109.305628 0.000000 0.402805 -0.194788 
583 1.495889 0.000000 -0.147923 109.182059 0.000000 0.341397 -0.192084 
584 2.080285 0.000000 -0.419225 106.503936 0.000000 0.425609 -0.134327 
585 2.080285 0.000000 -0.600093 106.346360 0.000000 0.195874 -0.130959 
586 2.275083 0.000000 -0.419225 106.345061 0.000000 0.193285 -0.130931 
587 2.469882 0.000000 -0.419225 101.031362 0.000000 1.662367 -0.021010 
588 2.469882 0.000000 -0.600093 100.929871 0.000000 2.761332 -0.019446 
589 2.664680 0.000000 -0.419225 101.199253 0.000000 1.636491 -0.024397 
590 1.593288 0.000000 -0.147923 107.733756 0.000000 0.340363 -0.160668 
591 1.593288 0.000000 -0.238357 108.967578 0.000000 0.410150 -0.187410 
592 2.469882 0.000000 0.304247 106.327524 0.000000 0.130033 -0.130556 
593 2.469882 0.000000 0.485115 106.252745 0.000000 0.037978 -0.128965 
594 1.982885 0.000000 -0.147923 106.048376 0.000000 0.417272 -0.124643 
595 1.982885 0.000000 -0.238357 107.277709 0.000000 0.565765 -0.150883 
596 2.080285 0.000000 -0.147923 105.359823 0.000000 0.384138 -0.110084 
597 5.781458 0.000000 -2.047038 100.008614 0.000000 0.917544 -0.000256 
598 5.781458 0.000000 -2.770511 100.027672 0.000000 0.530608 -0.000582 
599 6.560652 0.000000 -2.047038 100.017283 0.000000 0.901525 -0.000427 
600 4.612666 0.000000 -0.961830 100.161429 0.000000 5.073232 -0.005805 
601 4.612666 0.000000 -1.323566 100.076887 0.000000 2.615252 -0.002222 
602 5.002264 0.000000 -0.961830 99.321291 0.000000 4.780606 0.011243 
603 2.859479 0.000000 -0.419225 101.463353 0.000000 1.691275 -0.029767 
604 2.859479 0.000000 -0.600093 101.255914 0.000000 3.271094 -0.026346 
605 5.781458 0.000000 0.846852 99.881816 0.000000 1.991928 0.001966 
606 6.560652 0.000000 0.846852 100.020494 0.000000 2.044230 -0.000828 
607 5.781458 0.000000 1.570324 99.972338 0.000000 0.867936 0.000478 
608 4.612666 0.000000 0.485115 99.847777 0.000000 0.940164 0.002954 
609 5.002264 0.000000 0.485115 99.447110 0.000000 1.416841 0.010826 
610 4.612666 0.000000 0.846852 99.932509 0.000000 1.485598 0.001129 
611 4.028271 0.000000 -0.419225 101.570362 0.000000 3.750455 -0.033060 
612 4.028271 0.000000 -0.600093 101.450360 0.000000 5.922094 -0.032725 
613 4.223069 0.000000 -0.419225 101.376726 0.000000 3.736334 -0.029120 
614 1.593288 0.000000 0.213813 108.909774 0.000000 0.417494 -0.186151 
615 1.593288 0.000000 0.304247 108.936003 0.000000 0.413982 -0.186722 
616 1.982885 0.000000 0.213813 107.877112 0.000000 0.521512 -0.163774 
617 2.080285 0.000000 0.213813 106.908687 0.000000 0.526789 -0.142974 
618 1.982885 0.000000 0.304247 107.599644 0.000000 0.553596 -0.157799 
619 1.349790 0.000000 0.078162 109.215998 0.000000 0.672666 -0.192859 
620 1.349790 0.000000 0.032945 109.095245 0.000000 0.647619 -0.190219 
621 1.349790 0.000000 0.123379 108.382428 0.000000 0.252037 -0.174681 
622 1.008892 0.000000 -0.147923 106.825313 0.000000 0.310285 -0.141174 
623 0.911493 0.000000 -0.147923 108.809023 0.000000 0.290305 -0.183949 
624 1.008892 0.000000 -0.238357 110.521412 0.000000 0.419865 -0.221516 
625 1.057592 0.000000 -0.012272 98.792136 0.000000 0.071707 0.024011 
626 1.008892 0.000000 -0.012272 102.016019 0.000000 0.137603 -0.040729 
627 1.057592 0.000000 -0.057489 102.251387 0.000000 0.148870 -0.045537 
628 1.130641 0.000000 0.010337 103.227797 0.000000 0.155240 -0.065600 
629 1.106292 0.000000 0.010337 102.440027 0.000000 0.142665 -0.049398 
630 1.130641 0.000000 -0.012272 103.218753 0.000000 0.155119 -0.065414 
631 4.028271 0.000000 0.304247 100.359056 0.000000 -0.941565 -0.007283 
632 4.223069 0.000000 0.304247 100.258297 0.000000 -1.145727 -0.005304 
633 4.028271 0.000000 0.485115 100.179795 0.000000 1.114040 -0.003723 
634 3.736073 0.000000 0.213813 100.323001 0.000000 -1.885507 -0.006826 
635 3.833472 0.000000 0.213813 100.567598 0.000000 -2.177625 -0.011858 
636 3.736073 0.000000 0.304247 100.198627 0.000000 -0.523321 -0.004004 
637 3.492574 0.000000 -0.102706 101.195825 0.000000 -0.000000 -0.024059 
638 3.443875 0.000000 -0.102706 101.216424 0.000000 -0.000000 -0.024476 
639 3.492574 0.000000 -0.147923 101.187898 0.000000 -0.000000 -0.023899 
640 3.516924 0.000000 -0.034880 101.162754 0.000000 -0.000000 -0.023390 
641 3.492574 0.000000 -0.034880 101.195796 0.000000 -0.000000 -0.024059 
642 3.516924 0.000000 -0.057489 101.180240 0.000000 -0.000000 -0.023744 
643 3.395175 0.000000 -0.102706 101.256941 0.000000 0.000000 -0.025297 
644 3.346475 0.000000 -0.102706 101.281911 0.000000 -0.000000 -0.025803 
645 3.395175 0.000000 -0.147923 101.254369 0.000000 0.000000 -0.025245 
646 3.297776 0.000000 -0.102706 101.299395 0.000000 -0.000000 -0.026157 
647 3.297776 0.000000 -0.147923 101.305423 0.000000 -0.000000 -0.026279 
648 3.419525 0.000000 0.010337 101.239835 0.000000 0.000000 -0.024950 
649 3.419525 0.000000 -0.012272 101.239792 0.000000 0.000000 -0.024950 
650 3.419525 0.000000 0.032945 101.243144 0.000000 -0.000000 -0.025017 
651 3.273426 0.000000 -0.034880 101.314860 0.000000 -0.000000 -0.026470 
652 3.273426 0.000000 -0.057489 101.310975 0.000000 -0.000000 -0.026391 
653 3.297776 0.000000 -0.034880 101.304132 0.000000 -0.000000 -0.026253 
654 3.322126 0.000000 0.010337 101.294524 0.000000 -0.000000 -0.026058 
655 3.322126 0.000000 -0.012272 101.294630 0.000000 -0.000000 -0.026060 
656 3.322126 0.000000 0.032945 101.295437 0.000000 -0.000000 -0.026077 
657 1.349790 0.000000 -0.012272 107.917599 0.000000 0.354847 -0.164633 
658 1.349790 0.000000 -0.057489 108.121168 0.000000 0.213710 -0.169023 
659 1.398490 0.000000 -0.012272 108.549283 0.000000 0.363755 -0.178308 
660 1.447189 0.000000 -0.012272 108.580186 0.000000 0.219068 -0.178970 
661 1.447189 0.000000 -0.057489 108.519379 0.000000 0.190228 -0.177649 
662 1.495889 0.000000 -0.012272 107.795325 0.000000 0.448520 -0.162003 
663 3.468225 0.000000 -0.034880 101.211674 0.000000 -0.000000 -0.024380 
664 3.443875 0.000000 -0.034880 101.222263 0.000000 -0.000000 -0.024595 
665 3.468225 0.000000 -0.057489 101.212043 0.000000 -0.000000 -0.024388 
666 3.419525 0.000000 -0.034880 101.243123 0.000000 -0.000000 -0.025017 
667 3.395175 0.000000 -0.034880 101.247663 0.000000 -0.000000 -0.025109 
668 3.419525 0.000000 -0.057489 101.237948 0.000000 0.000000 -0.024912 
669 3.322126 0.000000 -0.034880 101.295406 0.000000 -0.000000 -0.026076 
670 3.322126 0.000000 -0.057489 101.294951 0.000000 -0.000000 -0.026067 
671 3.346475 0.000000 -0.034880 101.276452 0.000000 0.000000 -0.025692 
672 3.370825 0.000000 -0.034880 101.262058 0.000000 0.000000 -0.025400 
673 3.370825 0.000000 -0.057489 101.265820 0.000000 0.000000 -0.025477 
1 19 21 9 22 
2 20 19 22 4 
3 28 29 3 30 
4 21 28 30 9 
5 35 37 21 38 
6 36 35 38 19 
7 44 45 28 46 
8 37 44 46 21 
9 51 53 37 54 
10 52 51 54 35 
11 60 61 44 62 
12 53 60 62 37 
13 67 69 53 70 
14 68 67 70 51 
15 76 77 60 78 
16 69 76 78 53 
17 83 85 69 86 
18 84 83 86 67 
19 11 94 92 93 
20 94 10 24 92 
21 92 24 14 95 
22 93 92 95 6 
23 24 98 96 97 
24 98 23 40 96 
25 96 40 27 99 
26 97 96 99 14 
27 40 102 100 101 
28 102 39 56 100 
29 100 56 43 103 
30 101 100 103 27 
31 56 106 104 105 
32 106 55 72 104 
33 104 72 59 107 
34 105 104 107 43 
35 72 110 108 109 
36 109 108 111 59 
37 112 113 76 114 
38 85 112 114 69 
39 115 117 85 118 
40 116 115 118 83 
41 132 133 112 134 
42 117 132 134 85 
43 136 124 137 135 
44 135 137 127 138 
45 15 140 139 33 
46 140 17 141 139 
47 139 141 8 142 
48 33 139 142 18 
49 31 144 143 49 
50 144 33 145 143 
51 143 145 18 146 
52 49 143 146 34 
53 148 49 149 147 
54 147 149 34 150 
55 124 160 159 137 
56 160 126 161 159 
57 159 161 82 162 
58 137 159 162 127 
59 18 142 163 45 
60 142 8 164 163 
61 163 164 29 165 
62 45 163 165 28 
63 34 146 166 61 
64 146 18 167 166 
65 166 167 45 168 
66 61 166 168 44 
67 150 34 170 169 
68 169 170 61 171 
69 77 169 171 60 
70 172 173 77 174 
71 113 172 174 76 
72 175 176 113 177 
73 133 175 177 112 
74 126 179 178 161 
75 179 155 180 178 
76 178 180 158 181 
77 161 178 181 82 
78 186 188 117 189 
79 187 186 189 115 
80 138 127 196 195 
81 195 196 132 197 
82 188 195 197 117 
83 130 199 198 193 
84 199 135 200 198 
85 198 200 138 201 
86 193 198 201 5 
87 131 194 202 203 
88 194 5 204 202 
89 202 204 188 205 
90 203 202 205 186 
91 208 193 209 206 
92 206 209 5 210 
93 207 206 210 194 
94 122 213 211 212 
95 213 128 191 211 
96 211 191 131 214 
97 212 211 214 91 
98 191 217 215 216 
99 215 207 194 218 
100 216 215 218 131 
101 12 221 219 220 
102 221 7 222 219 
103 219 222 13 25 
104 220 219 25 10 
105 25 225 223 224 
106 225 13 226 223 
107 223 226 26 41 
108 224 223 41 23 
109 41 229 227 228 
110 229 26 230 227 
111 227 230 42 57 
112 228 227 57 39 
113 57 233 231 232 
114 233 42 234 231 
115 231 234 58 73 
116 232 231 73 55 
117 73 237 235 236 
118 237 58 238 235 
119 235 238 74 89 
120 236 235 89 71 
121 89 241 239 240 
122 241 74 242 239 
123 239 242 90 129 
124 240 239 129 87 
125 129 245 243 244 
126 245 90 246 243 
127 243 246 130 192 
128 244 243 192 128 
129 192 249 247 248 
130 249 130 250 247 
131 247 250 193 208 
132 248 247 208 190 
133 190 253 251 252 
134 253 208 254 251 
135 251 254 206 255 
136 252 251 255 207 
137 128 258 256 257 
138 258 192 248 256 
139 256 248 190 217 
140 257 256 217 191 
141 217 261 259 260 
142 261 190 252 259 
143 259 252 207 262 
144 260 259 262 215 
145 6 95 263 264 
146 95 14 36 263 
147 263 36 19 265 
148 264 263 265 20 
149 14 99 266 267 
150 99 27 52 266 
151 266 52 35 268 
152 267 266 268 36 
153 27 103 269 270 
154 103 43 68 269 
155 269 68 51 271 
156 270 269 271 52 
157 43 107 272 273 
158 107 59 84 272 
159 272 84 67 274 
160 273 272 274 68 
161 59 111 275 276 
162 275 116 83 277 
163 276 275 277 84 
164 278 187 115 280 
165 279 278 280 116 
166 123 284 285 286 
167 284 91 287 285 
168 285 287 187 288 
169 286 285 288 278 
170 281 291 289 290 
171 291 212 292 289 
172 289 292 91 293 
173 290 289 293 284 
174 108 296 294 295 
175 295 294 297 111 
176 111 297 302 303 
177 302 279 116 304 
178 303 302 304 275 
179 75 301 305 306 
180 301 123 286 305 
181 305 286 278 307 
182 306 305 307 279 
183 298 310 308 309 
184 310 282 311 308 
185 308 311 123 312 
186 309 308 312 301 
187 294 315 313 314 
188 314 313 316 297 
189 317 309 301 320 
190 318 317 320 75 
191 71 323 321 322 
192 323 89 240 321 
193 321 240 87 121 
194 322 321 121 88 
195 88 326 324 325 
196 326 121 327 324 
197 324 327 119 300 
198 325 324 300 120 
199 120 330 328 329 
200 330 300 331 328 
201 334 298 335 332 
202 332 335 309 336 
203 333 332 336 317 
204 297 316 337 338 
205 316 75 306 337 
206 337 306 279 339 
207 338 337 339 302 
208 313 342 340 341 
209 342 299 318 340 
210 340 318 75 343 
211 341 340 343 316 
212 299 346 344 345 
213 346 319 333 344 
214 344 333 317 347 
215 345 344 347 318 
216 300 349 348 331 
217 349 119 350 348 
218 348 350 282 310 
219 331 348 310 298 
220 328 353 351 352 
221 353 331 354 351 
222 351 354 298 334 
223 352 351 334 319 
224 319 357 355 356 
225 357 334 358 355 
226 355 358 332 359 
227 356 355 359 333 
228 360 361 172 362 
229 176 360 362 113 
230 371 373 360 374 
231 372 371 374 176 
232 7 381 380 222 
233 381 16 382 380 
234 380 382 15 32 
235 222 380 32 13 
236 13 384 383 226 
237 384 32 385 383 
238 383 385 31 48 
239 226 383 48 26 
240 26 387 386 230 
241 387 48 388 386 
242 386 388 47 64 
243 230 386 64 42 
244 64 391 389 390 
245 391 47 392 389 
246 389 392 65 152 
247 390 389 152 63 
248 63 395 393 394 
249 395 152 396 393 
250 393 396 151 183 
251 394 393 183 81 
252 81 399 397 398 
253 399 183 400 397 
254 397 400 182 365 
255 398 397 365 157 
256 157 403 401 402 
257 403 365 404 401 
258 65 406 405 153 
259 406 147 407 405 
260 405 407 150 408 
261 153 405 408 50 
262 151 410 409 184 
263 410 153 411 409 
264 409 411 50 412 
265 184 409 412 154 
266 182 414 413 366 
267 414 184 415 413 
268 413 415 154 416 
269 366 413 416 185 
270 363 418 417 378 
271 418 366 419 417 
272 417 419 185 420 
273 378 417 420 367 
274 423 363 424 421 
275 421 424 378 425 
276 426 372 176 428 
277 427 426 428 175 
278 66 379 437 438 
279 379 367 439 437 
280 437 439 371 440 
281 438 437 440 372 
282 375 425 441 442 
283 425 378 443 441 
284 441 443 367 444 
285 442 441 444 379 
286 447 421 448 445 
287 445 448 425 449 
288 446 445 449 375 
289 376 436 450 451 
290 436 375 442 450 
291 450 442 379 452 
292 451 450 452 66 
293 433 455 453 454 
294 455 422 446 453 
295 453 446 375 456 
296 454 453 456 436 
297 365 458 457 404 
298 458 182 459 457 
299 457 459 366 418 
300 404 457 418 363 
301 401 462 460 461 
302 462 404 463 460 
303 460 463 363 423 
304 461 460 423 377 
305 377 466 464 465 
306 466 423 467 464 
307 464 467 421 447 
308 465 464 447 422 
309 422 470 468 469 
310 470 447 471 468 
311 468 471 445 472 
312 469 468 472 446 
313 42 474 473 234 
314 474 64 390 473 
315 473 390 63 80 
316 234 473 80 58 
317 80 477 475 476 
318 477 63 394 475 
319 475 394 81 156 
320 476 475 156 79 
321 156 480 478 479 
322 480 81 398 478 
323 478 398 157 369 
324 479 478 369 155 
325 369 483 481 482 
326 483 157 402 481 
327 434 490 488 489 
328 490 433 454 488 
329 488 454 436 491 
330 489 488 491 376 
331 180 494 492 493 
332 493 492 495 158 
333 370 432 500 501 
334 432 66 438 500 
335 500 438 372 502 
336 501 500 502 426 
337 429 487 503 504 
338 487 376 451 503 
339 503 451 66 505 
340 504 503 505 432 
341 485 508 506 507 
342 508 484 509 506 
343 506 509 487 510 
344 507 506 510 429 
345 155 513 511 512 
346 513 369 482 511 
347 512 511 494 180 
348 494 516 514 515 
349 515 514 517 492 
350 430 499 518 519 
351 499 429 504 518 
352 518 504 432 520 
353 519 518 520 370 
354 497 523 521 522 
355 523 496 524 521 
356 521 524 499 525 
357 522 521 525 430 
358 82 181 526 527 
359 181 158 427 526 
360 526 427 175 528 
361 527 526 528 133 
362 158 495 529 530 
363 495 370 501 529 
364 529 501 426 531 
365 530 529 531 427 
366 492 517 532 533 
367 517 430 519 532 
368 532 519 370 534 
369 533 532 534 495 
370 514 537 535 536 
371 535 522 430 538 
372 536 535 538 517 
373 511 541 539 540 
374 541 482 542 539 
375 539 542 368 516 
376 540 539 516 494 
377 516 545 543 544 
378 545 368 546 543 
379 543 546 497 537 
380 544 543 537 514 
381 537 549 547 548 
382 549 497 550 547 
383 547 550 522 551 
384 548 547 551 535 
385 1 554 552 553 
386 554 12 220 552 
387 552 220 10 94 
388 553 552 94 11 
389 16 556 555 382 
390 556 2 557 555 
391 555 557 17 140 
392 382 555 140 15 
393 10 560 558 559 
394 560 25 224 558 
395 558 224 23 98 
396 559 558 98 24 
397 32 562 561 385 
398 562 15 563 561 
399 561 563 33 144 
400 385 561 144 31 
401 23 566 564 565 
402 566 41 228 564 
403 564 228 39 102 
404 565 564 102 40 
405 48 568 567 388 
406 568 31 569 567 
407 567 569 49 148 
408 388 567 148 47 
409 39 572 570 571 
410 572 57 232 570 
411 570 232 55 106 
412 571 570 106 56 
413 55 575 573 574 
414 575 73 236 573 
415 573 236 71 110 
416 574 573 110 72 
417 58 577 576 238 
418 577 80 476 576 
419 576 476 79 125 
420 238 576 125 74 
421 110 580 578 579 
422 580 71 322 578 
423 578 322 88 296 
424 579 578 296 108 
425 121 582 581 327 
426 582 87 583 581 
427 581 583 122 283 
428 327 581 283 119 
429 74 585 584 242 
430 585 125 586 584 
431 584 586 124 136 
432 242 584 136 90 
433 125 588 587 586 
434 588 79 589 587 
435 587 589 126 160 
436 586 587 160 124 
437 87 591 590 583 
438 591 129 244 590 
439 590 244 128 213 
440 583 590 213 122 
441 127 162 592 196 
442 162 82 527 592 
443 592 527 133 593 
444 196 592 593 132 
445 90 595 594 246 
446 595 136 596 594 
447 594 596 135 199 
448 246 594 199 130 
449 47 598 597 392 
450 598 148 599 597 
451 597 599 147 406 
452 392 597 406 65 
453 152 601 600 396 
454 601 65 602 600 
455 600 602 153 410 
456 396 600 410 151 
457 79 604 603 589 
458 604 156 479 603 
459 603 479 155 179 
460 589 603 179 126 
461 50 408 605 173 
462 408 150 606 605 
463 605 606 169 607 
464 173 605 607 77 
465 154 412 608 361 
466 412 50 609 608 
467 608 609 173 610 
468 361 608 610 172 
469 183 612 611 400 
470 612 151 613 611 
471 611 613 184 414 
472 400 611 414 182 
473 91 214 614 287 
474 214 131 203 614 
475 614 203 186 615 
476 287 614 615 187 
477 5 201 616 204 
478 201 138 617 616 
479 616 617 195 618 
480 204 616 618 188 
481 282 620 619 311 
482 620 281 290 619 
483 619 290 284 621 
484 311 619 621 123 
485 296 624 622 623 
486 624 88 325 622 
487 622 325 120 315 
488 623 622 315 294 
489 315 627 625 626 
490 627 120 329 625 
491 625 329 299 342 
492 626 625 342 313 
493 329 630 628 629 
494 630 328 352 628 
495 628 352 319 346 
496 629 628 346 299 
497 185 416 631 373 
498 416 154 632 631 
499 631 632 361 633 
500 373 631 633 360 
501 367 420 634 439 
502 420 185 635 634 
503 634 635 373 636 
504 439 634 636 371 
505 402 639 637 638 
506 639 401 461 637 
507 637 461 377 435 
508 638 637 435 364 
509 435 642 640 641 
510 642 377 465 640 
511 640 465 422 455 
512 641 640 455 433 
513 481 645 643 644 
514 645 402 638 643 
515 643 638 364 486 
516 644 643 486 431 
517 482 647 646 542 
518 647 481 644 646 
519 646 644 431 498 
520 542 646 498 368 
521 484 649 648 509 
522 649 434 489 648 
523 648 489 376 650 
524 509 648 650 487 
525 368 652 651 546 
526 652 498 653 651 
527 651 653 496 523 
528 546 651 523 497 
529 496 655 654 524 
530 655 485 507 654 
531 654 507 429 656 
532 524 654 656 499 
533 119 658 657 350 
534 658 283 659 657 
535 657 659 281 620 
536 350 657 620 282 
537 283 661 660 659 
538 661 122 662 660 
539 660 662 212 291 
540 659 660 291 281 
541 364 665 663 664 
542 665 435 641 663 
543 663 641 433 490 
544 664 663 490 434 
545 486 668 666 667 
546 668 364 664 666 
547 666 664 434 649 
548 667 666 649 484 
549 498 670 669 653 
550 670 431 671 669 
551 669 671 485 655 
552 653 669 655 496 
553 431 673 672 671 
554 673 486 667 672 
555 672 667 484 508 
556 671 672 508 485 
