2 0.000000 100.000000 473.401889
678 559 
1 -23.048734 0.000000 -23.027741 99.013995 0.000000 13.921024 0.000243 
2 26.819706 0.000000 -23.027741 99.022639 0.000000 13.852706 0.000262 
3 26.819706 0.000000 23.274500 99.053349 0.000000 13.796744 -0.000192 
4 -23.048734 0.000000 23.274500 99.043165 0.000000 13.919385 -0.000330 
5 1.885486 0.000000 0.123379 90.385723 0.000000 0.089635 0.183041 
6 -23.048734 0.000000 0.123379 99.030009 0.000000 13.937359 -0.000119 
7 1.885486 0.000000 -23.027741 98.989374 0.000000 13.876380 0.000855 
8 26.819706 0.000000 0.123379 99.302679 0.000000 11.930613 -0.000336 
9 1.885486 0.000000 23.274500 99.076135 0.000000 13.862673 -0.000825 
10 -10.581624 0.000000 -11.452181 98.972286 0.000000 13.932184 0.001038 
11 -23.048734 0.000000 -11.452181 99.015222 0.000000 13.930265 0.000193 
12 -10.581624 0.000000 -23.027741 98.998632 0.000000 13.911023 0.000575 
13 1.885486 0.000000 -11.452181 98.870511 0.000000 13.728433 0.003615 
14 -10.581624 0.000000 0.123379 99.041158 0.000000 13.995762 -0.000503 
15 14.352596 0.000000 -11.452181 99.016794 0.000000 13.669402 0.000882 
16 14.352596 0.000000 -23.027741 99.007853 0.000000 13.851346 0.000559 
17 26.819706 0.000000 -11.452181 99.041352 0.000000 13.724832 0.000244 
18 14.352596 0.000000 0.123379 99.909832 0.000000 7.633827 -0.004025 
19 -10.581624 0.000000 11.698939 99.097003 0.000000 13.924651 -0.001411 
20 -23.048734 0.000000 11.698939 99.043705 0.000000 13.928858 -0.000367 
21 1.885486 0.000000 11.698939 99.248250 0.000000 13.672772 -0.003716 
22 -10.581624 0.000000 23.274500 99.061748 0.000000 13.906213 -0.000661 
23 -4.348069 0.000000 -5.664401 98.790318 0.000000 13.952517 0.004580 
24 -10.581624 0.000000 -5.664401 98.976797 0.000000 13.972281 0.000837 
25 -4.348069 0.000000 -11.452181 98.908566 0.000000 13.888467 0.002421 
26 1.885486 0.000000 -5.664401 98.450194 0.000000 13.176146 0.013395 
27 -4.348069 0.000000 0.123379 99.079540 0.000000 14.267934 -0.002033 
28 14.352596 0.000000 11.698939 99.121247 0.000000 13.459216 -0.000617 
29 26.819706 0.000000 11.698939 99.123740 0.000000 13.277413 -0.000181 
30 14.352596 0.000000 23.274500 99.063581 0.000000 13.820383 -0.000460 
31 8.119041 0.000000 -5.664401 99.042175 0.000000 12.980601 0.002215 
32 8.119041 0.000000 -11.452181 98.960001 0.000000 13.631153 0.002111 
33 14.352596 0.000000 -5.664401 99.090432 0.000000 13.227145 0.000613 
34 8.119041 0.000000 0.123379 101.759577 0.000000 -4.315762 -0.037364 
35 -4.348069 0.000000 5.911159 99.337987 0.000000 13.927061 -0.006200 
36 -10.581624 0.000000 5.911159 99.100347 0.000000 13.966055 -0.001593 
37 1.885486 0.000000 5.911159 99.777428 0.000000 13.020535 -0.012507 
38 -4.348069 0.000000 11.698939 99.174688 0.000000 13.866383 -0.002790 
39 -1.231292 0.000000 -2.770511 98.064020 0.000000 14.116035 0.018419 
40 -4.348069 0.000000 -2.770511 98.808852 0.000000 14.113452 0.003762 
41 -1.231292 0.000000 -5.664401 98.537132 0.000000 13.762083 0.010104 
42 1.885486 0.000000 -2.770511 96.932856 0.000000 11.402855 0.047400 
43 -1.231292 0.000000 0.123379 99.034030 0.000000 15.391745 -0.004464 
44 8.119041 0.000000 5.911159 99.299702 0.000000 12.373078 -0.001352 
45 14.352596 0.000000 5.911159 99.336621 0.000000 11.915021 -0.000973 
46 8.119041 0.000000 11.698939 99.181264 0.000000 13.504475 -0.001929 
47 5.002264 0.000000 -2.770511 99.172666 0.000000 10.601146 0.005240 
48 5.002264 0.000000 -5.664401 98.817489 0.000000 12.884617 0.006909 
49 8.119041 0.000000 -2.770511 99.406525 0.000000 11.883188 -0.002287 
50 5.002264 0.000000 0.123379 103.672315 0.000000 -25.478673 -0.139711 
51 -1.231292 0.000000 3.017269 100.185317 0.000000 14.058544 -0.023474 
52 -4.348069 0.000000 3.017269 99.340214 0.000000 14.114378 -0.006769 
53 1.885486 0.000000 3.017269 101.568426 0.000000 11.124025 -0.043989 
54 -1.231292 0.000000 5.911159 99.647157 0.000000 13.694457 -0.011709 
55 0.327097 0.000000 -1.323566 94.868296 0.000000 14.783813 0.078145 
56 -1.231292 0.000000 -1.323566 98.106239 0.000000 14.912190 0.015279 
57 0.327097 0.000000 -2.770511 97.086821 0.000000 13.382445 0.039506 
58 1.885486 0.000000 -1.323566 93.060685 0.000000 6.393958 0.129883 
59 0.327097 0.000000 0.123379 100.051287 0.000000 0.000000 -0.001026 
60 5.002264 0.000000 3.017269 99.655775 0.000000 9.352939 -0.001875 
61 8.119041 0.000000 3.017269 99.591720 0.000000 9.320361 -0.000538 
62 5.002264 0.000000 5.911159 99.477470 0.000000 12.507884 -0.005221 
63 3.443875 0.000000 -1.323566 98.352523 0.000000 4.148333 0.030957 
64 3.443875 0.000000 -2.770511 98.175948 0.000000 10.319296 0.025500 
65 5.002264 0.000000 -1.323566 100.415008 0.000000 5.891323 -0.011788 
66 3.443875 0.000000 0.123379 101.022568 0.000000 -0.000000 -0.020556 
67 0.327097 0.000000 1.570324 103.446114 0.000000 14.726853 -0.091798 
68 -1.231292 0.000000 1.570324 100.192658 0.000000 14.895251 -0.026044 
69 1.885486 0.000000 1.570324 105.672475 0.000000 6.643325 -0.121081 
70 0.327097 0.000000 3.017269 101.240789 0.000000 13.230206 -0.042474 
71 1.106292 0.000000 -0.600093 91.500226 0.000000 -0.698008 0.162722 
72 0.327097 0.000000 -0.600093 92.971738 0.000000 18.149660 0.102685 
73 1.106292 0.000000 -1.323566 92.332649 0.000000 11.369679 0.134541 
74 1.885486 0.000000 -0.600093 96.698401 0.000000 0.653087 0.064899 
75 1.106292 0.000000 0.123379 74.642489 0.000000 -0.121410 0.442848 
76 3.443875 0.000000 1.570324 101.195337 0.000000 3.431633 -0.025227 
77 5.002264 0.000000 1.570324 99.468068 0.000000 3.340291 0.009495 
78 3.443875 0.000000 3.017269 100.541247 0.000000 9.661253 -0.020188 
79 2.664680 0.000000 -0.600093 95.272323 0.000000 -5.194851 0.089620 
80 2.664680 0.000000 -1.323566 96.033632 0.000000 4.099643 0.076073 
81 3.443875 0.000000 -0.600093 99.316545 0.000000 -4.546471 0.011555 
82 2.664680 0.000000 0.123379 99.863632 0.000000 0.000000 0.002725 
83 1.106292 0.000000 0.846852 90.399085 0.000000 -0.981905 0.182704 
84 0.327097 0.000000 0.846852 104.391278 0.000000 18.603987 -0.124365 
85 1.885486 0.000000 0.846852 97.495681 0.000000 0.853743 0.049386 
86 1.106292 0.000000 1.570324 106.032636 0.000000 11.563544 -0.137664 
87 1.495889 0.000000 -0.238357 94.109429 0.000000 -0.017173 0.114342 
88 1.106292 0.000000 -0.238357 93.524303 0.000000 -0.167710 0.125318 
89 1.495889 0.000000 -0.600093 94.087776 0.000000 -0.022849 0.114749 
90 1.885486 0.000000 -0.238357 94.631138 0.000000 0.116691 0.104493 
91 1.495889 0.000000 0.123379 77.345615 0.000000 -0.008036 0.401766 
92 -16.815179 0.000000 -5.664401 99.011688 0.000000 13.947518 0.000215 
93 -23.048734 0.000000 -5.664401 99.020931 0.000000 13.935385 0.000066 
94 -16.815179 0.000000 -11.452181 99.002780 0.000000 13.934154 0.000429 
95 -16.815179 0.000000 0.123379 99.032746 0.000000 13.953978 -0.000220 
96 -7.464847 0.000000 -2.770511 98.958076 0.000000 14.040336 0.001017 
97 -10.581624 0.000000 -2.770511 99.001321 0.000000 13.994854 0.000288 
98 -7.464847 0.000000 -5.664401 98.923610 0.000000 13.977966 0.001874 
99 -7.464847 0.000000 0.123379 99.053464 0.000000 14.070933 -0.000958 
100 -2.789680 0.000000 -1.323566 98.736280 0.000000 14.417350 0.004329 
101 -4.348069 0.000000 -1.323566 98.911020 0.000000 14.228210 0.001417 
102 -2.789680 0.000000 -2.770511 98.581237 0.000000 14.179562 0.008068 
103 -2.789680 0.000000 0.123379 99.107521 0.000000 14.539773 -0.003371 
104 -0.452097 0.000000 -0.600093 98.299501 0.000000 16.239605 0.007348 
105 -1.231292 0.000000 -0.600093 98.534929 0.000000 15.255481 0.005814 
106 -0.452097 0.000000 -1.323566 97.182560 0.000000 15.230678 0.032358 
107 -0.452097 0.000000 0.123379 98.096516 0.000000 15.468825 0.013779 
108 0.716694 0.000000 -0.238357 91.018846 0.000000 -0.815675 0.171490 
109 0.327097 0.000000 -0.238357 89.078889 0.000000 15.820317 0.181467 
110 0.716694 0.000000 -0.600093 88.651585 0.000000 15.549113 0.189912 
111 0.716694 0.000000 0.123379 95.214605 0.000000 -0.252705 0.093412 
112 2.664680 0.000000 0.846852 104.517266 0.000000 -5.877428 -0.095840 
113 3.443875 0.000000 0.846852 101.722664 0.000000 -8.116551 -0.041338 
114 2.664680 0.000000 1.570324 103.159936 0.000000 4.013644 -0.065808 
115 1.495889 0.000000 0.485115 94.105899 0.000000 -0.018113 0.114408 
116 1.106292 0.000000 0.485115 93.115863 0.000000 -0.257314 0.132937 
117 1.885486 0.000000 0.485115 95.421929 0.000000 0.310213 0.089456 
118 1.495889 0.000000 0.846852 94.871371 0.000000 0.188395 0.099939 
119 1.301090 0.000000 -0.057489 57.274585 0.000000 -0.058777 0.671962 
120 1.106292 0.000000 -0.057489 71.570769 0.000000 -0.088025 0.487762 
121 1.301090 0.000000 -0.238357 93.766595 0.000000 -0.105593 0.120781 
122 1.495889 0.000000 -0.057489 70.447646 0.000000 -0.006687 0.503713 
123 1.301090 0.000000 0.123379 69.102741 0.000000 -0.079746 0.522480 
124 2.275083 0.000000 -0.238357 96.963715 0.000000 0.724769 0.059751 
125 2.275083 0.000000 -0.600093 91.716378 0.000000 -4.241073 0.157012 
126 2.664680 0.000000 -0.238357 94.573705 0.000000 -9.655252 0.096259 
127 2.275083 0.000000 0.123379 98.081866 0.000000 0.260564 0.037988 
128 1.690687 0.000000 -0.057489 75.398987 0.000000 0.041625 0.431499 
129 1.690687 0.000000 -0.238357 94.431150 0.000000 0.065711 0.108275 
130 1.885486 0.000000 -0.057489 87.430621 0.000000 0.064568 0.235588 
131 1.690687 0.000000 0.123379 81.755280 0.000000 0.057965 0.331607 
132 2.275083 0.000000 0.485115 97.162525 0.000000 0.772813 0.055885 
133 2.664680 0.000000 0.485115 106.099479 0.000000 -22.940229 -0.178335 
134 2.275083 0.000000 0.846852 107.515902 0.000000 -4.429392 -0.157929 
135 2.080285 0.000000 -0.057489 96.909896 0.000000 0.185208 0.060844 
136 2.080285 0.000000 -0.238357 96.540071 0.000000 0.609563 0.067964 
137 2.275083 0.000000 -0.057489 98.353785 0.000000 0.178268 0.032650 
138 2.080285 0.000000 0.123379 96.929730 0.000000 0.262724 0.060456 
139 20.586151 0.000000 -5.664401 99.087481 0.000000 13.376826 0.000273 
140 20.586151 0.000000 -11.452181 99.035362 0.000000 13.699320 0.000433 
141 26.819706 0.000000 -5.664401 99.081462 0.000000 13.466259 0.000152 
142 20.586151 0.000000 0.123379 99.443679 0.000000 10.922672 -0.000835 
143 11.235819 0.000000 -2.770511 99.253077 0.000000 12.248429 -0.000120 
144 11.235819 0.000000 -5.664401 99.076853 0.000000 13.104204 0.001206 
145 14.352596 0.000000 -2.770511 99.207607 0.000000 12.499706 0.000161 
146 11.235819 0.000000 0.123379 100.668941 0.000000 2.354399 -0.013978 
147 6.560652 0.000000 -1.323566 100.714183 0.000000 8.840489 -0.022150 
148 6.560652 0.000000 -2.770511 99.487892 0.000000 11.354261 -0.002676 
149 8.119041 0.000000 -1.323566 99.871150 0.000000 10.160777 -0.007749 
150 6.560652 0.000000 0.123379 107.701106 0.000000 -20.472722 -0.201866 
151 4.223069 0.000000 -0.600093 100.513847 0.000000 -3.676220 -0.011655 
152 4.223069 0.000000 -1.323566 99.587750 0.000000 4.886775 0.005840 
153 5.002264 0.000000 -0.600093 101.821432 0.000000 -2.762058 -0.037523 
154 4.223069 0.000000 0.123379 102.082147 0.000000 -30.481330 -0.134988 
155 3.054278 0.000000 -0.238357 97.923073 0.000000 -10.733891 0.029586 
156 3.054278 0.000000 -0.600093 97.842626 0.000000 -5.133314 0.040047 
157 3.443875 0.000000 -0.238357 98.626193 0.000000 -11.256400 0.014617 
158 3.054278 0.000000 0.123379 100.400536 0.000000 -0.000000 -0.008027 
159 2.469882 0.000000 -0.057489 99.150206 0.000000 0.128641 0.016922 
160 2.469882 0.000000 -0.238357 97.795790 0.000000 0.887043 0.043520 
161 2.664680 0.000000 -0.057489 99.822280 0.000000 0.000000 0.003551 
162 2.469882 0.000000 0.123379 98.908719 0.000000 0.219176 0.021702 
163 20.586151 0.000000 5.911159 99.416416 0.000000 11.196357 -0.000898 
164 26.819706 0.000000 5.911159 99.588414 0.000000 9.943294 -0.001672 
165 20.586151 0.000000 11.698939 99.116063 0.000000 13.380578 -0.000303 
166 11.235819 0.000000 3.017269 99.840777 0.000000 8.190744 -0.003527 
167 14.352596 0.000000 3.017269 100.123789 0.000000 6.225561 -0.006353 
168 11.235819 0.000000 5.911159 99.336041 0.000000 12.126542 -0.001470 
169 6.560652 0.000000 1.570324 99.868530 0.000000 1.703883 0.002337 
170 8.119041 0.000000 1.570324 101.910785 0.000000 -6.821996 -0.043235 
171 6.560652 0.000000 3.017269 99.411471 0.000000 9.510863 0.002690 
172 4.223069 0.000000 0.846852 101.605735 0.000000 -11.002591 -0.044478 
173 5.002264 0.000000 0.846852 102.707831 0.000000 -17.395063 -0.085149 
174 4.223069 0.000000 1.570324 100.189260 0.000000 3.405449 -0.004948 
175 3.054278 0.000000 0.485115 104.201527 0.000000 -25.671778 -0.151700 
176 3.443875 0.000000 0.485115 103.373992 0.000000 -27.441239 -0.143920 
177 3.054278 0.000000 0.846852 102.698744 0.000000 -6.905695 -0.059472 
178 2.859479 0.000000 -0.057489 100.159893 0.000000 0.000000 -0.003200 
179 2.859479 0.000000 -0.238357 96.312496 0.000000 -10.267227 0.061849 
180 3.054278 0.000000 -0.057489 100.449327 0.000000 -0.000000 -0.009007 
181 2.859479 0.000000 0.123379 100.186717 0.000000 0.000000 -0.003738 
182 3.833472 0.000000 -0.238357 99.336010 0.000000 -14.004789 -0.006378 
183 3.833472 0.000000 -0.600093 99.917449 0.000000 -4.080250 -0.000014 
184 4.223069 0.000000 -0.238357 100.622060 0.000000 -14.087095 -0.032325 
185 3.833472 0.000000 0.123379 100.833397 0.000000 0.000000 -0.016737 
186 1.690687 0.000000 0.304247 94.476857 0.000000 0.077582 0.107412 
187 1.495889 0.000000 0.304247 94.118336 0.000000 -0.014851 0.114174 
188 1.885486 0.000000 0.304247 94.689353 0.000000 0.131650 0.103391 
189 1.690687 0.000000 0.485115 94.383106 0.000000 0.053237 0.109183 
190 1.788087 0.000000 0.032945 88.775215 0.000000 0.467860 0.211874 
191 1.690687 0.000000 0.032945 84.717818 0.000000 0.304515 0.282280 
192 1.788087 0.000000 -0.057489 79.529339 0.000000 0.056171 0.367508 
193 1.885486 0.000000 0.032945 86.905303 0.000000 0.063975 0.244746 
194 1.788087 0.000000 0.123379 86.342337 0.000000 0.088333 0.254499 
195 2.080285 0.000000 0.304247 96.297248 0.000000 0.549259 0.072654 
196 2.275083 0.000000 0.304247 96.969669 0.000000 0.725990 0.059636 
197 2.080285 0.000000 0.485115 96.523271 0.000000 0.605437 0.068289 
198 1.982885 0.000000 0.032945 92.726359 0.000000 0.114114 0.140181 
199 1.982885 0.000000 -0.057489 91.990852 0.000000 0.135917 0.153766 
200 2.080285 0.000000 0.032945 96.915392 0.000000 0.173870 0.060738 
201 1.982885 0.000000 0.123379 94.010101 0.000000 0.218879 0.116205 
202 1.788087 0.000000 0.213813 94.652258 0.000000 0.122543 0.104094 
203 1.690687 0.000000 0.213813 94.515537 0.000000 0.087649 0.106681 
204 1.885486 0.000000 0.213813 94.738591 0.000000 0.144302 0.102458 
205 1.788087 0.000000 0.304247 94.604980 0.000000 0.110315 0.104989 
206 1.836786 0.000000 0.078162 83.924489 0.000000 0.068666 0.295668 
207 1.788087 0.000000 0.078162 80.432905 0.000000 0.064866 0.353054 
208 1.836786 0.000000 0.032945 82.458504 0.000000 0.048597 0.320059 
209 1.885486 0.000000 0.078162 88.035710 0.000000 0.073350 0.224971 
210 1.836786 0.000000 0.123379 90.162624 0.000000 0.111340 0.187069 
211 1.593288 0.000000 0.032945 81.965273 0.000000 0.191051 0.328166 
212 1.495889 0.000000 0.032945 79.559949 0.000000 0.050414 0.367021 
213 1.593288 0.000000 -0.057489 70.902765 0.000000 0.019531 0.497280 
214 1.593288 0.000000 0.123379 80.910675 0.000000 0.031166 0.345346 
215 1.739387 0.000000 0.078162 85.776720 0.000000 0.269833 0.264228 
216 1.690687 0.000000 0.078162 85.687839 0.000000 0.297470 0.265751 
217 1.739387 0.000000 0.032945 87.706750 0.000000 0.400700 0.230737 
218 1.739387 0.000000 0.123379 82.090741 0.000000 0.069365 0.326111 
219 -4.348069 0.000000 -17.239961 98.965557 0.000000 13.889222 0.001291 
220 -10.581624 0.000000 -17.239961 98.986509 0.000000 13.915637 0.000803 
221 -4.348069 0.000000 -23.027741 98.990657 0.000000 13.896419 0.000774 
222 1.885486 0.000000 -17.239961 98.960198 0.000000 13.842830 0.001526 
223 -1.231292 0.000000 -8.558291 98.762992 0.000000 13.769760 0.005627 
224 -4.348069 0.000000 -8.558291 98.849317 0.000000 13.899350 0.003562 
225 -1.231292 0.000000 -11.452181 98.876271 0.000000 13.808276 0.003281 
226 1.885486 0.000000 -8.558291 98.757758 0.000000 13.564396 0.006291 
227 0.327097 0.000000 -4.217456 98.024031 0.000000 13.352063 0.021301 
228 -1.231292 0.000000 -4.217456 98.323332 0.000000 13.821378 0.014149 
229 0.327097 0.000000 -5.664401 98.431692 0.000000 13.497972 0.012901 
230 1.885486 0.000000 -4.217456 98.027695 0.000000 12.661138 0.023027 
231 1.106292 0.000000 -2.047038 95.345852 0.000000 11.985422 0.076552 
232 0.327097 0.000000 -2.047038 96.222765 0.000000 13.655439 0.055471 
233 1.106292 0.000000 -2.770511 96.780586 0.000000 12.453488 0.047843 
234 1.885486 0.000000 -2.047038 95.661302 0.000000 9.892450 0.075105 
235 1.495889 0.000000 -0.961830 89.083801 0.000000 6.891141 0.201659 
236 1.106292 0.000000 -0.961830 89.408008 0.000000 11.125029 0.188244 
237 1.495889 0.000000 -1.323566 92.188218 0.000000 8.778213 0.142428 
238 1.885486 0.000000 -0.961830 90.710783 0.000000 3.213947 0.176122 
239 1.690687 0.000000 -0.419225 94.338977 0.000000 0.041810 0.110016 
240 1.495889 0.000000 -0.419225 94.096905 0.000000 -0.020455 0.114577 
241 1.690687 0.000000 -0.600093 95.815593 0.000000 0.417734 0.081920 
242 1.885486 0.000000 -0.419225 95.932826 0.000000 0.448285 0.079669 
243 1.788087 0.000000 -0.147923 90.648908 0.000000 0.089764 0.178277 
244 1.690687 0.000000 -0.147923 86.601881 0.000000 0.063906 0.250011 
245 1.788087 0.000000 -0.238357 94.549515 0.000000 0.095982 0.106038 
246 1.885486 0.000000 -0.147923 90.621789 0.000000 0.106519 0.178768 
247 1.836786 0.000000 -0.012272 79.698646 0.000000 0.032389 0.364812 
248 1.788087 0.000000 -0.012272 78.962434 0.000000 0.046053 0.376493 
249 1.836786 0.000000 -0.057489 82.914752 0.000000 0.058365 0.312514 
250 1.885486 0.000000 -0.012272 86.489181 0.000000 0.059968 0.251962 
251 1.812437 0.000000 0.055554 92.931093 0.000000 0.660142 0.136338 
252 1.788087 0.000000 0.055554 91.934124 0.000000 0.613522 0.154774 
253 1.812437 0.000000 0.032945 89.213482 0.000000 0.498593 0.204071 
254 1.836786 0.000000 0.055554 93.752870 0.000000 0.660966 0.120996 
255 1.812437 0.000000 0.078162 83.765169 0.000000 0.066629 0.298339 
256 1.739387 0.000000 -0.012272 77.768824 0.000000 0.049345 0.395201 
257 1.690687 0.000000 -0.012272 73.346425 0.000000 0.039103 0.462030 
258 1.739387 0.000000 -0.057489 79.149958 0.000000 0.055493 0.373528 
259 1.763737 0.000000 0.055554 92.289362 0.000000 0.597214 0.148232 
260 1.739387 0.000000 0.055554 89.708645 0.000000 0.460052 0.195215 
261 1.763737 0.000000 0.032945 88.282549 0.000000 0.431059 0.220601 
262 1.763737 0.000000 0.078162 86.139963 0.000000 0.327998 0.257980 
263 -16.815179 0.000000 5.911159 99.052821 0.000000 13.945527 -0.000594 
264 -23.048734 0.000000 5.911159 99.038773 0.000000 13.934546 -0.000285 
265 -16.815179 0.000000 11.698939 99.059551 0.000000 13.931150 -0.000687 
266 -7.464847 0.000000 3.017269 99.145192 0.000000 14.033261 -0.002670 
267 -10.581624 0.000000 3.017269 99.079071 0.000000 13.991232 -0.001242 
268 -7.464847 0.000000 5.911159 99.170569 0.000000 13.968532 -0.002992 
269 -2.789680 0.000000 1.570324 99.479362 0.000000 14.401431 -0.010354 
270 -4.348069 0.000000 1.570324 99.245371 0.000000 14.218743 -0.005182 
271 -2.789680 0.000000 3.017269 99.617547 0.000000 14.145534 -0.012375 
272 -0.452097 0.000000 0.846852 100.249560 0.000000 16.595789 -0.032539 
273 -1.231292 0.000000 0.846852 99.693879 0.000000 15.334283 -0.017401 
274 -0.452097 0.000000 1.570324 101.191789 0.000000 15.152175 -0.046937 
275 0.716694 0.000000 0.485115 90.673458 0.000000 -0.903368 0.177751 
276 0.327097 0.000000 0.485115 104.614311 0.000000 19.829887 -0.133738 
277 0.716694 0.000000 0.846852 108.713420 0.000000 17.561275 -0.212701 
278 1.301090 0.000000 0.304247 93.733594 0.000000 -0.114157 0.121400 
279 1.106292 0.000000 0.304247 93.469633 0.000000 -0.181784 0.126339 
280 1.301090 0.000000 0.485115 93.812844 0.000000 -0.093625 0.119914 
281 1.398490 0.000000 0.032945 76.433830 0.000000 -0.068773 0.415786 
282 1.301090 0.000000 0.032945 73.306042 0.000000 -0.292081 0.462614 
283 1.398490 0.000000 -0.057489 64.106977 0.000000 -0.033952 0.589029 
284 1.398490 0.000000 0.123379 71.167879 0.000000 -0.045676 0.493513 
285 1.398490 0.000000 0.213813 93.904239 0.000000 -0.070205 0.118199 
286 1.301090 0.000000 0.213813 93.700195 0.000000 -0.122831 0.122026 
287 1.495889 0.000000 0.213813 94.123482 0.000000 -0.013502 0.114077 
288 1.398490 0.000000 0.304247 93.919307 0.000000 -0.066278 0.117916 
289 1.447189 0.000000 0.078162 78.347258 0.000000 -0.001955 0.386171 
290 1.398490 0.000000 0.078162 77.701853 0.000000 -0.065602 0.396242 
291 1.447189 0.000000 0.032945 76.970126 0.000000 -0.012997 0.407560 
292 1.495889 0.000000 0.078162 81.273078 0.000000 0.048969 0.339468 
293 1.447189 0.000000 0.123379 87.292645 0.000000 -0.016978 0.237999 
294 0.911493 0.000000 -0.057489 89.545874 0.000000 -0.179817 0.198150 
295 0.716694 0.000000 -0.057489 95.724667 0.000000 -0.198892 0.083675 
296 0.911493 0.000000 -0.238357 91.999933 0.000000 -0.564007 0.153569 
297 0.911493 0.000000 0.123379 88.870746 0.000000 -0.254901 0.210193 
298 1.203691 0.000000 0.032945 76.004093 0.000000 -0.546435 0.422308 
299 1.106292 0.000000 0.032945 71.207399 0.000000 -0.085243 0.492950 
300 1.203691 0.000000 -0.057489 60.665457 0.000000 -0.077310 0.631970 
301 1.203691 0.000000 0.123379 72.657284 0.000000 -0.105928 0.472091 
302 0.911493 0.000000 0.304247 91.972455 0.000000 -0.570928 0.154074 
303 0.716694 0.000000 0.304247 91.009377 0.000000 -0.817943 0.171662 
304 0.911493 0.000000 0.485115 91.725281 0.000000 -0.635125 0.158607 
305 1.203691 0.000000 0.213813 93.533261 0.000000 -0.165674 0.125150 
306 1.106292 0.000000 0.213813 93.417401 0.000000 -0.195224 0.127315 
307 1.203691 0.000000 0.304247 93.579757 0.000000 -0.153656 0.124281 
308 1.252391 0.000000 0.078162 70.137766 0.000000 -0.282111 0.508061 
309 1.203691 0.000000 0.078162 72.789842 0.000000 -0.340166 0.470152 
310 1.252391 0.000000 0.032945 65.076975 0.000000 -0.292062 0.576490 
311 1.301090 0.000000 0.078162 71.005510 0.000000 -0.202447 0.495818 
312 1.252391 0.000000 0.123379 77.063298 0.000000 -0.120741 0.406123 
313 1.008892 0.000000 0.032945 84.798209 0.000000 -0.105228 0.280925 
314 0.911493 0.000000 0.032945 89.756315 0.000000 -0.168233 0.194378 
315 1.008892 0.000000 -0.057489 85.215151 0.000000 -0.129094 0.273836 
316 1.008892 0.000000 0.123379 88.690428 0.000000 -0.152165 0.213398 
317 1.154991 0.000000 0.078162 70.496757 0.000000 -0.103793 0.503020 
318 1.106292 0.000000 0.078162 72.536981 0.000000 -0.099108 0.473838 
319 1.154991 0.000000 0.032945 68.038208 0.000000 -0.085631 0.537079 
320 1.154991 0.000000 0.123379 73.459981 0.000000 -0.114343 0.460362 
321 1.301090 0.000000 -0.419225 93.842876 0.000000 -0.085860 0.119351 
322 1.106292 0.000000 -0.419225 92.669363 0.000000 -0.378139 0.141225 
323 1.301090 0.000000 -0.600093 92.586738 0.000000 -0.409990 0.142753 
324 1.203691 0.000000 -0.147923 78.691254 0.000000 -0.126535 0.380767 
325 1.106292 0.000000 -0.147923 89.480261 0.000000 -0.147892 0.199326 
326 1.203691 0.000000 -0.238357 93.627298 0.000000 -0.141369 0.123391 
327 1.301090 0.000000 -0.147923 79.352503 0.000000 -0.094909 0.370317 
328 1.154991 0.000000 -0.012272 63.377210 0.000000 -0.075856 0.598332 
329 1.106292 0.000000 -0.012272 70.897346 0.000000 -0.079225 0.497356 
330 1.154991 0.000000 -0.057489 68.787895 0.000000 -0.093335 0.526822 
331 1.203691 0.000000 -0.012272 55.978460 0.000000 -0.069964 0.686641 
332 1.179341 0.000000 0.055554 82.162014 0.000000 -0.813506 0.324874 
333 1.154991 0.000000 0.055554 85.397819 0.000000 -1.044362 0.270612 
334 1.179341 0.000000 0.032945 73.723650 0.000000 -0.492727 0.456458 
335 1.203691 0.000000 0.055554 80.114689 0.000000 -0.631118 0.358124 
336 1.179341 0.000000 0.078162 69.357472 0.000000 -0.100018 0.518953 
337 1.008892 0.000000 0.213813 92.902292 0.000000 -0.313648 0.136907 
338 0.911493 0.000000 0.213813 92.207146 0.000000 -0.507136 0.149758 
339 1.008892 0.000000 0.304247 92.713508 0.000000 -0.361255 0.140407 
340 1.057592 0.000000 0.078162 80.224178 0.000000 -0.099403 0.356407 
341 1.008892 0.000000 0.078162 86.071673 0.000000 -0.122467 0.259165 
342 1.057592 0.000000 0.032945 79.207107 0.000000 -0.069680 0.372623 
343 1.057592 0.000000 0.123379 88.714682 0.000000 -0.164279 0.212968 
344 1.130641 0.000000 0.055554 70.550224 0.000000 -0.091909 0.502266 
345 1.106292 0.000000 0.055554 71.762486 0.000000 -0.092278 0.485014 
346 1.130641 0.000000 0.032945 69.728787 0.000000 -0.086836 0.513789 
347 1.130641 0.000000 0.078162 71.600679 0.000000 -0.106749 0.487333 
348 1.252391 0.000000 -0.012272 35.178357 0.000000 -0.033412 0.876248 
349 1.252391 0.000000 -0.057489 54.216251 0.000000 -0.065668 0.706059 
350 1.301090 0.000000 -0.012272 53.038445 0.000000 -0.053679 0.718692 
351 1.179341 0.000000 0.010337 60.163729 0.000000 -0.078412 0.638032 
352 1.154991 0.000000 0.010337 63.418412 0.000000 -0.076639 0.597810 
353 1.179341 0.000000 -0.012272 60.129028 0.000000 -0.077632 0.638449 
354 1.203691 0.000000 0.010337 55.954923 0.000000 -0.070581 0.686904 
355 1.167166 0.000000 0.044249 83.261525 0.000000 -0.907322 0.306670 
356 1.154991 0.000000 0.044249 85.113330 0.000000 -1.034399 0.275465 
357 1.167166 0.000000 0.032945 74.932872 0.000000 -0.601115 0.438470 
358 1.179341 0.000000 0.044249 81.732762 0.000000 -0.805840 0.331911 
359 1.167166 0.000000 0.055554 83.651768 0.000000 -0.918277 0.300154 
360 3.833472 0.000000 0.485115 102.764170 0.000000 -24.432432 -0.115742 
361 4.223069 0.000000 0.485115 102.751099 0.000000 -22.446199 -0.106162 
362 3.833472 0.000000 0.846852 101.395310 0.000000 -9.502371 -0.037130 
363 3.638673 0.000000 -0.057489 100.957579 0.000000 -0.000000 -0.019243 
364 3.443875 0.000000 -0.057489 101.001121 0.000000 -0.000000 -0.020123 
365 3.638673 0.000000 -0.238357 98.403332 0.000000 -12.735924 0.015458 
366 3.833472 0.000000 -0.057489 100.831920 0.000000 0.000000 -0.016708 
367 3.638673 0.000000 0.123379 100.962123 0.000000 -0.000000 -0.019335 
368 3.249076 0.000000 -0.057489 100.799442 0.000000 -0.000000 -0.016053 
369 3.249076 0.000000 -0.238357 98.910245 0.000000 -10.823083 0.009962 
370 3.249076 0.000000 0.123379 100.841871 0.000000 -0.000000 -0.016908 
371 3.638673 0.000000 0.304247 103.202933 0.000000 -21.284462 -0.110387 
372 3.443875 0.000000 0.304247 103.139196 0.000000 -21.353494 -0.109367 
373 3.833472 0.000000 0.304247 102.691927 0.000000 -21.243898 -0.099694 
374 3.638673 0.000000 0.485115 103.113759 0.000000 -26.173338 -0.131749 
375 3.541274 0.000000 0.032945 101.001121 0.000000 -0.000000 -0.020123 
376 3.443875 0.000000 0.032945 101.020443 0.000000 -0.000000 -0.020513 
377 3.541274 0.000000 -0.057489 101.005721 0.000000 -0.000000 -0.020216 
378 3.638673 0.000000 0.032945 100.940643 0.000000 -0.000000 -0.018901 
379 3.541274 0.000000 0.123379 101.071125 0.000000 -0.000000 -0.021537 
380 8.119041 0.000000 -17.239961 98.981365 0.000000 13.806840 0.001206 
381 8.119041 0.000000 -23.027741 98.996948 0.000000 13.859409 0.000752 
382 14.352596 0.000000 -17.239961 99.005799 0.000000 13.798458 0.000745 
383 5.002264 0.000000 -8.558291 98.855404 0.000000 13.425063 0.004738 
384 5.002264 0.000000 -11.452181 98.913517 0.000000 13.652774 0.002972 
385 8.119041 0.000000 -8.558291 98.955397 0.000000 13.420175 0.002773 
386 3.443875 0.000000 -4.217456 98.428730 0.000000 12.192873 0.016312 
387 3.443875 0.000000 -5.664401 98.614420 0.000000 12.957265 0.010731 
388 5.002264 0.000000 -4.217456 98.861678 0.000000 12.168611 0.007829 
389 4.223069 0.000000 -2.047038 99.020069 0.000000 8.484203 0.012304 
390 3.443875 0.000000 -2.047038 98.135382 0.000000 8.201760 0.030218 
391 4.223069 0.000000 -2.770511 98.745948 0.000000 10.340755 0.014231 
392 5.002264 0.000000 -2.047038 99.604847 0.000000 9.006130 -0.000224 
393 3.833472 0.000000 -0.961830 99.495222 0.000000 1.226795 0.009920 
394 3.443875 0.000000 -0.961830 98.774514 0.000000 0.639749 0.024319 
395 3.833472 0.000000 -1.323566 99.069554 0.000000 4.505386 0.016493 
396 4.223069 0.000000 -0.961830 100.045755 0.000000 1.688505 -0.001200 
397 3.638673 0.000000 -0.419225 99.562373 0.000000 -7.798821 0.002651 
398 3.443875 0.000000 -0.419225 99.372782 0.000000 -7.699761 0.006576 
399 3.638673 0.000000 -0.600093 99.681701 0.000000 -4.237319 0.004560 
400 3.833472 0.000000 -0.419225 99.910666 0.000000 -8.037337 -0.004674 
401 3.541274 0.000000 -0.147923 101.071138 0.000000 -0.000000 -0.021538 
402 3.443875 0.000000 -0.147923 101.028128 0.000000 0.000000 -0.020668 
403 3.541274 0.000000 -0.238357 98.334068 0.000000 -11.961528 0.018733 
404 3.638673 0.000000 -0.147923 101.075977 0.000000 -0.000000 -0.021635 
405 5.781458 0.000000 -0.600093 103.356772 0.000000 0.115691 -0.068264 
406 5.781458 0.000000 -1.323566 100.934693 0.000000 7.379050 -0.024226 
407 6.560652 0.000000 -0.600093 102.349943 0.000000 3.851125 -0.049034 
408 5.781458 0.000000 0.123379 109.589633 0.000000 -20.814444 -0.244313 
409 4.612666 0.000000 -0.238357 101.387581 0.000000 -13.695672 -0.046701 
410 4.612666 0.000000 -0.600093 101.065155 0.000000 -3.334238 -0.022528 
411 5.002264 0.000000 -0.238357 102.527689 0.000000 -13.038443 -0.068193 
412 4.612666 0.000000 0.123379 102.592823 0.000000 -27.557001 -0.128468 
413 4.028271 0.000000 -0.057489 100.625065 0.000000 -27.115740 -0.086067 
414 4.028271 0.000000 -0.238357 100.248004 0.000000 -14.122008 -0.024909 
415 4.223069 0.000000 -0.057489 100.975388 0.000000 -26.139959 -0.087933 
416 4.028271 0.000000 0.123379 101.792191 0.000000 -31.365160 -0.134542 
417 3.736073 0.000000 0.032945 100.852186 0.000000 -0.000000 -0.017116 
418 3.736073 0.000000 -0.057489 100.827419 0.000000 0.000000 -0.016617 
419 3.833472 0.000000 0.032945 100.830959 0.000000 0.000000 -0.016688 
420 3.736073 0.000000 0.123379 100.833328 0.000000 0.000000 -0.016736 
421 3.589974 0.000000 -0.012272 100.991317 0.000000 -0.000000 -0.019925 
422 3.541274 0.000000 -0.012272 101.017307 0.000000 -0.000000 -0.020450 
423 3.589974 0.000000 -0.057489 100.991253 0.000000 -0.000000 -0.019923 
424 3.638673 0.000000 -0.012272 100.904728 0.000000 -0.000000 -0.018176 
425 3.589974 0.000000 0.032945 100.996611 0.000000 -0.000000 -0.020032 
426 3.249076 0.000000 0.304247 103.115411 0.000000 -22.078391 -0.112024 
427 3.054278 0.000000 0.304247 103.797389 0.000000 -23.104299 -0.130771 
428 3.249076 0.000000 0.485115 103.680888 0.000000 -27.232842 -0.149135 
429 3.346475 0.000000 0.032945 100.919053 0.000000 0.000000 -0.018466 
430 3.249076 0.000000 0.032945 100.796908 0.000000 -0.000000 -0.016002 
431 3.346475 0.000000 -0.057489 100.919899 0.000000 0.000000 -0.018483 
432 3.346475 0.000000 0.123379 100.900625 0.000000 -0.000000 -0.018094 
433 3.492574 0.000000 -0.012272 101.043470 0.000000 -0.000000 -0.020978 
434 3.443875 0.000000 -0.012272 101.030400 0.000000 0.000000 -0.020714 
435 3.492574 0.000000 -0.057489 101.032406 0.000000 -0.000000 -0.020755 
436 3.492574 0.000000 0.032945 101.013450 0.000000 -0.000000 -0.020372 
437 3.541274 0.000000 0.213813 103.917106 0.000000 -20.976031 -0.123876 
438 3.443875 0.000000 0.213813 103.486154 0.000000 -20.361840 -0.112399 
439 3.638673 0.000000 0.213813 103.857475 0.000000 -21.667816 -0.125587 
440 3.541274 0.000000 0.304247 103.254611 0.000000 -21.286493 -0.111463 
441 3.589974 0.000000 0.078162 100.993035 0.000000 -0.000000 -0.019959 
442 3.541274 0.000000 0.078162 101.006764 0.000000 -0.000000 -0.020237 
443 3.638673 0.000000 0.078162 100.939646 0.000000 -0.000000 -0.018881 
444 3.589974 0.000000 0.123379 100.992793 0.000000 -0.000000 -0.019954 
445 3.565624 0.000000 0.010337 100.996478 0.000000 -0.000000 -0.020029 
446 3.541274 0.000000 0.010337 101.018910 0.000000 -0.000000 -0.020482 
447 3.565624 0.000000 -0.012272 100.996522 0.000000 -0.000000 -0.020030 
448 3.589974 0.000000 0.010337 100.991005 0.000000 -0.000000 -0.019918 
449 3.565624 0.000000 0.032945 100.997524 0.000000 -0.000000 -0.020050 
450 3.492574 0.000000 0.078162 101.031322 0.000000 -0.000000 -0.020733 
451 3.443875 0.000000 0.078162 101.000183 0.000000 -0.000000 -0.020104 
452 3.492574 0.000000 0.123379 101.042913 0.000000 -0.000000 -0.020967 
453 3.516924 0.000000 0.010337 101.033522 0.000000 0.000000 -0.020777 
454 3.492574 0.000000 0.010337 101.044430 0.000000 -0.000000 -0.020998 
455 3.516924 0.000000 -0.012272 101.032163 0.000000 0.000000 -0.020750 
456 3.516924 0.000000 0.032945 101.005150 0.000000 -0.000000 -0.020204 
457 3.736073 0.000000 -0.147923 100.854663 0.000000 0.000000 -0.017166 
458 3.736073 0.000000 -0.238357 98.774073 0.000000 -13.482605 0.006190 
459 3.833472 0.000000 -0.147923 100.854678 0.000000 0.000000 -0.017167 
460 3.589974 0.000000 -0.102706 100.989235 0.000000 -0.000000 -0.019883 
461 3.541274 0.000000 -0.102706 101.027607 0.000000 -0.000000 -0.020658 
462 3.589974 0.000000 -0.147923 101.070728 0.000000 -0.000000 -0.021529 
463 3.638673 0.000000 -0.102706 100.965281 0.000000 -0.000000 -0.019399 
464 3.565624 0.000000 -0.034880 100.997664 0.000000 -0.000000 -0.020053 
465 3.541274 0.000000 -0.034880 101.001127 0.000000 -0.000000 -0.020123 
466 3.565624 0.000000 -0.057489 100.999628 0.000000 -0.000000 -0.020092 
467 3.589974 0.000000 -0.034880 100.997201 0.000000 -0.000000 -0.020043 
468 3.553449 0.000000 -0.000968 101.111902 0.000000 -0.000000 -0.022362 
469 3.541274 0.000000 -0.000968 101.033603 0.000000 0.000000 -0.020779 
470 3.553449 0.000000 -0.012272 101.001570 0.000000 -0.000000 -0.020132 
471 3.565624 0.000000 -0.000968 100.996373 0.000000 -0.000000 -0.020027 
472 3.553449 0.000000 0.010337 101.001545 0.000000 -0.000000 -0.020131 
473 2.664680 0.000000 -2.047038 96.902518 0.000000 8.558939 0.053665 
474 2.664680 0.000000 -2.770511 97.495601 0.000000 10.634557 0.038151 
475 3.054278 0.000000 -0.961830 97.491645 0.000000 0.189594 0.049534 
476 2.664680 0.000000 -0.961830 95.625433 0.000000 0.117011 0.085576 
477 3.054278 0.000000 -1.323566 97.334377 0.000000 3.908136 0.051075 
478 3.249076 0.000000 -0.419225 98.975073 0.000000 -7.843458 0.014242 
479 3.054278 0.000000 -0.419225 97.945882 0.000000 -8.003401 0.034255 
480 3.249076 0.000000 -0.600093 98.662784 0.000000 -4.825157 0.024237 
481 3.346475 0.000000 -0.147923 100.883846 0.000000 -0.000000 -0.017755 
482 3.249076 0.000000 -0.147923 100.837464 0.000000 -0.000000 -0.016819 
483 3.346475 0.000000 -0.238357 98.936814 0.000000 -10.923078 0.009219 
484 3.395175 0.000000 -0.012272 100.979522 0.000000 0.000000 -0.019686 
485 3.346475 0.000000 -0.012272 100.882902 0.000000 -0.000000 -0.017736 
486 3.395175 0.000000 -0.057489 100.959154 0.000000 -0.000000 -0.019275 
487 3.395175 0.000000 0.032945 100.985326 0.000000 -0.000000 -0.019804 
488 3.468225 0.000000 0.010337 101.050289 0.000000 -0.000000 -0.021116 
489 3.443875 0.000000 0.010337 101.033732 0.000000 0.000000 -0.020782 
490 3.468225 0.000000 -0.012272 101.049027 0.000000 -0.000000 -0.021091 
491 3.468225 0.000000 0.032945 101.018305 0.000000 -0.000000 -0.020470 
492 3.151677 0.000000 0.032945 100.686777 0.000000 -0.000000 -0.013783 
493 3.054278 0.000000 0.032945 100.446546 0.000000 -0.000000 -0.008951 
494 3.151677 0.000000 -0.057489 100.687315 0.000000 -0.000000 -0.013794 
495 3.151677 0.000000 0.123379 100.705717 0.000000 -0.000000 -0.014164 
496 3.297776 0.000000 -0.012272 100.853070 0.000000 -0.000000 -0.017134 
497 3.249076 0.000000 -0.012272 100.809793 0.000000 -0.000000 -0.016261 
498 3.297776 0.000000 -0.057489 100.856809 0.000000 -0.000000 -0.017210 
499 3.297776 0.000000 0.032945 100.854938 0.000000 -0.000000 -0.017172 
500 3.346475 0.000000 0.213813 102.989452 0.000000 -20.234930 -0.101628 
501 3.249076 0.000000 0.213813 102.866568 0.000000 -20.402847 -0.099781 
502 3.346475 0.000000 0.304247 103.034679 0.000000 -21.641984 -0.108452 
503 3.395175 0.000000 0.078162 100.959036 0.000000 -0.000000 -0.019273 
504 3.346475 0.000000 0.078162 100.911803 0.000000 -0.000000 -0.018319 
505 3.395175 0.000000 0.123379 100.952244 0.000000 0.000000 -0.019136 
506 3.370825 0.000000 0.010337 100.908458 0.000000 0.000000 -0.018252 
507 3.346475 0.000000 0.010337 100.882611 0.000000 -0.000000 -0.017730 
508 3.370825 0.000000 -0.012272 100.911141 0.000000 0.000000 -0.018306 
509 3.395175 0.000000 0.010337 100.981422 0.000000 0.000000 -0.019725 
510 3.370825 0.000000 0.032945 100.924876 0.000000 0.000000 -0.018583 
511 3.151677 0.000000 -0.147923 100.825360 0.000000 -0.000000 -0.016575 
512 3.054278 0.000000 -0.147923 100.331654 0.000000 0.000000 -0.006644 
513 3.151677 0.000000 -0.238357 98.526440 0.000000 -10.789486 0.017613 
514 3.200377 0.000000 -0.012272 100.742284 0.000000 -0.000000 -0.014901 
515 3.151677 0.000000 -0.012272 100.668542 0.000000 -0.000000 -0.013416 
516 3.200377 0.000000 -0.057489 100.751524 0.000000 -0.000000 -0.015087 
517 3.200377 0.000000 0.032945 100.746288 0.000000 -0.000000 -0.014981 
518 3.297776 0.000000 0.078162 100.845865 0.000000 -0.000000 -0.016989 
519 3.249076 0.000000 0.078162 100.801643 0.000000 -0.000000 -0.016097 
520 3.297776 0.000000 0.123379 100.877676 0.000000 -0.000000 -0.017631 
521 3.273426 0.000000 0.010337 100.832344 0.000000 -0.000000 -0.016716 
522 3.249076 0.000000 0.010337 100.810930 0.000000 -0.000000 -0.016284 
523 3.273426 0.000000 -0.012272 100.831068 0.000000 -0.000000 -0.016690 
524 3.297776 0.000000 0.010337 100.852966 0.000000 -0.000000 -0.017132 
525 3.273426 0.000000 0.032945 100.818459 0.000000 -0.000000 -0.016436 
526 2.859479 0.000000 0.304247 104.887712 0.000000 -23.704348 -0.156333 
527 2.664680 0.000000 0.304247 106.143654 0.000000 -24.296799 -0.185681 
528 2.859479 0.000000 0.485115 104.925314 0.000000 -24.217798 -0.159582 
529 3.151677 0.000000 0.213813 103.100893 0.000000 -20.664120 -0.105680 
530 3.054278 0.000000 0.213813 103.509348 0.000000 -20.932119 -0.115234 
531 3.151677 0.000000 0.304247 103.407295 0.000000 -22.584467 -0.120313 
532 3.200377 0.000000 0.078162 100.779600 0.000000 -0.000000 -0.015653 
533 3.151677 0.000000 0.078162 100.691657 0.000000 -0.000000 -0.013881 
534 3.200377 0.000000 0.123379 100.836870 0.000000 -0.000000 -0.016807 
535 3.224726 0.000000 0.010337 100.785605 0.000000 -0.000000 -0.015774 
536 3.200377 0.000000 0.010337 100.742043 0.000000 -0.000000 -0.014896 
537 3.224726 0.000000 -0.012272 100.785735 0.000000 -0.000000 -0.015776 
538 3.224726 0.000000 0.032945 100.788192 0.000000 -0.000000 -0.015826 
539 3.200377 0.000000 -0.102706 100.777144 0.000000 -0.000000 -0.015603 
540 3.151677 0.000000 -0.102706 100.684905 0.000000 -0.000000 -0.013745 
541 3.200377 0.000000 -0.147923 100.832756 0.000000 -0.000000 -0.016724 
542 3.249076 0.000000 -0.102706 100.824418 0.000000 -0.000000 -0.016556 
543 3.224726 0.000000 -0.034880 100.788495 0.000000 -0.000000 -0.015832 
544 3.200377 0.000000 -0.034880 100.746723 0.000000 -0.000000 -0.014990 
545 3.224726 0.000000 -0.057489 100.792386 0.000000 -0.000000 -0.015911 
546 3.249076 0.000000 -0.034880 100.797087 0.000000 -0.000000 -0.016005 
547 3.236901 0.000000 -0.000968 100.819777 0.000000 -0.000000 -0.016463 
548 3.224726 0.000000 -0.000968 100.820588 0.000000 -0.000000 -0.016479 
549 3.236901 0.000000 -0.012272 100.805719 0.000000 -0.000000 -0.016179 
550 3.249076 0.000000 -0.000968 100.822344 0.000000 -0.000000 -0.016515 
551 3.236901 0.000000 0.010337 100.807062 0.000000 -0.000000 -0.016206 
552 2.469882 0.000000 0.304247 97.516210 0.000000 0.855606 0.048986 
553 2.469882 0.000000 0.485115 98.098452 0.000000 0.907148 0.037587 
554 2.567281 0.000000 0.032945 99.535455 0.000000 0.057686 0.009269 
555 2.469882 0.000000 0.032945 99.101533 0.000000 0.129696 0.017887 
556 2.567281 0.000000 -0.057489 99.511881 0.000000 0.067600 0.009738 
557 2.664680 0.000000 0.032945 99.818809 0.000000 0.000000 0.003621 
558 2.567281 0.000000 0.123379 99.317205 0.000000 0.175201 0.013606 
559 5.781458 0.000000 0.846852 104.005888 0.000000 -21.719843 -0.128898 
560 6.560652 0.000000 0.846852 107.593660 0.000000 -46.332154 -0.372306 
561 5.781458 0.000000 1.570324 98.968014 0.000000 3.072623 0.019589 
562 -16.815179 0.000000 -17.239961 99.003485 0.000000 13.923905 0.000443 
563 -23.048734 0.000000 -17.239961 99.013412 0.000000 13.924969 0.000244 
564 -16.815179 0.000000 -23.027741 99.007373 0.000000 13.918337 0.000382 
565 20.586151 0.000000 -17.239961 99.020407 0.000000 13.803863 0.000441 
566 20.586151 0.000000 -23.027741 99.016777 0.000000 13.850358 0.000385 
567 26.819706 0.000000 -17.239961 99.027753 0.000000 13.812410 0.000272 
568 -7.464847 0.000000 -8.558291 98.927456 0.000000 13.936794 0.001912 
569 -10.581624 0.000000 -8.558291 98.969380 0.000000 13.949177 0.001048 
570 -7.464847 0.000000 -11.452181 98.944433 0.000000 13.920182 0.001623 
571 11.235819 0.000000 -8.558291 99.017732 0.000000 13.459103 0.001434 
572 11.235819 0.000000 -11.452181 98.991120 0.000000 13.649168 0.001446 
573 14.352596 0.000000 -8.558291 99.036546 0.000000 13.519443 0.000899 
574 -2.789680 0.000000 -4.217456 98.602234 0.000000 13.998807 0.008163 
575 -4.348069 0.000000 -4.217456 98.778204 0.000000 14.019902 0.004631 
576 -2.789680 0.000000 -5.664401 98.676873 0.000000 13.886876 0.007003 
577 6.560652 0.000000 -4.217456 99.097501 0.000000 12.378920 0.002645 
578 6.560652 0.000000 -5.664401 98.965957 0.000000 12.931566 0.003851 
579 8.119041 0.000000 -4.217456 99.161584 0.000000 12.598011 0.000827 
580 -0.452097 0.000000 -2.047038 97.234678 0.000000 14.374706 0.033879 
581 -1.231292 0.000000 -2.047038 97.992165 0.000000 14.466932 0.018824 
582 -0.452097 0.000000 -2.770511 97.596083 0.000000 13.927646 0.028103 
583 0.716694 0.000000 -0.961830 91.434787 0.000000 14.402366 0.143225 
584 0.327097 0.000000 -0.961830 94.026877 0.000000 16.134499 0.089862 
585 0.716694 0.000000 -1.323566 93.390066 0.000000 13.506130 0.109588 
586 2.275083 0.000000 -0.961830 93.236441 0.000000 0.978403 0.130601 
587 2.275083 0.000000 -1.323566 94.487262 0.000000 4.850006 0.104863 
588 0.911493 0.000000 -0.419225 91.425127 0.000000 -0.716228 0.164093 
589 0.716694 0.000000 -0.419225 90.680344 0.000000 -0.901778 0.177626 
590 0.911493 0.000000 -0.600093 90.383079 0.000000 -0.985085 0.182993 
591 1.398490 0.000000 -0.147923 85.693926 0.000000 -0.055385 0.265655 
592 1.398490 0.000000 -0.238357 93.932382 0.000000 -0.062874 0.117670 
593 1.495889 0.000000 -0.147923 85.991731 0.000000 -0.012714 0.260542 
594 2.080285 0.000000 -0.419225 96.740348 0.000000 0.662983 0.064087 
595 2.080285 0.000000 -0.600093 97.311772 0.000000 0.813714 0.052976 
596 2.275083 0.000000 -0.419225 97.322979 0.000000 0.815283 0.052757 
597 2.469882 0.000000 -0.419225 93.145364 0.000000 -7.343445 0.127002 
598 2.469882 0.000000 -0.600093 93.645061 0.000000 -4.871442 0.120687 
599 2.664680 0.000000 -0.419225 95.040108 0.000000 -7.821949 0.090619 
600 1.593288 0.000000 -0.147923 86.492075 0.000000 0.028450 0.251912 
601 1.593288 0.000000 -0.238357 94.280790 0.000000 0.027038 0.111113 
602 1.982885 0.000000 -0.147923 96.003306 0.000000 0.309440 0.078327 
603 1.982885 0.000000 -0.238357 96.021482 0.000000 0.471068 0.077965 
604 2.080285 0.000000 -0.147923 96.376460 0.000000 0.397145 0.071142 
605 5.781458 0.000000 -2.047038 99.910698 0.000000 9.751211 -0.007723 
606 5.781458 0.000000 -2.770511 99.408246 0.000000 10.976368 -0.000248 
607 6.560652 0.000000 -2.047038 99.918470 0.000000 10.457196 -0.009305 
608 4.612666 0.000000 -0.961830 100.558349 0.000000 2.227693 -0.011694 
609 4.612666 0.000000 -1.323566 100.043794 0.000000 5.370912 -0.003761 
610 5.002264 0.000000 -0.961830 101.083960 0.000000 2.899051 -0.022637 
611 2.859479 0.000000 -0.419225 96.611716 0.000000 -8.031187 0.060168 
612 2.859479 0.000000 -0.600093 96.678284 0.000000 -5.323900 0.062497 
613 4.612666 0.000000 0.485115 103.485448 0.000000 -23.983192 -0.128443 
614 5.002264 0.000000 0.485115 104.637587 0.000000 -26.286272 -0.163999 
615 4.612666 0.000000 0.846852 101.905972 0.000000 -13.069110 -0.055563 
616 4.028271 0.000000 -0.419225 100.338284 0.000000 -8.037461 -0.013237 
617 4.028271 0.000000 -0.600093 100.215808 0.000000 -3.934781 -0.005869 
618 4.223069 0.000000 -0.419225 100.613474 0.000000 -8.014070 -0.018730 
619 1.593288 0.000000 0.213813 94.334259 0.000000 0.040989 0.110105 
620 1.593288 0.000000 0.304247 94.310283 0.000000 0.034723 0.110557 
621 1.982885 0.000000 0.213813 95.576086 0.000000 0.350383 0.086509 
622 2.080285 0.000000 0.213813 96.313666 0.000000 0.553270 0.072337 
623 1.982885 0.000000 0.304247 95.813604 0.000000 0.410052 0.081959 
624 1.349790 0.000000 0.078162 78.159992 0.000000 -0.175075 0.389099 
625 1.349790 0.000000 0.032945 75.456440 0.000000 -0.167663 0.430630 
626 1.349790 0.000000 0.123379 69.946882 0.000000 -0.063092 0.510743 
627 1.008892 0.000000 -0.147923 88.200865 0.000000 -0.279749 0.222053 
628 0.911493 0.000000 -0.147923 92.932201 0.000000 -0.414119 0.136343 
629 1.008892 0.000000 -0.238357 92.529072 0.000000 -0.414970 0.143820 
630 1.057592 0.000000 -0.012272 76.808232 0.000000 -0.042423 0.410049 
631 1.008892 0.000000 -0.012272 84.070940 0.000000 -0.114865 0.293206 
632 1.057592 0.000000 -0.057489 79.306814 0.000000 -0.085937 0.371042 
633 1.130641 0.000000 0.010337 69.257279 0.000000 -0.083417 0.520342 
634 1.106292 0.000000 0.010337 70.933391 0.000000 -0.079863 0.496845 
635 1.130641 0.000000 -0.012272 69.222415 0.000000 -0.082617 0.520825 
636 4.028271 0.000000 0.304247 102.317339 0.000000 -20.626933 -0.089431 
637 4.223069 0.000000 0.304247 102.538201 0.000000 -20.060613 -0.091651 
638 4.028271 0.000000 0.485115 102.702841 0.000000 -23.188798 -0.108559 
639 3.736073 0.000000 0.213813 103.460346 0.000000 -22.327031 -0.120254 
640 3.833472 0.000000 0.213813 102.847774 0.000000 -22.728725 -0.109426 
641 3.736073 0.000000 0.304247 102.987371 0.000000 -21.318902 -0.106089 
642 3.492574 0.000000 -0.102706 101.043524 0.000000 -0.000000 -0.020979 
643 3.443875 0.000000 -0.102706 101.010039 0.000000 -0.000000 -0.020303 
644 3.492574 0.000000 -0.147923 101.060029 0.000000 -0.000000 -0.021313 
645 3.516924 0.000000 -0.034880 101.005114 0.000000 -0.000000 -0.020203 
646 3.492574 0.000000 -0.034880 101.013370 0.000000 -0.000000 -0.020370 
647 3.516924 0.000000 -0.057489 101.004521 0.000000 -0.000000 -0.020191 
648 3.395175 0.000000 -0.102706 100.950389 0.000000 0.000000 -0.019098 
649 3.346475 0.000000 -0.102706 100.912552 0.000000 -0.000000 -0.018334 
650 3.395175 0.000000 -0.147923 100.967934 0.000000 0.000000 -0.019452 
651 3.297776 0.000000 -0.102706 100.876829 0.000000 -0.000000 -0.017613 
652 3.297776 0.000000 -0.147923 100.858174 0.000000 -0.000000 -0.017237 
653 3.419525 0.000000 0.010337 101.021700 0.000000 0.000000 -0.020538 
654 3.419525 0.000000 -0.012272 101.020158 0.000000 0.000000 -0.020507 
655 3.419525 0.000000 0.032945 100.992828 0.000000 -0.000000 -0.019955 
656 3.273426 0.000000 -0.034880 100.818596 0.000000 -0.000000 -0.016439 
657 3.273426 0.000000 -0.057489 100.838483 0.000000 -0.000000 -0.016840 
658 3.297776 0.000000 -0.034880 100.855062 0.000000 -0.000000 -0.017174 
659 3.322126 0.000000 0.010337 100.868084 0.000000 -0.000000 -0.017437 
660 3.322126 0.000000 -0.012272 100.868147 0.000000 -0.000000 -0.017438 
661 3.322126 0.000000 0.032945 100.873645 0.000000 -0.000000 -0.017549 
662 1.349790 0.000000 -0.012272 63.163470 0.000000 -0.064628 0.601037 
663 1.349790 0.000000 -0.057489 64.124196 0.000000 -0.052080 0.588808 
664 1.398490 0.000000 -0.012272 66.959853 0.000000 -0.055361 0.551637 
665 1.447189 0.000000 -0.012272 61.503177 0.000000 -0.005368 0.621736 
666 1.447189 0.000000 -0.057489 67.202108 0.000000 -0.019502 0.548388 
667 1.495889 0.000000 -0.012272 75.348993 0.000000 0.030077 0.432253 
668 3.468225 0.000000 -0.034880 101.018233 0.000000 -0.000000 -0.020468 
669 3.443875 0.000000 -0.034880 101.001984 0.000000 -0.000000 -0.020140 
670 3.468225 0.000000 -0.057489 101.017198 0.000000 -0.000000 -0.020447 
671 3.419525 0.000000 -0.034880 100.991929 0.000000 -0.000000 -0.019937 
672 3.395175 0.000000 -0.034880 100.984366 0.000000 -0.000000 -0.019784 
673 3.419525 0.000000 -0.057489 100.975356 0.000000 0.000000 -0.019602 
674 3.322126 0.000000 -0.034880 100.873728 0.000000 -0.000000 -0.017551 
675 3.322126 0.000000 -0.057489 100.874922 0.000000 -0.000000 -0.017575 
676 3.346475 0.000000 -0.034880 100.919108 0.000000 0.000000 -0.018467 
677 3.370825 0.000000 -0.034880 100.925521 0.000000 0.000000 -0.018596 
678 3.370825 0.000000 -0.057489 100.935165 0.000000 0.000000 -0.018791 
1 19 21 9 22 
2 20 19 22 4 
3 28 29 3 30 
4 21 28 30 9 
5 35 37 21 38 
6 36 35 38 19 
7 44 45 28 46 
8 37 44 46 21 
9 51 53 37 54 
10 52 51 54 35 
11 60 61 44 62 
12 53 60 62 37 
13 67 69 53 70 
14 68 67 70 51 
15 76 77 60 78 
16 69 76 78 53 
17 83 85 69 86 
18 84 83 86 67 
19 11 94 92 93 
20 94 10 24 92 
21 92 24 14 95 
22 93 92 95 6 
23 24 98 96 97 
24 98 23 40 96 
25 96 40 27 99 
26 97 96 99 14 
27 40 102 100 101 
28 102 39 56 100 
29 100 56 43 103 
30 101 100 103 27 
31 56 106 104 105 
32 106 55 72 104 
33 104 72 59 107 
34 105 104 107 43 
35 72 110 108 109 
36 109 108 111 59 
37 112 113 76 114 
38 85 112 114 69 
39 115 117 85 118 
40 116 115 118 83 
41 132 133 112 134 
42 117 132 134 85 
43 136 124 137 135 
44 135 137 127 138 
45 15 140 139 33 
46 140 17 141 139 
47 139 141 8 142 
48 33 139 142 18 
49 31 144 143 49 
50 144 33 145 143 
51 143 145 18 146 
52 49 143 146 34 
53 148 49 149 147 
54 147 149 34 150 
55 124 160 159 137 
56 160 126 161 159 
57 137 159 162 127 
58 18 142 163 45 
59 142 8 164 163 
60 163 164 29 165 
61 45 163 165 28 
62 34 146 166 61 
63 146 18 167 166 
64 166 167 45 168 
65 61 166 168 44 
66 150 34 170 169 
67 169 170 61 171 
68 77 169 171 60 
69 172 173 77 174 
70 113 172 174 76 
71 175 176 113 177 
72 133 175 177 112 
73 126 179 178 161 
74 179 155 180 178 
75 178 180 158 181 
76 161 178 181 82 
77 186 188 117 189 
78 187 186 189 115 
79 138 127 196 195 
80 195 196 132 197 
81 188 195 197 117 
82 130 199 198 193 
83 199 135 200 198 
84 198 200 138 201 
85 193 198 201 5 
86 131 194 202 203 
87 194 5 204 202 
88 202 204 188 205 
89 203 202 205 186 
90 208 193 209 206 
91 206 209 5 210 
92 207 206 210 194 
93 122 213 211 212 
94 213 128 191 211 
95 211 191 131 214 
96 212 211 214 91 
97 191 217 215 216 
98 215 207 194 218 
99 216 215 218 131 
100 12 221 219 220 
101 221 7 222 219 
102 219 222 13 25 
103 220 219 25 10 
104 25 225 223 224 
105 225 13 226 223 
106 223 226 26 41 
107 224 223 41 23 
108 41 229 227 228 
109 229 26 230 227 
110 227 230 42 57 
111 228 227 57 39 
112 57 233 231 232 
113 233 42 234 231 
114 231 234 58 73 
115 232 231 73 55 
116 73 237 235 236 
117 237 58 238 235 
118 235 238 74 89 
119 236 235 89 71 
120 89 241 239 240 
121 241 74 242 239 
122 239 242 90 129 
123 240 239 129 87 
124 129 245 243 244 
125 245 90 246 243 
126 243 246 130 192 
127 244 243 192 128 
128 192 249 247 248 
129 249 130 250 247 
130 247 250 193 208 
131 248 247 208 190 
132 190 253 251 252 
133 253 208 254 251 
134 251 254 206 255 
135 252 251 255 207 
136 128 258 256 257 
137 258 192 248 256 
138 256 248 190 217 
139 257 256 217 191 
140 217 261 259 260 
141 261 190 252 259 
142 259 252 207 262 
143 260 259 262 215 
144 6 95 263 264 
145 95 14 36 263 
146 263 36 19 265 
147 264 263 265 20 
148 14 99 266 267 
149 99 27 52 266 
150 266 52 35 268 
151 267 266 268 36 
152 27 103 269 270 
153 103 43 68 269 
154 269 68 51 271 
155 270 269 271 52 
156 43 107 272 273 
157 107 59 84 272 
158 272 84 67 274 
159 273 272 274 68 
160 59 111 275 276 
161 275 116 83 277 
162 276 275 277 84 
163 278 187 115 280 
164 279 278 280 116 
165 123 284 285 286 
166 284 91 287 285 
167 285 287 187 288 
168 286 285 288 278 
169 281 291 289 290 
170 291 212 292 289 
171 289 292 91 293 
172 290 289 293 284 
173 108 296 294 295 
174 295 294 297 111 
175 111 297 302 303 
176 302 279 116 304 
177 303 302 304 275 
178 75 301 305 306 
179 301 123 286 305 
180 305 286 278 307 
181 306 305 307 279 
182 298 310 308 309 
183 310 282 311 308 
184 308 311 123 312 
185 309 308 312 301 
186 294 315 313 314 
187 314 313 316 297 
188 317 309 301 320 
189 318 317 320 75 
190 71 323 321 322 
191 323 89 240 321 
192 321 240 87 121 
193 322 321 121 88 
194 88 326 324 325 
195 326 121 327 324 
196 324 327 119 300 
197 325 324 300 120 
198 120 330 328 329 
199 330 300 331 328 
200 334 298 335 332 
201 332 335 309 336 
202 333 332 336 317 
203 297 316 337 338 
204 316 75 306 337 
205 337 306 279 339 
206 338 337 339 302 
207 313 342 340 341 
208 342 299 318 340 
209 340 318 75 343 
210 341 340 343 316 
211 299 346 344 345 
212 346 319 333 344 
213 344 333 317 347 
214 345 344 347 318 
215 300 349 348 331 
216 349 119 350 348 
217 348 350 282 310 
218 331 348 310 298 
219 328 353 351 352 
220 353 331 354 351 
221 351 354 298 334 
222 352 351 334 319 
223 319 357 355 356 
224 357 334 358 355 
225 355 358 332 359 
226 356 355 359 333 
227 360 361 172 362 
228 176 360 362 113 
229 371 373 360 374 
230 372 371 374 176 
231 7 381 380 222 
232 381 16 382 380 
233 380 382 15 32 
234 222 380 32 13 
235 13 384 383 226 
236 384 32 385 383 
237 383 385 31 48 
238 226 383 48 26 
239 26 387 386 230 
240 387 48 388 386 
241 386 388 47 64 
242 230 386 64 42 
243 64 391 389 390 
244 391 47 392 389 
245 389 392 65 152 
246 390 389 152 63 
247 63 395 393 394 
248 395 152 396 393 
249 393 396 151 183 
250 394 393 183 81 
251 81 399 397 398 
252 399 183 400 397 
253 397 400 182 365 
254 398 397 365 157 
255 157 403 401 402 
256 403 365 404 401 
257 65 406 405 153 
258 406 147 407 405 
259 405 407 150 408 
260 153 405 408 50 
261 151 410 409 184 
262 410 153 411 409 
263 409 411 50 412 
264 184 409 412 154 
265 182 414 413 366 
266 414 184 415 413 
267 413 415 154 416 
268 366 413 416 185 
269 363 418 417 378 
270 418 366 419 417 
271 417 419 185 420 
272 378 417 420 367 
273 423 363 424 421 
274 421 424 378 425 
275 426 372 176 428 
276 427 426 428 175 
277 66 379 437 438 
278 379 367 439 437 
279 437 439 371 440 
280 438 437 440 372 
281 375 425 441 442 
282 425 378 443 441 
283 441 443 367 444 
284 442 441 444 379 
285 447 421 448 445 
286 445 448 425 449 
287 446 445 449 375 
288 376 436 450 451 
289 436 375 442 450 
290 450 442 379 452 
291 451 450 452 66 
292 433 455 453 454 
293 455 422 446 453 
294 453 446 375 456 
295 454 453 456 436 
296 365 458 457 404 
297 458 182 459 457 
298 457 459 366 418 
299 404 457 418 363 
300 401 462 460 461 
301 462 404 463 460 
302 460 463 363 423 
303 461 460 423 377 
304 377 466 464 465 
305 466 423 467 464 
306 464 467 421 447 
307 465 464 447 422 
308 422 470 468 469 
309 470 447 471 468 
310 468 471 445 472 
311 469 468 472 446 
312 42 474 473 234 
313 474 64 390 473 
314 473 390 63 80 
315 234 473 80 58 
316 80 477 475 476 
317 477 63 394 475 
318 475 394 81 156 
319 476 475 156 79 
320 156 480 478 479 
321 480 81 398 478 
322 478 398 157 369 
323 479 478 369 155 
324 369 483 481 482 
325 483 157 402 481 
326 434 490 488 489 
327 490 433 454 488 
328 488 454 436 491 
329 489 488 491 376 
330 180 494 492 493 
331 493 492 495 158 
332 370 432 500 501 
333 432 66 438 500 
334 500 438 372 502 
335 501 500 502 426 
336 429 487 503 504 
337 487 376 451 503 
338 503 451 66 505 
339 504 503 505 432 
340 485 508 506 507 
341 508 484 509 506 
342 506 509 487 510 
343 507 506 510 429 
344 155 513 511 512 
345 513 369 482 511 
346 512 511 494 180 
347 494 516 514 515 
348 515 514 517 492 
349 430 499 518 519 
350 499 429 504 518 
351 518 504 432 520 
352 519 518 520 370 
353 497 523 521 522 
354 523 496 524 521 
355 521 524 499 525 
356 522 521 525 430 
357 82 181 526 527 
358 181 158 427 526 
359 526 427 175 528 
360 527 526 528 133 
361 158 495 529 530 
362 495 370 501 529 
363 529 501 426 531 
364 530 529 531 427 
365 492 517 532 533 
366 517 430 519 532 
367 532 519 370 534 
368 533 532 534 495 
369 514 537 535 536 
370 535 522 430 538 
371 536 535 538 517 
372 511 541 539 540 
373 541 482 542 539 
374 539 542 368 516 
375 540 539 516 494 
376 516 545 543 544 
377 545 368 546 543 
378 543 546 497 537 
379 544 543 537 514 
380 537 549 547 548 
381 549 497 550 547 
382 547 550 522 551 
383 548 547 551 535 
384 127 162 552 196 
385 162 82 527 552 
386 552 527 133 553 
387 196 552 553 132 
388 159 556 554 555 
389 556 161 557 554 
390 554 557 82 558 
391 555 554 558 162 
392 50 408 559 173 
393 408 150 560 559 
394 559 560 169 561 
395 173 559 561 77 
396 1 564 562 563 
397 564 12 220 562 
398 562 220 10 94 
399 563 562 94 11 
400 16 566 565 382 
401 566 2 567 565 
402 565 567 17 140 
403 382 565 140 15 
404 10 570 568 569 
405 570 25 224 568 
406 568 224 23 98 
407 569 568 98 24 
408 32 572 571 385 
409 572 15 573 571 
410 571 573 33 144 
411 385 571 144 31 
412 23 576 574 575 
413 576 41 228 574 
414 574 228 39 102 
415 575 574 102 40 
416 48 578 577 388 
417 578 31 579 577 
418 577 579 49 148 
419 388 577 148 47 
420 39 582 580 581 
421 582 57 232 580 
422 580 232 55 106 
423 581 580 106 56 
424 55 585 583 584 
425 585 73 236 583 
426 583 236 71 110 
427 584 583 110 72 
428 58 587 586 238 
429 587 80 476 586 
430 586 476 79 125 
431 238 586 125 74 
432 110 590 588 589 
433 590 71 322 588 
434 588 322 88 296 
435 589 588 296 108 
436 121 592 591 327 
437 592 87 593 591 
438 591 593 122 283 
439 327 591 283 119 
440 74 595 594 242 
441 595 125 596 594 
442 594 596 124 136 
443 242 594 136 90 
444 125 598 597 596 
445 598 79 599 597 
446 597 599 126 160 
447 596 597 160 124 
448 87 601 600 593 
449 601 129 244 600 
450 600 244 128 213 
451 593 600 213 122 
452 90 603 602 246 
453 603 136 604 602 
454 602 604 135 199 
455 246 602 199 130 
456 47 606 605 392 
457 606 148 607 605 
458 605 607 147 406 
459 392 605 406 65 
460 152 609 608 396 
461 609 65 610 608 
462 608 610 153 410 
463 396 608 410 151 
464 79 612 611 599 
465 612 156 479 611 
466 611 479 155 179 
467 599 611 179 126 
468 154 412 613 361 
469 412 50 614 613 
470 613 614 173 615 
471 361 613 615 172 
472 183 617 616 400 
473 617 151 618 616 
474 616 618 184 414 
475 400 616 414 182 
476 91 214 619 287 
477 214 131 203 619 
478 619 203 186 620 
479 287 619 620 187 
480 5 201 621 204 
481 201 138 622 621 
482 621 622 195 623 
483 204 621 623 188 
484 282 625 624 311 
485 625 281 290 624 
486 624 290 284 626 
487 311 624 626 123 
488 296 629 627 628 
489 629 88 325 627 
490 627 325 120 315 
491 628 627 315 294 
492 315 632 630 631 
493 632 120 329 630 
494 630 329 299 342 
495 631 630 342 313 
496 329 635 633 634 
497 635 328 352 633 
498 633 352 319 346 
499 634 633 346 299 
500 185 416 636 373 
501 416 154 637 636 
502 636 637 361 638 
503 373 636 638 360 
504 367 420 639 439 
505 420 185 640 639 
506 639 640 373 641 
507 439 639 641 371 
508 402 644 642 643 
509 644 401 461 642 
510 642 461 377 435 
511 643 642 435 364 
512 435 647 645 646 
513 647 377 465 645 
514 645 465 422 455 
515 646 645 455 433 
516 481 650 648 649 
517 650 402 643 648 
518 648 643 364 486 
519 649 648 486 431 
520 482 652 651 542 
521 652 481 649 651 
522 651 649 431 498 
523 542 651 498 368 
524 484 654 653 509 
525 654 434 489 653 
526 653 489 376 655 
527 509 653 655 487 
528 368 657 656 546 
529 657 498 658 656 
530 656 658 496 523 
531 546 656 523 497 
532 496 660 659 524 
533 660 485 507 659 
534 659 507 429 661 
535 524 659 661 499 
536 119 663 662 350 
537 663 283 664 662 
538 662 664 281 625 
539 350 662 625 282 
540 283 666 665 664 
541 666 122 667 665 
542 665 667 212 291 
543 664 665 291 281 
544 364 670 668 669 
545 670 435 646 668 
546 668 646 433 490 
547 669 668 490 434 
548 486 673 671 672 
549 673 364 669 671 
550 671 669 434 654 
551 672 671 654 484 
552 498 675 674 658 
553 675 431 676 674 
554 674 676 485 660 
555 658 674 660 496 
556 431 678 677 676 
557 678 486 672 677 
558 677 672 484 508 
559 676 677 508 485 
