2 0.000000 100.000000 473.401889
796 667 
1 -23.802914 0.000000 -23.781921 100.001077 0.000000 -0.000114 -0.000022 
2 27.623886 0.000000 -23.781921 100.000553 0.000000 0.005283 -0.000011 
3 27.623886 0.000000 24.017238 99.999482 0.000000 0.005203 0.000010 
4 -23.802914 0.000000 24.017238 99.998942 0.000000 -0.000144 0.000021 
5 1.910486 0.000000 0.117658 107.081653 0.000000 0.226498 -0.146653 
6 -23.802914 0.000000 0.117658 100.000039 0.000000 -0.001501 -0.000001 
7 1.910486 0.000000 -23.781921 100.002589 0.000000 0.003636 -0.000052 
8 27.623886 0.000000 0.117658 99.999723 0.000000 -5.920296 -0.003499 
9 1.910486 0.000000 24.017238 99.997362 0.000000 0.003587 0.000053 
10 -10.946214 0.000000 -11.832132 100.005130 0.000000 -0.000271 -0.000103 
11 -23.802914 0.000000 -11.832132 100.001142 0.000000 -0.000828 -0.000023 
12 -10.946214 0.000000 -23.781921 100.002239 0.000000 0.000891 -0.000045 
13 1.910486 0.000000 -11.832132 100.010454 0.000000 0.018058 -0.000209 
14 -10.946214 0.000000 0.117658 100.000146 0.000000 -0.007406 -0.000003 
15 14.767186 0.000000 -11.832132 100.001472 0.000000 0.019800 -0.000029 
16 14.767186 0.000000 -23.781921 100.001260 0.000000 0.005150 -0.000025 
17 27.623886 0.000000 -11.832132 100.000434 0.000000 0.018145 -0.000009 
18 14.767186 0.000000 0.117658 100.001030 0.000000 -5.927550 -0.003534 
19 -10.946214 0.000000 12.067448 99.994983 0.000000 -0.000412 0.000100 
20 -23.802914 0.000000 12.067448 99.998911 0.000000 -0.000860 0.000022 
21 1.910486 0.000000 12.067448 99.989848 0.000000 0.017316 0.000203 
22 -10.946214 0.000000 24.017238 99.997767 0.000000 0.000828 0.000045 
23 -4.517864 0.000000 -5.857237 100.028907 0.000000 0.000803 -0.000578 
24 -10.946214 0.000000 -5.857237 100.005705 0.000000 -0.003849 -0.000114 
25 -4.517864 0.000000 -11.832132 100.010578 0.000000 0.004773 -0.000212 
26 1.910486 0.000000 -5.857237 100.040028 0.000000 0.083114 -0.000801 
27 -4.517864 0.000000 0.117658 99.997812 0.000000 -0.047651 0.000044 
28 14.767186 0.000000 12.067448 99.998450 0.000000 0.018880 0.000031 
29 27.623886 0.000000 12.067448 99.999719 0.000000 0.016626 0.000006 
30 14.767186 0.000000 24.017238 99.998739 0.000000 0.005136 0.000025 
31 8.338836 0.000000 -5.857237 99.991536 0.000000 0.062099 0.000169 
32 8.338836 0.000000 -11.832132 100.004169 0.000000 0.023157 -0.000083 
33 14.767186 0.000000 -5.857237 100.000330 0.000000 0.053865 -0.000007 
34 8.338836 0.000000 0.117658 100.014224 0.000000 -5.980552 -0.003861 
35 -4.517864 0.000000 6.092553 99.972304 0.000000 0.000638 0.000554 
36 -10.946214 0.000000 6.092553 99.994503 0.000000 -0.003931 0.000110 
37 1.910486 0.000000 6.092553 99.962055 0.000000 0.072924 0.000758 
38 -4.517864 0.000000 12.067448 99.989182 0.000000 0.004376 0.000216 
39 -1.303689 0.000000 -2.869789 100.153740 0.000000 0.032803 -0.003077 
40 -4.517864 0.000000 -2.869789 100.035852 0.000000 -0.022731 -0.000717 
41 -1.303689 0.000000 -5.857237 100.051868 0.000000 0.030131 -0.001038 
42 1.910486 0.000000 -2.869789 100.111961 0.000000 0.319544 -0.002251 
43 -1.303689 0.000000 0.117658 99.848880 0.000000 -0.448166 0.003000 
44 8.338836 0.000000 6.092553 100.009441 0.000000 0.048604 -0.000189 
45 14.767186 0.000000 6.092553 100.000643 0.000000 0.035193 -0.000013 
46 8.338836 0.000000 12.067448 99.996058 0.000000 0.022362 0.000079 
47 5.124661 0.000000 -2.869789 99.916796 0.000000 0.297321 0.001655 
48 5.124661 0.000000 -5.857237 99.999219 0.000000 0.087028 0.000015 
49 8.338836 0.000000 -2.869789 99.972530 0.000000 0.186538 0.000546 
50 5.124661 0.000000 0.117658 101.116400 0.000000 -4.267903 -0.024274 
51 -1.303689 0.000000 3.105106 99.862722 0.000000 0.035414 0.002744 
52 -4.517864 0.000000 3.105106 99.964589 0.000000 -0.021000 0.000708 
53 1.910486 0.000000 3.105106 99.919553 0.000000 0.258477 0.001602 
54 -1.303689 0.000000 6.092553 99.951480 0.000000 0.027260 0.000970 
55 0.303398 0.000000 -1.376066 100.573064 0.000000 0.816524 -0.011561 
56 -1.303689 0.000000 -1.376066 100.296575 0.000000 -0.072583 -0.005941 
57 0.303398 0.000000 -2.869789 100.188096 0.000000 0.196747 -0.003769 
58 1.910486 0.000000 -1.376066 100.202423 0.000000 0.959370 -0.004145 
59 0.303398 0.000000 0.117658 103.472466 0.000000 -0.000000 -0.070655 
60 5.124661 0.000000 3.105106 100.079407 0.000000 0.153398 -0.001591 
61 8.338836 0.000000 3.105106 100.042453 0.000000 0.005302 -0.000849 
62 5.124661 0.000000 6.092553 99.999459 0.000000 0.074277 0.000010 
63 3.517574 0.000000 -1.376066 100.146853 0.000000 1.533432 -0.003174 
64 3.517574 0.000000 -2.869789 100.007330 0.000000 0.362407 -0.000160 
65 5.124661 0.000000 -1.376066 99.723095 0.000000 1.579026 0.005281 
66 3.517574 0.000000 0.117658 101.511238 0.000000 -0.000000 -0.030453 
67 0.303398 0.000000 1.611382 99.546119 0.000000 0.683270 0.009010 
68 -1.303689 0.000000 1.611382 99.716821 0.000000 -0.004560 0.005656 
69 1.910486 0.000000 1.611382 99.925288 0.000000 0.853830 0.001421 
70 0.303398 0.000000 3.105106 99.841448 0.000000 0.169362 0.003166 
71 1.106942 0.000000 -0.629204 120.247558 0.000000 -0.140949 -0.445949 
72 0.303398 0.000000 -0.629204 101.420834 0.000000 3.035833 -0.029540 
73 1.106942 0.000000 -1.376066 100.260712 0.000000 0.974604 -0.005316 
74 1.910486 0.000000 -0.629204 104.946359 0.000000 0.721288 -0.101426 
75 1.106942 0.000000 0.117658 109.366702 0.000000 0.065401 -0.196108 
76 3.517574 0.000000 1.611382 100.152644 0.000000 0.647681 -0.003097 
77 5.124661 0.000000 1.611382 100.293542 0.000000 0.296671 -0.005888 
78 3.517574 0.000000 3.105106 100.018193 0.000000 0.240782 -0.000370 
79 2.714030 0.000000 -0.629204 101.037659 0.000000 2.673657 -0.021576 
80 2.714030 0.000000 -1.376066 100.242297 0.000000 1.158883 -0.004986 
81 3.517574 0.000000 -0.629204 101.308397 0.000000 4.868784 -0.028710 
82 2.714030 0.000000 0.117658 101.584141 0.000000 0.000000 -0.031934 
83 1.106942 0.000000 0.864520 124.105678 0.000000 -1.220198 -0.540371 
84 0.303398 0.000000 0.864520 98.875959 0.000000 2.287217 0.021831 
85 1.910486 0.000000 0.864520 103.973918 0.000000 0.478772 -0.081080 
86 1.106942 0.000000 1.611382 99.764129 0.000000 0.861131 0.004638 
87 1.508714 0.000000 -0.255773 112.635469 0.000000 0.310261 -0.268685 
88 1.106942 0.000000 -0.255773 114.267965 0.000000 0.136829 -0.305719 
89 1.508714 0.000000 -0.629204 112.721190 0.000000 0.276476 -0.270614 
90 1.910486 0.000000 -0.255773 110.922600 0.000000 0.514430 -0.230409 
91 1.508714 0.000000 0.117658 109.134916 0.000000 0.458276 -0.191064 
92 -17.374564 0.000000 -5.857237 100.001801 0.000000 -0.002176 -0.000036 
93 -23.802914 0.000000 -5.857237 100.000754 0.000000 -0.001284 -0.000015 
94 -17.374564 0.000000 -11.832132 100.002322 0.000000 -0.000968 -0.000046 
95 -17.374564 0.000000 0.117658 100.000067 0.000000 -0.002884 -0.000001 
96 -7.732039 0.000000 -2.869789 100.010310 0.000000 -0.011169 -0.000206 
97 -10.946214 0.000000 -2.869789 100.003792 0.000000 -0.006274 -0.000076 
98 -7.732039 0.000000 -5.857237 100.013349 0.000000 -0.005773 -0.000267 
99 -7.732039 0.000000 0.117658 99.999960 0.000000 -0.014680 0.000001 
100 -2.910777 0.000000 -1.376066 100.067267 0.000000 -0.069625 -0.001346 
101 -4.517864 0.000000 -1.376066 100.024121 0.000000 -0.039842 -0.000483 
102 -2.910777 0.000000 -2.869789 100.074569 0.000000 -0.019267 -0.001492 
103 -2.910777 0.000000 0.117658 99.987663 0.000000 -0.104210 0.000246 
104 -0.500145 0.000000 -0.629204 101.474599 0.000000 -0.280756 -0.029717 
105 -1.303689 0.000000 -0.629204 100.269590 0.000000 -0.314486 -0.005409 
106 -0.500145 0.000000 -1.376066 100.602313 0.000000 0.200705 -0.012087 
107 -0.500145 0.000000 0.117658 98.732946 0.000000 -2.331138 0.024637 
108 0.705170 0.000000 -0.255773 121.775572 0.000000 -0.461749 -0.482950 
109 0.303398 0.000000 -0.255773 102.350902 0.000000 4.563829 -0.049654 
110 0.705170 0.000000 -0.629204 100.177351 0.000000 2.992827 -0.004446 
111 0.705170 0.000000 0.117658 110.409046 0.000000 -0.120807 -0.219017 
112 2.714030 0.000000 0.864520 100.283774 0.000000 1.692634 -0.005970 
113 3.517574 0.000000 0.864520 100.304803 0.000000 1.477937 -0.006324 
114 2.714030 0.000000 1.611382 100.057423 0.000000 0.773205 -0.001209 
115 1.508714 0.000000 0.491089 112.649946 0.000000 0.301233 -0.269010 
116 1.106942 0.000000 0.491089 114.614309 0.000000 0.141868 -0.313646 
117 1.910486 0.000000 0.491089 108.951861 0.000000 0.974005 -0.187146 
118 1.508714 0.000000 0.864520 108.403078 0.000000 1.390178 -0.175316 
119 1.307828 0.000000 -0.069057 108.365523 0.000000 0.107262 -0.174310 
120 1.106942 0.000000 -0.069057 106.485134 0.000000 0.049153 -0.133909 
121 1.307828 0.000000 -0.255773 113.597603 0.000000 0.225155 -0.290447 
122 1.508714 0.000000 -0.069057 108.444542 0.000000 0.161962 -0.176024 
123 1.307828 0.000000 0.117658 110.069646 0.000000 0.135482 -0.211535 
124 2.312258 0.000000 -0.255773 104.217438 0.000000 0.527713 -0.086155 
125 2.312258 0.000000 -0.629204 100.765669 0.000000 1.998275 -0.015771 
126 2.714030 0.000000 -0.255773 101.066407 0.000000 -4.532393 -0.023496 
127 2.312258 0.000000 0.117658 102.683038 0.000000 0.207319 -0.054385 
128 1.709600 0.000000 -0.069057 107.520173 0.000000 0.183142 -0.156062 
129 1.709600 0.000000 -0.255773 111.758177 0.000000 0.357830 -0.249002 
130 1.910486 0.000000 -0.069057 106.054238 0.000000 0.176248 -0.124753 
131 1.709600 0.000000 0.117658 108.340245 0.000000 0.234349 -0.173766 
132 2.312258 0.000000 0.491089 104.222015 0.000000 0.528494 -0.086251 
133 2.714030 0.000000 0.491089 100.546112 0.000000 1.763389 -0.011263 
134 2.312258 0.000000 0.864520 100.214662 0.000000 1.922059 -0.004667 
135 2.111372 0.000000 -0.069057 103.251907 0.000000 0.314214 -0.066106 
136 2.111372 0.000000 -0.255773 105.339210 0.000000 0.819209 -0.109702 
137 2.312258 0.000000 -0.069057 102.430323 0.000000 0.149049 -0.049199 
138 2.111372 0.000000 0.117658 103.720710 0.000000 0.418716 -0.075816 
139 21.195536 0.000000 -5.857237 100.000452 0.000000 0.050673 -0.000009 
140 21.195536 0.000000 -11.832132 100.000612 0.000000 0.018300 -0.000012 
141 27.623886 0.000000 -5.857237 100.000360 0.000000 0.050671 -0.000007 
142 21.195536 0.000000 0.117658 99.999817 0.000000 -5.922077 -0.003503 
143 11.553011 0.000000 -2.869789 99.996330 0.000000 0.187281 0.000070 
144 11.553011 0.000000 -5.857237 99.994818 0.000000 0.050448 0.000103 
145 14.767186 0.000000 -2.869789 100.000925 0.000000 0.197150 -0.000022 
146 11.553011 0.000000 0.117658 100.004846 0.000000 -5.935910 -0.003620 
147 6.731749 0.000000 -1.376066 99.988636 0.000000 2.008538 -0.000176 
148 6.731749 0.000000 -2.869789 99.934344 0.000000 0.206783 0.001308 
149 8.338836 0.000000 -1.376066 99.986116 0.000000 2.147364 -0.000183 
150 6.731749 0.000000 0.117658 100.385263 0.000000 -6.144869 -0.011496 
151 4.321117 0.000000 -0.629204 100.041792 0.000000 6.597581 -0.005189 
152 4.321117 0.000000 -1.376066 99.834950 0.000000 1.708874 0.003006 
153 5.124661 0.000000 -0.629204 100.744895 0.000000 8.101330 -0.021517 
154 4.321117 0.000000 0.117658 100.912106 0.000000 -3.594132 -0.019617 
155 3.115802 0.000000 -0.255773 102.152819 0.000000 -4.115649 -0.045214 
156 3.115802 0.000000 -0.629204 101.307679 0.000000 3.609288 -0.027627 
157 3.517574 0.000000 -0.255773 102.794018 0.000000 -1.729569 -0.056960 
158 3.115802 0.000000 0.117658 101.553678 0.000000 -0.000000 -0.031315 
159 2.513144 0.000000 -0.069057 101.981765 0.000000 0.067265 -0.040028 
160 2.513144 0.000000 -0.255773 103.522908 0.000000 0.413603 -0.071716 
161 2.714030 0.000000 -0.069057 101.584776 0.000000 0.000000 -0.031947 
162 2.513144 0.000000 0.117658 102.109221 0.000000 0.097871 -0.042630 
163 21.195536 0.000000 6.092553 100.000164 0.000000 0.030922 -0.000003 
164 27.623886 0.000000 6.092553 99.999893 0.000000 0.030695 0.000002 
165 21.195536 0.000000 12.067448 99.999651 0.000000 0.016956 0.000007 
166 11.553011 0.000000 3.105106 100.010005 0.000000 -0.012847 -0.000200 
167 14.767186 0.000000 3.105106 100.001346 0.000000 -0.005943 -0.000027 
168 11.553011 0.000000 6.092553 100.007099 0.000000 0.033312 -0.000142 
169 6.731749 0.000000 1.611382 100.185845 0.000000 -0.020967 -0.003720 
170 8.338836 0.000000 1.611382 100.060614 0.000000 -0.085857 -0.001213 
171 6.731749 0.000000 3.105106 100.075668 0.000000 0.053508 -0.001514 
172 4.321117 0.000000 0.864520 100.493063 0.000000 1.208904 -0.010032 
173 5.124661 0.000000 0.864520 100.574871 0.000000 0.850960 -0.011603 
174 4.321117 0.000000 1.611382 100.246330 0.000000 0.493046 -0.004957 
175 3.115802 0.000000 0.491089 100.330596 0.000000 1.585134 -0.006874 
176 3.517574 0.000000 0.491089 100.250664 0.000000 1.869273 -0.005369 
177 3.115802 0.000000 0.864520 100.275199 0.000000 1.547417 -0.005751 
178 2.914916 0.000000 -0.069057 101.564643 0.000000 0.000000 -0.031538 
179 2.914916 0.000000 -0.255773 101.529390 0.000000 -4.510163 -0.032856 
180 3.115802 0.000000 -0.069057 101.568177 0.000000 -0.000000 -0.031609 
181 2.914916 0.000000 0.117658 101.554218 0.000000 0.000000 -0.031326 
182 3.919345 0.000000 -0.255773 101.072710 0.000000 -0.561987 -0.021601 
183 3.919345 0.000000 -0.629204 100.750398 0.000000 5.950572 -0.018605 
184 4.321117 0.000000 -0.255773 100.745980 0.000000 -0.140475 -0.014977 
185 3.919345 0.000000 0.117658 101.259434 0.000000 0.000000 -0.025347 
186 3.919345 0.000000 0.491089 100.594281 0.000000 1.897228 -0.012281 
187 4.321117 0.000000 0.491089 100.666912 0.000000 1.646276 -0.013654 
188 3.919345 0.000000 0.864520 100.412634 0.000000 1.373252 -0.008458 
189 3.718459 0.000000 -0.069057 101.363467 0.000000 -0.000000 -0.027455 
190 3.517574 0.000000 -0.069057 101.519746 0.000000 -0.000000 -0.030626 
191 3.718459 0.000000 -0.255773 101.821875 0.000000 -0.525068 -0.036797 
192 3.919345 0.000000 -0.069057 101.256505 0.000000 0.000000 -0.025288 
193 3.718459 0.000000 0.117658 101.351196 0.000000 -0.000000 -0.027206 
194 1.709600 0.000000 0.304374 111.604640 0.000000 0.371529 -0.245573 
195 1.508714 0.000000 0.304374 112.598348 0.000000 0.321852 -0.267849 
196 1.910486 0.000000 0.304374 111.064325 0.000000 0.382876 -0.233543 
197 1.709600 0.000000 0.491089 111.881879 0.000000 0.345581 -0.251767 
198 1.810043 0.000000 0.024300 105.331481 0.000000 0.256047 -0.109479 
199 1.709600 0.000000 0.024300 106.293454 0.000000 0.380776 -0.129844 
200 1.810043 0.000000 -0.069057 106.782768 0.000000 0.181302 -0.140259 
201 1.910486 0.000000 0.024300 105.606621 0.000000 0.159587 -0.115278 
202 1.810043 0.000000 0.117658 107.898519 0.000000 0.234207 -0.164215 
203 2.111372 0.000000 0.304374 106.110461 0.000000 0.931746 -0.126030 
204 2.312258 0.000000 0.304374 104.502984 0.000000 0.599224 -0.092123 
205 2.111372 0.000000 0.491089 105.363192 0.000000 0.825069 -0.110208 
206 2.010929 0.000000 0.024300 104.132484 0.000000 0.242226 -0.084363 
207 2.010929 0.000000 -0.069057 104.453480 0.000000 0.360542 -0.091066 
208 2.111372 0.000000 0.024300 103.076335 0.000000 0.276653 -0.062481 
209 2.010929 0.000000 0.117658 106.391354 0.000000 0.485294 -0.131936 
210 1.810043 0.000000 0.211016 111.139593 0.000000 0.389235 -0.235216 
211 1.709600 0.000000 0.211016 111.491608 0.000000 0.381491 -0.243052 
212 1.910486 0.000000 0.211016 110.932301 0.000000 0.390198 -0.230613 
213 1.810043 0.000000 0.304374 111.271238 0.000000 0.380481 -0.238143 
214 1.860265 0.000000 0.070979 106.275016 0.000000 0.180385 -0.129441 
215 1.810043 0.000000 0.070979 105.513194 0.000000 0.296231 -0.113312 
216 1.860265 0.000000 0.024300 104.820723 0.000000 0.117222 -0.098740 
217 1.910486 0.000000 0.070979 106.098580 0.000000 0.182225 -0.125694 
218 1.860265 0.000000 0.117658 108.890113 0.000000 0.302725 -0.185715 
219 1.609157 0.000000 0.024300 107.374304 0.000000 0.456594 -0.152945 
220 1.508714 0.000000 0.024300 108.009225 0.000000 0.696139 -0.166648 
221 1.609157 0.000000 -0.069057 108.279031 0.000000 0.176903 -0.172438 
222 1.609157 0.000000 0.117658 108.575419 0.000000 0.402116 -0.178878 
223 1.759822 0.000000 0.070979 105.880067 0.000000 0.389949 -0.121074 
224 1.709600 0.000000 0.070979 106.388250 0.000000 0.420274 -0.131864 
225 1.759822 0.000000 0.024300 105.653746 0.000000 0.333737 -0.116283 
226 1.759822 0.000000 0.117658 108.082926 0.000000 0.233774 -0.168197 
227 -4.517864 0.000000 -17.807027 100.004808 0.000000 0.003291 -0.000096 
228 -10.946214 0.000000 -17.807027 100.003413 0.000000 0.000781 -0.000068 
229 -4.517864 0.000000 -23.781921 100.002709 0.000000 0.002141 -0.000054 
230 1.910486 0.000000 -17.807027 100.004551 0.000000 0.006889 -0.000091 
231 -1.303689 0.000000 -8.844684 100.023255 0.000000 0.019970 -0.000465 
232 -4.517864 0.000000 -8.844684 100.018343 0.000000 0.004583 -0.000367 
233 -1.303689 0.000000 -11.832132 100.013002 0.000000 0.012202 -0.000260 
234 1.910486 0.000000 -8.844684 100.020337 0.000000 0.036230 -0.000407 
235 0.303398 0.000000 -4.363513 100.093090 0.000000 0.096936 -0.001864 
236 -1.303689 0.000000 -4.363513 100.084608 0.000000 0.037133 -0.001693 
237 0.303398 0.000000 -5.857237 100.053051 0.000000 0.058324 -0.001062 
238 1.910486 0.000000 -4.363513 100.065119 0.000000 0.149858 -0.001305 
239 1.106942 0.000000 -2.122927 100.213899 0.000000 0.466995 -0.004304 
240 0.303398 0.000000 -2.122927 100.300732 0.000000 0.348120 -0.006036 
241 1.106942 0.000000 -2.869789 100.155988 0.000000 0.271468 -0.003130 
242 1.910486 0.000000 -2.122927 100.151357 0.000000 0.525198 -0.003057 
243 1.508714 0.000000 -1.002635 100.154154 0.000000 1.346546 -0.003267 
244 1.106942 0.000000 -1.002635 100.182297 0.000000 1.505649 -0.003876 
245 1.508714 0.000000 -1.376066 100.206200 0.000000 0.952457 -0.004219 
246 1.910486 0.000000 -1.002635 100.245138 0.000000 1.315549 -0.005082 
247 1.709600 0.000000 -0.442488 112.028492 0.000000 0.331389 -0.255049 
248 1.508714 0.000000 -0.442488 112.685515 0.000000 0.290750 -0.269811 
249 1.709600 0.000000 -0.629204 108.005402 0.000000 1.085049 -0.166634 
250 1.910486 0.000000 -0.442488 107.664422 0.000000 1.040759 -0.159271 
251 1.810043 0.000000 -0.162415 109.614048 0.000000 0.310371 -0.201534 
252 1.709600 0.000000 -0.162415 110.430305 0.000000 0.306388 -0.219495 
253 1.810043 0.000000 -0.255773 111.450297 0.000000 0.368091 -0.242130 
254 1.910486 0.000000 -0.162415 109.394492 0.000000 0.310303 -0.196725 
255 1.860265 0.000000 -0.022378 104.726039 0.000000 0.112161 -0.096756 
256 1.810043 0.000000 -0.022378 106.126970 0.000000 0.156138 -0.126296 
257 1.860265 0.000000 -0.069057 106.218983 0.000000 0.173604 -0.128250 
258 1.910486 0.000000 -0.022378 105.584410 0.000000 0.157391 -0.114809 
259 1.835154 0.000000 0.047640 103.923459 0.000000 0.332635 -0.080020 
260 1.810043 0.000000 0.047640 104.346203 0.000000 0.368236 -0.088827 
261 1.835154 0.000000 0.024300 105.239211 0.000000 0.125772 -0.107531 
262 1.860265 0.000000 0.047640 105.525360 0.000000 0.148382 -0.113562 
263 1.835154 0.000000 0.070979 106.252075 0.000000 0.168645 -0.128953 
264 2.010929 0.000000 0.211016 109.497951 0.000000 0.814224 -0.199046 
265 2.111372 0.000000 0.211016 106.078222 0.000000 0.925270 -0.125345 
266 2.010929 0.000000 0.304374 108.621040 0.000000 0.947268 -0.179943 
267 1.960707 0.000000 0.070979 106.375698 0.000000 0.196516 -0.131583 
268 1.960707 0.000000 0.024300 105.576912 0.000000 0.160811 -0.114651 
269 2.010929 0.000000 0.070979 104.958433 0.000000 0.328592 -0.101638 
270 1.960707 0.000000 0.117658 106.933252 0.000000 0.220801 -0.143477 
271 1.885375 0.000000 0.047640 105.570126 0.000000 0.151937 -0.114507 
272 1.885375 0.000000 0.024300 105.208029 0.000000 0.135608 -0.106875 
273 1.910486 0.000000 0.047640 105.830559 0.000000 0.170020 -0.120014 
274 1.885375 0.000000 0.070979 106.133853 0.000000 0.182874 -0.126443 
275 1.860265 0.000000 0.164337 109.378754 0.000000 0.322229 -0.196382 
276 1.810043 0.000000 0.164337 109.561861 0.000000 0.325176 -0.200391 
277 1.910486 0.000000 0.164337 109.334390 0.000000 0.323041 -0.195411 
278 1.860265 0.000000 0.211016 111.018735 0.000000 0.390361 -0.232531 
279 1.835154 0.000000 0.094319 107.265056 0.000000 0.220860 -0.150584 
280 1.810043 0.000000 0.094319 107.121667 0.000000 0.201399 -0.147509 
281 1.860265 0.000000 0.094319 106.620909 0.000000 0.195770 -0.136806 
282 1.835154 0.000000 0.117658 108.974076 0.000000 0.304419 -0.187544 
283 1.847709 0.000000 0.059310 104.362213 0.000000 0.294911 -0.089156 
284 1.835154 0.000000 0.059310 104.148232 0.000000 0.320478 -0.084696 
285 1.847709 0.000000 0.047640 103.879583 0.000000 0.321400 -0.079107 
286 1.860265 0.000000 0.059310 106.062585 0.000000 0.170925 -0.124930 
287 1.847709 0.000000 0.070979 106.312328 0.000000 0.181096 -0.130234 
288 -17.374564 0.000000 6.092553 99.998318 0.000000 -0.002219 0.000034 
289 -23.802914 0.000000 6.092553 99.999317 0.000000 -0.001305 0.000014 
290 -17.374564 0.000000 12.067448 99.997758 0.000000 -0.001033 0.000045 
291 -7.732039 0.000000 3.105106 99.989401 0.000000 -0.012428 0.000212 
292 -10.946214 0.000000 3.105106 99.996401 0.000000 -0.006296 0.000072 
293 -7.732039 0.000000 6.092553 99.987042 0.000000 -0.005797 0.000259 
294 -2.910777 0.000000 1.611382 99.924546 0.000000 -0.057613 0.001508 
295 -4.517864 0.000000 1.611382 99.973563 0.000000 -0.037556 0.000529 
296 -2.910777 0.000000 3.105106 99.928334 0.000000 -0.014212 0.001433 
297 -0.500145 0.000000 0.864520 98.783802 0.000000 0.284361 0.024168 
298 -1.303689 0.000000 0.864520 99.625594 0.000000 -0.166788 0.007471 
299 -0.500145 0.000000 1.611382 99.521932 0.000000 0.253685 0.009532 
300 0.705170 0.000000 0.491089 121.759679 0.000000 -0.447282 -0.482562 
301 0.303398 0.000000 0.491089 98.107415 0.000000 3.656089 0.036157 
302 0.705170 0.000000 0.864520 99.566022 0.000000 2.535168 0.008018 
303 1.307828 0.000000 0.304374 113.703273 0.000000 0.224034 -0.292848 
304 1.106942 0.000000 0.304374 114.442141 0.000000 0.121253 -0.309702 
305 1.307828 0.000000 0.491089 113.482821 0.000000 0.228101 -0.287840 
306 1.609157 0.000000 0.211016 111.983107 0.000000 0.363195 -0.254035 
307 1.508714 0.000000 0.211016 112.576749 0.000000 0.330637 -0.267363 
308 1.609157 0.000000 0.304374 112.058099 0.000000 0.352912 -0.255714 
309 1.659379 0.000000 0.070979 106.961294 0.000000 0.489234 -0.144096 
310 1.609157 0.000000 0.070979 107.531751 0.000000 0.539940 -0.156337 
311 1.659379 0.000000 0.024300 106.406156 0.000000 0.366056 -0.132240 
312 1.659379 0.000000 0.117658 110.181445 0.000000 0.297999 -0.214004 
313 1.408271 0.000000 0.024300 109.399918 0.000000 0.960654 -0.196926 
314 1.307828 0.000000 0.024300 111.537384 0.000000 0.875959 -0.244136 
315 1.408271 0.000000 -0.069057 108.550441 0.000000 0.138470 -0.178322 
316 1.408271 0.000000 0.117658 109.784741 0.000000 0.175433 -0.205272 
317 1.408271 0.000000 0.211016 113.207738 0.000000 0.282441 -0.281607 
318 1.307828 0.000000 0.211016 113.795985 0.000000 0.222383 -0.294958 
319 1.408271 0.000000 0.304374 113.169338 0.000000 0.277719 -0.280738 
320 1.458493 0.000000 0.070979 108.712475 0.000000 0.894767 -0.181920 
321 1.408271 0.000000 0.070979 109.858740 0.000000 1.076508 -0.207010 
322 1.458493 0.000000 0.024300 107.684985 0.000000 0.611040 -0.159643 
323 1.508714 0.000000 0.070979 108.296899 0.000000 0.781287 -0.172883 
324 1.458493 0.000000 0.117658 110.605289 0.000000 0.693311 -0.223401 
325 0.906056 0.000000 -0.069057 105.765543 0.000000 -0.018894 -0.118635 
326 0.705170 0.000000 -0.069057 108.315429 0.000000 -0.080285 -0.173224 
327 0.906056 0.000000 -0.255773 118.475058 0.000000 -0.061400 -0.403634 
328 0.906056 0.000000 0.117658 108.255339 0.000000 -0.030180 -0.171922 
329 1.207385 0.000000 0.024300 114.824943 0.000000 -0.289645 -0.318485 
330 1.106942 0.000000 0.024300 104.660171 0.000000 0.034911 -0.095375 
331 1.207385 0.000000 -0.069057 107.296318 0.000000 0.076239 -0.151251 
332 1.207385 0.000000 0.117658 109.005615 0.000000 0.092857 -0.188223 
333 0.906056 0.000000 0.304374 117.744115 0.000000 -0.035629 -0.386368 
334 0.705170 0.000000 0.304374 120.553134 0.000000 -0.281220 -0.453314 
335 0.906056 0.000000 0.491089 119.347352 0.000000 -0.111813 -0.424380 
336 1.207385 0.000000 0.211016 114.268351 0.000000 0.160167 -0.305728 
337 1.106942 0.000000 0.211016 114.584931 0.000000 0.107571 -0.312972 
338 1.207385 0.000000 0.304374 114.139018 0.000000 0.168749 -0.302774 
339 1.257607 0.000000 0.070979 117.449713 0.000000 0.564293 -0.379475 
340 1.207385 0.000000 0.070979 116.705282 0.000000 -0.351986 -0.362025 
341 1.257607 0.000000 0.024300 113.106382 0.000000 0.391002 -0.279321 
342 1.307828 0.000000 0.070979 113.650203 0.000000 1.133364 -0.291765 
343 1.257607 0.000000 0.117658 111.817047 0.000000 0.146818 -0.250307 
344 1.006499 0.000000 0.024300 105.097243 0.000000 0.025397 -0.104543 
345 0.906056 0.000000 0.024300 104.582380 0.000000 -0.018097 -0.093747 
346 1.006499 0.000000 -0.069057 105.820649 0.000000 0.025620 -0.119801 
347 1.006499 0.000000 0.117658 107.821855 0.000000 0.035596 -0.162555 
348 1.157164 0.000000 0.070979 107.967743 0.000000 0.065678 -0.165704 
349 1.106942 0.000000 0.070979 106.692877 0.000000 0.046026 -0.138337 
350 1.157164 0.000000 0.024300 106.446029 0.000000 0.054691 -0.133076 
351 1.157164 0.000000 0.117658 108.844943 0.000000 0.073898 -0.184723 
352 1.307828 0.000000 -0.442488 113.388615 0.000000 0.229066 -0.285703 
353 1.106942 0.000000 -0.442488 116.416040 0.000000 0.106372 -0.355271 
354 1.307828 0.000000 -0.629204 115.887114 0.000000 0.182314 -0.342986 
355 1.207385 0.000000 -0.162415 112.296510 0.000000 0.139011 -0.261053 
356 1.106942 0.000000 -0.162415 111.333217 0.000000 0.098223 -0.239509 
357 1.207385 0.000000 -0.255773 113.985757 0.000000 0.178053 -0.299278 
358 1.307828 0.000000 -0.162415 111.944748 0.000000 0.184583 -0.253166 
359 1.157164 0.000000 -0.022378 106.377824 0.000000 0.055352 -0.131624 
360 1.106942 0.000000 -0.022378 104.557796 0.000000 0.035463 -0.093233 
361 1.157164 0.000000 -0.069057 107.773093 0.000000 0.068325 -0.161504 
362 1.207385 0.000000 -0.022378 106.789320 0.000000 0.067020 -0.140396 
363 1.182274 0.000000 0.047640 119.924692 0.000000 -1.757465 -0.438502 
364 1.157164 0.000000 0.047640 117.055903 0.000000 -2.238400 -0.370709 
365 1.182274 0.000000 0.024300 106.796857 0.000000 0.061549 -0.140557 
366 1.207385 0.000000 0.047640 121.258595 0.000000 -0.961333 -0.470457 
367 1.182274 0.000000 0.070979 115.816357 0.000000 -0.949661 -0.341433 
368 1.006499 0.000000 0.211016 115.250514 0.000000 0.058828 -0.328268 
369 0.906056 0.000000 0.211016 117.823290 0.000000 -0.052319 -0.388233 
370 1.006499 0.000000 0.304374 115.675133 0.000000 0.060078 -0.338074 
371 1.056721 0.000000 0.070979 105.424624 0.000000 0.032086 -0.111435 
372 1.006499 0.000000 0.070979 105.957881 0.000000 0.028076 -0.122707 
373 1.056721 0.000000 0.024300 103.481274 0.000000 0.023941 -0.070837 
374 1.056721 0.000000 0.117658 110.756836 0.000000 0.059878 -0.226708 
375 1.132053 0.000000 0.047640 106.424405 0.000000 0.049452 -0.132616 
376 1.106942 0.000000 0.047640 105.371028 0.000000 0.038515 -0.110306 
377 1.132053 0.000000 0.024300 105.999680 0.000000 0.046922 -0.123593 
378 1.132053 0.000000 0.070979 106.912551 0.000000 0.052719 -0.143030 
379 1.157164 0.000000 0.164337 111.866094 0.000000 0.107521 -0.251403 
380 1.106942 0.000000 0.164337 111.681581 0.000000 0.084439 -0.247278 
381 1.207385 0.000000 0.164337 112.563676 0.000000 0.131500 -0.267060 
382 1.157164 0.000000 0.211016 114.446830 0.000000 0.132035 -0.309809 
383 1.182274 0.000000 0.094319 108.526544 0.000000 0.078393 -0.177802 
384 1.157164 0.000000 0.094319 108.418812 0.000000 0.069724 -0.175464 
385 1.207385 0.000000 0.094319 108.627450 0.000000 0.087727 -0.179993 
386 1.182274 0.000000 0.117658 108.921248 0.000000 0.082951 -0.186385 
387 1.169719 0.000000 0.059310 118.149875 0.000000 -1.763282 -0.396250 
388 1.157164 0.000000 0.059310 114.486805 0.000000 -1.400201 -0.310919 
389 1.169719 0.000000 0.047640 119.193534 0.000000 -2.100548 -0.421151 
390 1.182274 0.000000 0.059310 117.778884 0.000000 -1.262525 -0.387346 
391 1.169719 0.000000 0.070979 108.046632 0.000000 0.069752 -0.167408 
392 3.316688 0.000000 -0.069057 101.576376 0.000000 -0.000000 -0.031776 
393 3.316688 0.000000 -0.255773 102.710001 0.000000 -3.267622 -0.056002 
394 3.316688 0.000000 0.117658 101.577990 0.000000 -0.000000 -0.031809 
395 3.718459 0.000000 0.304374 100.446506 0.000000 0.973230 -0.009045 
396 3.517574 0.000000 0.304374 99.892128 0.000000 0.492643 0.002132 
397 3.919345 0.000000 0.304374 100.818792 0.000000 0.695283 -0.016491 
398 3.718459 0.000000 0.491089 100.432387 0.000000 1.971588 -0.009055 
399 3.618017 0.000000 0.024300 101.450172 0.000000 -0.000000 -0.029214 
400 3.517574 0.000000 0.024300 101.517198 0.000000 -0.000000 -0.030574 
401 3.618017 0.000000 -0.069057 101.456980 0.000000 -0.000000 -0.029352 
402 3.718459 0.000000 0.024300 101.370252 0.000000 -0.000000 -0.027593 
403 3.618017 0.000000 0.117658 101.457500 0.000000 -0.000000 -0.029362 
404 3.316688 0.000000 0.304374 99.954374 0.000000 -0.229526 0.000907 
405 3.115802 0.000000 0.304374 100.308285 0.000000 -0.484853 -0.006199 
406 3.316688 0.000000 0.491089 100.225746 0.000000 1.676057 -0.004801 
407 3.417131 0.000000 0.024300 101.550910 0.000000 0.000000 -0.031259 
408 3.316688 0.000000 0.024300 101.577007 0.000000 -0.000000 -0.031789 
409 3.417131 0.000000 -0.069057 101.552606 0.000000 0.000000 -0.031293 
410 3.417131 0.000000 0.117658 101.561341 0.000000 -0.000000 -0.031471 
411 8.338836 0.000000 -17.807027 100.002700 0.000000 0.008921 -0.000054 
412 8.338836 0.000000 -23.781921 100.001933 0.000000 0.004704 -0.000039 
413 14.767186 0.000000 -17.807027 100.001368 0.000000 0.009196 -0.000027 
414 5.124661 0.000000 -8.844684 100.005583 0.000000 0.038959 -0.000112 
415 5.124661 0.000000 -11.832132 100.006818 0.000000 0.021950 -0.000136 
416 8.338836 0.000000 -8.844684 99.997079 0.000000 0.033820 0.000058 
417 3.517574 0.000000 -4.363513 100.017458 0.000000 0.166635 -0.000352 
418 3.517574 0.000000 -5.857237 100.018207 0.000000 0.093280 -0.000365 
419 5.124661 0.000000 -4.363513 99.979181 0.000000 0.143392 0.000414 
420 4.321117 0.000000 -2.122927 99.903299 0.000000 0.636891 0.001893 
421 3.517574 0.000000 -2.122927 100.015628 0.000000 0.644432 -0.000354 
422 4.321117 0.000000 -2.869789 99.950716 0.000000 0.343618 0.000974 
423 5.124661 0.000000 -2.122927 99.839527 0.000000 0.546651 0.003177 
424 3.919345 0.000000 -1.002635 100.177519 0.000000 3.309272 -0.004649 
425 3.517574 0.000000 -1.002635 100.454707 0.000000 2.827109 -0.009914 
426 3.919345 0.000000 -1.376066 100.002214 0.000000 1.681494 -0.000327 
427 4.321117 0.000000 -1.002635 99.827695 0.000000 3.502941 0.002216 
428 3.718459 0.000000 -0.442488 101.533029 0.000000 4.231732 -0.032686 
429 3.517574 0.000000 -0.442488 101.921808 0.000000 3.677471 -0.040158 
430 3.718459 0.000000 -0.629204 101.087473 0.000000 5.465809 -0.024855 
431 3.919345 0.000000 -0.442488 101.058045 0.000000 4.496756 -0.023295 
432 3.618017 0.000000 -0.162415 101.483371 0.000000 -0.000000 -0.029887 
433 3.517574 0.000000 -0.162415 101.509064 0.000000 0.000000 -0.030409 
434 3.618017 0.000000 -0.255773 102.407819 0.000000 -0.952146 -0.048827 
435 3.718459 0.000000 -0.162415 101.916364 0.000000 -0.567013 -0.038727 
436 3.567795 0.000000 -0.022378 101.464009 0.000000 -0.000000 -0.029495 
437 3.517574 0.000000 -0.022378 101.517083 0.000000 -0.000000 -0.030572 
438 3.567795 0.000000 -0.069057 101.482324 0.000000 -0.000000 -0.029866 
439 3.618017 0.000000 -0.022378 101.449959 0.000000 -0.000000 -0.029209 
440 3.567795 0.000000 0.024300 101.464125 0.000000 -0.000000 -0.029497 
441 5.928205 0.000000 -0.629204 102.800993 0.000000 13.188139 -0.074197 
442 5.928205 0.000000 -1.376066 99.903471 0.000000 1.718342 0.001634 
443 6.731749 0.000000 -0.629204 100.279158 0.000000 14.570104 -0.026820 
444 5.928205 0.000000 0.117658 101.338766 0.000000 -5.633369 -0.030128 
445 4.722889 0.000000 -0.255773 100.637836 0.000000 0.747893 -0.012853 
446 4.722889 0.000000 -0.629204 99.853774 0.000000 7.117422 -0.002143 
447 5.124661 0.000000 -0.255773 101.416980 0.000000 1.049973 -0.028651 
448 4.722889 0.000000 0.117658 100.893232 0.000000 -3.935468 -0.019493 
449 4.120231 0.000000 -0.069057 101.034458 0.000000 -3.388787 -0.021945 
450 4.120231 0.000000 -0.255773 100.914545 0.000000 -0.476751 -0.018397 
451 4.321117 0.000000 -0.069057 100.976396 0.000000 -3.308239 -0.020718 
452 4.120231 0.000000 0.117658 100.988445 0.000000 -3.414214 -0.021032 
453 3.818902 0.000000 0.024300 101.265598 0.000000 0.000000 -0.025472 
454 3.818902 0.000000 -0.069057 101.255989 0.000000 0.000000 -0.025278 
455 3.919345 0.000000 0.024300 101.256351 0.000000 0.000000 -0.025285 
456 3.818902 0.000000 0.117658 101.256523 0.000000 0.000000 -0.025288 
457 3.668238 0.000000 -0.022378 101.408145 0.000000 -0.000000 -0.028361 
458 3.668238 0.000000 -0.069057 101.433057 0.000000 -0.000000 -0.028867 
459 3.718459 0.000000 -0.022378 101.370173 0.000000 -0.000000 -0.027591 
460 3.668238 0.000000 0.024300 101.409103 0.000000 -0.000000 -0.028381 
461 3.618017 0.000000 0.211016 99.792114 0.000000 -0.350813 0.004141 
462 3.517574 0.000000 0.211016 99.375798 0.000000 -1.142437 0.012315 
463 3.718459 0.000000 0.211016 100.498709 0.000000 -0.084035 -0.010000 
464 3.618017 0.000000 0.304374 100.119465 0.000000 0.835710 -0.002461 
465 3.567795 0.000000 0.070979 101.482361 0.000000 -0.000000 -0.029867 
466 3.517574 0.000000 0.070979 101.519778 0.000000 -0.000000 -0.030627 
467 3.618017 0.000000 0.070979 101.457155 0.000000 -0.000000 -0.029355 
468 3.567795 0.000000 0.117658 101.503708 0.000000 -0.000000 -0.030300 
469 3.592906 0.000000 0.000961 101.474019 0.000000 -0.000000 -0.029698 
470 3.567795 0.000000 0.000961 101.479842 0.000000 0.000000 -0.029816 
471 3.592906 0.000000 -0.022378 101.453587 0.000000 -0.000000 -0.029283 
472 3.618017 0.000000 0.000961 101.448626 0.000000 -0.000000 -0.029182 
473 3.592906 0.000000 0.024300 101.453767 0.000000 -0.000000 -0.029287 
474 2.714030 0.000000 -2.122927 100.098205 0.000000 0.580923 -0.001999 
475 2.714030 0.000000 -2.869789 100.063439 0.000000 0.350440 -0.001281 
476 3.115802 0.000000 -1.002635 100.536245 0.000000 2.272517 -0.011270 
477 2.714030 0.000000 -1.002635 100.479125 0.000000 1.800220 -0.009930 
478 3.115802 0.000000 -1.376066 100.226517 0.000000 1.340064 -0.004715 
479 3.316688 0.000000 -0.442488 101.988884 0.000000 2.966004 -0.041053 
480 3.115802 0.000000 -0.442488 101.806672 0.000000 2.391080 -0.037032 
481 3.316688 0.000000 -0.629204 101.371600 0.000000 4.213858 -0.029396 
482 3.417131 0.000000 -0.162415 101.559045 0.000000 0.000000 -0.031424 
483 3.316688 0.000000 -0.162415 101.584131 0.000000 -0.000000 -0.031934 
484 3.417131 0.000000 -0.255773 102.861172 0.000000 -2.563953 -0.058699 
485 3.467352 0.000000 -0.022378 101.537305 0.000000 -0.000000 -0.030982 
486 3.417131 0.000000 -0.022378 101.551018 0.000000 0.000000 -0.031261 
487 3.467352 0.000000 -0.069057 101.535709 0.000000 0.000000 -0.030950 
488 3.467352 0.000000 0.024300 101.539555 0.000000 -0.000000 -0.031028 
489 3.542684 0.000000 0.000961 101.495315 0.000000 -0.000000 -0.030130 
490 3.517574 0.000000 0.000961 101.514969 0.000000 -0.000000 -0.030529 
491 3.542684 0.000000 -0.022378 101.477160 0.000000 -0.000000 -0.029761 
492 3.542684 0.000000 0.024300 101.477218 0.000000 -0.000000 -0.029763 
493 3.567795 0.000000 -0.115736 101.503682 0.000000 -0.000000 -0.030300 
494 3.517574 0.000000 -0.115736 101.516165 0.000000 -0.000000 -0.030553 
495 3.567795 0.000000 -0.162415 101.493118 0.000000 -0.000000 -0.030085 
496 3.618017 0.000000 -0.115736 101.457394 0.000000 -0.000000 -0.029360 
497 3.592906 0.000000 -0.045718 101.455962 0.000000 -0.000000 -0.029331 
498 3.567795 0.000000 -0.045718 101.467772 0.000000 -0.000000 -0.029571 
499 3.592906 0.000000 -0.069057 101.468143 0.000000 -0.000000 -0.029578 
500 3.618017 0.000000 -0.045718 101.452944 0.000000 -0.000000 -0.029270 
501 3.580350 0.000000 -0.010709 101.467337 0.000000 -0.000000 -0.029562 
502 3.567795 0.000000 -0.010709 101.473295 0.000000 0.000000 -0.029683 
503 3.580350 0.000000 -0.022378 101.460534 0.000000 -0.000000 -0.029424 
504 3.592906 0.000000 -0.010709 101.452706 0.000000 -0.000000 -0.029265 
505 3.580350 0.000000 0.000961 101.476177 0.000000 0.000000 -0.029741 
506 3.417131 0.000000 0.211016 99.404883 0.000000 -1.924041 0.011497 
507 3.316688 0.000000 0.211016 99.657422 0.000000 -2.482356 0.006224 
508 3.417131 0.000000 0.304374 99.850558 0.000000 0.092619 0.002986 
509 3.467352 0.000000 0.070979 101.535715 0.000000 0.000000 -0.030950 
510 3.417131 0.000000 0.070979 101.552585 0.000000 0.000000 -0.031293 
511 3.467352 0.000000 0.117658 101.528845 0.000000 -0.000000 -0.030811 
512 3.492463 0.000000 0.000961 101.526142 0.000000 0.000000 -0.030756 
513 3.467352 0.000000 0.000961 101.537807 0.000000 -0.000000 -0.030993 
514 3.492463 0.000000 -0.022378 101.528290 0.000000 -0.000000 -0.030799 
515 3.492463 0.000000 0.024300 101.528336 0.000000 -0.000000 -0.030800 
516 3.216245 0.000000 0.024300 101.580783 0.000000 -0.000000 -0.031866 
517 3.115802 0.000000 0.024300 101.566938 0.000000 -0.000000 -0.031584 
518 3.216245 0.000000 -0.069057 101.584429 0.000000 -0.000000 -0.031940 
519 3.216245 0.000000 0.117658 101.582987 0.000000 -0.000000 -0.031910 
520 3.366909 0.000000 -0.022378 101.570211 0.000000 -0.000000 -0.031651 
521 3.316688 0.000000 -0.022378 101.577025 0.000000 -0.000000 -0.031789 
522 3.366909 0.000000 -0.069057 101.571839 0.000000 -0.000000 -0.031684 
523 3.366909 0.000000 0.024300 101.570149 0.000000 -0.000000 -0.031650 
524 3.366909 0.000000 0.070979 101.571816 0.000000 -0.000000 -0.031683 
525 3.316688 0.000000 0.070979 101.578692 0.000000 -0.000000 -0.031823 
526 3.366909 0.000000 0.117658 101.572855 0.000000 -0.000000 -0.031704 
527 3.392020 0.000000 0.000961 101.564929 0.000000 -0.000000 -0.031543 
528 3.366909 0.000000 0.000961 101.571161 0.000000 -0.000000 -0.031670 
529 3.392020 0.000000 -0.022378 101.564604 0.000000 -0.000000 -0.031537 
530 3.417131 0.000000 0.000961 101.554694 0.000000 0.000000 -0.031336 
531 3.392020 0.000000 0.024300 101.564530 0.000000 -0.000000 -0.031535 
532 3.216245 0.000000 -0.162415 102.852976 0.000000 -5.720507 -0.061146 
533 3.115802 0.000000 -0.162415 101.548664 0.000000 0.000000 -0.031213 
534 3.216245 0.000000 -0.255773 102.442879 0.000000 -3.781693 -0.050884 
535 3.266466 0.000000 -0.022378 101.586156 0.000000 -0.000000 -0.031975 
536 3.216245 0.000000 -0.022378 101.580510 0.000000 -0.000000 -0.031860 
537 3.266466 0.000000 -0.069057 101.586928 0.000000 -0.000000 -0.031990 
538 3.266466 0.000000 0.024300 101.586182 0.000000 -0.000000 -0.031975 
539 3.341798 0.000000 0.000961 101.576981 0.000000 -0.000000 -0.031788 
540 3.316688 0.000000 0.000961 101.582491 0.000000 -0.000000 -0.031900 
541 3.341798 0.000000 -0.022378 101.573987 0.000000 -0.000000 -0.031727 
542 3.341798 0.000000 0.024300 101.573585 0.000000 -0.000000 -0.031719 
543 2.914916 0.000000 0.304374 100.572745 0.000000 -0.400659 -0.011504 
544 2.714030 0.000000 0.304374 100.756887 0.000000 -0.159805 -0.015198 
545 2.914916 0.000000 0.491089 100.453771 0.000000 1.622455 -0.009359 
546 3.216245 0.000000 0.211016 100.018792 0.000000 -2.769996 -0.001143 
547 3.115802 0.000000 0.211016 100.328003 0.000000 -2.797781 -0.007354 
548 3.216245 0.000000 0.304374 100.130029 0.000000 -0.420533 -0.002620 
549 3.266466 0.000000 0.070979 101.580576 0.000000 -0.000000 -0.031861 
550 3.216245 0.000000 0.070979 101.584491 0.000000 -0.000000 -0.031941 
551 3.266466 0.000000 0.117658 101.581651 0.000000 -0.000000 -0.031883 
552 3.291577 0.000000 0.000961 101.588280 0.000000 0.000000 -0.032018 
553 3.266466 0.000000 0.000961 101.585996 0.000000 -0.000000 -0.031971 
554 3.291577 0.000000 -0.022378 101.584398 0.000000 -0.000000 -0.031939 
555 3.291577 0.000000 0.024300 101.584404 0.000000 -0.000000 -0.031939 
556 3.266466 0.000000 -0.115736 101.581645 0.000000 -0.000000 -0.031883 
557 3.216245 0.000000 -0.115736 101.582949 0.000000 -0.000000 -0.031910 
558 3.266466 0.000000 -0.162415 101.588595 0.000000 -0.000000 -0.032024 
559 3.316688 0.000000 -0.115736 101.578007 0.000000 -0.000000 -0.031809 
560 3.291577 0.000000 -0.045718 101.579141 0.000000 -0.000000 -0.031832 
561 3.266466 0.000000 -0.045718 101.586534 0.000000 -0.000000 -0.031982 
562 3.291577 0.000000 -0.069057 101.578920 0.000000 -0.000000 -0.031828 
563 3.316688 0.000000 -0.045718 101.576741 0.000000 -0.000000 -0.031783 
564 3.304132 0.000000 -0.010709 101.580622 0.000000 -0.000000 -0.031862 
565 3.291577 0.000000 -0.010709 101.584371 0.000000 -0.000000 -0.031938 
566 3.304132 0.000000 -0.022378 101.577289 0.000000 -0.000000 -0.031795 
567 3.316688 0.000000 -0.010709 101.581024 0.000000 -0.000000 -0.031870 
568 3.304132 0.000000 0.000961 101.584350 0.000000 -0.000000 -0.031938 
569 3.015359 0.000000 0.024300 101.558413 0.000000 -0.000000 -0.031411 
570 2.914916 0.000000 0.024300 101.567808 0.000000 0.000000 -0.031602 
571 3.015359 0.000000 -0.069057 101.565181 0.000000 0.000000 -0.031549 
572 3.015359 0.000000 0.117658 101.575261 0.000000 0.000000 -0.031753 
573 3.166023 0.000000 -0.022378 101.580883 0.000000 -0.000000 -0.031868 
574 3.115802 0.000000 -0.022378 101.566904 0.000000 -0.000000 -0.031584 
575 3.166023 0.000000 -0.069057 101.583221 0.000000 -0.000000 -0.031915 
576 3.166023 0.000000 0.024300 101.580974 0.000000 -0.000000 -0.031869 
577 3.241355 0.000000 0.000961 101.582938 0.000000 -0.000000 -0.031909 
578 3.216245 0.000000 0.000961 101.576610 0.000000 -0.000000 -0.031781 
579 3.241355 0.000000 -0.022378 101.583465 0.000000 -0.000000 -0.031920 
580 3.241355 0.000000 0.024300 101.583539 0.000000 -0.000000 -0.031922 
581 3.279021 0.000000 -0.010709 101.584473 0.000000 -0.000000 -0.031941 
582 3.266466 0.000000 -0.010709 101.586035 0.000000 -0.000000 -0.031972 
583 3.279021 0.000000 -0.022378 101.584518 0.000000 -0.000000 -0.031941 
584 3.279021 0.000000 0.000961 101.594980 0.000000 -0.000000 -0.032154 
585 3.291577 0.000000 0.047640 101.579124 0.000000 -0.000000 -0.031832 
586 3.266466 0.000000 0.047640 101.586568 0.000000 -0.000000 -0.031983 
587 3.316688 0.000000 0.047640 101.576713 0.000000 -0.000000 -0.031783 
588 3.291577 0.000000 0.070979 101.578901 0.000000 -0.000000 -0.031827 
589 3.304132 0.000000 0.012631 101.580405 0.000000 -0.000000 -0.031858 
590 3.291577 0.000000 0.012631 101.584375 0.000000 -0.000000 -0.031939 
591 3.316688 0.000000 0.012631 101.580796 0.000000 -0.000000 -0.031866 
592 3.304132 0.000000 0.024300 101.579267 0.000000 -0.000000 -0.031835 
593 3.297855 0.000000 -0.004874 101.586764 0.000000 -0.000000 -0.031987 
594 3.291577 0.000000 -0.004874 101.587916 0.000000 0.000000 -0.032010 
595 3.297855 0.000000 -0.010709 101.586224 0.000000 -0.000000 -0.031976 
596 3.304132 0.000000 -0.004874 101.583936 0.000000 -0.000000 -0.031930 
597 3.297855 0.000000 0.000961 101.587977 0.000000 -0.000000 -0.032012 
598 -17.374564 0.000000 -17.807027 100.002045 0.000000 -0.000172 -0.000041 
599 -23.802914 0.000000 -17.807027 100.001197 0.000000 -0.000401 -0.000024 
600 -17.374564 0.000000 -23.781921 100.001600 0.000000 0.000187 -0.000032 
601 21.195536 0.000000 -17.807027 100.000793 0.000000 0.009095 -0.000016 
602 21.195536 0.000000 -23.781921 100.000816 0.000000 0.005268 -0.000016 
603 27.623886 0.000000 -17.807027 100.000519 0.000000 0.009013 -0.000010 
604 -7.732039 0.000000 -8.844684 100.009932 0.000000 -0.000307 -0.000199 
605 -10.946214 0.000000 -8.844684 100.005845 0.000000 -0.001663 -0.000117 
606 -7.732039 0.000000 -11.832132 100.007530 0.000000 0.001335 -0.000151 
607 11.553011 0.000000 -8.844684 100.001605 0.000000 0.034922 -0.000032 
608 11.553011 0.000000 -11.832132 100.002181 0.000000 0.020604 -0.000044 
609 14.767186 0.000000 -8.844684 100.000221 0.000000 0.029940 -0.000005 
610 -2.910777 0.000000 -4.363513 100.058227 0.000000 0.002208 -0.001165 
611 -4.517864 0.000000 -4.363513 100.034432 0.000000 -0.006061 -0.000689 
612 -2.910777 0.000000 -5.857237 100.041312 0.000000 0.012008 -0.000826 
613 6.731749 0.000000 -4.363513 99.971787 0.000000 0.107461 0.000563 
614 6.731749 0.000000 -5.857237 99.990920 0.000000 0.073179 0.000181 
615 8.338836 0.000000 -4.363513 99.981643 0.000000 0.086874 0.000366 
616 -0.500145 0.000000 -2.122927 100.297004 0.000000 0.152245 -0.005951 
617 -1.303689 0.000000 -2.122927 100.210228 0.000000 0.015498 -0.004209 
618 -0.500145 0.000000 -2.869789 100.186397 0.000000 0.106183 -0.003733 
619 0.705170 0.000000 -1.002635 100.414162 0.000000 1.645125 -0.008571 
620 0.303398 0.000000 -1.002635 100.870644 0.000000 1.484878 -0.017709 
621 0.705170 0.000000 -1.376066 100.393425 0.000000 0.959760 -0.007976 
622 2.312258 0.000000 -1.002635 100.373018 0.000000 1.470040 -0.007690 
623 2.312258 0.000000 -1.376066 100.222503 0.000000 1.021889 -0.004559 
624 0.906056 0.000000 -0.442488 120.414825 0.000000 -0.211694 -0.449978 
625 0.705170 0.000000 -0.442488 123.097888 0.000000 -0.761904 -0.515367 
626 0.906056 0.000000 -0.629204 124.066595 0.000000 -1.240236 -0.539406 
627 1.408271 0.000000 -0.162415 111.784399 0.000000 0.230490 -0.249580 
628 1.408271 0.000000 -0.255773 113.131611 0.000000 0.271237 -0.279883 
629 1.508714 0.000000 -0.162415 111.300805 0.000000 0.266709 -0.238794 
630 2.111372 0.000000 -0.442488 104.888470 0.000000 0.707305 -0.100209 
631 2.111372 0.000000 -0.629204 103.965854 0.000000 0.477612 -0.080913 
632 2.312258 0.000000 -0.442488 103.956597 0.000000 0.476285 -0.080720 
633 2.513144 0.000000 -0.442488 101.163224 0.000000 1.765042 -0.023711 
634 2.513144 0.000000 -0.629204 100.903162 0.000000 2.313244 -0.018680 
635 2.714030 0.000000 -0.442488 101.319439 0.000000 1.890281 -0.026920 
636 1.609157 0.000000 -0.162415 110.827987 0.000000 0.292089 -0.228293 
637 1.609157 0.000000 -0.255773 112.162575 0.000000 0.339144 -0.258056 
638 2.513144 0.000000 0.304374 103.717271 0.000000 0.438942 -0.075746 
639 2.513144 0.000000 0.491089 103.257769 0.000000 0.383570 -0.066231 
640 2.010929 0.000000 -0.162415 106.997757 0.000000 0.721724 -0.144904 
641 2.010929 0.000000 -0.255773 107.420730 0.000000 1.007834 -0.154023 
642 2.111372 0.000000 -0.162415 104.953127 0.000000 0.682077 -0.101562 
643 5.928205 0.000000 -2.122927 99.865636 0.000000 0.463036 0.002664 
644 5.928205 0.000000 -2.869789 99.914493 0.000000 0.241933 0.001704 
645 6.731749 0.000000 -2.122927 99.920405 0.000000 0.443988 0.001572 
646 4.722889 0.000000 -1.002635 99.667514 0.000000 3.490969 0.005420 
647 4.722889 0.000000 -1.376066 99.730536 0.000000 1.643347 0.005112 
648 5.124661 0.000000 -1.002635 99.811666 0.000000 3.624485 0.002449 
649 2.914916 0.000000 -0.442488 101.535922 0.000000 2.045580 -0.031373 
650 2.914916 0.000000 -0.629204 101.176114 0.000000 3.098088 -0.024620 
651 5.928205 0.000000 0.864520 100.488535 0.000000 0.474325 -0.009817 
652 6.731749 0.000000 0.864520 100.282590 0.000000 0.242341 -0.005666 
653 5.928205 0.000000 1.611382 100.264135 0.000000 0.108443 -0.005291 
654 4.722889 0.000000 0.491089 100.716018 0.000000 1.468567 -0.014587 
655 5.124661 0.000000 0.491089 100.782961 0.000000 1.268285 -0.015881 
656 4.722889 0.000000 0.864520 100.546176 0.000000 1.038936 -0.011061 
657 3.015359 0.000000 -0.162415 101.548664 0.000000 0.000000 -0.031213 
658 2.914916 0.000000 -0.162415 101.554220 0.000000 0.000000 -0.031326 
659 3.015359 0.000000 -0.255773 101.849162 0.000000 -4.340939 -0.039210 
660 4.120231 0.000000 -0.442488 100.668384 0.000000 4.742187 -0.015661 
661 4.120231 0.000000 -0.629204 100.368174 0.000000 6.316470 -0.011367 
662 4.321117 0.000000 -0.442488 100.361188 0.000000 5.090395 -0.009828 
663 4.120231 0.000000 0.304374 100.799682 0.000000 0.434581 -0.016076 
664 4.321117 0.000000 0.304374 100.769967 0.000000 0.291653 -0.015467 
665 4.120231 0.000000 0.491089 100.650886 0.000000 1.763210 -0.013371 
666 3.818902 0.000000 -0.162415 101.266545 0.000000 0.000000 -0.025491 
667 3.818902 0.000000 -0.255773 101.327592 0.000000 -0.470735 -0.026750 
668 3.919345 0.000000 -0.162415 100.800520 0.000000 -1.711047 -0.016367 
669 1.759822 0.000000 -0.022378 106.611044 0.000000 0.159602 -0.136594 
670 1.709600 0.000000 -0.022378 107.129454 0.000000 0.163275 -0.147675 
671 1.759822 0.000000 -0.069057 107.559089 0.000000 0.202622 -0.156900 
672 1.960707 0.000000 -0.022378 105.559531 0.000000 0.158926 -0.114284 
673 1.960707 0.000000 -0.069057 106.336379 0.000000 0.190779 -0.130746 
674 2.010929 0.000000 -0.022378 104.105637 0.000000 0.238897 -0.083804 
675 1.759822 0.000000 0.164337 109.199545 0.000000 0.287388 -0.192462 
676 1.709600 0.000000 0.164337 110.371253 0.000000 0.322741 -0.218192 
677 1.759822 0.000000 0.211016 111.297084 0.000000 0.386430 -0.238719 
678 1.885375 0.000000 0.094319 106.443006 0.000000 0.196706 -0.133015 
679 1.910486 0.000000 0.094319 106.797324 0.000000 0.214139 -0.140571 
680 1.885375 0.000000 0.117658 107.830807 0.000000 0.257726 -0.162755 
681 1.659379 0.000000 -0.022378 106.596237 0.000000 0.113375 -0.136277 
682 1.609157 0.000000 -0.022378 107.832271 0.000000 0.156670 -0.162782 
683 1.659379 0.000000 -0.069057 107.869869 0.000000 0.175348 -0.163594 
684 1.558936 0.000000 0.070979 108.050210 0.000000 0.686142 -0.167532 
685 1.558936 0.000000 0.024300 107.524630 0.000000 0.574387 -0.156188 
686 1.558936 0.000000 0.117658 108.946011 0.000000 0.467240 -0.186945 
687 1.960707 0.000000 0.164337 109.261347 0.000000 0.323228 -0.193815 
688 2.010929 0.000000 0.164337 107.795981 0.000000 0.636389 -0.162038 
689 1.960707 0.000000 0.211016 110.876701 0.000000 0.389068 -0.229379 
690 1.659379 0.000000 0.164337 110.541027 0.000000 0.314994 -0.221942 
691 1.609157 0.000000 0.164337 110.819170 0.000000 0.308809 -0.228098 
692 1.659379 0.000000 0.211016 111.721523 0.000000 0.373916 -0.248184 
693 1.358050 0.000000 0.070979 112.670810 0.000000 1.284822 -0.269636 
694 1.358050 0.000000 0.024300 111.565698 0.000000 1.123672 -0.244817 
695 1.358050 0.000000 0.117658 109.905503 0.000000 0.155325 -0.207924 
696 1.006499 0.000000 -0.162415 112.037054 0.000000 0.047699 -0.255230 
697 0.906056 0.000000 -0.162415 113.074066 0.000000 -0.026460 -0.278575 
698 1.006499 0.000000 -0.255773 116.818673 0.000000 0.039010 -0.364660 
699 1.257607 0.000000 -0.022378 106.053637 0.000000 0.057977 -0.124738 
700 1.257607 0.000000 -0.069057 107.846462 0.000000 0.088816 -0.163087 
701 1.307828 0.000000 -0.022378 107.139568 0.000000 0.084217 -0.147889 
702 1.257607 0.000000 0.164337 112.321886 0.000000 0.157190 -0.261623 
703 1.307828 0.000000 0.164337 112.168932 0.000000 0.185967 -0.258190 
704 1.257607 0.000000 0.211016 114.050179 0.000000 0.190780 -0.300748 
705 1.056721 0.000000 -0.022378 103.314045 0.000000 0.024252 -0.067379 
706 1.006499 0.000000 -0.022378 105.027417 0.000000 0.026595 -0.103076 
707 1.056721 0.000000 -0.069057 105.224260 0.000000 0.035365 -0.107215 
708 1.132053 0.000000 0.094319 108.309701 0.000000 0.061784 -0.173100 
709 1.106942 0.000000 0.094319 107.267783 0.000000 0.049593 -0.150638 
710 1.132053 0.000000 0.117658 108.783153 0.000000 0.065722 -0.183378 
711 1.056721 0.000000 0.164337 111.627625 0.000000 0.066879 -0.246073 
712 1.006499 0.000000 0.164337 111.752199 0.000000 0.054452 -0.248856 
713 1.056721 0.000000 0.211016 114.684619 0.000000 0.087503 -0.315257 
714 3.818902 0.000000 0.211016 101.007639 0.000000 -0.385850 -0.020269 
715 3.919345 0.000000 0.211016 101.102161 0.000000 -0.881210 -0.022242 
716 3.818902 0.000000 0.304374 100.707698 0.000000 0.882333 -0.014282 
717 3.668238 0.000000 0.070979 101.433391 0.000000 -0.000000 -0.028873 
718 3.718459 0.000000 0.070979 101.363579 0.000000 -0.000000 -0.027458 
719 3.668238 0.000000 0.117658 101.444311 0.000000 -0.000000 -0.029095 
720 3.668238 0.000000 -0.115736 101.441651 0.000000 -0.000000 -0.029041 
721 3.668238 0.000000 -0.162415 101.480573 0.000000 -0.000000 -0.029831 
722 3.718459 0.000000 -0.115736 101.351159 0.000000 -0.000000 -0.027206 
723 3.542684 0.000000 -0.045718 101.491827 0.000000 -0.000000 -0.030059 
724 3.517574 0.000000 -0.045718 101.519390 0.000000 -0.000000 -0.030619 
725 3.542684 0.000000 -0.069057 101.500685 0.000000 -0.000000 -0.030239 
726 3.467352 0.000000 -0.115736 101.528855 0.000000 -0.000000 -0.030811 
727 3.417131 0.000000 -0.115736 101.561341 0.000000 -0.000000 -0.031471 
728 3.467352 0.000000 -0.162415 101.534404 0.000000 0.000000 -0.030924 
729 3.366909 0.000000 -0.115736 101.572865 0.000000 -0.000000 -0.031705 
730 3.366909 0.000000 -0.162415 101.580647 0.000000 -0.000000 -0.031863 
731 3.492463 0.000000 -0.045718 101.525997 0.000000 -0.000000 -0.030753 
732 3.467352 0.000000 -0.045718 101.538496 0.000000 -0.000000 -0.031007 
733 3.492463 0.000000 -0.069057 101.526171 0.000000 -0.000000 -0.030756 
734 3.442241 0.000000 0.000961 101.545119 0.000000 -0.000000 -0.031141 
735 3.442241 0.000000 -0.022378 101.544767 0.000000 -0.000000 -0.031134 
736 3.442241 0.000000 0.024300 101.544708 0.000000 -0.000000 -0.031133 
737 3.166023 0.000000 0.070979 101.583315 0.000000 -0.000000 -0.031917 
738 3.115802 0.000000 0.070979 101.568240 0.000000 -0.000000 -0.031611 
739 3.166023 0.000000 0.117658 101.566369 0.000000 -0.000000 -0.031573 
740 3.341798 0.000000 -0.045718 101.573298 0.000000 -0.000000 -0.031713 
741 3.341798 0.000000 -0.069057 101.576238 0.000000 -0.000000 -0.031773 
742 3.366909 0.000000 -0.045718 101.568864 0.000000 -0.000000 -0.031623 
743 3.392020 0.000000 -0.045718 101.563178 0.000000 -0.000000 -0.031508 
744 3.392020 0.000000 -0.069057 101.563392 0.000000 -0.000000 -0.031512 
745 3.417131 0.000000 -0.045718 101.548942 0.000000 0.000000 -0.031219 
746 3.341798 0.000000 0.047640 101.573267 0.000000 -0.000000 -0.031713 
747 3.366909 0.000000 0.047640 101.572079 0.000000 -0.000000 -0.031689 
748 3.341798 0.000000 0.070979 101.576214 0.000000 -0.000000 -0.031773 
749 3.392020 0.000000 0.047640 101.563155 0.000000 -0.000000 -0.031507 
750 3.417131 0.000000 0.047640 101.548915 0.000000 0.000000 -0.031218 
751 3.392020 0.000000 0.070979 101.563373 0.000000 -0.000000 -0.031512 
752 3.166023 0.000000 -0.115736 101.566358 0.000000 -0.000000 -0.031573 
753 3.115802 0.000000 -0.115736 101.558477 0.000000 -0.000000 -0.031412 
754 3.166023 0.000000 -0.162415 102.608773 0.000000 -5.884649 -0.056319 
755 3.241355 0.000000 -0.045718 101.584316 0.000000 -0.000000 -0.031937 
756 3.216245 0.000000 -0.045718 101.582722 0.000000 -0.000000 -0.031905 
757 3.241355 0.000000 -0.069057 101.586242 0.000000 -0.000000 -0.031976 
758 3.015359 0.000000 0.211016 100.541148 0.000000 -2.694628 -0.011578 
759 2.914916 0.000000 0.211016 100.689131 0.000000 -2.548637 -0.014480 
760 3.015359 0.000000 0.304374 100.455532 0.000000 -0.465120 -0.009153 
761 3.241355 0.000000 0.047640 101.584375 0.000000 -0.000000 -0.031939 
762 3.216245 0.000000 0.047640 101.582832 0.000000 -0.000000 -0.031907 
763 3.241355 0.000000 0.070979 101.586290 0.000000 -0.000000 -0.031977 
764 3.279021 0.000000 0.012631 101.584478 0.000000 -0.000000 -0.031941 
765 3.266466 0.000000 0.012631 101.586050 0.000000 -0.000000 -0.031973 
766 3.279021 0.000000 0.024300 101.584528 0.000000 -0.000000 -0.031942 
767 1.558936 0.000000 -0.022378 107.743151 0.000000 0.338558 -0.160870 
768 1.508714 0.000000 -0.022378 107.884564 0.000000 0.331217 -0.163919 
769 1.558936 0.000000 -0.069057 108.848679 0.000000 0.188321 -0.184807 
770 1.558936 0.000000 0.164337 110.390794 0.000000 0.264195 -0.218620 
771 1.508714 0.000000 0.164337 111.360376 0.000000 0.281441 -0.240121 
772 1.558936 0.000000 0.211016 112.270667 0.000000 0.348874 -0.260482 
773 1.358050 0.000000 -0.022378 108.081916 0.000000 0.115476 -0.168171 
774 1.358050 0.000000 -0.069057 109.210538 0.000000 0.136214 -0.192696 
775 1.408271 0.000000 -0.022378 108.115717 0.000000 0.124030 -0.168902 
776 1.458493 0.000000 -0.022378 107.306784 0.000000 0.311985 -0.151484 
777 1.458493 0.000000 -0.069057 108.422910 0.000000 0.146645 -0.175555 
778 1.358050 0.000000 0.164337 111.183401 0.000000 0.190085 -0.236178 
779 1.408271 0.000000 0.164337 111.920718 0.000000 0.239955 -0.252630 
780 1.358050 0.000000 0.211016 113.512267 0.000000 0.253407 -0.288510 
781 1.458493 0.000000 0.164337 111.594904 0.000000 0.260635 -0.245349 
782 1.458493 0.000000 0.211016 112.892429 0.000000 0.308406 -0.274480 
783 3.442241 0.000000 -0.045718 101.542188 0.000000 -0.000000 -0.031082 
784 3.442241 0.000000 -0.069057 101.542023 0.000000 -0.000000 -0.031078 
785 3.442241 0.000000 0.047640 101.542175 0.000000 -0.000000 -0.031081 
786 3.467352 0.000000 0.047640 101.538507 0.000000 -0.000000 -0.031007 
787 3.442241 0.000000 0.070979 101.542009 0.000000 -0.000000 -0.031078 
788 3.492463 0.000000 0.047640 101.526010 0.000000 -0.000000 -0.030753 
789 3.517574 0.000000 0.047640 101.519416 0.000000 -0.000000 -0.030619 
790 3.492463 0.000000 0.070979 101.526187 0.000000 -0.000000 -0.030757 
791 3.542684 0.000000 0.047640 101.491830 0.000000 -0.000000 -0.030059 
792 3.567795 0.000000 0.047640 101.467928 0.000000 -0.000000 -0.029574 
793 3.542684 0.000000 0.070979 101.500709 0.000000 -0.000000 -0.030239 
794 3.592906 0.000000 0.047640 101.456156 0.000000 -0.000000 -0.029335 
795 3.618017 0.000000 0.047640 101.453204 0.000000 -0.000000 -0.029275 
796 3.592906 0.000000 0.070979 101.468221 0.000000 -0.000000 -0.029580 
1 19 21 9 22 
2 20 19 22 4 
3 28 29 3 30 
4 21 28 30 9 
5 35 37 21 38 
6 36 35 38 19 
7 44 45 28 46 
8 37 44 46 21 
9 51 53 37 54 
10 52 51 54 35 
11 60 61 44 62 
12 53 60 62 37 
13 67 69 53 70 
14 68 67 70 51 
15 76 77 60 78 
16 69 76 78 53 
17 83 85 69 86 
18 84 83 86 67 
19 11 94 92 93 
20 94 10 24 92 
21 92 24 14 95 
22 93 92 95 6 
23 24 98 96 97 
24 98 23 40 96 
25 96 40 27 99 
26 97 96 99 14 
27 40 102 100 101 
28 102 39 56 100 
29 100 56 43 103 
30 101 100 103 27 
31 56 106 104 105 
32 106 55 72 104 
33 104 72 59 107 
34 105 104 107 43 
35 72 110 108 109 
36 109 108 111 59 
37 112 113 76 114 
38 85 112 114 69 
39 115 117 85 118 
40 116 115 118 83 
41 132 133 112 134 
42 117 132 134 85 
43 136 124 137 135 
44 135 137 127 138 
45 15 140 139 33 
46 140 17 141 139 
47 139 141 8 142 
48 33 139 142 18 
49 31 144 143 49 
50 144 33 145 143 
51 143 145 18 146 
52 49 143 146 34 
53 148 49 149 147 
54 147 149 34 150 
55 124 160 159 137 
56 160 126 161 159 
57 159 161 82 162 
58 137 159 162 127 
59 18 142 163 45 
60 142 8 164 163 
61 163 164 29 165 
62 45 163 165 28 
63 34 146 166 61 
64 146 18 167 166 
65 166 167 45 168 
66 61 166 168 44 
67 150 34 170 169 
68 169 170 61 171 
69 77 169 171 60 
70 172 173 77 174 
71 113 172 174 76 
72 175 176 113 177 
73 133 175 177 112 
74 126 179 178 161 
75 161 178 181 82 
76 186 187 172 188 
77 176 186 188 113 
78 194 196 117 197 
79 195 194 197 115 
80 138 127 204 203 
81 203 204 132 205 
82 196 203 205 117 
83 207 135 208 206 
84 206 208 138 209 
85 210 212 196 213 
86 211 210 213 194 
87 199 225 223 224 
88 225 198 215 223 
89 223 215 202 226 
90 224 223 226 131 
91 12 229 227 228 
92 229 7 230 227 
93 227 230 13 25 
94 228 227 25 10 
95 25 233 231 232 
96 233 13 234 231 
97 231 234 26 41 
98 232 231 41 23 
99 41 237 235 236 
100 237 26 238 235 
101 235 238 42 57 
102 236 235 57 39 
103 57 241 239 240 
104 241 42 242 239 
105 239 242 58 73 
106 240 239 73 55 
107 73 245 243 244 
108 245 58 246 243 
109 243 246 74 89 
110 244 243 89 71 
111 89 249 247 248 
112 249 74 250 247 
113 247 250 90 129 
114 248 247 129 87 
115 129 253 251 252 
116 253 90 254 251 
117 251 254 130 200 
118 252 251 200 128 
119 200 257 255 256 
120 257 130 258 255 
121 255 258 201 216 
122 256 255 216 198 
123 198 261 259 260 
124 261 216 262 259 
125 260 259 263 215 
126 209 138 265 264 
127 264 265 203 266 
128 212 264 266 196 
129 201 268 267 217 
130 268 206 269 267 
131 267 269 209 270 
132 217 267 270 5 
133 216 272 271 262 
134 272 201 273 271 
135 271 273 217 274 
136 262 271 274 214 
137 202 218 275 276 
138 218 5 277 275 
139 275 277 212 278 
140 276 275 278 210 
141 215 263 279 280 
142 263 214 281 279 
143 279 281 218 282 
144 280 279 282 202 
145 259 285 283 284 
146 285 262 286 283 
147 283 286 214 287 
148 284 283 287 263 
149 6 95 288 289 
150 95 14 36 288 
151 288 36 19 290 
152 289 288 290 20 
153 14 99 291 292 
154 99 27 52 291 
155 291 52 35 293 
156 292 291 293 36 
157 27 103 294 295 
158 103 43 68 294 
159 294 68 51 296 
160 295 294 296 52 
161 43 107 297 298 
162 107 59 84 297 
163 297 84 67 299 
164 298 297 299 68 
165 59 111 300 301 
166 300 116 83 302 
167 301 300 302 84 
168 303 195 115 305 
169 304 303 305 116 
170 306 211 194 308 
171 307 306 308 195 
172 219 311 309 310 
173 311 199 224 309 
174 309 224 131 312 
175 310 309 312 222 
176 317 307 195 319 
177 318 317 319 303 
178 313 322 320 321 
179 322 220 323 320 
180 320 323 91 324 
181 321 320 324 316 
182 108 327 325 326 
183 326 325 328 111 
184 111 328 333 334 
185 333 304 116 335 
186 334 333 335 300 
187 336 318 303 338 
188 337 336 338 304 
189 329 341 339 340 
190 341 314 342 339 
191 339 342 123 343 
192 340 339 343 332 
193 325 346 344 345 
194 345 344 347 328 
195 71 354 352 353 
196 354 89 248 352 
197 352 248 87 121 
198 353 352 121 88 
199 88 357 355 356 
200 357 121 358 355 
201 355 358 119 331 
202 356 355 331 120 
203 120 361 359 360 
204 361 331 362 359 
205 359 362 329 350 
206 360 359 350 330 
207 350 365 363 364 
208 365 329 366 363 
209 363 366 340 367 
210 328 347 368 369 
211 368 337 304 370 
212 369 368 370 333 
213 344 373 371 372 
214 373 330 349 371 
215 371 349 75 374 
216 372 371 374 347 
217 330 377 375 376 
218 377 350 364 375 
219 375 364 348 378 
220 376 375 378 349 
221 75 351 379 380 
222 351 332 381 379 
223 379 381 336 382 
224 380 379 382 337 
225 348 367 383 384 
226 367 340 385 383 
227 383 385 332 386 
228 384 383 386 351 
229 364 389 387 388 
230 389 363 390 387 
231 387 390 367 391 
232 388 387 391 348 
233 395 397 186 398 
234 396 395 398 176 
235 404 396 176 406 
236 405 404 406 175 
237 7 412 411 230 
238 412 16 413 411 
239 411 413 15 32 
240 230 411 32 13 
241 13 415 414 234 
242 415 32 416 414 
243 414 416 31 48 
244 234 414 48 26 
245 26 418 417 238 
246 418 48 419 417 
247 417 419 47 64 
248 238 417 64 42 
249 64 422 420 421 
250 422 47 423 420 
251 420 423 65 152 
252 421 420 152 63 
253 63 426 424 425 
254 426 152 427 424 
255 424 427 151 183 
256 425 424 183 81 
257 81 430 428 429 
258 430 183 431 428 
259 428 431 182 191 
260 429 428 191 157 
261 157 434 432 433 
262 434 191 435 432 
263 65 442 441 153 
264 442 147 443 441 
265 441 443 150 444 
266 153 441 444 50 
267 151 446 445 184 
268 446 153 447 445 
269 445 447 50 448 
270 184 445 448 154 
271 182 450 449 192 
272 450 184 451 449 
273 449 451 154 452 
274 192 449 452 185 
275 189 454 453 402 
276 454 192 455 453 
277 453 455 185 456 
278 402 453 456 193 
279 401 458 457 439 
280 458 189 459 457 
281 457 459 402 460 
282 439 457 460 399 
283 66 403 461 462 
284 403 193 463 461 
285 461 463 395 464 
286 462 461 464 396 
287 465 467 403 468 
288 466 465 468 66 
289 471 439 472 469 
290 469 472 399 473 
291 470 469 473 440 
292 42 475 474 242 
293 475 64 421 474 
294 474 421 63 80 
295 242 474 80 58 
296 80 478 476 477 
297 478 63 425 476 
298 476 425 81 156 
299 477 476 156 79 
300 156 481 479 480 
301 481 81 429 479 
302 479 429 157 393 
303 480 479 393 155 
304 393 484 482 483 
305 484 157 433 482 
306 437 491 489 490 
307 491 436 470 489 
308 489 470 440 492 
309 490 489 492 400 
310 433 495 493 494 
311 495 432 496 493 
312 493 496 401 438 
313 494 493 438 190 
314 438 499 497 498 
315 499 401 500 497 
316 497 500 439 471 
317 498 497 471 436 
318 436 503 501 502 
319 503 471 504 501 
320 501 504 469 505 
321 502 501 505 470 
322 394 410 506 507 
323 410 66 462 506 
324 506 462 396 508 
325 507 506 508 404 
326 509 466 66 511 
327 510 509 511 410 
328 485 514 512 513 
329 514 437 490 512 
330 512 490 400 515 
331 513 512 515 488 
332 524 510 410 526 
333 525 524 526 394 
334 520 529 527 528 
335 529 486 530 527 
336 527 530 407 531 
337 528 527 531 523 
338 155 534 532 533 
339 534 393 483 532 
340 521 541 539 540 
341 541 520 528 539 
342 539 528 523 542 
343 540 539 542 408 
344 82 181 543 544 
345 543 405 175 545 
346 544 543 545 133 
347 158 519 546 547 
348 519 394 507 546 
349 546 507 404 548 
350 547 546 548 405 
351 549 525 394 551 
352 550 549 551 519 
353 532 558 556 557 
354 558 483 559 556 
355 556 559 392 537 
356 557 556 537 518 
357 537 562 560 561 
358 562 392 563 560 
359 560 563 521 554 
360 561 560 554 535 
361 554 566 564 565 
362 566 521 567 564 
363 564 567 540 568 
364 178 571 569 570 
365 571 180 517 569 
366 569 517 158 572 
367 570 569 572 181 
368 180 575 573 574 
369 575 518 536 573 
370 573 536 516 576 
371 574 573 576 517 
372 536 579 577 578 
373 579 535 553 577 
374 577 553 538 580 
375 578 577 580 516 
376 535 583 581 582 
377 583 554 565 581 
378 581 565 552 584 
379 582 581 584 553 
380 538 555 585 586 
381 555 408 587 585 
382 585 587 525 588 
383 586 585 588 549 
384 552 568 589 590 
385 568 540 591 589 
386 589 591 408 592 
387 590 589 592 555 
388 565 595 593 594 
389 595 564 596 593 
390 593 596 568 597 
391 594 593 597 552 
392 1 600 598 599 
393 600 12 228 598 
394 598 228 10 94 
395 599 598 94 11 
396 16 602 601 413 
397 602 2 603 601 
398 601 603 17 140 
399 413 601 140 15 
400 10 606 604 605 
401 606 25 232 604 
402 604 232 23 98 
403 605 604 98 24 
404 32 608 607 416 
405 608 15 609 607 
406 607 609 33 144 
407 416 607 144 31 
408 23 612 610 611 
409 612 41 236 610 
410 610 236 39 102 
411 611 610 102 40 
412 48 614 613 419 
413 614 31 615 613 
414 613 615 49 148 
415 419 613 148 47 
416 39 618 616 617 
417 618 57 240 616 
418 616 240 55 106 
419 617 616 106 56 
420 55 621 619 620 
421 621 73 244 619 
422 619 244 71 110 
423 620 619 110 72 
424 58 623 622 246 
425 623 80 477 622 
426 622 477 79 125 
427 246 622 125 74 
428 110 626 624 625 
429 626 71 353 624 
430 624 353 88 327 
431 625 624 327 108 
432 121 628 627 358 
433 628 87 629 627 
434 627 629 122 315 
435 358 627 315 119 
436 74 631 630 250 
437 631 125 632 630 
438 630 632 124 136 
439 250 630 136 90 
440 125 634 633 632 
441 634 79 635 633 
442 633 635 126 160 
443 632 633 160 124 
444 87 637 636 629 
445 637 129 252 636 
446 636 252 128 221 
447 629 636 221 122 
448 127 162 638 204 
449 162 82 544 638 
450 638 544 133 639 
451 204 638 639 132 
452 90 641 640 254 
453 641 136 642 640 
454 640 642 135 207 
455 254 640 207 130 
456 47 644 643 423 
457 644 148 645 643 
458 643 645 147 442 
459 423 643 442 65 
460 152 647 646 427 
461 647 65 648 646 
462 646 648 153 446 
463 427 646 446 151 
464 79 650 649 635 
465 650 156 480 649 
466 649 480 155 179 
467 635 649 179 126 
468 50 444 651 173 
469 444 150 652 651 
470 651 652 169 653 
471 173 651 653 77 
472 154 448 654 187 
473 448 50 655 654 
474 654 655 173 656 
475 187 654 656 172 
476 179 659 657 658 
477 659 155 533 657 
478 657 533 180 571 
479 658 657 571 178 
480 183 661 660 431 
481 661 151 662 660 
482 660 662 184 450 
483 431 660 450 182 
484 185 452 663 397 
485 452 154 664 663 
486 663 664 187 665 
487 397 663 665 186 
488 191 667 666 435 
489 667 182 668 666 
490 666 668 192 454 
491 435 666 454 189 
492 128 671 669 670 
493 671 200 256 669 
494 669 256 198 225 
495 670 669 225 199 
496 130 673 672 258 
497 673 207 674 672 
498 672 674 206 268 
499 258 672 268 201 
500 131 226 675 676 
501 226 202 276 675 
502 675 276 210 677 
503 676 675 677 211 
504 214 274 678 281 
505 274 217 679 678 
506 678 679 5 680 
507 281 678 680 218 
508 221 683 681 682 
509 683 128 670 681 
510 681 670 199 311 
511 682 681 311 219 
512 220 685 684 323 
513 685 219 310 684 
514 684 310 222 686 
515 323 684 686 91 
516 5 270 687 277 
517 270 209 688 687 
518 687 688 264 689 
519 277 687 689 212 
520 222 312 690 691 
521 312 131 676 690 
522 690 676 211 692 
523 691 690 692 306 
524 314 694 693 342 
525 694 313 321 693 
526 693 321 316 695 
527 342 693 695 123 
528 327 698 696 697 
529 698 88 356 696 
530 696 356 120 346 
531 697 696 346 325 
532 331 700 699 362 
533 700 119 701 699 
534 699 701 314 341 
535 362 699 341 329 
536 332 343 702 381 
537 343 123 703 702 
538 702 703 318 704 
539 381 702 704 336 
540 346 707 705 706 
541 707 120 360 705 
542 705 360 330 373 
543 706 705 373 344 
544 349 378 708 709 
545 378 348 384 708 
546 708 384 351 710 
547 709 708 710 75 
548 347 374 711 712 
549 374 75 380 711 
550 711 380 337 713 
551 712 711 713 368 
552 193 456 714 463 
553 456 185 715 714 
554 714 715 397 716 
555 463 714 716 395 
556 399 460 717 467 
557 460 402 718 717 
558 717 718 193 719 
559 467 717 719 403 
560 432 721 720 496 
561 721 435 722 720 
562 720 722 189 458 
563 496 720 458 401 
564 190 725 723 724 
565 725 438 498 723 
566 723 498 436 491 
567 724 723 491 437 
568 482 728 726 727 
569 728 433 494 726 
570 726 494 190 487 
571 727 726 487 409 
572 483 730 729 559 
573 730 482 727 729 
574 729 727 409 522 
575 559 729 522 392 
576 487 733 731 732 
577 733 190 724 731 
578 731 724 437 514 
579 732 731 514 485 
580 486 735 734 530 
581 735 485 513 734 
582 734 513 488 736 
583 530 734 736 407 
584 517 576 737 738 
585 576 516 550 737 
586 737 550 519 739 
587 738 737 739 158 
588 392 741 740 563 
589 741 522 742 740 
590 740 742 520 541 
591 563 740 541 521 
592 522 744 743 742 
593 744 409 745 743 
594 743 745 486 529 
595 742 743 529 520 
596 408 542 746 587 
597 542 523 747 746 
598 746 747 524 748 
599 587 746 748 525 
600 523 531 749 747 
601 531 407 750 749 
602 749 750 510 751 
603 747 749 751 524 
604 533 754 752 753 
605 754 532 557 752 
606 752 557 518 575 
607 753 752 575 180 
608 518 757 755 756 
609 757 537 561 755 
610 755 561 535 579 
611 756 755 579 536 
612 181 572 758 759 
613 572 158 547 758 
614 758 547 405 760 
615 759 758 760 543 
616 516 580 761 762 
617 580 538 586 761 
618 761 586 549 763 
619 762 761 763 550 
620 553 584 764 765 
621 584 552 590 764 
622 764 590 555 766 
623 765 764 766 538 
624 122 769 767 768 
625 769 221 682 767 
626 767 682 219 685 
627 768 767 685 220 
628 91 686 770 771 
629 686 222 691 770 
630 770 691 306 772 
631 771 770 772 307 
632 119 774 773 701 
633 774 315 775 773 
634 773 775 313 694 
635 701 773 694 314 
636 315 777 776 775 
637 777 122 768 776 
638 776 768 220 322 
639 775 776 322 313 
640 123 695 778 703 
641 695 316 779 778 
642 778 779 317 780 
643 703 778 780 318 
644 316 324 781 779 
645 324 91 771 781 
646 781 771 307 782 
647 779 781 782 317 
648 409 784 783 745 
649 784 487 732 783 
650 783 732 485 735 
651 745 783 735 486 
652 407 736 785 750 
653 736 488 786 785 
654 785 786 509 787 
655 750 785 787 510 
656 488 515 788 786 
657 515 400 789 788 
658 788 789 466 790 
659 786 788 790 509 
660 400 492 791 789 
661 492 440 792 791 
662 791 792 465 793 
663 789 791 793 466 
664 440 473 794 792 
665 473 399 795 794 
666 794 795 467 796 
667 792 794 796 465 
