2 0.000000 100.000000 473.401889
708 586 
1 -26.291479 0.000000 -26.268069 99.762016 0.000000 -6.976699 -0.000113 
2 29.414870 0.000000 -26.268069 99.763736 0.000000 -6.938357 -0.000094 
3 29.414870 0.000000 26.499305 99.752857 0.000000 -6.946960 0.000111 
4 -26.291479 0.000000 26.499305 99.751342 0.000000 -6.976902 0.000099 
5 1.561696 0.000000 0.115618 100.755361 0.000000 0.831531 -0.015233 
6 -26.291479 0.000000 0.115618 99.756821 0.000000 -6.982993 -0.000019 
7 1.561696 0.000000 -26.268069 99.773585 0.000000 -6.958668 -0.000319 
8 29.414870 0.000000 0.115618 99.872178 0.000000 -5.308083 -0.000263 
9 1.561696 0.000000 26.499305 99.741225 0.000000 -6.960461 0.000324 
10 -12.364892 0.000000 -13.076225 99.778808 0.000000 -6.979811 -0.000453 
11 -26.291479 0.000000 -13.076225 99.761927 0.000000 -6.980116 -0.000116 
12 -12.364892 0.000000 -26.268069 99.768282 0.000000 -6.972632 -0.000233 
13 1.561696 0.000000 -13.076225 99.819546 0.000000 -6.913317 -0.001174 
14 -12.364892 0.000000 0.115618 99.757602 0.000000 -7.006262 -0.000067 
15 15.488283 0.000000 -13.076225 99.782724 0.000000 -6.842770 -0.000342 
16 15.488283 0.000000 -26.268069 99.769100 0.000000 -6.944257 -0.000210 
17 29.414870 0.000000 -13.076225 99.771221 0.000000 -6.822422 -0.000084 
18 15.488283 0.000000 0.115618 100.105313 0.000000 -1.946878 -0.002486 
19 -12.364892 0.000000 13.307462 99.735919 0.000000 -6.980448 0.000402 
20 -26.291479 0.000000 13.307462 99.751618 0.000000 -6.980266 0.000089 
21 1.561696 0.000000 13.307462 99.699967 0.000000 -6.918382 0.001205 
22 -12.364892 0.000000 26.499305 99.745577 0.000000 -6.973208 0.000219 
23 -5.401598 0.000000 -6.480304 99.845490 0.000000 -6.995402 -0.001806 
24 -12.364892 0.000000 -6.480304 99.778530 0.000000 -6.993722 -0.000467 
25 -5.401598 0.000000 -13.076225 99.802742 0.000000 -6.963787 -0.000908 
26 1.561696 0.000000 -6.480304 99.971175 0.000000 -6.767564 -0.004004 
27 -5.401598 0.000000 0.115618 99.757547 0.000000 -7.102868 -0.000202 
28 15.488283 0.000000 13.307462 99.743361 0.000000 -6.869484 0.000407 
29 29.414870 0.000000 13.307462 99.757441 0.000000 -6.879888 0.000112 
30 15.488283 0.000000 26.499305 99.746803 0.000000 -6.948850 0.000229 
31 8.524989 0.000000 -6.480304 99.845920 0.000000 -6.573610 -0.001242 
32 8.524989 0.000000 -13.076225 99.801590 0.000000 -6.864673 -0.000748 
33 15.488283 0.000000 -6.480304 99.801633 0.000000 -6.539497 -0.000313 
34 8.524989 0.000000 0.115618 100.479591 0.000000 3.417493 -0.010783 
35 -5.401598 0.000000 6.711540 99.672849 0.000000 -6.996380 0.001637 
36 -12.364892 0.000000 6.711540 99.736657 0.000000 -6.994099 0.000368 
37 1.561696 0.000000 6.711540 99.560256 0.000000 -6.779292 0.004180 
38 -5.401598 0.000000 13.307462 99.713662 0.000000 -6.965519 0.000867 
39 -1.919951 0.000000 -3.182343 100.081448 0.000000 -7.033309 -0.006576 
40 -5.401598 0.000000 -3.182343 99.844810 0.000000 -7.050165 -0.001869 
41 -1.919951 0.000000 -6.480304 99.928489 0.000000 -6.932388 -0.003376 
42 1.561696 0.000000 -3.182343 100.337141 0.000000 -6.431862 -0.010891 
43 -1.919951 0.000000 0.115618 99.712415 0.000000 -7.528426 0.000076 
44 8.524989 0.000000 6.711540 99.704617 0.000000 -6.628994 0.001505 
45 15.488283 0.000000 6.711540 99.757352 0.000000 -6.665228 0.000405 
46 8.524989 0.000000 13.307462 99.721806 0.000000 -6.878369 0.000825 
47 5.043342 0.000000 -3.182343 100.022362 0.000000 -6.043319 -0.004099 
48 5.043342 0.000000 -6.480304 99.913104 0.000000 -6.624949 -0.002652 
49 8.524989 0.000000 -3.182343 99.877704 0.000000 -5.973001 -0.001123 
50 5.043342 0.000000 0.115618 100.015577 0.000000 -6.587244 -0.004651 
51 -1.919951 0.000000 3.413579 99.446893 0.000000 -7.028881 0.006091 
52 -5.401598 0.000000 3.413579 99.673072 0.000000 -7.049434 0.001558 
53 1.561696 0.000000 3.413579 99.213277 0.000000 -6.474774 0.011480 
54 -1.919951 0.000000 6.711540 99.594894 0.000000 -6.935841 0.003275 
55 -0.179128 0.000000 -1.533362 100.934629 0.000000 -6.838183 -0.023456 
56 -1.919951 0.000000 -1.533362 100.118644 0.000000 -7.264353 -0.007651 
57 -0.179128 0.000000 -3.182343 100.304741 0.000000 -6.818984 -0.010754 
58 1.561696 0.000000 -1.533362 100.850445 0.000000 -5.605500 -0.020223 
59 -0.179128 0.000000 0.115618 95.977746 0.000000 -14.643703 0.057383 
60 5.043342 0.000000 3.413579 99.555993 0.000000 -6.127034 0.005106 
61 8.524989 0.000000 3.413579 99.735302 0.000000 -6.169442 0.001481 
62 5.043342 0.000000 6.711540 99.627967 0.000000 -6.653037 0.003001 
63 3.302519 0.000000 -1.533362 100.487324 0.000000 -5.114278 -0.012386 
64 3.302519 0.000000 -3.182343 100.181009 0.000000 -6.162521 -0.007421 
65 5.043342 0.000000 -1.533362 100.129512 0.000000 -4.698113 -0.004799 
66 3.302519 0.000000 0.115618 95.906884 0.000000 -9.182546 0.071755 
67 -0.179128 0.000000 1.764599 98.735846 0.000000 -6.865417 0.020410 
68 -1.919951 0.000000 1.764599 99.396975 0.000000 -7.227833 0.006800 
69 1.561696 0.000000 1.764599 98.732667 0.000000 -5.886284 0.021721 
70 -0.179128 0.000000 3.413579 99.244777 0.000000 -6.830316 0.010382 
71 0.691284 0.000000 -0.708872 101.936609 0.000000 1.722068 -0.039404 
72 -0.179128 0.000000 -0.708872 102.285276 0.000000 -6.898417 -0.050987 
73 0.691284 0.000000 -1.533362 101.067918 0.000000 -6.115123 -0.025212 
74 1.561696 0.000000 -0.708872 98.347452 0.000000 1.325943 0.032602 
75 0.691284 0.000000 0.115618 103.170969 0.000000 0.975477 -0.064520 
76 -19.328185 0.000000 -6.480304 99.764294 0.000000 -6.986099 -0.000172 
77 -26.291479 0.000000 -6.480304 99.760029 0.000000 -6.982091 -0.000081 
78 -19.328185 0.000000 -13.076225 99.767020 0.000000 -6.981181 -0.000220 
79 -19.328185 0.000000 0.115618 99.757086 0.000000 -6.988793 -0.000032 
80 -8.883245 0.000000 -3.182343 99.788523 0.000000 -7.021730 -0.000705 
81 -12.364892 0.000000 -3.182343 99.770746 0.000000 -7.002518 -0.000324 
82 -8.883245 0.000000 -6.480304 99.800140 0.000000 -7.001050 -0.000908 
83 -8.883245 0.000000 0.115618 99.758096 0.000000 -7.033749 -0.000115 
84 -3.660775 0.000000 -1.533362 99.880999 0.000000 -7.156957 -0.002744 
85 -5.401598 0.000000 -1.533362 99.813353 0.000000 -7.087104 -0.001293 
86 -3.660775 0.000000 -3.182343 99.923175 0.000000 -7.068046 -0.003460 
87 -3.660775 0.000000 0.115618 99.753078 0.000000 -7.205443 -0.000259 
88 -1.049540 0.000000 -0.708872 100.465531 0.000000 -7.741243 -0.015325 
89 -1.919951 0.000000 -0.708872 99.997260 0.000000 -7.447576 -0.005492 
90 -1.049540 0.000000 -1.533362 100.454281 0.000000 -7.242320 -0.014351 
91 -1.049540 0.000000 0.115618 99.518738 0.000000 -8.176781 0.002916 
92 3.302519 0.000000 1.764599 99.120464 0.000000 -5.388718 0.014610 
93 5.043342 0.000000 1.764599 99.525895 0.000000 -5.144062 0.006813 
94 3.302519 0.000000 3.413579 99.378868 0.000000 -6.220397 0.008515 
95 0.691284 0.000000 0.940108 97.903848 0.000000 -5.296559 0.038678 
96 -0.179128 0.000000 0.940108 97.863814 0.000000 -6.751221 0.037710 
97 1.561696 0.000000 0.940108 98.352205 0.000000 -4.692830 0.030482 
98 0.691284 0.000000 1.764599 98.595838 0.000000 -6.322576 0.023889 
99 0.256078 0.000000 -0.296627 103.205805 0.000000 1.864809 -0.065492 
100 -0.179128 0.000000 -0.296627 105.034044 0.000000 -9.148893 -0.111585 
101 0.256078 0.000000 -0.708872 104.991993 0.000000 2.493282 -0.102954 
102 0.691284 0.000000 -0.296627 101.224684 0.000000 1.622914 -0.024907 
103 0.256078 0.000000 0.115618 101.883460 0.000000 0.671558 -0.038069 
104 2.432107 0.000000 -0.708872 101.559696 0.000000 -8.004969 -0.037845 
105 2.432107 0.000000 -1.533362 100.628292 0.000000 -5.372803 -0.015492 
106 3.302519 0.000000 -0.708872 101.356682 0.000000 -3.734321 -0.028712 
107 2.432107 0.000000 0.115618 101.122788 0.000000 -0.000000 -0.022582 
108 1.126490 0.000000 -0.296627 100.709775 0.000000 1.563025 -0.014490 
109 1.126490 0.000000 -0.708872 100.783576 0.000000 1.572163 -0.015980 
110 1.561696 0.000000 -0.296627 100.413248 0.000000 1.530432 -0.008516 
111 1.126490 0.000000 0.115618 101.317183 0.000000 1.282853 -0.026682 
112 -19.328185 0.000000 6.711540 99.749816 0.000000 -6.986268 0.000117 
113 -26.291479 0.000000 6.711540 99.753587 0.000000 -6.982175 0.000047 
114 -19.328185 0.000000 13.307462 99.746925 0.000000 -6.981469 0.000181 
115 -8.883245 0.000000 3.413579 99.727812 0.000000 -7.021948 0.000506 
116 -12.364892 0.000000 3.413579 99.744446 0.000000 -7.002708 0.000201 
117 -8.883245 0.000000 6.711540 99.716012 0.000000 -7.001492 0.000770 
118 -3.660775 0.000000 1.764599 99.632279 0.000000 -7.150852 0.002227 
119 -5.401598 0.000000 1.764599 99.702842 0.000000 -7.085958 0.000913 
120 -3.660775 0.000000 3.413579 99.596752 0.000000 -7.064953 0.003057 
121 -1.049540 0.000000 0.940108 98.993957 0.000000 -7.530508 0.014349 
122 -1.919951 0.000000 0.940108 99.470451 0.000000 -7.402193 0.005084 
123 -1.049540 0.000000 1.764599 99.105648 0.000000 -7.182064 0.012649 
124 0.256078 0.000000 0.527863 103.813857 0.000000 1.888080 -0.078088 
125 -0.179128 0.000000 0.527863 96.418734 0.000000 -6.890181 0.065595 
126 0.691284 0.000000 0.527863 101.141940 0.000000 1.613505 -0.023230 
127 0.256078 0.000000 0.940108 97.744351 0.000000 -5.863730 0.041166 
128 0.473681 0.000000 -0.090504 101.349521 0.000000 0.782217 -0.027234 
129 0.256078 0.000000 -0.090504 101.123312 0.000000 0.524162 -0.022620 
130 0.473681 0.000000 -0.296627 101.691335 0.000000 1.661942 -0.034389 
131 0.691284 0.000000 -0.090504 103.297094 0.000000 0.930949 -0.067116 
132 0.473681 0.000000 0.115618 101.359471 0.000000 0.846415 -0.027446 
133 2.432107 0.000000 0.940108 98.695989 0.000000 -4.577672 0.023815 
134 3.302519 0.000000 0.940108 98.624438 0.000000 -3.735420 0.025927 
135 2.432107 0.000000 1.764599 98.929640 0.000000 -5.615969 0.018139 
136 1.126490 0.000000 0.527863 100.744172 0.000000 1.567282 -0.015184 
137 1.561696 0.000000 0.527863 99.175321 0.000000 1.361356 0.016240 
138 1.126490 0.000000 0.940108 98.099727 0.000000 -4.931239 0.035213 
139 0.908887 0.000000 -0.090504 103.281511 0.000000 1.016577 -0.066810 
140 0.908887 0.000000 -0.296627 100.992909 0.000000 1.595336 -0.020211 
141 1.126490 0.000000 -0.090504 101.496634 0.000000 1.107261 -0.030279 
142 0.908887 0.000000 0.115618 103.169129 0.000000 1.049089 -0.064497 
143 1.996901 0.000000 -0.296627 98.454274 0.000000 1.301721 0.030506 
144 1.996901 0.000000 -0.708872 102.834178 0.000000 -10.335762 -0.068170 
145 2.432107 0.000000 -0.296627 100.448805 0.000000 -6.977744 -0.013865 
146 1.996901 0.000000 0.115618 100.409154 0.000000 0.395011 -0.008215 
147 1.344093 0.000000 -0.090504 100.914948 0.000000 1.050557 -0.018493 
148 1.344093 0.000000 -0.296627 100.501875 0.000000 1.539929 -0.010300 
149 1.561696 0.000000 -0.090504 100.834546 0.000000 0.675229 -0.016806 
150 1.344093 0.000000 0.115618 100.876721 0.000000 1.082237 -0.017728 
151 0.908887 0.000000 0.321741 100.996654 0.000000 1.595684 -0.020287 
152 0.691284 0.000000 0.321741 101.236994 0.000000 1.624307 -0.025157 
153 1.126490 0.000000 0.321741 100.701461 0.000000 1.562024 -0.014322 
154 0.908887 0.000000 0.527863 100.958991 0.000000 1.591880 -0.019525 
155 1.017688 0.000000 0.012557 101.858716 0.000000 0.856639 -0.037593 
156 0.908887 0.000000 0.012557 102.951024 0.000000 0.782041 -0.059952 
157 1.017688 0.000000 -0.090504 102.102686 0.000000 1.111665 -0.042619 
158 1.126490 0.000000 0.012557 101.577302 0.000000 0.668886 -0.031840 
159 1.017688 0.000000 0.115618 102.012217 0.000000 1.143936 -0.040780 
160 -5.401598 0.000000 -19.672147 99.781729 0.000000 -6.964222 -0.000489 
161 -12.364892 0.000000 -19.672147 99.773078 0.000000 -6.974164 -0.000331 
162 -5.401598 0.000000 -26.268069 99.771891 0.000000 -6.966926 -0.000297 
163 1.561696 0.000000 -19.672147 99.786409 0.000000 -6.946035 -0.000557 
164 -1.919951 0.000000 -9.778264 99.853054 0.000000 -6.935006 -0.001873 
165 -5.401598 0.000000 -9.778264 99.823386 0.000000 -6.972245 -0.001332 
166 -1.919951 0.000000 -13.076225 99.813967 0.000000 -6.943382 -0.001104 
167 1.561696 0.000000 -9.778264 99.864248 0.000000 -6.869431 -0.002006 
168 -0.179128 0.000000 -4.831323 100.081539 0.000000 -6.834865 -0.006303 
169 -1.919951 0.000000 -4.831323 99.995312 0.000000 -6.956358 -0.004745 
170 -0.179128 0.000000 -6.480304 99.964299 0.000000 -6.858843 -0.003990 
171 1.561696 0.000000 -4.831323 100.098494 0.000000 -6.660468 -0.006407 
172 0.691284 0.000000 -2.357852 100.605668 0.000000 -6.494088 -0.016367 
173 -0.179128 0.000000 -2.357852 100.520238 0.000000 -6.827575 -0.015093 
174 0.691284 0.000000 -3.182343 100.357086 0.000000 -6.626220 -0.011545 
175 1.561696 0.000000 -2.357852 100.543150 0.000000 -6.180938 -0.014713 
176 1.126490 0.000000 -1.121117 101.319269 0.000000 -5.266333 -0.029333 
177 0.691284 0.000000 -1.121117 101.450878 0.000000 -5.701867 -0.032479 
178 1.126490 0.000000 -1.533362 100.987876 0.000000 -5.820880 -0.023243 
179 1.561696 0.000000 -1.121117 100.999958 0.000000 -4.971732 -0.022571 
180 0.908887 0.000000 -0.502749 100.956296 0.000000 1.591640 -0.019471 
181 0.691284 0.000000 -0.502749 101.131186 0.000000 1.612298 -0.023012 
182 0.908887 0.000000 -0.708872 100.928286 0.000000 1.588795 -0.018904 
183 1.126490 0.000000 -0.502749 100.752001 0.000000 1.568229 -0.015343 
184 1.017688 0.000000 -0.193566 100.846504 0.000000 1.578257 -0.017251 
185 0.908887 0.000000 -0.193566 101.011208 0.000000 1.597170 -0.020582 
186 1.017688 0.000000 -0.296627 100.849009 0.000000 1.578783 -0.017302 
187 1.126490 0.000000 -0.193566 100.688180 0.000000 1.560388 -0.014054 
188 1.996901 0.000000 0.527863 98.592231 0.000000 1.280701 0.027793 
189 2.432107 0.000000 0.527863 101.439425 0.000000 -16.032696 -0.054700 
190 1.996901 0.000000 0.940108 98.585902 0.000000 -4.588998 0.025976 
191 1.344093 0.000000 0.321741 100.487418 0.000000 1.538276 -0.010009 
192 1.561696 0.000000 0.321741 100.399740 0.000000 1.528917 -0.008245 
193 1.344093 0.000000 0.527863 100.575491 0.000000 1.548411 -0.011783 
194 1.235291 0.000000 0.012557 100.287433 0.000000 0.803079 -0.005821 
195 1.235291 0.000000 -0.090504 101.339988 0.000000 1.076893 -0.027095 
196 1.344093 0.000000 0.012557 101.327733 0.000000 0.685066 -0.026778 
197 1.235291 0.000000 0.115618 101.284486 0.000000 1.108569 -0.025978 
198 1.072089 0.000000 -0.038974 101.897491 0.000000 0.918479 -0.038394 
199 1.017688 0.000000 -0.038974 101.985018 0.000000 0.929208 -0.040181 
200 1.072089 0.000000 -0.090504 102.003167 0.000000 1.105537 -0.040587 
201 1.126490 0.000000 -0.038974 101.659049 0.000000 0.729858 -0.033509 
202 1.072089 0.000000 0.012557 101.806807 0.000000 0.850512 -0.036535 
203 1.344093 0.000000 -0.502749 100.589645 0.000000 1.550041 -0.012068 
204 1.344093 0.000000 -0.708872 99.248367 0.000000 1.365715 0.014790 
205 1.561696 0.000000 -0.502749 99.181264 0.000000 1.361710 0.016122 
206 1.235291 0.000000 -0.193566 100.555850 0.000000 1.545649 -0.011387 
207 1.235291 0.000000 -0.296627 100.591039 0.000000 1.549759 -0.012096 
208 1.344093 0.000000 -0.193566 100.459931 0.000000 1.535123 -0.009455 
209 1.779298 0.000000 -0.090504 100.348664 0.000000 0.428526 -0.007004 
210 1.779298 0.000000 -0.296627 98.407630 0.000000 1.321076 0.031419 
211 1.996901 0.000000 -0.090504 100.503654 0.000000 0.351418 -0.010111 
212 1.779298 0.000000 0.115618 100.268651 0.000000 0.468221 -0.005402 
213 1.452894 0.000000 0.012557 101.224995 0.000000 0.508403 -0.024676 
214 1.452894 0.000000 -0.090504 100.789502 0.000000 0.833397 -0.015922 
215 1.561696 0.000000 0.012557 100.905186 0.000000 0.511780 -0.018212 
216 1.452894 0.000000 0.115618 100.711387 0.000000 0.987280 -0.014376 
217 1.289692 0.000000 -0.038974 101.338199 0.000000 0.918344 -0.027027 
218 1.235291 0.000000 -0.038974 100.672689 0.000000 0.876572 -0.013576 
219 1.289692 0.000000 -0.090504 100.940272 0.000000 1.073779 -0.019009 
220 1.344093 0.000000 -0.038974 101.277044 0.000000 0.730869 -0.025757 
221 1.289692 0.000000 0.012557 101.824859 0.000000 0.507996 -0.036856 
222 1.180890 0.000000 -0.038974 100.858188 0.000000 0.761476 -0.017295 
223 1.180890 0.000000 -0.090504 101.429494 0.000000 1.086064 -0.028912 
224 1.180890 0.000000 0.012557 100.686900 0.000000 0.732424 -0.013839 
225 1.235291 0.000000 0.218679 100.545491 0.000000 1.544448 -0.011178 
226 1.126490 0.000000 0.218679 100.681197 0.000000 1.559550 -0.013914 
227 1.344093 0.000000 0.218679 100.448063 0.000000 1.533770 -0.009217 
228 1.235291 0.000000 0.321741 100.578615 0.000000 1.548314 -0.011845 
229 1.289692 0.000000 0.064088 101.307340 0.000000 0.941403 -0.026406 
230 1.235291 0.000000 0.064088 101.365452 0.000000 1.053335 -0.027606 
231 1.344093 0.000000 0.064088 101.206490 0.000000 0.791013 -0.024338 
232 1.289692 0.000000 0.115618 100.803589 0.000000 1.252837 -0.016293 
233 1.262491 0.000000 -0.013208 100.487892 0.000000 0.799818 -0.009846 
234 1.235291 0.000000 -0.013208 100.292085 0.000000 0.803945 -0.005915 
235 1.262491 0.000000 -0.038974 101.380399 0.000000 0.925540 -0.027884 
236 1.289692 0.000000 -0.013208 101.819800 0.000000 0.512473 -0.036753 
237 1.262491 0.000000 0.012557 100.481784 0.000000 0.799300 -0.009723 
238 1.452894 0.000000 -0.193566 100.401291 0.000000 1.528830 -0.008276 
239 1.452894 0.000000 -0.296627 100.443928 0.000000 1.533654 -0.009133 
240 1.561696 0.000000 -0.193566 100.373986 0.000000 1.526028 -0.007727 
241 1.398493 0.000000 -0.038974 101.359428 0.000000 0.544712 -0.027403 
242 1.398493 0.000000 -0.090504 100.917786 0.000000 0.887009 -0.018519 
243 1.452894 0.000000 -0.038974 101.194627 0.000000 0.542109 -0.024065 
244 1.398493 0.000000 0.012557 101.672052 0.000000 0.321361 -0.033731 
245 1.316892 0.000000 -0.013208 100.403736 0.000000 0.725683 -0.008144 
246 1.316892 0.000000 -0.038974 101.223558 0.000000 0.795520 -0.024684 
247 1.344093 0.000000 -0.013208 101.328437 0.000000 0.685097 -0.026792 
248 1.316892 0.000000 0.012557 100.393917 0.000000 0.725269 -0.007946 
249 1.180890 0.000000 0.064088 101.465835 0.000000 1.063271 -0.029645 
250 1.126490 0.000000 0.064088 101.968016 0.000000 0.974624 -0.039843 
251 1.180890 0.000000 0.115618 101.365452 0.000000 1.117619 -0.027620 
252 1.262491 0.000000 0.038322 100.700842 0.000000 0.834347 -0.014136 
253 1.235291 0.000000 0.038322 100.666270 0.000000 0.876481 -0.013447 
254 1.289692 0.000000 0.038322 101.332712 0.000000 0.919925 -0.026916 
255 1.262491 0.000000 0.064088 101.316991 0.000000 1.052746 -0.026624 
256 1.276092 0.000000 -0.000326 101.941627 0.000000 0.433812 -0.039228 
257 1.262491 0.000000 -0.000326 101.291883 0.000000 0.584619 -0.026039 
258 1.276092 0.000000 -0.013208 101.284760 0.000000 0.604860 -0.025897 
259 1.289692 0.000000 -0.000326 101.926455 0.000000 0.398617 -0.038916 
260 1.276092 0.000000 0.012557 101.289759 0.000000 0.602782 -0.025998 
261 1.779298 0.000000 0.321741 98.553489 0.000000 1.323040 0.028546 
262 1.996901 0.000000 0.321741 98.454054 0.000000 1.301754 0.030510 
263 1.779298 0.000000 0.527863 98.350403 0.000000 1.325034 0.032544 
264 1.452894 0.000000 0.218679 100.389533 0.000000 1.527505 -0.008039 
265 1.561696 0.000000 0.218679 100.363375 0.000000 1.524843 -0.007513 
266 1.452894 0.000000 0.321741 100.429307 0.000000 1.532001 -0.008839 
267 1.398493 0.000000 0.064088 101.228680 0.000000 0.645475 -0.024766 
268 1.452894 0.000000 0.064088 101.148085 0.000000 0.592411 -0.023129 
269 1.398493 0.000000 0.115618 100.847547 0.000000 1.071427 -0.017138 
270 1.371293 0.000000 -0.013208 101.471976 0.000000 0.483437 -0.029680 
271 1.371293 0.000000 -0.038974 101.330677 0.000000 0.590521 -0.026825 
272 1.398493 0.000000 -0.013208 101.659679 0.000000 0.330163 -0.033480 
273 1.371293 0.000000 0.012557 101.474114 0.000000 0.481580 -0.029723 
274 1.316892 0.000000 0.038322 101.219582 0.000000 0.796774 -0.024604 
275 1.344093 0.000000 0.038322 101.273970 0.000000 0.731479 -0.025695 
276 1.316892 0.000000 0.064088 100.946755 0.000000 1.035738 -0.019132 
277 1.330492 0.000000 -0.000326 99.988986 0.000000 0.696776 0.000172 
278 1.316892 0.000000 -0.000326 100.163581 0.000000 0.710484 -0.003325 
279 1.330492 0.000000 -0.013208 100.335028 0.000000 0.706692 -0.006762 
280 1.344093 0.000000 -0.000326 99.963076 0.000000 0.689510 0.000691 
281 1.330492 0.000000 0.012557 100.322083 0.000000 0.706389 -0.006502 
282 1.670497 0.000000 0.012557 100.955470 0.000000 0.284739 -0.019209 
283 1.670497 0.000000 -0.090504 100.602305 0.000000 0.641042 -0.012123 
284 1.779298 0.000000 0.012557 100.587746 0.000000 0.333028 -0.011801 
285 1.670497 0.000000 0.115618 100.649376 0.000000 0.742515 -0.013085 
286 22.451576 0.000000 -6.480304 99.795480 0.000000 -6.490203 -0.000126 
287 22.451576 0.000000 -13.076225 99.774787 0.000000 -6.831531 -0.000168 
288 29.414870 0.000000 -6.480304 99.796412 0.000000 -6.432800 -0.000070 
289 22.451576 0.000000 0.115618 99.931522 0.000000 -4.450779 -0.000612 
290 12.006636 0.000000 -3.182343 99.848771 0.000000 -5.901616 -0.000461 
291 12.006636 0.000000 -6.480304 99.809879 0.000000 -6.562499 -0.000508 
292 15.488283 0.000000 -3.182343 99.844138 0.000000 -5.809413 -0.000260 
293 12.006636 0.000000 0.115618 100.393439 0.000000 2.225191 -0.008379 
294 6.784166 0.000000 -1.533362 100.008459 0.000000 -4.456564 -0.002155 
295 6.784166 0.000000 -3.182343 99.924966 0.000000 -5.999330 -0.002099 
296 8.524989 0.000000 -1.533362 99.978673 0.000000 -4.146028 -0.001292 
297 6.784166 0.000000 0.115618 97.539246 0.000000 -11.761079 0.034777 
298 4.172931 0.000000 -0.708872 100.811021 0.000000 -1.803281 -0.016611 
299 4.172931 0.000000 -1.533362 100.287043 0.000000 -4.860186 -0.008111 
300 5.043342 0.000000 -0.708872 100.488375 0.000000 -0.705499 -0.009841 
301 4.172931 0.000000 0.115618 98.549808 0.000000 -11.201766 0.016246 
302 2.867313 0.000000 -0.296627 102.453147 0.000000 -9.329947 -0.058370 
303 2.867313 0.000000 -0.708872 101.429051 0.000000 -5.593901 -0.031914 
304 3.302519 0.000000 -0.296627 102.822544 0.000000 -4.238343 -0.059044 
305 2.867313 0.000000 0.115618 100.953271 0.000000 0.000000 -0.019156 
306 2.214504 0.000000 -0.090504 100.992158 0.000000 0.086877 -0.019942 
307 2.214504 0.000000 -0.296627 101.564821 0.000000 -7.244628 -0.036790 
308 2.432107 0.000000 -0.090504 101.130787 0.000000 -0.000000 -0.022744 
309 2.214504 0.000000 0.115618 100.860009 0.000000 0.142467 -0.017276 
310 22.451576 0.000000 6.711540 99.767616 0.000000 -6.695390 0.000159 
311 29.414870 0.000000 6.711540 99.770089 0.000000 -6.723096 0.000073 
312 22.451576 0.000000 13.307462 99.752949 0.000000 -6.873171 0.000211 
313 12.006636 0.000000 3.413579 99.776714 0.000000 -6.245103 0.000561 
314 15.488283 0.000000 3.413579 99.789922 0.000000 -6.317209 0.000206 
315 12.006636 0.000000 6.711540 99.746446 0.000000 -6.651829 0.000640 
316 6.784166 0.000000 1.764599 99.748944 0.000000 -5.248001 0.002261 
317 8.524989 0.000000 1.764599 99.810359 0.000000 -5.414098 0.000858 
318 6.784166 0.000000 3.413579 99.674755 0.000000 -6.130684 0.002736 
319 4.172931 0.000000 0.940108 99.117465 0.000000 -3.018099 0.016662 
320 5.043342 0.000000 0.940108 99.474916 0.000000 -2.747252 0.009719 
321 4.172931 0.000000 1.764599 99.342116 0.000000 -5.217243 0.010392 
322 2.867313 0.000000 0.527863 88.548029 0.000000 -24.214408 0.157291 
323 3.302519 0.000000 0.527863 97.081672 0.000000 -1.442449 0.057307 
324 2.867313 0.000000 0.940108 98.602928 0.000000 -4.293366 0.025903 
325 2.649710 0.000000 -0.090504 101.045033 0.000000 -0.000000 -0.021010 
326 2.649710 0.000000 -0.296627 100.088603 0.000000 -8.419877 -0.008862 
327 2.867313 0.000000 -0.090504 100.945113 0.000000 0.000000 -0.018992 
328 2.649710 0.000000 0.115618 101.046519 0.000000 -0.000000 -0.021040 
329 2.214504 0.000000 0.321741 104.246922 0.000000 -16.701834 -0.114637 
330 2.432107 0.000000 0.321741 102.925523 0.000000 -9.718392 -0.068811 
331 2.214504 0.000000 0.527863 99.855055 0.000000 -8.588500 -0.004479 
332 2.323306 0.000000 0.012557 101.161975 0.000000 -0.000000 -0.023375 
333 2.214504 0.000000 0.012557 100.990881 0.000000 0.089524 -0.019917 
334 2.323306 0.000000 -0.090504 101.166022 0.000000 -0.000000 -0.023456 
335 2.432107 0.000000 0.012557 101.128127 0.000000 -0.000000 -0.022690 
336 2.323306 0.000000 0.115618 101.166111 0.000000 -0.000000 -0.023458 
337 3.737725 0.000000 -0.296627 101.934436 0.000000 -4.115179 -0.040756 
338 3.737725 0.000000 -0.708872 101.048275 0.000000 -2.627767 -0.021766 
339 4.172931 0.000000 -0.296627 101.840615 0.000000 -4.253258 -0.038960 
340 3.737725 0.000000 0.115618 94.242422 0.000000 -28.820878 0.028772 
341 3.084916 0.000000 -0.090504 100.867066 0.000000 -0.000000 -0.017416 
342 3.084916 0.000000 -0.296627 104.151684 0.000000 -6.269770 -0.088688 
343 3.302519 0.000000 -0.090504 103.185928 0.000000 -14.949020 -0.087081 
344 3.084916 0.000000 0.115618 100.857614 0.000000 -0.000000 -0.017226 
345 0.800085 0.000000 0.012557 106.591003 0.000000 0.978771 -0.136260 
346 0.691284 0.000000 0.012557 103.281284 0.000000 0.752597 -0.066759 
347 0.800085 0.000000 -0.090504 103.732690 0.000000 0.979055 -0.076143 
348 0.800085 0.000000 0.115618 103.332886 0.000000 1.130923 -0.067896 
349 0.473681 0.000000 0.321741 101.512797 0.000000 1.649937 -0.030757 
350 0.256078 0.000000 0.321741 102.826563 0.000000 1.813481 -0.057659 
351 0.473681 0.000000 0.527863 102.095361 0.000000 1.739886 -0.042649 
352 0.582482 0.000000 0.012557 101.874746 0.000000 0.550956 -0.037877 
353 0.473681 0.000000 0.012557 101.297113 0.000000 0.522336 -0.026138 
354 0.582482 0.000000 -0.090504 102.157404 0.000000 0.853898 -0.043686 
355 0.582482 0.000000 0.115618 102.168597 0.000000 0.915112 -0.043926 
356 0.800085 0.000000 -0.193566 102.301482 0.000000 1.390109 -0.046753 
357 0.691284 0.000000 -0.193566 102.521593 0.000000 1.376920 -0.051257 
358 0.800085 0.000000 -0.296627 101.123002 0.000000 1.610630 -0.022846 
359 0.745685 0.000000 -0.038974 103.632369 0.000000 0.880088 -0.074044 
360 0.691284 0.000000 -0.038974 103.231166 0.000000 0.767578 -0.065726 
361 0.745685 0.000000 -0.090504 103.363452 0.000000 0.944334 -0.068489 
362 0.800085 0.000000 -0.038974 103.973904 0.000000 0.923329 -0.081143 
363 0.745685 0.000000 0.012557 103.705373 0.000000 0.864225 -0.075555 
364 0.854486 0.000000 -0.038974 103.560117 0.000000 0.954143 -0.072561 
365 0.854486 0.000000 -0.090504 103.516861 0.000000 0.995588 -0.071673 
366 0.908887 0.000000 -0.038974 103.050038 0.000000 0.925484 -0.062017 
367 0.854486 0.000000 0.012557 103.335821 0.000000 0.937691 -0.067917 
368 0.800085 0.000000 0.218679 102.210642 0.000000 1.410062 -0.044900 
369 0.691284 0.000000 0.218679 102.416090 0.000000 1.400948 -0.049102 
370 0.908887 0.000000 0.218679 101.014603 0.000000 1.597489 -0.020650 
371 0.800085 0.000000 0.321741 101.132079 0.000000 1.611609 -0.023029 
372 0.745685 0.000000 0.064088 103.503542 0.000000 0.912577 -0.071382 
373 0.691284 0.000000 0.064088 103.144978 0.000000 0.798657 -0.063952 
374 0.800085 0.000000 0.064088 103.856275 0.000000 0.952046 -0.078703 
375 0.745685 0.000000 0.115618 103.208184 0.000000 0.987804 -0.065290 
376 0.772885 0.000000 -0.013208 105.213707 0.000000 1.666506 -0.107270 
377 0.745685 0.000000 -0.013208 103.706176 0.000000 0.863560 -0.075572 
378 0.772885 0.000000 -0.038974 103.590135 0.000000 0.899787 -0.073173 
379 0.800085 0.000000 -0.013208 106.576545 0.000000 0.980299 -0.135952 
380 0.772885 0.000000 0.012557 105.234531 0.000000 1.677532 -0.107712 
381 0.256078 0.000000 -1.121117 101.514335 0.000000 -6.201007 -0.034361 
382 -0.179128 0.000000 -1.121117 101.368740 0.000000 -6.834189 -0.032233 
383 0.256078 0.000000 -1.533362 101.061925 0.000000 -6.473573 -0.025542 
384 0.473681 0.000000 -0.502749 102.428925 0.000000 1.756397 -0.049477 
385 0.256078 0.000000 -0.502749 103.810356 0.000000 1.887469 -0.078015 
386 0.473681 0.000000 -0.708872 103.765465 0.000000 1.879482 -0.077080 
387 0.582482 0.000000 -0.193566 102.499806 0.000000 1.400771 -0.050817 
388 0.473681 0.000000 -0.193566 101.372343 0.000000 1.641296 -0.027905 
389 0.582482 0.000000 -0.296627 101.292106 0.000000 1.631327 -0.026275 
390 0.636883 0.000000 -0.038974 102.842584 0.000000 0.734959 -0.057714 
391 0.582482 0.000000 -0.038974 101.983895 0.000000 0.645235 -0.040113 
392 0.636883 0.000000 -0.090504 102.352988 0.000000 0.886814 -0.047692 
393 0.636883 0.000000 0.012557 102.844799 0.000000 0.716787 -0.057757 
394 0.718484 0.000000 -0.013208 103.678767 0.000000 0.850811 -0.075001 
395 0.691284 0.000000 -0.013208 103.281572 0.000000 0.751965 -0.066765 
396 0.718484 0.000000 -0.038974 103.607522 0.000000 0.868028 -0.073527 
397 0.718484 0.000000 0.012557 103.678125 0.000000 0.851452 -0.074988 
398 0.854486 0.000000 0.064088 103.607814 0.000000 0.973386 -0.073553 
399 0.908887 0.000000 0.064088 103.351565 0.000000 0.996192 -0.068254 
400 0.854486 0.000000 0.115618 103.385816 0.000000 1.030536 -0.068969 
401 0.772885 0.000000 0.038322 103.586938 0.000000 0.901897 -0.073107 
402 0.745685 0.000000 0.038322 103.629733 0.000000 0.882138 -0.073990 
403 0.800085 0.000000 0.038322 103.968437 0.000000 0.925490 -0.081029 
404 0.772885 0.000000 0.064088 103.465207 0.000000 0.930656 -0.070592 
405 0.759285 0.000000 -0.000326 104.643740 0.000000 2.312711 -0.095566 
406 0.745685 0.000000 -0.000326 103.715833 0.000000 0.861604 -0.075772 
407 0.759285 0.000000 -0.013208 104.471998 0.000000 1.804535 -0.091765 
408 0.772885 0.000000 -0.000326 105.331296 0.000000 2.115138 -0.109916 
409 0.759285 0.000000 0.012557 104.485677 0.000000 1.821571 -0.092057 
410 3.737725 0.000000 0.527863 98.183752 0.000000 1.199927 0.035851 
411 4.172931 0.000000 0.527863 98.665677 0.000000 2.497804 0.025885 
412 3.737725 0.000000 0.940108 98.883845 0.000000 -3.299671 0.021110 
413 3.084916 0.000000 0.321741 80.277417 0.000000 -61.883557 -0.027404 
414 2.867313 0.000000 0.321741 96.889723 0.000000 -20.617322 0.018731 
415 3.302519 0.000000 0.321741 95.902944 0.000000 -71.883335 -0.436459 
416 3.084916 0.000000 0.527863 95.811501 0.000000 -4.972997 0.079543 
417 2.976115 0.000000 0.012557 100.866378 0.000000 -0.000000 -0.017403 
418 2.867313 0.000000 0.012557 100.944940 0.000000 -0.000000 -0.018988 
419 2.976115 0.000000 -0.090504 100.874899 0.000000 -0.000000 -0.017575 
420 3.084916 0.000000 0.012557 100.894602 0.000000 -0.000000 -0.017972 
421 2.976115 0.000000 0.115618 100.865181 0.000000 -0.000000 -0.017378 
422 8.524989 0.000000 -19.672147 99.782339 0.000000 -6.927781 -0.000451 
423 8.524989 0.000000 -26.268069 99.772236 0.000000 -6.950331 -0.000281 
424 15.488283 0.000000 -19.672147 99.774856 0.000000 -6.916819 -0.000286 
425 5.043342 0.000000 -9.778264 99.842738 0.000000 -6.809598 -0.001494 
426 5.043342 0.000000 -13.076225 99.813753 0.000000 -6.884559 -0.001018 
427 8.524989 0.000000 -9.778264 99.815788 0.000000 -6.779186 -0.000915 
428 3.302519 0.000000 -4.831323 100.040714 0.000000 -6.513112 -0.005057 
429 3.302519 0.000000 -6.480304 99.952686 0.000000 -6.683207 -0.003520 
430 5.043342 0.000000 -4.831323 99.961952 0.000000 -6.428243 -0.003371 
431 2.432107 0.000000 -2.357852 100.416006 0.000000 -5.976835 -0.011910 
432 2.432107 0.000000 -3.182343 100.267808 0.000000 -6.275061 -0.009301 
433 3.302519 0.000000 -2.357852 100.283129 0.000000 -5.825750 -0.009065 
434 2.867313 0.000000 -1.121117 100.741367 0.000000 -4.663391 -0.017057 
435 2.432107 0.000000 -1.121117 100.730412 0.000000 -4.851161 -0.017015 
436 2.867313 0.000000 -1.533362 100.549932 0.000000 -5.257521 -0.013793 
437 3.302519 0.000000 -1.121117 100.697563 0.000000 -4.356665 -0.015898 
438 3.084916 0.000000 -0.502749 102.588616 0.000000 -6.360262 -0.056488 
439 2.867313 0.000000 -0.502749 101.985910 0.000000 -6.199665 -0.043956 
440 3.084916 0.000000 -0.708872 101.466174 0.000000 -4.592349 -0.031647 
441 3.302519 0.000000 -0.502749 102.482950 0.000000 -6.166572 -0.054078 
442 2.976115 0.000000 -0.193566 106.889266 0.000000 -17.279679 -0.172390 
443 2.867313 0.000000 -0.193566 103.596514 0.000000 -20.355722 -0.114659 
444 2.976115 0.000000 -0.296627 103.832131 0.000000 -8.083471 -0.084645 
445 3.084916 0.000000 -0.193566 107.069396 0.000000 -13.011393 -0.163315 
446 3.520122 0.000000 -0.090504 101.208967 0.000000 -18.643116 -0.059082 
447 3.520122 0.000000 -0.296627 102.034281 0.000000 -4.075999 -0.042761 
448 3.737725 0.000000 -0.090504 100.523643 0.000000 -24.573610 -0.070887 
449 3.520122 0.000000 0.115618 77.824338 0.000000 -49.801919 0.146314 
450 3.193717 0.000000 0.012557 100.880340 0.000000 -0.000000 -0.017684 
451 3.193717 0.000000 -0.090504 100.875579 0.000000 -0.000000 -0.017588 
452 3.302519 0.000000 0.012557 99.842753 0.000000 -10.055668 -0.006969 
453 3.193717 0.000000 0.115618 100.870242 0.000000 -0.000000 -0.017481 
454 3.030515 0.000000 -0.038974 100.871943 0.000000 -0.000000 -0.017515 
455 2.976115 0.000000 -0.038974 100.873317 0.000000 -0.000000 -0.017543 
456 3.030515 0.000000 -0.090504 100.856822 0.000000 -0.000000 -0.017210 
457 3.084916 0.000000 -0.038974 100.884561 0.000000 -0.000000 -0.017769 
458 3.030515 0.000000 0.012557 100.852795 0.000000 0.000000 -0.017129 
459 3.193717 0.000000 -0.193566 105.175671 0.000000 -10.282975 -0.116766 
460 3.193717 0.000000 -0.296627 103.581646 0.000000 -4.887063 -0.075304 
461 3.302519 0.000000 -0.193566 103.371129 0.000000 -9.362446 -0.077325 
462 3.139317 0.000000 -0.038974 100.880651 0.000000 -0.000000 -0.017691 
463 3.139317 0.000000 -0.090504 100.870698 0.000000 -0.000000 -0.017490 
464 3.193717 0.000000 -0.038974 100.878148 0.000000 -0.000000 -0.017640 
465 3.139317 0.000000 0.012557 100.893627 0.000000 -0.000000 -0.017952 
466 2.649710 0.000000 0.321741 102.067921 0.000000 -11.883364 -0.055907 
467 2.649710 0.000000 0.527863 105.536392 0.000000 -40.887557 -0.280972 
468 2.976115 0.000000 0.218679 95.530111 0.000000 -11.875541 0.073297 
469 2.867313 0.000000 0.218679 98.963618 0.000000 -13.414365 0.002626 
470 3.084916 0.000000 0.218679 93.777002 0.000000 -10.624600 0.109299 
471 2.976115 0.000000 0.321741 92.368373 0.000000 -30.914420 0.051238 
472 3.030515 0.000000 0.064088 100.861805 0.000000 -0.000000 -0.017310 
473 2.976115 0.000000 0.064088 100.874021 0.000000 -0.000000 -0.017557 
474 3.084916 0.000000 0.064088 100.868795 0.000000 -0.000000 -0.017451 
475 3.030515 0.000000 0.115618 100.850066 0.000000 -0.000000 -0.017074 
476 3.057716 0.000000 -0.013208 100.892971 0.000000 -0.000000 -0.017939 
477 3.030515 0.000000 -0.013208 100.866289 0.000000 -0.000000 -0.017401 
478 3.057716 0.000000 -0.038974 100.878994 0.000000 -0.000000 -0.017657 
479 3.084916 0.000000 -0.013208 100.894476 0.000000 -0.000000 -0.017970 
480 3.057716 0.000000 0.012557 100.914975 0.000000 -0.000000 -0.018383 
481 2.758512 0.000000 0.012557 101.011725 0.000000 -0.000000 -0.020337 
482 2.649710 0.000000 0.012557 101.069593 0.000000 -0.000000 -0.021506 
483 2.758512 0.000000 -0.090504 101.003257 0.000000 -0.000000 -0.020166 
484 2.758512 0.000000 0.115618 101.010530 0.000000 -0.000000 -0.020313 
485 2.921714 0.000000 -0.038974 100.907425 0.000000 -0.000000 -0.018231 
486 2.867313 0.000000 -0.038974 100.938608 0.000000 0.000000 -0.018860 
487 2.921714 0.000000 -0.090504 100.901357 0.000000 -0.000000 -0.018108 
488 2.921714 0.000000 0.012557 100.896903 0.000000 0.000000 -0.018018 
489 3.003315 0.000000 -0.013208 100.858082 0.000000 -0.000000 -0.017235 
490 2.976115 0.000000 -0.013208 100.866504 0.000000 -0.000000 -0.017405 
491 3.003315 0.000000 -0.038974 100.864447 0.000000 -0.000000 -0.017364 
492 3.003315 0.000000 0.012557 100.857772 0.000000 -0.000000 -0.017229 
493 2.921714 0.000000 0.064088 100.907713 0.000000 -0.000000 -0.018237 
494 2.867313 0.000000 0.064088 100.938115 0.000000 0.000000 -0.018850 
495 2.921714 0.000000 0.115618 100.893338 0.000000 -0.000000 -0.017947 
496 3.003315 0.000000 0.038322 100.864433 0.000000 -0.000000 -0.017363 
497 2.976115 0.000000 0.038322 100.873302 0.000000 -0.000000 -0.017542 
498 3.030515 0.000000 0.038322 100.871933 0.000000 -0.000000 -0.017515 
499 3.003315 0.000000 0.064088 100.862011 0.000000 -0.000000 -0.017315 
500 3.016915 0.000000 -0.000326 100.841891 0.000000 0.000000 -0.016909 
501 3.003315 0.000000 -0.000326 100.846590 0.000000 0.000000 -0.017003 
502 3.016915 0.000000 -0.013208 100.850521 0.000000 0.000000 -0.017083 
503 3.030515 0.000000 -0.000326 100.841578 0.000000 0.000000 -0.016902 
504 3.016915 0.000000 0.012557 100.850098 0.000000 0.000000 -0.017074 
505 2.649710 0.000000 -0.502749 101.229547 0.000000 -5.301349 -0.027553 
506 2.432107 0.000000 -0.502749 101.146091 0.000000 -4.191751 -0.024810 
507 2.649710 0.000000 -0.708872 101.382183 0.000000 -6.661337 -0.032272 
508 2.758512 0.000000 -0.193566 99.885499 0.000000 -19.590819 -0.036091 
509 2.649710 0.000000 -0.193566 98.757888 0.000000 -17.061103 -0.004420 
510 2.758512 0.000000 -0.296627 100.895872 0.000000 -9.288353 -0.026625 
511 2.812912 0.000000 -0.038974 100.983915 0.000000 -0.000000 -0.019775 
512 2.758512 0.000000 -0.038974 101.013896 0.000000 -0.000000 -0.020381 
513 2.812912 0.000000 -0.090504 100.990196 0.000000 -0.000000 -0.019902 
514 2.812912 0.000000 0.012557 100.992338 0.000000 -0.000000 -0.019945 
515 2.894513 0.000000 -0.013208 100.922700 0.000000 -0.000000 -0.018539 
516 2.867313 0.000000 -0.013208 100.944540 0.000000 -0.000000 -0.018980 
517 2.894513 0.000000 -0.038974 100.918997 0.000000 -0.000000 -0.018464 
518 2.921714 0.000000 -0.013208 100.897021 0.000000 0.000000 -0.018021 
519 2.894513 0.000000 0.012557 100.922306 0.000000 -0.000000 -0.018531 
520 2.540909 0.000000 0.012557 101.096373 0.000000 -0.000000 -0.022048 
521 2.540909 0.000000 -0.090504 101.116441 0.000000 -0.000000 -0.022453 
522 2.540909 0.000000 0.115618 101.118012 0.000000 -0.000000 -0.022485 
523 2.704111 0.000000 -0.038974 101.033397 0.000000 -0.000000 -0.020775 
524 2.649710 0.000000 -0.038974 101.054284 0.000000 -0.000000 -0.021197 
525 2.704111 0.000000 -0.090504 101.035979 0.000000 -0.000000 -0.020827 
526 2.704111 0.000000 0.012557 101.034441 0.000000 -0.000000 -0.020796 
527 2.758512 0.000000 0.218679 102.505841 0.000000 -12.626073 -0.066687 
528 2.649710 0.000000 0.218679 104.125445 0.000000 -10.965005 -0.096234 
529 2.758512 0.000000 0.321741 100.161404 0.000000 -15.212042 -0.026371 
530 2.812912 0.000000 0.064088 100.983257 0.000000 -0.000000 -0.019762 
531 2.758512 0.000000 0.064088 101.004230 0.000000 -0.000000 -0.020185 
532 2.812912 0.000000 0.115618 100.978376 0.000000 -0.000000 -0.019663 
533 2.785712 0.000000 -0.013208 100.999832 0.000000 -0.000000 -0.020097 
534 2.758512 0.000000 -0.013208 101.011740 0.000000 -0.000000 -0.020337 
535 2.785712 0.000000 -0.038974 100.995190 0.000000 -0.000000 -0.020003 
536 2.812912 0.000000 -0.013208 100.992251 0.000000 -0.000000 -0.019943 
537 2.785712 0.000000 0.012557 100.999950 0.000000 -0.000000 -0.020099 
538 2.704111 0.000000 0.064088 101.036930 0.000000 -0.000000 -0.020846 
539 2.649710 0.000000 0.064088 101.048347 0.000000 -0.000000 -0.021077 
540 2.704111 0.000000 0.115618 101.017611 0.000000 -0.000000 -0.020456 
541 2.731311 0.000000 -0.013208 101.023486 0.000000 -0.000000 -0.020574 
542 2.704111 0.000000 -0.013208 101.034426 0.000000 -0.000000 -0.020796 
543 2.731311 0.000000 -0.038974 101.028887 0.000000 -0.000000 -0.020684 
544 2.731311 0.000000 0.012557 101.023340 0.000000 -0.000000 -0.020572 
545 2.540909 0.000000 -0.193566 99.045386 0.000000 -14.934644 -0.003303 
546 2.432107 0.000000 -0.193566 100.037091 0.000000 -13.577796 -0.019178 
547 2.540909 0.000000 -0.296627 100.042131 0.000000 -7.526028 -0.006507 
548 2.595309 0.000000 -0.038974 101.065184 0.000000 -0.000000 -0.021417 
549 2.540909 0.000000 -0.038974 101.095268 0.000000 -0.000000 -0.022025 
550 2.595309 0.000000 -0.090504 101.067243 0.000000 -0.000000 -0.021459 
551 2.595309 0.000000 0.012557 101.068855 0.000000 -0.000000 -0.021491 
552 2.676911 0.000000 -0.013208 101.047115 0.000000 -0.000000 -0.021052 
553 2.649710 0.000000 -0.013208 101.069219 0.000000 -0.000000 -0.021499 
554 2.676911 0.000000 -0.038974 101.043944 0.000000 -0.000000 -0.020988 
555 2.676911 0.000000 0.012557 101.047172 0.000000 -0.000000 -0.021053 
556 2.731311 0.000000 0.038322 101.028900 0.000000 -0.000000 -0.020684 
557 2.704111 0.000000 0.038322 101.033430 0.000000 -0.000000 -0.020775 
558 2.758512 0.000000 0.038322 101.013912 0.000000 -0.000000 -0.020381 
559 2.731311 0.000000 0.064088 101.023347 0.000000 -0.000000 -0.020572 
560 2.717711 0.000000 -0.000326 101.020443 0.000000 -0.000000 -0.020513 
561 2.704111 0.000000 -0.000326 100.997430 0.000000 -0.000000 -0.020048 
562 2.717711 0.000000 -0.013208 101.026101 0.000000 -0.000000 -0.020627 
563 2.731311 0.000000 -0.000326 101.019587 0.000000 -0.000000 -0.020496 
564 2.717711 0.000000 0.012557 101.025951 0.000000 -0.000000 -0.020624 
565 2.105703 0.000000 0.012557 100.876532 0.000000 0.168316 -0.017610 
566 1.996901 0.000000 0.012557 101.037105 0.000000 0.106156 -0.020851 
567 2.105703 0.000000 -0.090504 100.742533 0.000000 0.231052 -0.014911 
568 2.105703 0.000000 0.115618 100.685382 0.000000 0.257650 -0.013761 
569 1.996901 0.000000 -1.121117 100.806660 0.000000 -4.922816 -0.018622 
570 1.996901 0.000000 -1.533362 100.716824 0.000000 -5.479477 -0.017390 
571 2.214504 0.000000 -0.502749 101.395913 0.000000 -3.415030 -0.029279 
572 1.996901 0.000000 -0.502749 98.325567 0.000000 1.316848 0.033035 
573 2.214504 0.000000 -0.708872 102.253508 0.000000 -10.224907 -0.056033 
574 2.323306 0.000000 -0.193566 101.191541 0.000000 -12.956210 -0.040759 
575 2.214504 0.000000 -0.193566 97.760112 0.000000 1.378928 0.044106 
576 2.323306 0.000000 -0.296627 101.031442 0.000000 -6.894181 -0.025488 
577 2.268905 0.000000 -0.038974 101.181877 0.000000 -0.000000 -0.023777 
578 2.214504 0.000000 -0.038974 100.968940 0.000000 0.098231 -0.019474 
579 2.268905 0.000000 -0.090504 101.182910 0.000000 -0.000000 -0.023798 
580 2.323306 0.000000 -0.038974 101.158514 0.000000 -0.000000 -0.023304 
581 2.268905 0.000000 0.012557 101.181054 0.000000 -0.000000 -0.023761 
582 5.913754 0.000000 -0.708872 100.393120 0.000000 0.067193 -0.007878 
583 5.913754 0.000000 -1.533362 100.047978 0.000000 -4.587578 -0.003064 
584 6.784166 0.000000 -0.708872 100.358089 0.000000 0.621392 -0.007213 
585 5.913754 0.000000 0.115618 101.205509 0.000000 -9.584135 -0.033441 
586 -19.328185 0.000000 -19.672147 99.766385 0.000000 -6.977508 -0.000202 
587 -26.291479 0.000000 -19.672147 99.762396 0.000000 -6.978143 -0.000123 
588 -19.328185 0.000000 -26.268069 99.764701 0.000000 -6.975539 -0.000165 
589 22.451576 0.000000 -19.672147 99.769222 0.000000 -6.911284 -0.000166 
590 22.451576 0.000000 -26.268069 99.766011 0.000000 -6.940588 -0.000143 
591 29.414870 0.000000 -19.672147 99.765986 0.000000 -6.907766 -0.000097 
592 -8.883245 0.000000 -9.778264 99.795868 0.000000 -6.983700 -0.000799 
593 -12.364892 0.000000 -9.778264 99.780377 0.000000 -6.985655 -0.000492 
594 -8.883245 0.000000 -13.076225 99.789247 0.000000 -6.975153 -0.000655 
595 12.006636 0.000000 -9.778264 99.800543 0.000000 -6.762700 -0.000588 
596 12.006636 0.000000 -13.076225 99.790725 0.000000 -6.850561 -0.000512 
597 15.488283 0.000000 -9.778264 99.789516 0.000000 -6.749687 -0.000351 
598 -3.660775 0.000000 -4.831323 99.910277 0.000000 -7.006567 -0.003116 
599 -5.401598 0.000000 -4.831323 99.852022 0.000000 -7.019295 -0.001970 
600 -3.660775 0.000000 -6.480304 99.882614 0.000000 -6.973354 -0.002516 
601 6.784166 0.000000 -4.831323 99.899737 0.000000 -6.388945 -0.002078 
602 6.784166 0.000000 -6.480304 99.875389 0.000000 -6.591191 -0.001854 
603 8.524989 0.000000 -4.831323 99.860511 0.000000 -6.369998 -0.001270 
604 -1.049540 0.000000 -2.357852 100.316622 0.000000 -7.048534 -0.011311 
605 -1.919951 0.000000 -2.357852 100.120369 0.000000 -7.121815 -0.007481 
606 -1.049540 0.000000 -3.182343 100.198688 0.000000 -6.960790 -0.008823 
607 4.172931 0.000000 -2.357852 100.162012 0.000000 -5.711828 -0.006505 
608 4.172931 0.000000 -3.182343 100.098690 0.000000 -6.085299 -0.005678 
609 5.043342 0.000000 -2.357852 100.060680 0.000000 -5.650569 -0.004407 
610 1.779298 0.000000 -0.502749 98.350119 0.000000 1.325119 0.032550 
611 1.779298 0.000000 -0.708872 98.597923 0.000000 1.279942 0.027681 
612 1.017688 0.000000 0.218679 100.844442 0.000000 1.577960 -0.017209 
613 1.017688 0.000000 0.321741 100.846459 0.000000 1.578419 -0.017250 
614 0.963287 0.000000 -0.038974 102.414492 0.000000 0.907571 -0.048955 
615 0.963287 0.000000 -0.090504 102.165423 0.000000 1.129870 -0.043905 
616 0.963287 0.000000 0.012557 103.048761 0.000000 0.594573 -0.061940 
617 1.072089 0.000000 0.064088 101.909683 0.000000 0.962990 -0.038651 
618 1.017688 0.000000 0.064088 102.000659 0.000000 0.973110 -0.040508 
619 1.072089 0.000000 0.115618 101.916999 0.000000 1.137584 -0.038837 
620 0.963287 0.000000 0.064088 102.755604 0.000000 0.993897 -0.055970 
621 0.963287 0.000000 0.115618 101.788281 0.000000 1.307745 -0.036256 
622 1.670497 0.000000 -0.193566 99.631555 0.000000 1.371614 0.007167 
623 1.670497 0.000000 -0.296627 99.139388 0.000000 1.359209 0.016953 
624 1.779298 0.000000 -0.193566 98.551880 0.000000 1.322940 0.028578 
625 1.888100 0.000000 0.012557 100.648746 0.000000 0.277817 -0.013025 
626 1.888100 0.000000 -0.090504 100.468116 0.000000 0.355731 -0.009397 
627 1.888100 0.000000 0.115618 100.203547 0.000000 0.474256 -0.004098 
628 1.303292 0.000000 -0.000326 100.775544 0.000000 0.628797 -0.015611 
629 1.303292 0.000000 -0.013208 100.394236 0.000000 0.759252 -0.007958 
630 1.303292 0.000000 0.012557 100.963352 0.000000 0.622672 -0.019399 
631 1.670497 0.000000 0.218679 99.625302 0.000000 1.371333 0.007292 
632 1.779298 0.000000 0.218679 98.551216 0.000000 1.322899 0.028591 
633 1.670497 0.000000 0.321741 99.134540 0.000000 1.358920 0.017050 
634 1.888100 0.000000 0.218679 98.351941 0.000000 1.324491 0.032514 
635 1.996901 0.000000 0.218679 98.468651 0.000000 1.295086 0.030225 
636 1.888100 0.000000 0.321741 98.351507 0.000000 1.324636 0.032523 
637 1.371293 0.000000 0.038322 101.329939 0.000000 0.589975 -0.026810 
638 1.398493 0.000000 0.038322 101.360285 0.000000 0.543169 -0.027420 
639 1.371293 0.000000 0.064088 101.236525 0.000000 0.749273 -0.024940 
640 5.913754 0.000000 -2.357852 99.989177 0.000000 -5.615768 -0.002937 
641 5.913754 0.000000 -3.182343 99.965564 0.000000 -6.016554 -0.002931 
642 6.784166 0.000000 -2.357852 99.944361 0.000000 -5.585271 -0.002007 
643 3.737725 0.000000 -1.121117 100.571354 0.000000 -4.044575 -0.013096 
644 3.737725 0.000000 -1.533362 100.393975 0.000000 -4.971633 -0.010367 
645 4.172931 0.000000 -1.121117 100.435826 0.000000 -3.798652 -0.010178 
646 2.105703 0.000000 -0.193566 98.588944 0.000000 1.281139 0.027858 
647 1.996901 0.000000 -0.193566 98.453659 0.000000 1.301813 0.030518 
648 2.105703 0.000000 -0.296627 98.590043 0.000000 1.280992 0.027836 
649 5.913754 0.000000 0.940108 99.818230 0.000000 -2.868610 0.002809 
650 6.784166 0.000000 0.940108 99.922600 0.000000 -3.283124 0.000470 
651 5.913754 0.000000 1.764599 99.665046 0.000000 -5.168700 0.004016 
652 2.105703 0.000000 0.218679 98.416927 0.000000 1.316060 0.031238 
653 2.214504 0.000000 0.218679 97.773395 0.000000 1.382297 0.043845 
654 2.105703 0.000000 0.321741 98.589645 0.000000 1.281045 0.027844 
655 2.323306 0.000000 0.218679 103.131213 0.000000 -8.792238 -0.071335 
656 2.432107 0.000000 0.218679 103.869432 0.000000 -9.153452 -0.087264 
657 2.323306 0.000000 0.321741 103.320509 0.000000 -11.717303 -0.081242 
658 3.520122 0.000000 -0.502749 102.120179 0.000000 -5.653411 -0.046049 
659 3.520122 0.000000 -0.708872 101.184255 0.000000 -3.092440 -0.024782 
660 3.737725 0.000000 -0.502749 101.848258 0.000000 -4.734626 -0.039548 
661 0.582482 0.000000 0.218679 101.350882 0.000000 1.638211 -0.027468 
662 0.473681 0.000000 0.218679 101.382442 0.000000 1.642501 -0.028110 
663 0.582482 0.000000 0.321741 101.305361 0.000000 1.632870 -0.026544 
664 0.636883 0.000000 0.064088 102.828968 0.000000 0.770287 -0.057439 
665 0.582482 0.000000 0.064088 102.122190 0.000000 0.791733 -0.042957 
666 0.636883 0.000000 0.115618 102.310982 0.000000 0.937561 -0.046842 
667 0.718484 0.000000 0.038322 103.605340 0.000000 0.870014 -0.073482 
668 0.691284 0.000000 0.038322 103.230111 0.000000 0.769536 -0.065705 
669 0.718484 0.000000 0.064088 103.485120 0.000000 0.901467 -0.070998 
670 3.520122 0.000000 0.321741 99.821462 0.000000 14.060579 -0.016202 
671 3.737725 0.000000 0.321741 99.163820 0.000000 12.828746 0.000196 
672 3.520122 0.000000 0.527863 97.730072 0.000000 0.132645 0.044882 
673 3.193717 0.000000 0.218679 91.380278 0.000000 -15.165182 0.141966 
674 3.302519 0.000000 0.218679 78.942450 0.000000 -41.552002 0.204152 
675 3.193717 0.000000 0.321741 71.525081 0.000000 -95.986275 -0.432920 
676 3.139317 0.000000 0.064088 100.874601 0.000000 -0.000000 -0.017569 
677 3.193717 0.000000 0.064088 100.875362 0.000000 -0.000000 -0.017584 
678 3.139317 0.000000 0.115618 100.868038 0.000000 -0.000000 -0.017436 
679 2.540909 0.000000 0.218679 104.355121 0.000000 -9.815747 -0.098634 
680 2.540909 0.000000 0.321741 102.671160 0.000000 -9.944272 -0.064026 
681 3.057716 0.000000 0.038322 100.879069 0.000000 -0.000000 -0.017659 
682 3.084916 0.000000 0.038322 100.884710 0.000000 -0.000000 -0.017772 
683 3.057716 0.000000 0.064088 100.868733 0.000000 -0.000000 -0.017450 
684 2.948914 0.000000 -0.013208 100.881516 0.000000 -0.000000 -0.017708 
685 2.948914 0.000000 -0.038974 100.887122 0.000000 -0.000000 -0.017821 
686 2.948914 0.000000 0.012557 100.881428 0.000000 -0.000000 -0.017706 
687 2.948914 0.000000 0.038322 100.887112 0.000000 -0.000000 -0.017821 
688 2.921714 0.000000 0.038322 100.907419 0.000000 -0.000000 -0.018231 
689 2.948914 0.000000 0.064088 100.887585 0.000000 -0.000000 -0.017830 
690 2.840113 0.000000 -0.013208 100.980673 0.000000 -0.000000 -0.019710 
691 2.840113 0.000000 -0.038974 100.971228 0.000000 -0.000000 -0.019519 
692 2.840113 0.000000 0.012557 100.980747 0.000000 -0.000000 -0.019711 
693 2.595309 0.000000 0.064088 101.065402 0.000000 -0.000000 -0.021422 
694 2.540909 0.000000 0.064088 101.102215 0.000000 -0.000000 -0.022166 
695 2.595309 0.000000 0.115618 101.071244 0.000000 -0.000000 -0.021540 
696 2.785712 0.000000 0.038322 100.995207 0.000000 -0.000000 -0.020003 
697 2.812912 0.000000 0.038322 100.983929 0.000000 -0.000000 -0.019775 
698 2.785712 0.000000 0.064088 100.994393 0.000000 -0.000000 -0.019987 
699 2.840113 0.000000 0.038322 100.971237 0.000000 -0.000000 -0.019519 
700 2.867313 0.000000 0.038322 100.948878 0.000000 0.000000 -0.019068 
701 2.840113 0.000000 0.064088 100.958982 0.000000 0.000000 -0.019272 
702 2.676911 0.000000 0.038322 101.044029 0.000000 -0.000000 -0.020990 
703 2.649710 0.000000 0.038322 101.054502 0.000000 -0.000000 -0.021201 
704 2.676911 0.000000 0.064088 101.041065 0.000000 -0.000000 -0.020930 
705 1.888100 0.000000 -0.193566 98.351820 0.000000 1.324532 0.032517 
706 1.888100 0.000000 -0.296627 98.351335 0.000000 1.324694 0.032526 
707 2.894513 0.000000 0.038322 100.918928 0.000000 -0.000000 -0.018463 
708 2.894513 0.000000 0.064088 100.924660 0.000000 -0.000000 -0.018579 
1 19 21 9 22 
2 20 19 22 4 
3 28 29 3 30 
4 21 28 30 9 
5 35 37 21 38 
6 36 35 38 19 
7 44 45 28 46 
8 37 44 46 21 
9 51 53 37 54 
10 52 51 54 35 
11 60 61 44 62 
12 53 60 62 37 
13 67 69 53 70 
14 68 67 70 51 
15 11 78 76 77 
16 78 10 24 76 
17 76 24 14 79 
18 77 76 79 6 
19 24 82 80 81 
20 82 23 40 80 
21 80 40 27 83 
22 81 80 83 14 
23 40 86 84 85 
24 86 39 56 84 
25 84 56 43 87 
26 85 84 87 27 
27 56 90 88 89 
28 90 55 72 88 
29 88 72 59 91 
30 89 88 91 43 
31 92 93 60 94 
32 69 92 94 53 
33 95 97 69 98 
34 96 95 98 67 
35 72 101 99 100 
36 100 99 103 59 
37 6 79 112 113 
38 79 14 36 112 
39 112 36 19 114 
40 113 112 114 20 
41 14 83 115 116 
42 83 27 52 115 
43 115 52 35 117 
44 116 115 117 36 
45 27 87 118 119 
46 87 43 68 118 
47 118 68 51 120 
48 119 118 120 52 
49 43 91 121 122 
50 91 59 96 121 
51 121 96 67 123 
52 122 121 123 68 
53 59 103 124 125 
54 124 126 95 127 
55 125 124 127 96 
56 99 130 128 129 
57 129 128 132 103 
58 133 134 92 135 
59 97 133 135 69 
60 136 137 97 138 
61 126 136 138 95 
62 151 153 136 154 
63 152 151 154 126 
64 12 162 160 161 
65 162 7 163 160 
66 160 163 13 25 
67 161 160 25 10 
68 25 166 164 165 
69 166 13 167 164 
70 164 167 26 41 
71 165 164 41 23 
72 41 170 168 169 
73 170 26 171 168 
74 168 171 42 57 
75 169 168 57 39 
76 57 174 172 173 
77 174 42 175 172 
78 172 175 58 73 
79 173 172 73 55 
80 73 178 176 177 
81 178 58 179 176 
82 176 179 74 109 
83 177 176 109 71 
84 71 182 180 181 
85 182 109 183 180 
86 180 183 108 140 
87 181 180 140 102 
88 140 186 184 185 
89 186 108 187 184 
90 184 187 141 157 
91 185 184 157 139 
92 188 189 133 190 
93 137 188 190 97 
94 191 192 137 193 
95 153 191 193 136 
96 157 200 198 199 
97 200 141 201 198 
98 198 201 158 202 
99 199 198 202 155 
100 109 204 203 183 
101 204 74 205 203 
102 203 205 110 148 
103 183 203 148 108 
104 108 207 206 187 
105 207 148 208 206 
106 206 208 147 195 
107 187 206 195 141 
108 214 149 215 213 
109 213 215 5 216 
110 195 219 217 218 
111 219 147 220 217 
112 141 223 222 201 
113 223 195 218 222 
114 222 218 194 224 
115 201 222 224 158 
116 111 197 225 226 
117 197 150 227 225 
118 225 227 191 228 
119 226 225 228 153 
120 229 231 150 232 
121 230 229 232 197 
122 218 235 233 234 
123 235 217 236 233 
124 234 233 237 194 
125 148 239 238 208 
126 239 110 240 238 
127 238 240 149 214 
128 208 238 214 147 
129 147 242 241 220 
130 242 214 243 241 
131 241 243 213 244 
132 217 246 245 236 
133 246 220 247 245 
134 158 224 249 250 
135 224 194 230 249 
136 249 230 197 251 
137 250 249 251 111 
138 194 237 252 253 
139 237 221 254 252 
140 252 254 229 255 
141 253 252 255 230 
142 233 258 256 257 
143 258 236 259 256 
144 256 259 221 260 
145 257 256 260 237 
146 261 262 188 263 
147 192 261 263 137 
148 150 216 264 227 
149 216 5 265 264 
150 264 265 192 266 
151 227 264 266 191 
152 244 213 268 267 
153 267 268 216 269 
154 231 267 269 150 
155 220 271 270 247 
156 271 241 272 270 
157 270 272 244 273 
158 247 270 273 196 
159 221 248 274 254 
160 248 196 275 274 
161 274 275 231 276 
162 254 274 276 229 
163 245 279 277 278 
164 279 247 280 277 
165 277 280 196 281 
166 278 277 281 248 
167 149 283 282 215 
168 283 209 284 282 
169 282 284 212 285 
170 215 282 285 5 
171 15 287 286 33 
172 287 17 288 286 
173 286 288 8 289 
174 33 286 289 18 
175 31 291 290 49 
176 291 33 292 290 
177 290 292 18 293 
178 49 290 293 34 
179 295 49 296 294 
180 294 296 34 297 
181 299 65 300 298 
182 298 300 50 301 
183 18 289 310 45 
184 289 8 311 310 
185 310 311 29 312 
186 45 310 312 28 
187 34 293 313 61 
188 293 18 314 313 
189 313 314 45 315 
190 61 313 315 44 
191 297 34 317 316 
192 316 317 61 318 
193 93 316 318 60 
194 301 50 320 319 
195 319 320 93 321 
196 134 319 321 92 
197 322 323 134 324 
198 189 322 324 133 
199 329 330 189 331 
200 262 329 331 188 
201 334 308 335 332 
202 332 335 107 336 
203 333 332 336 309 
204 338 298 339 337 
205 337 339 301 340 
206 103 132 349 350 
207 349 152 126 351 
208 350 349 351 124 
209 128 354 352 353 
210 353 352 355 132 
211 102 358 356 357 
212 358 140 185 356 
213 356 185 139 347 
214 357 356 347 131 
215 131 361 359 360 
216 361 347 362 359 
217 347 365 364 362 
218 365 139 366 364 
219 364 366 156 367 
220 362 364 367 345 
221 75 348 368 369 
222 348 142 370 368 
223 368 370 151 371 
224 369 368 371 152 
225 372 374 348 375 
226 373 372 375 75 
227 359 378 376 377 
228 378 362 379 376 
229 376 379 345 380 
230 55 383 381 382 
231 383 73 177 381 
232 381 177 71 101 
233 382 381 101 72 
234 101 386 384 385 
235 386 71 181 384 
236 384 181 102 130 
237 385 384 130 99 
238 130 389 387 388 
239 389 102 357 387 
240 387 357 131 354 
241 388 387 354 128 
242 354 392 390 391 
243 392 131 360 390 
244 390 360 346 393 
245 391 390 393 352 
246 360 396 394 395 
247 396 359 377 394 
248 394 377 363 397 
249 395 394 397 346 
250 345 367 398 374 
251 367 156 399 398 
252 398 399 142 400 
253 374 398 400 348 
254 363 380 401 402 
255 380 345 403 401 
256 401 403 374 404 
257 402 401 404 372 
258 377 407 405 406 
259 407 376 408 405 
260 405 408 380 409 
261 406 405 409 363 
262 340 301 411 410 
263 410 411 319 412 
264 323 410 412 134 
265 413 415 323 416 
266 414 413 416 322 
267 7 423 422 163 
268 423 16 424 422 
269 422 424 15 32 
270 163 422 32 13 
271 13 426 425 167 
272 426 32 427 425 
273 425 427 31 48 
274 167 425 48 26 
275 26 429 428 171 
276 429 48 430 428 
277 428 430 47 64 
278 171 428 64 42 
279 42 432 431 175 
280 432 64 433 431 
281 431 433 63 105 
282 175 431 105 58 
283 105 436 434 435 
284 436 63 437 434 
285 434 437 106 303 
286 435 434 303 104 
287 303 440 438 439 
288 440 106 441 438 
289 438 441 304 342 
290 439 438 342 302 
291 302 444 442 443 
292 444 342 445 442 
293 442 445 341 419 
294 443 442 419 327 
295 304 447 446 343 
296 447 337 448 446 
297 446 448 340 449 
298 343 446 449 66 
299 451 343 452 450 
300 450 452 66 453 
301 419 456 454 455 
302 456 341 457 454 
303 342 460 459 445 
304 460 304 461 459 
305 459 461 343 451 
306 445 459 451 341 
307 341 463 462 457 
308 463 451 464 462 
309 462 464 450 465 
310 457 462 465 420 
311 466 414 322 467 
312 330 466 467 189 
313 305 421 468 469 
314 421 344 470 468 
315 468 470 413 471 
316 469 468 471 414 
317 472 474 344 475 
318 473 472 475 421 
319 454 478 476 477 
320 478 457 479 476 
321 476 479 420 480 
322 477 476 480 458 
323 327 487 485 486 
324 487 419 455 485 
325 455 491 489 490 
326 491 454 477 489 
327 490 489 492 417 
328 493 473 421 495 
329 494 493 495 305 
330 417 492 496 497 
331 492 458 498 496 
332 496 498 472 499 
333 497 496 499 473 
334 489 502 500 501 
335 502 477 503 500 
336 500 503 458 504 
337 501 500 504 492 
338 104 507 505 506 
339 507 303 439 505 
340 505 439 302 326 
341 506 505 326 145 
342 326 510 508 509 
343 510 302 443 508 
344 508 443 327 483 
345 509 508 483 325 
346 483 513 511 512 
347 513 327 486 511 
348 486 517 515 516 
349 517 485 518 515 
350 515 518 488 519 
351 516 515 519 418 
352 308 521 520 335 
353 335 520 522 107 
354 325 525 523 524 
355 525 483 512 523 
356 328 484 527 528 
357 484 305 469 527 
358 527 469 414 529 
359 528 527 529 466 
360 530 494 305 532 
361 531 530 532 484 
362 512 535 533 534 
363 535 511 536 533 
364 533 536 514 537 
365 534 533 537 481 
366 538 531 484 540 
367 539 538 540 328 
368 523 543 541 542 
369 543 512 534 541 
370 541 534 481 544 
371 145 547 545 546 
372 547 326 509 545 
373 545 509 325 521 
374 546 545 521 308 
375 521 550 548 549 
376 550 325 524 548 
377 548 524 482 551 
378 549 548 551 520 
379 524 554 552 553 
380 554 523 542 552 
381 552 542 526 555 
382 553 552 555 482 
383 526 544 556 557 
384 544 481 558 556 
385 556 558 531 559 
386 557 556 559 538 
387 542 562 560 561 
388 562 541 563 560 
389 560 563 544 564 
390 561 560 564 526 
391 211 567 565 566 
392 567 306 333 565 
393 565 333 309 568 
394 566 565 568 146 
395 58 570 569 179 
396 570 105 435 569 
397 569 435 104 144 
398 179 569 144 74 
399 144 573 571 572 
400 573 104 506 571 
401 571 506 145 307 
402 572 571 307 143 
403 307 576 574 575 
404 576 145 546 574 
405 574 546 308 334 
406 575 574 334 306 
407 306 579 577 578 
408 579 334 580 577 
409 577 580 332 581 
410 578 577 581 333 
411 65 583 582 300 
412 583 294 584 582 
413 582 584 297 585 
414 300 582 585 50 
415 1 588 586 587 
416 588 12 161 586 
417 586 161 10 78 
418 587 586 78 11 
419 16 590 589 424 
420 590 2 591 589 
421 589 591 17 287 
422 424 589 287 15 
423 10 594 592 593 
424 594 25 165 592 
425 592 165 23 82 
426 593 592 82 24 
427 32 596 595 427 
428 596 15 597 595 
429 595 597 33 291 
430 427 595 291 31 
431 23 600 598 599 
432 600 41 169 598 
433 598 169 39 86 
434 599 598 86 40 
435 48 602 601 430 
436 602 31 603 601 
437 601 603 49 295 
438 430 601 295 47 
439 39 606 604 605 
440 606 57 173 604 
441 604 173 55 90 
442 605 604 90 56 
443 64 608 607 433 
444 608 47 609 607 
445 607 609 65 299 
446 433 607 299 63 
447 74 611 610 205 
448 611 144 572 610 
449 610 572 143 210 
450 205 610 210 110 
451 142 159 612 370 
452 159 111 226 612 
453 612 226 153 613 
454 370 612 613 151 
455 139 615 614 366 
456 615 157 199 614 
457 614 199 155 616 
458 366 614 616 156 
459 155 202 617 618 
460 202 158 250 617 
461 617 250 111 619 
462 618 617 619 159 
463 156 616 620 399 
464 616 155 618 620 
465 620 618 159 621 
466 399 620 621 142 
467 110 623 622 240 
468 623 210 624 622 
469 622 624 209 283 
470 240 622 283 149 
471 209 626 625 284 
472 626 211 566 625 
473 625 566 146 627 
474 284 625 627 212 
475 236 629 628 259 
476 629 245 278 628 
477 628 278 248 630 
478 259 628 630 221 
479 5 285 631 265 
480 285 212 632 631 
481 631 632 261 633 
482 265 631 633 192 
483 212 627 634 632 
484 627 146 635 634 
485 634 635 262 636 
486 632 634 636 261 
487 196 273 637 275 
488 273 244 638 637 
489 637 638 267 639 
490 275 637 639 231 
491 47 641 640 609 
492 641 295 642 640 
493 640 642 294 583 
494 609 640 583 65 
495 63 644 643 437 
496 644 299 645 643 
497 643 645 298 338 
498 437 643 338 106 
499 143 648 646 647 
500 648 307 575 646 
501 646 575 306 567 
502 647 646 567 211 
503 50 585 649 320 
504 585 297 650 649 
505 649 650 316 651 
506 320 649 651 93 
507 146 568 652 635 
508 568 309 653 652 
509 652 653 329 654 
510 635 652 654 262 
511 309 336 655 653 
512 336 107 656 655 
513 655 656 330 657 
514 653 655 657 329 
515 106 659 658 441 
516 659 338 660 658 
517 658 660 337 447 
518 441 658 447 304 
519 132 355 661 662 
520 355 75 369 661 
521 661 369 152 663 
522 662 661 663 349 
523 352 393 664 665 
524 393 346 373 664 
525 664 373 75 666 
526 665 664 666 355 
527 346 397 667 668 
528 397 363 402 667 
529 667 402 372 669 
530 668 667 669 373 
531 66 449 670 415 
532 449 340 671 670 
533 670 671 410 672 
534 415 670 672 323 
535 344 453 673 470 
536 453 66 674 673 
537 673 674 415 675 
538 470 673 675 413 
539 420 465 676 474 
540 465 450 677 676 
541 676 677 453 678 
542 474 676 678 344 
543 107 522 679 656 
544 522 328 528 679 
545 679 528 466 680 
546 656 679 680 330 
547 458 480 681 498 
548 480 420 682 681 
549 681 682 474 683 
550 498 681 683 472 
551 485 685 684 518 
552 685 455 490 684 
553 684 490 417 686 
554 518 684 686 488 
555 488 686 687 688 
556 686 417 497 687 
557 687 497 473 689 
558 688 687 689 493 
559 511 691 690 536 
560 691 486 516 690 
561 690 516 418 692 
562 536 690 692 514 
563 520 551 693 694 
564 551 482 539 693 
565 693 539 328 695 
566 694 693 695 522 
567 481 537 696 558 
568 537 514 697 696 
569 696 697 530 698 
570 558 696 698 531 
571 514 692 699 697 
572 692 418 700 699 
573 699 700 494 701 
574 697 699 701 530 
575 482 555 702 703 
576 555 526 557 702 
577 702 557 538 704 
578 703 702 704 539 
579 210 706 705 624 
580 706 143 647 705 
581 705 647 211 626 
582 624 705 626 209 
583 418 519 707 700 
584 519 488 688 707 
585 707 688 493 708 
586 700 707 708 494 
