2 0.000000 100.000000 473.401889
661 547 
1 -24.047190 0.000000 -24.026197 99.942685 0.000000 -3.490639 -0.000072 
2 27.848162 0.000000 -24.026197 99.942847 0.000000 -3.467260 -0.000059 
3 27.848162 0.000000 24.281430 99.936500 0.000000 -3.469498 0.000066 
4 -24.047190 0.000000 24.281430 99.935627 0.000000 -3.490703 0.000069 
5 1.900486 0.000000 0.127617 103.278099 0.000000 0.574539 -0.066670 
6 -24.047190 0.000000 0.127617 99.939201 0.000000 -3.494760 -0.000006 
7 1.900486 0.000000 -24.026197 99.949900 0.000000 -3.478600 -0.000208 
8 27.848162 0.000000 0.127617 99.961907 0.000000 -2.829645 -0.000039 
9 1.900486 0.000000 24.281430 99.928716 0.000000 -3.478962 0.000215 
10 -11.073352 0.000000 -11.949290 99.953912 0.000000 -3.492558 -0.000298 
11 -24.047190 0.000000 -11.949290 99.942599 0.000000 -3.492880 -0.000072 
12 -11.073352 0.000000 -24.026197 99.946791 0.000000 -3.487887 -0.000153 
13 1.900486 0.000000 -11.949290 99.975464 0.000000 -3.448537 -0.000699 
14 -11.073352 0.000000 0.127617 99.939218 0.000000 -3.511251 -0.000018 
15 14.874324 0.000000 -11.949290 99.952015 0.000000 -3.410976 -0.000204 
16 14.874324 0.000000 -24.026197 99.946406 0.000000 -3.469976 -0.000132 
17 27.848162 0.000000 -11.949290 99.944606 0.000000 -3.405146 -0.000052 
18 14.874324 0.000000 0.127617 99.804260 0.000000 -7.324380 -0.001454 
19 -11.073352 0.000000 12.204524 99.924692 0.000000 -3.492752 0.000286 
20 -24.047190 0.000000 12.204524 99.935771 0.000000 -3.492933 0.000064 
21 1.900486 0.000000 12.204524 99.902699 0.000000 -3.448953 0.000756 
22 -11.073352 0.000000 24.281430 99.931622 0.000000 -3.488040 0.000150 
23 -4.586433 0.000000 -5.910837 99.998471 0.000000 -3.502895 -0.001196 
24 -11.073352 0.000000 -5.910837 99.953863 0.000000 -3.502053 -0.000304 
25 -4.586433 0.000000 -11.949290 99.969856 0.000000 -3.481022 -0.000609 
26 1.900486 0.000000 -5.910837 100.070902 0.000000 -3.352936 -0.002543 
27 -4.586433 0.000000 0.127617 99.936307 0.000000 -3.583906 -0.000011 
28 14.874324 0.000000 12.204524 99.929379 0.000000 -3.413854 0.000246 
29 27.848162 0.000000 12.204524 99.938440 0.000000 -3.418956 0.000062 
30 14.874324 0.000000 24.281430 99.932626 0.000000 -3.470981 0.000142 
31 8.387405 0.000000 -5.910837 99.980205 0.000000 -3.259165 -0.000666 
32 8.387405 0.000000 -11.949290 99.961257 0.000000 -3.422996 -0.000397 
33 14.874324 0.000000 -5.910837 99.953272 0.000000 -3.264794 -0.000132 
34 8.387405 0.000000 0.127617 100.085780 0.000000 -0.408456 -0.001733 
35 -4.586433 0.000000 6.166070 99.880201 0.000000 -3.502867 0.001168 
36 -11.073352 0.000000 6.166070 99.924846 0.000000 -3.502157 0.000276 
37 1.900486 0.000000 6.166070 99.805077 0.000000 -3.351425 0.002771 
38 -4.586433 0.000000 12.204524 99.908950 0.000000 -3.481452 0.000608 
39 -1.342973 0.000000 -2.891610 100.184190 0.000000 -3.498522 -0.004911 
40 -4.586433 0.000000 -2.891610 100.001722 0.000000 -3.542757 -0.001290 
41 -1.342973 0.000000 -5.910837 100.053644 0.000000 -3.456461 -0.002268 
42 1.900486 0.000000 -2.891610 100.222428 0.000000 -3.142011 -0.005441 
43 -1.342973 0.000000 0.127617 99.797266 0.000000 -4.076636 0.002389 
44 8.387405 0.000000 6.166070 99.904418 0.000000 -3.253152 0.000852 
45 14.874324 0.000000 6.166070 99.938564 0.000000 -3.276801 0.000155 
46 8.387405 0.000000 12.204524 99.918437 0.000000 -3.423800 0.000458 
47 5.143945 0.000000 -2.891610 100.078669 0.000000 -3.009125 -0.002479 
48 5.143945 0.000000 -5.910837 100.023948 0.000000 -3.276596 -0.001553 
49 8.387405 0.000000 -2.891610 99.964592 0.000000 -3.033176 -0.000212 
50 5.143945 0.000000 0.127617 100.679497 0.000000 10.082468 -0.023802 
51 -1.342973 0.000000 3.146843 99.703923 0.000000 -3.493243 0.004693 
52 -4.586433 0.000000 3.146843 99.875663 0.000000 -3.540941 0.001231 
53 1.900486 0.000000 3.146843 99.623414 0.000000 -3.157397 0.006521 
54 -1.342973 0.000000 6.166070 99.824772 0.000000 -3.457100 0.002306 
55 0.278756 0.000000 -1.381997 100.713351 0.000000 -2.762939 -0.015081 
56 -1.342973 0.000000 -1.381997 100.315325 0.000000 -3.660024 -0.007656 
57 0.278756 0.000000 -2.891610 100.276671 0.000000 -3.305807 -0.006634 
58 1.900486 0.000000 -1.381997 100.179279 0.000000 -2.695847 -0.004316 
59 0.278756 0.000000 0.127617 101.812106 0.000000 0.000000 -0.036570 
60 5.143945 0.000000 3.146843 99.804490 0.000000 -2.970801 0.003024 
61 8.387405 0.000000 3.146843 99.923968 0.000000 -2.979012 0.000633 
62 5.143945 0.000000 6.166070 99.854728 0.000000 -3.269951 0.001834 
63 3.522216 0.000000 -1.381997 100.123809 0.000000 -3.309430 -0.003573 
64 3.522216 0.000000 -2.891610 100.147285 0.000000 -3.076884 -0.003895 
65 5.143945 0.000000 -1.381997 100.262733 0.000000 -2.960729 -0.006138 
66 3.522216 0.000000 0.127617 101.737882 0.000000 -0.000000 -0.035060 
67 0.278756 0.000000 1.637230 99.302171 0.000000 -2.995173 0.013011 
68 -1.342973 0.000000 1.637230 99.575886 0.000000 -3.597958 0.007170 
69 1.900486 0.000000 1.637230 99.506464 0.000000 -2.943062 0.008980 
70 0.278756 0.000000 3.146843 99.609018 0.000000 -3.332068 0.006694 
71 1.089621 0.000000 -0.627190 102.378026 0.000000 0.839628 -0.048197 
72 0.278756 0.000000 -0.627190 101.633496 0.000000 -0.657687 -0.032980 
73 1.089621 0.000000 -1.381997 100.382118 0.000000 -2.579558 -0.008322 
74 1.900486 0.000000 -0.627190 101.452541 0.000000 1.070846 -0.029376 
75 1.089621 0.000000 0.127617 101.937591 0.000000 0.721875 -0.039179 
76 3.522216 0.000000 1.637230 99.599040 0.000000 -2.774882 0.007233 
77 5.143945 0.000000 1.637230 99.733049 0.000000 -2.609793 0.004651 
78 3.522216 0.000000 3.146843 99.707490 0.000000 -3.032738 0.004922 
79 2.711351 0.000000 -0.627190 98.715770 0.000000 -4.725250 0.023287 
80 2.711351 0.000000 -1.381997 100.023606 0.000000 -3.007767 -0.001377 
81 3.522216 0.000000 -0.627190 100.065107 0.000000 -5.909465 -0.004795 
82 2.711351 0.000000 0.127617 101.841259 0.000000 0.000000 -0.037164 
83 1.089621 0.000000 0.882423 102.433975 0.000000 0.765823 -0.049331 
84 0.278756 0.000000 0.882423 98.764015 0.000000 -1.679814 0.024285 
85 1.900486 0.000000 0.882423 101.174673 0.000000 1.075496 -0.023747 
86 1.089621 0.000000 1.637230 99.473495 0.000000 -2.889886 0.009667 
87 1.495054 0.000000 -0.249787 101.909323 0.000000 0.956162 -0.038642 
88 1.089621 0.000000 -0.249787 101.997516 0.000000 0.929743 -0.040436 
89 1.495054 0.000000 -0.627190 101.908940 0.000000 0.954030 -0.038634 
90 1.900486 0.000000 -0.249787 101.816888 0.000000 0.975887 -0.036763 
91 1.495054 0.000000 0.127617 101.410298 0.000000 0.670162 -0.028450 
92 -17.560271 0.000000 -5.910837 99.944133 0.000000 -3.496877 -0.000106 
93 -24.047190 0.000000 -5.910837 99.941331 0.000000 -3.494175 -0.000048 
94 -17.560271 0.000000 -11.949290 99.945972 0.000000 -3.493589 -0.000140 
95 -17.560271 0.000000 0.127617 99.939264 0.000000 -3.498673 -0.000010 
96 -7.829892 0.000000 -2.891610 99.960483 0.000000 -3.522609 -0.000451 
97 -11.073352 0.000000 -2.891610 99.948545 0.000000 -3.507753 -0.000202 
98 -7.829892 0.000000 -5.910837 99.966683 0.000000 -3.504811 -0.000562 
99 -7.829892 0.000000 0.127617 99.939045 0.000000 -3.530321 -0.000028 
100 -2.964703 0.000000 -1.381997 100.040814 0.000000 -3.629144 -0.002134 
101 -4.586433 0.000000 -1.381997 99.979481 0.000000 -3.571206 -0.000865 
102 -2.964703 0.000000 -2.891610 100.064216 0.000000 -3.551972 -0.002546 
103 -2.964703 0.000000 0.127617 99.925866 0.000000 -3.677346 0.000130 
104 -0.532109 0.000000 -0.627190 101.509565 0.000000 -3.984595 -0.032007 
105 -1.342973 0.000000 -0.627190 100.257525 0.000000 -3.931515 -0.006703 
106 -0.532109 0.000000 -1.381997 100.680634 0.000000 -3.408057 -0.014820 
107 -0.532109 0.000000 0.127617 98.677513 0.000000 -6.032076 0.022636 
108 0.684189 0.000000 -0.249787 102.409479 0.000000 0.810705 -0.048836 
109 0.278756 0.000000 -0.249787 101.885639 0.000000 -1.434456 -0.038274 
110 0.684189 0.000000 -0.627190 100.378123 0.000000 -0.710156 -0.007627 
111 0.684189 0.000000 0.127617 104.551805 0.000000 0.400307 -0.093124 
112 2.711351 0.000000 0.882423 99.430006 0.000000 -3.110144 0.010400 
113 3.522216 0.000000 0.882423 99.573106 0.000000 -3.108613 0.007553 
114 2.711351 0.000000 1.637230 99.522251 0.000000 -2.865929 0.008711 
115 1.495054 0.000000 0.505020 101.908652 0.000000 0.955580 -0.038629 
116 1.089621 0.000000 0.505020 101.985803 0.000000 0.932952 -0.040197 
117 1.900486 0.000000 0.505020 101.738195 0.000000 1.017465 -0.035170 
118 1.495054 0.000000 0.882423 101.994109 0.000000 1.034606 -0.040387 
119 1.292337 0.000000 -0.061085 99.888323 0.000000 0.438872 0.002213 
120 1.089621 0.000000 -0.061085 101.266811 0.000000 0.367978 -0.025510 
121 1.292337 0.000000 -0.249787 101.963853 0.000000 0.941059 -0.039751 
122 1.495054 0.000000 -0.061085 101.073887 0.000000 0.457142 -0.021614 
123 1.292337 0.000000 0.127617 101.047996 0.000000 0.752290 -0.021126 
124 2.305918 0.000000 -0.249787 101.362117 0.000000 1.074477 -0.027543 
125 2.305918 0.000000 -0.627190 98.946222 0.000000 -2.914886 0.020115 
126 2.711351 0.000000 -0.249787 97.108036 0.000000 -17.780875 0.025387 
127 2.305918 0.000000 0.127617 102.951887 0.000000 0.380155 -0.059924 
128 1.697770 0.000000 -0.061085 101.432115 0.000000 0.455794 -0.028868 
129 1.697770 0.000000 -0.249787 101.853124 0.000000 0.968980 -0.037500 
130 1.900486 0.000000 -0.061085 103.283440 0.000000 0.431405 -0.066766 
131 1.697770 0.000000 0.127617 101.582327 0.000000 0.601554 -0.031933 
132 2.305918 0.000000 0.505020 101.294831 0.000000 1.075882 -0.026180 
133 2.711351 0.000000 0.505020 99.453185 0.000000 -6.151674 0.007122 
134 2.305918 0.000000 0.882423 99.454937 0.000000 -3.155124 0.009876 
135 2.103202 0.000000 -0.061085 105.521382 0.000000 0.346608 -0.113488 
136 2.103202 0.000000 -0.249787 101.500261 0.000000 1.065657 -0.030344 
137 2.305918 0.000000 -0.061085 103.311798 0.000000 0.257011 -0.067339 
138 2.103202 0.000000 0.127617 104.733711 0.000000 0.501193 -0.096940 
139 21.361243 0.000000 -5.910837 99.950535 0.000000 -3.250481 -0.000068 
140 21.361243 0.000000 -11.949290 99.946950 0.000000 -3.407006 -0.000100 
141 27.848162 0.000000 -5.910837 99.949162 0.000000 -3.241246 -0.000034 
142 21.361243 0.000000 0.127617 99.899840 0.000000 -4.595762 -0.000110 
143 11.630864 0.000000 -2.891610 99.963220 0.000000 -3.042461 -0.000190 
144 11.630864 0.000000 -5.910837 99.963114 0.000000 -3.260450 -0.000325 
145 14.874324 0.000000 -2.891610 99.957778 0.000000 -3.048577 -0.000085 
146 11.630864 0.000000 0.127617 99.853335 0.000000 -5.923939 -0.000578 
147 6.765675 0.000000 -1.381997 99.891633 0.000000 -2.870437 0.001342 
148 6.765675 0.000000 -2.891610 99.987135 0.000000 -2.998098 -0.000642 
149 8.387405 0.000000 -1.381997 99.942009 0.000000 -2.993250 0.000264 
150 6.765675 0.000000 0.127617 100.181779 0.000000 2.940479 -0.004504 
151 4.333081 0.000000 -0.627190 100.527658 0.000000 -5.448394 -0.013550 
152 4.333081 0.000000 -1.381997 100.297331 0.000000 -3.215689 -0.006990 
153 5.143945 0.000000 -0.627190 100.320268 0.000000 -5.651622 -0.009610 
154 4.333081 0.000000 0.127617 102.184740 0.000000 10.125404 -0.054424 
155 3.116783 0.000000 -0.249787 100.298624 0.000000 -13.813922 -0.025064 
156 3.116783 0.000000 -0.627190 99.272866 0.000000 -5.935068 0.010967 
157 3.522216 0.000000 -0.249787 101.333578 0.000000 -9.150162 -0.035222 
158 3.116783 0.000000 0.127617 102.295830 0.000000 0.000000 -0.046444 
159 2.508635 0.000000 -0.061085 102.056934 0.000000 0.157409 -0.041564 
160 2.508635 0.000000 -0.249787 101.126936 0.000000 1.074616 -0.022781 
161 2.711351 0.000000 -0.061085 101.839462 0.000000 0.000000 -0.037128 
162 2.508635 0.000000 0.127617 101.825205 0.000000 0.245102 -0.036843 
163 21.361243 0.000000 6.166070 99.941995 0.000000 -3.283623 0.000082 
164 27.848162 0.000000 6.166070 99.943838 0.000000 -3.295149 0.000037 
165 21.361243 0.000000 12.204524 99.935767 0.000000 -3.415989 0.000117 
166 11.630864 0.000000 3.146843 99.943082 0.000000 -3.016141 0.000228 
167 14.874324 0.000000 3.146843 99.949897 0.000000 -3.050977 0.000071 
168 11.630864 0.000000 6.166070 99.926979 0.000000 -3.263132 0.000395 
169 6.765675 0.000000 1.637230 99.908333 0.000000 -2.533704 0.001191 
170 8.387405 0.000000 1.637230 99.961147 0.000000 -2.594272 0.000104 
171 6.765675 0.000000 3.146843 99.884105 0.000000 -2.957629 0.001442 
172 4.333081 0.000000 0.882423 99.602421 0.000000 -3.118406 0.006963 
173 5.143945 0.000000 0.882423 99.608881 0.000000 -2.975050 0.006922 
174 4.333081 0.000000 1.637230 99.671246 0.000000 -2.699209 0.005836 
175 3.116783 0.000000 0.505020 99.587422 0.000000 -6.234649 0.004347 
176 3.522216 0.000000 0.505020 99.607734 0.000000 -6.132433 0.004069 
177 3.116783 0.000000 0.882423 99.505672 0.000000 -3.092106 0.008906 
178 2.914067 0.000000 -0.061085 102.337561 0.000000 0.000000 -0.047298 
179 2.914067 0.000000 -0.249787 98.909920 0.000000 -15.949851 -0.003757 
180 3.116783 0.000000 -0.061085 102.307285 0.000000 -0.000000 -0.046678 
181 2.914067 0.000000 0.127617 102.175776 0.000000 0.000000 -0.043989 
182 2.914067 0.000000 0.316318 99.512695 0.000000 -16.659662 -0.018032 
183 2.711351 0.000000 0.316318 99.523766 0.000000 -16.004149 -0.016111 
184 3.116783 0.000000 0.316318 99.560260 0.000000 -17.526468 -0.021942 
185 2.914067 0.000000 0.505020 99.521272 0.000000 -6.186721 0.005724 
186 2.812709 0.000000 0.033266 102.151498 0.000000 0.000000 -0.043493 
187 2.711351 0.000000 0.033266 101.986187 0.000000 0.000000 -0.040118 
188 2.812709 0.000000 -0.061085 102.175739 0.000000 0.000000 -0.043988 
189 2.914067 0.000000 0.033266 102.326465 0.000000 0.000000 -0.047071 
190 2.812709 0.000000 0.127617 102.014254 0.000000 0.000000 -0.040691 
191 3.927648 0.000000 -0.249787 100.748870 0.000000 -7.685560 -0.020940 
192 3.927648 0.000000 -0.627190 100.438568 0.000000 -5.579784 -0.011904 
193 4.333081 0.000000 -0.249787 100.519603 0.000000 -7.427633 -0.015936 
194 3.927648 0.000000 0.127617 101.324688 0.000000 0.000000 -0.026669 
195 3.927648 0.000000 0.505020 99.662719 0.000000 -6.054747 0.003068 
196 4.333081 0.000000 0.505020 99.601371 0.000000 -6.038008 0.004311 
197 3.927648 0.000000 0.882423 99.604914 0.000000 -3.135811 0.006903 
198 3.724932 0.000000 -0.061085 101.436113 0.000000 0.000000 -0.028929 
199 3.522216 0.000000 -0.061085 101.712854 0.000000 -0.000000 -0.034550 
200 3.724932 0.000000 -0.249787 100.967817 0.000000 -8.147619 -0.026088 
201 3.927648 0.000000 -0.061085 101.357981 0.000000 0.000000 -0.027344 
202 3.724932 0.000000 0.127617 101.443365 0.000000 0.000000 -0.029076 
203 1.697770 0.000000 0.316318 101.845847 0.000000 0.971035 -0.037352 
204 1.495054 0.000000 0.316318 101.909046 0.000000 0.956861 -0.038637 
205 1.900486 0.000000 0.316318 101.807009 0.000000 0.978151 -0.036562 
206 1.697770 0.000000 0.505020 101.861046 0.000000 0.966638 -0.037661 
207 1.799128 0.000000 0.033266 101.373469 0.000000 0.717210 -0.027709 
208 1.697770 0.000000 0.033266 101.439556 0.000000 0.766395 -0.029057 
209 1.799128 0.000000 -0.061085 101.598883 0.000000 0.443679 -0.032253 
210 1.900486 0.000000 0.033266 103.278383 0.000000 0.403833 -0.066659 
211 1.799128 0.000000 0.127617 101.723574 0.000000 0.663598 -0.034813 
212 2.103202 0.000000 0.316318 101.558579 0.000000 1.057661 -0.031526 
213 2.305918 0.000000 0.316318 101.360580 0.000000 1.074486 -0.027512 
214 2.103202 0.000000 0.505020 101.505276 0.000000 1.065448 -0.030446 
215 2.001844 0.000000 0.033266 105.447703 0.000000 0.319804 -0.111932 
216 2.001844 0.000000 -0.061085 104.822449 0.000000 0.388648 -0.098790 
217 2.103202 0.000000 0.033266 105.666653 0.000000 0.333041 -0.116555 
218 2.001844 0.000000 0.127617 103.744280 0.000000 0.754288 -0.076344 
219 1.799128 0.000000 0.221968 101.814174 0.000000 0.977530 -0.036708 
220 1.697770 0.000000 0.221968 101.839401 0.000000 0.972859 -0.037221 
221 1.900486 0.000000 0.221968 101.798276 0.000000 0.980118 -0.036385 
222 1.799128 0.000000 0.316318 101.822454 0.000000 0.975507 -0.036876 
223 1.849807 0.000000 0.080441 102.180529 0.000000 0.462428 -0.044107 
224 1.799128 0.000000 0.080441 101.600599 0.000000 0.479519 -0.032291 
225 1.849807 0.000000 0.033266 102.608407 0.000000 0.325111 -0.052859 
226 1.900486 0.000000 0.080441 103.234959 0.000000 0.463583 -0.065767 
227 1.849807 0.000000 0.127617 101.799946 0.000000 0.764548 -0.036381 
228 1.596412 0.000000 0.033266 101.434705 0.000000 0.712484 -0.028951 
229 1.495054 0.000000 0.033266 101.333389 0.000000 0.653142 -0.026888 
230 1.596412 0.000000 -0.061085 101.171182 0.000000 0.461603 -0.023582 
231 1.596412 0.000000 0.127617 101.329459 0.000000 0.604287 -0.026802 
232 1.748449 0.000000 0.080441 101.460596 0.000000 0.738723 -0.029480 
233 1.697770 0.000000 0.080441 101.484521 0.000000 0.758126 -0.029968 
234 1.748449 0.000000 0.033266 101.422852 0.000000 0.741433 -0.028714 
235 1.748449 0.000000 0.127617 101.593763 0.000000 0.593851 -0.032165 
236 -4.586433 0.000000 -17.987743 99.955561 0.000000 -3.481993 -0.000324 
237 -11.073352 0.000000 -17.987743 99.949992 0.000000 -3.488843 -0.000217 
238 -4.586433 0.000000 -24.026197 99.949062 0.000000 -3.484033 -0.000195 
239 1.900486 0.000000 -17.987743 99.957943 0.000000 -3.469908 -0.000363 
240 -1.342973 0.000000 -8.930063 100.000471 0.000000 -3.462178 -0.001208 
241 -4.586433 0.000000 -8.930063 99.979732 0.000000 -3.484466 -0.000809 
242 -1.342973 0.000000 -11.949290 99.974321 0.000000 -3.468344 -0.000689 
243 1.900486 0.000000 -8.930063 100.003228 0.000000 -3.423317 -0.001236 
244 0.278756 0.000000 -4.401223 100.141967 0.000000 -3.381457 -0.003985 
245 -1.342973 0.000000 -4.401223 100.102728 0.000000 -3.466040 -0.003257 
246 0.278756 0.000000 -5.910837 100.072275 0.000000 -3.407903 -0.002607 
247 1.900486 0.000000 -4.401223 100.133974 0.000000 -3.286029 -0.003761 
248 1.089621 0.000000 -2.136803 100.335624 0.000000 -3.047621 -0.007653 
249 0.278756 0.000000 -2.136803 100.407697 0.000000 -3.187799 -0.009187 
250 1.089621 0.000000 -2.891610 100.261622 0.000000 -3.207723 -0.006268 
251 1.900486 0.000000 -2.136803 100.253749 0.000000 -3.003749 -0.005984 
252 1.495054 0.000000 -1.004593 100.192571 0.000000 -2.166891 -0.004325 
253 1.089621 0.000000 -1.004593 100.307863 0.000000 -2.023355 -0.006576 
254 1.495054 0.000000 -1.381997 100.279055 0.000000 -2.621520 -0.006276 
255 1.900486 0.000000 -1.004593 100.032522 0.000000 -2.326810 -0.001192 
256 1.697770 0.000000 -0.438488 101.867840 0.000000 0.964662 -0.037799 
257 1.495054 0.000000 -0.438488 101.909089 0.000000 0.954928 -0.038637 
258 1.697770 0.000000 -0.627190 101.680013 0.000000 1.041458 -0.033991 
259 1.900486 0.000000 -0.438488 101.649682 0.000000 1.044379 -0.033375 
260 1.799128 0.000000 -0.155436 101.817730 0.000000 0.791859 -0.036748 
261 1.697770 0.000000 -0.155436 101.635242 0.000000 0.796693 -0.033036 
262 1.799128 0.000000 -0.249787 101.831723 0.000000 0.973215 -0.037065 
263 1.900486 0.000000 -0.155436 101.805081 0.000000 0.787897 -0.036490 
264 1.849807 0.000000 -0.013910 102.379645 0.000000 0.226180 -0.048164 
265 1.799128 0.000000 -0.013910 101.609380 0.000000 0.382260 -0.032461 
266 1.849807 0.000000 -0.061085 102.183457 0.000000 0.419059 -0.044163 
267 1.900486 0.000000 -0.013910 103.277798 0.000000 0.385768 -0.066645 
268 1.824467 0.000000 0.056854 102.004763 0.000000 0.392847 -0.040513 
269 1.799128 0.000000 0.056854 101.246493 0.000000 0.914034 -0.025169 
270 1.824467 0.000000 0.033266 101.986533 0.000000 0.340111 -0.040137 
271 1.849807 0.000000 0.056854 102.173839 0.000000 0.416793 -0.043967 
272 1.824467 0.000000 0.080441 102.010146 0.000000 0.431031 -0.040626 
273 1.748449 0.000000 -0.013910 101.482673 0.000000 0.396042 -0.029889 
274 1.697770 0.000000 -0.013910 101.358206 0.000000 0.401473 -0.027365 
275 1.748449 0.000000 -0.061085 101.542901 0.000000 0.501623 -0.031121 
276 1.773788 0.000000 0.056854 101.307351 0.000000 0.911842 -0.026401 
277 1.748449 0.000000 0.056854 101.377422 0.000000 0.922611 -0.027823 
278 1.773788 0.000000 0.033266 101.371912 0.000000 0.801856 -0.027691 
279 1.773788 0.000000 0.080441 101.578840 0.000000 0.531243 -0.031854 
280 1.824467 0.000000 0.009678 101.950405 0.000000 0.266273 -0.039396 
281 1.799128 0.000000 0.009678 101.928457 0.000000 0.351297 -0.038953 
282 1.824467 0.000000 -0.013910 101.957792 0.000000 0.277865 -0.039547 
283 1.849807 0.000000 0.009678 102.296679 0.000000 0.194573 -0.046465 
284 1.811798 0.000000 0.045060 101.262816 0.000000 0.919444 -0.025500 
285 1.799128 0.000000 0.045060 101.225374 0.000000 0.934452 -0.024745 
286 1.811798 0.000000 0.033266 101.962629 0.000000 0.358648 -0.039651 
287 1.824467 0.000000 0.045060 101.495532 0.000000 0.739955 -0.030189 
288 1.811798 0.000000 0.056854 101.295675 0.000000 0.902325 -0.026163 
289 -17.560271 0.000000 6.166070 99.934377 0.000000 -3.496936 0.000089 
290 -24.047190 0.000000 6.166070 99.937062 0.000000 -3.494206 0.000037 
291 -17.560271 0.000000 12.204524 99.932487 0.000000 -3.493686 0.000129 
292 -7.829892 0.000000 3.146843 99.917994 0.000000 -3.522266 0.000399 
293 -11.073352 0.000000 3.146843 99.930146 0.000000 -3.507784 0.000166 
294 -7.829892 0.000000 6.166070 99.911968 0.000000 -3.504930 0.000531 
295 -2.964703 0.000000 1.637230 99.826838 0.000000 -3.617541 0.002152 
296 -4.586433 0.000000 1.637230 99.895154 0.000000 -3.568950 0.000822 
297 -2.964703 0.000000 3.146843 99.813923 0.000000 -3.547090 0.002460 
298 -0.532109 0.000000 0.882423 98.687656 0.000000 -3.440524 0.024891 
299 -1.342973 0.000000 0.882423 99.525545 0.000000 -3.790610 0.008030 
300 -0.532109 0.000000 1.637230 99.332937 0.000000 -3.383004 0.012152 
301 0.684189 0.000000 0.505020 102.427541 0.000000 0.787917 -0.049202 
302 0.278756 0.000000 0.505020 98.251008 0.000000 -0.486872 0.034650 
303 0.684189 0.000000 0.882423 99.509192 0.000000 -1.619838 0.009530 
304 1.292337 0.000000 0.316318 101.970097 0.000000 0.939837 -0.039878 
305 1.089621 0.000000 0.316318 102.005943 0.000000 0.927405 -0.040607 
306 1.292337 0.000000 0.505020 101.955137 0.000000 0.942845 -0.039574 
307 1.596412 0.000000 0.221968 101.872369 0.000000 0.966028 -0.037891 
308 1.495054 0.000000 0.221968 101.909286 0.000000 0.957416 -0.038642 
309 1.596412 0.000000 0.316318 101.875769 0.000000 0.964703 -0.037960 
310 1.647091 0.000000 0.080441 101.479596 0.000000 0.740853 -0.029866 
311 1.596412 0.000000 0.080441 101.422031 0.000000 0.692606 -0.028691 
312 1.647091 0.000000 0.033266 101.407394 0.000000 0.702235 -0.028395 
313 1.647091 0.000000 0.127617 101.614282 0.000000 0.774504 -0.032606 
314 1.393695 0.000000 0.033266 101.274747 0.000000 0.685174 -0.025704 
315 1.292337 0.000000 0.033266 100.923486 0.000000 0.603755 -0.018591 
316 1.393695 0.000000 -0.061085 100.498700 0.000000 0.457061 -0.010020 
317 1.393695 0.000000 0.127617 100.776465 0.000000 0.593092 -0.015625 
318 1.393695 0.000000 0.221968 101.945416 0.000000 0.947863 -0.039377 
319 1.292337 0.000000 0.221968 101.976464 0.000000 0.938541 -0.040008 
320 1.393695 0.000000 0.316318 101.941704 0.000000 0.948242 -0.039301 
321 1.444375 0.000000 0.080441 101.358785 0.000000 0.668513 -0.027405 
322 1.393695 0.000000 0.080441 101.290816 0.000000 0.700827 -0.026032 
323 1.444375 0.000000 0.033266 101.196739 0.000000 0.623833 -0.024117 
324 1.495054 0.000000 0.080441 101.531691 0.000000 0.718842 -0.030920 
325 1.444375 0.000000 0.127617 101.572817 0.000000 0.764949 -0.031762 
326 0.886905 0.000000 -0.061085 103.514116 0.000000 0.299916 -0.071526 
327 0.684189 0.000000 -0.061085 105.679509 0.000000 0.212719 -0.116820 
328 0.886905 0.000000 -0.249787 102.301165 0.000000 0.867341 -0.046628 
329 0.886905 0.000000 0.127617 103.168484 0.000000 0.535219 -0.064402 
330 1.190979 0.000000 0.033266 101.497988 0.000000 0.616165 -0.030222 
331 1.089621 0.000000 0.033266 101.299650 0.000000 0.320850 -0.026172 
332 1.190979 0.000000 -0.061085 100.310290 0.000000 0.434646 -0.006234 
333 1.190979 0.000000 0.127617 100.949897 0.000000 0.565393 -0.019120 
334 0.886905 0.000000 0.316318 102.255465 0.000000 0.879102 -0.045695 
335 0.684189 0.000000 0.316318 102.382479 0.000000 0.831289 -0.048286 
336 0.886905 0.000000 0.505020 102.343047 0.000000 0.853237 -0.047483 
337 1.190979 0.000000 0.221968 101.999613 0.000000 0.930670 -0.040479 
338 1.089621 0.000000 0.221968 102.014055 0.000000 0.925086 -0.040772 
339 1.190979 0.000000 0.316318 101.991777 0.000000 0.932658 -0.040319 
340 1.241658 0.000000 0.080441 100.851613 0.000000 0.557587 -0.017136 
341 1.190979 0.000000 0.080441 100.742550 0.000000 0.507345 -0.014932 
342 1.241658 0.000000 0.033266 100.997796 0.000000 0.575816 -0.020089 
343 1.292337 0.000000 0.080441 101.164686 0.000000 0.663602 -0.023473 
344 1.241658 0.000000 0.127617 101.029611 0.000000 0.743030 -0.020753 
345 0.988263 0.000000 0.033266 102.607115 0.000000 0.351883 -0.052834 
346 0.886905 0.000000 0.033266 104.116657 0.000000 0.238438 -0.084034 
347 0.988263 0.000000 -0.061085 102.565720 0.000000 0.401519 -0.051989 
348 0.988263 0.000000 0.127617 102.691601 0.000000 0.527918 -0.054584 
349 1.140300 0.000000 0.080441 100.927379 0.000000 0.498553 -0.018658 
350 1.089621 0.000000 0.080441 101.026254 0.000000 0.443308 -0.020650 
351 1.140300 0.000000 0.033266 100.799046 0.000000 0.405036 -0.016061 
352 1.140300 0.000000 0.127617 101.042744 0.000000 0.556389 -0.020995 
353 1.292337 0.000000 -0.438488 101.949491 0.000000 0.943925 -0.039459 
354 1.089621 0.000000 -0.438488 102.128219 0.000000 0.911589 -0.043100 
355 1.292337 0.000000 -0.627190 102.161101 0.000000 0.910744 -0.043772 
356 1.190979 0.000000 -0.155436 101.157652 0.000000 0.767554 -0.023346 
357 1.089621 0.000000 -0.155436 101.935795 0.000000 0.743270 -0.039146 
358 1.190979 0.000000 -0.249787 101.983843 0.000000 0.934612 -0.040158 
359 1.292337 0.000000 -0.155436 101.118389 0.000000 0.769279 -0.022552 
360 1.241658 0.000000 -0.013910 99.221527 0.000000 0.281271 0.015501 
361 1.190979 0.000000 -0.013910 100.155417 0.000000 0.397775 -0.003127 
362 1.241658 0.000000 -0.061085 99.933516 0.000000 0.390806 0.001314 
363 1.292337 0.000000 -0.013910 99.407219 0.000000 0.326527 0.011810 
364 1.216319 0.000000 0.056854 101.849235 0.000000 0.704396 -0.037376 
365 1.190979 0.000000 0.056854 101.841863 0.000000 0.669365 -0.037221 
366 1.216319 0.000000 0.033266 101.341486 0.000000 0.623781 -0.027049 
367 1.241658 0.000000 0.056854 101.392655 0.000000 0.642642 -0.028088 
368 1.216319 0.000000 0.080441 101.093426 0.000000 0.583907 -0.022022 
369 1.140300 0.000000 -0.013910 100.779407 0.000000 0.391299 -0.015664 
370 1.089621 0.000000 -0.013910 101.337827 0.000000 0.272849 -0.026943 
371 1.140300 0.000000 -0.061085 100.822421 0.000000 0.426971 -0.016534 
372 1.165640 0.000000 0.056854 102.013648 0.000000 0.660987 -0.040722 
373 1.140300 0.000000 0.056854 100.832614 0.000000 0.428221 -0.016740 
374 1.165640 0.000000 0.033266 101.305702 0.000000 0.532435 -0.026313 
375 1.165640 0.000000 0.080441 100.835575 0.000000 0.503377 -0.016807 
376 3.319500 0.000000 -0.061085 102.056388 0.000000 -0.000000 -0.041551 
377 3.319500 0.000000 -0.249787 101.522004 0.000000 -11.316773 -0.043479 
378 3.319500 0.000000 0.127617 102.060959 0.000000 -0.000000 -0.041644 
379 3.724932 0.000000 0.316318 98.214632 0.000000 1.080030 0.035272 
380 3.522216 0.000000 0.316318 98.198318 0.000000 -12.182051 0.020869 
381 3.927648 0.000000 0.316318 99.183430 0.000000 2.529733 0.015625 
382 3.724932 0.000000 0.505020 99.648136 0.000000 -6.072148 0.003338 
383 3.623574 0.000000 0.033266 101.625056 0.000000 -0.000000 -0.032765 
384 3.522216 0.000000 0.033266 101.701569 0.000000 -0.000000 -0.034321 
385 3.623574 0.000000 -0.061085 101.619086 0.000000 -0.000000 -0.032644 
386 3.724932 0.000000 0.033266 101.445736 0.000000 0.000000 -0.029124 
387 3.623574 0.000000 0.127617 101.606971 0.000000 -0.000000 -0.032398 
388 3.319500 0.000000 0.316318 98.908209 0.000000 -17.562219 -0.009127 
389 3.319500 0.000000 0.505020 99.576886 0.000000 -6.219934 0.004576 
390 3.420858 0.000000 0.033266 101.909620 0.000000 -0.000000 -0.038557 
391 3.319500 0.000000 0.033266 102.058091 0.000000 -0.000000 -0.041585 
392 3.420858 0.000000 -0.061085 101.897875 0.000000 0.000000 -0.038318 
393 3.420858 0.000000 0.127617 101.881368 0.000000 0.000000 -0.037981 
394 8.387405 0.000000 -17.987743 99.954371 0.000000 -3.458833 -0.000284 
395 8.387405 0.000000 -24.026197 99.948668 0.000000 -3.473420 -0.000180 
396 14.874324 0.000000 -17.987743 99.949176 0.000000 -3.453175 -0.000176 
397 5.143945 0.000000 -8.930063 99.991898 0.000000 -3.383905 -0.000983 
398 5.143945 0.000000 -11.949290 99.970154 0.000000 -3.432240 -0.000581 
399 8.387405 0.000000 -8.930063 99.973793 0.000000 -3.368336 -0.000610 
400 3.522216 0.000000 -4.401223 100.093999 0.000000 -3.215265 -0.002915 
401 3.522216 0.000000 -5.910837 100.051311 0.000000 -3.306628 -0.002120 
402 5.143945 0.000000 -4.401223 100.045249 0.000000 -3.172952 -0.001912 
403 4.333081 0.000000 -2.136803 100.173252 0.000000 -2.991636 -0.004363 
404 3.522216 0.000000 -2.136803 100.165713 0.000000 -3.044499 -0.004244 
405 4.333081 0.000000 -2.891610 100.120447 0.000000 -3.042571 -0.003336 
406 5.143945 0.000000 -2.136803 100.126261 0.000000 -2.905547 -0.003371 
407 3.927648 0.000000 -1.004593 100.287785 0.000000 -3.962125 -0.007334 
408 3.522216 0.000000 -1.004593 100.035047 0.000000 -3.976036 -0.002282 
409 3.927648 0.000000 -1.381997 100.229105 0.000000 -3.306743 -0.005681 
410 4.333081 0.000000 -1.004593 100.420139 0.000000 -3.822236 -0.009881 
411 3.724932 0.000000 -0.438488 100.525013 0.000000 -7.052049 -0.015501 
412 3.522216 0.000000 -0.438488 100.404755 0.000000 -7.607431 -0.013899 
413 3.724932 0.000000 -0.627190 100.297224 0.000000 -5.726301 -0.009232 
414 3.927648 0.000000 -0.438488 100.565977 0.000000 -6.754820 -0.015914 
415 3.623574 0.000000 -0.155436 101.564969 0.000000 -0.000000 -0.031544 
416 3.522216 0.000000 -0.155436 101.742921 0.000000 -0.000000 -0.035162 
417 3.623574 0.000000 -0.249787 101.118677 0.000000 -8.560241 -0.029826 
418 3.724932 0.000000 -0.155436 101.486061 0.000000 0.000000 -0.029942 
419 3.572895 0.000000 -0.013910 101.652544 0.000000 -0.000000 -0.033324 
420 3.522216 0.000000 -0.013910 101.709945 0.000000 -0.000000 -0.034491 
421 3.572895 0.000000 -0.061085 101.655854 0.000000 -0.000000 -0.033391 
422 3.623574 0.000000 -0.013910 101.619643 0.000000 -0.000000 -0.032655 
423 3.572895 0.000000 0.033266 101.653781 0.000000 -0.000000 -0.033349 
424 2.711351 0.000000 -2.136803 100.186490 0.000000 -3.024352 -0.004648 
425 2.711351 0.000000 -2.891610 100.180248 0.000000 -3.104510 -0.004572 
426 3.116783 0.000000 -1.004593 99.773374 0.000000 -3.722363 0.003142 
427 2.711351 0.000000 -1.004593 99.689785 0.000000 -3.221749 0.005157 
428 3.116783 0.000000 -1.381997 100.034708 0.000000 -3.200454 -0.001719 
429 3.319500 0.000000 -0.438488 100.016018 0.000000 -8.405251 -0.007385 
430 3.116783 0.000000 -0.438488 99.211064 0.000000 -9.043348 0.007538 
431 3.319500 0.000000 -0.627190 99.712906 0.000000 -6.037420 0.002089 
432 3.420858 0.000000 -0.155436 101.898727 0.000000 0.000000 -0.038335 
433 3.319500 0.000000 -0.155436 102.079083 0.000000 -0.000000 -0.042014 
434 3.420858 0.000000 -0.249787 101.546406 0.000000 -10.058748 -0.041285 
435 3.471537 0.000000 -0.013910 101.801325 0.000000 -0.000000 -0.036351 
436 3.420858 0.000000 -0.013910 101.894573 0.000000 -0.000000 -0.038250 
437 3.471537 0.000000 -0.061085 101.801492 0.000000 -0.000000 -0.036354 
438 3.471537 0.000000 0.033266 101.801661 0.000000 -0.000000 -0.036358 
439 3.623574 0.000000 0.221968 100.085359 0.000000 -15.339702 -0.025239 
440 3.522216 0.000000 0.221968 100.014047 0.000000 -18.748313 -0.035431 
441 3.724932 0.000000 0.221968 100.028982 0.000000 -11.948436 -0.014856 
442 3.623574 0.000000 0.316318 97.976418 0.000000 -5.235167 0.037321 
443 3.572895 0.000000 0.080441 101.664723 0.000000 -0.000000 -0.033572 
444 3.522216 0.000000 0.080441 101.721722 0.000000 -0.000000 -0.034731 
445 3.623574 0.000000 0.080441 101.621403 0.000000 -0.000000 -0.032691 
446 3.572895 0.000000 0.127617 101.676026 0.000000 -0.000000 -0.033801 
447 3.547555 0.000000 0.009678 101.670612 0.000000 -0.000000 -0.033691 
448 3.522216 0.000000 0.009678 101.711705 0.000000 0.000000 -0.034527 
449 3.547555 0.000000 -0.013910 101.670873 0.000000 -0.000000 -0.033697 
450 3.572895 0.000000 0.009678 101.652379 0.000000 -0.000000 -0.033321 
451 3.547555 0.000000 0.033266 101.672664 0.000000 -0.000000 -0.033733 
452 3.420858 0.000000 0.221968 99.824657 0.000000 -22.147571 -0.045548 
453 3.319500 0.000000 0.221968 99.777460 0.000000 -25.340975 -0.059771 
454 3.420858 0.000000 0.316318 98.564140 0.000000 -16.105288 0.002573 
455 3.471537 0.000000 0.080441 101.818526 0.000000 -0.000000 -0.036701 
456 3.420858 0.000000 0.080441 101.884533 0.000000 -0.000000 -0.038046 
457 3.471537 0.000000 0.127617 101.802079 0.000000 -0.000000 -0.036366 
458 3.496876 0.000000 0.009678 101.753877 0.000000 -0.000000 -0.035385 
459 3.471537 0.000000 0.009678 101.807678 0.000000 -0.000000 -0.036480 
460 3.496876 0.000000 -0.013910 101.743899 0.000000 -0.000000 -0.035182 
461 3.496876 0.000000 0.033266 101.734704 0.000000 -0.000000 -0.034995 
462 3.572895 0.000000 -0.108260 101.662125 0.000000 -0.000000 -0.033519 
463 3.522216 0.000000 -0.108260 101.736536 0.000000 -0.000000 -0.035032 
464 3.572895 0.000000 -0.155436 101.661694 0.000000 -0.000000 -0.033510 
465 3.623574 0.000000 -0.108260 101.609320 0.000000 -0.000000 -0.032445 
466 3.547555 0.000000 -0.037497 101.673091 0.000000 -0.000000 -0.033742 
467 3.522216 0.000000 -0.037497 101.702037 0.000000 -0.000000 -0.034330 
468 3.547555 0.000000 -0.061085 101.675150 0.000000 -0.000000 -0.033784 
469 3.572895 0.000000 -0.037497 101.654105 0.000000 -0.000000 -0.033356 
470 3.534886 0.000000 -0.002116 101.696554 0.000000 -0.000000 -0.034219 
471 3.522216 0.000000 -0.002116 101.713728 0.000000 0.000000 -0.034568 
472 3.534886 0.000000 -0.013910 101.686348 0.000000 -0.000000 -0.034011 
473 3.547555 0.000000 -0.002116 101.678589 0.000000 -0.000000 -0.033854 
474 3.534886 0.000000 0.009678 101.694897 0.000000 -0.000000 -0.034185 
475 3.218141 0.000000 0.033266 102.138612 0.000000 -0.000000 -0.043230 
476 3.116783 0.000000 0.033266 102.300980 0.000000 -0.000000 -0.046549 
477 3.218141 0.000000 -0.061085 102.135316 0.000000 -0.000000 -0.043162 
478 3.218141 0.000000 0.127617 102.113457 0.000000 -0.000000 -0.042716 
479 3.370179 0.000000 -0.013910 101.966481 0.000000 0.000000 -0.039716 
480 3.319500 0.000000 -0.013910 102.043754 0.000000 -0.000000 -0.041293 
481 3.370179 0.000000 -0.061085 101.964721 0.000000 0.000000 -0.039680 
482 3.370179 0.000000 0.033266 101.962088 0.000000 0.000000 -0.039627 
483 3.446197 0.000000 0.009678 101.858654 0.000000 -0.000000 -0.037519 
484 3.420858 0.000000 0.009678 101.894094 0.000000 -0.000000 -0.038241 
485 3.446197 0.000000 -0.013910 101.852715 0.000000 -0.000000 -0.037398 
486 3.446197 0.000000 0.033266 101.857144 0.000000 -0.000000 -0.037488 
487 3.218141 0.000000 -0.155436 102.135515 0.000000 -0.000000 -0.043166 
488 3.116783 0.000000 -0.155436 102.336511 0.000000 0.000000 -0.047276 
489 3.218141 0.000000 -0.249787 101.047315 0.000000 -12.689610 -0.037159 
490 3.268820 0.000000 -0.013910 102.101739 0.000000 -0.000000 -0.042477 
491 3.218141 0.000000 -0.013910 102.148757 0.000000 -0.000000 -0.043437 
492 3.268820 0.000000 -0.061085 102.105285 0.000000 -0.000000 -0.042549 
493 3.268820 0.000000 0.033266 102.096921 0.000000 -0.000000 -0.042378 
494 3.370179 0.000000 0.080441 101.979074 0.000000 0.000000 -0.039973 
495 3.319500 0.000000 0.080441 102.055022 0.000000 -0.000000 -0.041523 
496 3.370179 0.000000 0.127617 102.014590 0.000000 -0.000000 -0.040698 
497 3.344839 0.000000 0.009678 102.003047 0.000000 -0.000000 -0.040462 
498 3.319500 0.000000 0.009678 102.043322 0.000000 -0.000000 -0.041284 
499 3.344839 0.000000 -0.013910 102.012170 0.000000 -0.000000 -0.040648 
500 3.370179 0.000000 0.009678 101.959340 0.000000 0.000000 -0.039571 
501 3.344839 0.000000 0.033266 102.032801 0.000000 -0.000000 -0.041069 
502 3.218141 0.000000 0.221968 100.152781 0.000000 -27.808452 -0.080389 
503 3.116783 0.000000 0.221968 100.656933 0.000000 -28.893223 -0.096664 
504 3.218141 0.000000 0.316318 99.266869 0.000000 -17.835865 -0.017203 
505 3.268820 0.000000 0.080441 102.103400 0.000000 -0.000000 -0.042510 
506 3.218141 0.000000 0.080441 102.143772 0.000000 -0.000000 -0.043335 
507 3.268820 0.000000 0.127617 102.082702 0.000000 -0.000000 -0.042088 
508 3.294160 0.000000 0.009678 102.077449 0.000000 -0.000000 -0.041981 
509 3.268820 0.000000 0.009678 102.102548 0.000000 -0.000000 -0.042493 
510 3.294160 0.000000 -0.013910 102.077765 0.000000 -0.000000 -0.041987 
511 3.294160 0.000000 0.033266 102.088443 0.000000 -0.000000 -0.042205 
512 3.015425 0.000000 0.033266 102.405183 0.000000 0.000000 -0.048682 
513 3.015425 0.000000 -0.061085 102.429840 0.000000 0.000000 -0.049187 
514 3.015425 0.000000 0.127617 102.665441 0.000000 0.000000 -0.054019 
515 3.167462 0.000000 -0.013910 102.177382 0.000000 -0.000000 -0.044022 
516 3.116783 0.000000 -0.013910 102.297819 0.000000 -0.000000 -0.046484 
517 3.167462 0.000000 -0.061085 102.174491 0.000000 -0.000000 -0.043963 
518 3.167462 0.000000 0.033266 102.175956 0.000000 -0.000000 -0.043993 
519 3.243481 0.000000 0.009678 102.124278 0.000000 -0.000000 -0.042937 
520 3.218141 0.000000 0.009678 102.148962 0.000000 -0.000000 -0.043441 
521 3.243481 0.000000 -0.013910 102.124104 0.000000 -0.000000 -0.042933 
522 3.243481 0.000000 0.033266 102.122690 0.000000 -0.000000 -0.042904 
523 3.268820 0.000000 -0.108260 102.106389 0.000000 -0.000000 -0.042571 
524 3.218141 0.000000 -0.108260 102.130679 0.000000 -0.000000 -0.043068 
525 3.268820 0.000000 -0.155436 102.112377 0.000000 -0.000000 -0.042694 
526 3.319500 0.000000 -0.108260 102.043434 0.000000 -0.000000 -0.041286 
527 3.243481 0.000000 -0.037497 102.122286 0.000000 -0.000000 -0.042896 
528 3.218141 0.000000 -0.037497 102.138099 0.000000 -0.000000 -0.043219 
529 3.243481 0.000000 -0.061085 102.110372 0.000000 -0.000000 -0.042653 
530 3.268820 0.000000 -0.037497 102.107574 0.000000 -0.000000 -0.042596 
531 3.256151 0.000000 -0.002116 102.122368 0.000000 -0.000000 -0.042898 
532 3.243481 0.000000 -0.002116 102.152243 0.000000 -0.000000 -0.043508 
533 3.256151 0.000000 -0.013910 102.112683 0.000000 -0.000000 -0.042700 
534 3.268820 0.000000 -0.002116 102.102336 0.000000 -0.000000 -0.042489 
535 3.256151 0.000000 0.009678 102.119734 0.000000 -0.000000 -0.042844 
536 5.954810 0.000000 -0.627190 99.948125 0.000000 -6.266263 -0.002889 
537 5.954810 0.000000 -1.381997 100.055215 0.000000 -2.822357 -0.001901 
538 6.765675 0.000000 -0.627190 99.742654 0.000000 -6.538358 0.000865 
539 5.954810 0.000000 0.127617 100.235506 0.000000 4.416868 -0.006667 
540 -17.560271 0.000000 -17.987743 99.945557 0.000000 -3.491153 -0.000130 
541 -24.047190 0.000000 -17.987743 99.942922 0.000000 -3.491586 -0.000078 
542 -17.560271 0.000000 -24.026197 99.944450 0.000000 -3.489860 -0.000107 
543 21.361243 0.000000 -17.987743 99.945555 0.000000 -3.450954 -0.000102 
544 21.361243 0.000000 -24.026197 99.944332 0.000000 -3.468162 -0.000090 
545 27.848162 0.000000 -17.987743 99.943494 0.000000 -3.449932 -0.000060 
546 -7.829892 0.000000 -8.930063 99.965798 0.000000 -3.494402 -0.000537 
547 -11.073352 0.000000 -8.930063 99.955050 0.000000 -3.496504 -0.000324 
548 -7.829892 0.000000 -11.949290 99.960953 0.000000 -3.489182 -0.000437 
549 11.630864 0.000000 -8.930063 99.956733 0.000000 -3.369089 -0.000270 
550 11.630864 0.000000 -11.949290 99.955766 0.000000 -3.414389 -0.000281 
551 14.874324 0.000000 -8.930063 99.951901 0.000000 -3.362501 -0.000169 
552 -2.964703 0.000000 -4.401223 100.045218 0.000000 -3.506611 -0.002134 
553 -4.586433 0.000000 -4.401223 100.004631 0.000000 -3.519935 -0.001332 
554 -2.964703 0.000000 -5.910837 100.023534 0.000000 -3.490133 -0.001689 
555 6.765675 0.000000 -4.401223 100.001685 0.000000 -3.160738 -0.001033 
556 6.765675 0.000000 -5.910837 99.998380 0.000000 -3.262645 -0.001032 
557 8.387405 0.000000 -4.401223 99.977906 0.000000 -3.166118 -0.000561 
558 -0.532109 0.000000 -2.136803 100.370135 0.000000 -3.401322 -0.008573 
559 -1.342973 0.000000 -2.136803 100.247244 0.000000 -3.544392 -0.006207 
560 -0.532109 0.000000 -2.891610 100.247667 0.000000 -3.414824 -0.006126 
561 0.684189 0.000000 -1.004593 100.573582 0.000000 -1.910152 -0.011869 
562 0.278756 0.000000 -1.004593 101.042807 0.000000 -2.108897 -0.021410 
563 0.684189 0.000000 -1.381997 100.534266 0.000000 -2.598557 -0.011389 
564 2.305918 0.000000 -1.004593 99.815883 0.000000 -2.686425 0.002957 
565 2.305918 0.000000 -1.381997 100.084204 0.000000 -2.826353 -0.002484 
566 0.886905 0.000000 -0.438488 102.380557 0.000000 0.835204 -0.048248 
567 0.684189 0.000000 -0.438488 102.427649 0.000000 0.788323 -0.049204 
568 0.886905 0.000000 -0.627190 102.433368 0.000000 0.764983 -0.049318 
569 1.393695 0.000000 -0.155436 101.632411 0.000000 0.786615 -0.032977 
570 1.393695 0.000000 -0.249787 101.938323 0.000000 0.948514 -0.039232 
571 1.495054 0.000000 -0.155436 101.595998 0.000000 0.789046 -0.032237 
572 2.103202 0.000000 -0.438488 101.440242 0.000000 1.071114 -0.029127 
573 2.103202 0.000000 -0.627190 101.232075 0.000000 1.076056 -0.024909 
574 2.305918 0.000000 -0.438488 101.230001 0.000000 1.076027 -0.024867 
575 2.508635 0.000000 -0.438488 97.498129 0.000000 -6.603954 0.045050 
576 2.508635 0.000000 -0.627190 98.748030 0.000000 -3.821827 0.023422 
577 2.711351 0.000000 -0.438488 97.704574 0.000000 -8.185103 0.038682 
578 1.596412 0.000000 -0.155436 101.666810 0.000000 0.796854 -0.033678 
579 1.596412 0.000000 -0.249787 101.879850 0.000000 0.963190 -0.038043 
580 2.508635 0.000000 0.316318 101.126857 0.000000 1.074614 -0.022780 
581 2.508635 0.000000 0.505020 101.045020 0.000000 1.072619 -0.021125 
582 2.001844 0.000000 -0.155436 103.662793 0.000000 0.778059 -0.074658 
583 2.001844 0.000000 -0.249787 101.626942 0.000000 1.046413 -0.032913 
584 2.103202 0.000000 -0.155436 103.814996 0.000000 0.764591 -0.077814 
585 5.954810 0.000000 -2.136803 100.033155 0.000000 -2.853893 -0.001478 
586 5.954810 0.000000 -2.891610 100.028267 0.000000 -2.989806 -0.001459 
587 6.765675 0.000000 -2.136803 99.958089 0.000000 -2.875489 0.000011 
588 2.914067 0.000000 -0.438488 98.321218 0.000000 -9.045620 0.025111 
589 2.914067 0.000000 -0.627190 98.881799 0.000000 -5.469450 0.019247 
590 5.954810 0.000000 0.882423 99.722566 0.000000 -2.780042 0.004768 
591 6.765675 0.000000 0.882423 99.916177 0.000000 -2.682186 0.000956 
592 5.954810 0.000000 1.637230 99.820905 0.000000 -2.546620 0.002930 
593 3.015425 0.000000 -0.155436 102.336511 0.000000 0.000000 -0.047276 
594 2.914067 0.000000 -0.155436 102.175848 0.000000 0.000000 -0.043990 
595 3.015425 0.000000 -0.249787 99.617169 0.000000 -14.821349 -0.014325 
596 3.015425 0.000000 0.221968 100.584565 0.000000 -29.243236 -0.097242 
597 2.914067 0.000000 0.221968 100.371268 0.000000 -28.423575 -0.088229 
598 3.015425 0.000000 0.316318 99.500766 0.000000 -16.965380 -0.018823 
599 2.001844 0.000000 0.221968 101.703748 0.000000 1.022235 -0.034470 
600 2.103202 0.000000 0.221968 101.554207 0.000000 1.057935 -0.031438 
601 2.001844 0.000000 0.316318 101.670347 0.000000 1.034750 -0.033793 
602 1.647091 0.000000 -0.013910 100.960455 0.000000 0.230858 -0.019307 
603 1.596412 0.000000 -0.013910 101.233877 0.000000 0.527794 -0.024858 
604 1.647091 0.000000 -0.061085 101.258995 0.000000 0.439696 -0.025358 
605 1.545733 0.000000 0.080441 101.540162 0.000000 0.768267 -0.031099 
606 1.545733 0.000000 0.033266 101.455671 0.000000 0.717089 -0.029377 
607 1.545733 0.000000 0.127617 101.327701 0.000000 0.600773 -0.026766 
608 1.773788 0.000000 0.009678 101.566585 0.000000 0.415005 -0.031594 
609 1.748449 0.000000 0.009678 101.482473 0.000000 0.396402 -0.029885 
610 1.773788 0.000000 -0.013910 101.566578 0.000000 0.415036 -0.031594 
611 1.343016 0.000000 0.080441 101.345402 0.000000 0.717294 -0.027141 
612 1.343016 0.000000 0.033266 101.092711 0.000000 0.668232 -0.022018 
613 1.343016 0.000000 0.127617 100.708384 0.000000 0.586207 -0.014252 
614 0.988263 0.000000 -0.155436 102.542611 0.000000 0.622944 -0.051538 
615 0.886905 0.000000 -0.155436 103.202995 0.000000 0.640156 -0.065127 
616 0.988263 0.000000 -0.249787 102.147596 0.000000 0.903738 -0.043495 
617 0.988263 0.000000 0.221968 102.020824 0.000000 0.921948 -0.040910 
618 0.886905 0.000000 0.221968 102.258177 0.000000 0.877488 -0.045750 
619 0.988263 0.000000 0.316318 102.104131 0.000000 0.910060 -0.042608 
620 3.471537 0.000000 -0.108260 101.801850 0.000000 -0.000000 -0.036362 
621 3.420858 0.000000 -0.108260 101.868927 0.000000 -0.000000 -0.037728 
622 3.471537 0.000000 -0.155436 101.789867 0.000000 0.000000 -0.036118 
623 3.370179 0.000000 -0.108260 101.995678 0.000000 -0.000000 -0.040312 
624 3.370179 0.000000 -0.155436 101.971220 0.000000 0.000000 -0.039813 
625 3.496876 0.000000 -0.037497 101.735026 0.000000 -0.000000 -0.035002 
626 3.471537 0.000000 -0.037497 101.816008 0.000000 -0.000000 -0.036650 
627 3.496876 0.000000 -0.061085 101.775913 0.000000 -0.000000 -0.035834 
628 3.167462 0.000000 0.080441 102.173645 0.000000 -0.000000 -0.043945 
629 3.116783 0.000000 0.080441 102.334492 0.000000 -0.000000 -0.047235 
630 3.167462 0.000000 0.127617 102.183618 0.000000 -0.000000 -0.044149 
631 3.395518 0.000000 0.009678 101.923523 0.000000 -0.000000 -0.038840 
632 3.395518 0.000000 -0.013910 101.923857 0.000000 -0.000000 -0.038847 
633 3.395518 0.000000 0.033266 101.925120 0.000000 -0.000000 -0.038873 
634 3.167462 0.000000 -0.108260 102.184323 0.000000 -0.000000 -0.044164 
635 3.116783 0.000000 -0.108260 102.295389 0.000000 0.000000 -0.046435 
636 3.167462 0.000000 -0.155436 101.733169 0.000000 -15.572266 -0.059213 
637 3.294160 0.000000 -0.037497 102.088160 0.000000 -0.000000 -0.042199 
638 3.294160 0.000000 -0.061085 102.078218 0.000000 -0.000000 -0.041996 
639 3.319500 0.000000 -0.037497 102.057871 0.000000 -0.000000 -0.041581 
640 2.812709 0.000000 -0.155436 102.014254 0.000000 0.000000 -0.040691 
641 2.711351 0.000000 -0.155436 101.840925 0.000000 0.000000 -0.037157 
642 2.812709 0.000000 -0.249787 98.039237 0.000000 -17.032554 0.009820 
643 2.812709 0.000000 0.221968 100.326107 0.000000 -27.207342 -0.080557 
644 2.711351 0.000000 0.221968 100.361253 0.000000 -25.893559 -0.074286 
645 2.812709 0.000000 0.316318 99.457869 0.000000 -16.367672 -0.015977 
646 1.545733 0.000000 -0.013910 101.204807 0.000000 0.510958 -0.024267 
647 1.495054 0.000000 -0.013910 100.960034 0.000000 0.464408 -0.019314 
648 1.545733 0.000000 -0.061085 101.186477 0.000000 0.510418 -0.023896 
649 1.343016 0.000000 -0.013910 99.964494 0.000000 0.422626 0.000692 
650 1.343016 0.000000 -0.061085 100.095795 0.000000 0.456458 -0.001938 
651 1.393695 0.000000 -0.013910 100.740788 0.000000 0.512451 -0.014897 
652 1.444375 0.000000 -0.013910 100.614938 0.000000 0.350259 -0.012349 
653 1.444375 0.000000 -0.061085 100.578900 0.000000 0.408347 -0.011628 
654 3.446197 0.000000 -0.037497 101.857262 0.000000 -0.000000 -0.037490 
655 3.420858 0.000000 -0.037497 101.909747 0.000000 -0.000000 -0.038560 
656 3.446197 0.000000 -0.061085 101.858093 0.000000 -0.000000 -0.037507 
657 3.344839 0.000000 -0.037497 102.032698 0.000000 -0.000000 -0.041067 
658 3.344839 0.000000 -0.061085 102.031968 0.000000 -0.000000 -0.041052 
659 3.370179 0.000000 -0.037497 101.965471 0.000000 0.000000 -0.039696 
660 3.395518 0.000000 -0.037497 101.925072 0.000000 -0.000000 -0.038872 
661 3.395518 0.000000 -0.061085 101.924735 0.000000 -0.000000 -0.038865 
1 19 21 9 22 
2 20 19 22 4 
3 28 29 3 30 
4 21 28 30 9 
5 35 37 21 38 
6 36 35 38 19 
7 44 45 28 46 
8 37 44 46 21 
9 51 53 37 54 
10 52 51 54 35 
11 60 61 44 62 
12 53 60 62 37 
13 67 69 53 70 
14 68 67 70 51 
15 76 77 60 78 
16 69 76 78 53 
17 83 85 69 86 
18 84 83 86 67 
19 11 94 92 93 
20 94 10 24 92 
21 92 24 14 95 
22 93 92 95 6 
23 24 98 96 97 
24 98 23 40 96 
25 96 40 27 99 
26 97 96 99 14 
27 40 102 100 101 
28 102 39 56 100 
29 100 56 43 103 
30 101 100 103 27 
31 56 106 104 105 
32 106 55 72 104 
33 104 72 59 107 
34 105 104 107 43 
35 72 110 108 109 
36 109 108 111 59 
37 112 113 76 114 
38 85 112 114 69 
39 115 117 85 118 
40 116 115 118 83 
41 132 133 112 134 
42 117 132 134 85 
43 136 124 137 135 
44 135 137 127 138 
45 15 140 139 33 
46 140 17 141 139 
47 139 141 8 142 
48 33 139 142 18 
49 31 144 143 49 
50 144 33 145 143 
51 143 145 18 146 
52 49 143 146 34 
53 148 49 149 147 
54 147 149 34 150 
55 152 65 153 151 
56 151 153 50 154 
57 124 160 159 137 
58 160 126 161 159 
59 159 161 82 162 
60 137 159 162 127 
61 18 142 163 45 
62 142 8 164 163 
63 163 164 29 165 
64 45 163 165 28 
65 34 146 166 61 
66 146 18 167 166 
67 166 167 45 168 
68 61 166 168 44 
69 150 34 170 169 
70 169 170 61 171 
71 77 169 171 60 
72 154 50 173 172 
73 172 173 77 174 
74 113 172 174 76 
75 175 176 113 177 
76 133 175 177 112 
77 182 184 175 185 
78 183 182 185 133 
79 161 188 186 187 
80 188 178 189 186 
81 186 189 181 190 
82 187 186 190 82 
83 192 151 193 191 
84 191 193 154 194 
85 194 154 196 195 
86 195 196 172 197 
87 176 195 197 113 
88 200 191 201 198 
89 198 201 194 202 
90 203 205 117 206 
91 204 203 206 115 
92 138 127 213 212 
93 212 213 132 214 
94 205 212 214 117 
95 130 216 215 210 
96 216 135 217 215 
97 215 217 138 218 
98 210 215 218 5 
99 131 211 219 220 
100 211 5 221 219 
101 219 221 205 222 
102 220 219 222 203 
103 225 210 226 223 
104 223 226 5 227 
105 224 223 227 211 
106 208 234 232 233 
107 232 224 211 235 
108 233 232 235 131 
109 12 238 236 237 
110 238 7 239 236 
111 236 239 13 25 
112 237 236 25 10 
113 25 242 240 241 
114 242 13 243 240 
115 240 243 26 41 
116 241 240 41 23 
117 41 246 244 245 
118 246 26 247 244 
119 244 247 42 57 
120 245 244 57 39 
121 57 250 248 249 
122 250 42 251 248 
123 248 251 58 73 
124 249 248 73 55 
125 73 254 252 253 
126 254 58 255 252 
127 252 255 74 89 
128 253 252 89 71 
129 89 258 256 257 
130 258 74 259 256 
131 256 259 90 129 
132 257 256 129 87 
133 129 262 260 261 
134 262 90 263 260 
135 260 263 130 209 
136 261 260 209 128 
137 209 266 264 265 
138 266 130 267 264 
139 264 267 210 225 
140 270 225 271 268 
141 268 271 223 272 
142 269 268 272 224 
143 128 275 273 274 
144 275 209 265 273 
145 274 273 234 208 
146 234 278 276 277 
147 278 207 269 276 
148 276 269 224 279 
149 277 276 279 232 
150 265 282 280 281 
151 282 264 283 280 
152 280 283 225 270 
153 281 280 270 207 
154 207 286 284 285 
155 286 270 287 284 
156 284 287 268 288 
157 285 284 288 269 
158 6 95 289 290 
159 95 14 36 289 
160 289 36 19 291 
161 290 289 291 20 
162 14 99 292 293 
163 99 27 52 292 
164 292 52 35 294 
165 293 292 294 36 
166 27 103 295 296 
167 103 43 68 295 
168 295 68 51 297 
169 296 295 297 52 
170 43 107 298 299 
171 107 59 84 298 
172 298 84 67 300 
173 299 298 300 68 
174 59 111 301 302 
175 301 116 83 303 
176 302 301 303 84 
177 304 204 115 306 
178 305 304 306 116 
179 91 231 307 308 
180 231 131 220 307 
181 307 220 203 309 
182 308 307 309 204 
183 228 312 310 311 
184 312 208 233 310 
185 310 233 131 313 
186 311 310 313 231 
187 123 317 318 319 
188 317 91 308 318 
189 318 308 204 320 
190 319 318 320 304 
191 314 323 321 322 
192 323 229 324 321 
193 321 324 91 325 
194 322 321 325 317 
195 108 328 326 327 
196 327 326 329 111 
197 111 329 334 335 
198 334 305 116 336 
199 335 334 336 301 
200 75 333 337 338 
201 333 123 319 337 
202 337 319 304 339 
203 338 337 339 305 
204 342 315 343 340 
205 340 343 123 344 
206 341 340 344 333 
207 326 347 345 346 
208 347 120 331 345 
209 345 331 75 348 
210 346 345 348 329 
211 331 351 349 350 
212 349 341 333 352 
213 350 349 352 75 
214 71 355 353 354 
215 355 89 257 353 
216 353 257 87 121 
217 354 353 121 88 
218 88 358 356 357 
219 358 121 359 356 
220 356 359 119 332 
221 357 356 332 120 
222 332 362 360 361 
223 362 119 363 360 
224 360 363 315 342 
225 361 360 342 330 
226 330 366 364 365 
227 366 342 367 364 
228 364 367 340 368 
229 365 364 368 341 
230 120 371 369 370 
231 371 332 361 369 
232 369 361 330 351 
233 370 369 351 331 
234 351 374 372 373 
235 374 330 365 372 
236 372 365 341 375 
237 373 372 375 349 
238 202 194 381 379 
239 379 381 195 382 
240 380 379 382 176 
241 385 198 386 383 
242 383 386 202 387 
243 388 380 176 389 
244 184 388 389 175 
245 7 395 394 239 
246 395 16 396 394 
247 394 396 15 32 
248 239 394 32 13 
249 13 398 397 243 
250 398 32 399 397 
251 397 399 31 48 
252 243 397 48 26 
253 26 401 400 247 
254 401 48 402 400 
255 400 402 47 64 
256 247 400 64 42 
257 64 405 403 404 
258 405 47 406 403 
259 403 406 65 152 
260 404 403 152 63 
261 63 409 407 408 
262 409 152 410 407 
263 407 410 151 192 
264 408 407 192 81 
265 81 413 411 412 
266 413 192 414 411 
267 411 414 191 200 
268 412 411 200 157 
269 157 417 415 416 
270 417 200 418 415 
271 415 418 198 385 
272 421 385 422 419 
273 419 422 383 423 
274 42 425 424 251 
275 425 64 404 424 
276 424 404 63 80 
277 251 424 80 58 
278 80 428 426 427 
279 428 63 408 426 
280 426 408 81 156 
281 427 426 156 79 
282 156 431 429 430 
283 431 81 412 429 
284 429 412 157 377 
285 430 429 377 155 
286 377 434 432 433 
287 434 157 416 432 
288 66 387 439 440 
289 387 202 441 439 
290 439 441 379 442 
291 440 439 442 380 
292 384 423 443 444 
293 423 383 445 443 
294 443 445 387 446 
295 444 443 446 66 
296 449 419 450 447 
297 447 450 423 451 
298 448 447 451 384 
299 378 393 452 453 
300 393 66 440 452 
301 452 440 380 454 
302 453 452 454 388 
303 390 438 455 456 
304 438 384 444 455 
305 455 444 66 457 
306 456 455 457 393 
307 435 460 458 459 
308 460 420 448 458 
309 458 448 384 461 
310 459 458 461 438 
311 416 464 462 463 
312 464 415 465 462 
313 462 465 385 421 
314 463 462 421 199 
315 199 468 466 467 
316 468 421 469 466 
317 466 469 419 449 
318 467 466 449 420 
319 420 472 470 471 
320 472 449 473 470 
321 470 473 447 474 
322 471 470 474 448 
323 436 485 483 484 
324 485 435 459 483 
325 483 459 438 486 
326 484 483 486 390 
327 155 489 487 488 
328 489 377 433 487 
329 391 482 494 495 
330 482 390 456 494 
331 494 456 393 496 
332 495 494 496 378 
333 480 499 497 498 
334 499 479 500 497 
335 497 500 482 501 
336 498 497 501 391 
337 158 478 502 503 
338 478 378 453 502 
339 502 453 388 504 
340 503 502 504 184 
341 475 493 505 506 
342 493 391 495 505 
343 505 495 378 507 
344 506 505 507 478 
345 490 510 508 509 
346 510 480 498 508 
347 508 498 391 511 
348 509 508 511 493 
349 178 513 512 189 
350 513 180 476 512 
351 512 476 158 514 
352 189 512 514 181 
353 180 517 515 516 
354 517 477 491 515 
355 515 491 475 518 
356 516 515 518 476 
357 491 521 519 520 
358 519 509 493 522 
359 520 519 522 475 
360 487 525 523 524 
361 525 433 526 523 
362 523 526 376 492 
363 524 523 492 477 
364 477 529 527 528 
365 529 492 530 527 
366 527 530 490 521 
367 528 527 521 491 
368 521 533 531 532 
369 533 490 534 531 
370 531 534 509 535 
371 532 531 535 519 
372 65 537 536 153 
373 537 147 538 536 
374 536 538 150 539 
375 153 536 539 50 
376 1 542 540 541 
377 542 12 237 540 
378 540 237 10 94 
379 541 540 94 11 
380 16 544 543 396 
381 544 2 545 543 
382 543 545 17 140 
383 396 543 140 15 
384 10 548 546 547 
385 548 25 241 546 
386 546 241 23 98 
387 547 546 98 24 
388 32 550 549 399 
389 550 15 551 549 
390 549 551 33 144 
391 399 549 144 31 
392 23 554 552 553 
393 554 41 245 552 
394 552 245 39 102 
395 553 552 102 40 
396 48 556 555 402 
397 556 31 557 555 
398 555 557 49 148 
399 402 555 148 47 
400 39 560 558 559 
401 560 57 249 558 
402 558 249 55 106 
403 559 558 106 56 
404 55 563 561 562 
405 563 73 253 561 
406 561 253 71 110 
407 562 561 110 72 
408 58 565 564 255 
409 565 80 427 564 
410 564 427 79 125 
411 255 564 125 74 
412 110 568 566 567 
413 568 71 354 566 
414 566 354 88 328 
415 567 566 328 108 
416 121 570 569 359 
417 570 87 571 569 
418 569 571 122 316 
419 359 569 316 119 
420 74 573 572 259 
421 573 125 574 572 
422 572 574 124 136 
423 259 572 136 90 
424 125 576 575 574 
425 576 79 577 575 
426 575 577 126 160 
427 574 575 160 124 
428 87 579 578 571 
429 579 129 261 578 
430 578 261 128 230 
431 571 578 230 122 
432 127 162 580 213 
433 162 82 183 580 
434 580 183 133 581 
435 213 580 581 132 
436 90 583 582 263 
437 583 136 584 582 
438 582 584 135 216 
439 263 582 216 130 
440 47 586 585 406 
441 586 148 587 585 
442 585 587 147 537 
443 406 585 537 65 
444 79 589 588 577 
445 589 156 430 588 
446 588 430 155 179 
447 577 588 179 126 
448 50 539 590 173 
449 539 150 591 590 
450 590 591 169 592 
451 173 590 592 77 
452 179 595 593 594 
453 595 155 488 593 
454 593 488 180 513 
455 594 593 513 178 
456 181 514 596 597 
457 514 158 503 596 
458 596 503 184 598 
459 597 596 598 182 
460 5 218 599 221 
461 218 138 600 599 
462 599 600 212 601 
463 221 599 601 205 
464 230 604 602 603 
465 604 128 274 602 
466 602 274 208 312 
467 603 602 312 228 
468 229 606 605 324 
469 606 228 311 605 
470 605 311 231 607 
471 324 605 607 91 
472 273 610 608 609 
473 610 265 281 608 
474 608 281 207 278 
475 609 608 278 234 
476 315 612 611 343 
477 612 314 322 611 
478 611 322 317 613 
479 343 611 613 123 
480 328 616 614 615 
481 616 88 357 614 
482 614 357 120 347 
483 615 614 347 326 
484 329 348 617 618 
485 348 75 338 617 
486 617 338 305 619 
487 618 617 619 334 
488 432 622 620 621 
489 622 416 463 620 
490 620 463 199 437 
491 621 620 437 392 
492 433 624 623 526 
493 624 432 621 623 
494 623 621 392 481 
495 526 623 481 376 
496 437 627 625 626 
497 627 199 467 625 
498 625 467 420 460 
499 626 625 460 435 
500 476 518 628 629 
501 518 475 506 628 
502 628 506 478 630 
503 629 628 630 158 
504 479 632 631 500 
505 632 436 484 631 
506 631 484 390 633 
507 500 631 633 482 
508 488 636 634 635 
509 636 487 524 634 
510 634 524 477 517 
511 635 634 517 180 
512 492 638 637 530 
513 638 376 639 637 
514 637 639 480 510 
515 530 637 510 490 
516 126 642 640 641 
517 642 179 594 640 
518 640 594 178 188 
519 641 640 188 161 
520 82 190 643 644 
521 190 181 597 643 
522 643 597 182 645 
523 644 643 645 183 
524 122 648 646 647 
525 648 230 603 646 
526 646 603 228 606 
527 647 646 606 229 
528 119 650 649 363 
529 650 316 651 649 
530 649 651 314 612 
531 363 649 612 315 
532 316 653 652 651 
533 653 122 647 652 
534 652 647 229 323 
535 651 652 323 314 
536 392 656 654 655 
537 656 437 626 654 
538 654 626 435 485 
539 655 654 485 436 
540 376 658 657 639 
541 658 481 659 657 
542 657 659 479 499 
543 639 657 499 480 
544 481 661 660 659 
545 661 392 655 660 
546 660 655 436 632 
547 659 660 632 479 
