2 0.000000 100.000000 473.401889
701 580 
1 -33.061252 0.000000 -33.217710 98.466707 0.000000 17.369502 0.000261 
2 39.467710 0.000000 -33.217710 98.476314 0.000000 17.290139 0.000347 
3 39.467710 0.000000 33.284830 98.520335 0.000000 17.206867 -0.000233 
4 -33.061252 0.000000 33.284830 98.499588 0.000000 17.367544 -0.000380 
5 3.203229 0.000000 0.033560 103.787649 0.000000 0.246815 -0.077194 
6 -33.061252 0.000000 0.033560 98.484755 0.000000 17.387004 -0.000155 
7 3.203229 0.000000 -33.217710 98.437046 0.000000 17.319659 0.001018 
8 39.467710 0.000000 0.033560 98.802111 0.000000 15.504741 -0.000225 
9 3.203229 0.000000 33.284830 98.541970 0.000000 17.302064 -0.000988 
10 -14.929011 0.000000 -16.592075 98.422735 0.000000 17.383544 0.001078 
11 -33.061252 0.000000 -16.592075 98.468592 0.000000 17.379602 0.000189 
12 -14.929011 0.000000 -33.217710 98.449193 0.000000 17.358972 0.000642 
13 3.203229 0.000000 -16.592075 98.315514 0.000000 17.177392 0.003900 
14 -14.929011 0.000000 0.033560 98.497303 0.000000 17.456936 -0.000646 
15 21.335469 0.000000 -16.592075 98.465192 0.000000 17.077389 0.001297 
16 21.335469 0.000000 -33.217710 98.457840 0.000000 17.288738 0.000715 
17 39.467710 0.000000 -16.592075 98.500778 0.000000 17.147328 0.000357 
18 21.335469 0.000000 0.033560 99.271742 0.000000 12.764936 -0.001782 
19 -14.929011 0.000000 16.659195 98.557942 0.000000 17.375192 -0.001557 
20 -33.061252 0.000000 16.659195 98.499707 0.000000 17.377991 -0.000419 
21 3.203229 0.000000 16.659195 98.713029 0.000000 17.111226 -0.003706 
22 -14.929011 0.000000 33.284830 98.521576 0.000000 17.353204 -0.000763 
23 -5.862891 0.000000 -8.279257 98.236659 0.000000 17.436330 0.004553 
24 -14.929011 0.000000 -8.279257 98.430063 0.000000 17.425737 0.000787 
25 -5.862891 0.000000 -16.592075 98.352230 0.000000 17.339604 0.002618 
26 3.203229 0.000000 -8.279257 97.852876 0.000000 16.682583 0.014651 
27 -5.862891 0.000000 0.033560 98.546529 0.000000 17.715238 -0.002525 
28 21.335469 0.000000 16.659195 98.624363 0.000000 16.790721 -0.000869 
29 39.467710 0.000000 16.659195 98.645374 0.000000 16.476888 -0.000240 
30 21.335469 0.000000 33.284830 98.530971 0.000000 17.244883 -0.000574 
31 12.269349 0.000000 -8.279257 98.417778 0.000000 16.332074 0.004720 
32 12.269349 0.000000 -16.592075 98.400021 0.000000 17.068064 0.002612 
33 21.335469 0.000000 -8.279257 98.556266 0.000000 16.589860 0.001144 
34 12.269349 0.000000 0.033560 100.622907 0.000000 4.706399 -0.014712 
35 -5.862891 0.000000 8.346378 98.804041 0.000000 17.404810 -0.006517 
36 -14.929011 0.000000 8.346378 98.559146 0.000000 17.418644 -0.001731 
37 3.203229 0.000000 8.346378 99.302371 0.000000 16.515976 -0.013374 
38 -5.862891 0.000000 16.659195 98.645076 0.000000 17.316152 -0.003070 
39 -1.329831 0.000000 -4.122849 97.554513 0.000000 17.658845 0.017128 
40 -5.862891 0.000000 -4.122849 98.273742 0.000000 17.596703 0.003263 
41 -1.329831 0.000000 -8.279257 97.978640 0.000000 17.236681 0.010308 
42 3.203229 0.000000 -4.122849 96.495115 0.000000 15.346945 0.045316 
43 -1.329831 0.000000 0.033560 98.500520 0.000000 18.431018 -0.004205 
44 12.269349 0.000000 8.346378 98.928914 0.000000 15.641896 -0.003160 
45 21.335469 0.000000 8.346378 98.904707 0.000000 15.105476 -0.001032 
46 12.269349 0.000000 16.659195 98.664168 0.000000 16.914130 -0.002071 
47 7.736289 0.000000 -4.122849 98.230592 0.000000 14.365875 0.014437 
48 7.736289 0.000000 -8.279257 98.176753 0.000000 16.307837 0.009538 
49 12.269349 0.000000 -4.122849 98.704894 0.000000 15.032280 0.003137 
50 7.736289 0.000000 0.033560 100.115554 0.000000 -8.687772 -0.009860 
51 -1.329831 0.000000 4.189969 99.597410 0.000000 17.543574 -0.022742 
52 -5.862891 0.000000 4.189969 98.793850 0.000000 17.563304 -0.006869 
53 3.203229 0.000000 4.189969 100.787766 0.000000 15.352884 -0.039388 
54 -1.329831 0.000000 8.346378 99.096085 0.000000 17.159901 -0.011450 
55 0.936699 0.000000 -2.044644 94.662863 0.000000 18.560746 0.069444 
56 -1.329831 0.000000 -2.044644 97.761649 0.000000 18.450950 0.010222 
57 0.936699 0.000000 -4.122849 96.641322 0.000000 17.034796 0.037027 
58 3.203229 0.000000 -2.044644 93.921048 0.000000 12.053668 0.103355 
59 0.936699 0.000000 0.033560 101.535405 0.000000 0.118263 -0.030945 
60 7.736289 0.000000 4.189969 99.472122 0.000000 13.828868 -0.008594 
61 12.269349 0.000000 4.189969 99.153356 0.000000 13.813652 -0.002221 
62 7.736289 0.000000 8.346378 99.082963 0.000000 15.932468 -0.007128 
63 5.469759 0.000000 -2.044644 97.251964 0.000000 10.937194 0.042243 
64 5.469759 0.000000 -4.122849 97.442957 0.000000 14.401811 0.029746 
65 7.736289 0.000000 -2.044644 98.708729 0.000000 11.405691 0.012650 
66 5.469759 0.000000 0.033560 99.588903 0.000000 -0.000000 0.008205 
67 0.936699 0.000000 2.111765 102.059887 0.000000 18.559303 -0.076067 
68 -1.329831 0.000000 2.111765 99.469638 0.000000 18.355203 -0.023112 
69 3.203229 0.000000 2.111765 103.034517 0.000000 14.394699 -0.082332 
70 0.936699 0.000000 4.189969 100.494922 0.000000 16.916248 -0.038539 
71 2.069964 0.000000 -1.005542 101.901539 0.000000 1.270868 -0.038554 
72 0.936699 0.000000 -1.005542 93.261204 0.000000 21.636051 0.083423 
73 2.069964 0.000000 -2.044644 92.734562 0.000000 15.480338 0.116066 
74 3.203229 0.000000 -1.005542 99.261437 0.000000 0.665539 0.014672 
75 2.069964 0.000000 0.033560 121.298555 0.000000 0.353800 -0.471346 
76 -23.995132 0.000000 -8.279257 98.465540 0.000000 17.398293 0.000184 
77 -33.061252 0.000000 -8.279257 98.474956 0.000000 17.384986 0.000045 
78 -23.995132 0.000000 -16.592075 98.455390 0.000000 17.384302 0.000432 
79 -23.995132 0.000000 0.033560 98.487970 0.000000 17.404811 -0.000281 
80 -10.395951 0.000000 -4.122849 98.415531 0.000000 17.508265 0.000784 
81 -14.929011 0.000000 -4.122849 98.456446 0.000000 17.448516 0.000188 
82 -10.395951 0.000000 -8.279257 98.375738 0.000000 17.443448 0.001794 
83 -10.395951 0.000000 0.033560 98.510590 0.000000 17.532133 -0.001171 
84 -3.596361 0.000000 -2.044644 98.235160 0.000000 17.904846 0.002927 
85 -5.862891 0.000000 -2.044644 98.383273 0.000000 17.684083 0.000800 
86 -3.596361 0.000000 -4.122849 98.064568 0.000000 17.663480 0.007134 
87 -3.596361 0.000000 0.033560 98.581597 0.000000 17.991869 -0.004204 
88 -0.196566 0.000000 -1.005542 98.241105 0.000000 20.508562 -0.007192 
89 -1.329831 0.000000 -1.005542 98.326947 0.000000 18.651252 -0.001606 
90 -0.196566 0.000000 -2.044644 96.868872 0.000000 18.938283 0.025776 
91 -0.196566 0.000000 0.033560 100.130791 0.000000 12.363831 -0.017904 
92 5.469759 0.000000 2.111765 100.656402 0.000000 12.949572 -0.029940 
93 7.736289 0.000000 2.111765 99.945114 0.000000 10.272908 -0.009456 
94 5.469759 0.000000 4.189969 100.126114 0.000000 14.218573 -0.022741 
95 2.069964 0.000000 1.072662 107.205053 0.000000 16.542194 -0.176657 
96 0.936699 0.000000 1.072662 103.099141 0.000000 21.418558 -0.108819 
97 3.203229 0.000000 1.072662 105.631732 0.000000 9.579084 -0.124982 
98 2.069964 0.000000 2.111765 103.476914 0.000000 16.665315 -0.098520 
99 1.503331 0.000000 -0.485991 102.110588 0.000000 1.362723 -0.042843 
100 0.936699 0.000000 -0.485991 102.174980 0.000000 1.569547 -0.044219 
101 1.503331 0.000000 -1.005542 102.288124 0.000000 1.471010 -0.046502 
102 2.069964 0.000000 -0.485991 101.607805 0.000000 1.188969 -0.032556 
103 1.503331 0.000000 0.033560 110.397530 0.000000 0.296342 -0.218770 
104 4.336494 0.000000 -1.005542 96.395551 0.000000 6.143838 0.067015 
105 4.336494 0.000000 -2.044644 96.016788 0.000000 10.982610 0.066016 
106 5.469759 0.000000 -1.005542 97.341638 0.000000 6.987588 0.047578 
107 4.336494 0.000000 0.033560 99.261270 0.000000 0.090705 0.014719 
108 2.636596 0.000000 -0.485991 100.571330 0.000000 0.946798 -0.011549 
109 2.636596 0.000000 -1.005542 100.703442 0.000000 0.885807 -0.014197 
110 3.203229 0.000000 -0.485991 99.514916 0.000000 0.702371 0.009629 
111 2.636596 0.000000 0.033560 109.239845 0.000000 0.372570 -0.193348 
112 -23.995132 0.000000 8.346378 98.509292 0.000000 17.396042 -0.000670 
113 -33.061252 0.000000 8.346378 98.494206 0.000000 17.384032 -0.000331 
114 -23.995132 0.000000 16.659195 98.517036 0.000000 17.380905 -0.000770 
115 -10.395951 0.000000 4.189969 98.603866 0.000000 17.507669 -0.002924 
116 -14.929011 0.000000 4.189969 98.536585 0.000000 17.444257 -0.001376 
117 -10.395951 0.000000 8.346378 98.628847 0.000000 17.427807 -0.003138 
118 -3.596361 0.000000 2.111765 98.912604 0.000000 17.862805 -0.010278 
119 -5.862891 0.000000 2.111765 98.702670 0.000000 17.664559 -0.005425 
120 -3.596361 0.000000 4.189969 99.048569 0.000000 17.602040 -0.012045 
121 -0.196566 0.000000 1.072662 99.058115 0.000000 20.584963 -0.023625 
122 -1.329831 0.000000 1.072662 98.880732 0.000000 18.685065 -0.012653 
123 -0.196566 0.000000 2.111765 100.308143 0.000000 18.781386 -0.041446 
124 1.503331 0.000000 0.553111 102.219804 0.000000 1.411846 -0.045088 
125 0.936699 0.000000 0.553111 105.719427 0.000000 13.996002 -0.137249 
126 2.069964 0.000000 0.553111 101.720622 0.000000 1.217032 -0.034857 
127 1.503331 0.000000 1.072662 105.571311 0.000000 19.755782 -0.153559 
128 1.786648 0.000000 -0.226215 112.656221 0.000000 0.786014 -0.269204 
129 1.503331 0.000000 -0.226215 104.638477 0.000000 0.736056 -0.094975 
130 1.786648 0.000000 -0.485991 101.814396 0.000000 1.258001 -0.036775 
131 2.069964 0.000000 -0.226215 105.594296 0.000000 1.050585 -0.115126 
132 1.786648 0.000000 0.033560 122.578603 0.000000 0.251890 -0.502558 
133 4.336494 0.000000 1.072662 103.066902 0.000000 6.150700 -0.066062 
134 5.469759 0.000000 1.072662 102.442695 0.000000 4.269510 -0.051273 
135 4.336494 0.000000 2.111765 101.668742 0.000000 13.328189 -0.051417 
136 2.636596 0.000000 0.553111 100.858742 0.000000 0.940290 -0.017337 
137 3.203229 0.000000 0.553111 99.259393 0.000000 0.665317 0.014713 
138 2.636596 0.000000 1.072662 107.012999 0.000000 12.764972 -0.161473 
139 2.353280 0.000000 -0.226215 103.943228 0.000000 0.824749 -0.080487 
140 2.353280 0.000000 -0.485991 101.197297 0.000000 1.077441 -0.024205 
141 2.636596 0.000000 -0.226215 101.762767 0.000000 0.713092 -0.035617 
142 2.353280 0.000000 0.033560 115.229092 0.000000 0.368153 -0.327788 
143 3.769862 0.000000 -0.485991 98.992611 0.000000 0.648720 0.020004 
144 3.769862 0.000000 -1.005542 98.943554 0.000000 0.647449 0.020975 
145 4.336494 0.000000 -0.485991 98.849140 0.000000 0.654160 0.022842 
146 3.769862 0.000000 0.033560 100.315069 0.000000 0.150832 -0.006314 
147 3.769862 0.000000 0.553111 98.942579 0.000000 0.647523 0.020995 
148 4.336494 0.000000 0.553111 98.797518 0.000000 0.667311 0.023861 
149 3.769862 0.000000 1.072662 104.147091 0.000000 7.407804 -0.090149 
150 3.486545 0.000000 -0.226215 99.669788 0.000000 0.560654 0.006562 
151 3.203229 0.000000 -0.226215 99.959168 0.000000 0.581213 0.000783 
152 3.486545 0.000000 -0.485991 99.185878 0.000000 0.661427 0.016172 
153 3.769862 0.000000 -0.226215 99.838964 0.000000 0.401161 0.003202 
154 3.486545 0.000000 0.033560 101.904704 0.000000 0.218724 -0.038462 
155 30.401590 0.000000 -8.279257 98.560736 0.000000 16.757275 0.000498 
156 30.401590 0.000000 -16.592075 98.492044 0.000000 17.113669 0.000644 
157 39.467710 0.000000 -8.279257 98.552935 0.000000 16.875387 0.000254 
158 30.401590 0.000000 0.033560 98.956415 0.000000 14.604217 -0.000566 
159 16.802409 0.000000 -4.122849 98.723645 0.000000 15.476365 0.001412 
160 16.802409 0.000000 -8.279257 98.525542 0.000000 16.462335 0.002171 
161 21.335469 0.000000 -4.122849 98.711919 0.000000 15.800798 0.000629 
162 16.802409 0.000000 0.033560 99.615220 0.000000 10.736457 -0.003846 
163 10.002819 0.000000 -2.044644 99.166072 0.000000 12.553448 0.000850 
164 10.002819 0.000000 -4.122849 98.598120 0.000000 14.703230 0.006223 
165 12.269349 0.000000 -2.044644 99.088086 0.000000 13.332821 0.000379 
166 10.002819 0.000000 0.033560 102.782225 0.000000 -5.925028 -0.059929 
167 6.603024 0.000000 -1.005542 98.412844 0.000000 6.876495 0.026763 
168 6.603024 0.000000 -2.044644 98.080736 0.000000 11.054311 0.025797 
169 7.736289 0.000000 -1.005542 99.358129 0.000000 7.599530 0.007021 
170 6.603024 0.000000 0.033560 99.544416 0.000000 -0.000000 0.009091 
171 4.903127 0.000000 -0.485991 97.682831 0.000000 1.936950 0.045431 
172 4.903127 0.000000 -1.005542 97.112563 0.000000 6.772857 0.052328 
173 5.469759 0.000000 -0.485991 97.217616 0.000000 2.261205 0.054362 
174 4.903127 0.000000 0.033560 99.461285 0.000000 0.000000 0.010745 
175 4.053178 0.000000 -0.226215 99.344562 0.000000 0.339147 0.013054 
176 4.053178 0.000000 -0.485991 98.931362 0.000000 0.648522 0.021217 
177 4.336494 0.000000 -0.226215 99.163364 0.000000 0.264919 0.016656 
178 4.053178 0.000000 0.033560 99.651581 0.000000 0.095563 0.006955 
179 30.401590 0.000000 8.346378 99.024028 0.000000 14.324743 -0.001096 
180 39.467710 0.000000 8.346378 99.098387 0.000000 13.874374 -0.001299 
181 30.401590 0.000000 16.659195 98.623015 0.000000 16.658161 -0.000399 
182 16.802409 0.000000 4.189969 99.177800 0.000000 13.527397 -0.001923 
183 21.335469 0.000000 4.189969 100.299733 0.000000 7.077133 -0.011012 
184 16.802409 0.000000 8.346378 98.889377 0.000000 15.395156 -0.001612 
185 10.002819 0.000000 2.111765 100.475482 0.000000 5.838991 -0.012942 
186 12.269349 0.000000 2.111765 101.097175 0.000000 2.454454 -0.022666 
187 10.002819 0.000000 4.189969 99.202965 0.000000 13.817072 -0.003214 
188 6.603024 0.000000 1.072662 101.497247 0.000000 5.379116 -0.033063 
189 7.736289 0.000000 1.072662 101.069551 0.000000 3.687758 -0.022865 
190 6.603024 0.000000 2.111765 100.050706 0.000000 12.192095 -0.015879 
191 4.903127 0.000000 0.553111 101.837683 0.000000 1.178825 -0.037230 
192 5.469759 0.000000 0.553111 101.997204 0.000000 2.429506 -0.040933 
193 4.903127 0.000000 1.072662 102.549893 0.000000 5.437827 -0.054605 
194 4.619810 0.000000 -0.226215 99.265904 0.000000 0.096945 0.014627 
195 4.619810 0.000000 -0.485991 98.797510 0.000000 0.667318 0.023861 
196 4.903127 0.000000 -0.226215 99.447305 0.000000 0.000000 0.011023 
197 4.619810 0.000000 0.033560 99.322485 0.000000 0.036721 0.013504 
198 6.036392 0.000000 -0.485991 97.537491 0.000000 1.579806 0.048394 
199 6.036392 0.000000 -1.005542 97.726407 0.000000 6.828754 0.040292 
200 6.603024 0.000000 -0.485991 98.905813 0.000000 1.912194 0.021398 
201 6.036392 0.000000 0.033560 99.576164 0.000000 0.000000 0.008459 
202 8.869554 0.000000 -1.005542 99.872508 0.000000 8.686057 -0.004997 
203 8.869554 0.000000 -2.044644 99.073795 0.000000 11.983698 0.004077 
204 10.002819 0.000000 -1.005542 99.827034 0.000000 9.922072 -0.006388 
205 8.869554 0.000000 0.033560 101.387389 0.000000 -8.253347 -0.034752 
206 7.169657 0.000000 -0.485991 99.395449 0.000000 2.438256 0.011460 
207 7.169657 0.000000 -1.005542 98.969187 0.000000 7.213276 0.015307 
208 7.736289 0.000000 -0.485991 99.791070 0.000000 2.811006 0.003384 
209 7.169657 0.000000 0.033560 99.798089 0.000000 -8.987715 -0.004044 
210 6.036392 0.000000 0.553111 101.623001 0.000000 2.805251 -0.033510 
211 6.603024 0.000000 0.553111 100.507532 0.000000 3.943526 -0.011732 
212 6.036392 0.000000 1.072662 102.149330 0.000000 4.026011 -0.045069 
213 6.319708 0.000000 -0.226215 99.553453 0.000000 -0.000000 0.008911 
214 6.036392 0.000000 -0.226215 99.576116 0.000000 0.000000 0.008460 
215 6.319708 0.000000 -0.485991 98.322476 0.000000 1.562097 0.033025 
216 6.603024 0.000000 -0.226215 99.824323 0.000000 -3.834889 0.002040 
217 6.319708 0.000000 0.033560 99.550062 0.000000 0.000000 0.008979 
218 8.869554 0.000000 1.072662 100.660347 0.000000 5.315439 -0.016076 
219 10.002819 0.000000 1.072662 100.155030 0.000000 8.034566 -0.009558 
220 8.869554 0.000000 2.111765 100.243841 0.000000 7.727745 -0.010855 
221 7.169657 0.000000 0.553111 100.209261 0.000000 5.112393 -0.006803 
222 7.736289 0.000000 0.553111 100.147164 0.000000 5.762682 -0.006266 
223 7.169657 0.000000 1.072662 101.116459 0.000000 5.464918 -0.025440 
224 6.886340 0.000000 -0.226215 99.474170 0.000000 -3.648506 0.009158 
225 6.886340 0.000000 -0.485991 99.178965 0.000000 2.210793 0.015865 
226 7.169657 0.000000 -0.226215 99.599021 0.000000 -3.497245 0.006780 
227 6.886340 0.000000 0.033560 99.688704 0.000000 -9.137128 -0.002132 
228 6.319708 0.000000 0.293336 100.208399 0.000000 -1.304627 -0.004343 
229 6.036392 0.000000 0.293336 101.463689 0.000000 -1.366985 -0.029675 
230 6.603024 0.000000 0.293336 99.667252 0.000000 -0.299740 0.006635 
231 6.319708 0.000000 0.553111 100.975679 0.000000 3.255838 -0.020669 
232 6.461366 0.000000 -0.096328 99.547409 0.000000 -0.000000 0.009031 
233 6.319708 0.000000 -0.096328 99.554743 0.000000 -0.000000 0.008885 
234 6.461366 0.000000 -0.226215 99.544132 0.000000 -0.000000 0.009097 
235 6.603024 0.000000 -0.096328 99.544400 0.000000 -0.000000 0.009091 
236 6.461366 0.000000 0.033560 99.546358 0.000000 -0.000000 0.009052 
237 12.269349 0.000000 -24.904892 98.425517 0.000000 17.240109 0.001520 
238 3.203229 0.000000 -24.904892 98.403376 0.000000 17.284050 0.001804 
239 12.269349 0.000000 -33.217710 98.445069 0.000000 17.299134 0.000931 
240 21.335469 0.000000 -24.904892 98.454484 0.000000 17.227604 0.000992 
241 7.736289 0.000000 -12.435666 98.267822 0.000000 16.868626 0.005888 
242 3.203229 0.000000 -12.435666 98.180295 0.000000 17.032545 0.007052 
243 7.736289 0.000000 -16.592075 98.350000 0.000000 17.101604 0.003481 
244 12.269349 0.000000 -12.435666 98.385890 0.000000 16.834741 0.003681 
245 5.469759 0.000000 -6.201053 97.768757 0.000000 15.775518 0.019240 
246 3.203229 0.000000 -6.201053 97.441031 0.000000 16.251704 0.024113 
247 5.469759 0.000000 -8.279257 97.990089 0.000000 16.426082 0.012813 
248 7.736289 0.000000 -6.201053 98.144831 0.000000 15.648826 0.012271 
249 4.336494 0.000000 -3.083746 96.448840 0.000000 13.393359 0.051824 
250 3.203229 0.000000 -3.083746 95.536610 0.000000 14.319462 0.066771 
251 4.336494 0.000000 -4.122849 96.935556 0.000000 14.715608 0.038695 
252 5.469759 0.000000 -3.083746 97.290314 0.000000 13.081746 0.036346 
253 3.769862 0.000000 -1.525093 94.672865 0.000000 9.012609 0.095582 
254 3.203229 0.000000 -1.525093 92.831063 0.000000 9.724330 0.128783 
255 3.769862 0.000000 -2.044644 95.045029 0.000000 11.264223 0.083956 
256 4.336494 0.000000 -1.525093 96.010022 0.000000 9.002311 0.070103 
257 3.486545 0.000000 -0.745766 99.101905 0.000000 0.652739 0.017839 
258 3.203229 0.000000 -0.745766 99.395031 0.000000 0.682638 0.012016 
259 3.486545 0.000000 -1.005542 99.020123 0.000000 0.647779 0.019460 
260 3.769862 0.000000 -0.745766 99.001131 0.000000 0.648440 0.019836 
261 3.628203 0.000000 -0.356103 99.069932 0.000000 0.652486 0.018472 
262 3.486545 0.000000 -0.356103 99.178320 0.000000 0.660975 0.016322 
263 3.628203 0.000000 -0.485991 99.075334 0.000000 0.652557 0.018365 
264 3.769862 0.000000 -0.356103 99.060522 0.000000 0.652764 0.018659 
265 3.628203 0.000000 -0.226215 99.286520 0.000000 0.578561 0.014185 
266 4.053178 0.000000 -0.745766 98.887973 0.000000 0.650188 0.022075 
267 4.053178 0.000000 -1.005542 98.851005 0.000000 0.653765 0.022805 
268 4.336494 0.000000 -0.745766 98.821928 0.000000 0.658691 0.023379 
269 3.911520 0.000000 -0.356103 98.985987 0.000000 0.649101 0.020135 
270 3.911520 0.000000 -0.485991 98.989046 0.000000 0.648973 0.020075 
271 4.053178 0.000000 -0.356103 98.929837 0.000000 0.648659 0.021247 
272 3.911520 0.000000 -0.226215 99.495867 0.000000 0.381035 0.010043 
273 3.486545 0.000000 0.293336 100.248977 0.000000 0.500181 -0.005011 
274 3.203229 0.000000 0.293336 100.993499 0.000000 0.545506 -0.019998 
275 3.769862 0.000000 0.293336 99.507983 0.000000 0.473859 0.009794 
276 3.486545 0.000000 0.553111 99.018963 0.000000 0.647789 0.019483 
277 3.628203 0.000000 -0.096328 101.239904 0.000000 0.223853 -0.024957 
278 3.486545 0.000000 -0.096328 101.585492 0.000000 0.260606 -0.031968 
279 3.769862 0.000000 -0.096328 100.089446 0.000000 0.226915 -0.001795 
280 3.628203 0.000000 0.033560 101.335269 0.000000 0.195309 -0.026887 
281 3.699032 0.000000 -0.291159 99.454981 0.000000 0.512444 0.010844 
282 3.628203 0.000000 -0.291159 99.059191 0.000000 0.604609 0.018691 
283 3.699032 0.000000 -0.356103 99.064388 0.000000 0.652629 0.018582 
284 3.769862 0.000000 -0.291159 99.465012 0.000000 0.507906 0.010645 
285 3.699032 0.000000 -0.226215 99.820837 0.000000 0.407702 0.003563 
286 2.919913 0.000000 -0.226215 101.366101 0.000000 0.616662 -0.027547 
287 2.919913 0.000000 -0.485991 100.083450 0.000000 0.817057 -0.001736 
288 2.919913 0.000000 0.033560 106.065603 0.000000 0.313639 -0.125001 
289 3.344887 0.000000 -0.356103 99.213385 0.000000 0.658172 0.015627 
290 3.203229 0.000000 -0.356103 99.385721 0.000000 0.673671 0.012202 
291 3.344887 0.000000 -0.485991 99.333394 0.000000 0.677439 0.013242 
292 3.344887 0.000000 -0.226215 99.672312 0.000000 0.571733 0.006510 
293 3.557374 0.000000 -0.291159 98.947814 0.000000 0.650208 0.020891 
294 3.486545 0.000000 -0.291159 99.430055 0.000000 0.592998 0.011331 
295 3.557374 0.000000 -0.356103 99.166729 0.000000 0.660788 0.016552 
296 3.557374 0.000000 -0.226215 99.265504 0.000000 0.587193 0.014601 
297 4.053178 0.000000 0.293336 99.131514 0.000000 0.423375 0.017276 
298 4.336494 0.000000 0.293336 98.980759 0.000000 0.346571 0.020269 
299 4.053178 0.000000 0.553111 98.850788 0.000000 0.653810 0.022809 
300 3.911520 0.000000 -0.096328 99.956490 0.000000 0.189644 0.000866 
301 4.053178 0.000000 -0.096328 99.579398 0.000000 0.194787 0.008391 
302 3.911520 0.000000 0.033560 99.994101 0.000000 0.166364 0.000115 
303 3.699032 0.000000 -0.161271 99.935897 0.000000 0.367809 0.001268 
304 3.628203 0.000000 -0.161271 100.803061 0.000000 0.279802 -0.016134 
305 3.769862 0.000000 -0.161271 99.956198 0.000000 0.360512 0.000863 
306 3.699032 0.000000 -0.096328 100.826642 0.000000 0.232998 -0.016607 
307 3.663618 0.000000 -0.258687 98.870541 0.000000 0.650353 0.022419 
308 3.628203 0.000000 -0.258687 98.886514 0.000000 0.643273 0.022104 
309 3.663618 0.000000 -0.291159 99.444946 0.000000 0.516694 0.011044 
310 3.699032 0.000000 -0.258687 99.489606 0.000000 0.499913 0.010157 
311 3.663618 0.000000 -0.226215 99.045343 0.000000 0.604629 0.018965 
312 -5.862891 0.000000 -24.904892 98.412057 0.000000 17.336485 0.001451 
313 -14.929011 0.000000 -24.904892 98.436524 0.000000 17.364810 0.000871 
314 -5.862891 0.000000 -33.217710 98.439513 0.000000 17.342770 0.000889 
315 -1.329831 0.000000 -12.435666 98.203565 0.000000 17.239932 0.005884 
316 -5.862891 0.000000 -12.435666 98.301506 0.000000 17.361297 0.003540 
317 -1.329831 0.000000 -16.592075 98.315277 0.000000 17.274270 0.003571 
318 0.936699 0.000000 -6.201053 97.464272 0.000000 16.913895 0.021464 
319 -1.329831 0.000000 -6.201053 97.773251 0.000000 17.343867 0.013958 
320 0.936699 0.000000 -8.279257 97.853203 0.000000 17.001816 0.013569 
321 2.069964 0.000000 -3.083746 95.200299 0.000000 15.939972 0.068282 
322 0.936699 0.000000 -3.083746 95.883580 0.000000 17.380653 0.050425 
323 2.069964 0.000000 -4.122849 96.364329 0.000000 16.226953 0.045060 
324 2.636596 0.000000 -1.525093 90.959680 0.000000 11.676349 0.159000 
325 2.069964 0.000000 -1.525093 90.204531 0.000000 14.991325 0.163840 
326 2.636596 0.000000 -2.044644 92.987878 0.000000 13.506339 0.117083 
327 2.919913 0.000000 -0.745766 99.821775 0.000000 0.751250 0.003505 
328 2.636596 0.000000 -0.745766 100.762916 0.000000 0.983017 -0.015413 
329 2.919913 0.000000 -1.005542 99.695356 0.000000 0.699077 0.006035 
330 3.061571 0.000000 -0.356103 99.606614 0.000000 0.700808 0.007803 
331 2.919913 0.000000 -0.356103 99.858492 0.000000 0.745816 0.002773 
332 3.061571 0.000000 -0.485991 99.725784 0.000000 0.737069 0.005422 
333 3.061571 0.000000 -0.226215 100.557625 0.000000 0.581128 -0.011217 
334 2.353280 0.000000 -0.745766 101.313756 0.000000 1.105218 -0.026570 
335 2.069964 0.000000 -0.745766 101.574894 0.000000 1.179682 -0.031885 
336 2.353280 0.000000 -1.005542 101.471282 0.000000 1.144586 -0.029773 
337 2.211622 0.000000 -0.356103 101.503805 0.000000 1.083102 -0.030420 
338 2.069964 0.000000 -0.356103 101.777944 0.000000 1.180058 -0.036014 
339 2.211622 0.000000 -0.485991 101.408841 0.000000 1.132568 -0.028504 
340 2.353280 0.000000 -0.356103 101.204062 0.000000 0.999843 -0.024326 
341 2.211622 0.000000 -0.226215 104.702738 0.000000 0.930444 -0.096353 
342 1.503331 0.000000 -1.525093 91.574281 0.000000 18.246016 0.128123 
343 0.936699 0.000000 -1.525093 93.901245 0.000000 19.855468 0.078832 
344 1.503331 0.000000 -2.044644 93.417511 0.000000 17.366205 0.097158 
345 1.786648 0.000000 -0.745766 101.942642 0.000000 1.293212 -0.039397 
346 1.503331 0.000000 -0.745766 102.104191 0.000000 1.356481 -0.042711 
347 1.786648 0.000000 -1.005542 102.091537 0.000000 1.344056 -0.042449 
348 1.928306 0.000000 -0.356103 101.666584 0.000000 1.213326 -0.033757 
349 1.786648 0.000000 -0.356103 101.825423 0.000000 1.262806 -0.037001 
350 1.928306 0.000000 -0.485991 101.792476 0.000000 1.245582 -0.036326 
351 1.928306 0.000000 -0.226215 105.404324 0.000000 1.215728 -0.111155 
352 1.786648 0.000000 0.293336 109.526038 0.000000 0.950178 -0.199686 
353 1.503331 0.000000 0.293336 103.958329 0.000000 0.935330 -0.080821 
354 2.069964 0.000000 0.293336 107.762104 0.000000 0.917800 -0.161351 
355 1.786648 0.000000 0.553111 102.092560 0.000000 1.344752 -0.042470 
356 1.928306 0.000000 -0.096328 119.709076 0.000000 0.440941 -0.433046 
357 1.786648 0.000000 -0.096328 117.312001 0.000000 0.579477 -0.376244 
358 2.069964 0.000000 -0.096328 118.712902 0.000000 0.467929 -0.409297 
359 1.928306 0.000000 0.033560 121.351319 0.000000 0.382091 -0.472629 
360 1.999135 0.000000 -0.291159 103.918890 0.000000 1.172218 -0.080051 
361 1.928306 0.000000 -0.291159 104.039802 0.000000 1.268708 -0.082589 
362 1.999135 0.000000 -0.356103 101.646056 0.000000 1.203709 -0.033337 
363 2.069964 0.000000 -0.291159 103.970543 0.000000 1.123582 -0.081114 
364 1.999135 0.000000 -0.226215 105.121361 0.000000 1.135936 -0.105179 
365 0.370066 0.000000 -0.485991 95.828783 0.000000 22.468667 0.031200 
366 -0.196566 0.000000 -0.485991 100.991515 0.000000 20.233232 -0.060867 
367 0.370066 0.000000 -1.005542 96.202611 0.000000 21.769699 0.027114 
368 0.370066 0.000000 0.033560 101.031305 0.000000 -0.000000 -0.020732 
369 1.220015 0.000000 -0.226215 103.245554 0.000000 0.541939 -0.065994 
370 0.936699 0.000000 -0.226215 101.633932 0.000000 0.271492 -0.032953 
371 1.220015 0.000000 -0.485991 102.220459 0.000000 1.418940 -0.045104 
372 1.220015 0.000000 0.033560 103.807954 0.000000 0.235018 -0.077615 
373 1.644990 0.000000 -0.356103 101.974149 0.000000 1.312523 -0.040045 
374 1.503331 0.000000 -0.356103 102.112797 0.000000 1.365011 -0.042889 
375 1.644990 0.000000 -0.485991 101.968016 0.000000 1.308871 -0.039919 
376 1.644990 0.000000 -0.226215 109.111140 0.000000 0.789346 -0.190586 
377 1.857477 0.000000 -0.291159 103.994673 0.000000 1.368225 -0.081676 
378 1.786648 0.000000 -0.291159 108.022579 0.000000 0.990407 -0.166986 
379 1.857477 0.000000 -0.356103 101.816197 0.000000 1.257053 -0.036812 
380 1.857477 0.000000 -0.226215 105.026163 0.000000 1.334454 -0.103228 
381 1.644990 0.000000 -0.096328 114.377714 0.000000 0.398441 -0.308242 
382 1.503331 0.000000 -0.096328 110.575976 0.000000 0.386976 -0.222720 
383 1.644990 0.000000 0.033560 115.158745 0.000000 0.348715 -0.326166 
384 1.715819 0.000000 -0.291159 108.079844 0.000000 0.991303 -0.168224 
385 1.644990 0.000000 -0.291159 108.388931 0.000000 1.017466 -0.174920 
386 1.715819 0.000000 -0.356103 101.971586 0.000000 1.309889 -0.039992 
387 1.715819 0.000000 -0.226215 112.675323 0.000000 0.787890 -0.269635 
388 1.857477 0.000000 -0.161271 115.789105 0.000000 0.637690 -0.340752 
389 1.786648 0.000000 -0.161271 114.480731 0.000000 0.705221 -0.310634 
390 1.928306 0.000000 -0.161271 117.212528 0.000000 0.548374 -0.373908 
391 1.857477 0.000000 -0.096328 119.677270 0.000000 0.463177 -0.432286 
392 1.822062 0.000000 -0.258687 102.902888 0.000000 1.509945 -0.059128 
393 1.786648 0.000000 -0.258687 108.589122 0.000000 0.965751 -0.179253 
394 1.822062 0.000000 -0.291159 104.702295 0.000000 1.317639 -0.096431 
395 1.857477 0.000000 -0.258687 103.356634 0.000000 1.444222 -0.068468 
396 1.822062 0.000000 -0.226215 106.349743 0.000000 1.255015 -0.131184 
397 1.715819 0.000000 -0.161271 114.391208 0.000000 0.522296 -0.308562 
398 1.644990 0.000000 -0.161271 113.477113 0.000000 0.455558 -0.287726 
399 1.715819 0.000000 -0.096328 116.029517 0.000000 0.447547 -0.346305 
400 1.751233 0.000000 -0.258687 108.642209 0.000000 0.965242 -0.180406 
401 1.715819 0.000000 -0.258687 108.612231 0.000000 0.968073 -0.179755 
402 1.751233 0.000000 -0.291159 108.081820 0.000000 0.989674 -0.168266 
403 1.751233 0.000000 -0.226215 112.721752 0.000000 0.784611 -0.270681 
404 1.822062 0.000000 -0.193743 113.275868 0.000000 0.756900 -0.283200 
405 1.786648 0.000000 -0.193743 113.485418 0.000000 0.749360 -0.287950 
406 1.857477 0.000000 -0.193743 115.022464 0.000000 0.671591 -0.323062 
407 1.822062 0.000000 -0.161271 114.232720 0.000000 0.714559 -0.304963 
408 1.804355 0.000000 -0.242451 103.361818 0.000000 1.494146 -0.068590 
409 1.786648 0.000000 -0.242451 112.290832 0.000000 0.802107 -0.260987 
410 1.804355 0.000000 -0.258687 102.793936 0.000000 1.523106 -0.056891 
411 1.822062 0.000000 -0.242451 102.929017 0.000000 1.509678 -0.059666 
412 1.804355 0.000000 -0.226215 107.285171 0.000000 1.186405 -0.151152 
413 5.753075 0.000000 -0.226215 99.578193 0.000000 0.000000 0.008418 
414 5.469759 0.000000 -0.226215 99.571882 0.000000 -0.000000 0.008544 
415 5.753075 0.000000 -0.485991 97.084750 0.000000 1.943280 0.057078 
416 5.753075 0.000000 0.033560 99.579678 0.000000 -0.000000 0.008389 
417 6.178050 0.000000 -0.096328 99.561408 0.000000 -0.000000 0.008753 
418 6.036392 0.000000 -0.096328 99.574805 0.000000 0.000000 0.008486 
419 6.178050 0.000000 -0.226215 99.568270 0.000000 0.000000 0.008616 
420 6.178050 0.000000 0.033560 99.570970 0.000000 -0.000000 0.008562 
421 6.886340 0.000000 0.293336 99.910504 0.000000 0.000161 0.001789 
422 7.169657 0.000000 0.293336 99.963544 0.000000 0.131372 0.000727 
423 6.886340 0.000000 0.553111 100.311258 0.000000 4.583901 -0.008336 
424 6.461366 0.000000 0.163448 99.547593 0.000000 -0.000000 0.009028 
425 6.319708 0.000000 0.163448 99.552495 0.000000 -0.000000 0.008930 
426 6.603024 0.000000 0.163448 99.544447 0.000000 -0.000000 0.009090 
427 6.461366 0.000000 0.293336 99.656633 0.000000 -0.816356 0.006789 
428 6.390537 0.000000 -0.031384 99.546848 0.000000 0.000000 0.009043 
429 6.319708 0.000000 -0.031384 99.549967 0.000000 0.000000 0.008980 
430 6.390537 0.000000 -0.096328 99.551141 0.000000 -0.000000 0.008957 
431 6.461366 0.000000 -0.031384 99.546349 0.000000 -0.000000 0.009052 
432 6.390537 0.000000 0.033560 99.546990 0.000000 -0.000000 0.009040 
433 6.744682 0.000000 -0.096328 99.661285 0.000000 -7.936451 0.000464 
434 6.744682 0.000000 -0.226215 99.527441 0.000000 -3.681582 0.008073 
435 6.886340 0.000000 -0.096328 99.589659 0.000000 -8.060265 0.001693 
436 6.744682 0.000000 0.033560 99.589890 0.000000 -8.950969 0.000173 
437 6.532195 0.000000 -0.031384 99.547242 0.000000 -0.000000 0.009035 
438 6.532195 0.000000 -0.096328 99.544716 0.000000 -0.000000 0.009085 
439 6.603024 0.000000 -0.031384 99.544416 0.000000 -0.000000 0.009091 
440 6.532195 0.000000 0.033560 99.547244 0.000000 -0.000000 0.009035 
441 5.753075 0.000000 0.293336 102.119714 0.000000 -1.024191 -0.042949 
442 5.469759 0.000000 0.293336 101.791659 0.000000 -0.640754 -0.036195 
443 5.753075 0.000000 0.553111 102.024902 0.000000 2.631885 -0.041601 
444 6.178050 0.000000 0.163448 99.565270 0.000000 0.000000 0.008676 
445 6.036392 0.000000 0.163448 99.574431 0.000000 0.000000 0.008493 
446 6.178050 0.000000 0.293336 100.904401 0.000000 -1.414579 -0.018370 
447 6.390537 0.000000 0.098504 99.551154 0.000000 -0.000000 0.008957 
448 6.319708 0.000000 0.098504 99.554752 0.000000 -0.000000 0.008885 
449 6.461366 0.000000 0.098504 99.547415 0.000000 -0.000000 0.009031 
450 6.390537 0.000000 0.163448 99.551536 0.000000 -0.000000 0.008949 
451 6.425951 0.000000 0.001088 99.546007 0.000000 -0.000000 0.009059 
452 6.390537 0.000000 0.001088 99.542939 0.000000 0.000000 0.009120 
453 6.425951 0.000000 -0.031384 99.548390 0.000000 -0.000000 0.009012 
454 6.461366 0.000000 0.001088 99.546335 0.000000 -0.000000 0.009053 
455 6.425951 0.000000 0.033560 99.549120 0.000000 -0.000000 0.008997 
456 6.603024 0.000000 -3.083746 97.904133 0.000000 13.052439 0.024441 
457 6.603024 0.000000 -4.122849 97.872123 0.000000 14.284549 0.021700 
458 7.736289 0.000000 -3.083746 98.392539 0.000000 13.244989 0.014348 
459 6.036392 0.000000 -1.525093 97.715578 0.000000 9.328491 0.036465 
460 5.469759 0.000000 -1.525093 97.287820 0.000000 9.336565 0.044791 
461 6.036392 0.000000 -2.044644 97.679253 0.000000 10.962232 0.033859 
462 6.603024 0.000000 -1.525093 98.197096 0.000000 9.405637 0.026886 
463 6.319708 0.000000 -0.745766 98.128455 0.000000 4.791243 0.034785 
464 6.036392 0.000000 -0.745766 97.654251 0.000000 4.844514 0.044018 
465 6.319708 0.000000 -1.005542 98.062989 0.000000 6.799206 0.033742 
466 6.603024 0.000000 -0.745766 98.577245 0.000000 4.923278 0.025829 
467 6.461366 0.000000 -0.356103 99.074379 0.000000 -0.817343 0.018360 
468 6.319708 0.000000 -0.356103 98.584659 0.000000 -1.135862 0.027977 
469 6.461366 0.000000 -0.485991 98.670051 0.000000 1.717463 0.026127 
470 6.603024 0.000000 -0.356103 99.246162 0.000000 -0.455420 0.014999 
471 6.390537 0.000000 -0.161271 99.551523 0.000000 -0.000000 0.008949 
472 6.319708 0.000000 -0.161271 99.552492 0.000000 -0.000000 0.008930 
473 6.390537 0.000000 -0.226215 99.548174 0.000000 -0.000000 0.009016 
474 6.461366 0.000000 -0.161271 99.547587 0.000000 -0.000000 0.009028 
475 6.425951 0.000000 -0.063856 99.550570 0.000000 -0.000000 0.008968 
476 6.390537 0.000000 -0.063856 99.550968 0.000000 -0.000000 0.008960 
477 6.425951 0.000000 -0.096328 99.550760 0.000000 -0.000000 0.008965 
478 6.461366 0.000000 -0.063856 99.547331 0.000000 -0.000000 0.009033 
479 6.744682 0.000000 0.163448 99.618145 0.000000 -4.726042 0.005389 
480 6.886340 0.000000 0.163448 99.791737 0.000000 -4.763664 0.001892 
481 6.744682 0.000000 0.293336 99.830916 0.000000 -0.088950 0.003378 
482 6.532195 0.000000 0.098504 99.544716 0.000000 -0.000000 0.009085 
483 6.603024 0.000000 0.098504 99.544400 0.000000 -0.000000 0.009091 
484 6.532195 0.000000 0.163448 99.544709 0.000000 -0.000000 0.009085 
485 6.496780 0.000000 0.001088 99.546277 0.000000 -0.000000 0.009054 
486 6.496780 0.000000 -0.031384 99.546346 0.000000 -0.000000 0.009053 
487 6.532195 0.000000 0.001088 99.546619 0.000000 -0.000000 0.009047 
488 6.496780 0.000000 0.033560 99.546353 0.000000 -0.000000 0.009052 
489 6.443659 0.000000 -0.015148 99.546970 0.000000 -0.000000 0.009040 
490 6.425951 0.000000 -0.015148 99.546421 0.000000 -0.000000 0.009051 
491 6.443659 0.000000 -0.031384 99.547164 0.000000 -0.000000 0.009036 
492 6.461366 0.000000 -0.015148 99.546285 0.000000 -0.000000 0.009054 
493 6.443659 0.000000 0.001088 99.546663 0.000000 -0.000000 0.009046 
494 6.248879 0.000000 -0.031384 99.562002 0.000000 -0.000000 0.008741 
495 6.178050 0.000000 -0.031384 99.571082 0.000000 -0.000000 0.008560 
496 6.248879 0.000000 -0.096328 99.557852 0.000000 -0.000000 0.008823 
497 6.248879 0.000000 0.033560 99.561948 0.000000 -0.000000 0.008742 
498 6.248879 0.000000 0.098504 99.557847 0.000000 -0.000000 0.008824 
499 6.178050 0.000000 0.098504 99.561392 0.000000 -0.000000 0.008753 
500 6.248879 0.000000 0.163448 99.557704 0.000000 -0.000000 0.008826 
501 6.284293 0.000000 0.001088 99.553145 0.000000 -0.000000 0.008917 
502 6.248879 0.000000 0.001088 99.562500 0.000000 -0.000000 0.008731 
503 6.284293 0.000000 -0.031384 99.557956 0.000000 -0.000000 0.008821 
504 6.319708 0.000000 0.001088 99.548811 0.000000 0.000000 0.009003 
505 6.284293 0.000000 0.033560 99.558065 0.000000 -0.000000 0.008819 
506 5.894733 0.000000 -0.096328 99.574343 0.000000 0.000000 0.008495 
507 5.753075 0.000000 -0.096328 99.587182 0.000000 -0.000000 0.008239 
508 5.894733 0.000000 -0.226215 99.572688 0.000000 0.000000 0.008528 
509 5.894733 0.000000 0.033560 99.573302 0.000000 0.000000 0.008516 
510 6.107221 0.000000 -0.031384 99.574440 0.000000 0.000000 0.008493 
511 6.036392 0.000000 -0.031384 99.576168 0.000000 0.000000 0.008459 
512 6.107221 0.000000 -0.096328 99.570754 0.000000 0.000000 0.008566 
513 6.107221 0.000000 0.033560 99.574297 0.000000 0.000000 0.008496 
514 5.186443 0.000000 -0.226215 99.505745 0.000000 0.000000 0.009861 
515 5.186443 0.000000 -0.485991 97.546260 0.000000 2.220068 0.047980 
516 5.186443 0.000000 0.033560 99.520819 0.000000 0.000000 0.009561 
517 5.611417 0.000000 -0.096328 99.597149 0.000000 -0.000000 0.008041 
518 5.469759 0.000000 -0.096328 99.588015 0.000000 -0.000000 0.008223 
519 5.611417 0.000000 -0.226215 99.599073 0.000000 -0.000000 0.008002 
520 5.611417 0.000000 0.033560 99.587542 0.000000 -0.000000 0.008232 
521 5.894733 0.000000 0.163448 99.574549 0.000000 0.000000 0.008491 
522 5.753075 0.000000 0.163448 99.589285 0.000000 -0.000000 0.008197 
523 5.894733 0.000000 0.293336 101.881808 0.000000 -1.227232 -0.038141 
524 5.823904 0.000000 -0.031384 99.574935 0.000000 0.000000 0.008483 
525 5.753075 0.000000 -0.031384 99.579571 0.000000 -0.000000 0.008391 
526 5.823904 0.000000 -0.096328 99.578430 0.000000 0.000000 0.008414 
527 5.894733 0.000000 -0.031384 99.573268 0.000000 0.000000 0.008516 
528 5.823904 0.000000 0.033560 99.575006 0.000000 0.000000 0.008482 
529 5.186443 0.000000 0.293336 99.546365 0.000000 0.000000 0.009052 
530 4.903127 0.000000 0.293336 99.546365 0.000000 0.000000 0.009052 
531 5.186443 0.000000 0.553111 101.827132 0.000000 1.936816 -0.037252 
532 5.611417 0.000000 0.163448 99.595304 0.000000 -0.000000 0.008078 
533 5.469759 0.000000 0.163448 99.573063 0.000000 -0.000000 0.008521 
534 5.611417 0.000000 0.293336 102.092626 0.000000 -0.783124 -0.042352 
535 5.682246 0.000000 -0.031384 99.583850 0.000000 -0.000000 0.008306 
536 5.611417 0.000000 -0.031384 99.587482 0.000000 -0.000000 0.008233 
537 5.682246 0.000000 -0.096328 99.590758 0.000000 -0.000000 0.008168 
538 5.682246 0.000000 0.033560 99.583924 0.000000 -0.000000 0.008304 
539 5.328101 0.000000 -0.096328 99.548616 0.000000 -0.000000 0.009007 
540 5.186443 0.000000 -0.096328 99.519192 0.000000 0.000000 0.009593 
541 5.328101 0.000000 -0.226215 99.514708 0.000000 0.000000 0.009682 
542 5.328101 0.000000 0.033560 99.545433 0.000000 -0.000000 0.009071 
543 5.540588 0.000000 -0.031384 99.592710 0.000000 -0.000000 0.008129 
544 5.469759 0.000000 -0.031384 99.588926 0.000000 -0.000000 0.008205 
545 5.540588 0.000000 -0.096328 99.591091 0.000000 -0.000000 0.008161 
546 5.540588 0.000000 0.033560 99.592701 0.000000 -0.000000 0.008129 
547 5.328101 0.000000 0.163448 99.549451 0.000000 -0.000000 0.008991 
548 5.186443 0.000000 0.163448 99.520321 0.000000 0.000000 0.009571 
549 5.328101 0.000000 0.293336 101.472501 0.000000 -0.731931 -0.029720 
550 5.398930 0.000000 -0.031384 99.570892 0.000000 -0.000000 0.008564 
551 5.328101 0.000000 -0.031384 99.545133 0.000000 -0.000000 0.009077 
552 5.398930 0.000000 -0.096328 99.580066 0.000000 -0.000000 0.008381 
553 5.398930 0.000000 0.033560 99.571325 0.000000 -0.000000 0.008555 
554 5.540588 0.000000 0.098504 99.591003 0.000000 -0.000000 0.008163 
555 5.469759 0.000000 0.098504 99.587984 0.000000 -0.000000 0.008223 
556 5.611417 0.000000 0.098504 99.597113 0.000000 -0.000000 0.008042 
557 5.540588 0.000000 0.163448 99.577459 0.000000 -0.000000 0.008433 
558 5.505174 0.000000 0.001088 99.705981 0.000000 -0.000000 0.005872 
559 5.469759 0.000000 0.001088 99.589097 0.000000 -0.000000 0.008201 
560 5.505174 0.000000 -0.031384 99.593218 0.000000 -0.000000 0.008119 
561 5.540588 0.000000 0.001088 99.592357 0.000000 0.000000 0.008136 
562 5.505174 0.000000 0.033560 99.593155 0.000000 -0.000000 0.008120 
563 -23.995132 0.000000 -24.904892 98.455462 0.000000 17.373135 0.000470 
564 -33.061252 0.000000 -24.904892 98.466332 0.000000 17.373887 0.000253 
565 -23.995132 0.000000 -33.217710 98.459261 0.000000 17.366785 0.000417 
566 30.401590 0.000000 -24.904892 98.473228 0.000000 17.233415 0.000603 
567 30.401590 0.000000 -33.217710 98.468865 0.000000 17.287179 0.000504 
568 39.467710 0.000000 -24.904892 98.482954 0.000000 17.244369 0.000374 
569 -10.395951 0.000000 -12.435666 98.376212 0.000000 17.398382 0.001942 
570 -14.929011 0.000000 -12.435666 98.420910 0.000000 17.401781 0.001050 
571 -10.395951 0.000000 -16.592075 98.392393 0.000000 17.371997 0.001715 
572 16.802409 0.000000 -12.435666 98.460913 0.000000 16.871946 0.002079 
573 16.802409 0.000000 -16.592075 98.437027 0.000000 17.065061 0.001894 
574 21.335469 0.000000 -12.435666 98.491677 0.000000 16.913481 0.001332 
575 -3.596361 0.000000 -6.201053 98.062388 0.000000 17.475379 0.007838 
576 -5.862891 0.000000 -6.201053 98.235257 0.000000 17.500341 0.004357 
577 -3.596361 0.000000 -8.279257 98.123551 0.000000 17.373621 0.006993 
578 10.002819 0.000000 -6.201053 98.394064 0.000000 15.727937 0.007124 
579 10.002819 0.000000 -8.279257 98.331737 0.000000 16.301427 0.006513 
580 12.269349 0.000000 -6.201053 98.521492 0.000000 15.869859 0.004166 
581 -0.196566 0.000000 -3.083746 96.862353 0.000000 17.985412 0.029421 
582 -1.329831 0.000000 -3.083746 97.540288 0.000000 18.003402 0.016177 
583 -0.196566 0.000000 -4.122849 97.134656 0.000000 17.490315 0.025895 
584 0.370066 0.000000 -1.525093 95.896731 0.000000 20.158683 0.039744 
585 -0.196566 0.000000 -1.525093 97.232688 0.000000 19.675969 0.015866 
586 0.370066 0.000000 -2.044644 95.920277 0.000000 18.992688 0.043858 
587 1.220015 0.000000 -0.745766 102.285196 0.000000 1.473648 -0.046443 
588 0.936699 0.000000 -0.745766 93.165538 0.000000 21.913201 0.083999 
589 1.220015 0.000000 -1.005542 102.021242 0.000000 1.597424 -0.041089 
590 4.903127 0.000000 -1.525093 96.815974 0.000000 9.217935 0.054170 
591 4.903127 0.000000 -2.044644 96.734413 0.000000 10.927689 0.052304 
592 0.370066 0.000000 0.553111 101.599052 0.000000 20.226184 -0.073147 
593 -0.196566 0.000000 0.553111 97.153673 0.000000 20.482929 0.014161 
594 0.370066 0.000000 1.072662 100.728280 0.000000 21.710652 -0.061754 
595 1.220015 0.000000 0.293336 102.130949 0.000000 0.660129 -0.043117 
596 0.936699 0.000000 0.293336 102.478718 0.000000 0.349310 -0.050201 
597 1.220015 0.000000 0.553111 102.176408 0.000000 1.569295 -0.044248 
598 2.353280 0.000000 0.293336 104.834547 0.000000 0.876845 -0.099105 
599 2.636596 0.000000 0.293336 102.691188 0.000000 0.809625 -0.054614 
600 2.353280 0.000000 0.553111 101.470313 0.000000 1.143723 -0.029753 
601 2.919913 0.000000 0.293336 99.817784 0.000000 0.750244 0.003585 
602 2.919913 0.000000 0.553111 99.721567 0.000000 0.723115 0.005509 
603 2.211622 0.000000 -0.096328 113.593730 0.000000 0.548617 -0.290384 
604 2.353280 0.000000 -0.096328 111.476322 0.000000 0.510090 -0.242723 
605 2.211622 0.000000 0.033560 117.179589 0.000000 0.381131 -0.373120 
606 3.344887 0.000000 -0.096328 102.732059 0.000000 0.277848 -0.055395 
607 3.203229 0.000000 -0.096328 102.874859 0.000000 0.326100 -0.058334 
608 3.344887 0.000000 0.033560 103.033988 0.000000 0.231524 -0.061606 
609 8.869554 0.000000 -3.083746 98.676420 0.000000 13.547473 0.007943 
610 8.869554 0.000000 -4.122849 98.460638 0.000000 14.521115 0.009464 
611 10.002819 0.000000 -3.083746 98.810710 0.000000 13.862682 0.004427 
612 7.169657 0.000000 -1.525093 98.648811 0.000000 9.645499 0.017538 
613 7.169657 0.000000 -2.044644 98.420820 0.000000 11.179588 0.018836 
614 7.736289 0.000000 -1.525093 98.984301 0.000000 9.924081 0.010362 
615 4.619810 0.000000 -0.745766 97.187266 0.000000 4.577321 0.053368 
616 4.619810 0.000000 -1.005542 96.843804 0.000000 6.485504 0.057922 
617 4.903127 0.000000 -0.745766 97.365997 0.000000 4.959926 0.049526 
618 5.186443 0.000000 -0.745766 97.382895 0.000000 5.185776 0.048968 
619 5.186443 0.000000 -1.005542 97.249715 0.000000 6.952843 0.049415 
620 5.469759 0.000000 -0.745766 97.309700 0.000000 5.217957 0.050360 
621 4.619810 0.000000 0.293336 99.332461 0.000000 0.000000 0.013306 
622 4.619810 0.000000 0.553111 102.075400 0.000000 0.194183 -0.041943 
623 5.753075 0.000000 -0.745766 97.352778 0.000000 5.057459 0.049686 
624 5.753075 0.000000 -1.005542 97.477747 0.000000 6.930111 0.045006 
625 6.886340 0.000000 -0.745766 98.915007 0.000000 5.126590 0.018954 
626 6.886340 0.000000 -1.005542 98.710131 0.000000 7.011012 0.020716 
627 7.169657 0.000000 -0.745766 99.173060 0.000000 5.352615 0.013605 
628 6.178050 0.000000 -0.356103 97.998475 0.000000 -1.229549 0.039479 
629 6.036392 0.000000 -0.356103 97.483188 0.000000 -1.173379 0.049565 
630 6.178050 0.000000 -0.485991 97.918128 0.000000 1.519750 0.040973 
631 6.744682 0.000000 -0.356103 99.273365 0.000000 -0.248536 0.014474 
632 6.744682 0.000000 -0.485991 99.057963 0.000000 2.079835 0.018319 
633 6.886340 0.000000 -0.356103 99.330521 0.000000 -0.125801 0.013343 
634 6.532195 0.000000 -0.161271 99.544710 0.000000 -0.000000 0.009085 
635 6.532195 0.000000 -0.226215 99.544434 0.000000 -0.000000 0.009091 
636 6.603024 0.000000 -0.161271 99.544447 0.000000 -0.000000 0.009090 
637 3.557374 0.000000 -0.161271 101.218194 0.000000 0.271565 -0.024520 
638 3.486545 0.000000 -0.161271 100.686984 0.000000 0.387817 -0.013802 
639 3.557374 0.000000 -0.096328 101.388005 0.000000 0.240185 -0.027959 
640 3.061571 0.000000 -0.096328 104.058653 0.000000 0.359907 -0.082833 
641 2.919913 0.000000 -0.096328 104.414492 0.000000 0.410389 -0.090255 
642 3.061571 0.000000 0.033560 105.627659 0.000000 0.223831 -0.115725 
643 1.999135 0.000000 -0.161271 113.251970 0.000000 0.748721 -0.282657 
644 2.069964 0.000000 -0.161271 109.520978 0.000000 0.851798 -0.199557 
645 1.999135 0.000000 -0.096328 119.532630 0.000000 0.442209 -0.428825 
646 1.751233 0.000000 -0.193743 113.530183 0.000000 0.748808 -0.288966 
647 1.715819 0.000000 -0.193743 112.721430 0.000000 0.655793 -0.270655 
648 1.751233 0.000000 -0.161271 113.731786 0.000000 0.623105 -0.293531 
649 5.894733 0.000000 -0.356103 97.094263 0.000000 -1.003573 0.057170 
650 5.753075 0.000000 -0.356103 96.885504 0.000000 -0.770045 0.061261 
651 5.894733 0.000000 -0.485991 97.243904 0.000000 1.741096 0.054059 
652 6.248879 0.000000 -0.161271 99.557708 0.000000 -0.000000 0.008826 
653 6.178050 0.000000 -0.161271 99.565279 0.000000 0.000000 0.008676 
654 6.248879 0.000000 -0.226215 99.555909 0.000000 0.000000 0.008862 
655 6.355122 0.000000 0.001088 99.544220 0.000000 0.000000 0.009095 
656 6.355122 0.000000 -0.031384 99.548090 0.000000 0.000000 0.009018 
657 6.355122 0.000000 0.033560 99.548276 0.000000 0.000000 0.009014 
658 6.496780 0.000000 -0.063856 99.547284 0.000000 -0.000000 0.009034 
659 6.496780 0.000000 -0.096328 99.547353 0.000000 -0.000000 0.009032 
660 6.532195 0.000000 -0.063856 99.544719 0.000000 -0.000000 0.009085 
661 6.107221 0.000000 0.098504 99.570744 0.000000 0.000000 0.008567 
662 6.036392 0.000000 0.098504 99.574796 0.000000 0.000000 0.008486 
663 6.107221 0.000000 0.163448 99.570437 0.000000 0.000000 0.008573 
664 5.965563 0.000000 -0.031384 99.574401 0.000000 0.000000 0.008494 
665 5.965563 0.000000 -0.096328 99.575410 0.000000 0.000000 0.008474 
666 5.965563 0.000000 0.033560 99.574412 0.000000 0.000000 0.008494 
667 5.965563 0.000000 0.098504 99.575412 0.000000 0.000000 0.008474 
668 5.894733 0.000000 0.098504 99.574360 0.000000 0.000000 0.008495 
669 5.965563 0.000000 0.163448 99.575183 0.000000 0.000000 0.008478 
670 5.682246 0.000000 0.098504 99.590766 0.000000 -0.000000 0.008168 
671 5.753075 0.000000 0.098504 99.587197 0.000000 -0.000000 0.008239 
672 5.682246 0.000000 0.163448 99.590982 0.000000 -0.000000 0.008164 
673 5.398930 0.000000 0.098504 99.580238 0.000000 -0.000000 0.008378 
674 5.328101 0.000000 0.098504 99.548771 0.000000 -0.000000 0.009004 
675 5.398930 0.000000 0.163448 99.565920 0.000000 -0.000000 0.008663 
676 5.611417 0.000000 -0.356103 96.914738 0.000000 -0.521414 0.060726 
677 5.469759 0.000000 -0.356103 97.156047 0.000000 -0.361651 0.056057 
678 5.611417 0.000000 -0.485991 97.085642 0.000000 2.135839 0.056982 
679 6.107221 0.000000 -0.161271 99.570447 0.000000 0.000000 0.008573 
680 6.036392 0.000000 -0.161271 99.574434 0.000000 0.000000 0.008493 
681 6.107221 0.000000 -0.226215 99.574851 0.000000 0.000000 0.008485 
682 6.355122 0.000000 -0.063856 99.551558 0.000000 -0.000000 0.008949 
683 6.319708 0.000000 -0.063856 99.554618 0.000000 -0.000000 0.008888 
684 6.355122 0.000000 -0.096328 99.551687 0.000000 -0.000000 0.008946 
685 6.284293 0.000000 -0.063856 99.554695 0.000000 -0.000000 0.008886 
686 6.248879 0.000000 -0.063856 99.563517 0.000000 -0.000000 0.008711 
687 6.284293 0.000000 -0.096328 99.555721 0.000000 -0.000000 0.008866 
688 5.965563 0.000000 -0.161271 99.575181 0.000000 0.000000 0.008478 
689 5.894733 0.000000 -0.161271 99.574546 0.000000 0.000000 0.008491 
690 5.965563 0.000000 -0.226215 99.574642 0.000000 0.000000 0.008489 
691 5.328101 0.000000 -0.356103 97.436834 0.000000 -0.362513 0.050593 
692 5.186443 0.000000 -0.356103 97.648156 0.000000 -0.444463 0.046464 
693 5.328101 0.000000 -0.485991 97.394093 0.000000 2.281541 0.050919 
694 5.823904 0.000000 0.098504 99.578428 0.000000 0.000000 0.008414 
695 5.823904 0.000000 0.163448 99.577017 0.000000 0.000000 0.008442 
696 5.823904 0.000000 -0.161271 99.577011 0.000000 0.000000 0.008442 
697 5.753075 0.000000 -0.161271 99.589265 0.000000 -0.000000 0.008198 
698 5.823904 0.000000 -0.226215 99.573830 0.000000 0.000000 0.008505 
699 5.682246 0.000000 -0.161271 99.590975 0.000000 -0.000000 0.008164 
700 5.611417 0.000000 -0.161271 99.595309 0.000000 -0.000000 0.008077 
701 5.682246 0.000000 -0.226215 99.593887 0.000000 -0.000000 0.008106 
1 19 21 9 22 
2 20 19 22 4 
3 28 29 3 30 
4 21 28 30 9 
5 35 37 21 38 
6 36 35 38 19 
7 44 45 28 46 
8 37 44 46 21 
9 51 53 37 54 
10 52 51 54 35 
11 60 61 44 62 
12 53 60 62 37 
13 67 69 53 70 
14 68 67 70 51 
15 11 78 76 77 
16 78 10 24 76 
17 76 24 14 79 
18 77 76 79 6 
19 24 82 80 81 
20 82 23 40 80 
21 80 40 27 83 
22 81 80 83 14 
23 40 86 84 85 
24 86 39 56 84 
25 84 56 43 87 
26 85 84 87 27 
27 56 90 88 89 
28 89 88 91 43 
29 92 93 60 94 
30 69 92 94 53 
31 95 97 69 98 
32 96 95 98 67 
33 6 79 112 113 
34 79 14 36 112 
35 112 36 19 114 
36 113 112 114 20 
37 14 83 115 116 
38 83 27 52 115 
39 115 52 35 117 
40 116 115 117 36 
41 27 87 118 119 
42 87 43 68 118 
43 118 68 51 120 
44 119 118 120 52 
45 43 91 121 122 
46 121 96 67 123 
47 122 121 123 68 
48 124 126 95 127 
49 125 124 127 96 
50 133 134 92 135 
51 97 133 135 69 
52 136 137 97 138 
53 126 136 138 95 
54 140 108 141 139 
55 139 141 111 142 
56 147 148 133 149 
57 137 147 149 97 
58 15 156 155 33 
59 156 17 157 155 
60 155 157 8 158 
61 33 155 158 18 
62 31 160 159 49 
63 160 33 161 159 
64 159 161 18 162 
65 49 159 162 34 
66 164 49 165 163 
67 163 165 34 166 
68 176 145 177 175 
69 175 177 107 178 
70 18 158 179 45 
71 158 8 180 179 
72 179 180 29 181 
73 45 179 181 28 
74 34 162 182 61 
75 162 18 183 182 
76 182 183 45 184 
77 61 182 184 44 
78 166 34 186 185 
79 185 186 61 187 
80 93 185 187 60 
81 188 189 93 190 
82 134 188 190 92 
83 191 192 134 193 
84 148 191 193 133 
85 145 195 194 177 
86 195 171 196 194 
87 194 196 174 197 
88 177 194 197 107 
89 65 203 202 169 
90 203 163 204 202 
91 202 204 166 205 
92 169 202 205 50 
93 207 169 208 206 
94 206 208 50 209 
95 210 211 188 212 
96 192 210 212 134 
97 50 205 218 189 
98 205 166 219 218 
99 218 219 185 220 
100 189 218 220 93 
101 209 50 222 221 
102 221 222 189 223 
103 211 221 223 188 
104 225 206 226 224 
105 224 226 209 227 
106 228 230 211 231 
107 229 228 231 210 
108 7 239 237 238 
109 239 16 240 237 
110 237 240 15 32 
111 238 237 32 13 
112 13 243 241 242 
113 243 32 244 241 
114 241 244 31 48 
115 242 241 48 26 
116 26 247 245 246 
117 247 48 248 245 
118 245 248 47 64 
119 246 245 64 42 
120 42 251 249 250 
121 251 64 252 249 
122 249 252 63 105 
123 250 249 105 58 
124 58 255 253 254 
125 255 105 256 253 
126 253 256 104 144 
127 254 253 144 74 
128 74 259 257 258 
129 259 144 260 257 
130 257 260 143 152 
131 258 257 152 110 
132 152 263 261 262 
133 263 143 264 261 
134 144 267 266 260 
135 267 104 268 266 
136 266 268 145 176 
137 260 266 176 143 
138 143 270 269 264 
139 270 176 271 269 
140 269 271 175 272 
141 264 269 272 153 
142 5 154 273 274 
143 154 146 275 273 
144 273 275 147 276 
145 274 273 276 137 
146 277 279 146 280 
147 278 277 280 154 
148 261 283 281 282 
149 283 264 284 281 
150 281 284 153 285 
151 108 287 286 141 
152 141 286 288 111 
153 110 291 289 290 
154 291 152 262 289 
155 289 262 150 292 
156 290 289 292 151 
157 262 295 293 294 
158 295 261 282 293 
159 293 282 265 296 
160 294 293 296 150 
161 146 178 297 275 
162 178 107 298 297 
163 297 298 148 299 
164 275 297 299 147 
165 153 272 300 279 
166 272 175 301 300 
167 300 301 178 302 
168 279 300 302 146 
169 265 285 303 304 
170 285 153 305 303 
171 303 305 279 306 
172 304 303 306 277 
173 282 309 307 308 
174 309 281 310 307 
175 307 310 285 311 
176 308 307 311 265 
177 12 314 312 313 
178 314 7 238 312 
179 312 238 13 25 
180 313 312 25 10 
181 25 317 315 316 
182 317 13 242 315 
183 315 242 26 41 
184 316 315 41 23 
185 41 320 318 319 
186 320 26 246 318 
187 318 246 42 57 
188 319 318 57 39 
189 57 323 321 322 
190 323 42 250 321 
191 321 250 58 73 
192 322 321 73 55 
193 73 326 324 325 
194 326 58 254 324 
195 324 254 74 109 
196 325 324 109 71 
197 109 329 327 328 
198 329 74 258 327 
199 327 258 110 287 
200 328 327 287 108 
201 287 332 330 331 
202 332 110 290 330 
203 330 290 151 333 
204 331 330 333 286 
205 71 336 334 335 
206 336 109 328 334 
207 334 328 108 140 
208 335 334 140 102 
209 102 339 337 338 
210 339 140 340 337 
211 337 340 139 341 
212 338 337 341 131 
213 55 344 342 343 
214 344 73 325 342 
215 342 325 71 101 
216 343 342 101 72 
217 101 347 345 346 
218 347 71 335 345 
219 345 335 102 130 
220 346 345 130 99 
221 130 350 348 349 
222 350 102 338 348 
223 103 132 352 353 
224 132 75 354 352 
225 352 354 126 355 
226 353 352 355 124 
227 356 358 75 359 
228 357 356 359 132 
229 348 362 360 361 
230 362 338 363 360 
231 360 363 131 364 
232 361 360 364 351 
233 88 367 365 366 
234 367 72 100 365 
235 365 100 59 368 
236 366 365 368 91 
237 100 371 369 370 
238 371 99 129 369 
239 369 129 103 372 
240 370 369 372 59 
241 99 375 373 374 
242 375 130 349 373 
243 374 373 376 129 
244 349 379 377 378 
245 379 348 361 377 
246 377 361 351 380 
247 129 376 381 382 
248 381 357 132 383 
249 382 381 383 103 
250 373 386 384 385 
251 386 349 378 384 
252 385 384 387 376 
253 380 351 390 388 
254 388 390 356 391 
255 389 388 391 357 
256 378 394 392 393 
257 394 377 395 392 
258 392 395 380 396 
259 376 387 397 398 
260 397 389 357 399 
261 398 397 399 381 
262 384 402 400 401 
263 402 378 393 400 
264 400 393 128 403 
265 401 400 403 387 
266 128 396 404 405 
267 396 380 406 404 
268 404 406 388 407 
269 405 404 407 389 
270 393 410 408 409 
271 410 392 411 408 
272 408 411 396 412 
273 409 408 412 128 
274 227 209 422 421 
275 421 422 221 423 
276 230 421 423 211 
277 424 426 230 427 
278 425 424 427 228 
279 216 434 433 235 
280 434 224 435 433 
281 433 435 227 436 
282 235 433 436 170 
283 438 235 439 437 
284 437 439 170 440 
285 441 229 210 443 
286 442 441 443 192 
287 444 425 228 446 
288 445 444 446 229 
289 217 432 447 448 
290 432 236 449 447 
291 447 449 424 450 
292 448 447 450 425 
293 428 453 451 452 
294 451 454 236 455 
295 452 451 455 432 
296 64 457 456 252 
297 457 47 458 456 
298 456 458 65 168 
299 252 456 168 63 
300 63 461 459 460 
301 461 168 462 459 
302 459 462 167 199 
303 460 459 199 106 
304 199 465 463 464 
305 465 167 466 463 
306 463 466 200 215 
307 464 463 215 198 
308 215 469 467 468 
309 469 200 470 467 
310 467 470 216 234 
311 468 467 234 213 
312 213 473 471 472 
313 473 234 474 471 
314 471 474 232 430 
315 472 471 430 233 
316 430 477 475 476 
317 477 232 478 475 
318 475 478 431 453 
319 476 475 453 428 
320 170 436 479 426 
321 436 227 480 479 
322 479 480 421 481 
323 426 479 481 230 
324 236 440 482 449 
325 440 170 483 482 
326 482 483 426 484 
327 449 482 484 424 
328 431 486 485 454 
329 486 437 487 485 
330 485 487 440 488 
331 454 485 488 236 
332 453 491 489 490 
333 491 431 492 489 
334 489 492 454 493 
335 490 489 493 451 
336 417 496 494 495 
337 495 494 497 420 
338 420 497 498 499 
339 497 217 448 498 
340 498 448 425 500 
341 499 498 500 444 
342 494 503 501 502 
343 503 429 504 501 
344 501 504 217 505 
345 502 501 505 497 
346 418 512 510 511 
347 512 417 495 510 
348 510 495 420 513 
349 511 510 513 201 
350 171 515 514 196 
351 196 514 516 174 
352 414 519 517 518 
353 521 445 229 523 
354 522 521 523 441 
355 507 526 524 525 
356 526 506 527 524 
357 524 527 509 528 
358 525 524 528 416 
359 174 516 529 530 
360 529 442 192 531 
361 530 529 531 191 
362 532 522 441 534 
363 533 532 534 442 
364 517 537 535 536 
365 537 507 525 535 
366 535 525 416 538 
367 536 535 538 520 
368 514 541 539 540 
369 541 414 518 539 
370 540 539 542 516 
371 518 545 543 544 
372 545 517 536 543 
373 543 536 520 546 
374 516 542 547 548 
375 547 533 442 549 
376 548 547 549 529 
377 539 552 550 551 
378 552 518 544 550 
379 550 544 66 553 
380 551 550 553 542 
381 66 546 554 555 
382 546 520 556 554 
383 554 556 532 557 
384 555 554 557 533 
385 544 560 558 559 
386 560 543 561 558 
387 558 561 546 562 
388 559 558 562 66 
389 1 565 563 564 
390 565 12 313 563 
391 563 313 10 78 
392 564 563 78 11 
393 16 567 566 240 
394 567 2 568 566 
395 566 568 17 156 
396 240 566 156 15 
397 10 571 569 570 
398 571 25 316 569 
399 569 316 23 82 
400 570 569 82 24 
401 32 573 572 244 
402 573 15 574 572 
403 572 574 33 160 
404 244 572 160 31 
405 23 577 575 576 
406 577 41 319 575 
407 575 319 39 86 
408 576 575 86 40 
409 48 579 578 248 
410 579 31 580 578 
411 578 580 49 164 
412 248 578 164 47 
413 39 583 581 582 
414 583 57 322 581 
415 581 322 55 90 
416 582 581 90 56 
417 90 586 584 585 
418 586 55 343 584 
419 584 343 72 367 
420 585 584 367 88 
421 72 589 587 588 
422 589 101 346 587 
423 587 346 99 371 
424 588 587 371 100 
425 105 591 590 256 
426 591 63 460 590 
427 590 460 106 172 
428 256 590 172 104 
429 91 368 592 593 
430 368 59 125 592 
431 592 125 96 594 
432 593 592 594 121 
433 59 372 595 596 
434 372 103 353 595 
435 595 353 124 597 
436 596 595 597 125 
437 75 142 598 354 
438 142 111 599 598 
439 598 599 136 600 
440 354 598 600 126 
441 111 288 601 599 
442 288 5 274 601 
443 601 274 137 602 
444 599 601 602 136 
445 131 341 603 358 
446 341 139 604 603 
447 603 604 142 605 
448 358 603 605 75 
449 151 292 606 607 
450 292 150 278 606 
451 606 278 154 608 
452 607 606 608 5 
453 47 610 609 458 
454 610 164 611 609 
455 609 611 163 203 
456 458 609 203 65 
457 168 613 612 462 
458 613 65 614 612 
459 612 614 169 207 
460 462 612 207 167 
461 104 616 615 268 
462 616 172 617 615 
463 615 617 171 195 
464 268 615 195 145 
465 172 619 618 617 
466 619 106 620 618 
467 618 620 173 515 
468 617 618 515 171 
469 107 197 621 298 
470 197 174 530 621 
471 621 530 191 622 
472 298 621 622 148 
473 106 624 623 620 
474 624 199 464 623 
475 623 464 198 415 
476 620 623 415 173 
477 167 626 625 466 
478 626 207 627 625 
479 625 627 206 225 
480 466 625 225 200 
481 198 630 628 629 
482 630 215 468 628 
483 628 468 213 419 
484 629 628 419 214 
485 200 632 631 470 
486 632 225 633 631 
487 631 633 224 434 
488 470 631 434 216 
489 234 635 634 474 
490 635 216 636 634 
491 634 636 235 438 
492 474 634 438 232 
493 150 296 637 638 
494 296 265 304 637 
495 637 304 277 639 
496 638 637 639 278 
497 286 333 640 641 
498 333 151 607 640 
499 640 607 5 642 
500 641 640 642 288 
501 351 364 643 390 
502 364 131 644 643 
503 643 644 358 645 
504 390 643 645 356 
505 387 403 646 647 
506 403 128 405 646 
507 646 405 389 648 
508 647 646 648 397 
509 415 651 649 650 
510 651 198 629 649 
511 649 629 214 508 
512 650 649 508 413 
513 419 654 652 653 
514 654 213 472 652 
515 652 472 233 496 
516 653 652 496 417 
517 429 656 655 504 
518 656 428 452 655 
519 655 452 432 657 
520 504 655 657 217 
521 232 659 658 478 
522 659 438 660 658 
523 658 660 437 486 
524 478 658 486 431 
525 201 513 661 662 
526 513 420 499 661 
527 661 499 444 663 
528 662 661 663 445 
529 506 665 664 527 
530 665 418 511 664 
531 664 511 201 666 
532 527 664 666 509 
533 509 666 667 668 
534 666 201 662 667 
535 667 662 445 669 
536 668 667 669 521 
537 520 538 670 556 
538 538 416 671 670 
539 670 671 522 672 
540 556 670 672 532 
541 542 553 673 674 
542 553 66 555 673 
543 673 555 533 675 
544 674 673 675 547 
545 173 678 676 677 
546 678 415 650 676 
547 676 650 413 519 
548 677 676 519 414 
549 214 681 679 680 
550 681 419 653 679 
551 679 653 417 512 
552 680 679 512 418 
553 233 684 682 683 
554 684 430 476 682 
555 682 476 428 656 
556 683 682 656 429 
557 496 687 685 686 
558 687 233 683 685 
559 685 683 429 503 
560 686 685 503 494 
561 508 690 688 689 
562 690 214 680 688 
563 688 680 418 665 
564 689 688 665 506 
565 515 693 691 692 
566 693 173 677 691 
567 691 677 414 541 
568 692 691 541 514 
569 416 528 694 671 
570 528 509 668 694 
571 694 668 521 695 
572 671 694 695 522 
573 413 698 696 697 
574 698 508 689 696 
575 696 689 506 526 
576 697 696 526 507 
577 519 701 699 700 
578 701 413 697 699 
579 699 697 507 537 
580 700 699 537 517 
