2 0.000000 100.000000 473.401889
662 547 
1 -37.474758 0.000000 -37.631216 98.460275 0.000000 17.371765 0.000380 
2 44.016115 0.000000 -37.631216 98.472852 0.000000 17.253841 0.000540 
3 44.016115 0.000000 37.948890 98.539390 0.000000 17.137076 -0.000369 
4 -37.474758 0.000000 37.948890 98.508117 0.000000 17.368943 -0.000553 
5 3.270679 0.000000 0.158837 107.754615 0.000000 0.247242 -0.161112 
6 -37.474758 0.000000 0.158837 98.486541 0.000000 17.397090 -0.000226 
7 3.270679 0.000000 -37.631216 98.416194 0.000000 17.301189 0.001492 
8 44.016115 0.000000 0.158837 98.961126 0.000000 14.579855 -0.000588 
9 3.270679 0.000000 37.948890 98.570214 0.000000 17.277024 -0.001458 
10 -17.102039 0.000000 -18.736189 98.398570 0.000000 17.392853 0.001521 
11 -37.474758 0.000000 -18.736189 98.463106 0.000000 17.386425 0.000273 
12 -17.102039 0.000000 -37.631216 98.435084 0.000000 17.357033 0.000927 
13 3.270679 0.000000 -18.736189 98.218152 0.000000 17.114041 0.006030 
14 -17.102039 0.000000 0.158837 98.504432 0.000000 17.494733 -0.000919 
15 23.643397 0.000000 -18.736189 98.448170 0.000000 16.938960 0.002103 
16 23.643397 0.000000 -37.631216 98.444796 0.000000 17.253802 0.001093 
17 44.016115 0.000000 -18.736189 98.508782 0.000000 17.038146 0.000572 
18 23.643397 0.000000 0.158837 99.565978 0.000000 10.949332 -0.003327 
19 -17.102039 0.000000 19.053863 98.589627 0.000000 17.381003 -0.002201 
20 -37.474758 0.000000 19.053863 98.508178 0.000000 17.384070 -0.000607 
21 3.270679 0.000000 19.053863 98.834505 0.000000 17.029215 -0.005825 
22 -17.102039 0.000000 37.948890 98.539556 0.000000 17.348949 -0.001103 
23 -6.915680 0.000000 -9.288676 98.140288 0.000000 17.483164 0.006282 
24 -17.102039 0.000000 -9.288676 98.410148 0.000000 17.452079 0.001087 
25 -6.915680 0.000000 -18.736189 98.299619 0.000000 17.334718 0.003669 
26 3.270679 0.000000 -9.288676 97.583375 0.000000 16.487052 0.020566 
27 -6.915680 0.000000 0.158837 98.577965 0.000000 17.845538 -0.003608 
28 23.643397 0.000000 19.053863 98.693951 0.000000 16.557344 -0.001464 
29 44.016115 0.000000 19.053863 98.709522 0.000000 16.141923 -0.000413 
30 23.643397 0.000000 37.948890 98.556031 0.000000 17.192830 -0.000888 
31 13.457038 0.000000 -9.288676 98.351393 0.000000 15.896469 0.007431 
32 13.457038 0.000000 -18.736189 98.343094 0.000000 16.930853 0.004198 
33 23.643397 0.000000 -9.288676 98.573479 0.000000 16.185500 0.002130 
34 13.457038 0.000000 0.158837 100.676568 0.000000 3.192666 -0.014596 
35 -6.915680 0.000000 9.606350 98.921745 0.000000 17.430520 -0.008933 
36 -17.102039 0.000000 9.606350 98.590327 0.000000 17.441542 -0.002426 
37 3.270679 0.000000 9.606350 99.605941 0.000000 16.301069 -0.018707 
38 -6.915680 0.000000 19.053863 98.710037 0.000000 17.303200 -0.004307 
39 -1.822501 0.000000 -4.564920 97.309249 0.000000 17.801717 0.021401 
40 -6.915680 0.000000 -4.564920 98.206950 0.000000 17.689393 0.004248 
41 -1.822501 0.000000 -9.288676 97.798380 0.000000 17.228904 0.013864 
42 3.270679 0.000000 -4.564920 95.691607 0.000000 15.016184 0.061763 
43 -1.822501 0.000000 0.158837 98.730348 0.000000 19.089161 -0.011208 
44 13.457038 0.000000 9.606350 99.120921 0.000000 15.087504 -0.005259 
45 23.643397 0.000000 9.606350 99.056883 0.000000 14.373809 -0.001887 
46 13.457038 0.000000 19.053863 98.762274 0.000000 16.729899 -0.003388 
47 8.363858 0.000000 -4.564920 97.815469 0.000000 13.302578 0.025518 
48 8.363858 0.000000 -9.288676 97.972248 0.000000 15.909394 0.014833 
49 13.457038 0.000000 -4.564920 98.655521 0.000000 13.950202 0.007248 
50 8.363858 0.000000 0.158837 99.740097 0.000000 -10.474188 -0.005780 
51 -1.822501 0.000000 4.882594 99.904480 0.000000 17.593344 -0.029043 
52 -6.915680 0.000000 4.882594 98.905254 0.000000 17.638315 -0.009336 
53 3.270679 0.000000 4.882594 101.536902 0.000000 15.020566 -0.053536 
54 -1.822501 0.000000 9.606350 99.306022 0.000000 17.121030 -0.015482 
55 0.724089 0.000000 -2.203041 94.123140 0.000000 19.261504 0.076983 
56 -1.822501 0.000000 -2.203041 97.569854 0.000000 18.719197 0.012972 
57 0.724089 0.000000 -4.564920 96.121217 0.000000 17.117310 0.046771 
58 3.270679 0.000000 -2.203041 92.005322 0.000000 11.658892 0.139909 
59 0.724089 0.000000 0.158837 101.753043 0.000000 0.149093 -0.035370 
60 8.363858 0.000000 4.882594 100.076786 0.000000 12.784319 -0.017880 
61 13.457038 0.000000 4.882594 99.465917 0.000000 12.553343 -0.005106 
62 8.363858 0.000000 9.606350 99.378148 0.000000 15.493529 -0.011607 
63 5.817268 0.000000 -2.203041 96.250227 0.000000 9.188274 0.065147 
64 5.817268 0.000000 -4.564920 96.779351 0.000000 13.549759 0.045016 
65 8.363858 0.000000 -2.203041 98.270323 0.000000 9.804036 0.024682 
66 5.817268 0.000000 0.158837 99.784083 0.000000 0.084833 0.004313 
67 0.724089 0.000000 2.520715 102.713674 0.000000 18.506319 -0.089258 
68 -1.822501 0.000000 2.520715 99.863381 0.000000 18.469738 -0.031383 
69 3.270679 0.000000 2.520715 104.540239 0.000000 13.707327 -0.111655 
70 0.724089 0.000000 4.882594 101.006239 0.000000 16.860931 -0.048655 
71 1.997384 0.000000 -1.022102 100.541635 0.000000 1.021534 -0.010966 
72 0.724089 0.000000 -1.022102 93.489790 0.000000 23.401954 0.071201 
73 1.997384 0.000000 -2.203041 91.315363 0.000000 16.069302 0.140328 
74 3.270679 0.000000 -1.022102 99.601987 0.000000 0.766517 0.007886 
75 1.997384 0.000000 0.158837 124.212321 0.000000 0.333356 -0.542881 
76 -27.288399 0.000000 -9.288676 98.459081 0.000000 17.413184 0.000259 
77 -37.474758 0.000000 -9.288676 98.472357 0.000000 17.394196 0.000064 
78 -27.288399 0.000000 -18.736189 98.444367 0.000000 17.393255 0.000618 
79 -27.288399 0.000000 0.158837 98.491133 0.000000 17.422354 -0.000404 
80 -12.008860 0.000000 -4.564920 98.394755 0.000000 17.557657 0.001020 
81 -17.102039 0.000000 -4.564920 98.447572 0.000000 17.482995 0.000242 
82 -12.008860 0.000000 -9.288676 98.336244 0.000000 17.478472 0.002449 
83 -12.008860 0.000000 0.158837 98.524679 0.000000 17.614845 -0.001740 
84 -4.369091 0.000000 -2.203041 98.172427 0.000000 18.075608 0.003545 
85 -6.915680 0.000000 -2.203041 98.356059 0.000000 17.807146 0.000899 
86 -4.369091 0.000000 -4.564920 97.934360 0.000000 17.784021 0.009259 
87 -4.369091 0.000000 0.158837 98.645760 0.000000 18.183740 -0.006163 
88 -0.549206 0.000000 -1.022102 98.137031 0.000000 20.566985 -0.005388 
89 -1.822501 0.000000 -1.022102 98.164325 0.000000 19.084185 -0.000044 
90 -0.549206 0.000000 -2.203041 96.603448 0.000000 19.311440 0.029484 
91 -0.549206 0.000000 0.158837 97.870671 0.000000 18.557070 0.007697 
92 5.817268 0.000000 2.520715 101.822957 0.000000 11.192155 -0.049318 
93 8.363858 0.000000 2.520715 99.975707 0.000000 11.130134 -0.011902 
94 5.817268 0.000000 4.882594 100.880571 0.000000 13.437984 -0.035747 
95 1.997384 0.000000 1.339776 108.295837 0.000000 18.670243 -0.207657 
96 0.724089 0.000000 1.339776 103.409454 0.000000 21.982597 -0.117675 
97 3.270679 0.000000 1.339776 107.593687 0.000000 12.410678 -0.173043 
98 1.997384 0.000000 2.520715 104.520843 0.000000 16.516485 -0.119740 
99 1.360736 0.000000 -0.431633 100.643275 0.000000 1.067635 -0.013021 
100 0.724089 0.000000 -0.431633 100.691791 0.000000 1.161587 -0.014019 
101 1.360736 0.000000 -1.022102 100.699610 0.000000 1.097360 -0.014162 
102 1.997384 0.000000 -0.431633 100.473774 0.000000 1.003640 -0.009599 
103 1.360736 0.000000 0.158837 105.722007 0.000000 0.284511 -0.117722 
104 4.543973 0.000000 -1.022102 99.127262 0.000000 0.781647 0.017318 
105 4.543973 0.000000 -2.203041 94.360365 0.000000 9.641789 0.100316 
106 5.817268 0.000000 -1.022102 99.040376 0.000000 0.814970 0.019034 
107 4.543973 0.000000 0.158837 102.277449 0.000000 0.249399 -0.046074 
108 2.634031 0.000000 -0.431633 100.085767 0.000000 0.864985 -0.001791 
109 2.634031 0.000000 -1.022102 100.290173 0.000000 0.947011 -0.005902 
110 3.270679 0.000000 -0.431633 99.571747 0.000000 0.771312 0.008487 
111 2.634031 0.000000 0.158837 112.279918 0.000000 0.338110 -0.260689 
112 -27.288399 0.000000 9.606350 98.521501 0.000000 17.409854 -0.000959 
113 -37.474758 0.000000 9.606350 98.500203 0.000000 17.392789 -0.000480 
114 -27.288399 0.000000 19.053863 98.532676 0.000000 17.388333 -0.001104 
115 -12.008860 0.000000 4.882594 98.650434 0.000000 17.558791 -0.004022 
116 -17.102039 0.000000 4.882594 98.558824 0.000000 17.476584 -0.001927 
117 -12.008860 0.000000 9.606350 98.685705 0.000000 17.456501 -0.004360 
118 -4.369091 0.000000 2.520715 99.077901 0.000000 17.994384 -0.014023 
119 -6.915680 0.000000 2.520715 98.786272 0.000000 17.773807 -0.007464 
120 -4.369091 0.000000 4.882594 99.236669 0.000000 17.680762 -0.016053 
121 -0.549206 0.000000 1.339776 99.936657 0.000000 20.310116 -0.039984 
122 -1.822501 0.000000 1.339776 99.375979 0.000000 18.975964 -0.023567 
123 -0.549206 0.000000 2.520715 100.849310 0.000000 18.783559 -0.052341 
124 1.360736 0.000000 0.749307 100.699652 0.000000 1.096790 -0.014162 
125 0.724089 0.000000 0.749307 104.165755 0.000000 21.972743 -0.133331 
126 1.997384 0.000000 0.749307 100.539189 0.000000 1.020387 -0.010917 
127 1.360736 0.000000 1.339776 106.113106 0.000000 21.136776 -0.170675 
128 1.679060 0.000000 -0.136398 118.844343 0.000000 0.273458 -0.412405 
129 1.360736 0.000000 -0.136398 106.120814 0.000000 0.227696 -0.126168 
130 1.679060 0.000000 -0.431633 100.566705 0.000000 1.036817 -0.011474 
131 1.997384 0.000000 -0.136398 116.184798 0.000000 0.578290 -0.349924 
132 1.679060 0.000000 0.158837 118.725836 0.000000 0.271978 -0.409590 
133 4.543973 0.000000 1.339776 104.734368 0.000000 8.276309 -0.103779 
134 5.817268 0.000000 1.339776 103.105808 0.000000 5.175135 -0.065759 
135 4.543973 0.000000 2.520715 103.216864 0.000000 11.893868 -0.079519 
136 2.634031 0.000000 0.749307 100.289154 0.000000 0.947160 -0.005881 
137 3.270679 0.000000 0.749307 99.601621 0.000000 0.766585 0.007893 
138 2.634031 0.000000 1.339776 108.670720 0.000000 15.347876 -0.204488 
139 2.315707 0.000000 -0.136398 112.728727 0.000000 0.500541 -0.270802 
140 2.315707 0.000000 -0.431633 100.394616 0.000000 0.939287 -0.007996 
141 2.634031 0.000000 -0.136398 109.900707 0.000000 0.431132 -0.207835 
142 2.315707 0.000000 0.158837 118.049438 0.000000 0.342452 -0.393579 
143 3.907326 0.000000 -0.431633 99.254947 0.000000 0.761237 0.014788 
144 3.907326 0.000000 -1.022102 99.245258 0.000000 0.761491 0.014980 
145 4.543973 0.000000 -0.431633 99.145843 0.000000 0.775196 0.016950 
146 3.907326 0.000000 0.158837 104.564149 0.000000 0.258121 -0.093373 
147 2.952355 0.000000 -0.136398 107.270706 0.000000 0.407526 -0.150717 
148 2.952355 0.000000 -0.431633 99.869311 0.000000 0.830946 0.002543 
149 3.270679 0.000000 -0.136398 105.550863 0.000000 0.383494 -0.114113 
150 2.952355 0.000000 0.158837 108.953028 0.000000 0.330356 -0.187087 
151 3.907326 0.000000 0.749307 99.244675 0.000000 0.761662 0.014991 
152 4.543973 0.000000 0.749307 99.127253 0.000000 0.781670 0.017318 
153 3.907326 0.000000 1.339776 106.088645 0.000000 10.137661 -0.135757 
154 3.589002 0.000000 -0.136398 104.681312 0.000000 0.342559 -0.095829 
155 3.589002 0.000000 -0.431633 99.374605 0.000000 0.756407 0.012412 
156 3.907326 0.000000 -0.136398 103.453430 0.000000 0.359322 -0.070274 
157 3.589002 0.000000 0.158837 106.109771 0.000000 0.238113 -0.125934 
158 33.829756 0.000000 -9.288676 98.596238 0.000000 16.449798 0.000819 
159 33.829756 0.000000 -18.736189 98.493324 0.000000 16.988695 0.001045 
160 44.016115 0.000000 -9.288676 98.587767 0.000000 16.626784 0.000400 
161 33.829756 0.000000 0.158837 99.178023 0.000000 13.303037 -0.001325 
162 18.550217 0.000000 -4.564920 98.793964 0.000000 14.548655 0.002809 
163 18.550217 0.000000 -9.288676 98.501353 0.000000 16.030399 0.004051 
164 23.643397 0.000000 -4.564920 98.800713 0.000000 14.997994 0.001348 
165 18.550217 0.000000 0.158837 99.883018 0.000000 8.956535 -0.005684 
166 10.910448 0.000000 -2.203041 98.938061 0.000000 10.766722 0.009534 
167 10.910448 0.000000 -4.564920 98.407906 0.000000 13.590325 0.013119 
168 13.457038 0.000000 -2.203041 99.130516 0.000000 11.600731 0.003856 
169 10.910448 0.000000 0.158837 102.886776 0.000000 -12.515160 -0.074232 
170 7.090563 0.000000 -1.022102 98.191267 0.000000 5.606267 0.032704 
171 7.090563 0.000000 -2.203041 97.505899 0.000000 9.354115 0.040510 
172 8.363858 0.000000 -1.022102 98.929789 0.000000 6.634421 0.016888 
173 7.090563 0.000000 0.158837 99.717831 0.000000 -12.205087 -0.009261 
174 5.180621 0.000000 -0.431633 99.097999 0.000000 0.790602 0.017896 
175 5.180621 0.000000 -1.022102 99.086677 0.000000 0.794289 0.018120 
176 5.817268 0.000000 -0.431633 99.687000 0.000000 0.176878 0.006247 
177 5.180621 0.000000 0.158837 99.971904 0.000000 0.182356 0.000559 
178 33.829756 0.000000 9.606350 99.183815 0.000000 13.447136 -0.001825 
179 44.016115 0.000000 9.606350 99.298012 0.000000 12.748781 -0.002263 
180 33.829756 0.000000 19.053863 98.683965 0.000000 16.378432 -0.000678 
181 18.550217 0.000000 4.882594 99.354317 0.000000 12.640358 -0.003106 
182 23.643397 0.000000 4.882594 99.809624 0.000000 9.896857 -0.005991 
183 18.550217 0.000000 9.606350 99.057141 0.000000 14.746138 -0.002977 
184 10.910448 0.000000 2.520715 100.106776 0.000000 8.098284 -0.008695 
185 13.457038 0.000000 2.520715 100.707824 0.000000 4.473924 -0.016208 
186 10.910448 0.000000 4.882594 99.623708 0.000000 12.625435 -0.008428 
187 7.090563 0.000000 1.339776 101.833233 0.000000 3.916225 -0.038534 
188 8.363858 0.000000 1.339776 101.370967 0.000000 1.903069 -0.027969 
189 7.090563 0.000000 2.520715 100.692171 0.000000 11.100950 -0.026214 
190 5.180621 0.000000 0.749307 99.086828 0.000000 0.794226 0.018117 
191 5.817268 0.000000 0.749307 99.040378 0.000000 0.814969 0.019034 
192 5.180621 0.000000 1.339776 103.783367 0.000000 6.686246 -0.081569 
193 4.862297 0.000000 -0.136398 101.033887 0.000000 0.235383 -0.020790 
194 4.543973 0.000000 -0.136398 101.351286 0.000000 0.404062 -0.027225 
195 4.862297 0.000000 -0.431633 99.116534 0.000000 0.785189 0.017530 
196 5.180621 0.000000 -0.136398 99.964018 0.000000 0.165971 0.000717 
197 4.862297 0.000000 0.158837 101.035741 0.000000 0.234102 -0.020828 
198 6.453916 0.000000 -0.431633 99.745683 0.000000 -0.000000 0.005080 
199 6.453916 0.000000 -1.022102 97.433441 0.000000 5.071192 0.048101 
200 7.090563 0.000000 -0.431633 98.905701 0.000000 2.006562 0.021364 
201 6.453916 0.000000 0.158837 99.680919 0.000000 -0.000000 0.006371 
202 13.457038 0.000000 -28.183702 98.395328 0.000000 17.186320 0.002299 
203 3.270679 0.000000 -28.183702 98.366726 0.000000 17.252729 0.002633 
204 13.457038 0.000000 -37.631216 98.426587 0.000000 17.270565 0.001393 
205 23.643397 0.000000 -28.183702 98.437509 0.000000 17.163565 0.001547 
206 8.363858 0.000000 -14.012433 98.142898 0.000000 16.680320 0.008974 
207 3.270679 0.000000 -14.012433 98.039521 0.000000 16.917599 0.010205 
208 8.363858 0.000000 -18.736189 98.260335 0.000000 16.991407 0.005620 
209 13.457038 0.000000 -14.012433 98.295689 0.000000 16.588062 0.006279 
210 5.817268 0.000000 -6.926798 97.375931 0.000000 15.274409 0.028462 
211 3.270679 0.000000 -6.926798 96.991695 0.000000 16.001503 0.033656 
212 5.817268 0.000000 -9.288676 97.734437 0.000000 16.114487 0.018830 
213 8.363858 0.000000 -6.926798 97.863830 0.000000 15.012698 0.019729 
214 4.543973 0.000000 -3.383980 95.332695 0.000000 12.515193 0.075505 
215 3.270679 0.000000 -3.383980 94.355530 0.000000 13.973204 0.090178 
216 4.543973 0.000000 -4.564920 96.152372 0.000000 14.090611 0.055618 
217 5.817268 0.000000 -3.383980 96.423862 0.000000 11.862652 0.056172 
218 5.180621 0.000000 -1.612572 95.313360 0.000000 7.199046 0.086354 
219 4.543973 0.000000 -1.612572 93.972382 0.000000 7.343030 0.111527 
220 5.180621 0.000000 -2.203041 95.393171 0.000000 9.308001 0.081350 
221 5.817268 0.000000 -1.612572 96.310587 0.000000 7.268041 0.067145 
222 4.862297 0.000000 -0.726867 99.119130 0.000000 0.784351 0.017478 
223 4.543973 0.000000 -0.726867 99.147626 0.000000 0.778411 0.016914 
224 4.862297 0.000000 -1.022102 99.104381 0.000000 0.788114 0.017770 
225 5.180621 0.000000 -0.726867 99.099852 0.000000 0.789882 0.017860 
226 5.498945 0.000000 -0.136398 99.741291 0.000000 0.096277 0.005167 
227 5.498945 0.000000 -0.431633 99.582646 0.000000 0.329193 0.008319 
228 5.817268 0.000000 -0.136398 99.769378 0.000000 0.100265 0.004606 
229 5.498945 0.000000 0.158837 99.723811 0.000000 0.130483 0.005514 
230 5.021459 0.000000 -0.284015 99.585066 0.000000 0.560143 0.008250 
231 4.862297 0.000000 -0.284015 99.417014 0.000000 0.700730 0.011577 
232 5.021459 0.000000 -0.431633 99.099260 0.000000 0.790084 0.017871 
233 5.180621 0.000000 -0.284015 99.649688 0.000000 0.471628 0.006972 
234 5.021459 0.000000 -0.136398 100.044813 0.000000 0.345151 -0.000908 
235 4.225650 0.000000 -0.136398 102.530334 0.000000 0.358791 -0.051260 
236 4.225650 0.000000 -0.431633 99.190134 0.000000 0.766599 0.016073 
237 4.225650 0.000000 0.158837 103.402827 0.000000 0.255590 -0.069221 
238 4.703135 0.000000 -0.284015 99.448406 0.000000 0.714638 0.010950 
239 4.543973 0.000000 -0.284015 99.652066 0.000000 0.702964 0.006897 
240 4.703135 0.000000 -0.431633 99.120307 0.000000 0.783832 0.017455 
241 4.703135 0.000000 -0.136398 100.591452 0.000000 0.474800 -0.011887 
242 4.862297 0.000000 0.454072 99.119606 0.000000 0.784204 0.017469 
243 4.543973 0.000000 0.454072 99.126215 0.000000 0.781923 0.017338 
244 5.180621 0.000000 0.454072 99.100220 0.000000 0.789741 0.017852 
245 4.862297 0.000000 0.749307 99.104532 0.000000 0.788061 0.017767 
246 5.021459 0.000000 0.011220 100.749566 0.000000 0.112510 -0.015049 
247 4.862297 0.000000 0.011220 101.210241 0.000000 0.188491 -0.024355 
248 5.180621 0.000000 0.011220 100.020800 0.000000 0.128451 -0.000418 
249 5.021459 0.000000 0.158837 100.055689 0.000000 0.339122 -0.001126 
250 4.941878 0.000000 -0.210207 99.499196 0.000000 0.656055 0.009948 
251 4.862297 0.000000 -0.210207 99.504041 0.000000 0.676089 0.009849 
252 4.941878 0.000000 -0.284015 99.163528 0.000000 0.757471 0.016602 
253 5.021459 0.000000 -0.210207 99.912322 0.000000 0.408667 0.001736 
254 4.941878 0.000000 -0.136398 100.715533 0.000000 0.256834 -0.014368 
255 4.703135 0.000000 0.011220 102.494383 0.000000 0.074023 -0.050510 
256 4.543973 0.000000 0.011220 102.566724 0.000000 0.201198 -0.051997 
257 4.703135 0.000000 0.158837 101.109091 0.000000 0.367464 -0.022318 
258 4.782716 0.000000 -0.210207 99.752237 0.000000 0.627763 0.004910 
259 4.703135 0.000000 -0.210207 99.826846 0.000000 0.635664 0.003420 
260 4.782716 0.000000 -0.284015 99.356384 0.000000 0.736052 0.012777 
261 4.782716 0.000000 -0.136398 100.671824 0.000000 0.389447 -0.013497 
262 -6.915680 0.000000 -28.183702 98.381939 0.000000 17.326785 0.002078 
263 -17.102039 0.000000 -28.183702 98.417312 0.000000 17.365811 0.001246 
264 -6.915680 0.000000 -37.631216 98.420807 0.000000 17.334271 0.001287 
265 -1.822501 0.000000 -14.012433 98.079669 0.000000 17.210831 0.008417 
266 -6.915680 0.000000 -14.012433 98.214264 0.000000 17.377127 0.005199 
267 -1.822501 0.000000 -18.736189 98.245625 0.000000 17.243668 0.005045 
268 0.724089 0.000000 -6.926798 97.118713 0.000000 16.841633 0.028432 
269 -1.822501 0.000000 -6.926798 97.548748 0.000000 17.369097 0.018256 
270 0.724089 0.000000 -9.288676 97.618522 0.000000 16.914042 0.018454 
271 1.997384 0.000000 -3.383980 94.240387 0.000000 16.043112 0.086137 
272 0.724089 0.000000 -3.383980 95.282570 0.000000 17.651462 0.060966 
273 1.997384 0.000000 -4.564920 95.670722 0.000000 16.155941 0.058610 
274 2.634031 0.000000 -1.612572 88.549795 0.000000 12.088965 0.201279 
275 1.997384 0.000000 -1.612572 88.344544 0.000000 16.189697 0.193314 
276 2.634031 0.000000 -2.203041 91.210415 0.000000 13.651176 0.149431 
277 3.270679 0.000000 -1.612572 90.306089 0.000000 9.357460 0.175725 
278 2.315707 0.000000 -0.726867 100.345192 0.000000 0.963963 -0.007009 
279 1.997384 0.000000 -0.726867 100.462094 0.000000 0.999399 -0.009363 
280 2.315707 0.000000 -1.022102 100.423112 0.000000 0.983250 -0.008577 
281 2.634031 0.000000 -0.726867 100.211328 0.000000 0.928927 -0.004317 
282 2.156546 0.000000 -0.284015 103.599155 0.000000 0.886747 -0.073357 
283 1.997384 0.000000 -0.284015 103.231692 0.000000 0.973401 -0.065773 
284 2.156546 0.000000 -0.431633 100.383324 0.000000 0.976948 -0.007777 
285 2.315707 0.000000 -0.284015 101.989940 0.000000 0.839559 -0.040265 
286 2.156546 0.000000 -0.136398 114.331583 0.000000 0.538286 -0.307200 
287 1.360736 0.000000 -1.612572 90.648691 0.000000 19.673041 0.139579 
288 0.724089 0.000000 -1.612572 93.606584 0.000000 20.963528 0.079834 
289 1.360736 0.000000 -2.203041 92.482371 0.000000 18.138635 0.111800 
290 1.679060 0.000000 -0.726867 100.559747 0.000000 1.032692 -0.011333 
291 1.360736 0.000000 -0.726867 100.641338 0.000000 1.065271 -0.012981 
292 1.679060 0.000000 -1.022102 100.637123 0.000000 1.059915 -0.012895 
293 1.838222 0.000000 -0.284015 104.617625 0.000000 0.990708 -0.094583 
294 1.679060 0.000000 -0.284015 111.570347 0.000000 0.727095 -0.244847 
295 1.838222 0.000000 -0.431633 100.485203 0.000000 1.010276 -0.009830 
296 1.838222 0.000000 -0.136398 124.932629 0.000000 0.326435 -0.560827 
297 0.087441 0.000000 -0.431633 99.542500 0.000000 24.025243 -0.048592 
298 -0.549206 0.000000 -0.431633 99.801233 0.000000 19.496346 -0.034039 
299 0.087441 0.000000 -1.022102 96.874044 0.000000 22.539838 0.010738 
300 0.087441 0.000000 0.158837 104.360136 0.000000 -0.000000 -0.089104 
301 1.042413 0.000000 -0.136398 102.631693 0.000000 0.216146 -0.053331 
302 0.724089 0.000000 -0.136398 101.819443 0.000000 0.139926 -0.036722 
303 1.042413 0.000000 -0.431633 100.699118 0.000000 1.100076 -0.014152 
304 1.042413 0.000000 0.158837 102.853696 0.000000 0.257802 -0.057895 
305 1.519898 0.000000 -0.284015 103.875172 0.000000 0.699937 -0.079054 
306 1.360736 0.000000 -0.284015 104.339073 0.000000 0.675058 -0.088710 
307 1.519898 0.000000 -0.431633 100.568272 0.000000 1.038691 -0.011506 
308 1.519898 0.000000 -0.136398 113.720280 0.000000 0.285591 -0.293238 
309 1.679060 0.000000 0.454072 100.556550 0.000000 1.030821 -0.011268 
310 1.360736 0.000000 0.454072 100.640391 0.000000 1.064150 -0.012962 
311 1.997384 0.000000 0.454072 100.456726 0.000000 0.997380 -0.009255 
312 1.679060 0.000000 0.749307 100.636078 0.000000 1.058899 -0.012874 
313 1.838222 0.000000 0.011220 129.356732 0.000000 0.207483 -0.673321 
314 1.679060 0.000000 0.011220 121.105267 0.000000 0.212530 -0.466653 
315 1.997384 0.000000 0.011220 127.623566 0.000000 0.238679 -0.628783 
316 1.838222 0.000000 0.158837 122.429965 0.000000 0.396569 -0.498925 
317 1.758641 0.000000 -0.210207 118.073532 0.000000 0.527483 -0.394164 
318 1.679060 0.000000 -0.210207 117.031911 0.000000 0.438269 -0.369666 
319 1.758641 0.000000 -0.284015 111.101253 0.000000 0.721836 -0.234401 
320 1.838222 0.000000 -0.210207 108.852682 0.000000 0.859030 -0.184964 
321 1.758641 0.000000 -0.136398 119.688996 0.000000 0.387320 -0.432561 
322 1.838222 0.000000 -0.579250 100.479535 0.000000 1.007887 -0.009715 
323 1.679060 0.000000 -0.579250 100.563573 0.000000 1.034934 -0.011410 
324 1.838222 0.000000 -0.726867 100.555217 0.000000 1.029223 -0.011241 
325 1.997384 0.000000 -0.579250 100.468447 0.000000 1.001697 -0.009491 
326 1.758641 0.000000 -0.357824 100.566106 0.000000 1.035855 -0.011461 
327 1.679060 0.000000 -0.357824 100.567833 0.000000 1.037505 -0.011497 
328 1.758641 0.000000 -0.431633 100.564931 0.000000 1.035175 -0.011438 
329 1.838222 0.000000 -0.357824 100.487256 0.000000 1.011151 -0.009871 
330 1.917803 0.000000 -0.210207 106.310894 0.000000 0.924692 -0.130286 
331 1.917803 0.000000 -0.284015 103.309120 0.000000 1.020792 -0.067382 
332 1.997384 0.000000 -0.210207 108.259406 0.000000 0.823460 -0.172078 
333 1.917803 0.000000 -0.136398 125.667964 0.000000 0.299683 -0.579253 
334 1.798431 0.000000 -0.247111 102.516105 0.000000 1.102694 -0.051077 
335 1.758641 0.000000 -0.247111 112.139653 0.000000 0.693355 -0.257578 
336 1.798431 0.000000 -0.284015 111.005868 0.000000 0.723647 -0.232283 
337 1.838222 0.000000 -0.247111 102.296299 0.000000 1.107395 -0.046576 
338 1.798431 0.000000 -0.210207 117.974564 0.000000 0.529630 -0.391828 
339 1.917803 0.000000 -0.357824 100.482293 0.000000 1.008092 -0.009771 
340 1.917803 0.000000 -0.431633 100.480256 0.000000 1.007280 -0.009730 
341 1.997384 0.000000 -0.357824 100.689526 0.000000 1.030445 -0.013944 
342 1.798431 0.000000 -0.320920 110.153796 0.000000 0.746892 -0.213442 
343 1.758641 0.000000 -0.320920 110.892655 0.000000 0.744872 -0.229774 
344 1.798431 0.000000 -0.357824 100.489173 0.000000 1.012419 -0.009910 
345 1.838222 0.000000 -0.320920 105.265056 0.000000 0.957102 -0.108165 
346 1.878012 0.000000 -0.247111 101.256546 0.000000 1.131438 -0.025417 
347 1.878012 0.000000 -0.284015 103.123393 0.000000 1.040148 -0.063552 
348 1.917803 0.000000 -0.247111 104.996214 0.000000 0.971271 -0.102515 
349 1.878012 0.000000 -0.210207 107.803743 0.000000 0.889872 -0.162244 
350 1.818327 0.000000 -0.265563 102.077036 0.000000 1.119842 -0.042098 
351 1.798431 0.000000 -0.265563 102.703924 0.000000 1.092157 -0.054929 
352 1.818327 0.000000 -0.284015 102.882605 0.000000 1.079968 -0.058600 
353 1.838222 0.000000 -0.265563 102.421200 0.000000 1.099939 -0.049131 
354 1.818327 0.000000 -0.247111 101.001069 0.000000 1.171587 -0.020259 
355 6.453916 0.000000 0.749307 102.212890 0.000000 -0.962066 -0.044840 
356 7.090563 0.000000 0.749307 101.192177 0.000000 1.956089 -0.024368 
357 6.453916 0.000000 1.339776 102.432102 0.000000 3.934179 -0.050781 
358 6.135592 0.000000 -0.136398 99.713560 0.000000 0.035190 0.005720 
359 6.135592 0.000000 -0.431633 99.707763 0.000000 0.103826 0.005835 
360 6.453916 0.000000 -0.136398 99.680375 0.000000 -0.000000 0.006382 
361 6.135592 0.000000 0.158837 99.713180 0.000000 0.035115 0.005728 
362 9.637153 0.000000 -1.022102 99.239874 0.000000 7.367705 0.009716 
363 9.637153 0.000000 -2.203041 98.690210 0.000000 10.289268 0.015437 
364 10.910448 0.000000 -1.022102 99.445830 0.000000 8.080118 0.004524 
365 9.637153 0.000000 0.158837 100.077108 0.000000 -10.529682 -0.012630 
366 7.727211 0.000000 -0.431633 99.186144 0.000000 2.650443 0.015508 
367 7.727211 0.000000 -1.022102 98.643205 0.000000 6.147258 0.023173 
368 8.363858 0.000000 -0.431633 99.353666 0.000000 3.138790 0.011900 
369 7.727211 0.000000 0.158837 99.707900 0.000000 -11.168185 -0.006639 
370 6.772240 0.000000 -0.136398 99.593744 0.000000 -0.000000 0.008109 
371 6.772240 0.000000 -0.431633 98.705743 0.000000 1.589110 0.025465 
372 7.090563 0.000000 -0.136398 99.256908 0.000000 -5.382669 0.011909 
373 6.772240 0.000000 0.158837 99.594136 0.000000 -0.000000 0.008101 
374 6.135592 0.000000 0.454072 99.802102 0.000000 0.000000 0.003954 
375 5.817268 0.000000 0.454072 99.636108 0.000000 0.226839 0.007259 
376 6.453916 0.000000 0.454072 99.731199 0.000000 -0.000000 0.005369 
377 6.135592 0.000000 0.749307 102.949403 0.000000 -2.309896 -0.060392 
378 6.294754 0.000000 0.011220 99.784121 0.000000 -0.000000 0.004313 
379 6.135592 0.000000 0.011220 99.771785 0.000000 0.010545 0.004559 
380 6.294754 0.000000 -0.136398 99.709111 0.000000 -0.000000 0.005809 
381 6.453916 0.000000 0.011220 99.093170 0.000000 -0.000000 0.018054 
382 6.294754 0.000000 0.158837 99.708883 0.000000 -0.000000 0.005814 
383 7.090563 0.000000 -3.383980 97.314645 0.000000 11.740653 0.039202 
384 7.090563 0.000000 -4.564920 97.367245 0.000000 13.336825 0.034175 
385 8.363858 0.000000 -3.383980 97.941265 0.000000 11.873493 0.026653 
386 6.453916 0.000000 -1.612572 97.102960 0.000000 7.431772 0.051578 
387 6.453916 0.000000 -2.203041 96.938815 0.000000 9.210888 0.051803 
388 7.090563 0.000000 -1.612572 97.745218 0.000000 7.700476 0.038657 
389 6.135592 0.000000 -0.726867 97.119340 0.000000 3.209628 0.055753 
390 5.817268 0.000000 -0.726867 99.059309 0.000000 0.805926 0.018660 
391 6.135592 0.000000 -1.022102 96.947307 0.000000 4.881291 0.057739 
392 6.453916 0.000000 -0.726867 97.731993 0.000000 3.470602 0.043641 
393 6.294754 0.000000 -0.284015 99.697926 0.000000 -0.000000 0.006032 
394 6.135592 0.000000 -0.284015 99.739830 0.000000 0.048194 0.005196 
395 6.294754 0.000000 -0.431633 99.762173 0.000000 -0.000000 0.004751 
396 6.453916 0.000000 -0.284015 99.673144 0.000000 -0.000000 0.006526 
397 9.637153 0.000000 1.339776 100.494975 0.000000 6.556295 -0.014223 
398 10.910448 0.000000 1.339776 100.305118 0.000000 5.489422 -0.009125 
399 9.637153 0.000000 2.520715 99.897834 0.000000 10.002562 -0.007963 
400 7.727211 0.000000 0.749307 100.657639 0.000000 3.908050 -0.014723 
401 8.363858 0.000000 0.749307 100.338012 0.000000 5.087217 -0.009360 
402 7.727211 0.000000 1.339776 101.393851 0.000000 3.742967 -0.029472 
403 6.772240 0.000000 0.454072 100.554750 0.000000 1.278137 -0.011289 
404 7.090563 0.000000 0.454072 100.338568 0.000000 2.172012 -0.007255 
405 6.772240 0.000000 0.749307 101.622323 0.000000 0.542913 -0.032739 
406 6.613078 0.000000 0.011220 99.642377 0.000000 -0.000000 0.007140 
407 6.613078 0.000000 -0.136398 99.644766 0.000000 -0.000000 0.007092 
408 6.772240 0.000000 0.011220 99.592516 0.000000 -0.000000 0.008133 
409 6.613078 0.000000 0.158837 99.645486 0.000000 -0.000000 0.007078 
410 6.374335 0.000000 -0.062589 99.698264 0.000000 -0.000000 0.006026 
411 6.294754 0.000000 -0.062589 99.746426 0.000000 -0.000000 0.005065 
412 6.374335 0.000000 -0.136398 99.690231 0.000000 -0.000000 0.006186 
413 6.453916 0.000000 -0.062589 99.678972 0.000000 -0.000000 0.006410 
414 6.374335 0.000000 0.011220 99.789379 0.000000 0.000000 0.004208 
415 6.772240 0.000000 -0.726867 98.197964 0.000000 3.863266 0.034224 
416 6.772240 0.000000 -1.022102 97.857285 0.000000 5.329963 0.039554 
417 7.090563 0.000000 -0.726867 98.514238 0.000000 4.231970 0.027704 
418 6.613078 0.000000 -0.284015 99.630442 0.000000 -0.000000 0.007378 
419 6.613078 0.000000 -0.431633 99.642934 0.000000 -0.000000 0.007129 
420 6.772240 0.000000 -0.284015 99.547164 0.000000 -0.000000 0.009036 
421 6.533497 0.000000 -0.062589 99.660706 0.000000 -0.000000 0.006774 
422 6.533497 0.000000 -0.136398 99.662626 0.000000 -0.000000 0.006736 
423 6.613078 0.000000 -0.062589 99.642920 0.000000 -0.000000 0.007129 
424 6.533497 0.000000 0.011220 99.660132 0.000000 -0.000000 0.006786 
425 6.294754 0.000000 0.306454 99.697628 0.000000 -0.000000 0.006038 
426 6.135592 0.000000 0.306454 99.760870 0.000000 0.024868 0.004777 
427 6.453916 0.000000 0.306454 99.673535 0.000000 -0.000000 0.006519 
428 6.294754 0.000000 0.454072 99.812664 0.000000 0.000000 0.003743 
429 6.374335 0.000000 0.085028 99.698377 0.000000 -0.000000 0.006023 
430 6.294754 0.000000 0.085028 99.709592 0.000000 -0.000000 0.005800 
431 6.453916 0.000000 0.085028 99.679315 0.000000 -0.000000 0.006403 
432 6.374335 0.000000 0.158837 99.690301 0.000000 -0.000000 0.006184 
433 6.414125 0.000000 -0.025685 99.684146 0.000000 -0.000000 0.006307 
434 6.374335 0.000000 -0.025685 99.779283 0.000000 0.000000 0.004409 
435 6.414125 0.000000 -0.062589 99.684341 0.000000 -0.000000 0.006303 
436 6.453916 0.000000 -0.025685 99.129458 0.000000 -0.000000 0.017335 
437 6.414125 0.000000 0.011220 99.795603 0.000000 -0.000000 0.004084 
438 6.613078 0.000000 0.306454 99.631037 0.000000 -0.000000 0.007366 
439 6.772240 0.000000 0.306454 99.641607 0.000000 -0.000000 0.007155 
440 6.613078 0.000000 0.454072 100.713919 0.000000 0.694530 -0.014378 
441 6.533497 0.000000 0.085028 99.661178 0.000000 -0.000000 0.006765 
442 6.613078 0.000000 0.085028 99.643370 0.000000 -0.000000 0.007120 
443 6.533497 0.000000 0.158837 99.663364 0.000000 -0.000000 0.006721 
444 6.493706 0.000000 -0.025685 99.112759 0.000000 -0.000000 0.017666 
445 6.493706 0.000000 -0.062589 99.664531 0.000000 -0.000000 0.006698 
446 6.533497 0.000000 -0.025685 99.660215 0.000000 -0.000000 0.006784 
447 6.493706 0.000000 0.011220 99.090514 0.000000 -0.000000 0.018107 
448 6.414125 0.000000 0.048124 99.684246 0.000000 -0.000000 0.006305 
449 6.374335 0.000000 0.048124 99.698209 0.000000 -0.000000 0.006027 
450 6.453916 0.000000 0.048124 99.239969 0.000000 -0.000000 0.015143 
451 6.414125 0.000000 0.085028 99.684532 0.000000 -0.000000 0.006299 
452 6.434021 0.000000 -0.007233 99.270426 0.000000 -0.000000 0.014538 
453 6.414125 0.000000 -0.007233 99.800967 0.000000 -0.000000 0.003977 
454 6.434021 0.000000 -0.025685 99.166455 0.000000 -0.000000 0.016601 
455 6.453916 0.000000 -0.007233 99.089611 0.000000 -0.000000 0.018125 
456 6.434021 0.000000 0.011220 99.273451 0.000000 -0.000000 0.014478 
457 5.976430 0.000000 0.011220 99.790395 0.000000 0.029825 0.004188 
458 5.817268 0.000000 0.011220 99.819531 0.000000 0.023163 0.003606 
459 5.976430 0.000000 -0.136398 99.785743 0.000000 0.064322 0.004280 
460 5.976430 0.000000 0.158837 99.799177 0.000000 0.050461 0.004012 
461 6.215173 0.000000 -0.062589 99.740705 0.000000 0.011468 0.005179 
462 6.135592 0.000000 -0.062589 99.746585 0.000000 0.022052 0.005062 
463 6.215173 0.000000 -0.136398 99.711461 0.000000 0.018191 0.005762 
464 6.215173 0.000000 0.011220 99.775163 0.000000 0.004285 0.004492 
465 6.334544 0.000000 -0.025685 99.777441 0.000000 0.000000 0.004446 
466 6.294754 0.000000 -0.025685 99.768097 0.000000 -0.000000 0.004633 
467 6.334544 0.000000 -0.062589 99.704108 0.000000 -0.000000 0.005909 
468 6.334544 0.000000 0.011220 99.789225 0.000000 0.000000 0.004211 
469 5.498945 0.000000 0.454072 99.624747 0.000000 0.287499 0.007483 
470 5.498945 0.000000 0.749307 99.059672 0.000000 0.805754 0.018653 
471 5.658107 0.000000 0.011220 99.852971 0.000000 0.024616 0.002938 
472 5.498945 0.000000 0.011220 99.753045 0.000000 0.072637 0.004932 
473 5.658107 0.000000 -0.136398 99.765961 0.000000 0.117203 0.004674 
474 5.658107 0.000000 0.158837 99.766937 0.000000 0.115985 0.004654 
475 5.976430 0.000000 -0.284015 99.745473 0.000000 0.095621 0.005083 
476 5.817268 0.000000 -0.284015 99.751186 0.000000 0.118527 0.004969 
477 5.976430 0.000000 -0.431633 99.645338 0.000000 0.183336 0.007077 
478 5.896849 0.000000 -0.062589 99.795425 0.000000 0.049069 0.004087 
479 5.817268 0.000000 -0.062589 99.795401 0.000000 0.061543 0.004087 
480 5.896849 0.000000 -0.136398 99.784208 0.000000 0.073843 0.004311 
481 5.976430 0.000000 -0.062589 99.795762 0.000000 0.037448 0.004080 
482 5.896849 0.000000 0.011220 99.806916 0.000000 0.027249 0.003858 
483 5.498945 0.000000 -0.726867 99.071548 0.000000 0.800469 0.018419 
484 5.498945 0.000000 -1.022102 99.072131 0.000000 0.800203 0.018407 
485 5.658107 0.000000 -0.284015 99.737408 0.000000 0.149453 0.005243 
486 5.498945 0.000000 -0.284015 99.677410 0.000000 0.226022 0.006436 
487 5.658107 0.000000 -0.431633 99.684900 0.000000 0.215025 0.006287 
488 5.737687 0.000000 -0.062589 99.803023 0.000000 0.066903 0.003935 
489 5.658107 0.000000 -0.062589 99.809684 0.000000 0.059235 0.003802 
490 5.737687 0.000000 -0.136398 99.768495 0.000000 0.110725 0.004624 
491 5.737687 0.000000 0.011220 99.832476 0.000000 0.029059 0.003348 
492 5.339783 0.000000 0.011220 99.747480 0.000000 0.062349 0.005044 
493 5.339783 0.000000 -0.136398 99.759011 0.000000 0.161916 0.004811 
494 5.339783 0.000000 0.158837 99.777609 0.000000 0.150405 0.004441 
495 5.578526 0.000000 -0.062589 99.761303 0.000000 0.078326 0.004768 
496 5.498945 0.000000 -0.062589 99.749492 0.000000 0.079876 0.005003 
497 5.578526 0.000000 -0.136398 99.753463 0.000000 0.090297 0.004924 
498 5.578526 0.000000 0.011220 99.860187 0.000000 0.029339 0.002794 
499 5.339783 0.000000 -0.284015 99.594510 0.000000 0.315564 0.008083 
500 5.339783 0.000000 -0.431633 99.288571 0.000000 0.610378 0.014141 
501 5.419364 0.000000 -0.062589 99.721590 0.000000 0.088063 0.005560 
502 5.339783 0.000000 -0.062589 99.799851 0.000000 0.106312 0.003998 
503 5.419364 0.000000 -0.136398 99.696127 0.000000 0.144191 0.006066 
504 5.419364 0.000000 0.011220 99.716689 0.000000 0.076861 0.005658 
505 5.658107 0.000000 0.306454 99.742164 0.000000 0.144668 0.005148 
506 5.498945 0.000000 0.306454 99.686140 0.000000 0.217645 0.006263 
507 5.817268 0.000000 0.306454 99.768291 0.000000 0.106216 0.004628 
508 5.658107 0.000000 0.454072 99.696377 0.000000 0.204132 0.006059 
509 5.578526 0.000000 0.085028 99.760869 0.000000 0.079935 0.004776 
510 5.498945 0.000000 0.085028 99.749070 0.000000 0.082656 0.005012 
511 5.658107 0.000000 0.085028 99.774075 0.000000 0.109774 0.004512 
512 5.578526 0.000000 0.158837 99.740519 0.000000 0.117026 0.005182 
513 5.538735 0.000000 -0.025685 99.825528 0.000000 0.045402 0.003486 
514 5.498945 0.000000 -0.025685 99.752240 0.000000 0.074050 0.004949 
515 5.538735 0.000000 -0.062589 99.757635 0.000000 0.076697 0.004841 
516 5.578526 0.000000 -0.025685 99.818972 0.000000 0.046999 0.003617 
517 5.538735 0.000000 0.011220 99.879292 0.000000 0.025351 0.002413 
518 5.339783 0.000000 0.306454 99.592876 0.000000 0.320152 0.008116 
519 5.180621 0.000000 0.306454 99.614959 0.000000 0.543769 0.007656 
520 5.339783 0.000000 0.454072 99.085202 0.000000 0.794924 0.018149 
521 5.419364 0.000000 0.085028 99.724786 0.000000 0.091956 0.005496 
522 5.339783 0.000000 0.085028 99.821271 0.000000 0.104617 0.003570 
523 5.419364 0.000000 0.158837 99.700258 0.000000 0.144625 0.005984 
524 5.459154 0.000000 -0.025685 99.740124 0.000000 0.076931 0.005190 
525 5.419364 0.000000 -0.025685 99.717689 0.000000 0.079197 0.005638 
526 5.459154 0.000000 -0.062589 99.739132 0.000000 0.082696 0.005210 
527 5.459154 0.000000 0.011220 99.740553 0.000000 0.075532 0.005182 
528 5.538735 0.000000 0.048124 99.759752 0.000000 0.073469 0.004799 
529 5.498945 0.000000 0.048124 99.751671 0.000000 0.076222 0.004960 
530 5.578526 0.000000 0.048124 99.763236 0.000000 0.075632 0.004729 
531 5.538735 0.000000 0.085028 99.757039 0.000000 0.079020 0.004853 
532 5.518840 0.000000 -0.007233 99.896661 0.000000 0.020231 0.002066 
533 5.498945 0.000000 -0.007233 99.892503 0.000000 0.026505 0.002149 
534 5.518840 0.000000 -0.025685 99.756137 0.000000 0.073458 0.004871 
535 5.538735 0.000000 -0.007233 99.884122 0.000000 0.023480 0.002316 
536 5.518840 0.000000 0.011220 99.883572 0.000000 0.024860 0.002327 
537 16.003627 0.000000 -2.203041 99.165256 0.000000 12.283353 0.001537 
538 16.003627 0.000000 -4.564920 98.763031 0.000000 14.286982 0.004175 
539 18.550217 0.000000 -2.203041 99.142822 0.000000 12.843568 0.000574 
540 16.003627 0.000000 0.158837 100.130023 0.000000 7.286493 -0.007911 
541 12.183743 0.000000 -1.022102 99.538880 0.000000 8.819278 0.001423 
542 12.183743 0.000000 -2.203041 99.064499 0.000000 11.205649 0.006066 
543 13.457038 0.000000 -1.022102 99.563704 0.000000 9.458921 -0.000240 
544 12.183743 0.000000 0.158837 101.416778 0.000000 -2.422724 -0.029123 
545 -27.288399 0.000000 -28.183702 98.444256 0.000000 17.377197 0.000676 
546 -37.474758 0.000000 -28.183702 98.459778 0.000000 17.378144 0.000367 
547 -27.288399 0.000000 -37.631216 98.449578 0.000000 17.367963 0.000603 
548 33.829756 0.000000 -28.183702 98.466640 0.000000 17.169594 0.000953 
549 33.829756 0.000000 -37.631216 98.461323 0.000000 17.250208 0.000780 
550 44.016115 0.000000 -28.183702 98.482311 0.000000 17.184875 0.000591 
551 -12.008860 0.000000 -14.012433 98.335215 0.000000 17.415078 0.002690 
552 -17.102039 0.000000 -14.012433 98.396640 0.000000 17.418639 0.001469 
553 -12.008860 0.000000 -18.736189 98.356198 0.000000 17.377739 0.002407 
554 18.550217 0.000000 -14.012433 98.413172 0.000000 16.614378 0.003881 
555 18.550217 0.000000 -18.736189 98.404685 0.000000 16.924111 0.003009 
556 23.643397 0.000000 -14.012433 98.484475 0.000000 16.686467 0.002237 
557 -4.369091 0.000000 -6.926798 97.919768 0.000000 17.538487 0.010412 
558 -6.915680 0.000000 -6.926798 98.148249 0.000000 17.563397 0.005845 
559 -4.369091 0.000000 -9.288676 97.992366 0.000000 17.397412 0.009483 
560 10.910448 0.000000 -6.926798 98.223861 0.000000 15.039353 0.012589 
561 10.910448 0.000000 -9.288676 98.189404 0.000000 15.856451 0.010741 
562 13.457038 0.000000 -6.926798 98.437451 0.000000 15.175505 0.007977 
563 -0.549206 0.000000 -3.383980 96.488628 0.000000 18.248150 0.035695 
564 -1.822501 0.000000 -3.383980 97.314872 0.000000 18.211420 0.019816 
565 -0.549206 0.000000 -4.564920 96.774687 0.000000 17.622507 0.032411 
566 0.087441 0.000000 -1.612572 95.839555 0.000000 20.780808 0.038294 
567 -0.549206 0.000000 -1.612572 97.067951 0.000000 20.025632 0.017679 
568 0.087441 0.000000 -2.203041 95.593411 0.000000 19.503533 0.048151 
569 1.042413 0.000000 -0.726867 100.718806 0.000000 1.132682 -0.014556 
570 0.724089 0.000000 -0.726867 100.632638 0.000000 1.181850 -0.012832 
571 1.042413 0.000000 -1.022102 100.692430 0.000000 1.161379 -0.014031 
572 3.907326 0.000000 -1.612572 92.259983 0.000000 7.937274 0.142510 
573 3.907326 0.000000 -2.203041 93.176732 0.000000 10.348605 0.121100 
574 2.952355 0.000000 -0.726867 100.071504 0.000000 0.897871 -0.001511 
575 2.952355 0.000000 -1.022102 100.054170 0.000000 0.860124 -0.001158 
576 3.270679 0.000000 -0.726867 99.757465 0.000000 0.805167 0.004780 
577 0.087441 0.000000 0.749307 99.784482 0.000000 23.087156 -0.048996 
578 -0.549206 0.000000 0.749307 98.492479 0.000000 20.684862 -0.012863 
579 0.087441 0.000000 1.339776 101.134235 0.000000 21.510183 -0.069082 
580 1.042413 0.000000 0.454072 100.719104 0.000000 1.132472 -0.014562 
581 0.724089 0.000000 0.454072 107.276053 0.000000 12.014949 -0.165251 
582 1.042413 0.000000 0.749307 100.632746 0.000000 1.181828 -0.012835 
583 1.519898 0.000000 0.011220 113.783377 0.000000 0.198536 -0.294670 
584 1.360736 0.000000 0.011220 106.859752 0.000000 0.171058 -0.141904 
585 1.519898 0.000000 0.158837 111.404236 0.000000 0.356863 -0.241103 
586 2.315707 0.000000 0.454072 100.340010 0.000000 0.962756 -0.006904 
587 2.634031 0.000000 0.454072 100.208827 0.000000 0.928903 -0.004267 
588 2.315707 0.000000 0.749307 100.420474 0.000000 0.982571 -0.008524 
589 2.952355 0.000000 0.454072 100.072436 0.000000 0.898773 -0.001530 
590 3.270679 0.000000 0.454072 99.658954 0.000000 0.783629 0.006748 
591 2.952355 0.000000 0.749307 99.962270 0.000000 0.829194 0.000686 
592 2.156546 0.000000 0.011220 126.008227 0.000000 0.211145 -0.587812 
593 2.315707 0.000000 0.011220 121.341492 0.000000 0.247355 -0.472382 
594 2.156546 0.000000 0.158837 118.820203 0.000000 0.414910 -0.411841 
595 3.589002 0.000000 -0.726867 99.434638 0.000000 0.766186 0.011217 
596 3.589002 0.000000 -1.022102 99.382729 0.000000 0.755079 0.012250 
597 3.907326 0.000000 -0.726867 99.260040 0.000000 0.770984 0.014685 
598 4.225650 0.000000 -0.726867 99.191904 0.000000 0.773183 0.016037 
599 4.225650 0.000000 -1.022102 99.160033 0.000000 0.775367 0.016669 
600 3.589002 0.000000 0.454072 99.434635 0.000000 0.766451 0.011217 
601 3.907326 0.000000 0.454072 99.210485 0.000000 0.770234 0.015669 
602 3.589002 0.000000 0.749307 99.418373 0.000000 0.752371 0.011542 
603 4.225650 0.000000 0.454072 99.159625 0.000000 0.775278 0.016677 
604 4.225650 0.000000 0.749307 99.159667 0.000000 0.775513 0.016676 
605 16.003627 0.000000 -6.926798 98.557385 0.000000 15.342463 0.005105 
606 16.003627 0.000000 -9.288676 98.429216 0.000000 15.934266 0.005779 
607 18.550217 0.000000 -6.926798 98.604875 0.000000 15.467788 0.003783 
608 9.637153 0.000000 -3.383980 98.345639 0.000000 12.130580 0.018098 
609 9.637153 0.000000 -4.564920 98.182612 0.000000 13.415114 0.018021 
610 10.910448 0.000000 -3.383980 98.609470 0.000000 12.430991 0.012164 
611 12.183743 0.000000 -3.383980 98.758865 0.000000 12.721608 0.008485 
612 12.183743 0.000000 -4.564920 98.557039 0.000000 13.771690 0.009685 
613 13.457038 0.000000 -3.383980 98.847788 0.000000 12.986787 0.006046 
614 7.727211 0.000000 -1.612572 98.234244 0.000000 8.066974 0.028496 
615 7.727211 0.000000 -2.203041 97.936582 0.000000 9.545762 0.031730 
616 8.363858 0.000000 -1.612572 98.547945 0.000000 8.391681 0.021788 
617 16.003627 0.000000 2.520715 100.813029 0.000000 3.997557 -0.017925 
618 18.550217 0.000000 2.520715 100.238972 0.000000 7.282772 -0.010089 
619 16.003627 0.000000 4.882594 99.397886 0.000000 12.545020 -0.003732 
620 12.183743 0.000000 1.339776 99.697780 0.000000 8.815507 -0.001736 
621 13.457038 0.000000 1.339776 99.960122 0.000000 7.954306 -0.005530 
622 12.183743 0.000000 2.520715 100.341047 0.000000 6.506734 -0.011066 
623 5.021459 0.000000 0.306454 99.622915 0.000000 0.540029 0.007498 
624 4.862297 0.000000 0.306454 99.118221 0.000000 0.784647 0.017496 
625 5.021459 0.000000 0.454072 99.101408 0.000000 0.789263 0.017829 
626 2.156546 0.000000 -0.579250 100.376813 0.000000 0.975227 -0.007646 
627 2.156546 0.000000 -0.726867 100.447058 0.000000 0.992150 -0.009060 
628 2.315707 0.000000 -0.579250 100.350513 0.000000 0.964907 -0.007116 
629 1.519898 0.000000 -0.579250 100.565513 0.000000 1.036920 -0.011450 
630 1.360736 0.000000 -0.579250 100.642426 0.000000 1.066580 -0.013004 
631 1.519898 0.000000 -0.726867 100.640971 0.000000 1.064389 -0.012974 
632 1.878012 0.000000 -0.320920 100.657436 0.000000 1.098049 -0.013313 
633 1.878012 0.000000 -0.357824 100.484969 0.000000 1.009709 -0.009825 
634 1.917803 0.000000 -0.320920 100.691724 0.000000 1.049057 -0.013992 
635 5.976430 0.000000 0.306454 99.765463 0.000000 0.074526 0.004685 
636 5.976430 0.000000 0.454072 99.656224 0.000000 0.163280 0.006861 
637 6.215173 0.000000 0.085028 99.713136 0.000000 0.017128 0.005729 
638 6.135592 0.000000 0.085028 99.742536 0.000000 0.023831 0.005143 
639 6.215173 0.000000 0.158837 99.711056 0.000000 0.018212 0.005770 
640 6.334544 0.000000 0.048124 99.750333 0.000000 0.000000 0.004987 
641 6.294754 0.000000 0.048124 99.752676 0.000000 -0.000000 0.004940 
642 6.334544 0.000000 0.085028 99.704071 0.000000 -0.000000 0.005910 
643 6.493706 0.000000 0.048124 99.215460 0.000000 -0.000000 0.015629 
644 6.533497 0.000000 0.048124 99.660468 0.000000 -0.000000 0.006779 
645 6.493706 0.000000 0.085028 99.664921 0.000000 -0.000000 0.006690 
646 6.056011 0.000000 -0.062589 99.762681 0.000000 0.026968 0.004741 
647 6.056011 0.000000 -0.136398 99.761282 0.000000 0.051021 0.004768 
648 6.056011 0.000000 0.011220 99.771119 0.000000 0.020897 0.004572 
649 6.056011 0.000000 0.085028 99.753373 0.000000 0.034285 0.004926 
650 5.976430 0.000000 0.085028 99.803175 0.000000 0.031448 0.003933 
651 6.056011 0.000000 0.158837 99.761504 0.000000 0.050776 0.004764 
652 5.896849 0.000000 0.085028 99.794233 0.000000 0.052675 0.004111 
653 5.817268 0.000000 0.085028 99.801607 0.000000 0.056430 0.003964 
654 5.896849 0.000000 0.158837 99.784870 0.000000 0.073287 0.004297 
655 5.737687 0.000000 0.085028 99.776720 0.000000 0.098116 0.004460 
656 5.737687 0.000000 0.158837 99.769229 0.000000 0.109905 0.004609 
657 5.459154 0.000000 0.048124 99.740630 0.000000 0.078960 0.005180 
658 5.419364 0.000000 0.048124 99.721329 0.000000 0.083057 0.005565 
659 5.459154 0.000000 0.085028 99.739937 0.000000 0.085397 0.005194 
660 4.703135 0.000000 0.306454 100.179653 0.000000 0.561503 -0.003628 
661 4.543973 0.000000 0.306454 99.146626 0.000000 0.778627 0.016934 
662 4.703135 0.000000 0.454072 99.122591 0.000000 0.783158 0.017410 
1 19 21 9 22 
2 20 19 22 4 
3 28 29 3 30 
4 21 28 30 9 
5 35 37 21 38 
6 36 35 38 19 
7 44 45 28 46 
8 37 44 46 21 
9 51 53 37 54 
10 52 51 54 35 
11 60 61 44 62 
12 53 60 62 37 
13 67 69 53 70 
14 68 67 70 51 
15 11 78 76 77 
16 78 10 24 76 
17 76 24 14 79 
18 77 76 79 6 
19 24 82 80 81 
20 82 23 40 80 
21 80 40 27 83 
22 81 80 83 14 
23 40 86 84 85 
24 86 39 56 84 
25 84 56 43 87 
26 85 84 87 27 
27 56 90 88 89 
28 89 88 91 43 
29 92 93 60 94 
30 69 92 94 53 
31 95 97 69 98 
32 96 95 98 67 
33 6 79 112 113 
34 79 14 36 112 
35 112 36 19 114 
36 113 112 114 20 
37 14 83 115 116 
38 83 27 52 115 
39 115 52 35 117 
40 116 115 117 36 
41 27 87 118 119 
42 87 43 68 118 
43 118 68 51 120 
44 119 118 120 52 
45 43 91 121 122 
46 121 96 67 123 
47 122 121 123 68 
48 124 126 95 127 
49 125 124 127 96 
50 133 134 92 135 
51 97 133 135 69 
52 136 137 97 138 
53 126 136 138 95 
54 140 108 141 139 
55 139 141 111 142 
56 108 148 147 141 
57 148 110 149 147 
58 147 149 5 150 
59 141 147 150 111 
60 151 152 133 153 
61 137 151 153 97 
62 110 155 154 149 
63 155 143 156 154 
64 154 156 146 157 
65 149 154 157 5 
66 15 159 158 33 
67 159 17 160 158 
68 158 160 8 161 
69 33 158 161 18 
70 163 33 164 162 
71 162 164 18 165 
72 18 161 178 45 
73 161 8 179 178 
74 178 179 29 180 
75 45 178 180 28 
76 165 18 182 181 
77 181 182 45 183 
78 61 181 183 44 
79 184 185 61 186 
80 93 184 186 60 
81 187 188 93 189 
82 134 187 189 92 
83 190 191 134 192 
84 152 190 192 133 
85 7 204 202 203 
86 204 16 205 202 
87 202 205 15 32 
88 203 202 32 13 
89 13 208 206 207 
90 208 32 209 206 
91 206 209 31 48 
92 207 206 48 26 
93 26 212 210 211 
94 212 48 213 210 
95 210 213 47 64 
96 211 210 64 42 
97 42 216 214 215 
98 216 64 217 214 
99 214 217 63 105 
100 215 214 105 58 
101 105 220 218 219 
102 220 63 221 218 
103 218 221 106 175 
104 219 218 175 104 
105 104 224 222 223 
106 224 175 225 222 
107 222 225 174 195 
108 223 222 195 145 
109 195 232 230 231 
110 232 174 233 230 
111 230 233 196 234 
112 143 236 235 156 
113 236 145 194 235 
114 235 194 107 237 
115 156 235 237 146 
116 145 240 238 239 
117 240 195 231 238 
118 239 238 241 194 
119 242 244 190 245 
120 243 242 245 152 
121 193 234 246 247 
122 234 196 248 246 
123 246 248 177 249 
124 247 246 249 197 
125 231 252 250 251 
126 252 230 253 250 
127 250 253 234 254 
128 251 250 254 193 
129 194 241 255 256 
130 241 193 247 255 
131 255 247 197 257 
132 256 255 257 107 
133 238 260 258 259 
134 260 231 251 258 
135 258 251 193 261 
136 259 258 261 241 
137 12 264 262 263 
138 264 7 203 262 
139 262 203 13 25 
140 263 262 25 10 
141 25 267 265 266 
142 267 13 207 265 
143 265 207 26 41 
144 266 265 41 23 
145 41 270 268 269 
146 270 26 211 268 
147 268 211 42 57 
148 269 268 57 39 
149 57 273 271 272 
150 273 42 215 271 
151 271 215 58 73 
152 272 271 73 55 
153 73 276 274 275 
154 276 58 277 274 
155 274 277 74 109 
156 275 274 109 71 
157 71 280 278 279 
158 280 109 281 278 
159 278 281 108 140 
160 102 284 282 283 
161 284 140 285 282 
162 282 285 139 286 
163 283 282 286 131 
164 55 289 287 288 
165 289 73 275 287 
166 287 275 71 101 
167 288 287 101 72 
168 101 292 290 291 
169 292 71 279 290 
170 88 299 297 298 
171 299 72 100 297 
172 297 100 59 300 
173 298 297 300 91 
174 100 303 301 302 
175 303 99 129 301 
176 301 129 103 304 
177 302 301 304 59 
178 99 307 305 306 
179 307 130 294 305 
180 305 294 128 308 
181 306 305 308 129 
182 103 132 309 310 
183 132 75 311 309 
184 309 311 126 312 
185 310 309 312 124 
186 128 296 313 314 
187 296 131 315 313 
188 313 315 75 316 
189 314 313 316 132 
190 294 319 317 318 
191 317 320 296 321 
192 318 317 321 128 
193 290 324 322 323 
194 324 279 325 322 
195 322 325 102 295 
196 323 322 295 130 
197 130 328 326 327 
198 328 295 329 326 
199 327 326 319 294 
200 331 283 332 330 
201 330 332 131 333 
202 320 330 333 296 
203 319 336 334 335 
204 334 337 320 338 
205 335 334 338 317 
206 295 340 339 329 
207 340 102 341 339 
208 339 341 283 331 
209 326 344 342 343 
210 344 329 345 342 
211 342 345 293 336 
212 343 342 336 319 
213 293 347 346 337 
214 347 331 348 346 
215 346 348 330 349 
216 337 346 349 320 
217 336 352 350 351 
218 352 293 353 350 
219 350 353 337 354 
220 351 350 354 334 
221 355 356 187 357 
222 191 355 357 134 
223 65 363 362 172 
224 363 166 364 362 
225 362 364 169 365 
226 172 362 365 50 
227 170 367 366 200 
228 367 172 368 366 
229 366 368 50 369 
230 200 366 369 173 
231 371 200 372 370 
232 370 372 173 373 
233 374 376 355 377 
234 375 374 377 191 
235 64 384 383 217 
236 384 47 385 383 
237 383 385 65 171 
238 217 383 171 63 
239 63 387 386 221 
240 387 171 388 386 
241 386 388 170 199 
242 221 386 199 106 
243 106 391 389 390 
244 391 199 392 389 
245 389 392 198 359 
246 390 389 359 176 
247 359 395 393 394 
248 395 198 396 393 
249 393 396 360 380 
250 394 393 380 358 
251 50 365 397 188 
252 365 169 398 397 
253 397 398 184 399 
254 188 397 399 93 
255 173 369 400 356 
256 369 50 401 400 
257 400 401 188 402 
258 356 400 402 187 
259 373 173 404 403 
260 403 404 356 405 
261 376 403 405 355 
262 407 370 408 406 
263 406 408 373 409 
264 380 412 410 411 
265 412 360 413 410 
266 199 416 415 392 
267 416 170 417 415 
268 415 417 200 371 
269 392 415 371 198 
270 198 419 418 396 
271 419 371 420 418 
272 418 420 370 407 
273 396 418 407 360 
274 360 422 421 413 
275 422 407 423 421 
276 421 423 406 424 
277 361 382 425 426 
278 382 201 427 425 
279 425 427 376 428 
280 426 425 428 374 
281 429 431 201 432 
282 430 429 432 382 
283 410 435 433 434 
284 435 413 436 433 
285 434 433 437 414 
286 201 409 438 427 
287 409 373 439 438 
288 438 439 403 440 
289 427 438 440 376 
290 424 406 442 441 
291 441 442 409 443 
292 431 441 443 201 
293 413 445 444 436 
294 445 421 446 444 
295 444 446 424 447 
296 436 444 447 381 
297 414 437 448 449 
298 437 381 450 448 
299 448 450 431 451 
300 449 448 451 429 
301 433 454 452 453 
302 454 436 455 452 
303 452 455 381 456 
304 453 452 456 437 
305 358 463 461 462 
306 463 380 411 461 
307 461 411 378 464 
308 462 461 464 379 
309 411 467 465 466 
310 467 410 434 465 
311 465 434 414 468 
312 466 465 468 378 
313 469 375 191 470 
314 244 469 470 190 
315 176 477 475 476 
316 477 359 394 475 
317 475 394 358 459 
318 476 475 459 228 
319 228 480 478 479 
320 480 459 481 478 
321 478 481 457 482 
322 479 478 482 458 
323 175 484 483 225 
324 484 106 390 483 
325 483 390 176 227 
326 225 483 227 174 
327 227 487 485 486 
328 487 176 476 485 
329 485 476 228 473 
330 486 485 473 226 
331 473 490 488 489 
332 490 228 479 488 
333 488 479 458 491 
334 489 488 491 471 
335 196 493 492 248 
336 248 492 494 177 
337 226 497 495 496 
338 497 473 489 495 
339 495 489 471 498 
340 174 500 499 233 
341 500 227 486 499 
342 499 486 226 493 
343 233 499 493 196 
344 493 503 501 502 
345 503 226 496 501 
346 502 501 504 492 
347 229 474 505 506 
348 474 66 507 505 
349 505 507 375 508 
350 506 505 508 469 
351 498 471 511 509 
352 509 511 474 512 
353 510 509 512 229 
354 496 515 513 514 
355 515 495 516 513 
356 513 516 498 517 
357 177 494 518 519 
358 494 229 506 518 
359 518 506 469 520 
360 519 518 520 244 
361 492 504 521 522 
362 521 510 229 523 
363 522 521 523 494 
364 501 526 524 525 
365 526 496 514 524 
366 524 514 472 527 
367 525 524 527 504 
368 472 517 528 529 
369 517 498 530 528 
370 528 530 509 531 
371 529 528 531 510 
372 514 534 532 533 
373 534 513 535 532 
374 532 535 517 536 
375 533 532 536 472 
376 49 538 537 168 
377 538 162 539 537 
378 537 539 165 540 
379 168 537 540 34 
380 166 542 541 364 
381 542 168 543 541 
382 541 543 34 544 
383 364 541 544 169 
384 1 547 545 546 
385 547 12 263 545 
386 545 263 10 78 
387 546 545 78 11 
388 16 549 548 205 
389 549 2 550 548 
390 548 550 17 159 
391 205 548 159 15 
392 10 553 551 552 
393 553 25 266 551 
394 551 266 23 82 
395 552 551 82 24 
396 32 555 554 209 
397 555 15 556 554 
398 554 556 33 163 
399 209 554 163 31 
400 23 559 557 558 
401 559 41 269 557 
402 557 269 39 86 
403 558 557 86 40 
404 48 561 560 213 
405 561 31 562 560 
406 560 562 49 167 
407 213 560 167 47 
408 39 565 563 564 
409 565 57 272 563 
410 563 272 55 90 
411 564 563 90 56 
412 90 568 566 567 
413 568 55 288 566 
414 566 288 72 299 
415 567 566 299 88 
416 72 571 569 570 
417 571 101 291 569 
418 569 291 99 303 
419 570 569 303 100 
420 58 573 572 277 
421 573 105 219 572 
422 572 219 104 144 
423 277 572 144 74 
424 109 575 574 281 
425 575 74 576 574 
426 574 576 110 148 
427 281 574 148 108 
428 91 300 577 578 
429 300 59 125 577 
430 577 125 96 579 
431 578 577 579 121 
432 59 304 580 581 
433 304 103 310 580 
434 580 310 124 582 
435 581 580 582 125 
436 129 308 583 584 
437 308 128 314 583 
438 583 314 132 585 
439 584 583 585 103 
440 75 142 586 311 
441 142 111 587 586 
442 586 587 136 588 
443 311 586 588 126 
444 111 150 589 587 
445 150 5 590 589 
446 589 590 137 591 
447 587 589 591 136 
448 131 286 592 315 
449 286 139 593 592 
450 592 593 142 594 
451 315 592 594 75 
452 74 596 595 576 
453 596 144 597 595 
454 595 597 143 155 
455 576 595 155 110 
456 144 599 598 597 
457 599 104 223 598 
458 598 223 145 236 
459 597 598 236 143 
460 5 157 600 590 
461 157 146 601 600 
462 600 601 151 602 
463 590 600 602 137 
464 146 237 603 601 
465 237 107 243 603 
466 603 243 152 604 
467 601 603 604 151 
468 31 606 605 562 
469 606 163 607 605 
470 605 607 162 538 
471 562 605 538 49 
472 47 609 608 385 
473 609 167 610 608 
474 608 610 166 363 
475 385 608 363 65 
476 167 612 611 610 
477 612 49 613 611 
478 611 613 168 542 
479 610 611 542 166 
480 171 615 614 388 
481 615 65 616 614 
482 614 616 172 367 
483 388 614 367 170 
484 34 540 617 185 
485 540 165 618 617 
486 617 618 181 619 
487 185 617 619 61 
488 169 544 620 398 
489 544 34 621 620 
490 620 621 185 622 
491 398 620 622 184 
492 197 249 623 624 
493 249 177 519 623 
494 623 519 244 625 
495 624 623 625 242 
496 279 627 626 325 
497 627 278 628 626 
498 626 628 140 284 
499 325 626 284 102 
500 291 631 629 630 
501 631 290 323 629 
502 629 323 130 307 
503 630 629 307 99 
504 329 633 632 345 
505 633 339 634 632 
506 632 634 331 347 
507 345 632 347 293 
508 66 460 635 507 
509 460 361 426 635 
510 635 426 374 636 
511 507 635 636 375 
512 379 464 637 638 
513 464 378 430 637 
514 637 430 382 639 
515 638 637 639 361 
516 378 468 640 641 
517 468 414 449 640 
518 640 449 429 642 
519 641 640 642 430 
520 381 447 643 450 
521 447 424 644 643 
522 643 644 441 645 
523 450 643 645 431 
524 459 647 646 481 
525 647 358 462 646 
526 646 462 379 648 
527 481 646 648 457 
528 457 648 649 650 
529 648 379 638 649 
530 649 638 361 651 
531 650 649 651 460 
532 458 482 652 653 
533 482 457 650 652 
534 652 650 460 654 
535 653 652 654 66 
536 471 491 655 511 
537 491 458 653 655 
538 655 653 66 656 
539 511 655 656 474 
540 504 527 657 658 
541 527 472 529 657 
542 657 529 510 659 
543 658 657 659 521 
544 107 257 660 661 
545 257 197 624 660 
546 660 624 242 662 
547 661 660 662 243 
