2 0.000000 100.000000 473.401889
736 616 
1 -24.546622 0.000000 -24.525629 96.112198 0.000000 27.569169 0.000239 
2 28.387594 0.000000 -24.525629 96.124393 0.000000 27.496928 0.000402 
3 28.387594 0.000000 24.787434 96.202647 0.000000 27.334471 -0.000212 
4 -24.546622 0.000000 24.787434 96.148491 0.000000 27.565876 -0.000441 
5 1.920486 0.000000 0.130903 94.706809 0.000000 -0.194070 0.103058 
6 -24.546622 0.000000 0.130903 96.132975 0.000000 27.588189 -0.000266 
7 1.920486 0.000000 -24.525629 96.084032 0.000000 27.520668 0.001047 
8 28.387594 0.000000 0.130903 96.375448 0.000000 26.653661 0.000136 
9 1.920486 0.000000 24.787434 96.199950 0.000000 27.489653 -0.001011 
10 -11.313068 0.000000 -12.197363 96.068377 0.000000 27.585204 0.000992 
11 -24.546622 0.000000 -12.197363 96.114626 0.000000 27.580194 0.000131 
12 -11.313068 0.000000 -24.525629 96.094894 0.000000 27.558733 0.000629 
13 1.920486 0.000000 -12.197363 95.962967 0.000000 27.385845 0.004112 
14 -11.313068 0.000000 0.130903 96.153412 0.000000 27.663445 -0.001074 
15 15.154040 0.000000 -12.197363 96.120664 0.000000 27.308630 0.001506 
16 15.154040 0.000000 -24.525629 96.105750 0.000000 27.492693 0.000784 
17 28.387594 0.000000 -12.197363 96.152891 0.000000 27.388663 0.000448 
18 15.154040 0.000000 0.130903 96.786496 0.000000 25.138210 0.000044 
19 -11.313068 0.000000 12.459169 96.217629 0.000000 27.571823 -0.001804 
20 -24.546622 0.000000 12.459169 96.149416 0.000000 27.577583 -0.000523 
21 1.920486 0.000000 12.459169 96.413153 0.000000 27.269496 -0.003912 
22 -11.313068 0.000000 24.787434 96.173914 0.000000 27.548864 -0.000836 
23 -4.696291 0.000000 -6.033230 95.890675 0.000000 27.635335 0.004127 
24 -11.313068 0.000000 -6.033230 96.077308 0.000000 27.631168 0.000567 
25 -4.696291 0.000000 -12.197363 95.999497 0.000000 27.541507 0.002556 
26 1.920486 0.000000 -6.033230 95.537463 0.000000 26.941547 0.014675 
27 -4.696291 0.000000 0.130903 96.220653 0.000000 27.964859 -0.004045 
28 15.154040 0.000000 12.459169 96.389582 0.000000 26.775308 -0.000787 
29 28.387594 0.000000 12.459169 96.641129 0.000000 25.786607 -0.000446 
30 15.154040 0.000000 24.787434 96.197933 0.000000 27.413461 -0.000554 
31 8.537263 0.000000 -6.033230 96.111013 0.000000 26.680886 0.005080 
32 8.537263 0.000000 -12.197363 96.056502 0.000000 27.286959 0.002857 
33 15.154040 0.000000 -6.033230 96.226578 0.000000 26.940328 0.001466 
34 8.537263 0.000000 0.130903 97.613821 0.000000 22.307120 -0.002607 
35 -4.696291 0.000000 6.295036 96.494983 0.000000 27.587193 -0.007233 
36 -11.313068 0.000000 6.295036 96.221859 0.000000 27.620830 -0.002156 
37 1.920486 0.000000 6.295036 97.084329 0.000000 26.620309 -0.013401 
38 -4.696291 0.000000 12.459169 96.316813 0.000000 27.500681 -0.003322 
39 -1.387902 0.000000 -2.951164 95.213902 0.000000 27.866882 0.015775 
40 -4.696291 0.000000 -2.951164 95.922119 0.000000 27.818252 0.002509 
41 -1.387902 0.000000 -6.033230 95.642294 0.000000 27.456811 0.009868 
42 1.920486 0.000000 -2.951164 94.315746 0.000000 25.743872 0.044179 
43 -1.387902 0.000000 0.130903 96.271844 0.000000 29.176893 -0.011956 
44 8.537263 0.000000 6.295036 96.830177 0.000000 25.481524 -0.002539 
45 15.154040 0.000000 6.295036 97.110429 0.000000 24.190747 -0.001563 
46 8.537263 0.000000 12.459169 96.384503 0.000000 27.009920 -0.001951 
47 5.228874 0.000000 -2.951164 95.981225 0.000000 24.984767 0.016337 
48 5.228874 0.000000 -6.033230 95.857932 0.000000 26.613401 0.010298 
49 8.537263 0.000000 -2.951164 96.410275 0.000000 25.699352 0.004460 
50 5.228874 0.000000 0.130903 98.192976 0.000000 18.831345 0.000352 
51 -1.387902 0.000000 3.212969 97.398199 0.000000 27.751690 -0.025657 
52 -4.696291 0.000000 3.212969 96.499837 0.000000 27.786026 -0.008428 
53 1.920486 0.000000 3.212969 98.733651 0.000000 25.335248 -0.039021 
54 -1.387902 0.000000 6.295036 96.842778 0.000000 27.342463 -0.012613 
55 0.266292 0.000000 -1.410130 92.591047 0.000000 28.428618 0.061871 
56 -1.387902 0.000000 -1.410130 95.264753 0.000000 28.639173 0.010442 
57 0.266292 0.000000 -2.951164 94.404055 0.000000 27.243820 0.034565 
58 1.920486 0.000000 -1.410130 91.922742 0.000000 22.695229 0.103514 
59 0.266292 0.000000 0.130903 97.774026 0.000000 -0.000000 0.044024 
60 5.228874 0.000000 3.212969 97.493065 0.000000 23.596204 -0.006168 
61 8.537263 0.000000 3.212969 97.338050 0.000000 23.441428 -0.002420 
62 5.228874 0.000000 6.295036 96.915837 0.000000 25.932174 -0.006516 
63 3.574680 0.000000 -1.410130 95.262406 0.000000 21.639700 0.045680 
64 3.574680 0.000000 -2.951164 95.231428 0.000000 24.918352 0.031005 
65 5.228874 0.000000 -1.410130 96.623555 0.000000 22.688658 0.014911 
66 3.574680 0.000000 0.130903 96.874779 0.000000 -0.000000 0.061528 
67 0.266292 0.000000 1.671936 100.068215 0.000000 28.504119 -0.082613 
68 -1.387902 0.000000 1.671936 97.404157 0.000000 28.587625 -0.030482 
69 1.920486 0.000000 1.671936 101.294813 0.000000 23.620021 -0.081854 
70 0.266292 0.000000 3.212969 98.379785 0.000000 27.027147 -0.040905 
71 1.093389 0.000000 -0.639614 92.562092 0.000000 -0.607302 0.143189 
72 0.266292 0.000000 -0.639614 90.634385 0.000000 30.998830 0.082448 
73 1.093389 0.000000 -1.410130 90.985925 0.000000 25.756806 0.105815 
74 1.920486 0.000000 -0.639614 96.475111 0.000000 -0.131009 0.069254 
75 1.093389 0.000000 0.130903 87.946128 0.000000 -0.359758 0.226535 
76 3.574680 0.000000 1.671936 98.528863 0.000000 22.313754 -0.020584 
77 5.228874 0.000000 1.671936 99.183974 0.000000 17.240405 -0.013469 
78 3.574680 0.000000 3.212969 98.071881 0.000000 24.085301 -0.019820 
79 2.747583 0.000000 -0.639614 94.220335 0.000000 16.212219 0.085969 
80 2.747583 0.000000 -1.410130 93.905157 0.000000 21.622097 0.071431 
81 3.574680 0.000000 -0.639614 96.185996 0.000000 17.496600 0.044212 
82 2.747583 0.000000 0.130903 97.635242 0.000000 0.000000 0.046736 
83 1.093389 0.000000 0.901420 91.455423 0.000000 -0.809212 0.163525 
84 0.266292 0.000000 0.901420 100.650505 0.000000 31.784597 -0.114078 
85 1.920486 0.000000 0.901420 97.113194 0.000000 -0.111494 0.056902 
86 1.093389 0.000000 1.671936 101.785233 0.000000 26.400525 -0.105722 
87 1.506937 0.000000 -0.254355 94.401542 0.000000 -0.387702 0.108820 
88 1.093389 0.000000 -0.254355 93.960450 0.000000 -0.446717 0.117123 
89 1.506937 0.000000 -0.639614 94.375095 0.000000 -0.392988 0.109319 
90 1.920486 0.000000 -0.254355 94.769486 0.000000 -0.344702 0.101863 
91 1.506937 0.000000 0.130903 89.605836 0.000000 -0.310754 0.197070 
92 -17.929845 0.000000 -6.033230 96.112897 0.000000 27.600879 0.000050 
93 -24.546622 0.000000 -6.033230 96.121877 0.000000 27.586101 -0.000041 
94 -17.929845 0.000000 -12.197363 96.101296 0.000000 27.585498 0.000358 
95 -17.929845 0.000000 0.130903 96.138304 0.000000 27.607871 -0.000477 
96 -8.004679 0.000000 -2.951164 96.066511 0.000000 27.718461 0.000291 
97 -11.313068 0.000000 -2.951164 96.107324 0.000000 27.654443 -0.000139 
98 -8.004679 0.000000 -6.033230 96.022890 0.000000 27.648041 0.001519 
99 -8.004679 0.000000 0.130903 96.174518 0.000000 27.749505 -0.001957 
100 -3.042097 0.000000 -1.410130 95.865283 0.000000 28.162168 0.001674 
101 -4.696291 0.000000 -1.410130 96.037205 0.000000 27.924914 -0.000295 
102 -3.042097 0.000000 -2.951164 95.696034 0.000000 27.901446 0.006378 
103 -3.042097 0.000000 0.130903 96.263314 0.000000 28.288782 -0.006688 
104 -0.560805 0.000000 -0.639614 95.196061 0.000000 29.866676 0.004569 
105 -1.387902 0.000000 -0.639614 95.684419 0.000000 29.012224 0.000278 
106 -0.560805 0.000000 -1.410130 94.444939 0.000000 28.868865 0.024674 
107 -0.560805 0.000000 0.130903 95.671065 0.000000 29.859698 -0.004455 
108 0.679840 0.000000 -0.254355 91.917054 0.000000 -0.714068 0.155075 
109 0.266292 0.000000 -0.254355 86.379777 0.000000 29.994531 0.163886 
110 0.679840 0.000000 -0.639614 87.030942 0.000000 27.709703 0.165779 
111 0.679840 0.000000 0.130903 94.047217 0.000000 -0.322964 0.115502 
112 2.747583 0.000000 0.901420 101.031153 0.000000 16.153741 -0.046824 
113 3.574680 0.000000 0.901420 100.603402 0.000000 13.585959 -0.030562 
114 2.747583 0.000000 1.671936 99.680700 0.000000 22.490726 -0.044207 
115 1.506937 0.000000 0.516161 94.395091 0.000000 -0.389191 0.108942 
116 1.093389 0.000000 0.516161 94.016680 0.000000 -0.439447 0.116067 
117 1.920486 0.000000 0.516161 95.307355 0.000000 -0.252435 0.091644 
118 1.506937 0.000000 0.901420 95.244496 0.000000 -0.210791 0.092844 
119 1.300163 0.000000 -0.061726 66.687384 0.000000 -0.180937 0.555276 
120 1.093389 0.000000 -0.061726 74.574389 0.000000 -0.180804 0.443863 
121 1.300163 0.000000 -0.254355 94.142379 0.000000 -0.421283 0.113704 
122 1.506937 0.000000 -0.061726 83.282562 0.000000 -0.182384 0.306398 
123 1.300163 0.000000 0.130903 82.707101 0.000000 -0.343624 0.315942 
124 2.334035 0.000000 -0.254355 96.837566 0.000000 -0.114194 0.062247 
125 2.334035 0.000000 -0.639614 92.453922 0.000000 15.817682 0.120207 
126 2.747583 0.000000 -0.254355 95.034387 0.000000 9.014298 0.088721 
127 2.334035 0.000000 0.130903 96.958348 0.000000 -0.041910 0.059908 
128 1.713712 0.000000 -0.061726 90.183758 0.000000 -0.162741 0.186686 
129 1.713712 0.000000 -0.254355 94.636348 0.000000 -0.359539 0.104383 
130 1.920486 0.000000 -0.061726 94.490802 0.000000 -0.145757 0.107147 
131 1.713712 0.000000 0.130903 91.807001 0.000000 -0.240241 0.157142 
132 2.334035 0.000000 0.516161 96.835525 0.000000 -0.114220 0.062287 
133 2.747583 0.000000 0.516161 101.115337 0.000000 6.864449 -0.027143 
134 2.334035 0.000000 0.901420 101.956086 0.000000 17.829861 -0.071295 
135 2.127260 0.000000 -0.061726 96.177937 0.000000 -0.052306 0.074980 
136 2.127260 0.000000 -0.254355 96.306745 0.000000 -0.143962 0.072499 
137 2.334035 0.000000 -0.061726 96.942597 0.000000 -0.028131 0.060213 
138 2.127260 0.000000 0.130903 96.120754 0.000000 -0.087737 0.076079 
139 21.770817 0.000000 -6.033230 96.218875 0.000000 27.113154 0.000681 
140 21.770817 0.000000 -12.197363 96.146100 0.000000 27.351569 0.000782 
141 28.387594 0.000000 -6.033230 96.204348 0.000000 27.222543 0.000366 
142 21.770817 0.000000 0.130903 96.509321 0.000000 26.159184 0.000165 
143 11.845651 0.000000 -2.951164 96.409295 0.000000 26.150783 0.002138 
144 11.845651 0.000000 -6.033230 96.201122 0.000000 26.807670 0.002669 
145 15.154040 0.000000 -2.951164 96.381309 0.000000 26.455389 0.001076 
146 11.845651 0.000000 0.130903 97.055083 0.000000 24.116748 -0.000131 
147 6.883069 0.000000 -1.410130 96.906648 0.000000 23.896206 0.003807 
148 6.883069 0.000000 -2.951164 96.314733 0.000000 25.356000 0.008055 
149 8.537263 0.000000 -1.410130 96.805367 0.000000 24.656725 0.002077 
150 6.883069 0.000000 0.130903 98.492999 0.000000 20.720631 -0.013022 
151 4.401777 0.000000 -0.639614 97.084338 0.000000 19.262436 0.020359 
152 4.401777 0.000000 -1.410130 96.149738 0.000000 22.095217 0.026703 
153 5.228874 0.000000 -0.639614 97.487463 0.000000 20.425989 0.007897 
154 4.401777 0.000000 0.130903 97.485835 0.000000 16.347495 0.022927 
155 3.161132 0.000000 -0.254355 96.314725 0.000000 10.180900 0.061982 
156 3.161132 0.000000 -0.639614 95.222547 0.000000 16.806015 0.065022 
157 3.574680 0.000000 -0.254355 99.553491 0.000000 12.601753 -0.006970 
158 3.161132 0.000000 0.130903 97.834473 0.000000 -0.000000 0.042842 
159 2.540809 0.000000 -0.061726 97.360140 0.000000 -0.018386 0.052100 
160 2.540809 0.000000 -0.254355 97.153986 0.000000 -0.112545 0.056109 
161 2.747583 0.000000 -0.061726 97.636135 0.000000 0.000000 0.046719 
162 2.540809 0.000000 0.130903 97.339790 0.000000 -0.024941 0.052496 
163 21.770817 0.000000 6.295036 99.628063 0.000000 15.355715 -0.016155 
164 28.387594 0.000000 6.295036 97.800984 0.000000 21.714964 -0.003657 
165 21.770817 0.000000 12.459169 96.469556 0.000000 26.415710 -0.000416 
166 11.845651 0.000000 3.212969 100.552149 0.000000 12.137650 -0.025806 
167 15.154040 0.000000 3.212969 100.531976 0.000000 12.180695 -0.025505 
168 11.845651 0.000000 6.295036 96.932710 0.000000 24.910424 -0.001648 
169 6.883069 0.000000 1.671936 101.400884 0.000000 9.418606 -0.037085 
170 8.537263 0.000000 1.671936 99.598200 0.000000 15.528003 -0.016092 
171 6.883069 0.000000 3.212969 97.325048 0.000000 23.508011 -0.002479 
172 4.401777 0.000000 0.901420 100.636501 0.000000 12.027496 -0.027237 
173 5.228874 0.000000 0.901420 100.316650 0.000000 15.007579 -0.028866 
174 4.401777 0.000000 1.671936 98.237290 0.000000 21.120842 -0.009666 
175 3.161132 0.000000 0.516161 100.513961 0.000000 8.636457 -0.017764 
176 3.574680 0.000000 0.516161 99.445192 0.000000 10.924857 -0.000870 
177 3.161132 0.000000 0.901420 100.692242 0.000000 15.211352 -0.037031 
178 2.954357 0.000000 -0.061726 97.777697 0.000000 -0.000000 0.043952 
179 2.954357 0.000000 -0.254355 95.770106 0.000000 9.519641 0.073746 
180 3.161132 0.000000 -0.061726 97.730258 0.000000 -0.000000 0.044880 
181 2.954357 0.000000 0.130903 97.802926 0.000000 -0.000000 0.043459 
182 2.540809 0.000000 0.323532 97.114292 0.000000 -0.111525 0.056880 
183 2.334035 0.000000 0.323532 96.693500 0.000000 -0.119932 0.065035 
184 2.747583 0.000000 0.323532 99.906997 0.000000 5.427495 -0.001087 
185 2.540809 0.000000 0.516161 102.036317 0.000000 4.738918 -0.043387 
186 2.644196 0.000000 0.034588 97.492288 0.000000 -0.002285 0.049525 
187 2.540809 0.000000 0.034588 97.327987 0.000000 -0.014602 0.052726 
188 2.644196 0.000000 -0.061726 97.489924 0.000000 0.000000 0.049571 
189 2.747583 0.000000 0.034588 97.580801 0.000000 0.000000 0.047799 
190 2.644196 0.000000 0.130903 97.485219 0.000000 -0.013449 0.049663 
191 3.988229 0.000000 -0.254355 98.599149 0.000000 18.259973 -0.005522 
192 3.988229 0.000000 -0.639614 96.852727 0.000000 18.532533 0.027609 
193 4.401777 0.000000 -0.254355 97.619104 0.000000 18.371088 0.013301 
194 3.988229 0.000000 0.130903 96.950966 0.000000 5.407086 0.057127 
195 3.988229 0.000000 0.516161 98.616083 0.000000 14.948104 0.005142 
196 4.401777 0.000000 0.516161 99.040481 0.000000 16.144501 -0.006966 
197 3.988229 0.000000 0.901420 100.133582 0.000000 14.443424 -0.023535 
198 3.781455 0.000000 -0.061726 96.920753 0.000000 -0.000000 0.060637 
199 3.574680 0.000000 -0.061726 96.915298 0.000000 -0.000000 0.060742 
200 3.781455 0.000000 -0.254355 100.144356 0.000000 16.174080 -0.029049 
201 3.988229 0.000000 -0.061726 96.722664 0.000000 0.000000 0.064473 
202 3.781455 0.000000 0.130903 96.779577 0.000000 0.000000 0.063371 
203 1.713712 0.000000 0.323532 94.671141 0.000000 -0.355027 0.103725 
204 1.506937 0.000000 0.323532 94.410594 0.000000 -0.386039 0.108649 
205 1.920486 0.000000 0.323532 94.809865 0.000000 -0.339833 0.101097 
206 1.713712 0.000000 0.516161 94.595049 0.000000 -0.364993 0.105164 
207 1.817099 0.000000 0.034588 92.229082 0.000000 -0.140138 0.149378 
208 1.713712 0.000000 0.034588 93.610407 0.000000 -0.127427 0.123708 
209 1.817099 0.000000 -0.061726 92.217544 0.000000 -0.153033 0.149590 
210 1.920486 0.000000 0.034588 94.456765 0.000000 -0.135575 0.107790 
211 1.817099 0.000000 0.130903 93.572437 0.000000 -0.228847 0.124415 
212 1.610325 0.000000 0.034588 90.518149 0.000000 -0.150319 0.180644 
213 1.506937 0.000000 0.034588 86.875432 0.000000 -0.176464 0.245263 
214 1.610325 0.000000 -0.061726 86.057768 0.000000 -0.173816 0.259403 
215 1.610325 0.000000 0.130903 87.871788 0.000000 -0.227247 0.227850 
216 2.127260 0.000000 0.323532 96.098252 0.000000 -0.163058 0.076510 
217 2.127260 0.000000 0.516161 96.294561 0.000000 -0.144589 0.072734 
218 1.817099 0.000000 0.227217 94.794382 0.000000 -0.340849 0.101391 
219 1.713712 0.000000 0.227217 94.703181 0.000000 -0.350873 0.103118 
220 1.920486 0.000000 0.227217 94.846532 0.000000 -0.335440 0.100402 
221 1.817099 0.000000 0.323532 94.757417 0.000000 -0.345405 0.102091 
222 1.765405 0.000000 0.082746 91.772034 0.000000 -0.186537 0.157786 
223 1.713712 0.000000 0.082746 92.607055 0.000000 -0.153059 0.142391 
224 1.765405 0.000000 0.034588 94.400024 0.000000 -0.122830 0.108862 
225 1.817099 0.000000 0.082746 92.320374 0.000000 -0.164563 0.147692 
226 1.765405 0.000000 0.130903 92.172536 0.000000 -0.207838 0.150418 
227 -4.696291 0.000000 -18.361496 96.058727 0.000000 27.537167 0.001443 
228 -11.313068 0.000000 -18.361496 96.082191 0.000000 27.565087 0.000838 
229 -4.696291 0.000000 -24.525629 96.085760 0.000000 27.542851 0.000892 
230 1.920486 0.000000 -18.361496 96.051842 0.000000 27.486906 0.001851 
231 -1.387902 0.000000 -9.115296 95.856115 0.000000 27.445611 0.005834 
232 -4.696291 0.000000 -9.115296 95.947130 0.000000 27.561720 0.003450 
233 -1.387902 0.000000 -12.197363 95.967557 0.000000 27.474224 0.003539 
234 1.920486 0.000000 -9.115296 95.847155 0.000000 27.251254 0.007069 
235 0.266292 0.000000 -4.492197 95.164194 0.000000 27.159033 0.020616 
236 -1.387902 0.000000 -4.492197 95.434989 0.000000 27.559501 0.013264 
237 0.266292 0.000000 -6.033230 95.526225 0.000000 27.232719 0.013312 
238 1.920486 0.000000 -4.492197 95.163380 0.000000 26.562394 0.023837 
239 1.093389 0.000000 -2.180647 93.105926 0.000000 26.245333 0.064247 
240 0.266292 0.000000 -2.180647 93.681958 0.000000 27.517769 0.046646 
241 1.093389 0.000000 -2.951164 94.178670 0.000000 26.523251 0.042690 
242 1.920486 0.000000 -2.180647 93.439523 0.000000 24.810429 0.065350 
243 1.506937 0.000000 -1.024872 89.306067 0.000000 22.369515 0.152403 
244 1.093389 0.000000 -1.024872 88.881152 0.000000 25.130142 0.146862 
245 1.506937 0.000000 -1.410130 91.155440 0.000000 24.047343 0.111241 
246 1.920486 0.000000 -1.024872 90.864251 0.000000 20.470056 0.132466 
247 1.713712 0.000000 -0.446985 94.562011 0.000000 -0.369336 0.105789 
248 1.506937 0.000000 -0.446985 94.386300 0.000000 -0.390752 0.109107 
249 1.713712 0.000000 -0.639614 95.696064 0.000000 -0.200295 0.084222 
250 1.920486 0.000000 -0.446985 95.785557 0.000000 -0.193288 0.082509 
251 1.817099 0.000000 -0.158041 94.496784 0.000000 -0.279499 0.107028 
252 1.713712 0.000000 -0.158041 92.547039 0.000000 -0.290431 0.143496 
253 1.817099 0.000000 -0.254355 94.717262 0.000000 -0.350379 0.102852 
254 1.920486 0.000000 -0.158041 94.529669 0.000000 -0.272698 0.106407 
255 1.765405 0.000000 -0.013569 90.838569 0.000000 -0.137694 0.174834 
256 1.713712 0.000000 -0.013569 89.428027 0.000000 -0.141634 0.200261 
257 1.765405 0.000000 -0.061726 91.533070 0.000000 -0.175931 0.162167 
258 1.817099 0.000000 -0.013569 92.230235 0.000000 -0.131147 0.149357 
259 2.023873 0.000000 0.034588 95.311696 0.000000 -0.084521 0.091567 
260 2.023873 0.000000 -0.061726 95.223825 0.000000 -0.090396 0.093241 
261 2.127260 0.000000 0.034588 96.105486 0.000000 -0.058022 0.076373 
262 2.023873 0.000000 0.130903 95.379915 0.000000 -0.202276 0.090263 
263 1.868792 0.000000 0.082746 93.635723 0.000000 -0.156893 0.123233 
264 1.868792 0.000000 0.034588 93.670760 0.000000 -0.110673 0.122578 
265 1.920486 0.000000 0.082746 94.536193 0.000000 -0.155902 0.106288 
266 1.868792 0.000000 0.130903 94.520238 0.000000 -0.261080 0.106586 
267 1.791252 0.000000 0.058667 95.606943 0.000000 -0.124644 0.085930 
268 1.765405 0.000000 0.058667 95.258760 0.000000 -0.130175 0.092575 
269 1.791252 0.000000 0.034588 95.118610 0.000000 -0.125253 0.095243 
270 1.817099 0.000000 0.058667 95.376685 0.000000 -0.128168 0.090327 
271 1.791252 0.000000 0.082746 91.994058 0.000000 -0.183848 0.153706 
272 -17.929845 0.000000 6.295036 96.162084 0.000000 27.597422 -0.000876 
273 -24.546622 0.000000 6.295036 96.143534 0.000000 27.584587 -0.000449 
274 -17.929845 0.000000 12.459169 96.169944 0.000000 27.580057 -0.000932 
275 -8.004679 0.000000 3.212969 96.275902 0.000000 27.702735 -0.003649 
276 -11.313068 0.000000 3.212969 96.197475 0.000000 27.648491 -0.001839 
277 -8.004679 0.000000 6.295036 96.307381 0.000000 27.628935 -0.003847 
278 -3.042097 0.000000 1.671936 96.655497 0.000000 28.130518 -0.013361 
279 -4.696291 0.000000 1.671936 96.399093 0.000000 27.906089 -0.007153 
280 -3.042097 0.000000 3.212969 96.797964 0.000000 27.842322 -0.014504 
281 -0.560805 0.000000 0.901420 97.559626 0.000000 30.142081 -0.042643 
282 -1.387902 0.000000 0.901420 96.948138 0.000000 29.036297 -0.024205 
283 -0.560805 0.000000 1.671936 98.308974 0.000000 28.812227 -0.049480 
284 0.679840 0.000000 0.516161 91.924726 0.000000 -0.712241 0.154934 
285 0.266292 0.000000 0.516161 100.983158 0.000000 32.917519 -0.128116 
286 0.679840 0.000000 0.901420 103.613474 0.000000 31.049261 -0.169981 
287 1.300163 0.000000 0.323532 94.120085 0.000000 -0.423734 0.114123 
288 1.093389 0.000000 0.323532 93.922674 0.000000 -0.451620 0.117833 
289 1.300163 0.000000 0.516161 94.177167 0.000000 -0.417343 0.113049 
290 1.610325 0.000000 0.227217 94.573948 0.000000 -0.365751 0.105563 
291 1.506937 0.000000 0.227217 94.417188 0.000000 -0.384674 0.108525 
292 1.610325 0.000000 0.323532 94.552487 0.000000 -0.368821 0.105969 
293 1.662018 0.000000 0.082746 91.053892 0.000000 -0.158235 0.170916 
294 1.610325 0.000000 0.082746 90.560044 0.000000 -0.164305 0.179885 
295 1.662018 0.000000 0.034588 90.962170 0.000000 -0.121681 0.172587 
296 1.662018 0.000000 0.130903 92.293764 0.000000 -0.283890 0.148178 
297 1.739559 0.000000 0.058667 94.754338 0.000000 -0.126132 0.102160 
298 1.713712 0.000000 0.058667 94.330797 0.000000 -0.128661 0.110168 
299 1.739559 0.000000 0.034588 94.029429 0.000000 -0.127692 0.115845 
300 1.739559 0.000000 0.082746 93.477733 0.000000 -0.159746 0.126189 
301 1.403550 0.000000 0.034588 82.948309 0.000000 -0.242445 0.311952 
302 1.300163 0.000000 0.034588 77.759935 0.000000 -0.334619 0.395328 
303 1.403550 0.000000 -0.061726 75.201512 0.000000 -0.195458 0.434469 
304 1.403550 0.000000 0.130903 79.216027 0.000000 -0.254399 0.372476 
305 1.403550 0.000000 0.227217 94.250728 0.000000 -0.405790 0.111664 
306 1.300163 0.000000 0.227217 94.095392 0.000000 -0.426507 0.114588 
307 1.403550 0.000000 0.323532 94.260608 0.000000 -0.405074 0.111477 
308 1.455244 0.000000 0.082746 86.477181 0.000000 -0.213462 0.252165 
309 1.403550 0.000000 0.082746 83.500628 0.000000 -0.251769 0.302758 
310 1.455244 0.000000 0.034588 83.994186 0.000000 -0.187901 0.294494 
311 1.506937 0.000000 0.082746 88.699165 0.000000 -0.202771 0.213242 
312 1.455244 0.000000 0.130903 89.411842 0.000000 -0.317780 0.200542 
313 0.886615 0.000000 -0.061726 91.377957 0.000000 -0.185985 0.165003 
314 0.679840 0.000000 -0.061726 94.467000 0.000000 -0.170164 0.107596 
315 0.886615 0.000000 -0.254355 92.955814 0.000000 -0.560033 0.135890 
316 0.886615 0.000000 0.130903 92.902760 0.000000 -0.327983 0.136897 
317 1.196776 0.000000 0.034588 81.746276 0.000000 -0.552287 0.331724 
318 1.093389 0.000000 0.034588 73.393175 0.000000 -0.156500 0.461342 
319 1.196776 0.000000 -0.061726 69.426287 0.000000 -0.207779 0.517995 
320 1.196776 0.000000 0.130903 77.113483 0.000000 -0.272249 0.405344 
321 0.886615 0.000000 0.323532 92.934374 0.000000 -0.563545 0.136288 
322 0.679840 0.000000 0.323532 92.180679 0.000000 -0.669589 0.150227 
323 0.886615 0.000000 0.516161 92.743597 0.000000 -0.585742 0.139828 
324 1.196776 0.000000 0.227217 93.969574 0.000000 -0.444122 0.116952 
325 1.093389 0.000000 0.227217 93.883676 0.000000 -0.456741 0.118565 
326 1.196776 0.000000 0.323532 94.004456 0.000000 -0.439776 0.116297 
327 1.248470 0.000000 0.082746 77.298139 0.000000 -0.345394 0.402488 
328 1.196776 0.000000 0.082746 74.223349 0.000000 -0.244688 0.449083 
329 1.248470 0.000000 0.034588 77.792940 0.000000 -0.408174 0.394809 
330 1.300163 0.000000 0.082746 77.912282 0.000000 -0.304524 0.392958 
331 1.248470 0.000000 0.130903 82.462487 0.000000 -0.350120 0.319982 
332 0.990002 0.000000 0.034588 84.534018 0.000000 -0.179091 0.285397 
333 0.886615 0.000000 0.034588 89.827585 0.000000 -0.142182 0.193098 
334 0.990002 0.000000 -0.061726 84.890059 0.000000 -0.186593 0.279364 
335 0.990002 0.000000 0.130903 87.700032 0.000000 -0.268564 0.230863 
336 1.145082 0.000000 0.082746 74.377764 0.000000 -0.223421 0.446790 
337 1.093389 0.000000 0.082746 79.012770 0.000000 -0.217853 0.375693 
338 1.145082 0.000000 0.034588 72.470375 0.000000 -0.197083 0.474801 
339 1.145082 0.000000 0.130903 77.541646 0.000000 -0.273795 0.398722 
340 1.300163 0.000000 -0.446985 94.196828 0.000000 -0.415199 0.112679 
341 1.093389 0.000000 -0.446985 93.522103 0.000000 -0.490028 0.125338 
342 1.300163 0.000000 -0.639614 93.675538 0.000000 -0.468110 0.122467 
343 1.196776 0.000000 -0.158041 83.994951 0.000000 -0.364016 0.294472 
344 1.093389 0.000000 -0.158041 88.515294 0.000000 -0.362876 0.216491 
345 1.196776 0.000000 -0.254355 94.037322 0.000000 -0.435733 0.115679 
346 1.300163 0.000000 -0.158041 83.644664 0.000000 -0.347273 0.300345 
347 1.248470 0.000000 -0.013569 59.638361 0.000000 -0.140991 0.644325 
348 1.196776 0.000000 -0.013569 67.562748 0.000000 -0.191675 0.543524 
349 1.248470 0.000000 -0.061726 66.188515 0.000000 -0.182826 0.561905 
350 1.300163 0.000000 -0.013569 60.233646 0.000000 -0.140625 0.637189 
351 1.222623 0.000000 0.058667 83.776669 0.000000 -0.533391 0.298119 
352 1.196776 0.000000 0.058667 83.805845 0.000000 -0.603364 0.297622 
353 1.222623 0.000000 0.034588 80.609106 0.000000 -0.470694 0.350195 
354 1.248470 0.000000 0.058667 81.694299 0.000000 -0.456060 0.332583 
355 1.222623 0.000000 0.082746 77.454087 0.000000 -0.392405 0.400071 
356 1.145082 0.000000 -0.013569 71.935876 0.000000 -0.188811 0.482519 
357 1.093389 0.000000 -0.013569 71.803949 0.000000 -0.120605 0.484418 
358 1.145082 0.000000 -0.061726 73.211607 0.000000 -0.206880 0.464002 
359 1.170929 0.000000 0.058667 86.316065 0.000000 -0.728238 0.254901 
360 1.145082 0.000000 0.058667 73.341147 0.000000 -0.209554 0.462103 
361 1.170929 0.000000 0.034588 83.764249 0.000000 -0.638643 0.298314 
362 1.170929 0.000000 0.082746 74.741150 0.000000 -0.245243 0.441370 
363 3.367906 0.000000 -0.061726 97.509833 0.000000 -0.000000 0.049183 
364 3.367906 0.000000 -0.254355 97.224440 0.000000 10.792026 0.043094 
365 3.367906 0.000000 0.130903 97.522588 0.000000 -0.000000 0.048934 
366 3.781455 0.000000 0.323532 96.640861 0.000000 12.292807 0.050943 
367 3.574680 0.000000 0.323532 97.194667 0.000000 10.286506 0.044738 
368 3.988229 0.000000 0.323532 97.588545 0.000000 13.174414 0.030291 
369 3.781455 0.000000 0.516161 98.770067 0.000000 13.186919 0.007058 
370 3.678067 0.000000 0.034588 96.949680 0.000000 -0.000000 0.060076 
371 3.574680 0.000000 0.034588 96.910431 0.000000 -0.000000 0.060837 
372 3.678067 0.000000 -0.061726 96.943813 0.000000 -0.000000 0.060190 
373 3.781455 0.000000 0.034588 96.962363 0.000000 -0.000000 0.059830 
374 3.678067 0.000000 0.130903 96.756400 0.000000 -0.000000 0.063820 
375 3.367906 0.000000 0.323532 98.649241 0.000000 9.229811 0.018314 
376 3.161132 0.000000 0.323532 99.144927 0.000000 8.530667 0.009751 
377 3.367906 0.000000 0.516161 100.229371 0.000000 9.258199 -0.013164 
378 3.471293 0.000000 0.034588 97.171853 0.000000 -0.000000 0.055763 
379 3.367906 0.000000 0.034588 97.499268 0.000000 -0.000000 0.049389 
380 3.471293 0.000000 -0.061726 97.170937 0.000000 -0.000000 0.055781 
381 3.471293 0.000000 0.130903 97.207529 0.000000 0.000000 0.055070 
382 8.537263 0.000000 -18.361496 96.075106 0.000000 27.446541 0.001626 
383 8.537263 0.000000 -24.525629 96.092627 0.000000 27.501556 0.000987 
384 15.154040 0.000000 -18.361496 96.104561 0.000000 27.437559 0.001109 
385 5.228874 0.000000 -9.115296 95.940461 0.000000 27.108338 0.006057 
386 5.228874 0.000000 -12.197363 96.006013 0.000000 27.314747 0.003675 
387 8.537263 0.000000 -9.115296 96.051344 0.000000 27.083650 0.004062 
388 3.574680 0.000000 -4.492197 95.484631 0.000000 26.141942 0.019928 
389 3.574680 0.000000 -6.033230 95.675339 0.000000 26.712121 0.013269 
390 5.228874 0.000000 -4.492197 95.847927 0.000000 26.049509 0.013460 
391 4.401777 0.000000 -2.180647 95.777792 0.000000 23.821129 0.025917 
392 3.574680 0.000000 -2.180647 95.138099 0.000000 23.714998 0.038634 
393 4.401777 0.000000 -2.951164 95.646573 0.000000 24.865933 0.023342 
394 5.228874 0.000000 -2.180647 96.198804 0.000000 24.088044 0.016556 
395 3.988229 0.000000 -1.024872 96.114629 0.000000 20.362528 0.034735 
396 3.574680 0.000000 -1.024872 95.508826 0.000000 19.997728 0.047816 
397 3.988229 0.000000 -1.410130 95.757874 0.000000 21.818699 0.035437 
398 4.401777 0.000000 -1.024872 96.521270 0.000000 20.823497 0.025003 
399 3.781455 0.000000 -0.446985 97.615224 0.000000 16.826170 0.018815 
400 3.574680 0.000000 -0.446985 97.078864 0.000000 15.552440 0.033382 
401 3.781455 0.000000 -0.639614 96.603401 0.000000 18.018765 0.034311 
402 3.988229 0.000000 -0.446985 97.545014 0.000000 17.786286 0.016862 
403 3.678067 0.000000 -0.158041 96.756395 0.000000 -0.000000 0.063820 
404 3.574680 0.000000 -0.158041 96.803131 0.000000 -0.000000 0.062915 
405 3.678067 0.000000 -0.254355 100.249820 0.000000 14.401931 -0.025744 
406 3.781455 0.000000 -0.158041 96.672567 0.000000 0.000000 0.065441 
407 3.626374 0.000000 -0.013569 96.952883 0.000000 -0.000000 0.060014 
408 3.574680 0.000000 -0.013569 96.846903 0.000000 -0.000000 0.062068 
409 3.626374 0.000000 -0.061726 96.927975 0.000000 -0.000000 0.060497 
410 3.678067 0.000000 -0.013569 96.975502 0.000000 -0.000000 0.059575 
411 3.626374 0.000000 0.034588 96.956940 0.000000 -0.000000 0.059935 
412 2.747583 0.000000 -2.180647 94.327578 0.000000 23.986467 0.052696 
413 2.747583 0.000000 -2.951164 94.737486 0.000000 25.181526 0.039070 
414 3.161132 0.000000 -1.024872 94.796206 0.000000 19.728379 0.062447 
415 2.747583 0.000000 -1.024872 93.882756 0.000000 19.567764 0.080313 
416 3.161132 0.000000 -1.410130 94.646137 0.000000 21.549323 0.057774 
417 3.367906 0.000000 -0.446985 96.213376 0.000000 14.774348 0.052470 
418 3.161132 0.000000 -0.446985 95.655168 0.000000 14.322560 0.064495 
419 3.367906 0.000000 -0.639614 95.677897 0.000000 17.064872 0.055453 
420 3.471293 0.000000 -0.158041 97.232879 0.000000 0.000000 0.054577 
421 3.367906 0.000000 -0.158041 97.567361 0.000000 -0.000000 0.048061 
422 3.471293 0.000000 -0.254355 98.299533 0.000000 11.364374 0.020805 
423 3.522987 0.000000 -0.013569 96.917771 0.000000 0.000000 0.060695 
424 3.471293 0.000000 -0.013569 97.146035 0.000000 -0.000000 0.056265 
425 3.522987 0.000000 -0.061726 97.031961 0.000000 -0.000000 0.058480 
426 3.522987 0.000000 0.034588 97.056352 0.000000 -0.000000 0.058006 
427 3.678067 0.000000 0.227217 95.478508 0.000000 1.258342 0.088227 
428 3.574680 0.000000 0.227217 96.093786 0.000000 1.498775 0.076374 
429 3.781455 0.000000 0.227217 95.950182 0.000000 0.305560 0.079347 
430 3.678067 0.000000 0.323532 96.675112 0.000000 11.306754 0.052608 
431 3.626374 0.000000 0.082746 96.912847 0.000000 -0.000000 0.060790 
432 3.574680 0.000000 0.082746 96.919851 0.000000 -0.000000 0.060654 
433 3.678067 0.000000 0.082746 96.934220 0.000000 -0.000000 0.060376 
434 3.626374 0.000000 0.130903 96.756164 0.000000 -0.000000 0.063824 
435 3.600527 0.000000 0.010510 96.855997 0.000000 0.000000 0.061892 
436 3.574680 0.000000 0.010510 96.840373 0.000000 -0.000000 0.062194 
437 3.600527 0.000000 -0.013569 96.863491 0.000000 0.000000 0.061746 
438 3.626374 0.000000 0.010510 96.953009 0.000000 -0.000000 0.060011 
439 3.600527 0.000000 0.034588 96.945715 0.000000 -0.000000 0.060153 
440 3.626374 0.000000 -0.109884 96.795800 0.000000 -0.000000 0.063057 
441 3.574680 0.000000 -0.109884 96.872184 0.000000 -0.000000 0.061578 
442 3.626374 0.000000 -0.158041 96.756977 0.000000 -0.000000 0.063809 
443 3.678067 0.000000 -0.109884 96.932165 0.000000 -0.000000 0.060416 
444 3.600527 0.000000 -0.037648 96.945783 0.000000 -0.000000 0.060152 
445 3.574680 0.000000 -0.037648 96.910885 0.000000 -0.000000 0.060828 
446 3.600527 0.000000 -0.061726 96.914521 0.000000 -0.000000 0.060758 
447 3.626374 0.000000 -0.037648 96.956740 0.000000 -0.000000 0.059939 
448 6.055972 0.000000 -0.639614 97.650970 0.000000 21.575093 -0.000120 
449 6.055972 0.000000 -1.410130 96.863279 0.000000 23.341337 0.007269 
450 6.883069 0.000000 -0.639614 97.512562 0.000000 22.577305 -0.001843 
451 6.055972 0.000000 0.130903 98.962440 0.000000 19.330855 -0.016725 
452 4.815326 0.000000 -0.254355 97.820239 0.000000 18.592844 0.008551 
453 4.815326 0.000000 -0.639614 97.305386 0.000000 19.858976 0.013728 
454 5.228874 0.000000 -0.254355 98.047283 0.000000 19.025205 0.002477 
455 4.815326 0.000000 0.130903 97.703401 0.000000 18.696474 0.010449 
456 4.195003 0.000000 -0.061726 97.383947 0.000000 20.331600 0.010299 
457 4.195003 0.000000 -0.254355 97.739758 0.000000 18.432868 0.010717 
458 4.401777 0.000000 -0.061726 97.440255 0.000000 19.476833 0.012605 
459 4.195003 0.000000 0.130903 97.788022 0.000000 12.451859 0.028245 
460 3.884842 0.000000 0.034588 96.842128 0.000000 0.000000 0.062160 
461 3.884842 0.000000 -0.061726 96.833494 0.000000 0.000000 0.062327 
462 3.988229 0.000000 0.034588 96.824152 0.000000 0.000000 0.062508 
463 3.884842 0.000000 0.130903 96.824663 0.000000 0.000000 0.062498 
464 3.729761 0.000000 -0.013569 96.977008 0.000000 -0.000000 0.059546 
465 3.729761 0.000000 -0.061726 96.934636 0.000000 -0.000000 0.060368 
466 3.781455 0.000000 -0.013569 96.980691 0.000000 -0.000000 0.059475 
467 3.729761 0.000000 0.034588 96.961221 0.000000 -0.000000 0.059852 
468 3.652221 0.000000 0.010510 96.956741 0.000000 -0.000000 0.059939 
469 3.652221 0.000000 -0.013569 96.956182 0.000000 -0.000000 0.059950 
470 3.678067 0.000000 0.010510 96.978518 0.000000 -0.000000 0.059517 
471 3.652221 0.000000 0.034588 96.949612 0.000000 -0.000000 0.060077 
472 3.613450 0.000000 -0.001530 96.833239 0.000000 0.000000 0.062332 
473 3.600527 0.000000 -0.001530 96.812089 0.000000 0.000000 0.062742 
474 3.613450 0.000000 -0.013569 96.899535 0.000000 -0.000000 0.061048 
475 3.626374 0.000000 -0.001530 96.830740 0.000000 -0.000000 0.062381 
476 3.613450 0.000000 0.010510 96.860444 0.000000 0.000000 0.061805 
477 3.471293 0.000000 0.227217 97.464569 0.000000 1.946180 0.049687 
478 3.367906 0.000000 0.227217 98.536448 0.000000 2.845434 0.028247 
479 3.471293 0.000000 0.323532 97.980082 0.000000 9.592427 0.030789 
480 3.522987 0.000000 0.082746 97.035218 0.000000 -0.000000 0.058417 
481 3.471293 0.000000 0.082746 97.170079 0.000000 -0.000000 0.055798 
482 3.522987 0.000000 0.130903 96.955954 0.000000 -0.000000 0.059954 
483 3.548833 0.000000 0.010510 96.844574 0.000000 -0.000000 0.062113 
484 3.522987 0.000000 0.010510 96.898435 0.000000 0.000000 0.061069 
485 3.548833 0.000000 -0.013569 96.851979 0.000000 -0.000000 0.061969 
486 3.548833 0.000000 0.034588 96.968437 0.000000 -0.000000 0.059712 
487 3.264519 0.000000 0.034588 97.657628 0.000000 -0.000000 0.046299 
488 3.161132 0.000000 0.034588 97.725580 0.000000 -0.000000 0.044971 
489 3.264519 0.000000 -0.061726 97.650089 0.000000 -0.000000 0.046446 
490 3.264519 0.000000 0.130903 97.615692 0.000000 -0.000000 0.047118 
491 3.419600 0.000000 -0.013569 97.474062 0.000000 -0.000000 0.049881 
492 3.367906 0.000000 -0.013569 97.539951 0.000000 -0.000000 0.048596 
493 3.419600 0.000000 -0.061726 97.309733 0.000000 0.000000 0.053082 
494 3.419600 0.000000 0.034588 97.368605 0.000000 -0.000000 0.051935 
495 3.419600 0.000000 0.082746 97.339321 0.000000 -0.000000 0.052506 
496 3.367906 0.000000 0.082746 97.505814 0.000000 -0.000000 0.049262 
497 3.419600 0.000000 0.130903 97.377088 0.000000 -0.000000 0.051770 
498 3.445446 0.000000 0.010510 97.422579 0.000000 0.000000 0.050884 
499 3.419600 0.000000 0.010510 97.482471 0.000000 -0.000000 0.049717 
500 3.445446 0.000000 -0.013569 97.377067 0.000000 0.000000 0.051771 
501 3.471293 0.000000 0.010510 97.141513 0.000000 -0.000000 0.056353 
502 3.445446 0.000000 0.034588 97.312697 0.000000 0.000000 0.053024 
503 3.264519 0.000000 -0.158041 97.557580 0.000000 -0.000000 0.048252 
504 3.161132 0.000000 -0.158041 97.858802 0.000000 -0.000000 0.042365 
505 3.264519 0.000000 -0.254355 96.625785 0.000000 10.478632 0.055366 
506 3.316212 0.000000 -0.013569 97.603134 0.000000 -0.000000 0.047363 
507 3.264519 0.000000 -0.013569 97.663758 0.000000 -0.000000 0.046179 
508 3.316212 0.000000 -0.061726 97.595658 0.000000 -0.000000 0.047509 
509 3.316212 0.000000 0.034588 97.601102 0.000000 -0.000000 0.047402 
510 2.954357 0.000000 0.323532 99.352400 0.000000 7.163876 0.007778 
511 2.954357 0.000000 0.516161 100.610079 0.000000 8.184949 -0.018938 
512 3.264519 0.000000 0.227217 98.920076 0.000000 3.700624 0.020112 
513 3.161132 0.000000 0.227217 98.814719 0.000000 4.131978 0.021858 
514 3.264519 0.000000 0.323532 99.014810 0.000000 8.940437 0.011614 
515 3.316212 0.000000 0.082746 97.592394 0.000000 -0.000000 0.047572 
516 3.264519 0.000000 0.082746 97.633612 0.000000 -0.000000 0.046768 
517 3.316212 0.000000 0.130903 97.566634 0.000000 -0.000000 0.048075 
518 3.342059 0.000000 0.010510 97.562580 0.000000 -0.000000 0.048154 
519 3.316212 0.000000 0.010510 97.583448 0.000000 -0.000000 0.047747 
520 3.342059 0.000000 -0.013569 97.561939 0.000000 -0.000000 0.048167 
521 3.367906 0.000000 0.010510 97.542171 0.000000 -0.000000 0.048552 
522 3.342059 0.000000 0.034588 97.549826 0.000000 -0.000000 0.048403 
523 3.316212 0.000000 -0.109884 97.618319 0.000000 -0.000000 0.047066 
524 3.264519 0.000000 -0.109884 97.615092 0.000000 -0.000000 0.047129 
525 3.316212 0.000000 -0.158041 97.565108 0.000000 -0.000000 0.048105 
526 3.367906 0.000000 -0.109884 97.455871 0.000000 -0.000000 0.050235 
527 3.342059 0.000000 -0.037648 97.549299 0.000000 -0.000000 0.048413 
528 3.316212 0.000000 -0.037648 97.600711 0.000000 -0.000000 0.047410 
529 3.342059 0.000000 -0.061726 97.544474 0.000000 -0.000000 0.048508 
530 3.367906 0.000000 -0.037648 97.498746 0.000000 -0.000000 0.049399 
531 3.393753 0.000000 0.010510 97.507320 0.000000 -0.000000 0.049232 
532 3.393753 0.000000 -0.013569 97.503469 0.000000 -0.000000 0.049307 
533 3.393753 0.000000 0.034588 97.424500 0.000000 -0.000000 0.050847 
534 3.354983 0.000000 -0.001530 97.573335 0.000000 -0.000000 0.047944 
535 3.342059 0.000000 -0.001530 97.563792 0.000000 -0.000000 0.048131 
536 3.354983 0.000000 -0.013569 97.558461 0.000000 -0.000000 0.048235 
537 3.367906 0.000000 -0.001530 97.546656 0.000000 -0.000000 0.048465 
538 3.354983 0.000000 0.010510 97.563360 0.000000 -0.000000 0.048139 
539 3.057745 0.000000 0.034588 97.818924 0.000000 -0.000000 0.043146 
540 2.954357 0.000000 0.034588 97.780025 0.000000 -0.000000 0.043907 
541 3.057745 0.000000 -0.061726 97.807777 0.000000 -0.000000 0.043364 
542 3.057745 0.000000 0.130903 97.773985 0.000000 -0.000000 0.044025 
543 3.212825 0.000000 -0.013569 97.728281 0.000000 -0.000000 0.044918 
544 3.161132 0.000000 -0.013569 97.729239 0.000000 -0.000000 0.044900 
545 3.212825 0.000000 -0.061726 97.688216 0.000000 -0.000000 0.045701 
546 3.212825 0.000000 0.034588 97.703179 0.000000 -0.000000 0.045409 
547 3.290366 0.000000 0.010510 97.614319 0.000000 -0.000000 0.047144 
548 3.264519 0.000000 0.010510 97.664376 0.000000 -0.000000 0.046167 
549 3.290366 0.000000 -0.013569 97.614050 0.000000 -0.000000 0.047150 
550 3.290366 0.000000 0.034588 97.632149 0.000000 -0.000000 0.046796 
551 3.290366 0.000000 -0.037648 97.631697 0.000000 -0.000000 0.046805 
552 3.264519 0.000000 -0.037648 97.656671 0.000000 -0.000000 0.046317 
553 3.290366 0.000000 -0.061726 97.627987 0.000000 -0.000000 0.046878 
554 3.303289 0.000000 -0.001530 97.546450 0.000000 -0.000000 0.048469 
555 3.290366 0.000000 -0.001530 97.614724 0.000000 -0.000000 0.047137 
556 3.303289 0.000000 -0.013569 97.608220 0.000000 -0.000000 0.047264 
557 3.316212 0.000000 -0.001530 97.567050 0.000000 0.000000 0.048067 
558 3.303289 0.000000 0.010510 97.608424 0.000000 -0.000000 0.047260 
559 2.437422 0.000000 0.034588 97.181937 0.000000 -0.014997 0.055567 
560 2.334035 0.000000 0.034588 96.949631 0.000000 -0.026056 0.060077 
561 2.437422 0.000000 -0.061726 97.150305 0.000000 -0.018728 0.056182 
562 2.437422 0.000000 0.130903 97.074103 0.000000 -0.058922 0.057662 
563 2.334035 0.000000 -1.024872 92.559135 0.000000 19.671023 0.104586 
564 2.334035 0.000000 -1.410130 92.966959 0.000000 21.920089 0.087665 
565 2.540809 0.000000 -0.446985 93.733302 0.000000 13.042696 0.104396 
566 2.334035 0.000000 -0.446985 97.053648 0.000000 -0.110904 0.058058 
567 2.540809 0.000000 -0.639614 93.452329 0.000000 15.963041 0.101184 
568 2.747583 0.000000 -0.446985 94.581825 0.000000 13.412099 0.087439 
569 2.644196 0.000000 -0.158041 97.524654 0.000000 0.000000 0.048894 
570 2.540809 0.000000 -0.158041 97.334841 0.000000 -0.031637 0.052593 
571 2.644196 0.000000 -0.254355 94.598069 0.000000 8.788327 0.097397 
572 2.747583 0.000000 -0.158041 97.635414 0.000000 0.000000 0.046733 
573 2.592502 0.000000 -0.013569 97.413627 0.000000 -0.007959 0.051059 
574 2.540809 0.000000 -0.013569 97.327560 0.000000 -0.012441 0.052735 
575 2.592502 0.000000 -0.061726 97.397673 0.000000 -0.009753 0.051369 
576 2.644196 0.000000 -0.013569 97.500966 0.000000 0.000000 0.049356 
577 2.592502 0.000000 0.034588 97.407560 0.000000 -0.008610 0.051177 
578 6.055972 0.000000 0.901420 101.610357 0.000000 16.903335 -0.061039 
579 6.883069 0.000000 0.901420 100.948510 0.000000 13.590120 -0.037529 
580 6.055972 0.000000 1.671936 100.184025 0.000000 13.247582 -0.021234 
581 -17.929845 0.000000 -18.361496 96.101004 0.000000 27.573352 0.000431 
582 -24.546622 0.000000 -18.361496 96.111958 0.000000 27.573936 0.000217 
583 -17.929845 0.000000 -24.525629 96.104763 0.000000 27.566494 0.000396 
584 21.770817 0.000000 -18.361496 96.123322 0.000000 27.446478 0.000700 
585 21.770817 0.000000 -24.525629 96.116950 0.000000 27.492627 0.000569 
586 28.387594 0.000000 -18.361496 96.132655 0.000000 27.459832 0.000447 
587 -8.004679 0.000000 -9.115296 96.022552 0.000000 27.599875 0.001792 
588 -11.313068 0.000000 -9.115296 96.066871 0.000000 27.604934 0.000912 
589 -8.004679 0.000000 -12.197363 96.038287 0.000000 27.573661 0.001634 
590 11.845651 0.000000 -9.115296 96.125044 0.000000 27.124945 0.002421 
591 11.845651 0.000000 -12.197363 96.096359 0.000000 27.291801 0.002065 
592 15.154040 0.000000 -9.115296 96.154629 0.000000 27.178242 0.001563 
593 -3.042097 0.000000 -4.492197 95.711996 0.000000 27.693507 0.007228 
594 -4.696291 0.000000 -4.492197 95.883551 0.000000 27.713132 0.003833 
595 -3.042097 0.000000 -6.033230 95.777998 0.000000 27.582537 0.006578 
596 6.883069 0.000000 -4.492197 96.087074 0.000000 26.148177 0.008355 
597 6.883069 0.000000 -6.033230 96.009408 0.000000 26.619981 0.007357 
598 8.537263 0.000000 -4.492197 96.207236 0.000000 26.298356 0.005256 
599 -0.560805 0.000000 -2.180647 94.500171 0.000000 28.119434 0.027902 
600 -1.387902 0.000000 -2.180647 95.159409 0.000000 28.190486 0.014998 
601 -0.560805 0.000000 -2.951164 94.816135 0.000000 27.690717 0.024312 
602 0.679840 0.000000 -1.024872 89.915359 0.000000 27.784731 0.114324 
603 0.266292 0.000000 -1.024872 91.819279 0.000000 29.420743 0.070364 
604 0.679840 0.000000 -1.410130 91.558151 0.000000 27.358260 0.086863 
605 0.886615 0.000000 -0.446985 92.498559 0.000000 -0.619203 0.144363 
606 0.679840 0.000000 -0.446985 91.675864 0.000000 -0.761704 0.159496 
607 0.886615 0.000000 -0.639614 91.688188 0.000000 -0.758323 0.159270 
608 1.403550 0.000000 -0.158041 90.016402 0.000000 -0.336984 0.189693 
609 1.403550 0.000000 -0.254355 94.268017 0.000000 -0.404664 0.111338 
610 1.506937 0.000000 -0.158041 89.956545 0.000000 -0.318038 0.190772 
611 2.127260 0.000000 -0.446985 96.500308 0.000000 -0.130027 0.068767 
612 2.127260 0.000000 -0.639614 97.052480 0.000000 -0.110886 0.058080 
613 1.610325 0.000000 -0.158041 92.531518 0.000000 -0.304510 0.143783 
614 1.610325 0.000000 -0.254355 94.528507 0.000000 -0.372206 0.106422 
615 2.023873 0.000000 -0.158041 95.683098 0.000000 -0.160103 0.084472 
616 2.023873 0.000000 -0.254355 95.849952 0.000000 -0.188414 0.081275 
617 2.127260 0.000000 -0.158041 96.022656 0.000000 -0.117447 0.077964 
618 2.230647 0.000000 0.034588 96.608318 0.000000 -0.029624 0.066683 
619 2.230647 0.000000 -0.061726 96.565069 0.000000 -0.034966 0.067519 
620 2.230647 0.000000 0.130903 96.531383 0.000000 -0.091273 0.068168 
621 6.055972 0.000000 -2.180647 96.433118 0.000000 24.426643 0.010399 
622 6.055972 0.000000 -2.951164 96.190789 0.000000 25.162479 0.011418 
623 6.883069 0.000000 -2.180647 96.541850 0.000000 24.751850 0.006702 
624 4.815326 0.000000 -1.024872 96.802056 0.000000 21.273987 0.017678 
625 4.815326 0.000000 -1.410130 96.435850 0.000000 22.401837 0.019828 
626 5.228874 0.000000 -1.024872 97.001084 0.000000 21.720157 0.011902 
627 2.954357 0.000000 -0.446985 95.194568 0.000000 13.856647 0.074599 
628 2.954357 0.000000 -0.639614 94.778730 0.000000 16.515924 0.074422 
629 2.437422 0.000000 -0.158041 97.136069 0.000000 -0.057933 0.056458 
630 2.334035 0.000000 -0.158041 96.767097 0.000000 -0.075653 0.063612 
631 2.437422 0.000000 -0.254355 96.962002 0.000000 -0.111450 0.059836 
632 4.815326 0.000000 0.516161 99.666199 0.000000 14.781460 -0.015184 
633 5.228874 0.000000 0.516161 101.087465 0.000000 10.583239 -0.033068 
634 4.815326 0.000000 0.901420 100.221909 0.000000 14.277632 -0.024828 
635 3.057745 0.000000 -0.158041 97.858802 0.000000 -0.000000 0.042365 
636 2.954357 0.000000 -0.158041 97.803224 0.000000 -0.000000 0.043453 
637 3.057745 0.000000 -0.254355 96.060845 0.000000 9.848600 0.067532 
638 2.850970 0.000000 0.034588 97.725331 0.000000 -0.000000 0.044976 
639 2.850970 0.000000 -0.061726 97.720465 0.000000 -0.000000 0.045071 
640 2.850970 0.000000 0.130903 97.743948 0.000000 0.000000 0.044612 
641 4.195003 0.000000 -0.446985 97.416850 0.000000 18.304300 0.017491 
642 4.195003 0.000000 -0.639614 96.957478 0.000000 18.919114 0.024131 
643 4.401777 0.000000 -0.446985 97.399350 0.000000 18.562390 0.016880 
644 4.195003 0.000000 0.323532 99.124897 0.000000 11.937682 0.003175 
645 4.401777 0.000000 0.323532 101.283413 0.000000 5.673479 -0.029052 
646 4.195003 0.000000 0.516161 98.765524 0.000000 15.954937 -0.000919 
647 3.884842 0.000000 -0.158041 96.722567 0.000000 0.000000 0.064475 
648 3.884842 0.000000 -0.254355 99.443179 0.000000 17.570548 -0.019767 
649 3.988229 0.000000 -0.158041 99.127402 0.000000 19.710399 -0.021474 
650 1.868792 0.000000 -0.013569 93.564603 0.000000 -0.075107 0.124566 
651 1.868792 0.000000 -0.061726 93.563694 0.000000 -0.142695 0.124581 
652 1.920486 0.000000 -0.013569 94.424269 0.000000 -0.129504 0.108404 
653 1.662018 0.000000 -0.013569 85.004412 0.000000 -0.083763 0.277424 
654 1.610325 0.000000 -0.013569 87.267580 0.000000 -0.153676 0.238435 
655 1.662018 0.000000 -0.061726 88.004665 0.000000 -0.160939 0.225515 
656 1.558631 0.000000 0.082746 90.269923 0.000000 -0.191203 0.185130 
657 1.558631 0.000000 0.034588 89.006303 0.000000 -0.169711 0.207785 
658 1.558631 0.000000 0.130903 87.506391 0.000000 -0.233135 0.234258 
659 2.023873 0.000000 0.227217 95.423097 0.000000 -0.241710 0.089437 
660 2.127260 0.000000 0.227217 96.109566 0.000000 -0.162341 0.076292 
661 2.023873 0.000000 0.323532 95.633330 0.000000 -0.213991 0.085422 
662 2.230647 0.000000 0.227217 96.323032 0.000000 -0.143173 0.072185 
663 2.334035 0.000000 0.227217 96.695766 0.000000 -0.119874 0.064991 
664 2.230647 0.000000 0.323532 96.521551 0.000000 -0.129218 0.068357 
665 1.351857 0.000000 0.082746 83.398483 0.000000 -0.314860 0.304459 
666 1.351857 0.000000 0.034588 80.800538 0.000000 -0.294438 0.347119 
667 1.351857 0.000000 0.130903 78.289059 0.000000 -0.260165 0.387076 
668 0.990002 0.000000 -0.158041 89.357188 0.000000 -0.317040 0.201519 
669 0.886615 0.000000 -0.158041 92.945436 0.000000 -0.410836 0.136098 
670 0.990002 0.000000 -0.254355 93.591067 0.000000 -0.487346 0.124047 
671 0.990002 0.000000 0.227217 93.837462 0.000000 -0.463954 0.119432 
672 0.886615 0.000000 0.227217 93.129595 0.000000 -0.541520 0.132659 
673 0.990002 0.000000 0.323532 93.875241 0.000000 -0.458843 0.118723 
674 3.884842 0.000000 0.227217 97.344747 0.000000 -1.999815 0.052000 
675 3.988229 0.000000 0.227217 99.102297 0.000000 -6.279513 0.013930 
676 3.884842 0.000000 0.323532 97.017920 0.000000 12.988798 0.041881 
677 3.729761 0.000000 0.082746 96.918378 0.000000 -0.000000 0.060683 
678 3.781455 0.000000 0.082746 96.917046 0.000000 -0.000000 0.060709 
679 3.729761 0.000000 0.130903 96.878280 0.000000 -0.000000 0.061460 
680 3.729761 0.000000 -0.109884 96.907862 0.000000 -0.000000 0.060887 
681 3.729761 0.000000 -0.158041 96.730473 0.000000 -0.000000 0.064322 
682 3.781455 0.000000 -0.109884 96.884855 0.000000 -0.000000 0.061332 
683 3.652221 0.000000 -0.037648 96.948412 0.000000 -0.000000 0.060101 
684 3.652221 0.000000 -0.061726 96.938851 0.000000 -0.000000 0.060286 
685 3.678067 0.000000 -0.037648 96.946077 0.000000 -0.000000 0.060146 
686 3.522987 0.000000 -0.109884 97.002092 0.000000 -0.000000 0.059059 
687 3.471293 0.000000 -0.109884 97.224098 0.000000 0.000000 0.054747 
688 3.522987 0.000000 -0.158041 96.935103 0.000000 0.000000 0.060359 
689 3.419600 0.000000 -0.109884 97.379171 0.000000 -0.000000 0.051730 
690 3.419600 0.000000 -0.158041 97.435451 0.000000 -0.000000 0.050633 
691 3.548833 0.000000 -0.037648 96.968888 0.000000 -0.000000 0.059703 
692 3.522987 0.000000 -0.037648 97.056760 0.000000 -0.000000 0.057999 
693 3.548833 0.000000 -0.061726 96.973251 0.000000 -0.000000 0.059619 
694 3.497140 0.000000 0.010510 96.938677 0.000000 -0.000000 0.060289 
695 3.497140 0.000000 -0.013569 96.949123 0.000000 -0.000000 0.060087 
696 3.497140 0.000000 0.034588 97.050273 0.000000 -0.000000 0.058124 
697 3.212825 0.000000 0.082746 97.684448 0.000000 -0.000000 0.045775 
698 3.161132 0.000000 0.082746 97.756432 0.000000 -0.000000 0.044368 
699 3.212825 0.000000 0.130903 97.642386 0.000000 -0.000000 0.046596 
700 3.393753 0.000000 -0.037648 97.423959 0.000000 -0.000000 0.050857 
701 3.393753 0.000000 -0.061726 97.453205 0.000000 -0.000000 0.050287 
702 3.419600 0.000000 -0.037648 97.368206 0.000000 -0.000000 0.051943 
703 3.445446 0.000000 -0.037648 97.233334 0.000000 0.000000 0.054568 
704 3.445446 0.000000 -0.061726 97.254167 0.000000 0.000000 0.054163 
705 3.471293 0.000000 -0.037648 97.171768 0.000000 -0.000000 0.055765 
706 3.212825 0.000000 -0.109884 97.696030 0.000000 -0.000000 0.045549 
707 3.161132 0.000000 -0.109884 97.834126 0.000000 -0.000000 0.042848 
708 3.212825 0.000000 -0.158041 97.541317 0.000000 -0.000000 0.048569 
709 3.057745 0.000000 0.227217 98.652868 0.000000 3.916565 0.025227 
710 2.954357 0.000000 0.227217 98.726302 0.000000 3.422650 0.024140 
711 3.057745 0.000000 0.323532 99.208346 0.000000 7.909461 0.009514 
712 3.329136 0.000000 -0.001530 97.562304 0.000000 -0.000000 0.048160 
713 3.329136 0.000000 -0.013569 97.561563 0.000000 -0.000000 0.048174 
714 3.329136 0.000000 0.010510 97.561949 0.000000 -0.000000 0.048167 
715 2.230647 0.000000 -0.158041 96.651350 0.000000 -0.084097 0.065851 
716 2.230647 0.000000 -0.254355 96.516336 0.000000 -0.129418 0.068458 
717 2.850970 0.000000 -0.158041 97.743948 0.000000 0.000000 0.044612 
718 2.850970 0.000000 -0.254355 95.430052 0.000000 9.246418 0.080761 
719 2.437422 0.000000 0.227217 96.839425 0.000000 -0.114173 0.062211 
720 2.540809 0.000000 0.227217 97.054585 0.000000 -0.110918 0.058040 
721 2.437422 0.000000 0.323532 96.962597 0.000000 -0.111451 0.059824 
722 2.644196 0.000000 0.227217 99.502438 0.000000 1.836610 0.009589 
723 2.747583 0.000000 0.227217 99.192987 0.000000 2.409756 0.015494 
724 2.644196 0.000000 0.323532 100.282796 0.000000 4.452142 -0.007646 
725 1.558631 0.000000 -0.013569 83.599361 0.000000 -0.168012 0.301112 
726 1.506937 0.000000 -0.013569 81.498612 0.000000 -0.148076 0.335795 
727 1.558631 0.000000 -0.061726 84.287968 0.000000 -0.181636 0.289551 
728 1.351857 0.000000 -0.013569 73.239729 0.000000 -0.217022 0.463589 
729 1.351857 0.000000 -0.061726 70.686096 0.000000 -0.200649 0.500344 
730 1.403550 0.000000 -0.013569 73.991327 0.000000 -0.178613 0.452525 
731 1.455244 0.000000 -0.013569 76.450551 0.000000 -0.130856 0.415530 
732 1.455244 0.000000 -0.061726 76.412112 0.000000 -0.168855 0.416116 
733 3.497140 0.000000 -0.037648 97.135320 0.000000 -0.000000 0.056473 
734 3.497140 0.000000 -0.061726 97.137548 0.000000 -0.000000 0.056430 
735 2.850970 0.000000 0.227217 98.920209 0.000000 2.920644 0.020626 
736 2.850970 0.000000 0.323532 99.588367 0.000000 6.329462 0.004210 
1 19 21 9 22 
2 20 19 22 4 
3 28 29 3 30 
4 21 28 30 9 
5 35 37 21 38 
6 36 35 38 19 
7 44 45 28 46 
8 37 44 46 21 
9 51 53 37 54 
10 52 51 54 35 
11 60 61 44 62 
12 53 60 62 37 
13 67 69 53 70 
14 68 67 70 51 
15 76 77 60 78 
16 69 76 78 53 
17 83 85 69 86 
18 84 83 86 67 
19 11 94 92 93 
20 94 10 24 92 
21 92 24 14 95 
22 93 92 95 6 
23 24 98 96 97 
24 98 23 40 96 
25 96 40 27 99 
26 97 96 99 14 
27 40 102 100 101 
28 102 39 56 100 
29 100 56 43 103 
30 101 100 103 27 
31 56 106 104 105 
32 106 55 72 104 
33 104 72 59 107 
34 105 104 107 43 
35 72 110 108 109 
36 109 108 111 59 
37 112 113 76 114 
38 85 112 114 69 
39 115 117 85 118 
40 116 115 118 83 
41 132 133 112 134 
42 117 132 134 85 
43 15 140 139 33 
44 140 17 141 139 
45 139 141 8 142 
46 33 139 142 18 
47 31 144 143 49 
48 144 33 145 143 
49 143 145 18 146 
50 49 143 146 34 
51 148 49 149 147 
52 147 149 34 150 
53 18 142 163 45 
54 142 8 164 163 
55 163 164 29 165 
56 45 163 165 28 
57 34 146 166 61 
58 146 18 167 166 
59 166 167 45 168 
60 61 166 168 44 
61 150 34 170 169 
62 169 170 61 171 
63 77 169 171 60 
64 172 173 77 174 
65 113 172 174 76 
66 175 176 113 177 
67 133 175 177 112 
68 182 184 133 185 
69 183 182 185 132 
70 188 161 189 186 
71 186 189 82 190 
72 187 186 190 162 
73 195 196 172 197 
74 176 195 197 113 
75 203 205 117 206 
76 204 203 206 115 
77 216 183 132 217 
78 205 216 217 117 
79 131 211 218 219 
80 211 5 220 218 
81 218 220 205 221 
82 219 218 221 203 
83 222 225 211 226 
84 223 222 226 131 
85 12 229 227 228 
86 229 7 230 227 
87 227 230 13 25 
88 228 227 25 10 
89 25 233 231 232 
90 233 13 234 231 
91 231 234 26 41 
92 232 231 41 23 
93 41 237 235 236 
94 237 26 238 235 
95 235 238 42 57 
96 236 235 57 39 
97 57 241 239 240 
98 241 42 242 239 
99 239 242 58 73 
100 240 239 73 55 
101 73 245 243 244 
102 245 58 246 243 
103 243 246 74 89 
104 244 243 89 71 
105 89 249 247 248 
106 249 74 250 247 
107 247 250 90 129 
108 248 247 129 87 
109 129 253 251 252 
110 253 90 254 251 
111 251 254 130 209 
112 252 251 209 128 
113 128 257 255 256 
114 257 209 258 255 
115 255 258 207 224 
116 256 255 224 208 
117 130 260 259 210 
118 260 135 261 259 
119 259 261 138 262 
120 210 259 262 5 
121 207 264 263 225 
122 264 210 265 263 
123 263 265 5 266 
124 225 263 266 211 
125 224 269 267 268 
126 269 207 270 267 
127 267 270 225 271 
128 268 267 271 222 
129 6 95 272 273 
130 95 14 36 272 
131 272 36 19 274 
132 273 272 274 20 
133 14 99 275 276 
134 99 27 52 275 
135 275 52 35 277 
136 276 275 277 36 
137 27 103 278 279 
138 103 43 68 278 
139 278 68 51 280 
140 279 278 280 52 
141 43 107 281 282 
142 107 59 84 281 
143 281 84 67 283 
144 282 281 283 68 
145 59 111 284 285 
146 284 116 83 286 
147 285 284 286 84 
148 287 204 115 289 
149 288 287 289 116 
150 91 215 290 291 
151 215 131 219 290 
152 290 219 203 292 
153 291 290 292 204 
154 212 295 293 294 
155 295 208 223 293 
156 293 223 131 296 
157 294 293 296 215 
158 208 299 297 298 
159 299 224 268 297 
160 297 268 222 300 
161 298 297 300 223 
162 123 304 305 306 
163 304 91 291 305 
164 305 291 204 307 
165 306 305 307 287 
166 301 310 308 309 
167 310 213 311 308 
168 308 311 91 312 
169 309 308 312 304 
170 108 315 313 314 
171 314 313 316 111 
172 111 316 321 322 
173 321 288 116 323 
174 322 321 323 284 
175 75 320 324 325 
176 320 123 306 324 
177 324 306 287 326 
178 325 324 326 288 
179 329 302 330 327 
180 327 330 123 331 
181 328 327 331 320 
182 313 334 332 333 
183 334 120 318 332 
184 332 318 75 335 
185 333 332 335 316 
186 318 338 336 337 
187 336 328 320 339 
188 337 336 339 75 
189 71 342 340 341 
190 342 89 248 340 
191 340 248 87 121 
192 341 340 121 88 
193 88 345 343 344 
194 345 121 346 343 
195 343 346 119 319 
196 344 343 319 120 
197 319 349 347 348 
198 349 119 350 347 
199 347 350 302 329 
200 348 347 329 317 
201 317 353 351 352 
202 353 329 354 351 
203 351 354 327 355 
204 352 351 355 328 
205 120 358 356 357 
206 358 319 348 356 
207 356 348 317 338 
208 357 356 338 318 
209 338 361 359 360 
210 361 317 352 359 
211 359 352 328 362 
212 360 359 362 336 
213 366 368 195 369 
214 367 366 369 176 
215 375 367 176 377 
216 376 375 377 175 
217 7 383 382 230 
218 383 16 384 382 
219 382 384 15 32 
220 230 382 32 13 
221 13 386 385 234 
222 386 32 387 385 
223 385 387 31 48 
224 234 385 48 26 
225 26 389 388 238 
226 389 48 390 388 
227 388 390 47 64 
228 238 388 64 42 
229 64 393 391 392 
230 393 47 394 391 
231 391 394 65 152 
232 392 391 152 63 
233 63 397 395 396 
234 397 152 398 395 
235 395 398 151 192 
236 396 395 192 81 
237 81 401 399 400 
238 401 192 402 399 
239 399 402 191 200 
240 400 399 200 157 
241 157 405 403 404 
242 405 200 406 403 
243 42 413 412 242 
244 413 64 392 412 
245 412 392 63 80 
246 242 412 80 58 
247 80 416 414 415 
248 416 63 396 414 
249 414 396 81 156 
250 415 414 156 79 
251 156 419 417 418 
252 419 81 400 417 
253 417 400 157 364 
254 418 417 364 155 
255 364 422 420 421 
256 422 157 404 420 
257 66 374 427 428 
258 374 202 429 427 
259 427 429 366 430 
260 428 427 430 367 
261 371 411 431 432 
262 411 370 433 431 
263 431 433 374 434 
264 432 431 434 66 
265 408 437 435 436 
266 435 438 411 439 
267 436 435 439 371 
268 404 442 440 441 
269 442 403 443 440 
270 440 443 372 409 
271 441 440 409 199 
272 199 446 444 445 
273 446 409 447 444 
274 444 447 407 437 
275 445 444 437 408 
276 65 449 448 153 
277 449 147 450 448 
278 448 450 150 451 
279 153 448 451 50 
280 151 453 452 193 
281 453 153 454 452 
282 452 454 50 455 
283 193 452 455 154 
284 191 457 456 201 
285 457 193 458 456 
286 456 458 154 459 
287 201 456 459 194 
288 198 461 460 373 
289 461 201 462 460 
290 460 462 194 463 
291 373 460 463 202 
292 372 465 464 410 
293 465 198 466 464 
294 464 466 373 467 
295 410 464 467 370 
296 407 469 468 438 
297 469 410 470 468 
298 468 470 370 471 
299 438 468 471 411 
300 437 474 472 473 
301 474 407 475 472 
302 472 475 438 476 
303 473 472 476 435 
304 365 381 477 478 
305 381 66 428 477 
306 477 428 367 479 
307 478 477 479 375 
308 378 426 480 481 
309 426 371 432 480 
310 480 432 66 482 
311 481 480 482 381 
312 423 485 483 484 
313 485 408 436 483 
314 483 436 371 486 
315 484 483 486 426 
316 379 494 495 496 
317 494 378 481 495 
318 495 481 381 497 
319 496 495 497 365 
320 491 500 498 499 
321 500 424 501 498 
322 498 501 378 502 
323 499 498 502 494 
324 155 505 503 504 
325 505 364 421 503 
326 510 376 175 511 
327 184 510 511 133 
328 158 490 512 513 
329 490 365 478 512 
330 512 478 375 514 
331 513 512 514 376 
332 487 509 515 516 
333 509 379 496 515 
334 515 496 365 517 
335 516 515 517 490 
336 518 521 379 522 
337 519 518 522 509 
338 503 525 523 524 
339 525 421 526 523 
340 523 526 363 508 
341 524 523 508 489 
342 508 529 527 528 
343 529 363 530 527 
344 527 530 492 520 
345 528 527 520 506 
346 492 532 531 521 
347 532 491 499 531 
348 531 499 494 533 
349 521 531 533 379 
350 520 536 534 535 
351 536 492 537 534 
352 534 537 521 538 
353 535 534 538 518 
354 178 541 539 540 
355 541 180 488 539 
356 539 488 158 542 
357 540 539 542 181 
358 180 545 543 544 
359 545 489 507 543 
360 543 507 487 546 
361 544 543 546 488 
362 507 549 547 548 
363 547 519 509 550 
364 548 547 550 487 
365 489 553 551 552 
366 553 508 528 551 
367 551 528 506 549 
368 552 551 549 507 
369 549 556 554 555 
370 556 506 557 554 
371 554 557 519 558 
372 555 554 558 547 
373 137 561 559 560 
374 561 159 187 559 
375 559 187 162 562 
376 560 559 562 127 
377 58 564 563 246 
378 564 80 415 563 
379 563 415 79 125 
380 246 563 125 74 
381 125 567 565 566 
382 567 79 568 565 
383 565 568 126 160 
384 566 565 160 124 
385 160 571 569 570 
386 571 126 572 569 
387 569 572 161 188 
388 570 569 188 159 
389 159 575 573 574 
390 575 188 576 573 
391 573 576 186 577 
392 574 573 577 187 
393 50 451 578 173 
394 451 150 579 578 
395 578 579 169 580 
396 173 578 580 77 
397 1 583 581 582 
398 583 12 228 581 
399 581 228 10 94 
400 582 581 94 11 
401 16 585 584 384 
402 585 2 586 584 
403 584 586 17 140 
404 384 584 140 15 
405 10 589 587 588 
406 589 25 232 587 
407 587 232 23 98 
408 588 587 98 24 
409 32 591 590 387 
410 591 15 592 590 
411 590 592 33 144 
412 387 590 144 31 
413 23 595 593 594 
414 595 41 236 593 
415 593 236 39 102 
416 594 593 102 40 
417 48 597 596 390 
418 597 31 598 596 
419 596 598 49 148 
420 390 596 148 47 
421 39 601 599 600 
422 601 57 240 599 
423 599 240 55 106 
424 600 599 106 56 
425 55 604 602 603 
426 604 73 244 602 
427 602 244 71 110 
428 603 602 110 72 
429 110 607 605 606 
430 607 71 341 605 
431 605 341 88 315 
432 606 605 315 108 
433 121 609 608 346 
434 609 87 610 608 
435 608 610 122 303 
436 346 608 303 119 
437 74 612 611 250 
438 612 125 566 611 
439 611 566 124 136 
440 250 611 136 90 
441 87 614 613 610 
442 614 129 252 613 
443 613 252 128 214 
444 610 613 214 122 
445 90 616 615 254 
446 616 136 617 615 
447 615 617 135 260 
448 254 615 260 130 
449 135 619 618 261 
450 619 137 560 618 
451 618 560 127 620 
452 261 618 620 138 
453 47 622 621 394 
454 622 148 623 621 
455 621 623 147 449 
456 394 621 449 65 
457 152 625 624 398 
458 625 65 626 624 
459 624 626 153 453 
460 398 624 453 151 
461 79 628 627 568 
462 628 156 418 627 
463 627 418 155 179 
464 568 627 179 126 
465 124 631 629 630 
466 631 160 570 629 
467 629 570 159 561 
468 630 629 561 137 
469 154 455 632 196 
470 455 50 633 632 
471 632 633 173 634 
472 196 632 634 172 
473 179 637 635 636 
474 637 155 504 635 
475 635 504 180 541 
476 636 635 541 178 
477 161 639 638 189 
478 639 178 540 638 
479 638 540 181 640 
480 189 638 640 82 
481 192 642 641 402 
482 642 151 643 641 
483 641 643 193 457 
484 402 641 457 191 
485 194 459 644 368 
486 459 154 645 644 
487 644 645 196 646 
488 368 644 646 195 
489 200 648 647 406 
490 648 191 649 647 
491 647 649 201 461 
492 406 647 461 198 
493 209 651 650 258 
494 651 130 652 650 
495 650 652 210 264 
496 258 650 264 207 
497 214 655 653 654 
498 655 128 256 653 
499 653 256 208 295 
500 654 653 295 212 
501 213 657 656 311 
502 657 212 294 656 
503 656 294 215 658 
504 311 656 658 91 
505 5 262 659 220 
506 262 138 660 659 
507 659 660 216 661 
508 220 659 661 205 
509 138 620 662 660 
510 620 127 663 662 
511 662 663 183 664 
512 660 662 664 216 
513 302 666 665 330 
514 666 301 309 665 
515 665 309 304 667 
516 330 665 667 123 
517 315 670 668 669 
518 670 88 344 668 
519 668 344 120 334 
520 669 668 334 313 
521 316 335 671 672 
522 335 75 325 671 
523 671 325 288 673 
524 672 671 673 321 
525 202 463 674 429 
526 463 194 675 674 
527 674 675 368 676 
528 429 674 676 366 
529 370 467 677 433 
530 467 373 678 677 
531 677 678 202 679 
532 433 677 679 374 
533 403 681 680 443 
534 681 406 682 680 
535 680 682 198 465 
536 443 680 465 372 
537 409 684 683 447 
538 684 372 685 683 
539 683 685 410 469 
540 447 683 469 407 
541 420 688 686 687 
542 688 404 441 686 
543 686 441 199 425 
544 687 686 425 380 
545 421 690 689 526 
546 690 420 687 689 
547 689 687 380 493 
548 526 689 493 363 
549 425 693 691 692 
550 693 199 445 691 
551 691 445 408 485 
552 692 691 485 423 
553 424 695 694 501 
554 695 423 484 694 
555 694 484 426 696 
556 501 694 696 378 
557 488 546 697 698 
558 546 487 516 697 
559 697 516 490 699 
560 698 697 699 158 
561 363 701 700 530 
562 701 493 702 700 
563 700 702 491 532 
564 530 700 532 492 
565 493 704 703 702 
566 704 380 705 703 
567 703 705 424 500 
568 702 703 500 491 
569 504 708 706 707 
570 708 503 524 706 
571 706 524 489 545 
572 707 706 545 180 
573 181 542 709 710 
574 542 158 513 709 
575 709 513 376 711 
576 710 709 711 510 
577 506 713 712 557 
578 713 520 535 712 
579 712 535 518 714 
580 557 712 714 519 
581 136 716 715 617 
582 716 124 630 715 
583 715 630 137 619 
584 617 715 619 135 
585 126 718 717 572 
586 718 179 636 717 
587 717 636 178 639 
588 572 717 639 161 
589 127 562 719 663 
590 562 162 720 719 
591 719 720 182 721 
592 663 719 721 183 
593 162 190 722 720 
594 190 82 723 722 
595 722 723 184 724 
596 720 722 724 182 
597 122 727 725 726 
598 727 214 654 725 
599 725 654 212 657 
600 726 725 657 213 
601 119 729 728 350 
602 729 303 730 728 
603 728 730 301 666 
604 350 728 666 302 
605 303 732 731 730 
606 732 122 726 731 
607 731 726 213 310 
608 730 731 310 301 
609 380 734 733 705 
610 734 425 692 733 
611 733 692 423 695 
612 705 733 695 424 
613 82 640 735 723 
614 640 181 710 735 
615 735 710 510 736 
616 723 735 736 184 
