2 0.000000 100.000000 473.401889
778 649 
1 -24.047424 0.000000 -24.026431 97.803822 0.000000 20.794912 0.000198 
2 27.868396 0.000000 -24.026431 97.811833 0.000000 20.735969 0.000286 
3 27.868396 0.000000 24.284341 97.853073 0.000000 20.653714 -0.000180 
4 -24.047424 0.000000 24.284341 97.830370 0.000000 20.793050 -0.000313 
5 1.910486 0.000000 0.128955 96.272188 0.000000 -0.149215 0.073164 
6 -24.047424 0.000000 0.128955 97.818586 0.000000 20.809101 -0.000149 
7 1.910486 0.000000 -24.026431 97.781699 0.000000 20.757325 0.000787 
8 27.868396 0.000000 0.128955 98.029978 0.000000 19.748407 0.000012 
9 1.910486 0.000000 24.284341 97.865172 0.000000 20.739871 -0.000773 
10 -11.068469 0.000000 -11.948738 97.769906 0.000000 20.805987 0.000816 
11 -24.047424 0.000000 -11.948738 97.805341 0.000000 20.803049 0.000135 
12 -11.068469 0.000000 -24.026431 97.790526 0.000000 20.786767 0.000492 
13 1.910486 0.000000 -11.948738 97.686471 0.000000 20.652706 0.003082 
14 -11.068469 0.000000 0.128955 97.830161 0.000000 20.863703 -0.000603 
15 14.889441 0.000000 -11.948738 97.804003 0.000000 20.581960 0.001076 
16 14.889441 0.000000 -24.026431 97.797537 0.000000 20.734445 0.000572 
17 27.868396 0.000000 -11.948738 97.831692 0.000000 20.637013 0.000307 
18 14.889441 0.000000 0.128955 98.342692 0.000000 18.219701 -0.000324 
19 -11.068469 0.000000 12.206648 97.878641 0.000000 20.798365 -0.001280 
20 -24.047424 0.000000 12.206648 97.830753 0.000000 20.801573 -0.000356 
21 1.910486 0.000000 12.206648 98.013309 0.000000 20.586835 -0.003043 
22 -11.068469 0.000000 24.284341 97.848191 0.000000 20.781169 -0.000613 
23 -4.578991 0.000000 -5.909891 97.634087 0.000000 20.840712 0.003325 
24 -11.068469 0.000000 -5.909891 97.775547 0.000000 20.839707 0.000565 
25 -4.578991 0.000000 -11.948738 97.717331 0.000000 20.772408 0.001983 
26 1.910486 0.000000 -5.909891 97.354327 0.000000 20.313356 0.010950 
27 -4.578991 0.000000 0.128955 97.867427 0.000000 21.077626 -0.002230 
28 14.889441 0.000000 12.206648 97.951708 0.000000 20.301347 -0.000668 
29 27.868396 0.000000 12.206648 98.000069 0.000000 19.947163 -0.000190 
30 14.889441 0.000000 24.284341 97.858754 0.000000 20.691400 -0.000447 
31 8.399963 0.000000 -5.909891 97.781303 0.000000 20.076108 0.003577 
32 8.399963 0.000000 -11.948738 97.754626 0.000000 20.571718 0.002084 
33 14.889441 0.000000 -5.909891 97.874789 0.000000 20.250626 0.001044 
34 8.399963 0.000000 0.128955 99.008436 0.000000 14.690177 -0.001847 
35 -4.578991 0.000000 6.167802 98.072083 0.000000 20.813172 -0.005132 
36 -11.068469 0.000000 6.167802 97.880508 0.000000 20.833869 -0.001464 
37 1.910486 0.000000 6.167802 98.483688 0.000000 20.127788 -0.010416 
38 -4.578991 0.000000 12.206648 97.948958 0.000000 20.749861 -0.002456 
39 -1.334253 0.000000 -2.890468 97.138296 0.000000 21.022673 0.012220 
40 -4.578991 0.000000 -2.890468 97.656250 0.000000 20.972234 0.002342 
41 -1.334253 0.000000 -5.909891 97.444235 0.000000 20.709091 0.007575 
42 1.910486 0.000000 -2.890468 96.386826 0.000000 19.436347 0.033181 
43 -1.334253 0.000000 0.128955 97.818981 0.000000 21.858040 -0.004633 
44 8.399963 0.000000 6.167802 98.212379 0.000000 19.399258 -0.002200 
45 14.889441 0.000000 6.167802 98.260706 0.000000 18.795991 -0.000846 
46 8.399963 0.000000 12.206648 97.977063 0.000000 20.417305 -0.001637 
47 5.155225 0.000000 -2.890468 97.638859 0.000000 18.737468 0.011556 
48 5.155225 0.000000 -5.909891 97.588554 0.000000 20.044311 0.007470 
49 8.399963 0.000000 -2.890468 97.982984 0.000000 19.229150 0.002957 
50 5.155225 0.000000 0.128955 98.487974 0.000000 12.995588 0.013123 
51 -1.334253 0.000000 3.148379 98.697607 0.000000 20.963232 -0.018067 
52 -4.578991 0.000000 3.148379 98.069600 0.000000 20.956082 -0.005680 
53 1.910486 0.000000 3.148379 99.689570 0.000000 19.225763 -0.030764 
54 -1.334253 0.000000 6.167802 98.318560 0.000000 20.644647 -0.009274 
55 0.288117 0.000000 -1.380756 95.297542 0.000000 21.738026 0.044584 
56 -1.334253 0.000000 -1.380756 97.226499 0.000000 21.560032 0.008217 
57 0.288117 0.000000 -2.890468 96.513998 0.000000 20.588426 0.026116 
58 1.910486 0.000000 -1.380756 94.375304 0.000000 17.312348 0.079358 
59 0.288117 0.000000 0.128955 99.559480 0.000000 -0.000000 0.008791 
60 5.155225 0.000000 3.148379 98.695912 0.000000 17.966964 -0.006369 
61 8.399963 0.000000 3.148379 98.515522 0.000000 17.779133 -0.002141 
62 5.155225 0.000000 6.167802 98.329127 0.000000 19.653912 -0.005489 
63 3.532855 0.000000 -1.380756 96.960103 0.000000 16.174890 0.033711 
64 3.532855 0.000000 -2.890468 97.060212 0.000000 18.740790 0.022810 
65 5.155225 0.000000 -1.380756 98.072642 0.000000 16.776659 0.010030 
66 3.532855 0.000000 0.128955 98.582074 0.000000 -0.000000 0.028157 
67 0.288117 0.000000 1.638667 100.544423 0.000000 21.816368 -0.058513 
68 -1.334253 0.000000 1.638667 98.619905 0.000000 21.557820 -0.019063 
69 1.910486 0.000000 1.638667 101.699815 0.000000 18.106276 -0.067069 
70 0.288117 0.000000 3.148379 99.417863 0.000000 20.469597 -0.030292 
71 1.099301 0.000000 -0.625900 94.712299 0.000000 -0.421763 0.102940 
72 0.288117 0.000000 -0.625900 94.373443 0.000000 24.248058 0.050569 
73 1.099301 0.000000 -1.380756 93.853937 0.000000 19.849949 0.079742 
74 1.910486 0.000000 -0.625900 98.259229 0.000000 -0.128311 0.034511 
75 1.099301 0.000000 0.128955 91.822862 0.000000 -0.263690 0.156849 
76 3.532855 0.000000 1.638667 99.512387 0.000000 16.981561 -0.019109 
77 5.155225 0.000000 1.638667 98.818308 0.000000 16.159746 -0.002620 
78 3.532855 0.000000 3.148379 99.162819 0.000000 18.301904 -0.016822 
79 2.721671 0.000000 -0.625900 95.897440 0.000000 11.905711 0.066193 
80 2.721671 0.000000 -1.380756 95.898807 0.000000 16.282599 0.053830 
81 3.532855 0.000000 -0.625900 97.450961 0.000000 12.785944 0.033983 
82 2.721671 0.000000 0.128955 97.749748 0.000000 0.000000 0.044499 
83 1.099301 0.000000 0.883811 93.589158 0.000000 -0.571505 0.124074 
84 0.288117 0.000000 0.883811 100.565010 0.000000 24.811888 -0.072895 
85 1.910486 0.000000 0.883811 98.690967 0.000000 -0.136597 0.026007 
86 1.099301 0.000000 1.638667 101.976014 0.000000 20.333545 -0.081256 
87 1.504894 0.000000 -0.248473 96.371042 0.000000 -0.288359 0.071254 
88 1.099301 0.000000 -0.248473 95.955595 0.000000 -0.327198 0.079242 
89 1.504894 0.000000 -0.625900 96.343519 0.000000 -0.292419 0.071784 
90 1.910486 0.000000 -0.248473 96.707787 0.000000 -0.262173 0.064754 
91 1.504894 0.000000 0.128955 91.128443 0.000000 -0.200219 0.169557 
92 -17.557946 0.000000 -5.909891 97.803230 0.000000 20.818105 0.000113 
93 -24.047424 0.000000 -5.909891 97.810531 0.000000 20.807453 0.000015 
94 -17.557946 0.000000 -11.948738 97.795042 0.000000 20.806729 0.000321 
95 -17.557946 0.000000 0.128955 97.821600 0.000000 20.823470 -0.000268 
96 -7.823730 0.000000 -2.890468 97.764838 0.000000 20.902147 0.000514 
97 -11.068469 0.000000 -2.890468 97.796728 0.000000 20.858242 0.000073 
98 -7.823730 0.000000 -5.909891 97.734005 0.000000 20.851099 0.001330 
99 -7.823730 0.000000 0.128955 97.842203 0.000000 20.926063 -0.001100 
100 -2.956622 0.000000 -1.380756 97.612565 0.000000 21.218285 0.002157 
101 -4.578991 0.000000 -1.380756 97.738253 0.000000 21.048044 0.000421 
102 -2.956622 0.000000 -2.890468 97.495413 0.000000 21.027003 0.005251 
103 -2.956622 0.000000 0.128955 97.885637 0.000000 21.306482 -0.003556 
104 -0.523068 0.000000 -0.625900 97.515782 0.000000 22.407084 -0.001141 
105 -1.334253 0.000000 -0.625900 97.522179 0.000000 21.770290 0.001548 
106 -0.523068 0.000000 -1.380756 96.693547 0.000000 21.836623 0.017352 
107 -0.523068 0.000000 0.128955 96.948435 0.000000 21.717502 0.012935 
108 0.693709 0.000000 -0.248473 94.073789 0.000000 -0.498954 0.114987 
109 0.288117 0.000000 -0.248473 91.601186 0.000000 23.424573 0.106051 
110 0.693709 0.000000 -0.625900 91.620536 0.000000 22.581188 0.109577 
111 0.693709 0.000000 0.128955 95.908194 0.000000 -0.228967 0.080157 
112 2.721671 0.000000 0.883811 101.222779 0.000000 13.072244 -0.041693 
113 3.532855 0.000000 0.883811 100.984380 0.000000 9.580940 -0.028964 
114 2.721671 0.000000 1.638667 100.448293 0.000000 17.123505 -0.038307 
115 1.504894 0.000000 0.506383 96.364326 0.000000 -0.289518 0.071383 
116 1.099301 0.000000 0.506383 96.007972 0.000000 -0.322513 0.078237 
117 1.910486 0.000000 0.506383 97.243535 0.000000 -0.196967 0.054366 
118 1.504894 0.000000 0.883811 97.061536 0.000000 -0.155392 0.057903 
119 1.302097 0.000000 -0.059759 75.921774 0.000000 -0.146540 0.423586 
120 1.099301 0.000000 -0.059759 81.588494 0.000000 -0.133412 0.334330 
121 1.302097 0.000000 -0.248473 96.129292 0.000000 -0.310057 0.075906 
122 1.504894 0.000000 -0.059759 87.590884 0.000000 -0.136294 0.232782 
123 1.302097 0.000000 0.128955 87.235606 0.000000 -0.252933 0.238989 
124 2.316078 0.000000 -0.248473 98.536225 0.000000 -0.129340 0.029060 
125 2.316078 0.000000 -0.625900 94.317148 0.000000 11.901440 0.096263 
126 2.721671 0.000000 -0.248473 96.213264 0.000000 5.941663 0.070770 
127 2.316078 0.000000 0.128955 97.713208 0.000000 -0.045234 0.045213 
128 1.707690 0.000000 -0.059759 92.734616 0.000000 -0.123678 0.140028 
129 1.707690 0.000000 -0.248473 96.586521 0.000000 -0.270953 0.067097 
130 1.910486 0.000000 -0.059759 95.990709 0.000000 -0.111987 0.078577 
131 1.707690 0.000000 0.128955 94.211423 0.000000 -0.163092 0.112418 
132 2.316078 0.000000 0.506383 98.534746 0.000000 -0.129258 0.029089 
133 2.721671 0.000000 0.506383 101.966206 0.000000 2.604994 -0.040389 
134 2.316078 0.000000 0.883811 102.169919 0.000000 14.481208 -0.064840 
135 2.113282 0.000000 -0.059759 97.194891 0.000000 -0.046442 0.055315 
136 2.113282 0.000000 -0.248473 98.119860 0.000000 -0.133785 0.037248 
137 2.316078 0.000000 -0.059759 97.576805 0.000000 -0.030253 0.047877 
138 2.113282 0.000000 0.128955 97.358796 0.000000 -0.066152 0.052126 
139 21.378918 0.000000 -5.909891 97.878211 0.000000 20.379381 0.000454 
140 21.378918 0.000000 -11.948738 97.825011 0.000000 20.610540 0.000547 
141 27.868396 0.000000 -5.909891 97.871377 0.000000 20.465460 0.000236 
142 21.378918 0.000000 0.128955 98.132724 0.000000 19.244504 -0.000038 
143 11.644702 0.000000 -2.890468 98.000047 0.000000 19.547424 0.001389 
144 11.644702 0.000000 -5.909891 97.854582 0.000000 20.159978 0.001806 
145 14.889441 0.000000 -2.890468 97.992184 0.000000 19.777176 0.000640 
146 11.644702 0.000000 0.128955 98.558223 0.000000 17.148595 -0.000780 
147 6.777594 0.000000 -1.380756 98.330724 0.000000 17.683830 0.001835 
148 6.777594 0.000000 -2.890468 97.903256 0.000000 18.990341 0.005432 
149 8.399963 0.000000 -1.380756 98.260737 0.000000 18.234266 0.001234 
150 6.777594 0.000000 0.128955 99.906942 0.000000 11.922727 -0.012355 
151 4.344040 0.000000 -0.625900 98.193632 0.000000 13.718520 0.016981 
152 4.344040 0.000000 -1.380756 97.658349 0.000000 16.393253 0.019411 
153 5.155225 0.000000 -0.625900 98.704286 0.000000 14.501645 0.004717 
154 4.344040 0.000000 0.128955 98.279324 0.000000 14.447551 0.013244 
155 3.127263 0.000000 -0.248473 97.789632 0.000000 6.604293 0.039357 
156 3.127263 0.000000 -0.625900 96.816697 0.000000 12.300786 0.047522 
157 3.532855 0.000000 -0.248473 99.505664 0.000000 9.285946 0.001239 
158 3.127263 0.000000 0.128955 98.461064 0.000000 -0.000000 0.030542 
159 2.518875 0.000000 -0.059759 97.728081 0.000000 -0.019780 0.044922 
160 2.518875 0.000000 -0.248473 98.757237 0.000000 -0.145396 0.024699 
161 2.721671 0.000000 -0.059759 97.747654 0.000000 0.000000 0.044540 
162 2.518875 0.000000 0.128955 97.817301 0.000000 -0.031171 0.043177 
163 21.378918 0.000000 6.167802 98.420807 0.000000 17.962486 -0.000931 
164 27.868396 0.000000 6.167802 100.064568 0.000000 10.209876 -0.011716 
165 21.378918 0.000000 12.206648 97.963082 0.000000 20.157372 -0.000309 
166 11.644702 0.000000 3.148379 98.590048 0.000000 17.224603 -0.001668 
167 14.889441 0.000000 3.148379 100.852611 0.000000 6.516043 -0.021371 
168 11.644702 0.000000 6.167802 98.215118 0.000000 19.124060 -0.001194 
169 6.777594 0.000000 1.638667 100.239438 0.000000 9.888505 -0.014573 
170 8.399963 0.000000 1.638667 102.242094 0.000000 0.229120 -0.045350 
171 6.777594 0.000000 3.148379 98.535145 0.000000 17.867814 -0.002843 
172 4.344040 0.000000 0.883811 101.070543 0.000000 7.283458 -0.026830 
173 5.155225 0.000000 0.883811 101.042526 0.000000 7.967444 -0.027307 
174 4.344040 0.000000 1.638667 98.905757 0.000000 17.055369 -0.007323 
175 3.127263 0.000000 0.506383 101.460408 0.000000 2.660486 -0.030129 
176 3.532855 0.000000 0.506383 100.892673 0.000000 5.257136 -0.020697 
177 3.127263 0.000000 0.883811 100.959458 0.000000 11.515758 -0.032542 
178 2.924467 0.000000 -0.059759 98.076962 0.000000 -0.000000 0.038091 
179 2.924467 0.000000 -0.248473 97.006716 0.000000 6.089256 0.055262 
180 3.127263 0.000000 -0.059759 98.693520 0.000000 -0.000000 0.025959 
181 2.924467 0.000000 0.128955 98.048922 0.000000 -0.000000 0.038641 
182 3.938448 0.000000 -0.248473 98.689500 0.000000 12.278341 0.010963 
183 3.938448 0.000000 -0.625900 97.902657 0.000000 13.335719 0.023723 
184 4.344040 0.000000 -0.248473 98.431628 0.000000 11.943377 0.016857 
185 3.938448 0.000000 0.128955 97.453891 0.000000 0.000000 0.050274 
186 3.938448 0.000000 0.506383 100.423784 0.000000 8.822329 -0.016277 
187 4.344040 0.000000 0.506383 100.326428 0.000000 10.536509 -0.017641 
188 3.938448 0.000000 0.883811 100.941919 0.000000 8.543334 -0.026226 
189 3.735652 0.000000 -0.059759 98.046550 0.000000 -0.000000 0.038687 
190 3.532855 0.000000 -0.059759 98.624124 0.000000 -0.000000 0.027328 
191 3.735652 0.000000 -0.248473 99.503024 0.000000 11.299714 -0.002854 
192 3.938448 0.000000 -0.059759 97.649710 0.000000 0.000000 0.046453 
193 3.735652 0.000000 0.128955 97.873665 0.000000 -0.000000 0.042075 
194 1.707690 0.000000 0.317669 96.619225 0.000000 -0.268009 0.066465 
195 1.504894 0.000000 0.317669 96.380476 0.000000 -0.287089 0.071072 
196 1.910486 0.000000 0.317669 96.745321 0.000000 -0.259123 0.064028 
197 1.707690 0.000000 0.506383 96.548526 0.000000 -0.274459 0.067831 
198 1.809088 0.000000 0.034598 94.262845 0.000000 -0.107618 0.111450 
199 1.707690 0.000000 0.034598 95.625076 0.000000 -0.113114 0.085583 
200 1.809088 0.000000 -0.059759 94.281429 0.000000 -0.116822 0.111100 
201 1.910486 0.000000 0.034598 95.942387 0.000000 -0.104927 0.079505 
202 1.809088 0.000000 0.128955 95.497597 0.000000 -0.174901 0.088018 
203 1.606292 0.000000 0.034598 93.444914 0.000000 -0.115454 0.126803 
204 1.504894 0.000000 0.034598 91.749689 0.000000 -0.128170 0.158198 
205 1.606292 0.000000 -0.059759 89.645579 0.000000 -0.130373 0.196365 
206 1.606292 0.000000 0.128955 91.153424 0.000000 -0.171108 0.169102 
207 2.113282 0.000000 0.317669 97.943755 0.000000 -0.143351 0.040700 
208 2.316078 0.000000 0.317669 98.429196 0.000000 -0.127895 0.031168 
209 2.113282 0.000000 0.506383 98.110249 0.000000 -0.133828 0.037436 
210 1.809088 0.000000 0.223312 96.731609 0.000000 -0.259473 0.064293 
211 1.707690 0.000000 0.223312 96.648817 0.000000 -0.265343 0.065894 
212 1.910486 0.000000 0.223312 96.778864 0.000000 -0.256421 0.063379 
213 1.809088 0.000000 0.317669 96.697718 0.000000 -0.262319 0.064948 
214 1.758389 0.000000 0.081777 95.623830 0.000000 -0.135764 0.085606 
215 1.707690 0.000000 0.081777 94.915046 0.000000 -0.126012 0.099112 
216 1.758389 0.000000 0.034598 96.641966 0.000000 -0.123932 0.066032 
217 1.809088 0.000000 0.081777 94.400261 0.000000 -0.126329 0.108857 
218 1.758389 0.000000 0.128955 94.364968 0.000000 -0.158481 0.109523 
219 -4.578991 0.000000 -17.987584 97.762592 0.000000 20.769866 0.001109 
220 -11.068469 0.000000 -17.987584 97.780721 0.000000 20.791308 0.000665 
221 -4.578991 0.000000 -24.026431 97.783381 0.000000 20.774534 0.000683 
222 1.910486 0.000000 -17.987584 97.756537 0.000000 20.731053 0.001388 
223 -1.334253 0.000000 -8.929314 97.606291 0.000000 20.699192 0.004456 
224 -4.578991 0.000000 -8.929314 97.676378 0.000000 20.787915 0.002719 
225 -1.334253 0.000000 -11.948738 97.693745 0.000000 20.719601 0.002663 
226 1.910486 0.000000 -8.929314 97.596499 0.000000 20.549282 0.005265 
227 0.288117 0.000000 -4.400180 97.078949 0.000000 20.488842 0.015589 
228 -1.334253 0.000000 -4.400180 97.291572 0.000000 20.788012 0.010221 
229 0.288117 0.000000 -5.909891 97.351307 0.000000 20.541236 0.010078 
230 1.910486 0.000000 -4.400180 97.060847 0.000000 20.029816 0.017800 
231 1.099301 0.000000 -2.135612 95.502520 0.000000 19.941329 0.048161 
232 0.288117 0.000000 -2.135612 95.992498 0.000000 20.890025 0.034905 
233 1.099301 0.000000 -2.890468 96.313115 0.000000 20.047605 0.032188 
234 1.910486 0.000000 -2.135612 95.687196 0.000000 18.816648 0.048989 
235 1.504894 0.000000 -1.003328 92.259725 0.000000 17.548306 0.118020 
236 1.099301 0.000000 -1.003328 92.230074 0.000000 19.836969 0.110011 
237 1.504894 0.000000 -1.380756 93.852283 0.000000 18.471491 0.085055 
238 1.910486 0.000000 -1.003328 93.346714 0.000000 15.764438 0.103787 
239 1.707690 0.000000 -0.437187 96.517236 0.000000 -0.277322 0.068435 
240 1.504894 0.000000 -0.437187 96.355178 0.000000 -0.290702 0.071560 
241 1.707690 0.000000 -0.625900 97.601783 0.000000 -0.162030 0.047387 
242 1.910486 0.000000 -0.437187 97.676952 0.000000 -0.159140 0.045919 
243 1.809088 0.000000 -0.154116 96.315703 0.000000 -0.212111 0.072324 
244 1.707690 0.000000 -0.154116 94.823141 0.000000 -0.219328 0.100852 
245 1.809088 0.000000 -0.248473 96.660279 0.000000 -0.265482 0.065672 
246 1.910486 0.000000 -0.154116 96.341553 0.000000 -0.207924 0.071826 
247 1.758389 0.000000 -0.012580 93.213683 0.000000 -0.105567 0.131120 
248 1.707690 0.000000 -0.012580 92.167015 0.000000 -0.109169 0.150523 
249 1.758389 0.000000 -0.059759 93.790781 0.000000 -0.134021 0.120327 
250 1.809088 0.000000 -0.012580 94.342867 0.000000 -0.092383 0.109941 
251 2.011884 0.000000 0.034598 96.565318 0.000000 -0.058666 0.067514 
252 2.011884 0.000000 -0.059759 96.543005 0.000000 -0.072049 0.067944 
253 2.113282 0.000000 0.034598 97.165715 0.000000 -0.043450 0.055882 
254 2.011884 0.000000 0.128955 97.147351 0.000000 -0.140907 0.056237 
255 1.859787 0.000000 0.081777 95.379501 0.000000 -0.120809 0.090274 
256 1.859787 0.000000 0.034598 95.266540 0.000000 -0.085781 0.092428 
257 1.910486 0.000000 0.081777 96.063267 0.000000 -0.120316 0.077183 
258 1.859787 0.000000 0.128955 96.318255 0.000000 -0.199805 0.072275 
259 1.783738 0.000000 0.058188 97.374383 0.000000 -0.133199 0.051821 
260 1.758389 0.000000 0.058188 97.068747 0.000000 -0.130324 0.057764 
261 1.783738 0.000000 0.034598 96.223833 0.000000 -0.123691 0.074096 
262 1.809088 0.000000 0.058188 97.610819 0.000000 -0.139608 0.047211 
263 1.783738 0.000000 0.081777 94.177444 0.000000 -0.140781 0.113059 
264 1.859787 0.000000 -0.012580 95.062169 0.000000 -0.056893 0.096318 
265 1.859787 0.000000 -0.059759 95.272854 0.000000 -0.109091 0.092307 
266 1.910486 0.000000 -0.012580 95.895842 0.000000 -0.100023 0.080398 
267 1.783738 0.000000 0.011009 93.984389 0.000000 -0.109823 0.116692 
268 1.758389 0.000000 0.011009 93.221121 0.000000 -0.105686 0.130981 
269 1.783738 0.000000 -0.012580 93.977688 0.000000 -0.109755 0.116818 
270 1.809088 0.000000 0.011009 94.348721 0.000000 -0.092321 0.109831 
271 1.834437 0.000000 0.058188 94.578139 0.000000 -0.103160 0.105496 
272 1.834437 0.000000 0.034598 94.547314 0.000000 -0.089612 0.106080 
273 1.859787 0.000000 0.058188 95.291893 0.000000 -0.109152 0.091944 
274 1.834437 0.000000 0.081777 94.530043 0.000000 -0.124984 0.106406 
275 1.796413 0.000000 0.046393 97.942282 0.000000 -0.137494 0.040729 
276 1.783738 0.000000 0.046393 97.525347 0.000000 -0.132646 0.048879 
277 1.796413 0.000000 0.034598 96.940822 0.000000 -0.128952 0.060246 
278 1.809088 0.000000 0.046393 97.860821 0.000000 -0.140732 0.042324 
279 1.796413 0.000000 0.058188 97.502937 0.000000 -0.135178 0.049316 
280 -17.557946 0.000000 6.167802 97.839055 0.000000 20.816152 -0.000579 
281 -24.047424 0.000000 6.167802 97.826337 0.000000 20.806599 -0.000291 
282 -17.557946 0.000000 12.206648 97.845122 0.000000 20.803646 -0.000646 
283 -7.823730 0.000000 3.148379 97.916210 0.000000 20.894294 -0.002416 
284 -11.068469 0.000000 3.148379 97.862215 0.000000 20.854938 -0.001194 
285 -7.823730 0.000000 6.167802 97.940329 0.000000 20.840709 -0.002664 
286 -2.956622 0.000000 1.638667 98.163120 0.000000 21.206398 -0.008571 
287 -4.578991 0.000000 1.638667 97.994752 0.000000 21.038759 -0.004560 
288 -2.956622 0.000000 3.148379 98.275876 0.000000 21.004693 -0.009934 
289 -0.523068 0.000000 0.883811 98.412217 0.000000 22.851949 -0.020718 
290 -1.334253 0.000000 0.883811 98.254944 0.000000 21.852219 -0.013155 
291 -0.523068 0.000000 1.638667 99.232168 0.000000 21.857049 -0.032475 
292 0.693709 0.000000 0.506383 94.082574 0.000000 -0.497495 0.114822 
293 0.288117 0.000000 0.506383 100.363608 0.000000 25.639652 -0.073025 
294 0.693709 0.000000 0.883811 102.994009 0.000000 24.671025 -0.121643 
295 1.302097 0.000000 0.317669 96.109371 0.000000 -0.311473 0.076289 
296 1.099301 0.000000 0.317669 95.920204 0.000000 -0.330377 0.079921 
297 1.302097 0.000000 0.506383 96.160735 0.000000 -0.307711 0.075302 
298 1.606292 0.000000 0.223312 96.531102 0.000000 -0.274307 0.068167 
299 1.504894 0.000000 0.223312 96.387348 0.000000 -0.286035 0.070940 
300 1.606292 0.000000 0.317669 96.510878 0.000000 -0.276376 0.068557 
301 1.656991 0.000000 0.081777 93.744546 0.000000 -0.124732 0.121194 
302 1.606292 0.000000 0.081777 93.425617 0.000000 -0.126438 0.127164 
303 1.656991 0.000000 0.034598 93.725934 0.000000 -0.103986 0.121544 
304 1.656991 0.000000 0.128955 94.613050 0.000000 -0.214135 0.104832 
305 1.403496 0.000000 0.034598 87.473716 0.000000 -0.162444 0.234832 
306 1.302097 0.000000 0.034598 82.364522 0.000000 -0.204071 0.321604 
307 1.403496 0.000000 -0.059759 81.404353 0.000000 -0.144074 0.337331 
308 1.403496 0.000000 0.128955 84.525503 0.000000 -0.188307 0.285540 
309 1.403496 0.000000 0.223312 96.233102 0.000000 -0.299508 0.073910 
310 1.302097 0.000000 0.223312 96.087203 0.000000 -0.313105 0.076715 
311 1.403496 0.000000 0.317669 96.241325 0.000000 -0.299247 0.073752 
312 1.454195 0.000000 0.081777 90.273235 0.000000 -0.146889 0.185072 
313 1.403496 0.000000 0.081777 87.955226 0.000000 -0.171200 0.226385 
314 1.454195 0.000000 0.034598 88.312232 0.000000 -0.125629 0.220093 
315 1.504894 0.000000 0.081777 91.981605 0.000000 -0.141590 0.153936 
316 1.454195 0.000000 0.128955 92.419137 0.000000 -0.235190 0.145865 
317 0.896505 0.000000 -0.059759 92.013276 0.000000 -0.136239 0.153354 
318 0.693709 0.000000 -0.059759 96.327740 0.000000 -0.120727 0.072095 
319 0.896505 0.000000 -0.248473 94.845347 0.000000 -0.412391 0.100419 
320 0.896505 0.000000 0.128955 95.101471 0.000000 -0.233772 0.095566 
321 1.200699 0.000000 0.034598 86.058186 0.000000 -0.381259 0.259384 
322 1.099301 0.000000 0.034598 81.013180 0.000000 -0.120227 0.343685 
323 1.200699 0.000000 -0.059759 76.836280 0.000000 -0.151846 0.409616 
324 1.200699 0.000000 0.128955 83.117371 0.000000 -0.199846 0.309146 
325 0.896505 0.000000 0.317669 95.041084 0.000000 -0.395677 0.096704 
326 0.693709 0.000000 0.317669 94.334510 0.000000 -0.466621 0.110078 
327 0.896505 0.000000 0.506383 94.873042 0.000000 -0.408904 0.099894 
328 1.200699 0.000000 0.223312 95.967147 0.000000 -0.324978 0.079020 
329 1.099301 0.000000 0.223312 95.883712 0.000000 -0.333707 0.080620 
330 1.200699 0.000000 0.317669 95.999275 0.000000 -0.322241 0.078404 
331 1.251398 0.000000 0.081777 82.260322 0.000000 -0.240045 0.323318 
332 1.200699 0.000000 0.081777 78.185534 0.000000 -0.164109 0.388700 
333 1.251398 0.000000 0.034598 81.005167 0.000000 -0.234685 0.343811 
334 1.302097 0.000000 0.081777 83.622068 0.000000 -0.212174 0.300730 
335 1.251398 0.000000 0.128955 86.847924 0.000000 -0.255912 0.245737 
336 0.997903 0.000000 0.034598 89.041683 0.000000 -0.131233 0.207156 
337 0.896505 0.000000 0.034598 92.357680 0.000000 -0.118600 0.147004 
338 0.997903 0.000000 -0.059759 88.949527 0.000000 -0.147866 0.208796 
339 0.997903 0.000000 0.128955 91.515188 0.000000 -0.196929 0.162493 
340 1.150000 0.000000 0.081777 81.706665 0.000000 -0.180070 0.332399 
341 1.099301 0.000000 0.081777 81.932743 0.000000 -0.162639 0.328700 
342 1.150000 0.000000 0.034598 79.781090 0.000000 -0.146724 0.363496 
343 1.150000 0.000000 0.128955 83.463413 0.000000 -0.200291 0.303382 
344 1.302097 0.000000 -0.437187 96.178283 0.000000 -0.306482 0.074964 
345 1.099301 0.000000 -0.437187 95.579114 0.000000 -0.349255 0.086451 
346 1.302097 0.000000 -0.625900 95.726580 0.000000 -0.334252 0.083631 
347 1.200699 0.000000 -0.154116 87.927154 0.000000 -0.265338 0.226875 
348 1.099301 0.000000 -0.154116 92.180944 0.000000 -0.265578 0.150260 
349 1.200699 0.000000 -0.248473 96.029552 0.000000 -0.319709 0.077822 
350 1.302097 0.000000 -0.154116 87.874520 0.000000 -0.255363 0.227800 
351 1.150000 0.000000 -0.012580 79.363715 0.000000 -0.141110 0.370138 
352 1.099301 0.000000 -0.012580 80.380948 0.000000 -0.103688 0.353889 
353 1.150000 0.000000 -0.059759 80.294118 0.000000 -0.152497 0.355283 
354 1.200699 0.000000 -0.012580 75.157690 0.000000 -0.139308 0.435130 
355 1.175350 0.000000 0.058188 89.534052 0.000000 -0.512512 0.198339 
356 1.150000 0.000000 0.058188 80.437187 0.000000 -0.155004 0.352983 
357 1.175350 0.000000 0.034598 84.159718 0.000000 -0.348420 0.291702 
358 1.200699 0.000000 0.058188 87.621394 0.000000 -0.412658 0.232232 
359 1.175350 0.000000 0.081777 81.257247 0.000000 -0.180094 0.339723 
360 0.997903 0.000000 0.223312 95.837756 0.000000 -0.338849 0.081501 
361 0.896505 0.000000 0.223312 95.213209 0.000000 -0.382715 0.093430 
362 0.997903 0.000000 0.317669 95.742134 0.000000 -0.343872 0.083333 
363 1.048602 0.000000 0.081777 88.739532 0.000000 -0.161305 0.212527 
364 0.997903 0.000000 0.081777 90.719323 0.000000 -0.175931 0.176997 
365 1.048602 0.000000 0.034598 84.683046 0.000000 -0.117339 0.282877 
366 1.048602 0.000000 0.128955 91.662926 0.000000 -0.263581 0.159784 
367 1.124651 0.000000 0.058188 80.885432 0.000000 -0.152377 0.345752 
368 1.099301 0.000000 0.058188 81.688434 0.000000 -0.135418 0.332698 
369 1.124651 0.000000 0.034598 80.289146 0.000000 -0.141568 0.355363 
370 1.124651 0.000000 0.081777 81.587660 0.000000 -0.163392 0.334343 
371 1.251398 0.000000 -0.012580 66.828101 0.000000 -0.090687 0.553400 
372 1.251398 0.000000 -0.059759 74.163763 0.000000 -0.133220 0.449972 
373 1.302097 0.000000 -0.012580 71.158607 0.000000 -0.111953 0.493644 
374 1.175350 0.000000 0.011009 76.519599 0.000000 -0.132968 0.414473 
375 1.150000 0.000000 0.011009 79.388506 0.000000 -0.141544 0.369745 
376 1.175350 0.000000 -0.012580 76.490865 0.000000 -0.132518 0.414913 
377 1.200699 0.000000 0.011009 75.181885 0.000000 -0.139713 0.434766 
378 1.162675 0.000000 0.046393 90.363358 0.000000 -0.563132 0.183415 
379 1.150000 0.000000 0.046393 90.509835 0.000000 -0.603134 0.180761 
380 1.162675 0.000000 0.034598 86.170672 0.000000 -0.411463 0.257445 
381 1.175350 0.000000 0.046393 88.976170 0.000000 -0.515290 0.208298 
382 1.162675 0.000000 0.058188 88.883802 0.000000 -0.511009 0.209941 
383 3.330059 0.000000 -0.059759 99.155805 0.000000 -0.000000 0.016813 
384 3.330059 0.000000 -0.248473 98.582265 0.000000 7.630077 0.022332 
385 3.330059 0.000000 0.128955 99.202819 0.000000 -0.000000 0.015880 
386 3.735652 0.000000 0.317669 98.963141 0.000000 8.102576 0.014064 
387 3.532855 0.000000 0.317669 99.152185 0.000000 6.240506 0.012990 
388 3.938448 0.000000 0.317669 99.391439 0.000000 9.461890 0.003181 
389 3.735652 0.000000 0.506383 100.545590 0.000000 7.298757 -0.016269 
390 3.634253 0.000000 0.034598 98.385813 0.000000 -0.000000 0.032023 
391 3.532855 0.000000 0.034598 98.657430 0.000000 -0.000000 0.026671 
392 3.634253 0.000000 -0.059759 98.388180 0.000000 -0.000000 0.031977 
393 3.735652 0.000000 0.034598 98.053749 0.000000 -0.000000 0.038546 
394 3.634253 0.000000 0.128955 98.442151 0.000000 -0.000000 0.030914 
395 3.330059 0.000000 0.317669 99.756373 0.000000 4.745759 0.002614 
396 3.127263 0.000000 0.317669 100.103862 0.000000 3.554624 -0.003342 
397 3.330059 0.000000 0.506383 101.304768 0.000000 3.440536 -0.027449 
398 3.431457 0.000000 0.034598 98.955039 0.000000 -0.000000 0.020790 
399 3.330059 0.000000 0.034598 99.157862 0.000000 -0.000000 0.016772 
400 3.431457 0.000000 -0.059759 98.921633 0.000000 0.000000 0.021451 
401 3.431457 0.000000 0.128955 99.023827 0.000000 -0.000000 0.019428 
402 8.399963 0.000000 -17.987584 97.773207 0.000000 20.698723 0.001196 
403 8.399963 0.000000 -24.026431 97.787813 0.000000 20.742115 0.000731 
404 14.889441 0.000000 -17.987584 97.795221 0.000000 20.689634 0.000803 
405 5.155225 0.000000 -8.929314 97.662835 0.000000 20.435129 0.004438 
406 5.155225 0.000000 -11.948738 97.717546 0.000000 20.596146 0.002708 
407 8.399963 0.000000 -8.929314 97.744649 0.000000 20.409022 0.002946 
408 3.532855 0.000000 -4.400180 97.292656 0.000000 19.689682 0.014646 
409 3.532855 0.000000 -5.909891 97.452878 0.000000 20.130221 0.009771 
410 5.155225 0.000000 -4.400180 97.566204 0.000000 19.596907 0.009680 
411 4.344040 0.000000 -2.135612 97.443144 0.000000 17.830541 0.018691 
412 3.532855 0.000000 -2.135612 96.943742 0.000000 17.806009 0.028486 
413 4.344040 0.000000 -2.890468 97.378022 0.000000 18.670666 0.016893 
414 5.155225 0.000000 -2.135612 97.780874 0.000000 17.992322 0.011518 
415 3.938448 0.000000 -1.003328 97.530259 0.000000 15.013608 0.026244 
416 3.532855 0.000000 -1.003328 97.090619 0.000000 14.835776 0.035331 
417 3.938448 0.000000 -1.380756 97.338473 0.000000 16.239129 0.026151 
418 4.344040 0.000000 -1.003328 97.873055 0.000000 15.267120 0.018778 
419 3.735652 0.000000 -0.437187 98.232086 0.000000 12.018780 0.020601 
420 3.532855 0.000000 -0.437187 97.991780 0.000000 11.313733 0.026961 
421 3.735652 0.000000 -0.625900 97.710747 0.000000 13.091050 0.028123 
422 3.938448 0.000000 -0.437187 98.229753 0.000000 12.469218 0.019543 
423 3.634253 0.000000 -0.154116 98.397903 0.000000 -0.000000 0.031785 
424 3.532855 0.000000 -0.154116 98.515141 0.000000 -0.000000 0.029477 
425 3.634253 0.000000 -0.248473 99.686359 0.000000 10.377803 -0.004507 
426 3.735652 0.000000 -0.154116 100.838992 0.000000 11.073747 -0.029113 
427 3.583554 0.000000 -0.012580 98.438083 0.000000 -0.000000 0.030994 
428 3.532855 0.000000 -0.012580 98.602134 0.000000 -0.000000 0.027762 
429 3.583554 0.000000 -0.059759 98.475599 0.000000 -0.000000 0.030256 
430 3.634253 0.000000 -0.012580 98.357494 0.000000 -0.000000 0.032580 
431 3.583554 0.000000 0.034598 98.464044 0.000000 -0.000000 0.030483 
432 5.966409 0.000000 -0.625900 98.935632 0.000000 15.451901 -0.002702 
433 5.966409 0.000000 -1.380756 98.292322 0.000000 17.258911 0.004075 
434 6.777594 0.000000 -0.625900 98.800865 0.000000 16.316646 -0.002784 
435 5.966409 0.000000 0.128955 100.389933 0.000000 7.954017 -0.014141 
436 4.749632 0.000000 -0.248473 98.852285 0.000000 12.078733 0.008233 
437 4.749632 0.000000 -0.625900 98.478013 0.000000 14.086972 0.010364 
438 5.155225 0.000000 -0.248473 99.154260 0.000000 12.450447 0.001342 
439 4.749632 0.000000 0.128955 97.874702 0.000000 17.541563 0.011284 
440 4.141244 0.000000 -0.059759 97.744711 0.000000 13.385373 0.026680 
441 4.141244 0.000000 -0.248473 98.314048 0.000000 12.143527 0.018688 
442 4.344040 0.000000 -0.059759 98.079282 0.000000 12.329861 0.022843 
443 4.141244 0.000000 0.128955 98.556936 0.000000 10.851525 0.016877 
444 3.837050 0.000000 0.034598 97.685140 0.000000 0.000000 0.045761 
445 3.837050 0.000000 -0.059759 97.665011 0.000000 0.000000 0.046155 
446 3.938448 0.000000 0.034598 97.650728 0.000000 0.000000 0.046434 
447 3.837050 0.000000 0.128955 97.649425 0.000000 0.000000 0.046459 
448 3.684952 0.000000 -0.012580 98.226561 0.000000 -0.000000 0.035154 
449 3.684952 0.000000 -0.059759 98.173981 0.000000 -0.000000 0.036187 
450 3.735652 0.000000 -0.012580 98.058644 0.000000 -0.000000 0.038450 
451 3.684952 0.000000 0.034598 98.190071 0.000000 -0.000000 0.035871 
452 3.634253 0.000000 0.223312 97.639408 0.000000 4.737445 0.044410 
453 3.532855 0.000000 0.223312 97.940808 0.000000 3.424535 0.039587 
454 3.735652 0.000000 0.223312 97.796806 0.000000 5.995125 0.039984 
455 3.634253 0.000000 0.317669 98.951282 0.000000 7.186014 0.015700 
456 3.583554 0.000000 0.081777 98.495407 0.000000 -0.000000 0.029865 
457 3.532855 0.000000 0.081777 98.627572 0.000000 -0.000000 0.027260 
458 3.634253 0.000000 0.081777 98.420502 0.000000 -0.000000 0.031340 
459 3.583554 0.000000 0.128955 98.502081 0.000000 -0.000000 0.029734 
460 3.608904 0.000000 0.011009 98.396338 0.000000 -0.000000 0.031816 
461 3.583554 0.000000 0.011009 98.428244 0.000000 0.000000 0.031188 
462 3.608904 0.000000 -0.012580 98.396697 0.000000 -0.000000 0.031809 
463 3.634253 0.000000 0.011009 98.357504 0.000000 -0.000000 0.032580 
464 3.608904 0.000000 0.034598 98.403997 0.000000 -0.000000 0.031665 
465 2.721671 0.000000 -2.135612 96.319485 0.000000 18.078065 0.039574 
466 2.721671 0.000000 -2.890468 96.689969 0.000000 18.975228 0.029099 
467 3.127263 0.000000 -1.003328 96.540177 0.000000 14.710095 0.046361 
468 2.721671 0.000000 -1.003328 95.785279 0.000000 14.643296 0.061075 
469 3.127263 0.000000 -1.380756 96.478694 0.000000 16.156278 0.043084 
470 3.330059 0.000000 -0.437187 97.576474 0.000000 10.703930 0.036426 
471 3.127263 0.000000 -0.437187 97.169033 0.000000 10.208928 0.045396 
472 3.330059 0.000000 -0.625900 97.151236 0.000000 12.517619 0.040495 
473 3.431457 0.000000 -0.154116 99.007745 0.000000 0.000000 0.019747 
474 3.330059 0.000000 -0.154116 99.235816 0.000000 -0.000000 0.015225 
475 3.431457 0.000000 -0.248473 99.034490 0.000000 8.345629 0.012252 
476 3.482156 0.000000 -0.012580 98.726364 0.000000 -0.000000 0.025310 
477 3.431457 0.000000 -0.012580 98.958878 0.000000 -0.000000 0.020714 
478 3.482156 0.000000 -0.059759 98.801050 0.000000 0.000000 0.023835 
479 3.482156 0.000000 0.034598 98.799112 0.000000 0.000000 0.023874 
480 3.558205 0.000000 0.011009 98.499042 0.000000 -0.000000 0.029794 
481 3.532855 0.000000 0.011009 98.599018 0.000000 -0.000000 0.027823 
482 3.558205 0.000000 -0.012580 98.499855 0.000000 -0.000000 0.029778 
483 3.558205 0.000000 0.034598 98.514968 0.000000 -0.000000 0.029480 
484 3.583554 0.000000 -0.106937 98.499820 0.000000 -0.000000 0.029779 
485 3.532855 0.000000 -0.106937 98.631565 0.000000 -0.000000 0.027181 
486 3.583554 0.000000 -0.154116 98.453766 0.000000 -0.000000 0.030686 
487 3.634253 0.000000 -0.106937 98.458106 0.000000 -0.000000 0.030600 
488 3.558205 0.000000 -0.036169 98.515468 0.000000 -0.000000 0.029470 
489 3.532855 0.000000 -0.036169 98.657665 0.000000 -0.000000 0.026667 
490 3.558205 0.000000 -0.059759 98.598252 0.000000 -0.000000 0.027838 
491 3.583554 0.000000 -0.036169 98.464770 0.000000 -0.000000 0.030469 
492 3.570880 0.000000 -0.000786 98.450298 0.000000 0.000000 0.030754 
493 3.558205 0.000000 -0.000786 98.484231 0.000000 0.000000 0.030086 
494 3.570880 0.000000 -0.012580 98.462013 0.000000 0.000000 0.030523 
495 3.583554 0.000000 -0.000786 98.422097 0.000000 0.000000 0.031309 
496 3.570880 0.000000 0.011009 98.461184 0.000000 0.000000 0.030540 
497 3.228661 0.000000 0.034598 99.059888 0.000000 -0.000000 0.018714 
498 3.127263 0.000000 0.034598 98.750583 0.000000 -0.000000 0.024832 
499 3.228661 0.000000 -0.059759 99.101595 0.000000 -0.000000 0.017887 
500 3.228661 0.000000 0.128955 99.207083 0.000000 -0.000000 0.015795 
501 3.380758 0.000000 -0.012580 99.158088 0.000000 -0.000000 0.016767 
502 3.330059 0.000000 -0.012580 99.196177 0.000000 -0.000000 0.016012 
503 3.380758 0.000000 -0.059759 99.080662 0.000000 -0.000000 0.018302 
504 3.380758 0.000000 0.034598 99.084097 0.000000 -0.000000 0.018234 
505 3.431457 0.000000 0.223312 98.562257 0.000000 2.445791 0.027950 
506 3.330059 0.000000 0.223312 99.033991 0.000000 1.786380 0.018908 
507 3.431457 0.000000 0.317669 99.472657 0.000000 5.419983 0.007581 
508 3.482156 0.000000 0.081777 98.778267 0.000000 -0.000000 0.024285 
509 3.431457 0.000000 0.081777 98.949967 0.000000 0.000000 0.020890 
510 3.482156 0.000000 0.128955 98.712290 0.000000 -0.000000 0.025588 
511 3.456807 0.000000 0.011009 98.826473 0.000000 0.000000 0.023333 
512 3.431457 0.000000 0.011009 98.966272 0.000000 -0.000000 0.020568 
513 3.456807 0.000000 -0.012580 98.832828 0.000000 0.000000 0.023207 
514 3.482156 0.000000 0.011009 98.724044 0.000000 -0.000000 0.025356 
515 3.456807 0.000000 0.034598 98.812542 0.000000 -0.000000 0.023608 
516 3.228661 0.000000 -0.154116 99.241405 0.000000 -0.000000 0.015114 
517 3.127263 0.000000 -0.154116 98.241533 0.000000 -0.000000 0.034860 
518 3.228661 0.000000 -0.248473 98.178399 0.000000 7.041262 0.031142 
519 3.279360 0.000000 -0.012580 99.150008 0.000000 -0.000000 0.016928 
520 3.228661 0.000000 -0.012580 99.063768 0.000000 -0.000000 0.018637 
521 3.279360 0.000000 -0.059759 99.182445 0.000000 -0.000000 0.016284 
522 3.279360 0.000000 0.034598 99.149587 0.000000 -0.000000 0.016936 
523 3.380758 0.000000 0.081777 99.098905 0.000000 -0.000000 0.017941 
524 3.330059 0.000000 0.081777 99.159379 0.000000 -0.000000 0.016742 
525 3.380758 0.000000 0.128955 99.140915 0.000000 -0.000000 0.017108 
526 3.355409 0.000000 0.011009 99.178704 0.000000 -0.000000 0.016358 
527 3.330059 0.000000 0.011009 99.198870 0.000000 -0.000000 0.015958 
528 3.355409 0.000000 -0.012580 99.175467 0.000000 -0.000000 0.016423 
529 3.380758 0.000000 0.011009 99.160224 0.000000 -0.000000 0.016725 
530 3.355409 0.000000 0.034598 99.127252 0.000000 -0.000000 0.017379 
531 2.924467 0.000000 0.317669 100.416866 0.000000 2.422243 -0.008941 
532 2.721671 0.000000 0.317669 100.929468 0.000000 1.357214 -0.018860 
533 2.924467 0.000000 0.506383 101.600292 0.000000 2.614660 -0.032946 
534 3.228661 0.000000 0.223312 99.343816 0.000000 1.228372 0.012930 
535 3.127263 0.000000 0.223312 99.534894 0.000000 0.728599 0.009227 
536 3.228661 0.000000 0.317669 99.960199 0.000000 4.130836 -0.000911 
537 3.279360 0.000000 0.081777 99.198955 0.000000 -0.000000 0.015957 
538 3.228661 0.000000 0.081777 99.102114 0.000000 -0.000000 0.017877 
539 3.279360 0.000000 0.128955 99.240692 0.000000 -0.000000 0.015129 
540 3.304710 0.000000 0.011009 99.193980 0.000000 -0.000000 0.016055 
541 3.279360 0.000000 0.011009 99.150023 0.000000 -0.000000 0.016927 
542 3.304710 0.000000 -0.012580 99.192233 0.000000 -0.000000 0.016090 
543 3.304710 0.000000 0.034598 99.184714 0.000000 -0.000000 0.016239 
544 3.025865 0.000000 0.034598 98.274779 0.000000 -0.000000 0.034207 
545 2.924467 0.000000 0.034598 98.065356 0.000000 -0.000000 0.038319 
546 3.025865 0.000000 -0.059759 98.284178 0.000000 -0.000000 0.034022 
547 3.025865 0.000000 0.128955 98.239225 0.000000 -0.000000 0.034905 
548 3.177962 0.000000 -0.012580 99.008986 0.000000 -0.000000 0.019722 
549 3.127263 0.000000 -0.012580 98.750354 0.000000 -0.000000 0.024837 
550 3.177962 0.000000 -0.059759 98.942132 0.000000 -0.000000 0.021045 
551 3.177962 0.000000 0.034598 99.002720 0.000000 -0.000000 0.019846 
552 3.254011 0.000000 0.011009 99.119806 0.000000 -0.000000 0.017526 
553 3.228661 0.000000 0.011009 99.064003 0.000000 -0.000000 0.018632 
554 3.254011 0.000000 -0.012580 99.119815 0.000000 -0.000000 0.017526 
555 3.254011 0.000000 0.034598 99.119860 0.000000 -0.000000 0.017525 
556 3.279360 0.000000 -0.106937 99.200546 0.000000 -0.000000 0.015925 
557 3.228661 0.000000 -0.106937 99.204154 0.000000 -0.000000 0.015854 
558 3.279360 0.000000 -0.154116 99.242469 0.000000 -0.000000 0.015093 
559 3.330059 0.000000 -0.106937 99.193814 0.000000 -0.000000 0.016059 
560 3.304710 0.000000 -0.036169 99.184725 0.000000 -0.000000 0.016239 
561 3.279360 0.000000 -0.036169 99.149541 0.000000 -0.000000 0.016937 
562 3.304710 0.000000 -0.059759 99.184798 0.000000 -0.000000 0.016238 
563 3.330059 0.000000 -0.036169 99.157757 0.000000 -0.000000 0.016774 
564 3.292035 0.000000 -0.000786 99.222534 0.000000 0.000000 0.015489 
565 3.279360 0.000000 -0.000786 99.215885 0.000000 -0.000000 0.015621 
566 3.292035 0.000000 -0.012580 99.153268 0.000000 -0.000000 0.016863 
567 3.304710 0.000000 -0.000786 99.220263 0.000000 -0.000000 0.015534 
568 3.292035 0.000000 0.011009 99.153293 0.000000 -0.000000 0.016862 
569 3.254011 0.000000 -0.036169 99.119851 0.000000 -0.000000 0.017526 
570 3.228661 0.000000 -0.036169 99.059618 0.000000 -0.000000 0.018719 
571 3.254011 0.000000 -0.059759 99.153363 0.000000 -0.000000 0.016861 
572 3.266685 0.000000 -0.000786 99.155858 0.000000 -0.000000 0.016812 
573 3.254011 0.000000 -0.000786 99.119774 0.000000 -0.000000 0.017527 
574 3.266685 0.000000 -0.012580 99.155967 0.000000 -0.000000 0.016809 
575 3.266685 0.000000 0.011009 99.155942 0.000000 -0.000000 0.016810 
576 3.304710 0.000000 0.058188 99.184800 0.000000 -0.000000 0.016238 
577 3.279360 0.000000 0.058188 99.148707 0.000000 -0.000000 0.016953 
578 3.330059 0.000000 0.058188 99.155952 0.000000 -0.000000 0.016810 
579 3.304710 0.000000 0.081777 99.184667 0.000000 -0.000000 0.016240 
580 3.292035 0.000000 0.022804 99.153023 0.000000 -0.000000 0.016868 
581 3.279360 0.000000 0.022804 99.149862 0.000000 -0.000000 0.016930 
582 3.304710 0.000000 0.022804 99.160076 0.000000 -0.000000 0.016728 
583 3.292035 0.000000 0.034598 99.152581 0.000000 -0.000000 0.016877 
584 3.285698 0.000000 0.005112 99.206893 0.000000 0.000000 0.015799 
585 3.279360 0.000000 0.005112 99.150061 0.000000 -0.000000 0.016927 
586 3.285698 0.000000 -0.000786 99.222988 0.000000 0.000000 0.015480 
587 3.292035 0.000000 0.005112 99.216754 0.000000 0.000000 0.015604 
588 3.285698 0.000000 0.011009 99.151749 0.000000 -0.000000 0.016893 
589 2.518875 0.000000 0.317669 98.734473 0.000000 -0.141381 0.025148 
590 2.518875 0.000000 0.506383 102.619976 0.000000 2.126058 -0.053538 
591 2.620273 0.000000 0.034598 97.667338 0.000000 -0.002870 0.046109 
592 2.518875 0.000000 0.034598 97.714048 0.000000 -0.018264 0.045196 
593 2.620273 0.000000 -0.059759 97.646236 0.000000 0.000000 0.046521 
594 2.721671 0.000000 0.034598 97.753085 0.000000 0.000000 0.044433 
595 2.620273 0.000000 0.128955 97.779133 0.000000 -0.017944 0.043924 
596 5.966409 0.000000 0.883811 102.583414 0.000000 4.861785 -0.054699 
597 6.777594 0.000000 0.883811 100.816124 0.000000 10.335173 -0.027071 
598 5.966409 0.000000 1.638667 99.466017 0.000000 13.067554 -0.006425 
599 -17.557946 0.000000 -17.987584 97.795118 0.000000 20.797796 0.000357 
600 -24.047424 0.000000 -17.987584 97.803519 0.000000 20.798423 0.000190 
601 -17.557946 0.000000 -24.026431 97.798118 0.000000 20.792779 0.000319 
602 21.378918 0.000000 -17.987584 97.809746 0.000000 20.694493 0.000499 
603 21.378918 0.000000 -24.026431 97.806037 0.000000 20.733463 0.000410 
604 27.868396 0.000000 -17.987584 97.817328 0.000000 20.703361 0.000314 
605 -7.823730 0.000000 -8.929314 97.734673 0.000000 20.815951 0.001463 
606 -11.068469 0.000000 -8.929314 97.768381 0.000000 20.820448 0.000785 
607 -7.823730 0.000000 -11.948738 97.746999 0.000000 20.796973 0.001301 
608 11.644702 0.000000 -8.929314 97.800653 0.000000 20.432623 0.001754 
609 11.644702 0.000000 -11.948738 97.783940 0.000000 20.572606 0.001507 
610 14.889441 0.000000 -8.929314 97.826027 0.000000 20.468273 0.001112 
611 -2.956622 0.000000 -4.400180 97.499885 0.000000 20.885127 0.005758 
612 -4.578991 0.000000 -4.400180 97.628868 0.000000 20.896616 0.003194 
613 -2.956622 0.000000 -5.909891 97.549782 0.000000 20.800380 0.005138 
614 6.777594 0.000000 -4.400180 97.749852 0.000000 19.653792 0.005869 
615 6.777594 0.000000 -5.909891 97.703127 0.000000 20.038869 0.005254 
616 8.399963 0.000000 -4.400180 97.844275 0.000000 19.753499 0.003630 
617 -0.523068 0.000000 -2.135612 96.656154 0.000000 21.241902 0.020637 
618 -1.334253 0.000000 -2.135612 97.113867 0.000000 21.262748 0.011679 
619 -0.523068 0.000000 -2.890468 96.839834 0.000000 20.905739 0.018500 
620 0.693709 0.000000 -1.003328 93.314198 0.000000 21.734757 0.082006 
621 0.288117 0.000000 -1.003328 94.893704 0.000000 22.705226 0.047966 
622 0.693709 0.000000 -1.380756 94.427139 0.000000 21.035149 0.064104 
623 2.316078 0.000000 -1.003328 94.689558 0.000000 14.891589 0.081213 
624 2.316078 0.000000 -1.380756 95.157910 0.000000 16.591226 0.066970 
625 0.896505 0.000000 -0.437187 94.645594 0.000000 -0.430810 0.104203 
626 0.693709 0.000000 -0.437187 93.825428 0.000000 -0.534857 0.119650 
627 0.896505 0.000000 -0.625900 93.840603 0.000000 -0.532088 0.119366 
628 1.403496 0.000000 -0.154116 92.834415 0.000000 -0.248019 0.138171 
629 1.403496 0.000000 -0.248473 96.247131 0.000000 -0.299196 0.073640 
630 1.504894 0.000000 -0.154116 92.869210 0.000000 -0.236599 0.137525 
631 2.113282 0.000000 -0.437187 98.278713 0.000000 -0.128590 0.034128 
632 2.113282 0.000000 -0.625900 98.691671 0.000000 -0.136689 0.025994 
633 2.316078 0.000000 -0.437187 98.624832 0.000000 -0.132463 0.027312 
634 2.518875 0.000000 -0.437187 95.249683 0.000000 9.477453 0.083768 
635 2.518875 0.000000 -0.625900 95.203798 0.000000 11.840726 0.079603 
636 2.721671 0.000000 -0.437187 96.062797 0.000000 9.569562 0.068036 
637 1.606292 0.000000 -0.154116 94.783770 0.000000 -0.227684 0.101599 
638 1.606292 0.000000 -0.248473 96.487872 0.000000 -0.278685 0.069001 
639 2.011884 0.000000 -0.154116 97.293644 0.000000 -0.129627 0.053393 
640 2.011884 0.000000 -0.248473 97.730913 0.000000 -0.157241 0.044864 
641 2.113282 0.000000 -0.154116 97.555175 0.000000 -0.103134 0.048298 
642 5.966409 0.000000 -2.135612 97.974036 0.000000 18.230747 0.006873 
643 5.966409 0.000000 -2.890468 97.804532 0.000000 18.855982 0.007873 
644 6.777594 0.000000 -2.135612 98.063574 0.000000 18.465922 0.004255 
645 4.749632 0.000000 -1.003328 98.142925 0.000000 15.550713 0.012614 
646 4.749632 0.000000 -1.380756 97.902187 0.000000 16.584285 0.014012 
647 5.155225 0.000000 -1.003328 98.342869 0.000000 15.861049 0.007711 
648 2.924467 0.000000 -0.437187 96.681087 0.000000 9.812160 0.055649 
649 2.924467 0.000000 -0.625900 96.418298 0.000000 12.077159 0.055765 
650 4.749632 0.000000 0.506383 100.195654 0.000000 11.848214 -0.017955 
651 5.155225 0.000000 0.506383 100.275793 0.000000 12.936462 -0.022259 
652 4.749632 0.000000 0.883811 101.396333 0.000000 5.190346 -0.030816 
653 3.025865 0.000000 -0.154116 98.241533 0.000000 -0.000000 0.034860 
654 2.924467 0.000000 -0.154116 98.048561 0.000000 -0.000000 0.038648 
655 3.025865 0.000000 -0.248473 97.400688 0.000000 6.278185 0.047369 
656 2.823069 0.000000 0.034598 97.865493 0.000000 -0.000000 0.042235 
657 2.823069 0.000000 -0.059759 97.897001 0.000000 -0.000000 0.041618 
658 2.823069 0.000000 0.128955 97.859709 0.000000 0.000000 0.042348 
659 4.141244 0.000000 -0.437187 98.252615 0.000000 12.675516 0.018575 
660 4.141244 0.000000 -0.625900 98.032138 0.000000 13.518405 0.020695 
661 4.344040 0.000000 -0.437187 98.357712 0.000000 12.777633 0.016249 
662 4.141244 0.000000 0.317669 99.730946 0.000000 10.054909 -0.004736 
663 4.344040 0.000000 0.317669 99.803593 0.000000 10.408324 -0.006909 
664 4.141244 0.000000 0.506383 100.379546 0.000000 9.822756 -0.017254 
665 3.837050 0.000000 -0.154116 97.522563 0.000000 0.000000 0.048935 
666 3.837050 0.000000 -0.248473 99.117704 0.000000 11.967100 0.003247 
667 3.938448 0.000000 -0.154116 98.923225 0.000000 12.994484 0.004534 
668 1.656991 0.000000 -0.012580 88.458725 0.000000 -0.059946 0.217505 
669 1.606292 0.000000 -0.012580 90.661859 0.000000 -0.114559 0.178041 
670 1.656991 0.000000 -0.059759 91.045556 0.000000 -0.121162 0.171069 
671 1.555593 0.000000 0.081777 93.206234 0.000000 -0.139556 0.131258 
672 1.555593 0.000000 0.034598 92.205702 0.000000 -0.124016 0.149809 
673 1.555593 0.000000 0.128955 90.864929 0.000000 -0.174511 0.174353 
674 2.011884 0.000000 0.223312 97.344211 0.000000 -0.191454 0.052407 
675 2.113282 0.000000 0.223312 97.953010 0.000000 -0.143166 0.040519 
676 2.011884 0.000000 0.317669 97.539001 0.000000 -0.173141 0.048611 
677 1.834437 0.000000 0.011009 94.554377 0.000000 -0.069980 0.105946 
678 1.834437 0.000000 -0.012580 94.548258 0.000000 -0.071088 0.106062 
679 1.859787 0.000000 0.011009 95.044267 0.000000 -0.053997 0.096658 
680 1.352797 0.000000 0.081777 87.871634 0.000000 -0.214088 0.227853 
681 1.352797 0.000000 0.034598 85.959660 0.000000 -0.198473 0.261090 
682 1.352797 0.000000 0.128955 83.758879 0.000000 -0.191635 0.298441 
683 0.997903 0.000000 -0.154116 92.651661 0.000000 -0.231791 0.141562 
684 0.896505 0.000000 -0.154116 95.128438 0.000000 -0.288998 0.095050 
685 0.997903 0.000000 -0.248473 95.465834 0.000000 -0.361224 0.088614 
686 1.048602 0.000000 -0.012580 83.515784 0.000000 -0.098603 0.302510 
687 0.997903 0.000000 -0.012580 88.819188 0.000000 -0.126191 0.211114 
688 1.048602 0.000000 -0.059759 85.613423 0.000000 -0.131581 0.267032 
689 1.124651 0.000000 0.011009 79.919705 0.000000 -0.133821 0.361282 
690 1.099301 0.000000 0.011009 80.374035 0.000000 -0.103305 0.354000 
691 1.124651 0.000000 -0.012580 79.898929 0.000000 -0.133523 0.361614 
692 3.837050 0.000000 0.223312 98.249532 0.000000 7.122501 0.029630 
693 3.938448 0.000000 0.223312 98.827725 0.000000 7.917708 0.017039 
694 3.837050 0.000000 0.317669 99.143390 0.000000 8.889623 0.009156 
695 3.684952 0.000000 0.081777 98.236987 0.000000 -0.000000 0.034949 
696 3.735652 0.000000 0.081777 98.018941 0.000000 -0.000000 0.039229 
697 3.684952 0.000000 0.128955 98.419423 0.000000 -0.000000 0.031362 
698 3.684952 0.000000 -0.106937 98.324091 0.000000 -0.000000 0.033237 
699 3.684952 0.000000 -0.154116 98.341375 0.000000 -0.000000 0.032897 
700 3.735652 0.000000 -0.106937 97.979580 0.000000 -0.000000 0.040000 
701 3.608904 0.000000 -0.036169 98.404565 0.000000 -0.000000 0.031654 
702 3.608904 0.000000 -0.059759 98.412227 0.000000 -0.000000 0.031503 
703 3.634253 0.000000 -0.036169 98.385963 0.000000 -0.000000 0.032020 
704 3.482156 0.000000 -0.106937 98.749571 0.000000 -0.000000 0.024852 
705 3.431457 0.000000 -0.106937 98.983509 0.000000 0.000000 0.020227 
706 3.482156 0.000000 -0.154116 98.786711 0.000000 0.000000 0.024119 
707 3.380758 0.000000 -0.106937 99.095679 0.000000 -0.000000 0.018005 
708 3.380758 0.000000 -0.154116 99.197391 0.000000 -0.000000 0.015988 
709 3.507506 0.000000 0.011009 98.637331 0.000000 -0.000000 0.027068 
710 3.507506 0.000000 -0.012580 98.639004 0.000000 -0.000000 0.027035 
711 3.507506 0.000000 0.034598 98.716180 0.000000 -0.000000 0.025512 
712 3.177962 0.000000 0.081777 98.975252 0.000000 -0.000000 0.020390 
713 3.127263 0.000000 0.081777 98.608695 0.000000 -0.000000 0.027633 
714 3.177962 0.000000 0.128955 98.960280 0.000000 -0.000000 0.020686 
715 3.355409 0.000000 -0.036169 99.127082 0.000000 -0.000000 0.017382 
716 3.355409 0.000000 -0.059759 99.123963 0.000000 -0.000000 0.017444 
717 3.380758 0.000000 -0.036169 99.083919 0.000000 -0.000000 0.018238 
718 3.406108 0.000000 0.011009 99.097186 0.000000 0.000000 0.017975 
719 3.406108 0.000000 -0.012580 99.094812 0.000000 0.000000 0.018022 
720 3.406108 0.000000 0.034598 98.982269 0.000000 0.000000 0.020251 
721 3.177962 0.000000 -0.106937 98.942448 0.000000 -0.000000 0.021039 
722 3.127263 0.000000 -0.106937 98.676533 0.000000 -0.000000 0.026294 
723 3.177962 0.000000 -0.154116 98.497383 0.000000 4.092419 0.028152 
724 3.355409 0.000000 0.058188 99.124197 0.000000 -0.000000 0.017439 
725 3.380758 0.000000 0.058188 99.080906 0.000000 -0.000000 0.018297 
726 3.355409 0.000000 0.081777 99.120499 0.000000 -0.000000 0.017513 
727 3.406108 0.000000 0.058188 99.010014 0.000000 0.000000 0.019702 
728 3.431457 0.000000 0.058188 98.921803 0.000000 0.000000 0.021448 
729 3.406108 0.000000 0.081777 99.006467 0.000000 0.000000 0.019772 
730 3.025865 0.000000 0.223312 99.689653 0.000000 0.177928 0.006194 
731 2.924467 0.000000 0.223312 99.890576 0.000000 -0.368115 0.002174 
732 3.025865 0.000000 0.317669 100.235913 0.000000 2.973790 -0.005608 
733 3.254011 0.000000 0.058188 99.153284 0.000000 -0.000000 0.016863 
734 3.228661 0.000000 0.058188 99.101550 0.000000 -0.000000 0.017888 
735 3.254011 0.000000 0.081777 99.195584 0.000000 -0.000000 0.016024 
736 3.266685 0.000000 0.022804 99.156187 0.000000 -0.000000 0.016805 
737 3.254011 0.000000 0.022804 99.119866 0.000000 -0.000000 0.017525 
738 3.266685 0.000000 0.034598 99.156506 0.000000 -0.000000 0.016799 
739 2.823069 0.000000 -0.154116 97.859709 0.000000 0.000000 0.042348 
740 2.721671 0.000000 -0.154116 97.749307 0.000000 0.000000 0.044507 
741 2.823069 0.000000 -0.248473 96.620984 0.000000 5.988609 0.062852 
742 1.555593 0.000000 -0.012580 89.285133 0.000000 -0.118482 0.202815 
743 1.504894 0.000000 -0.012580 86.540438 0.000000 -0.110863 0.251074 
744 1.555593 0.000000 -0.059759 89.393931 0.000000 -0.148125 0.200870 
745 1.352797 0.000000 -0.012580 80.167221 0.000000 -0.154304 0.357319 
746 1.352797 0.000000 -0.059759 77.967966 0.000000 -0.148480 0.392097 
747 1.403496 0.000000 -0.012580 80.494758 0.000000 -0.130728 0.352058 
748 1.454195 0.000000 -0.012580 81.690796 0.000000 -0.082872 0.332661 
749 1.454195 0.000000 -0.059759 84.658576 0.000000 -0.134263 0.283291 
750 3.507506 0.000000 -0.036169 98.716346 0.000000 -0.000000 0.025508 
751 3.482156 0.000000 -0.036169 98.799211 0.000000 0.000000 0.023872 
752 3.507506 0.000000 -0.059759 98.719406 0.000000 -0.000000 0.025448 
753 3.406108 0.000000 -0.036169 98.982058 0.000000 0.000000 0.020255 
754 3.406108 0.000000 -0.059759 99.009789 0.000000 0.000000 0.019706 
755 3.431457 0.000000 -0.036169 98.889744 0.000000 -0.000000 0.022082 
756 3.456807 0.000000 0.058188 98.854595 0.000000 -0.000000 0.022777 
757 3.482156 0.000000 0.058188 98.800911 0.000000 0.000000 0.023838 
758 3.456807 0.000000 0.081777 98.854126 0.000000 -0.000000 0.022786 
759 3.507506 0.000000 0.058188 98.719176 0.000000 -0.000000 0.025452 
760 3.532855 0.000000 0.058188 98.661657 0.000000 -0.000000 0.026588 
761 3.507506 0.000000 0.081777 98.689071 0.000000 -0.000000 0.026047 
762 2.823069 0.000000 0.223312 100.125668 0.000000 -0.918936 -0.002599 
763 2.721671 0.000000 0.223312 100.416722 0.000000 -1.472073 -0.008569 
764 2.823069 0.000000 0.317669 100.650403 0.000000 1.895327 -0.013410 
765 2.620273 0.000000 0.223312 100.745629 0.000000 -2.048732 -0.015388 
766 2.518875 0.000000 0.223312 98.693088 0.000000 -0.136874 0.025966 
767 2.620273 0.000000 0.317669 101.258212 0.000000 0.793291 -0.025385 
768 2.620273 0.000000 -0.154116 97.644160 0.000000 0.000000 0.046562 
769 2.518875 0.000000 -0.154116 97.893691 0.000000 -0.040307 0.041682 
770 2.620273 0.000000 -0.248473 95.777143 0.000000 5.916383 0.079174 
771 3.558205 0.000000 0.058188 98.597928 0.000000 -0.000000 0.027845 
772 3.583554 0.000000 0.058188 98.474911 0.000000 -0.000000 0.030269 
773 3.558205 0.000000 0.081777 98.564069 0.000000 -0.000000 0.028512 
774 3.608904 0.000000 0.058188 98.411778 0.000000 -0.000000 0.031512 
775 3.634253 0.000000 0.058188 98.388039 0.000000 -0.000000 0.031979 
776 3.608904 0.000000 0.081777 98.490532 0.000000 -0.000000 0.029962 
777 3.456807 0.000000 -0.036169 98.854983 0.000000 -0.000000 0.022769 
778 3.456807 0.000000 -0.059759 98.854565 0.000000 -0.000000 0.022778 
1 19 21 9 22 
2 20 19 22 4 
3 28 29 3 30 
4 21 28 30 9 
5 35 37 21 38 
6 36 35 38 19 
7 44 45 28 46 
8 37 44 46 21 
9 51 53 37 54 
10 52 51 54 35 
11 60 61 44 62 
12 53 60 62 37 
13 67 69 53 70 
14 68 67 70 51 
15 76 77 60 78 
16 69 76 78 53 
17 83 85 69 86 
18 84 83 86 67 
19 11 94 92 93 
20 94 10 24 92 
21 92 24 14 95 
22 93 92 95 6 
23 24 98 96 97 
24 98 23 40 96 
25 96 40 27 99 
26 97 96 99 14 
27 40 102 100 101 
28 102 39 56 100 
29 100 56 43 103 
30 101 100 103 27 
31 56 106 104 105 
32 106 55 72 104 
33 104 72 59 107 
34 105 104 107 43 
35 72 110 108 109 
36 109 108 111 59 
37 112 113 76 114 
38 85 112 114 69 
39 115 117 85 118 
40 116 115 118 83 
41 132 133 112 134 
42 117 132 134 85 
43 136 124 137 135 
44 135 137 127 138 
45 15 140 139 33 
46 140 17 141 139 
47 139 141 8 142 
48 33 139 142 18 
49 31 144 143 49 
50 144 33 145 143 
51 143 145 18 146 
52 49 143 146 34 
53 148 49 149 147 
54 147 149 34 150 
55 124 160 159 137 
56 137 159 162 127 
57 18 142 163 45 
58 142 8 164 163 
59 163 164 29 165 
60 45 163 165 28 
61 34 146 166 61 
62 146 18 167 166 
63 166 167 45 168 
64 61 166 168 44 
65 150 34 170 169 
66 169 170 61 171 
67 77 169 171 60 
68 172 173 77 174 
69 113 172 174 76 
70 175 176 113 177 
71 133 175 177 112 
72 186 187 172 188 
73 176 186 188 113 
74 194 196 117 197 
75 195 194 197 115 
76 138 127 208 207 
77 207 208 132 209 
78 196 207 209 117 
79 131 202 210 211 
80 202 5 212 210 
81 210 212 196 213 
82 211 210 213 194 
83 199 216 214 215 
84 214 217 202 218 
85 215 214 218 131 
86 12 221 219 220 
87 221 7 222 219 
88 219 222 13 25 
89 220 219 25 10 
90 25 225 223 224 
91 225 13 226 223 
92 223 226 26 41 
93 224 223 41 23 
94 41 229 227 228 
95 229 26 230 227 
96 227 230 42 57 
97 228 227 57 39 
98 57 233 231 232 
99 233 42 234 231 
100 231 234 58 73 
101 232 231 73 55 
102 73 237 235 236 
103 237 58 238 235 
104 235 238 74 89 
105 236 235 89 71 
106 89 241 239 240 
107 241 74 242 239 
108 239 242 90 129 
109 240 239 129 87 
110 129 245 243 244 
111 245 90 246 243 
112 243 246 130 200 
113 244 243 200 128 
114 128 249 247 248 
115 249 200 250 247 
116 248 247 216 199 
117 130 252 251 201 
118 252 135 253 251 
119 251 253 138 254 
120 201 251 254 5 
121 256 201 257 255 
122 255 257 5 258 
123 217 255 258 202 
124 216 261 259 260 
125 259 262 217 263 
126 260 259 263 214 
127 200 265 264 250 
128 265 130 266 264 
129 264 266 201 256 
130 247 269 267 268 
131 269 250 270 267 
132 267 270 198 261 
133 268 267 261 216 
134 198 272 271 262 
135 272 256 273 271 
136 271 273 255 274 
137 262 271 274 217 
138 261 277 275 276 
139 277 198 278 275 
140 275 278 262 279 
141 276 275 279 259 
142 6 95 280 281 
143 95 14 36 280 
144 280 36 19 282 
145 281 280 282 20 
146 14 99 283 284 
147 99 27 52 283 
148 283 52 35 285 
149 284 283 285 36 
150 27 103 286 287 
151 103 43 68 286 
152 286 68 51 288 
153 287 286 288 52 
154 43 107 289 290 
155 107 59 84 289 
156 289 84 67 291 
157 290 289 291 68 
158 59 111 292 293 
159 292 116 83 294 
160 293 292 294 84 
161 295 195 115 297 
162 296 295 297 116 
163 91 206 298 299 
164 206 131 211 298 
165 298 211 194 300 
166 299 298 300 195 
167 203 303 301 302 
168 303 199 215 301 
169 301 215 131 304 
170 302 301 304 206 
171 123 308 309 310 
172 308 91 299 309 
173 309 299 195 311 
174 310 309 311 295 
175 305 314 312 313 
176 314 204 315 312 
177 312 315 91 316 
178 313 312 316 308 
179 108 319 317 318 
180 318 317 320 111 
181 111 320 325 326 
182 325 296 116 327 
183 326 325 327 292 
184 75 324 328 329 
185 324 123 310 328 
186 328 310 295 330 
187 329 328 330 296 
188 321 333 331 332 
189 333 306 334 331 
190 331 334 123 335 
191 332 331 335 324 
192 317 338 336 337 
193 337 336 339 320 
194 340 332 324 343 
195 341 340 343 75 
196 71 346 344 345 
197 346 89 240 344 
198 344 240 87 121 
199 345 344 121 88 
200 88 349 347 348 
201 349 121 350 347 
202 347 350 119 323 
203 348 347 323 120 
204 120 353 351 352 
205 353 323 354 351 
206 357 321 358 355 
207 355 358 332 359 
208 356 355 359 340 
209 320 339 360 361 
210 339 75 329 360 
211 360 329 296 362 
212 361 360 362 325 
213 336 365 363 364 
214 365 322 341 363 
215 363 341 75 366 
216 364 363 366 339 
217 322 369 367 368 
218 369 342 356 367 
219 367 356 340 370 
220 368 367 370 341 
221 323 372 371 354 
222 372 119 373 371 
223 371 373 306 333 
224 354 371 333 321 
225 351 376 374 375 
226 376 354 377 374 
227 374 377 321 357 
228 375 374 357 342 
229 342 380 378 379 
230 380 357 381 378 
231 378 381 355 382 
232 379 378 382 356 
233 386 388 186 389 
234 387 386 389 176 
235 395 387 176 397 
236 396 395 397 175 
237 7 403 402 222 
238 403 16 404 402 
239 402 404 15 32 
240 222 402 32 13 
241 13 406 405 226 
242 406 32 407 405 
243 405 407 31 48 
244 226 405 48 26 
245 26 409 408 230 
246 409 48 410 408 
247 408 410 47 64 
248 230 408 64 42 
249 64 413 411 412 
250 413 47 414 411 
251 411 414 65 152 
252 412 411 152 63 
253 63 417 415 416 
254 417 152 418 415 
255 415 418 151 183 
256 416 415 183 81 
257 81 421 419 420 
258 421 183 422 419 
259 419 422 182 191 
260 420 419 191 157 
261 157 425 423 424 
262 425 191 426 423 
263 65 433 432 153 
264 433 147 434 432 
265 432 434 150 435 
266 153 432 435 50 
267 151 437 436 184 
268 437 153 438 436 
269 436 438 50 439 
270 184 436 439 154 
271 182 441 440 192 
272 441 184 442 440 
273 440 442 154 443 
274 192 440 443 185 
275 189 445 444 393 
276 445 192 446 444 
277 444 446 185 447 
278 393 444 447 193 
279 392 449 448 430 
280 449 189 450 448 
281 448 450 393 451 
282 430 448 451 390 
283 66 394 452 453 
284 394 193 454 452 
285 452 454 386 455 
286 453 452 455 387 
287 456 458 394 459 
288 457 456 459 66 
289 427 462 460 461 
290 462 430 463 460 
291 460 463 390 464 
292 461 460 464 431 
293 42 466 465 234 
294 466 64 412 465 
295 465 412 63 80 
296 234 465 80 58 
297 80 469 467 468 
298 469 63 416 467 
299 467 416 81 156 
300 468 467 156 79 
301 156 472 470 471 
302 472 81 420 470 
303 470 420 157 384 
304 471 470 384 155 
305 384 475 473 474 
306 475 157 424 473 
307 428 482 480 481 
308 480 461 431 483 
309 481 480 483 391 
310 424 486 484 485 
311 486 423 487 484 
312 484 487 392 429 
313 485 484 429 190 
314 190 490 488 489 
315 490 429 491 488 
316 488 491 427 482 
317 489 488 482 428 
318 482 494 492 493 
319 494 427 495 492 
320 492 495 461 496 
321 493 492 496 480 
322 385 401 505 506 
323 401 66 453 505 
324 505 453 387 507 
325 506 505 507 395 
326 508 457 66 510 
327 509 508 510 401 
328 477 513 511 512 
329 513 476 514 511 
330 511 514 479 515 
331 512 511 515 398 
332 155 518 516 517 
333 518 384 474 516 
334 523 509 401 525 
335 524 523 525 385 
336 502 528 526 527 
337 528 501 529 526 
338 526 529 504 530 
339 527 526 530 399 
340 531 396 175 533 
341 532 531 533 133 
342 158 500 534 535 
343 500 385 506 534 
344 534 506 395 536 
345 535 534 536 396 
346 537 524 385 539 
347 538 537 539 500 
348 542 502 527 540 
349 540 527 399 543 
350 178 546 544 545 
351 546 180 498 544 
352 544 498 158 547 
353 545 544 547 181 
354 180 550 548 549 
355 550 499 520 548 
356 548 520 497 551 
357 549 548 551 498 
358 520 554 552 553 
359 553 552 555 497 
360 516 558 556 557 
361 558 474 559 556 
362 556 559 383 521 
363 557 556 521 499 
364 521 562 560 561 
365 562 383 563 560 
366 560 563 502 542 
367 561 560 542 519 
368 519 566 564 565 
369 566 542 567 564 
370 564 567 540 568 
371 499 571 569 570 
372 571 521 561 569 
373 569 561 519 554 
374 570 569 554 520 
375 554 574 572 573 
376 574 519 565 572 
377 572 565 541 575 
378 573 572 575 552 
379 522 543 576 577 
380 543 399 578 576 
381 576 578 524 579 
382 577 576 579 537 
383 541 568 580 581 
384 568 540 582 580 
385 580 582 543 583 
386 581 580 583 522 
387 565 586 584 585 
388 586 564 587 584 
389 584 587 568 588 
390 585 584 588 541 
391 127 162 589 208 
392 589 532 133 590 
393 208 589 590 132 
394 159 593 591 592 
395 593 161 594 591 
396 591 594 82 595 
397 592 591 595 162 
398 50 435 596 173 
399 435 150 597 596 
400 596 597 169 598 
401 173 596 598 77 
402 1 601 599 600 
403 601 12 220 599 
404 599 220 10 94 
405 600 599 94 11 
406 16 603 602 404 
407 603 2 604 602 
408 602 604 17 140 
409 404 602 140 15 
410 10 607 605 606 
411 607 25 224 605 
412 605 224 23 98 
413 606 605 98 24 
414 32 609 608 407 
415 609 15 610 608 
416 608 610 33 144 
417 407 608 144 31 
418 23 613 611 612 
419 613 41 228 611 
420 611 228 39 102 
421 612 611 102 40 
422 48 615 614 410 
423 615 31 616 614 
424 614 616 49 148 
425 410 614 148 47 
426 39 619 617 618 
427 619 57 232 617 
428 617 232 55 106 
429 618 617 106 56 
430 55 622 620 621 
431 622 73 236 620 
432 620 236 71 110 
433 621 620 110 72 
434 58 624 623 238 
435 624 80 468 623 
436 623 468 79 125 
437 238 623 125 74 
438 110 627 625 626 
439 627 71 345 625 
440 625 345 88 319 
441 626 625 319 108 
442 121 629 628 350 
443 629 87 630 628 
444 628 630 122 307 
445 350 628 307 119 
446 74 632 631 242 
447 632 125 633 631 
448 631 633 124 136 
449 242 631 136 90 
450 125 635 634 633 
451 635 79 636 634 
452 634 636 126 160 
453 633 634 160 124 
454 87 638 637 630 
455 638 129 244 637 
456 637 244 128 205 
457 630 637 205 122 
458 90 640 639 246 
459 640 136 641 639 
460 639 641 135 252 
461 246 639 252 130 
462 47 643 642 414 
463 643 148 644 642 
464 642 644 147 433 
465 414 642 433 65 
466 152 646 645 418 
467 646 65 647 645 
468 645 647 153 437 
469 418 645 437 151 
470 79 649 648 636 
471 649 156 471 648 
472 648 471 155 179 
473 636 648 179 126 
474 154 439 650 187 
475 439 50 651 650 
476 650 651 173 652 
477 187 650 652 172 
478 179 655 653 654 
479 655 155 517 653 
480 653 517 180 546 
481 654 653 546 178 
482 161 657 656 594 
483 657 178 545 656 
484 656 545 181 658 
485 594 656 658 82 
486 183 660 659 422 
487 660 151 661 659 
488 659 661 184 441 
489 422 659 441 182 
490 185 443 662 388 
491 443 154 663 662 
492 662 663 187 664 
493 388 662 664 186 
494 191 666 665 426 
495 666 182 667 665 
496 665 667 192 445 
497 426 665 445 189 
498 205 670 668 669 
499 670 128 248 668 
500 668 248 199 303 
501 669 668 303 203 
502 204 672 671 315 
503 672 203 302 671 
504 671 302 206 673 
505 315 671 673 91 
506 5 254 674 212 
507 254 138 675 674 
508 674 675 207 676 
509 212 674 676 196 
510 250 678 677 270 
511 678 264 679 677 
512 677 679 256 272 
513 270 677 272 198 
514 306 681 680 334 
515 681 305 313 680 
516 680 313 308 682 
517 334 680 682 123 
518 319 685 683 684 
519 685 88 348 683 
520 683 348 120 338 
521 684 683 338 317 
522 338 688 686 687 
523 688 120 352 686 
524 686 352 322 365 
525 687 686 365 336 
526 352 691 689 690 
527 691 351 375 689 
528 689 375 342 369 
529 690 689 369 322 
530 193 447 692 454 
531 447 185 693 692 
532 692 693 388 694 
533 454 692 694 386 
534 390 451 695 458 
535 451 393 696 695 
536 695 696 193 697 
537 458 695 697 394 
538 423 699 698 487 
539 699 426 700 698 
540 698 700 189 449 
541 487 698 449 392 
542 429 702 701 491 
543 702 392 703 701 
544 701 703 430 462 
545 491 701 462 427 
546 473 706 704 705 
547 706 424 485 704 
548 704 485 190 478 
549 705 704 478 400 
550 474 708 707 559 
551 708 473 705 707 
552 707 705 400 503 
553 559 707 503 383 
554 476 710 709 514 
555 710 428 481 709 
556 709 481 391 711 
557 514 709 711 479 
558 498 551 712 713 
559 551 497 538 712 
560 712 538 500 714 
561 713 712 714 158 
562 383 716 715 563 
563 716 503 717 715 
564 715 717 501 528 
565 563 715 528 502 
566 501 719 718 529 
567 719 477 512 718 
568 718 512 398 720 
569 529 718 720 504 
570 517 723 721 722 
571 723 516 557 721 
572 721 557 499 550 
573 722 721 550 180 
574 399 530 724 578 
575 530 504 725 724 
576 724 725 523 726 
577 578 724 726 524 
578 504 720 727 725 
579 720 398 728 727 
580 727 728 509 729 
581 725 727 729 523 
582 181 547 730 731 
583 547 158 535 730 
584 730 535 396 732 
585 731 730 732 531 
586 497 555 733 734 
587 555 522 577 733 
588 733 577 537 735 
589 734 733 735 538 
590 552 575 736 737 
591 575 541 581 736 
592 736 581 522 738 
593 737 736 738 555 
594 126 741 739 740 
595 741 179 654 739 
596 739 654 178 657 
597 740 739 657 161 
598 122 744 742 743 
599 744 205 669 742 
600 742 669 203 672 
601 743 742 672 204 
602 119 746 745 373 
603 746 307 747 745 
604 745 747 305 681 
605 373 745 681 306 
606 307 749 748 747 
607 749 122 743 748 
608 748 743 204 314 
609 747 748 314 305 
610 478 752 750 751 
611 752 190 489 750 
612 750 489 428 710 
613 751 750 710 476 
614 503 754 753 717 
615 754 400 755 753 
616 753 755 477 719 
617 717 753 719 501 
618 398 515 756 728 
619 515 479 757 756 
620 756 757 508 758 
621 728 756 758 509 
622 479 711 759 757 
623 711 391 760 759 
624 759 760 457 761 
625 757 759 761 508 
626 82 658 762 763 
627 658 181 731 762 
628 762 731 531 764 
629 763 762 764 532 
630 162 595 765 766 
631 595 82 763 765 
632 765 763 532 767 
633 766 765 767 589 
634 160 770 768 769 
635 770 126 740 768 
636 768 740 161 593 
637 769 768 593 159 
638 391 483 771 760 
639 483 431 772 771 
640 771 772 456 773 
641 760 771 773 457 
642 431 464 774 772 
643 464 390 775 774 
644 774 775 458 776 
645 772 774 776 456 
646 400 778 777 755 
647 778 478 751 777 
648 777 751 476 513 
649 755 777 513 477 
