2 0.000000 100.000000 473.401889
669 553 
1 -37.472175 0.000000 -37.628633 98.459697 0.000000 17.371952 0.000390 
2 44.013532 0.000000 -37.628633 98.472630 0.000000 17.250763 0.000555 
3 44.013532 0.000000 37.928594 98.541009 0.000000 17.130745 -0.000379 
4 -37.472175 0.000000 37.928594 98.508878 0.000000 17.369075 -0.000568 
5 3.270679 0.000000 0.149981 107.924008 0.000000 0.219667 -0.164764 
6 -37.472175 0.000000 0.149981 98.486664 0.000000 17.397992 -0.000231 
7 3.270679 0.000000 -37.628633 98.414406 0.000000 17.299411 0.001534 
8 44.013532 0.000000 0.149981 98.968775 0.000000 14.534560 -0.000607 
9 3.270679 0.000000 37.928594 98.572751 0.000000 17.274563 -0.001500 
10 -17.100748 0.000000 -18.739326 98.396257 0.000000 17.393573 0.001564 
11 -37.472175 0.000000 -18.739326 98.462595 0.000000 17.387017 0.000281 
12 -17.100748 0.000000 -37.628633 98.433806 0.000000 17.356801 0.000953 
13 3.270679 0.000000 -18.739326 98.211470 0.000000 17.107672 0.006183 
14 -17.100748 0.000000 0.149981 98.504810 0.000000 17.498340 -0.000939 
15 23.642105 0.000000 -18.739326 98.447214 0.000000 16.927710 0.002160 
16 23.642105 0.000000 -37.628633 98.443801 0.000000 17.250726 0.001123 
17 44.013532 0.000000 -18.739326 98.509498 0.000000 17.029375 0.000588 
18 23.642105 0.000000 0.149981 99.569738 0.000000 10.920042 -0.003338 
19 -17.100748 0.000000 19.039288 98.592622 0.000000 17.381566 -0.002262 
20 -37.472175 0.000000 19.039288 98.508919 0.000000 17.384629 -0.000623 
21 3.270679 0.000000 19.039288 98.843544 0.000000 17.020496 -0.005974 
22 -17.100748 0.000000 37.928594 98.541215 0.000000 17.348531 -0.001134 
23 -6.915035 0.000000 -9.294673 98.131331 0.000000 17.486288 0.006447 
24 -17.100748 0.000000 -9.294673 98.408061 0.000000 17.454404 0.001120 
25 -6.915035 0.000000 -18.739326 98.294668 0.000000 17.333813 0.003770 
26 3.270679 0.000000 -9.294673 97.560770 0.000000 16.469280 0.021066 
27 -6.915035 0.000000 0.149981 98.578625 0.000000 17.860199 -0.003673 
28 23.642105 0.000000 19.039288 98.699492 0.000000 16.536447 -0.001504 
29 44.013532 0.000000 19.039288 98.715080 0.000000 16.112270 -0.000427 
30 23.642105 0.000000 37.928594 98.558132 0.000000 17.188010 -0.000913 
31 13.456392 0.000000 -9.294673 98.346384 0.000000 15.863306 0.007634 
32 13.456392 0.000000 -18.739326 98.339265 0.000000 16.919820 0.004311 
33 23.642105 0.000000 -9.294673 98.575130 0.000000 16.158119 0.002186 
34 13.456392 0.000000 0.149981 100.640149 0.000000 3.398900 -0.013999 
35 -6.915035 0.000000 9.594634 98.932799 0.000000 17.433476 -0.009162 
36 -17.100748 0.000000 9.594634 98.593195 0.000000 17.443823 -0.002491 
37 3.270679 0.000000 9.594634 99.636408 0.000000 16.277706 -0.019238 
38 -6.915035 0.000000 19.039288 98.716433 0.000000 17.301709 -0.004428 
39 -1.822178 0.000000 -4.572346 97.280483 0.000000 17.813444 0.021919 
40 -6.915035 0.000000 -4.572346 98.198678 0.000000 17.698803 0.004377 
41 -1.822178 0.000000 -9.294673 97.780530 0.000000 17.227021 0.014220 
42 3.270679 0.000000 -4.572346 95.639178 0.000000 14.988135 0.062850 
43 -1.822178 0.000000 0.149981 98.732299 0.000000 19.136075 -0.011426 
44 13.456392 0.000000 9.594634 99.135836 0.000000 15.039388 -0.005410 
45 23.642105 0.000000 9.594634 99.067169 0.000000 14.321688 -0.001941 
46 13.456392 0.000000 19.039288 98.769820 0.000000 16.713462 -0.003482 
47 8.363535 0.000000 -4.572346 97.796545 0.000000 13.246639 0.026036 
48 8.363535 0.000000 -9.294673 97.958178 0.000000 15.878276 0.015208 
49 13.456392 0.000000 -4.572346 98.653482 0.000000 13.896497 0.007438 
50 8.363535 0.000000 0.149981 99.730345 0.000000 -11.038984 -0.006800 
51 -1.822178 0.000000 4.872307 99.939526 0.000000 17.606970 -0.029791 
52 -6.915035 0.000000 4.872307 98.915479 0.000000 17.648140 -0.009573 
53 3.270679 0.000000 4.872307 101.605756 0.000000 14.983194 -0.054823 
54 -1.822178 0.000000 9.594634 99.328680 0.000000 17.117970 -0.015921 
55 0.724250 0.000000 -2.211183 94.057030 0.000000 19.287307 0.078127 
56 -1.822178 0.000000 -2.211183 97.542895 0.000000 18.750246 0.013381 
57 0.724250 0.000000 -4.572346 96.075013 0.000000 17.116006 0.047663 
58 3.270679 0.000000 -2.211183 91.915130 0.000000 11.648768 0.141592 
59 0.724250 0.000000 0.149981 101.791028 0.000000 0.135861 -0.036143 
60 8.363535 0.000000 4.872307 100.104622 0.000000 12.720590 -0.018275 
61 13.456392 0.000000 4.872307 99.477340 0.000000 12.505347 -0.005212 
62 8.363535 0.000000 9.594634 99.400940 0.000000 15.451858 -0.011931 
63 5.817107 0.000000 -2.211183 96.204489 0.000000 9.143082 0.066110 
64 5.817107 0.000000 -4.572346 96.742846 0.000000 13.499840 0.045858 
65 8.363535 0.000000 -2.211183 98.252157 0.000000 9.761554 0.025123 
66 5.817107 0.000000 0.149981 99.781483 0.000000 0.075643 0.004365 
67 0.724250 0.000000 2.511144 102.799947 0.000000 18.553103 -0.091205 
68 -1.822178 0.000000 2.511144 99.893036 0.000000 18.504978 -0.032105 
69 3.270679 0.000000 2.511144 104.658457 0.000000 13.675983 -0.114043 
70 0.724250 0.000000 4.872307 101.066228 0.000000 16.859844 -0.049864 
71 1.997464 0.000000 -1.030601 100.543912 0.000000 0.949513 -0.010998 
72 0.724250 0.000000 -1.030601 93.421988 0.000000 23.469263 0.072153 
73 1.997464 0.000000 -2.211183 91.233761 0.000000 16.083151 0.141773 
74 3.270679 0.000000 -1.030601 99.590149 0.000000 0.688623 0.008133 
75 1.997464 0.000000 0.149981 124.677338 0.000000 0.304184 -0.554453 
76 -27.286461 0.000000 -9.294673 98.458417 0.000000 17.414506 0.000268 
77 -37.472175 0.000000 -9.294673 98.472092 0.000000 17.395007 0.000066 
78 -27.286461 0.000000 -18.739326 98.443324 0.000000 17.394022 0.000636 
79 -27.286461 0.000000 0.149981 98.491335 0.000000 17.423961 -0.000414 
80 -12.007891 0.000000 -4.572346 98.391970 0.000000 17.563030 0.001056 
81 -17.100748 0.000000 -4.572346 98.446433 0.000000 17.486210 0.000253 
82 -12.007891 0.000000 -9.294673 98.332101 0.000000 17.481470 0.002520 
83 -12.007891 0.000000 0.149981 98.525160 0.000000 17.621666 -0.001773 
84 -4.368606 0.000000 -2.211183 98.161725 0.000000 18.096009 0.003681 
85 -6.915035 0.000000 -2.211183 98.351167 0.000000 17.820094 0.000949 
86 -4.368606 0.000000 -4.572346 97.919001 0.000000 17.796122 0.009517 
87 -4.368606 0.000000 0.149981 98.646464 0.000000 18.209080 -0.006270 
88 -0.548964 0.000000 -1.030601 98.090557 0.000000 20.629993 -0.004735 
89 -1.822178 0.000000 -1.030601 98.147821 0.000000 19.126899 0.000117 
90 -0.548964 0.000000 -2.211183 96.558364 0.000000 19.344045 0.030229 
91 -0.548964 0.000000 0.149981 97.913852 0.000000 18.592816 0.006718 
92 5.817107 0.000000 2.511144 101.870221 0.000000 11.140656 -0.050166 
93 8.363535 0.000000 2.511144 99.995567 0.000000 11.076872 -0.012181 
94 5.817107 0.000000 4.872307 100.928687 0.000000 13.375995 -0.036552 
95 1.997464 0.000000 1.330562 108.487622 0.000000 18.727368 -0.212028 
96 0.724250 0.000000 1.330562 103.494508 0.000000 22.095333 -0.119932 
97 3.270679 0.000000 1.330562 107.763630 0.000000 12.329267 -0.176501 
98 1.997464 0.000000 2.511144 104.644938 0.000000 16.532342 -0.122388 
99 1.360857 0.000000 -0.440310 100.647315 0.000000 0.996721 -0.013088 
100 0.724250 0.000000 -0.440310 100.697729 0.000000 1.093300 -0.014123 
101 1.360857 0.000000 -1.030601 100.704637 0.000000 1.027159 -0.014248 
102 1.997464 0.000000 -0.440310 100.475011 0.000000 0.931226 -0.009610 
103 1.360857 0.000000 0.149981 106.161679 0.000000 0.210742 -0.127035 
104 4.543893 0.000000 -1.030601 99.102825 0.000000 0.700976 0.017814 
105 4.543893 0.000000 -2.211183 94.288105 0.000000 9.605237 0.101749 
106 5.817107 0.000000 -1.030601 99.010871 0.000000 0.733059 0.019631 
107 4.543893 0.000000 0.149981 102.333572 0.000000 0.220091 -0.047221 
108 2.634072 0.000000 -0.440310 100.082642 0.000000 0.790476 -0.001716 
109 2.634072 0.000000 -1.030601 100.288945 0.000000 0.873472 -0.005864 
110 3.270679 0.000000 -0.440310 99.561057 0.000000 0.693967 0.008711 
111 2.634072 0.000000 0.149981 112.547842 0.000000 0.306062 -0.266711 
112 -27.286461 0.000000 9.594634 98.522563 0.000000 17.411150 -0.000984 
113 -37.472175 0.000000 9.594634 98.500710 0.000000 17.393584 -0.000493 
114 -27.286461 0.000000 19.039288 98.534090 0.000000 17.389037 -0.001135 
115 -12.007891 0.000000 4.872307 98.654449 0.000000 17.564569 -0.004121 
116 -17.100748 0.000000 4.872307 98.560735 0.000000 17.479796 -0.001976 
117 -12.007891 0.000000 9.594634 98.691088 0.000000 17.459446 -0.004476 
118 -4.368606 0.000000 2.511144 99.090595 0.000000 18.015861 -0.014352 
119 -6.915035 0.000000 2.511144 98.792701 0.000000 17.787135 -0.007638 
120 -4.368606 0.000000 4.872307 99.255178 0.000000 17.693823 -0.016466 
121 -0.548964 0.000000 1.330562 99.961301 0.000000 20.380172 -0.040761 
122 -1.822178 0.000000 1.330562 99.392870 0.000000 19.019402 -0.024068 
123 -0.548964 0.000000 2.511144 100.897973 0.000000 18.827915 -0.053489 
124 1.360857 0.000000 0.740272 100.704666 0.000000 1.026670 -0.014248 
125 0.724250 0.000000 0.740272 104.283064 0.000000 21.962010 -0.135729 
126 1.997464 0.000000 0.740272 100.541827 0.000000 0.948524 -0.010956 
127 1.360857 0.000000 1.330562 106.253504 0.000000 21.242179 -0.174104 
128 1.679161 0.000000 -0.145165 118.863032 0.000000 0.259791 -0.412849 
129 1.360857 0.000000 -0.145165 106.130564 0.000000 0.217296 -0.126374 
130 1.679161 0.000000 -0.440310 100.569469 0.000000 0.965160 -0.011515 
131 1.997464 0.000000 -0.145165 115.783037 0.000000 0.554138 -0.340602 
132 1.679161 0.000000 0.149981 119.094879 0.000000 0.248954 -0.418365 
133 4.543893 0.000000 1.330562 104.833642 0.000000 8.134080 -0.105626 
134 5.817107 0.000000 1.330562 103.155204 0.000000 5.050829 -0.066651 
135 4.543893 0.000000 2.511144 103.298266 0.000000 11.840894 -0.081074 
136 2.634072 0.000000 0.740272 100.287972 0.000000 0.873557 -0.005844 
137 3.270679 0.000000 0.740272 99.589739 0.000000 0.688667 0.008141 
138 2.634072 0.000000 1.330562 108.868451 0.000000 15.331637 -0.208740 
139 2.315768 0.000000 -0.145165 112.449215 0.000000 0.472154 -0.264505 
140 2.315768 0.000000 -0.440310 100.393107 0.000000 0.866039 -0.007953 
141 2.634072 0.000000 -0.145165 109.783220 0.000000 0.402123 -0.205252 
142 2.315768 0.000000 0.149981 118.414550 0.000000 0.311374 -0.402210 
143 3.907286 0.000000 -0.440310 99.235401 0.000000 0.681964 0.015187 
144 3.907286 0.000000 -1.030601 99.225302 0.000000 0.681894 0.015387 
145 4.543893 0.000000 -0.440310 99.122398 0.000000 0.694844 0.017427 
146 3.907286 0.000000 0.149981 104.673978 0.000000 0.227744 -0.095669 
147 2.952375 0.000000 -0.145165 107.201948 0.000000 0.377544 -0.149240 
148 2.952375 0.000000 -0.440310 99.864565 0.000000 0.755804 0.002650 
149 3.270679 0.000000 -0.145165 105.481901 0.000000 0.353485 -0.112656 
150 2.952375 0.000000 0.149981 109.958613 0.000000 0.268139 -0.209097 
151 3.907286 0.000000 0.740272 99.224756 0.000000 0.682031 0.015398 
152 4.543893 0.000000 0.740272 99.102791 0.000000 0.701002 0.017815 
153 3.907286 0.000000 1.330562 106.222147 0.000000 10.012541 -0.138340 
154 3.588982 0.000000 -0.145165 104.597893 0.000000 0.316828 -0.094082 
155 3.588982 0.000000 -0.440310 99.359091 0.000000 0.677955 0.012731 
156 3.907286 0.000000 -0.145165 103.377062 0.000000 0.331998 -0.068693 
157 3.588982 0.000000 0.149981 106.249023 0.000000 0.210151 -0.128890 
158 33.827819 0.000000 -9.294673 98.598877 0.000000 16.427407 0.000840 
159 33.827819 0.000000 -18.739326 98.493599 0.000000 16.978666 0.001074 
160 44.013532 0.000000 -9.294673 98.590369 0.000000 16.608258 0.000410 
161 33.827819 0.000000 0.149981 99.185684 0.000000 13.256077 -0.001352 
162 18.549249 0.000000 -4.572346 98.797513 0.000000 14.499871 0.002881 
163 18.549249 0.000000 -9.294673 98.501136 0.000000 15.999996 0.004153 
164 23.642105 0.000000 -4.572346 98.805894 0.000000 14.954220 0.001377 
165 18.549249 0.000000 0.149981 99.880133 0.000000 8.957394 -0.005628 
166 10.909964 0.000000 -2.211183 98.930259 0.000000 10.723070 0.009782 
167 10.909964 0.000000 -4.572346 98.399505 0.000000 13.534704 0.013435 
168 13.456392 0.000000 -2.211183 99.128880 0.000000 11.553934 0.003997 
169 10.909964 0.000000 0.149981 102.848537 0.000000 -12.265854 -0.072827 
170 7.090321 0.000000 -1.030601 98.164452 0.000000 5.603892 0.033234 
171 7.090321 0.000000 -2.211183 97.477392 0.000000 9.309903 0.041148 
172 8.363535 0.000000 -1.030601 98.911862 0.000000 6.634294 0.017243 
173 7.090321 0.000000 0.149981 99.697579 0.000000 -12.791510 -0.010323 
174 5.180500 0.000000 -0.440310 99.072087 0.000000 0.709547 0.018422 
175 5.180500 0.000000 -1.030601 99.060150 0.000000 0.713088 0.018658 
176 5.817107 0.000000 -0.440310 99.678756 0.000000 0.160496 0.006412 
177 5.180500 0.000000 0.149981 99.977442 0.000000 0.161073 0.000449 
178 33.827819 0.000000 9.594634 99.192987 0.000000 13.396465 -0.001871 
179 44.013532 0.000000 9.594634 99.302660 0.000000 12.722673 -0.002288 
180 33.827819 0.000000 19.039288 98.689088 0.000000 16.353624 -0.000698 
181 18.549249 0.000000 4.872307 99.359447 0.000000 12.614010 -0.003141 
182 23.642105 0.000000 4.872307 99.821563 0.000000 9.828830 -0.006095 
183 18.549249 0.000000 9.594634 99.068511 0.000000 14.695803 -0.003054 
184 10.909964 0.000000 2.511144 100.123039 0.000000 8.016838 -0.008889 
185 13.456392 0.000000 2.511144 100.711537 0.000000 4.446701 -0.016259 
186 10.909964 0.000000 4.872307 99.640938 0.000000 12.568419 -0.008628 
187 7.090321 0.000000 1.330562 101.837015 0.000000 3.939066 -0.038629 
188 8.363535 0.000000 1.330562 101.391826 0.000000 1.786825 -0.028350 
189 7.090321 0.000000 2.511144 100.724199 0.000000 11.059944 -0.026769 
190 5.180500 0.000000 0.740272 99.060268 0.000000 0.713042 0.018655 
191 5.817107 0.000000 0.740272 99.010873 0.000000 0.733058 0.019631 
192 5.180500 0.000000 1.330562 103.853958 0.000000 6.553768 -0.082860 
193 4.862196 0.000000 -0.145165 101.031471 0.000000 0.215012 -0.020740 
194 4.543893 0.000000 -0.145165 101.306466 0.000000 0.371068 -0.026314 
195 4.862196 0.000000 -0.440310 99.091565 0.000000 0.704361 0.018037 
196 5.180500 0.000000 -0.145165 99.958815 0.000000 0.151628 0.000821 
197 4.862196 0.000000 0.149981 101.063980 0.000000 0.206651 -0.021397 
198 6.453714 0.000000 -0.440310 99.742533 0.000000 -0.000000 0.005143 
199 6.453714 0.000000 -1.030601 97.400959 0.000000 5.068282 0.048737 
200 7.090321 0.000000 -0.440310 98.881336 0.000000 2.085246 0.021813 
201 6.453714 0.000000 0.149981 99.677006 0.000000 -0.000000 0.006449 
202 13.456392 0.000000 -28.183979 98.392992 0.000000 17.181444 0.002362 
203 3.270679 0.000000 -28.183979 98.363605 0.000000 17.249636 0.002705 
204 13.456392 0.000000 -37.628633 98.425090 0.000000 17.267947 0.001432 
205 23.642105 0.000000 -28.183979 98.436314 0.000000 17.158071 0.001589 
206 8.363535 0.000000 -14.016999 98.133983 0.000000 16.664191 0.009203 
207 3.270679 0.000000 -14.016999 98.027950 0.000000 16.907447 0.010466 
208 8.363535 0.000000 -18.739326 98.254774 0.000000 16.982076 0.005761 
209 13.456392 0.000000 -14.016999 98.291095 0.000000 16.569779 0.006430 
210 5.817107 0.000000 -6.933509 97.348620 0.000000 15.237667 0.029106 
211 3.270679 0.000000 -6.933509 96.957287 0.000000 15.978118 0.034398 
212 5.817107 0.000000 -9.294673 97.715032 0.000000 16.088469 0.019293 
213 8.363535 0.000000 -6.933509 97.846498 0.000000 14.969241 0.020198 
214 4.543893 0.000000 -3.391764 95.274988 0.000000 12.472090 0.076712 
215 3.270679 0.000000 -3.391764 94.287730 0.000000 13.947867 0.091528 
216 4.543893 0.000000 -4.572346 96.106105 0.000000 14.049422 0.056623 
217 5.817107 0.000000 -3.391764 96.381748 0.000000 11.809728 0.057109 
218 5.180500 0.000000 -1.620892 95.251269 0.000000 7.166808 0.087583 
219 4.543893 0.000000 -1.620892 93.891352 0.000000 7.316718 0.113088 
220 5.180500 0.000000 -2.211183 95.335003 0.000000 9.264757 0.082540 
221 5.817107 0.000000 -1.620892 96.265234 0.000000 7.235582 0.068065 
222 4.862196 0.000000 -0.735456 99.094310 0.000000 0.703555 0.017982 
223 4.543893 0.000000 -0.735456 99.123997 0.000000 0.697912 0.017395 
224 4.862196 0.000000 -1.030601 99.078831 0.000000 0.707156 0.018289 
225 5.180500 0.000000 -0.735456 99.074059 0.000000 0.708850 0.018383 
226 5.498803 0.000000 -0.145165 99.737663 0.000000 0.088284 0.005239 
227 5.498803 0.000000 -0.440310 99.569593 0.000000 0.297683 0.008581 
228 5.817107 0.000000 -0.145165 99.764730 0.000000 0.090853 0.004699 
229 5.498803 0.000000 0.149981 99.740741 0.000000 0.085868 0.005178 
230 5.021348 0.000000 -0.292737 99.561542 0.000000 0.506693 0.008724 
231 4.862196 0.000000 -0.292737 99.165481 0.000000 0.669324 0.016576 
232 5.021348 0.000000 -0.440310 99.073425 0.000000 0.709047 0.018395 
233 5.180500 0.000000 -0.292737 99.630957 0.000000 0.426332 0.007349 
234 5.021348 0.000000 -0.145165 100.023509 0.000000 0.317625 -0.000480 
235 4.225589 0.000000 -0.145165 102.469580 0.000000 0.331407 -0.050012 
236 4.225589 0.000000 -0.440310 99.168485 0.000000 0.686791 0.016514 
237 4.225589 0.000000 0.149981 103.485769 0.000000 0.225488 -0.070936 
238 4.703045 0.000000 -0.292737 99.432136 0.000000 0.640645 0.011284 
239 4.543893 0.000000 -0.292737 99.110643 0.000000 0.695794 0.017660 
240 4.703045 0.000000 -0.440310 99.095537 0.000000 0.703062 0.017958 
241 4.703045 0.000000 -0.145165 100.525952 0.000000 0.438294 -0.010566 
242 4.862196 0.000000 0.445126 99.094685 0.000000 0.703450 0.017975 
243 4.543893 0.000000 0.445126 99.101702 0.000000 0.701243 0.017836 
244 5.180500 0.000000 0.445126 99.074354 0.000000 0.708747 0.018377 
245 4.862196 0.000000 0.740272 99.078941 0.000000 0.707122 0.018286 
246 5.021348 0.000000 0.002408 100.745178 0.000000 0.103127 -0.014960 
247 4.862196 0.000000 0.002408 101.228358 0.000000 0.168953 -0.024721 
248 5.180500 0.000000 0.002408 100.023256 0.000000 0.115212 -0.000467 
249 5.021348 0.000000 0.149981 100.069615 0.000000 0.297532 -0.001402 
250 4.941772 0.000000 -0.218951 99.435393 0.000000 0.603703 0.011224 
251 4.862196 0.000000 -0.218951 99.447227 0.000000 0.617073 0.010987 
252 4.941772 0.000000 -0.292737 99.147128 0.000000 0.677107 0.016939 
253 5.021348 0.000000 -0.218951 99.450017 0.000000 0.553518 0.010939 
254 4.941772 0.000000 -0.145165 100.711121 0.000000 0.234972 -0.014279 
255 4.703045 0.000000 0.002408 102.625999 0.000000 0.049439 -0.053210 
256 4.543893 0.000000 0.002408 102.605189 0.000000 0.180242 -0.052786 
257 4.703045 0.000000 0.149981 101.159100 0.000000 0.322562 -0.023327 
258 4.782620 0.000000 -0.218951 99.645932 0.000000 0.583698 0.007035 
259 4.703045 0.000000 -0.218951 99.774205 0.000000 0.577734 0.004477 
260 4.782620 0.000000 -0.292737 99.366018 0.000000 0.654678 0.012597 
261 4.782620 0.000000 -0.145165 100.616867 0.000000 0.362235 -0.012389 
262 -6.915035 0.000000 -28.183979 98.379208 0.000000 17.325702 0.002135 
263 -17.100748 0.000000 -28.183979 98.415538 0.000000 17.365811 0.001281 
264 -6.915035 0.000000 -37.628633 98.419139 0.000000 17.333405 0.001323 
265 -1.822178 0.000000 -14.016999 98.069275 0.000000 17.207330 0.008633 
266 -6.915035 0.000000 -14.016999 98.207256 0.000000 17.377372 0.005336 
267 -1.822178 0.000000 -18.739326 98.239302 0.000000 17.240490 0.005181 
268 0.724250 0.000000 -6.933509 97.086914 0.000000 16.833989 0.029075 
269 -1.822178 0.000000 -6.933509 97.525365 0.000000 17.371233 0.018704 
270 0.724250 0.000000 -9.294673 97.596700 0.000000 16.905320 0.018909 
271 1.997464 0.000000 -3.391764 94.174044 0.000000 16.037192 0.087406 
272 0.724250 0.000000 -3.391764 95.226617 0.000000 17.660134 0.062001 
273 1.997464 0.000000 -4.572346 95.618507 0.000000 16.142396 0.059652 
274 2.634072 0.000000 -1.620892 88.449484 0.000000 12.118543 0.202983 
275 1.997464 0.000000 -1.620892 88.260866 0.000000 16.224296 0.194679 
276 2.634072 0.000000 -2.211183 91.122027 0.000000 13.655507 0.151030 
277 3.270679 0.000000 -1.620892 90.198940 0.000000 9.365965 0.177643 
278 2.315768 0.000000 -0.735456 100.344390 0.000000 0.890675 -0.006979 
279 1.997464 0.000000 -0.735456 100.463017 0.000000 0.926840 -0.009368 
280 2.315768 0.000000 -1.030601 100.423671 0.000000 0.910439 -0.008574 
281 2.634072 0.000000 -0.735456 100.208731 0.000000 0.854917 -0.004252 
282 2.156616 0.000000 -0.292737 103.735611 0.000000 0.815609 -0.076174 
283 1.997464 0.000000 -0.292737 103.442386 0.000000 0.898350 -0.070113 
284 2.156616 0.000000 -0.440310 100.383129 0.000000 0.903937 -0.007759 
285 2.315768 0.000000 -0.292737 102.194302 0.000000 0.764383 -0.044426 
286 2.156616 0.000000 -0.145165 112.063549 0.000000 0.573916 -0.255857 
287 1.360857 0.000000 -1.620892 90.570219 0.000000 19.706156 0.140870 
288 0.724250 0.000000 -1.620892 93.536268 0.000000 21.001543 0.080990 
289 1.360857 0.000000 -2.211183 92.407897 0.000000 18.158739 0.113104 
290 1.679161 0.000000 -0.735456 100.562294 0.000000 0.960884 -0.011370 
291 1.360857 0.000000 -0.735456 100.645294 0.000000 0.994259 -0.013046 
292 1.679161 0.000000 -1.030601 100.640950 0.000000 0.988766 -0.012958 
293 1.838313 0.000000 -0.292737 104.838533 0.000000 0.920175 -0.099196 
294 1.679161 0.000000 -0.292737 111.497687 0.000000 0.682065 -0.243220 
295 1.838313 0.000000 -0.440310 100.486635 0.000000 0.938005 -0.009844 
296 1.838313 0.000000 -0.145165 124.928067 0.000000 0.310177 -0.560712 
297 0.087643 0.000000 -0.440310 99.463249 0.000000 24.136074 -0.047549 
298 -0.548964 0.000000 -0.440310 99.779160 0.000000 19.609886 -0.034043 
299 0.087643 0.000000 -1.030601 96.810226 0.000000 22.592289 0.011737 
300 0.087643 0.000000 0.149981 104.351274 0.000000 -0.000000 -0.088919 
301 1.042554 0.000000 -0.145165 102.898062 0.000000 0.239031 -0.058807 
302 0.724250 0.000000 -0.145165 101.802279 0.000000 0.136594 -0.036372 
303 1.042554 0.000000 -0.440310 100.704181 0.000000 1.029981 -0.014239 
304 1.042554 0.000000 0.149981 102.902943 0.000000 0.235577 -0.058907 
305 1.520009 0.000000 -0.292737 103.852421 0.000000 0.657694 -0.078576 
306 1.360857 0.000000 -0.292737 104.321242 0.000000 0.636440 -0.088333 
307 1.520009 0.000000 -0.440310 100.571102 0.000000 0.967093 -0.011548 
308 1.520009 0.000000 -0.145165 113.819039 0.000000 0.272192 -0.295485 
309 1.679161 0.000000 0.445126 100.559588 0.000000 0.959288 -0.011315 
310 1.360857 0.000000 0.445126 100.644486 0.000000 0.993302 -0.013030 
311 1.997464 0.000000 0.445126 100.458476 0.000000 0.925114 -0.009276 
312 1.679161 0.000000 0.740272 100.640056 0.000000 0.987894 -0.012940 
313 1.838313 0.000000 0.002408 129.744076 0.000000 0.191124 -0.683356 
314 1.679161 0.000000 0.002408 121.353408 0.000000 0.197744 -0.472669 
315 1.997464 0.000000 0.002408 127.932093 0.000000 0.221428 -0.636667 
316 1.838313 0.000000 0.149981 122.938059 0.000000 0.361730 -0.511390 
317 1.758737 0.000000 -0.218951 117.977853 0.000000 0.497429 -0.391902 
318 1.679161 0.000000 -0.218951 117.026345 0.000000 0.413719 -0.369534 
319 1.758737 0.000000 -0.292737 111.000815 0.000000 0.676047 -0.232164 
320 1.838313 0.000000 -0.218951 108.258203 0.000000 0.827448 -0.172052 
321 1.758737 0.000000 -0.145165 119.522837 0.000000 0.368392 -0.428584 
322 1.838313 0.000000 -0.587883 100.480766 0.000000 0.935514 -0.009726 
323 1.679161 0.000000 -0.587883 100.566216 0.000000 0.963195 -0.011449 
324 1.838313 0.000000 -0.735456 100.557668 0.000000 0.957340 -0.011276 
325 1.997464 0.000000 -0.587883 100.469502 0.000000 0.929202 -0.009498 
326 1.758737 0.000000 -0.366524 100.568889 0.000000 0.964200 -0.011503 
327 1.679161 0.000000 -0.366524 100.570664 0.000000 0.965893 -0.011539 
328 1.758737 0.000000 -0.440310 100.567646 0.000000 0.963475 -0.011478 
329 1.838313 0.000000 -0.366524 100.488803 0.000000 0.938935 -0.009888 
330 1.917889 0.000000 -0.218951 105.954226 0.000000 0.879467 -0.122707 
331 1.917889 0.000000 -0.292737 103.443370 0.000000 0.950504 -0.070143 
332 1.997464 0.000000 -0.218951 105.891395 0.000000 0.838114 -0.121369 
333 1.917889 0.000000 -0.145165 120.403375 0.000000 0.440016 -0.449717 
334 1.798525 0.000000 -0.255844 102.516956 0.000000 1.038392 -0.051080 
335 1.758737 0.000000 -0.255844 112.000712 0.000000 0.650884 -0.254458 
336 1.798525 0.000000 -0.292737 110.903582 0.000000 0.677666 -0.230006 
337 1.838313 0.000000 -0.255844 102.300246 0.000000 1.042328 -0.046643 
338 1.798525 0.000000 -0.218951 117.873355 0.000000 0.499471 -0.389438 
339 1.917889 0.000000 -0.366524 100.483747 0.000000 0.935806 -0.009786 
340 1.917889 0.000000 -0.440310 100.481597 0.000000 0.934943 -0.009743 
341 1.997464 0.000000 -0.366524 100.666530 0.000000 0.970351 -0.013469 
342 1.878101 0.000000 -0.255844 101.527537 0.000000 1.051546 -0.030895 
343 1.878101 0.000000 -0.292737 103.415104 0.000000 0.962011 -0.069561 
344 1.917889 0.000000 -0.255844 104.975327 0.000000 0.911469 -0.102065 
345 1.878101 0.000000 -0.218951 106.916713 0.000000 0.866984 -0.143194 
346 1.520009 0.000000 0.002408 113.922489 0.000000 0.184232 -0.297837 
347 1.360857 0.000000 0.002408 106.942336 0.000000 0.159403 -0.143669 
348 1.520009 0.000000 0.149981 114.006858 0.000000 0.263408 -0.299763 
349 1.758737 0.000000 -0.071378 123.804152 0.000000 0.234975 -0.532752 
350 1.679161 0.000000 -0.071378 120.462167 0.000000 0.218745 -0.451118 
351 1.838313 0.000000 -0.071378 127.509757 0.000000 0.245820 -0.625880 
352 1.758737 0.000000 0.002408 129.537670 0.000000 0.134422 -0.678003 
353 1.798525 0.000000 -0.182058 119.206044 0.000000 0.465743 -0.421030 
354 1.758737 0.000000 -0.182058 119.289583 0.000000 0.464190 -0.423022 
355 1.838313 0.000000 -0.182058 111.218146 0.000000 0.732059 -0.237001 
356 1.798525 0.000000 -0.145165 120.810115 0.000000 0.425155 -0.459526 
357 1.818419 0.000000 -0.237398 103.007136 0.000000 1.030550 -0.061153 
358 1.798525 0.000000 -0.237398 104.326759 0.000000 0.981887 -0.088504 
359 1.818419 0.000000 -0.255844 101.327923 0.000000 1.090302 -0.026854 
360 1.838313 0.000000 -0.237398 103.853815 0.000000 0.994181 -0.078660 
361 1.818419 0.000000 -0.218951 105.087360 0.000000 0.953340 -0.104426 
362 6.453714 0.000000 0.740272 102.179167 0.000000 -0.759111 -0.044116 
363 7.090321 0.000000 0.740272 101.165606 0.000000 2.059227 -0.023872 
364 6.453714 0.000000 1.330562 102.455678 0.000000 3.885735 -0.051226 
365 6.135410 0.000000 -0.145165 99.709256 0.000000 0.031932 0.005806 
366 6.135410 0.000000 -0.440310 99.678008 0.000000 0.113338 0.006428 
367 6.453714 0.000000 -0.145165 99.676888 0.000000 -0.000000 0.006452 
368 6.135410 0.000000 0.149981 99.709751 0.000000 0.031339 0.005796 
369 9.636749 0.000000 -1.030601 99.227169 0.000000 7.368677 0.009967 
370 9.636749 0.000000 -2.211183 98.678251 0.000000 10.246517 0.015761 
371 10.909964 0.000000 -1.030601 99.435220 0.000000 8.077341 0.004739 
372 9.636749 0.000000 0.149981 100.077093 0.000000 -10.991921 -0.013625 
373 7.726928 0.000000 -0.440310 99.167778 0.000000 2.740059 0.015824 
374 7.726928 0.000000 -1.030601 98.621464 0.000000 6.146178 0.023603 
375 8.363535 0.000000 -0.440310 99.338623 0.000000 3.237203 0.012136 
376 7.726928 0.000000 0.149981 99.694180 0.000000 -11.746148 -0.007690 
377 6.772018 0.000000 -0.145165 99.589072 0.000000 -0.000000 0.008202 
378 6.772018 0.000000 -0.440310 98.673739 0.000000 1.661440 0.026073 
379 7.090321 0.000000 -0.145165 99.242696 0.000000 -4.977787 0.012611 
380 6.772018 0.000000 0.149981 99.589157 0.000000 -0.000000 0.008200 
381 6.135410 0.000000 0.445126 99.800022 0.000000 0.000000 0.003996 
382 5.817107 0.000000 0.445126 99.629800 0.000000 0.202183 0.007386 
383 6.453714 0.000000 0.445126 99.742550 0.000000 -0.000000 0.005142 
384 6.135410 0.000000 0.740272 102.930653 0.000000 -2.146523 -0.059933 
385 6.294562 0.000000 0.002408 99.794340 0.000000 0.000000 0.004109 
386 6.135410 0.000000 0.002408 99.772561 0.000000 0.008105 0.004544 
387 6.294562 0.000000 -0.145165 99.705728 0.000000 -0.000000 0.005877 
388 6.453714 0.000000 0.002408 99.080244 0.000000 -0.000000 0.018311 
389 6.294562 0.000000 0.149981 99.705679 0.000000 -0.000000 0.005878 
390 7.090321 0.000000 -3.391764 97.286237 0.000000 11.684926 0.039885 
391 7.090321 0.000000 -4.572346 97.340588 0.000000 13.282630 0.034838 
392 8.363535 0.000000 -3.391764 97.922274 0.000000 11.817150 0.027158 
393 6.453714 0.000000 -1.620892 97.068701 0.000000 7.401757 0.052288 
394 6.453714 0.000000 -2.211183 96.903019 0.000000 9.165768 0.052579 
395 7.090321 0.000000 -1.620892 97.717836 0.000000 7.672081 0.039236 
396 6.135410 0.000000 -0.735456 97.085770 0.000000 3.230565 0.056392 
397 5.817107 0.000000 -0.735456 99.031083 0.000000 0.724313 0.019232 
398 6.135410 0.000000 -1.030601 96.911696 0.000000 4.876618 0.058434 
399 6.453714 0.000000 -0.735456 97.698411 0.000000 3.491857 0.044283 
400 6.294562 0.000000 -0.292737 99.694329 0.000000 -0.000000 0.006104 
401 6.135410 0.000000 -0.292737 99.735285 0.000000 0.043861 0.005287 
402 6.294562 0.000000 -0.440310 99.759284 0.000000 -0.000000 0.004809 
403 6.453714 0.000000 -0.292737 99.669474 0.000000 -0.000000 0.006600 
404 9.636749 0.000000 1.330562 100.463480 0.000000 6.780529 -0.013889 
405 10.909964 0.000000 1.330562 100.457344 0.000000 4.620523 -0.011303 
406 9.636749 0.000000 2.511144 99.919070 0.000000 9.922278 -0.008227 
407 7.726928 0.000000 0.740272 100.643468 0.000000 3.894794 -0.014428 
408 8.363535 0.000000 0.740272 100.329793 0.000000 5.067640 -0.009175 
409 7.726928 0.000000 1.330562 101.416402 0.000000 3.597762 -0.029823 
410 6.772018 0.000000 0.445126 100.522756 0.000000 1.171159 -0.010620 
411 7.090321 0.000000 0.445126 100.316360 0.000000 2.060793 -0.006762 
412 6.772018 0.000000 0.740272 101.588434 0.000000 0.713105 -0.032072 
413 6.612866 0.000000 0.002408 99.638133 0.000000 -0.000000 0.007224 
414 6.612866 0.000000 -0.145165 99.640846 0.000000 -0.000000 0.007170 
415 6.772018 0.000000 0.002408 99.587670 0.000000 -0.000000 0.008230 
416 6.612866 0.000000 0.149981 99.641003 0.000000 -0.000000 0.007167 
417 6.374138 0.000000 -0.071378 99.694868 0.000000 -0.000000 0.006093 
418 6.294562 0.000000 -0.071378 99.706411 0.000000 -0.000000 0.005863 
419 6.374138 0.000000 -0.145165 99.686681 0.000000 -0.000000 0.006257 
420 6.453714 0.000000 -0.071378 99.675382 0.000000 -0.000000 0.006482 
421 6.374138 0.000000 0.002408 99.790896 0.000000 0.000000 0.004178 
422 6.772018 0.000000 -0.735456 98.167490 0.000000 3.883204 0.034806 
423 6.772018 0.000000 -1.030601 97.827622 0.000000 5.327485 0.040137 
424 7.090321 0.000000 -0.735456 98.487698 0.000000 4.252229 0.028209 
425 6.612866 0.000000 -0.292737 99.626285 0.000000 -0.000000 0.007460 
426 6.612866 0.000000 -0.440310 99.460103 0.000000 -0.000000 0.010769 
427 6.772018 0.000000 -0.292737 99.455778 0.000000 -0.000000 0.010855 
428 6.533290 0.000000 -0.071378 99.656904 0.000000 -0.000000 0.006850 
429 6.533290 0.000000 -0.145165 99.658960 0.000000 -0.000000 0.006809 
430 6.612866 0.000000 -0.071378 99.638865 0.000000 -0.000000 0.007210 
431 6.533290 0.000000 0.002408 99.656132 0.000000 -0.000000 0.006866 
432 6.294562 0.000000 0.297553 99.694265 0.000000 -0.000000 0.006105 
433 6.135410 0.000000 0.297553 99.758008 0.000000 0.022130 0.004834 
434 6.453714 0.000000 0.297553 99.669559 0.000000 -0.000000 0.006598 
435 6.294562 0.000000 0.445126 99.753326 0.000000 -0.000000 0.004927 
436 6.374138 0.000000 0.076194 99.694893 0.000000 -0.000000 0.006093 
437 6.294562 0.000000 0.076194 99.706374 0.000000 -0.000000 0.005864 
438 6.453714 0.000000 0.076194 99.675457 0.000000 -0.000000 0.006480 
439 6.374138 0.000000 0.149981 99.686697 0.000000 -0.000000 0.006256 
440 6.413926 0.000000 -0.034485 99.680527 0.000000 -0.000000 0.006379 
441 6.374138 0.000000 -0.034485 99.745903 0.000000 0.000000 0.005075 
442 6.413926 0.000000 -0.071378 99.680762 0.000000 -0.000000 0.006375 
443 6.453714 0.000000 -0.034485 99.141606 0.000000 -0.000000 0.017094 
444 6.413926 0.000000 0.002408 99.804424 0.000000 -0.000000 0.003908 
445 6.612866 0.000000 0.297553 99.626414 0.000000 -0.000000 0.007458 
446 6.772018 0.000000 0.297553 99.455820 0.000000 -0.000000 0.010854 
447 6.612866 0.000000 0.445126 99.460103 0.000000 -0.000000 0.010769 
448 6.533290 0.000000 0.076194 99.657007 0.000000 -0.000000 0.006848 
449 6.612866 0.000000 0.076194 99.638963 0.000000 -0.000000 0.007208 
450 6.533290 0.000000 0.149981 99.659121 0.000000 -0.000000 0.006806 
451 6.493502 0.000000 -0.034485 99.123948 0.000000 -0.000000 0.017444 
452 6.493502 0.000000 -0.071378 99.660747 0.000000 -0.000000 0.006774 
453 6.533290 0.000000 -0.034485 99.656317 0.000000 -0.000000 0.006862 
454 6.493502 0.000000 0.002408 99.078806 0.000000 -0.000000 0.018339 
455 6.413926 0.000000 0.039301 99.680549 0.000000 -0.000000 0.006379 
456 6.374138 0.000000 0.039301 99.743648 0.000000 0.000000 0.005120 
457 6.453714 0.000000 0.039301 99.150670 0.000000 -0.000000 0.016914 
458 6.413926 0.000000 0.076194 99.680803 0.000000 -0.000000 0.006374 
459 6.433820 0.000000 -0.016039 99.268138 0.000000 -0.000000 0.014584 
460 6.413926 0.000000 -0.016039 99.787210 0.000000 -0.000000 0.004251 
461 6.433820 0.000000 -0.034485 99.308524 0.000000 -0.000000 0.013782 
462 6.453714 0.000000 -0.016039 99.109487 0.000000 -0.000000 0.017731 
463 6.433820 0.000000 0.002408 99.258367 0.000000 -0.000000 0.014778 
464 5.976259 0.000000 0.002408 99.788074 0.000000 0.026533 0.004234 
465 5.817107 0.000000 0.002408 99.830383 0.000000 0.006080 0.003389 
466 5.976259 0.000000 -0.145165 99.782122 0.000000 0.058251 0.004352 
467 5.976259 0.000000 0.149981 99.796681 0.000000 0.045066 0.004062 
468 6.214986 0.000000 -0.071378 99.735155 0.000000 0.010796 0.005290 
469 6.135410 0.000000 -0.071378 99.741515 0.000000 0.020649 0.005163 
470 6.214986 0.000000 -0.145165 99.707556 0.000000 0.016525 0.005840 
471 6.214986 0.000000 0.002408 99.784669 0.000000 0.001688 0.004302 
472 6.334350 0.000000 -0.034485 99.769194 0.000000 0.000000 0.004611 
473 6.294562 0.000000 -0.034485 99.758106 0.000000 -0.000000 0.004832 
474 6.334350 0.000000 -0.071378 99.700733 0.000000 -0.000000 0.005976 
475 6.334350 0.000000 0.002408 99.793219 0.000000 0.000000 0.004131 
476 5.498803 0.000000 0.445126 99.617715 0.000000 0.256506 0.007625 
477 5.498803 0.000000 0.740272 99.031460 0.000000 0.724150 0.019225 
478 5.657955 0.000000 0.002408 99.868762 0.000000 0.012503 0.002623 
479 5.498803 0.000000 0.002408 99.916694 0.000000 0.015729 0.001665 
480 5.657955 0.000000 -0.145165 99.760679 0.000000 0.106267 0.004780 
481 5.657955 0.000000 0.149981 99.764042 0.000000 0.103355 0.004713 
482 5.976259 0.000000 -0.292737 99.740142 0.000000 0.086845 0.005190 
483 5.817107 0.000000 -0.292737 99.741941 0.000000 0.115598 0.005153 
484 5.976259 0.000000 -0.440310 99.635909 0.000000 0.166477 0.007266 
485 5.896683 0.000000 -0.071378 99.791906 0.000000 0.045816 0.004157 
486 5.817107 0.000000 -0.071378 99.790689 0.000000 0.057722 0.004182 
487 5.896683 0.000000 -0.145165 99.780395 0.000000 0.066907 0.004387 
488 5.976259 0.000000 -0.071378 99.792693 0.000000 0.034825 0.004142 
489 5.896683 0.000000 0.002408 99.805254 0.000000 0.023179 0.003891 
490 5.498803 0.000000 -0.735456 99.044103 0.000000 0.719042 0.018975 
491 5.498803 0.000000 -1.030601 99.044722 0.000000 0.718786 0.018963 
492 5.657955 0.000000 -0.292737 99.730543 0.000000 0.135750 0.005380 
493 5.498803 0.000000 -0.292737 99.667916 0.000000 0.204841 0.006626 
494 5.657955 0.000000 -0.440310 99.675765 0.000000 0.194942 0.006470 
495 5.737531 0.000000 -0.071378 99.797781 0.000000 0.062757 0.004040 
496 5.657955 0.000000 -0.071378 99.769376 0.000000 0.099510 0.004606 
497 5.737531 0.000000 -0.145165 99.763495 0.000000 0.100388 0.004723 
498 5.737531 0.000000 0.002408 99.837079 0.000000 0.020424 0.003256 
499 5.339652 0.000000 0.002408 99.740390 0.000000 0.052721 0.005185 
500 5.339652 0.000000 -0.145165 99.755923 0.000000 0.148215 0.004873 
501 5.339652 0.000000 0.149981 99.774881 0.000000 0.132810 0.004496 
502 5.578379 0.000000 -0.071378 99.758589 0.000000 0.071412 0.004822 
503 5.498803 0.000000 -0.071378 99.746779 0.000000 0.073306 0.005057 
504 5.578379 0.000000 -0.145165 99.721258 0.000000 0.119878 0.005566 
505 5.578379 0.000000 0.002408 99.864823 0.000000 0.024259 0.002702 
506 5.339652 0.000000 -0.292737 99.547946 0.000000 0.318715 0.009010 
507 5.339652 0.000000 -0.440310 99.057226 0.000000 0.714229 0.018716 
508 5.419228 0.000000 -0.071378 99.720118 0.000000 0.081226 0.005589 
509 5.339652 0.000000 -0.071378 99.803759 0.000000 0.099368 0.003920 
510 5.419228 0.000000 -0.145165 99.691541 0.000000 0.131828 0.006158 
511 5.419228 0.000000 0.002408 99.714660 0.000000 0.068646 0.005698 
512 5.657955 0.000000 0.297553 99.738868 0.000000 0.128680 0.005214 
513 5.498803 0.000000 0.297553 99.681208 0.000000 0.193840 0.006362 
514 5.817107 0.000000 0.297553 99.765488 0.000000 0.094505 0.004684 
515 5.657955 0.000000 0.445126 99.691647 0.000000 0.181827 0.006154 
516 5.578379 0.000000 0.076194 99.759598 0.000000 0.070711 0.004802 
517 5.498803 0.000000 0.076194 99.747914 0.000000 0.072697 0.005035 
518 5.657955 0.000000 0.076194 99.770940 0.000000 0.098148 0.004575 
519 5.578379 0.000000 0.149981 99.737729 0.000000 0.104195 0.005237 
520 5.538591 0.000000 -0.034485 99.758198 0.000000 0.065136 0.004830 
521 5.498803 0.000000 -0.034485 99.750073 0.000000 0.067450 0.004992 
522 5.538591 0.000000 -0.071378 99.754916 0.000000 0.070236 0.004895 
523 5.578379 0.000000 -0.034485 99.810360 0.000000 0.045885 0.003789 
524 5.538591 0.000000 0.002408 99.888345 0.000000 0.019753 0.002232 
525 5.339652 0.000000 0.297553 99.584482 0.000000 0.286050 0.008285 
526 5.180500 0.000000 0.297553 99.665278 0.000000 0.408746 0.006667 
527 5.339652 0.000000 0.445126 99.058535 0.000000 0.713719 0.018690 
528 5.419228 0.000000 0.076194 99.722245 0.000000 0.080592 0.005547 
529 5.339652 0.000000 0.076194 99.817143 0.000000 0.091022 0.003653 
530 5.419228 0.000000 0.149981 99.696878 0.000000 0.127864 0.006052 
531 5.459015 0.000000 -0.034485 99.738237 0.000000 0.070013 0.005228 
532 5.419228 0.000000 -0.034485 99.716966 0.000000 0.072694 0.005652 
533 5.459015 0.000000 -0.071378 99.736796 0.000000 0.075857 0.005257 
534 5.459015 0.000000 0.002408 99.738844 0.000000 0.067690 0.005216 
535 5.538591 0.000000 0.039301 99.758585 0.000000 0.065003 0.004822 
536 5.498803 0.000000 0.039301 99.750512 0.000000 0.067337 0.004983 
537 5.578379 0.000000 0.039301 99.807350 0.000000 0.047170 0.003849 
538 5.538591 0.000000 0.076194 99.755917 0.000000 0.069635 0.004875 
539 5.518697 0.000000 -0.016039 99.856498 0.000000 0.032231 0.002868 
540 5.498803 0.000000 -0.016039 99.751096 0.000000 0.065692 0.004971 
541 5.518697 0.000000 -0.034485 99.753937 0.000000 0.066907 0.004915 
542 5.538591 0.000000 -0.016039 99.872603 0.000000 0.025279 0.002546 
543 5.518697 0.000000 0.002408 99.916380 0.000000 0.012216 0.001672 
544 16.002820 0.000000 -2.211183 99.167690 0.000000 12.234215 0.001609 
545 16.002820 0.000000 -4.572346 98.764530 0.000000 14.235505 0.004292 
546 18.549249 0.000000 -2.211183 99.147525 0.000000 12.793206 0.000610 
547 16.002820 0.000000 0.149981 100.118420 0.000000 7.329070 -0.007741 
548 12.183178 0.000000 -1.030601 99.530771 0.000000 8.808227 0.001604 
549 12.183178 0.000000 -2.211183 99.060095 0.000000 11.160446 0.006254 
550 13.456392 0.000000 -1.030601 99.558350 0.000000 9.440223 -0.000098 
551 12.183178 0.000000 0.149981 101.345969 0.000000 -1.987791 -0.027496 
552 -27.286461 0.000000 -28.183979 98.443226 0.000000 17.377526 0.000695 
553 -37.472175 0.000000 -28.183979 98.459182 0.000000 17.378507 0.000378 
554 -27.286461 0.000000 -37.628633 98.448702 0.000000 17.368040 0.000620 
555 33.827819 0.000000 -28.183979 98.466238 0.000000 17.164251 0.000979 
556 33.827819 0.000000 -37.628633 98.460783 0.000000 17.247032 0.000801 
557 44.013532 0.000000 -28.183979 98.482341 0.000000 17.179937 0.000608 
558 -12.007891 0.000000 -14.016999 98.331148 0.000000 17.416335 0.002766 
559 -17.100748 0.000000 -14.016999 98.394241 0.000000 17.420051 0.001512 
560 -12.007891 0.000000 -18.739326 98.352739 0.000000 17.378019 0.002474 
561 18.549249 0.000000 -14.016999 98.411404 0.000000 16.596250 0.003976 
562 18.549249 0.000000 -18.739326 98.402491 0.000000 16.912645 0.003091 
563 23.642105 0.000000 -14.016999 98.484290 0.000000 16.669334 0.002298 
564 -4.368606 0.000000 -6.933509 97.904755 0.000000 17.543962 0.010687 
565 -6.915035 0.000000 -6.933509 98.138866 0.000000 17.569400 0.006008 
566 -4.368606 0.000000 -9.294673 97.979362 0.000000 17.399266 0.009731 
567 10.909964 0.000000 -6.933509 98.214609 0.000000 14.994538 0.012905 
568 10.909964 0.000000 -9.294673 98.180490 0.000000 15.823364 0.011021 
569 13.456392 0.000000 -6.933509 98.433525 0.000000 15.131781 0.008187 
570 -0.548964 0.000000 -3.391764 96.446541 0.000000 18.265000 0.036445 
571 -1.822178 0.000000 -3.391764 97.285174 0.000000 18.231405 0.020321 
572 -0.548964 0.000000 -4.572346 96.736913 0.000000 17.630037 0.033115 
573 0.087643 0.000000 -1.620892 95.780213 0.000000 20.821897 0.039260 
574 -0.548964 0.000000 -1.620892 97.022078 0.000000 20.069620 0.018393 
575 0.087643 0.000000 -2.211183 95.537411 0.000000 19.533808 0.049103 
576 1.042554 0.000000 -0.735456 100.724567 0.000000 1.063479 -0.014657 
577 0.724250 0.000000 -0.735456 100.638294 0.000000 1.114285 -0.012931 
578 1.042554 0.000000 -1.030601 100.698381 0.000000 1.093081 -0.014136 
579 3.907286 0.000000 -1.620892 92.161835 0.000000 7.924828 0.144339 
580 3.907286 0.000000 -2.211183 93.092600 0.000000 10.323618 0.122719 
581 2.952375 0.000000 -0.735456 100.067000 0.000000 0.823149 -0.001408 
582 2.952375 0.000000 -1.030601 100.049169 0.000000 0.784444 -0.001045 
583 3.270679 0.000000 -0.735456 99.747661 0.000000 0.727956 0.004987 
584 0.087643 0.000000 0.740272 99.787940 0.000000 23.168899 -0.049443 
585 -0.548964 0.000000 0.740272 98.494360 0.000000 20.747241 -0.013159 
586 0.087643 0.000000 1.330562 101.177415 0.000000 21.607419 -0.070375 
587 1.042554 0.000000 0.445126 100.724815 0.000000 1.063298 -0.014662 
588 0.724250 0.000000 0.445126 100.593660 0.000000 1.123714 -0.012035 
589 1.042554 0.000000 0.740272 100.638398 0.000000 1.114263 -0.012933 
590 2.315768 0.000000 0.445126 100.339978 0.000000 0.889628 -0.006890 
591 2.634072 0.000000 0.445126 100.206521 0.000000 0.854859 -0.004208 
592 2.315768 0.000000 0.740272 100.421391 0.000000 0.909837 -0.008528 
593 2.952375 0.000000 0.445126 100.067612 0.000000 0.823862 -0.001421 
594 3.270679 0.000000 0.445126 99.647412 0.000000 0.705841 0.006990 
595 2.952375 0.000000 0.740272 99.955650 0.000000 0.752716 0.000830 
596 2.156616 0.000000 0.002408 126.415967 0.000000 0.193048 -0.598103 
597 2.315768 0.000000 0.002408 121.590081 0.000000 0.228515 -0.478420 
598 2.156616 0.000000 0.149981 119.303635 0.000000 0.377337 -0.423350 
599 3.588982 0.000000 -0.735456 99.418896 0.000000 0.687463 0.011541 
600 3.588982 0.000000 -1.030601 99.366538 0.000000 0.676297 0.012583 
601 3.907286 0.000000 -0.735456 99.239610 0.000000 0.691230 0.015102 
602 4.225589 0.000000 -0.735456 99.169734 0.000000 0.693035 0.016488 
603 4.225589 0.000000 -1.030601 99.136887 0.000000 0.695025 0.017139 
604 3.588982 0.000000 0.445126 99.418778 0.000000 0.687669 0.011543 
605 3.907286 0.000000 0.445126 99.189048 0.000000 0.690217 0.016106 
606 3.588982 0.000000 0.740272 99.403246 0.000000 0.673811 0.011854 
607 4.225589 0.000000 0.445126 99.136520 0.000000 0.694914 0.017147 
608 4.225589 0.000000 0.740272 99.136538 0.000000 0.695146 0.017146 
609 16.002820 0.000000 -6.933509 98.556704 0.000000 15.300640 0.005247 
610 16.002820 0.000000 -9.294673 98.427078 0.000000 15.902426 0.005922 
611 18.549249 0.000000 -6.933509 98.606269 0.000000 15.428542 0.003876 
612 9.636749 0.000000 -3.391764 98.333432 0.000000 12.075032 0.018473 
613 9.636749 0.000000 -4.572346 98.169345 0.000000 13.359050 0.018432 
614 10.909964 0.000000 -3.391764 98.602480 0.000000 12.376775 0.012437 
615 12.183178 0.000000 -3.391764 98.754824 0.000000 12.666550 0.008704 
616 12.183178 0.000000 -4.572346 98.552279 0.000000 13.716939 0.009929 
617 13.456392 0.000000 -3.391764 98.846525 0.000000 12.932204 0.006212 
618 7.726928 0.000000 -1.620892 98.211828 0.000000 8.039275 0.028981 
619 7.726928 0.000000 -2.211183 97.914108 0.000000 9.502913 0.032252 
620 8.363535 0.000000 -1.620892 98.529984 0.000000 8.365236 0.022187 
621 16.002820 0.000000 2.511144 100.717501 0.000000 4.531842 -0.016455 
622 18.549249 0.000000 2.511144 100.117936 0.000000 7.963046 -0.008701 
623 16.002820 0.000000 4.872307 99.405726 0.000000 12.507719 -0.003794 
624 12.183178 0.000000 1.330562 99.677997 0.000000 8.911988 -0.001513 
625 13.456392 0.000000 1.330562 99.915785 0.000000 8.182985 -0.005013 
626 12.183178 0.000000 2.511144 100.342782 0.000000 6.496184 -0.011087 
627 5.021348 0.000000 0.297553 99.619358 0.000000 0.480705 0.007575 
628 4.862196 0.000000 0.297553 99.093228 0.000000 0.703875 0.018004 
629 5.021348 0.000000 0.445126 99.075618 0.000000 0.708285 0.018352 
630 2.156616 0.000000 -0.587883 100.452808 0.000000 0.920897 -0.009161 
631 2.156616 0.000000 -0.735456 100.447819 0.000000 0.919474 -0.009061 
632 2.315768 0.000000 -0.587883 100.349824 0.000000 0.891649 -0.007088 
633 1.520009 0.000000 -0.587883 100.568231 0.000000 0.965241 -0.011490 
634 1.360857 0.000000 -0.587883 100.646423 0.000000 0.995614 -0.013069 
635 1.520009 0.000000 -0.735456 100.644899 0.000000 0.993345 -0.013038 
636 1.917889 0.000000 -0.071378 127.380076 0.000000 0.241659 -0.622574 
637 1.997464 0.000000 -0.071378 127.102070 0.000000 0.243572 -0.615500 
638 1.917889 0.000000 0.002408 128.206382 0.000000 0.220439 -0.643693 
639 1.878101 0.000000 -0.182058 110.363519 0.000000 0.752160 -0.218067 
640 1.917889 0.000000 -0.182058 112.604394 0.000000 0.683548 -0.268022 
641 1.878101 0.000000 -0.145165 124.784958 0.000000 0.312184 -0.557138 
642 5.976259 0.000000 0.297553 99.762430 0.000000 0.066362 0.004745 
643 5.976259 0.000000 0.445126 99.690818 0.000000 0.115659 0.006173 
644 6.214986 0.000000 0.076194 99.734119 0.000000 0.010904 0.005311 
645 6.135410 0.000000 0.076194 99.740836 0.000000 0.020795 0.005177 
646 6.214986 0.000000 0.149981 99.707749 0.000000 0.016241 0.005836 
647 6.334350 0.000000 0.039301 99.766582 0.000000 0.000000 0.004663 
648 6.294562 0.000000 0.039301 99.754820 0.000000 -0.000000 0.004898 
649 6.334350 0.000000 0.076194 99.700725 0.000000 -0.000000 0.005977 
650 6.493502 0.000000 0.039301 99.132719 0.000000 -0.000000 0.017270 
651 6.533290 0.000000 0.039301 99.656372 0.000000 -0.000000 0.006861 
652 6.493502 0.000000 0.076194 99.660832 0.000000 -0.000000 0.006772 
653 6.055835 0.000000 -0.071378 99.751733 0.000000 0.030039 0.004959 
654 6.055835 0.000000 -0.145165 99.757436 0.000000 0.046246 0.004845 
655 6.055835 0.000000 0.002408 99.769069 0.000000 0.018415 0.004613 
656 6.055835 0.000000 0.076194 99.751431 0.000000 0.030101 0.004965 
657 5.976259 0.000000 0.076194 99.801030 0.000000 0.027451 0.003975 
658 6.055835 0.000000 0.149981 99.758422 0.000000 0.045332 0.004826 
659 5.896683 0.000000 0.076194 99.792206 0.000000 0.045997 0.004151 
660 5.817107 0.000000 0.076194 99.800314 0.000000 0.049106 0.003989 
661 5.896683 0.000000 0.149981 99.782146 0.000000 0.065395 0.004352 
662 5.737531 0.000000 0.076194 99.797642 0.000000 0.063037 0.004043 
663 5.737531 0.000000 0.149981 99.766358 0.000000 0.097919 0.004666 
664 5.459015 0.000000 0.039301 99.738954 0.000000 0.069826 0.005214 
665 5.419228 0.000000 0.039301 99.718395 0.000000 0.072819 0.005624 
666 5.459015 0.000000 0.076194 99.738286 0.000000 0.075138 0.005227 
667 4.703045 0.000000 0.297553 100.194210 0.000000 0.499964 -0.003913 
668 4.543893 0.000000 0.297553 99.122841 0.000000 0.698134 0.017417 
669 4.703045 0.000000 0.445126 99.097854 0.000000 0.702438 0.017912 
1 19 21 9 22 
2 20 19 22 4 
3 28 29 3 30 
4 21 28 30 9 
5 35 37 21 38 
6 36 35 38 19 
7 44 45 28 46 
8 37 44 46 21 
9 51 53 37 54 
10 52 51 54 35 
11 60 61 44 62 
12 53 60 62 37 
13 67 69 53 70 
14 68 67 70 51 
15 11 78 76 77 
16 78 10 24 76 
17 76 24 14 79 
18 77 76 79 6 
19 24 82 80 81 
20 82 23 40 80 
21 80 40 27 83 
22 81 80 83 14 
23 40 86 84 85 
24 86 39 56 84 
25 84 56 43 87 
26 85 84 87 27 
27 56 90 88 89 
28 89 88 91 43 
29 92 93 60 94 
30 69 92 94 53 
31 95 97 69 98 
32 96 95 98 67 
33 6 79 112 113 
34 79 14 36 112 
35 112 36 19 114 
36 113 112 114 20 
37 14 83 115 116 
38 83 27 52 115 
39 115 52 35 117 
40 116 115 117 36 
41 27 87 118 119 
42 87 43 68 118 
43 118 68 51 120 
44 119 118 120 52 
45 43 91 121 122 
46 121 96 67 123 
47 122 121 123 68 
48 124 126 95 127 
49 125 124 127 96 
50 133 134 92 135 
51 97 133 135 69 
52 136 137 97 138 
53 126 136 138 95 
54 140 108 141 139 
55 139 141 111 142 
56 108 148 147 141 
57 148 110 149 147 
58 147 149 5 150 
59 141 147 150 111 
60 151 152 133 153 
61 137 151 153 97 
62 110 155 154 149 
63 155 143 156 154 
64 154 156 146 157 
65 149 154 157 5 
66 15 159 158 33 
67 159 17 160 158 
68 158 160 8 161 
69 33 158 161 18 
70 163 33 164 162 
71 162 164 18 165 
72 18 161 178 45 
73 161 8 179 178 
74 178 179 29 180 
75 45 178 180 28 
76 165 18 182 181 
77 181 182 45 183 
78 61 181 183 44 
79 184 185 61 186 
80 93 184 186 60 
81 187 188 93 189 
82 134 187 189 92 
83 190 191 134 192 
84 152 190 192 133 
85 7 204 202 203 
86 204 16 205 202 
87 202 205 15 32 
88 203 202 32 13 
89 13 208 206 207 
90 208 32 209 206 
91 206 209 31 48 
92 207 206 48 26 
93 26 212 210 211 
94 212 48 213 210 
95 210 213 47 64 
96 211 210 64 42 
97 42 216 214 215 
98 216 64 217 214 
99 214 217 63 105 
100 215 214 105 58 
101 105 220 218 219 
102 220 63 221 218 
103 218 221 106 175 
104 219 218 175 104 
105 104 224 222 223 
106 224 175 225 222 
107 222 225 174 195 
108 223 222 195 145 
109 195 232 230 231 
110 232 174 233 230 
111 230 233 196 234 
112 143 236 235 156 
113 236 145 194 235 
114 235 194 107 237 
115 156 235 237 146 
116 145 240 238 239 
117 240 195 231 238 
118 239 238 241 194 
119 242 244 190 245 
120 243 242 245 152 
121 193 234 246 247 
122 234 196 248 246 
123 246 248 177 249 
124 247 246 249 197 
125 231 252 250 251 
126 252 230 253 250 
127 250 253 234 254 
128 251 250 254 193 
129 194 241 255 256 
130 241 193 247 255 
131 255 247 197 257 
132 256 255 257 107 
133 238 260 258 259 
134 260 231 251 258 
135 258 251 193 261 
136 259 258 261 241 
137 12 264 262 263 
138 264 7 203 262 
139 262 203 13 25 
140 263 262 25 10 
141 25 267 265 266 
142 267 13 207 265 
143 265 207 26 41 
144 266 265 41 23 
145 41 270 268 269 
146 270 26 211 268 
147 268 211 42 57 
148 269 268 57 39 
149 57 273 271 272 
150 273 42 215 271 
151 271 215 58 73 
152 272 271 73 55 
153 73 276 274 275 
154 276 58 277 274 
155 274 277 74 109 
156 275 274 109 71 
157 71 280 278 279 
158 280 109 281 278 
159 278 281 108 140 
160 102 284 282 283 
161 284 140 285 282 
162 282 285 139 286 
163 283 282 286 131 
164 55 289 287 288 
165 289 73 275 287 
166 287 275 71 101 
167 288 287 101 72 
168 101 292 290 291 
169 292 71 279 290 
170 88 299 297 298 
171 299 72 100 297 
172 297 100 59 300 
173 298 297 300 91 
174 100 303 301 302 
175 303 99 129 301 
176 301 129 103 304 
177 302 301 304 59 
178 99 307 305 306 
179 307 130 294 305 
180 305 294 128 308 
181 306 305 308 129 
182 103 132 309 310 
183 132 75 311 309 
184 309 311 126 312 
185 310 309 312 124 
186 313 315 75 316 
187 314 313 316 132 
188 294 319 317 318 
189 318 317 321 128 
190 290 324 322 323 
191 324 279 325 322 
192 322 325 102 295 
193 323 322 295 130 
194 130 328 326 327 
195 328 295 329 326 
196 326 329 293 319 
197 327 326 319 294 
198 331 283 332 330 
199 330 332 131 333 
200 319 336 334 335 
201 336 293 337 334 
202 335 334 338 317 
203 295 340 339 329 
204 340 102 341 339 
205 339 341 283 331 
206 329 339 331 293 
207 293 343 342 337 
208 343 331 344 342 
209 342 344 330 345 
210 337 342 345 320 
211 129 308 346 347 
212 308 128 314 346 
213 346 314 132 348 
214 347 346 348 103 
215 128 321 349 350 
216 321 296 351 349 
217 349 351 313 352 
218 350 349 352 314 
219 317 338 353 354 
220 338 320 355 353 
221 353 355 296 356 
222 354 353 356 321 
223 334 359 357 358 
224 359 337 360 357 
225 357 360 320 361 
226 358 357 361 338 
227 362 363 187 364 
228 191 362 364 134 
229 65 370 369 172 
230 370 166 371 369 
231 369 371 169 372 
232 172 369 372 50 
233 170 374 373 200 
234 374 172 375 373 
235 373 375 50 376 
236 200 373 376 173 
237 378 200 379 377 
238 377 379 173 380 
239 381 383 362 384 
240 382 381 384 191 
241 64 391 390 217 
242 391 47 392 390 
243 390 392 65 171 
244 217 390 171 63 
245 63 394 393 221 
246 394 171 395 393 
247 393 395 170 199 
248 221 393 199 106 
249 106 398 396 397 
250 398 199 399 396 
251 396 399 198 366 
252 397 396 366 176 
253 366 402 400 401 
254 402 198 403 400 
255 400 403 367 387 
256 401 400 387 365 
257 50 372 404 188 
258 372 169 405 404 
259 404 405 184 406 
260 188 404 406 93 
261 173 376 407 363 
262 376 50 408 407 
263 407 408 188 409 
264 363 407 409 187 
265 380 173 411 410 
266 410 411 363 412 
267 383 410 412 362 
268 414 377 415 413 
269 413 415 380 416 
270 387 419 417 418 
271 419 367 420 417 
272 199 423 422 399 
273 423 170 424 422 
274 422 424 200 378 
275 399 422 378 198 
276 198 426 425 403 
277 426 378 427 425 
278 425 427 377 414 
279 403 425 414 367 
280 367 429 428 420 
281 429 414 430 428 
282 428 430 413 431 
283 368 389 432 433 
284 389 201 434 432 
285 432 434 383 435 
286 433 432 435 381 
287 436 438 201 439 
288 437 436 439 389 
289 417 442 440 441 
290 442 420 443 440 
291 441 440 444 421 
292 201 416 445 434 
293 416 380 446 445 
294 445 446 410 447 
295 434 445 447 383 
296 431 413 449 448 
297 448 449 416 450 
298 438 448 450 201 
299 420 452 451 443 
300 452 428 453 451 
301 451 453 431 454 
302 443 451 454 388 
303 421 444 455 456 
304 444 388 457 455 
305 455 457 438 458 
306 456 455 458 436 
307 440 461 459 460 
308 461 443 462 459 
309 459 462 388 463 
310 460 459 463 444 
311 365 470 468 469 
312 470 387 418 468 
313 468 418 385 471 
314 469 468 471 386 
315 418 474 472 473 
316 474 417 441 472 
317 472 441 421 475 
318 473 472 475 385 
319 476 382 191 477 
320 244 476 477 190 
321 176 484 482 483 
322 484 366 401 482 
323 482 401 365 466 
324 483 482 466 228 
325 228 487 485 486 
326 487 466 488 485 
327 485 488 464 489 
328 486 485 489 465 
329 175 491 490 225 
330 491 106 397 490 
331 490 397 176 227 
332 225 490 227 174 
333 227 494 492 493 
334 494 176 483 492 
335 492 483 228 480 
336 493 492 480 226 
337 480 497 495 496 
338 497 228 486 495 
339 495 486 465 498 
340 496 495 498 478 
341 196 500 499 248 
342 248 499 501 177 
343 226 504 502 503 
344 504 480 496 502 
345 502 496 478 505 
346 174 507 506 233 
347 507 227 493 506 
348 506 493 226 500 
349 233 506 500 196 
350 500 510 508 509 
351 510 226 503 508 
352 509 508 511 499 
353 229 481 512 513 
354 481 66 514 512 
355 512 514 382 515 
356 513 512 515 476 
357 505 478 518 516 
358 516 518 481 519 
359 517 516 519 229 
360 503 522 520 521 
361 522 502 523 520 
362 520 523 505 524 
363 177 501 525 526 
364 501 229 513 525 
365 525 513 476 527 
366 526 525 527 244 
367 499 511 528 529 
368 528 517 229 530 
369 529 528 530 501 
370 508 533 531 532 
371 533 503 521 531 
372 531 521 479 534 
373 532 531 534 511 
374 479 524 535 536 
375 524 505 537 535 
376 535 537 516 538 
377 536 535 538 517 
378 521 541 539 540 
379 541 520 542 539 
380 539 542 524 543 
381 540 539 543 479 
382 49 545 544 168 
383 545 162 546 544 
384 544 546 165 547 
385 168 544 547 34 
386 166 549 548 371 
387 549 168 550 548 
388 548 550 34 551 
389 371 548 551 169 
390 1 554 552 553 
391 554 12 263 552 
392 552 263 10 78 
393 553 552 78 11 
394 16 556 555 205 
395 556 2 557 555 
396 555 557 17 159 
397 205 555 159 15 
398 10 560 558 559 
399 560 25 266 558 
400 558 266 23 82 
401 559 558 82 24 
402 32 562 561 209 
403 562 15 563 561 
404 561 563 33 163 
405 209 561 163 31 
406 23 566 564 565 
407 566 41 269 564 
408 564 269 39 86 
409 565 564 86 40 
410 48 568 567 213 
411 568 31 569 567 
412 567 569 49 167 
413 213 567 167 47 
414 39 572 570 571 
415 572 57 272 570 
416 570 272 55 90 
417 571 570 90 56 
418 90 575 573 574 
419 575 55 288 573 
420 573 288 72 299 
421 574 573 299 88 
422 72 578 576 577 
423 578 101 291 576 
424 576 291 99 303 
425 577 576 303 100 
426 58 580 579 277 
427 580 105 219 579 
428 579 219 104 144 
429 277 579 144 74 
430 109 582 581 281 
431 582 74 583 581 
432 581 583 110 148 
433 281 581 148 108 
434 91 300 584 585 
435 300 59 125 584 
436 584 125 96 586 
437 585 584 586 121 
438 59 304 587 588 
439 304 103 310 587 
440 587 310 124 589 
441 588 587 589 125 
442 75 142 590 311 
443 142 111 591 590 
444 590 591 136 592 
445 311 590 592 126 
446 111 150 593 591 
447 150 5 594 593 
448 593 594 137 595 
449 591 593 595 136 
450 131 286 596 315 
451 286 139 597 596 
452 596 597 142 598 
453 315 596 598 75 
454 74 600 599 583 
455 600 144 601 599 
456 599 601 143 155 
457 583 599 155 110 
458 144 603 602 601 
459 603 104 223 602 
460 602 223 145 236 
461 601 602 236 143 
462 5 157 604 594 
463 157 146 605 604 
464 604 605 151 606 
465 594 604 606 137 
466 146 237 607 605 
467 237 107 243 607 
468 607 243 152 608 
469 605 607 608 151 
470 31 610 609 569 
471 610 163 611 609 
472 609 611 162 545 
473 569 609 545 49 
474 47 613 612 392 
475 613 167 614 612 
476 612 614 166 370 
477 392 612 370 65 
478 167 616 615 614 
479 616 49 617 615 
480 615 617 168 549 
481 614 615 549 166 
482 171 619 618 395 
483 619 65 620 618 
484 618 620 172 374 
485 395 618 374 170 
486 34 547 621 185 
487 547 165 622 621 
488 621 622 181 623 
489 185 621 623 61 
490 169 551 624 405 
491 551 34 625 624 
492 624 625 185 626 
493 405 624 626 184 
494 197 249 627 628 
495 249 177 526 627 
496 627 526 244 629 
497 628 627 629 242 
498 279 631 630 325 
499 631 278 632 630 
500 630 632 140 284 
501 325 630 284 102 
502 291 635 633 634 
503 635 290 323 633 
504 633 323 130 307 
505 634 633 307 99 
506 296 333 636 351 
507 333 131 637 636 
508 636 637 315 638 
509 351 636 638 313 
510 320 345 639 355 
511 345 330 640 639 
512 639 640 333 641 
513 355 639 641 296 
514 66 467 642 514 
515 467 368 433 642 
516 642 433 381 643 
517 514 642 643 382 
518 386 471 644 645 
519 471 385 437 644 
520 644 437 389 646 
521 645 644 646 368 
522 385 475 647 648 
523 475 421 456 647 
524 647 456 436 649 
525 648 647 649 437 
526 388 454 650 457 
527 454 431 651 650 
528 650 651 448 652 
529 457 650 652 438 
530 466 654 653 488 
531 654 365 469 653 
532 653 469 386 655 
533 488 653 655 464 
534 464 655 656 657 
535 655 386 645 656 
536 656 645 368 658 
537 657 656 658 467 
538 465 489 659 660 
539 489 464 657 659 
540 659 657 467 661 
541 660 659 661 66 
542 478 498 662 518 
543 498 465 660 662 
544 662 660 66 663 
545 518 662 663 481 
546 511 534 664 665 
547 534 479 536 664 
548 664 536 517 666 
549 665 664 666 528 
550 107 257 667 668 
551 257 197 628 667 
552 667 628 242 669 
553 668 667 669 243 
