2 0.000000 100.000000 473.401889
735 613 
1 -23.548021 0.000000 -23.527028 97.016975 0.000000 24.196853 0.000222 
2 27.348993 0.000000 -23.527028 97.026935 0.000000 24.129786 0.000353 
3 27.348993 0.000000 23.778693 97.085339 0.000000 24.010034 -0.000204 
4 -23.548021 0.000000 23.778693 97.048615 0.000000 24.194348 -0.000380 
5 1.900486 0.000000 0.125833 92.261023 0.000000 -0.078926 0.148790 
6 -23.548021 0.000000 0.125833 97.034768 0.000000 24.213510 -0.000204 
7 1.900486 0.000000 -23.527028 96.991236 0.000000 24.153447 0.000931 
8 27.348993 0.000000 0.125833 97.266058 0.000000 23.206436 0.000078 
9 1.900486 0.000000 23.778693 97.092368 0.000000 24.129399 -0.000916 
10 -10.823767 0.000000 -11.700597 96.978054 0.000000 24.210592 0.000910 
11 -23.548021 0.000000 -11.700597 97.018978 0.000000 24.206467 0.000136 
12 -10.823767 0.000000 -23.527028 97.001482 0.000000 24.187553 0.000567 
13 1.900486 0.000000 -11.700597 96.881062 0.000000 24.036095 0.003633 
14 -10.823767 0.000000 0.125833 97.050139 0.000000 24.278771 -0.000819 
15 14.624739 0.000000 -11.700597 97.019373 0.000000 23.955762 0.001336 
16 14.624739 0.000000 -23.527028 97.010032 0.000000 24.127199 0.000693 
17 27.348993 0.000000 -11.700597 97.051403 0.000000 24.023499 0.000390 
18 14.624739 0.000000 0.125833 97.624124 0.000000 21.686355 -0.000077 
19 -10.823767 0.000000 11.952263 97.107042 0.000000 24.200525 -0.001544 
20 -23.548021 0.000000 11.952263 97.049144 0.000000 24.204508 -0.000439 
21 1.900486 0.000000 11.952263 97.273894 0.000000 23.946649 -0.003565 
22 -10.823767 0.000000 23.778693 97.070431 0.000000 24.179977 -0.000734 
23 -4.461641 0.000000 -5.787382 96.822251 0.000000 24.256614 0.003707 
24 -10.823767 0.000000 -5.787382 96.985463 0.000000 24.250239 0.000575 
25 -4.461641 0.000000 -11.700597 96.917139 0.000000 24.172407 0.002276 
26 1.900486 0.000000 -5.787382 96.503363 0.000000 23.662074 0.012721 
27 -4.461641 0.000000 0.125833 97.098871 0.000000 24.536873 -0.003025 
28 14.624739 0.000000 11.952263 97.225694 0.000000 23.557304 -0.000778 
29 27.348993 0.000000 11.952263 97.343274 0.000000 22.958179 -0.000279 
30 14.624739 0.000000 23.778693 97.087656 0.000000 24.066504 -0.000521 
31 8.262613 0.000000 -5.787382 96.991930 0.000000 23.388101 0.004556 
32 8.262613 0.000000 -11.700597 96.960360 0.000000 23.943507 0.002540 
33 14.624739 0.000000 -5.787382 97.105184 0.000000 23.598338 0.001370 
34 8.262613 0.000000 0.125833 98.146408 0.000000 18.832720 0.001261 
35 -4.461641 0.000000 6.039048 97.338615 0.000000 24.220733 -0.006145 
36 -10.823767 0.000000 6.039048 97.109437 0.000000 24.242637 -0.001795 
37 1.900486 0.000000 6.039048 97.840507 0.000000 23.416624 -0.012110 
38 -4.461641 0.000000 11.952263 97.191486 0.000000 24.141054 -0.002898 
39 -1.280577 0.000000 -2.830775 96.263701 0.000000 24.472497 0.013440 
40 -4.461641 0.000000 -2.830775 96.850339 0.000000 24.411575 0.002409 
41 -1.280577 0.000000 -5.787382 96.605406 0.000000 24.107626 0.008622 
42 1.900486 0.000000 -2.830775 95.444914 0.000000 22.764644 0.037204 
43 -1.280577 0.000000 0.125833 97.059067 0.000000 25.463880 -0.006887 
44 8.262613 0.000000 6.039048 97.576856 0.000000 22.486272 -0.002688 
45 14.624739 0.000000 6.039048 97.682550 0.000000 21.653500 -0.001075 
46 8.262613 0.000000 11.952263 97.241593 0.000000 23.730411 -0.001906 
47 5.081549 0.000000 -2.830775 96.803898 0.000000 21.959876 0.014677 
48 5.081549 0.000000 -5.787382 96.767754 0.000000 23.355303 0.009053 
49 8.262613 0.000000 -2.830775 97.218313 0.000000 22.470107 0.004369 
50 5.081549 0.000000 0.125833 98.998976 0.000000 17.220044 -0.009733 
51 -1.280577 0.000000 3.082440 98.069549 0.000000 24.396887 -0.021284 
52 -4.461641 0.000000 3.082440 97.336093 0.000000 24.388846 -0.006913 
53 1.900486 0.000000 3.082440 99.204851 0.000000 22.489920 -0.034740 
54 -1.280577 0.000000 6.039048 97.632533 0.000000 24.020759 -0.010911 
55 0.309954 0.000000 -1.352471 94.258625 0.000000 25.199253 0.048031 
56 -1.280577 0.000000 -1.352471 96.358183 0.000000 25.094141 0.008538 
57 0.309954 0.000000 -2.830775 95.580234 0.000000 23.994031 0.028871 
58 1.900486 0.000000 -1.352471 93.418137 0.000000 20.950987 0.083411 
59 0.309954 0.000000 0.125833 99.253402 0.000000 0.000000 0.014876 
60 5.081549 0.000000 3.082440 98.158522 0.000000 21.078545 -0.007940 
61 8.262613 0.000000 3.082440 97.876510 0.000000 21.129454 -0.002626 
62 5.081549 0.000000 6.039048 97.688872 0.000000 22.838250 -0.006470 
63 3.491018 0.000000 -1.352471 95.925164 0.000000 19.546050 0.041631 
64 3.491018 0.000000 -2.830775 96.160804 0.000000 21.994228 0.026935 
65 5.081549 0.000000 -1.352471 97.232748 0.000000 20.042578 0.014409 
66 3.491018 0.000000 0.125833 95.663697 0.000000 -0.000000 0.084846 
67 0.309954 0.000000 1.604136 100.080424 0.000000 25.373793 -0.065992 
68 -1.280577 0.000000 1.604136 98.004941 0.000000 25.098065 -0.023488 
69 1.900486 0.000000 1.604136 101.252883 0.000000 21.830313 -0.072871 
70 0.309954 0.000000 3.082440 98.885331 0.000000 23.846183 -0.034695 
71 1.105220 0.000000 -0.613319 92.010187 0.000000 -0.506672 0.153387 
72 0.309954 0.000000 -0.613319 92.918789 0.000000 27.503942 0.060963 
73 1.105220 0.000000 -1.352471 92.909728 0.000000 23.287317 0.082548 
74 1.900486 0.000000 -0.613319 96.944755 0.000000 0.095834 0.060171 
75 1.105220 0.000000 0.125833 85.917202 0.000000 -0.193452 0.261820 
76 3.491018 0.000000 1.604136 99.036592 0.000000 20.728435 -0.023791 
77 5.081549 0.000000 1.604136 98.873444 0.000000 17.885363 -0.009584 
78 3.491018 0.000000 3.082440 98.659438 0.000000 21.462461 -0.019432 
79 2.695752 0.000000 -0.613319 94.280428 0.000000 16.733231 0.083120 
80 2.695752 0.000000 -1.352471 94.808851 0.000000 19.851009 0.061722 
81 3.491018 0.000000 -0.613319 96.083192 0.000000 16.370993 0.050001 
82 2.695752 0.000000 0.125833 96.694816 0.000000 0.000000 0.065011 
83 1.105220 0.000000 0.864985 91.014345 0.000000 -0.688684 0.171591 
84 0.309954 0.000000 0.864985 100.126403 0.000000 28.497037 -0.083738 
85 1.900486 0.000000 0.864985 97.570988 0.000000 0.115865 0.047989 
86 1.105220 0.000000 1.604136 101.522290 0.000000 23.919282 -0.087891 
87 1.502853 0.000000 -0.243743 94.513227 0.000000 -0.200966 0.106721 
88 1.105220 0.000000 -0.243743 93.969963 0.000000 -0.271940 0.116957 
89 1.502853 0.000000 -0.613319 94.480895 0.000000 -0.207158 0.107332 
90 1.900486 0.000000 -0.243743 95.178764 0.000000 -0.113444 0.094099 
91 1.502853 0.000000 0.125833 88.690390 0.000000 -0.123776 0.213400 
92 -17.185894 0.000000 -5.787382 97.017017 0.000000 24.224342 0.000088 
93 -23.548021 0.000000 -5.787382 97.025202 0.000000 24.211625 -0.000009 
94 -17.185894 0.000000 -11.700597 97.007122 0.000000 24.210997 0.000345 
95 -17.185894 0.000000 0.125833 97.038812 0.000000 24.230535 -0.000365 
96 -7.642704 0.000000 -2.830775 96.974796 0.000000 24.324890 0.000419 
97 -10.823767 0.000000 -2.830775 97.010872 0.000000 24.270732 -0.000018 
98 -7.642704 0.000000 -5.787382 96.937675 0.000000 24.265216 0.001429 
99 -7.642704 0.000000 0.125833 97.065812 0.000000 24.353801 -0.001488 
100 -2.871109 0.000000 -1.352471 96.805046 0.000000 24.697897 0.001880 
101 -4.461641 0.000000 -1.352471 96.947179 0.000000 24.498838 0.000105 
102 -2.871109 0.000000 -2.830775 96.661852 0.000000 24.484171 0.005701 
103 -2.871109 0.000000 0.125833 97.124918 0.000000 24.801206 -0.004835 
104 -0.485311 0.000000 -0.613319 96.602933 0.000000 26.071182 -0.001183 
105 -1.280577 0.000000 -0.613319 96.694752 0.000000 25.346649 0.000767 
106 -0.485311 0.000000 -1.352471 95.759530 0.000000 25.357490 0.018711 
107 -0.485311 0.000000 0.125833 96.170235 0.000000 25.449718 0.010360 
108 0.707587 0.000000 -0.243743 91.574728 0.000000 -0.579929 0.161373 
109 0.309954 0.000000 -0.243743 89.359462 0.000000 25.654128 0.135675 
110 0.707587 0.000000 -0.613319 90.361546 0.000000 25.245496 0.119746 
111 0.707587 0.000000 0.125833 94.397597 0.000000 -0.221486 0.108904 
112 2.695752 0.000000 0.864985 101.312384 0.000000 17.064301 -0.055539 
113 3.491018 0.000000 0.864985 100.792693 0.000000 14.398652 -0.036649 
114 2.695752 0.000000 1.604136 100.030639 0.000000 20.897937 -0.044285 
115 1.502853 0.000000 0.495409 94.505759 0.000000 -0.202625 0.106862 
116 1.105220 0.000000 0.495409 94.036726 0.000000 -0.263492 0.115702 
117 1.900486 0.000000 0.495409 95.927996 0.000000 -0.007157 0.079782 
118 1.502853 0.000000 0.864985 95.276234 0.000000 -0.013457 0.092244 
119 1.304037 0.000000 -0.058955 73.580291 0.000000 -0.117069 0.458593 
120 1.105220 0.000000 -0.058955 79.128434 0.000000 -0.126879 0.373867 
121 1.304037 0.000000 -0.243743 94.196894 0.000000 -0.241137 0.112689 
122 1.502853 0.000000 -0.058955 85.803867 0.000000 -0.094815 0.263769 
123 1.304037 0.000000 0.125833 81.519242 0.000000 -0.173349 0.335458 
124 2.298119 0.000000 -0.243743 97.347152 0.000000 0.114052 0.052352 
125 2.298119 0.000000 -0.613319 93.026790 0.000000 17.326056 0.104582 
126 2.695752 0.000000 -0.243743 93.078677 0.000000 11.411470 0.120614 
127 2.298119 0.000000 0.125833 96.188168 0.000000 0.038619 0.074783 
128 1.701670 0.000000 -0.058955 89.345567 0.000000 -0.073551 0.201736 
129 1.701670 0.000000 -0.243743 94.799563 0.000000 -0.167121 0.101302 
130 1.900486 0.000000 -0.058955 91.243791 0.000000 -0.060503 0.167457 
131 1.701670 0.000000 0.125833 90.855631 0.000000 -0.095090 0.174525 
132 2.298119 0.000000 0.495409 97.344898 0.000000 0.114042 0.052396 
133 2.695752 0.000000 0.495409 102.359316 0.000000 8.127597 -0.054349 
134 2.298119 0.000000 0.864985 101.965668 0.000000 18.855923 -0.075254 
135 2.099302 0.000000 -0.058955 94.604766 0.000000 0.019716 0.104994 
136 2.099302 0.000000 -0.243743 96.757457 0.000000 0.081254 0.063799 
137 2.298119 0.000000 -0.058955 96.055647 0.000000 0.025938 0.077331 
138 2.099302 0.000000 0.125833 94.976280 0.000000 0.028145 0.097951 
139 20.986866 0.000000 -5.787382 97.107944 0.000000 23.750706 0.000595 
140 20.986866 0.000000 -11.700597 97.043997 0.000000 23.991211 0.000688 
141 27.348993 0.000000 -5.787382 97.098008 0.000000 23.850889 0.000311 
142 20.986866 0.000000 0.125833 97.384890 0.000000 22.703098 0.000075 
143 11.443676 0.000000 -2.830775 97.255043 0.000000 22.839091 0.001983 
144 11.443676 0.000000 -5.787382 97.081479 0.000000 23.490195 0.002340 
145 14.624739 0.000000 -2.830775 97.245032 0.000000 23.112602 0.000921 
146 11.443676 0.000000 0.125833 97.853711 0.000000 20.668811 -0.000255 
147 6.672081 0.000000 -1.352471 97.534794 0.000000 20.904639 0.004996 
148 6.672081 0.000000 -2.830775 97.110741 0.000000 22.214716 0.007601 
149 8.262613 0.000000 -1.352471 97.520980 0.000000 21.451975 0.002947 
150 6.672081 0.000000 0.125833 98.344082 0.000000 18.676302 -0.002036 
151 4.286283 0.000000 -0.613319 97.386823 0.000000 17.380884 0.021371 
152 4.286283 0.000000 -1.352471 96.753839 0.000000 19.655992 0.025234 
153 5.081549 0.000000 -0.613319 97.842934 0.000000 18.235839 0.009421 
154 4.286283 0.000000 0.125833 99.135059 0.000000 6.654132 0.012796 
155 3.093385 0.000000 -0.243743 95.222625 0.000000 8.195088 0.086549 
156 3.093385 0.000000 -0.613319 95.170811 0.000000 16.420718 0.067288 
157 3.491018 0.000000 -0.243743 97.638999 0.000000 10.984578 0.034596 
158 3.093385 0.000000 0.125833 97.537118 0.000000 0.000000 0.048651 
159 2.496935 0.000000 -0.058955 96.534562 0.000000 0.016998 0.068108 
160 2.496935 0.000000 -0.243743 97.638208 0.000000 0.114286 0.046677 
161 2.695752 0.000000 -0.058955 96.742141 0.000000 0.000000 0.064096 
162 2.496935 0.000000 0.125833 96.586705 0.000000 0.026710 0.067101 
163 20.986866 0.000000 6.039048 97.747225 0.000000 21.328097 -0.000941 
164 27.348993 0.000000 6.039048 98.541063 0.000000 18.125155 -0.003886 
165 20.986866 0.000000 11.952263 97.260751 0.000000 23.324765 -0.000370 
166 11.443676 0.000000 3.082440 99.254786 0.000000 15.322142 -0.008628 
167 14.624739 0.000000 3.082440 99.832081 0.000000 12.946128 -0.013405 
168 11.443676 0.000000 6.039048 97.603355 0.000000 22.100018 -0.001483 
169 6.672081 0.000000 1.604136 100.300147 0.000000 12.226550 -0.020961 
170 8.262613 0.000000 1.604136 101.198065 0.000000 7.881923 -0.030317 
171 6.672081 0.000000 3.082440 97.970268 0.000000 21.015131 -0.003981 
172 4.286283 0.000000 0.864985 100.262793 0.000000 14.131260 -0.025232 
173 5.081549 0.000000 0.864985 100.635098 0.000000 12.999031 -0.029640 
174 4.286283 0.000000 1.604136 98.471304 0.000000 20.353740 -0.011087 
175 3.093385 0.000000 0.495409 101.540830 0.000000 10.243098 -0.041546 
176 3.491018 0.000000 0.495409 100.412153 0.000000 11.998379 -0.022656 
177 3.093385 0.000000 0.864985 101.131757 0.000000 15.314324 -0.046216 
178 2.894568 0.000000 -0.058955 97.181596 0.000000 0.000000 0.055574 
179 2.894568 0.000000 -0.243743 93.732645 0.000000 9.377714 0.112625 
180 3.093385 0.000000 -0.058955 97.649863 0.000000 -0.000000 0.046450 
181 2.894568 0.000000 0.125833 97.116577 0.000000 0.000000 0.056837 
182 3.888651 0.000000 -0.243743 98.383709 0.000000 14.985092 0.009609 
183 3.888651 0.000000 -0.613319 96.952746 0.000000 16.825674 0.031706 
184 4.286283 0.000000 -0.243743 98.034083 0.000000 16.144466 0.012867 
185 3.888651 0.000000 0.125833 98.509385 0.000000 0.000000 0.029590 
186 3.888651 0.000000 0.495409 99.148915 0.000000 14.561409 -0.004254 
187 4.286283 0.000000 0.495409 98.530983 0.000000 18.469509 -0.004948 
188 3.888651 0.000000 0.864985 100.653376 0.000000 12.691878 -0.029219 
189 3.689834 0.000000 -0.058955 97.167979 0.000000 -0.000000 0.055838 
190 3.491018 0.000000 -0.058955 95.896854 0.000000 -0.000000 0.080379 
191 3.689834 0.000000 -0.243743 98.633399 0.000000 13.103756 0.009974 
192 3.888651 0.000000 -0.058955 98.642403 0.000000 0.000000 0.026968 
193 3.689834 0.000000 0.125833 97.163111 0.000000 -0.000000 0.055933 
194 1.701670 0.000000 0.310621 94.843078 0.000000 -0.161567 0.100476 
195 1.502853 0.000000 0.310621 94.524610 0.000000 -0.198944 0.106506 
196 1.900486 0.000000 0.310621 95.016807 0.000000 -0.142758 0.097179 
197 1.701670 0.000000 0.495409 94.751685 0.000000 -0.173334 0.102209 
198 1.801078 0.000000 0.033439 94.243995 0.000000 0.043412 0.111807 
199 1.701670 0.000000 0.033439 93.129785 0.000000 0.027956 0.132684 
200 1.801078 0.000000 -0.058955 89.757988 0.000000 -0.065327 0.194350 
201 1.900486 0.000000 0.033439 90.969167 0.000000 -0.055809 0.172461 
202 1.801078 0.000000 0.125833 91.700519 0.000000 -0.095843 0.159101 
203 2.099302 0.000000 0.310621 96.523372 0.000000 0.059122 0.068324 
204 2.298119 0.000000 0.310621 97.186903 0.000000 0.108068 0.055469 
205 2.099302 0.000000 0.495409 96.982199 0.000000 0.097215 0.059444 
206 1.999894 0.000000 0.033439 92.537281 0.000000 -0.008908 0.143685 
207 1.999894 0.000000 -0.058955 92.487819 0.000000 -0.011430 0.144600 
208 2.099302 0.000000 0.033439 94.496746 0.000000 0.018545 0.107036 
209 1.999894 0.000000 0.125833 93.778039 0.000000 -0.017434 0.120568 
210 1.801078 0.000000 0.218227 94.994592 0.000000 -0.144374 0.097601 
211 1.701670 0.000000 0.218227 94.881094 0.000000 -0.156712 0.099755 
212 1.900486 0.000000 0.218227 95.061208 0.000000 -0.137521 0.096335 
213 1.801078 0.000000 0.310621 94.950307 0.000000 -0.149751 0.098442 
214 1.850782 0.000000 0.079636 90.566056 0.000000 -0.064812 0.179779 
215 1.801078 0.000000 0.079636 90.167951 0.000000 -0.069278 0.186974 
216 1.850782 0.000000 0.033439 89.463653 0.000000 -0.046065 0.199625 
217 1.900486 0.000000 0.079636 91.560832 0.000000 -0.063673 0.161661 
218 1.850782 0.000000 0.125833 92.838372 0.000000 -0.107029 0.138103 
219 1.602261 0.000000 0.033439 91.198684 0.000000 -0.005546 0.168280 
220 1.502853 0.000000 0.033439 89.569442 0.000000 -0.046507 0.197731 
221 1.602261 0.000000 -0.058955 87.640690 0.000000 -0.083165 0.231910 
222 1.602261 0.000000 0.125833 89.168710 0.000000 -0.108208 0.204893 
223 1.751374 0.000000 0.079636 92.950092 0.000000 -0.003740 0.136028 
224 1.701670 0.000000 0.079636 93.066401 0.000000 0.012120 0.133864 
225 1.751374 0.000000 0.033439 93.941002 0.000000 0.038371 0.117509 
226 1.751374 0.000000 0.125833 90.829363 0.000000 -0.089411 0.175002 
227 -4.461641 0.000000 -17.613812 96.969137 0.000000 24.168425 0.001287 
228 -10.823767 0.000000 -17.613812 96.990236 0.000000 24.193106 0.000759 
229 -4.461641 0.000000 -23.527028 96.993152 0.000000 24.173401 0.000798 
230 1.900486 0.000000 -17.613812 96.962145 0.000000 24.123545 0.001640 
231 -1.280577 0.000000 -8.743990 96.788829 0.000000 24.092430 0.005148 
232 -4.461641 0.000000 -8.743990 96.870757 0.000000 24.191465 0.003083 
233 -1.280577 0.000000 -11.700597 96.889495 0.000000 24.113124 0.003098 
234 1.900486 0.000000 -8.743990 96.777144 0.000000 23.921705 0.006194 
235 0.309954 0.000000 -4.309079 96.196490 0.000000 23.869188 0.017650 
236 -1.280577 0.000000 -4.309079 96.434750 0.000000 24.200976 0.011465 
237 0.309954 0.000000 -5.787382 96.501933 0.000000 23.916720 0.011537 
238 1.900486 0.000000 -4.309079 96.175872 0.000000 23.361657 0.020443 
239 1.105220 0.000000 -2.091623 94.518067 0.000000 23.351627 0.052104 
240 0.309954 0.000000 -2.091623 95.032548 0.000000 24.322897 0.037721 
241 1.105220 0.000000 -2.830775 95.367558 0.000000 23.414672 0.035678 
242 1.900486 0.000000 -2.091623 94.703255 0.000000 22.211036 0.053796 
243 1.502853 0.000000 -0.982895 91.585954 0.000000 21.323621 0.115732 
244 1.105220 0.000000 -0.982895 91.436402 0.000000 23.203934 0.110096 
245 1.502853 0.000000 -1.352471 92.944367 0.000000 22.016707 0.087661 
246 1.900486 0.000000 -0.982895 92.502824 0.000000 19.867624 0.104851 
247 1.701670 0.000000 -0.428531 94.709989 0.000000 -0.178714 0.102999 
248 1.502853 0.000000 -0.428531 94.494638 0.000000 -0.204533 0.107072 
249 1.701670 0.000000 -0.613319 96.070005 0.000000 0.015043 0.077055 
250 1.900486 0.000000 -0.428531 96.175060 0.000000 0.023550 0.075036 
251 1.801078 0.000000 -0.151349 93.049279 0.000000 -0.120926 0.134182 
252 1.701670 0.000000 -0.151349 92.853293 0.000000 -0.132251 0.137825 
253 1.801078 0.000000 -0.243743 94.899672 0.000000 -0.155927 0.099403 
254 1.900486 0.000000 -0.151349 93.047884 0.000000 -0.114469 0.134208 
255 1.850782 0.000000 -0.012758 88.046515 0.000000 -0.031620 0.224781 
256 1.801078 0.000000 -0.012758 89.046474 0.000000 -0.051092 0.207072 
257 1.850782 0.000000 -0.058955 90.065134 0.000000 -0.059792 0.188827 
258 1.900486 0.000000 -0.012758 90.760775 0.000000 -0.053669 0.176248 
259 1.825930 0.000000 0.056537 95.029566 0.000000 0.055441 0.096938 
260 1.801078 0.000000 0.056537 95.453751 0.000000 0.064856 0.088858 
261 1.825930 0.000000 0.033439 89.008318 0.000000 -0.048496 0.207752 
262 1.850782 0.000000 0.056537 90.073389 0.000000 -0.058576 0.188678 
263 1.825930 0.000000 0.079636 90.564986 0.000000 -0.066550 0.179798 
264 1.751374 0.000000 -0.012758 89.187712 0.000000 -0.060363 0.204555 
265 1.701670 0.000000 -0.012758 88.789877 0.000000 -0.065129 0.211635 
266 1.751374 0.000000 -0.058955 89.822368 0.000000 -0.077005 0.193194 
267 1.776226 0.000000 0.056537 95.066126 0.000000 0.058692 0.096243 
268 1.751374 0.000000 0.056537 95.453386 0.000000 0.070527 0.088865 
269 1.776226 0.000000 0.033439 94.125139 0.000000 0.040684 0.114046 
270 1.776226 0.000000 0.079636 90.178031 0.000000 -0.071427 0.186792 
271 -17.185894 0.000000 6.039048 97.059420 0.000000 24.221781 -0.000723 
272 -23.548021 0.000000 6.039048 97.043938 0.000000 24.210497 -0.000367 
273 -17.185894 0.000000 11.952263 97.066539 0.000000 24.206918 -0.000789 
274 -7.642704 0.000000 3.082440 97.152675 0.000000 24.314852 -0.002985 
275 -10.823767 0.000000 3.082440 97.087983 0.000000 24.266419 -0.001494 
276 -7.642704 0.000000 6.039048 97.181261 0.000000 24.251496 -0.003233 
277 -2.871109 0.000000 1.604136 97.448952 0.000000 24.681856 -0.010549 
278 -4.461641 0.000000 1.604136 97.248420 0.000000 24.486771 -0.005686 
279 -2.871109 0.000000 3.082440 97.579732 0.000000 24.444600 -0.011934 
280 -0.485311 0.000000 0.864985 97.789258 0.000000 26.508787 -0.026545 
281 -1.280577 0.000000 0.864985 97.573150 0.000000 25.429111 -0.016716 
282 -0.485311 0.000000 1.604136 98.666898 0.000000 25.390668 -0.037984 
283 0.707587 0.000000 0.495409 91.585446 0.000000 -0.577748 0.161177 
284 0.309954 0.000000 0.495409 100.195352 0.000000 28.938908 -0.087657 
285 0.707587 0.000000 0.864985 102.457988 0.000000 28.318684 -0.129959 
286 1.304037 0.000000 0.310621 94.169142 0.000000 -0.244162 0.113211 
287 1.105220 0.000000 0.310621 93.921589 0.000000 -0.278083 0.117866 
288 1.304037 0.000000 0.495409 94.237364 0.000000 -0.236602 0.111926 
289 1.602261 0.000000 0.218227 94.722887 0.000000 -0.174707 0.102754 
290 1.502853 0.000000 0.218227 94.532536 0.000000 -0.197366 0.106356 
291 1.602261 0.000000 0.310621 94.697530 0.000000 -0.178269 0.103235 
292 1.651965 0.000000 0.079636 92.312826 0.000000 -0.000347 0.147834 
293 1.602261 0.000000 0.079636 90.886017 0.000000 -0.028333 0.173973 
294 1.651965 0.000000 0.033439 91.658807 0.000000 0.016393 0.159866 
295 1.651965 0.000000 0.125833 92.593203 0.000000 -0.129653 0.142648 
296 1.403445 0.000000 0.033439 85.314582 0.000000 -0.109177 0.272141 
297 1.304037 0.000000 0.033439 80.819494 0.000000 -0.201086 0.346817 
298 1.403445 0.000000 -0.058955 79.411851 0.000000 -0.107091 0.369375 
299 1.403445 0.000000 0.125833 82.357256 0.000000 -0.140251 0.321726 
300 1.403445 0.000000 0.218227 94.330336 0.000000 -0.222577 0.110174 
301 1.304037 0.000000 0.218227 94.140016 0.000000 -0.247399 0.113760 
302 1.403445 0.000000 0.310621 94.341740 0.000000 -0.221745 0.109959 
303 1.453149 0.000000 0.079636 87.531623 0.000000 -0.083717 0.233821 
304 1.403445 0.000000 0.079636 85.921207 0.000000 -0.115767 0.261753 
305 1.453149 0.000000 0.033439 87.717375 0.000000 -0.055901 0.230566 
306 1.502853 0.000000 0.079636 90.106730 0.000000 -0.057976 0.188077 
307 1.453149 0.000000 0.125833 90.543514 0.000000 -0.168204 0.180184 
308 0.906404 0.000000 -0.058955 90.357914 0.000000 -0.144001 0.183543 
309 0.707587 0.000000 -0.058955 95.116703 0.000000 -0.141415 0.095279 
310 0.906404 0.000000 -0.243743 92.527387 0.000000 -0.436839 0.143849 
311 0.906404 0.000000 0.125833 92.179663 0.000000 -0.198332 0.150287 
312 1.204628 0.000000 0.033439 82.927072 0.000000 -0.419520 0.312292 
313 1.105220 0.000000 0.033439 79.252975 0.000000 -0.107764 0.371895 
314 1.204628 0.000000 -0.058955 73.990791 0.000000 -0.125604 0.452535 
315 1.204628 0.000000 0.125833 80.761781 0.000000 -0.166549 0.347751 
316 0.906404 0.000000 0.310621 92.778255 0.000000 -0.406362 0.139203 
317 0.707587 0.000000 0.310621 91.892258 0.000000 -0.528762 0.155553 
318 0.906404 0.000000 0.495409 92.256963 0.000000 -0.472905 0.148843 
319 1.204628 0.000000 0.218227 93.983394 0.000000 -0.268702 0.116705 
320 1.105220 0.000000 0.218227 93.874097 0.000000 -0.284178 0.118757 
321 1.204628 0.000000 0.310621 94.025220 0.000000 -0.263582 0.115919 
322 1.254333 0.000000 0.079636 79.838610 0.000000 -0.240609 0.362574 
323 1.204628 0.000000 0.079636 80.765606 0.000000 -0.287293 0.347683 
324 1.254333 0.000000 0.033439 77.523313 0.000000 -0.234623 0.399008 
325 1.304037 0.000000 0.079636 81.389588 0.000000 -0.195332 0.337570 
326 1.254333 0.000000 0.125833 84.275090 0.000000 -0.207833 0.289767 
327 1.005812 0.000000 0.033439 86.985335 0.000000 -0.122140 0.243354 
328 0.906404 0.000000 0.033439 90.748741 0.000000 -0.126183 0.176465 
329 1.005812 0.000000 -0.058955 87.411979 0.000000 -0.127987 0.235913 
330 1.005812 0.000000 0.125833 89.941614 0.000000 -0.171978 0.191048 
331 1.154924 0.000000 0.079636 79.293231 0.000000 -0.152850 0.371256 
332 1.105220 0.000000 0.079636 79.854784 0.000000 -0.139807 0.362319 
333 1.154924 0.000000 0.033439 77.454971 0.000000 -0.125752 0.400071 
334 1.154924 0.000000 0.125833 81.134300 0.000000 -0.169387 0.341720 
335 1.304037 0.000000 -0.428531 94.262160 0.000000 -0.233920 0.111459 
336 1.105220 0.000000 -0.428531 93.227073 0.000000 -0.347380 0.130859 
337 1.304037 0.000000 -0.613319 93.399257 0.000000 -0.322546 0.127647 
338 1.204628 0.000000 -0.151349 85.359928 0.000000 -0.216458 0.271364 
339 1.105220 0.000000 -0.151349 90.499121 0.000000 -0.224542 0.180986 
340 1.204628 0.000000 -0.243743 94.066733 0.000000 -0.258561 0.115138 
341 1.304037 0.000000 -0.151349 85.569327 0.000000 -0.200854 0.267785 
342 1.154924 0.000000 -0.012758 77.025665 0.000000 -0.121184 0.406703 
343 1.105220 0.000000 -0.012758 78.893083 0.000000 -0.098966 0.377587 
344 1.154924 0.000000 -0.058955 78.259133 0.000000 -0.141430 0.387549 
345 1.204628 0.000000 -0.012758 71.776358 0.000000 -0.113997 0.484814 
346 1.179776 0.000000 0.056537 86.108235 0.000000 -0.594945 0.258502 
347 1.154924 0.000000 0.056537 87.717841 0.000000 -0.724260 0.230506 
348 1.179776 0.000000 0.033439 81.521327 0.000000 -0.396867 0.335412 
349 1.204628 0.000000 0.056537 85.012752 0.000000 -0.467255 0.277261 
350 1.179776 0.000000 0.079636 78.753780 0.000000 -0.151550 0.379782 
351 1.005812 0.000000 0.218227 93.813489 0.000000 -0.293192 0.119894 
352 0.906404 0.000000 0.218227 92.750935 0.000000 -0.410643 0.139710 
353 1.005812 0.000000 0.310621 93.497306 0.000000 -0.324637 0.125815 
354 1.055516 0.000000 0.079636 84.730962 0.000000 -0.126484 0.282065 
355 1.005812 0.000000 0.079636 87.856066 0.000000 -0.139246 0.228129 
356 1.055516 0.000000 0.033439 82.890037 0.000000 -0.097557 0.312923 
357 1.055516 0.000000 0.125833 89.898303 0.000000 -0.227173 0.191824 
358 1.130072 0.000000 0.056537 78.740928 0.000000 -0.131457 0.379985 
359 1.105220 0.000000 0.056537 79.232084 0.000000 -0.129201 0.372226 
360 1.130072 0.000000 0.033439 78.178739 0.000000 -0.123643 0.388807 
361 1.130072 0.000000 0.079636 79.433086 0.000000 -0.140018 0.369037 
362 1.254333 0.000000 -0.012758 60.896554 0.000000 -0.062691 0.629161 
363 1.254333 0.000000 -0.058955 70.926714 0.000000 -0.116362 0.496939 
364 1.304037 0.000000 -0.012758 69.642261 0.000000 -0.094347 0.514995 
365 1.179776 0.000000 0.010340 73.640773 0.000000 -0.120300 0.457702 
366 1.154924 0.000000 0.010340 77.042996 0.000000 -0.121661 0.406436 
367 1.179776 0.000000 -0.012758 73.621065 0.000000 -0.119838 0.457992 
368 1.204628 0.000000 0.010340 71.771223 0.000000 -0.114326 0.484888 
369 1.167350 0.000000 0.044988 87.083698 0.000000 -0.673900 0.241598 
370 1.154924 0.000000 0.044988 87.976677 0.000000 -0.745991 0.225955 
371 1.167350 0.000000 0.033439 82.159876 0.000000 -0.468512 0.324954 
372 1.179776 0.000000 0.044988 86.127234 0.000000 -0.598865 0.258174 
373 1.167350 0.000000 0.056537 87.512887 0.000000 -0.663030 0.234105 
374 3.292201 0.000000 -0.058955 97.417054 0.000000 -0.000000 0.050992 
375 3.292201 0.000000 -0.243743 96.502151 0.000000 9.487314 0.059733 
376 3.292201 0.000000 0.125833 97.417461 0.000000 -0.000000 0.050984 
377 3.689834 0.000000 0.310621 97.505575 0.000000 16.285974 0.022743 
378 3.491018 0.000000 0.310621 98.898468 0.000000 14.229449 0.001662 
379 3.888651 0.000000 0.310621 96.986290 0.000000 18.783815 0.024083 
380 3.689834 0.000000 0.495409 99.693015 0.000000 12.994258 -0.010755 
381 3.590426 0.000000 0.033439 96.171473 0.000000 -0.000000 0.075105 
382 3.491018 0.000000 0.033439 95.886273 0.000000 -0.000000 0.080582 
383 3.590426 0.000000 -0.058955 96.223310 0.000000 -0.000000 0.074107 
384 3.689834 0.000000 0.033439 97.036321 0.000000 -0.000000 0.058395 
385 3.590426 0.000000 0.125833 96.086349 0.000000 -0.000000 0.076741 
386 3.292201 0.000000 0.310621 100.157435 0.000000 13.140897 -0.020420 
387 3.093385 0.000000 0.310621 100.873041 0.000000 12.253201 -0.032551 
388 3.292201 0.000000 0.495409 101.062136 0.000000 11.352629 -0.034244 
389 3.391609 0.000000 0.033439 96.797134 0.000000 0.000000 0.063031 
390 3.292201 0.000000 0.033439 97.481521 0.000000 -0.000000 0.049735 
391 3.391609 0.000000 -0.058955 96.715927 0.000000 0.000000 0.064603 
392 3.391609 0.000000 0.125833 96.913093 0.000000 -0.000000 0.060785 
393 8.262613 0.000000 -17.613812 96.981808 0.000000 24.086284 0.001438 
394 8.262613 0.000000 -23.527028 96.998498 0.000000 24.135868 0.000875 
395 14.624739 0.000000 -17.613812 97.007839 0.000000 24.076361 0.000981 
396 5.081549 0.000000 -8.743990 96.853818 0.000000 23.791154 0.005332 
397 5.081549 0.000000 -11.700597 96.916875 0.000000 23.971714 0.003248 
398 8.262613 0.000000 -8.743990 96.949395 0.000000 23.760482 0.003625 
399 3.491018 0.000000 -4.309079 96.431304 0.000000 22.980454 0.017290 
400 3.491018 0.000000 -5.787382 96.613908 0.000000 23.454806 0.011562 
401 5.081549 0.000000 -4.309079 96.738064 0.000000 22.868427 0.011878 
402 4.286283 0.000000 -2.091623 96.551586 0.000000 21.047486 0.023479 
403 3.491018 0.000000 -2.091623 95.993982 0.000000 21.074047 0.034104 
404 4.286283 0.000000 -2.830775 96.510830 0.000000 21.899713 0.020606 
405 5.081549 0.000000 -2.091623 96.943298 0.000000 21.203266 0.015242 
406 3.888651 0.000000 -0.982895 96.523706 0.000000 18.374464 0.034555 
407 3.491018 0.000000 -0.982895 95.931333 0.000000 18.300847 0.046226 
408 3.888651 0.000000 -1.352471 96.372543 0.000000 19.530279 0.033090 
409 4.286283 0.000000 -0.982895 96.986044 0.000000 18.632120 0.024655 
410 3.689834 0.000000 -0.428531 97.102845 0.000000 15.412141 0.033350 
411 3.491018 0.000000 -0.428531 96.426970 0.000000 14.821465 0.048216 
412 3.689834 0.000000 -0.613319 96.570982 0.000000 16.579831 0.039915 
413 3.888651 0.000000 -0.428531 97.428232 0.000000 16.048152 0.025020 
414 3.590426 0.000000 -0.151349 95.217360 0.000000 -0.000000 0.093365 
415 3.491018 0.000000 -0.151349 95.476591 0.000000 -0.000000 0.088422 
416 3.590426 0.000000 -0.243743 98.286846 0.000000 11.977031 0.019625 
417 3.689834 0.000000 -0.151349 99.118324 0.000000 -0.000000 0.017556 
418 3.540722 0.000000 -0.012758 95.764835 0.000000 0.000000 0.082910 
419 3.491018 0.000000 -0.012758 95.715002 0.000000 -0.000000 0.083864 
420 3.540722 0.000000 -0.058955 96.070499 0.000000 -0.000000 0.077046 
421 3.590426 0.000000 -0.012758 96.216010 0.000000 -0.000000 0.074248 
422 3.540722 0.000000 0.033439 96.213932 0.000000 -0.000000 0.074288 
423 5.876815 0.000000 -0.613319 98.031757 0.000000 19.056073 0.002664 
424 5.876815 0.000000 -1.352471 97.469842 0.000000 20.508381 0.007904 
425 6.672081 0.000000 -0.613319 97.945842 0.000000 19.740137 0.001694 
426 5.876815 0.000000 0.125833 98.904839 0.000000 18.772096 -0.013456 
427 4.683916 0.000000 -0.243743 98.096543 0.000000 16.864331 0.009266 
428 4.683916 0.000000 -0.613319 97.655873 0.000000 17.832783 0.014532 
429 5.081549 0.000000 -0.243743 98.244737 0.000000 17.264766 0.004990 
430 4.683916 0.000000 0.125833 106.069554 0.000000 -11.431217 -0.138142 
431 4.087467 0.000000 -0.058955 99.724361 0.000000 6.386364 0.001427 
432 4.087467 0.000000 -0.243743 98.023200 0.000000 15.656539 0.014633 
433 4.286283 0.000000 -0.058955 99.520487 0.000000 11.990123 -0.004809 
434 4.087467 0.000000 0.125833 96.650424 0.000000 15.754239 0.041050 
435 3.789242 0.000000 0.033439 98.690303 0.000000 0.000000 0.026022 
436 3.789242 0.000000 -0.058955 98.625601 0.000000 0.000000 0.027299 
437 3.888651 0.000000 0.033439 98.651921 0.000000 0.000000 0.026780 
438 3.789242 0.000000 0.125833 98.629208 0.000000 0.000000 0.027228 
439 3.640130 0.000000 -0.012758 96.803980 0.000000 -0.000000 0.062899 
440 3.640130 0.000000 -0.058955 96.181218 0.000000 -0.000000 0.074917 
441 3.689834 0.000000 -0.012758 97.153219 0.000000 -0.000000 0.056125 
442 3.640130 0.000000 0.033439 96.488918 0.000000 -0.000000 0.068989 
443 3.590426 0.000000 0.218227 96.755278 0.000000 15.132282 0.040943 
444 3.491018 0.000000 0.218227 97.976040 0.000000 14.154953 0.020033 
445 3.689834 0.000000 0.218227 95.907204 0.000000 16.629098 0.052528 
446 3.590426 0.000000 0.310621 98.125206 0.000000 15.111882 0.014308 
447 3.540722 0.000000 0.079636 96.080224 0.000000 -0.000000 0.076859 
448 3.491018 0.000000 0.079636 95.795952 0.000000 -0.000000 0.082314 
449 3.590426 0.000000 0.079636 96.009541 0.000000 -0.000000 0.078217 
450 3.540722 0.000000 0.125833 95.439409 0.000000 -0.000000 0.089132 
451 3.565574 0.000000 0.010340 95.833376 0.000000 -0.000000 0.081596 
452 3.540722 0.000000 0.010340 95.728041 0.000000 0.000000 0.083614 
453 3.565574 0.000000 -0.012758 96.206917 0.000000 -0.000000 0.074423 
454 3.590426 0.000000 0.010340 96.219193 0.000000 -0.000000 0.074187 
455 3.565574 0.000000 0.033439 96.180389 0.000000 -0.000000 0.074933 
456 2.695752 0.000000 -2.091623 95.355057 0.000000 21.444310 0.044755 
457 2.695752 0.000000 -2.830775 95.763206 0.000000 22.264414 0.033370 
458 3.093385 0.000000 -0.982895 95.282866 0.000000 18.388663 0.058303 
459 2.695752 0.000000 -0.982895 94.551570 0.000000 18.588316 0.071448 
460 3.093385 0.000000 -1.352471 95.383154 0.000000 19.611248 0.051745 
461 3.292201 0.000000 -0.428531 95.724947 0.000000 14.578591 0.062420 
462 3.093385 0.000000 -0.428531 95.137743 0.000000 14.531413 0.073765 
463 3.292201 0.000000 -0.613319 95.613315 0.000000 16.347262 0.059086 
464 3.391609 0.000000 -0.151349 96.850134 0.000000 0.000000 0.062005 
465 3.292201 0.000000 -0.151349 97.513312 0.000000 -0.000000 0.049115 
466 3.391609 0.000000 -0.243743 96.965220 0.000000 10.217917 0.049334 
467 3.441314 0.000000 -0.012758 96.096604 0.000000 -0.000000 0.076544 
468 3.391609 0.000000 -0.012758 96.932073 0.000000 0.000000 0.060417 
469 3.441314 0.000000 -0.058955 96.297369 0.000000 0.000000 0.072682 
470 3.441314 0.000000 0.033439 96.254645 0.000000 -0.000000 0.073504 
471 3.515870 0.000000 0.010340 95.807281 0.000000 -0.000000 0.082096 
472 3.491018 0.000000 0.010340 95.701255 0.000000 -0.000000 0.084127 
473 3.515870 0.000000 -0.012758 95.834362 0.000000 -0.000000 0.081578 
474 3.515870 0.000000 0.033439 96.001493 0.000000 -0.000000 0.078371 
475 3.540722 0.000000 -0.105152 95.434329 0.000000 -0.000000 0.089229 
476 3.491018 0.000000 -0.105152 95.804720 0.000000 -0.000000 0.082146 
477 3.540722 0.000000 -0.151349 95.304403 0.000000 -0.000000 0.091707 
478 3.590426 0.000000 -0.105152 96.083545 0.000000 -0.000000 0.076795 
479 3.565574 0.000000 -0.035857 96.176779 0.000000 -0.000000 0.075003 
480 3.540722 0.000000 -0.035857 96.213024 0.000000 -0.000000 0.074305 
481 3.565574 0.000000 -0.058955 96.144013 0.000000 -0.000000 0.075633 
482 3.590426 0.000000 -0.035857 96.165114 0.000000 -0.000000 0.075227 
483 3.553148 0.000000 -0.001209 95.503762 0.000000 0.000000 0.087903 
484 3.540722 0.000000 -0.001209 95.431501 0.000000 0.000000 0.089283 
485 3.553148 0.000000 -0.012758 95.912354 0.000000 -0.000000 0.080082 
486 3.565574 0.000000 -0.001209 95.409498 0.000000 -0.000000 0.089703 
487 3.553148 0.000000 0.010340 95.669169 0.000000 0.000000 0.084741 
488 3.391609 0.000000 0.218227 99.099212 0.000000 13.822344 -0.001171 
489 3.292201 0.000000 0.218227 99.741046 0.000000 13.734982 -0.013693 
490 3.391609 0.000000 0.310621 99.621536 0.000000 13.617197 -0.010988 
491 3.441314 0.000000 0.079636 96.227669 0.000000 -0.000000 0.074024 
492 3.391609 0.000000 0.079636 96.710564 0.000000 0.000000 0.064707 
493 3.441314 0.000000 0.125833 96.152025 0.000000 0.000000 0.075479 
494 3.466166 0.000000 0.010340 95.874983 0.000000 0.000000 0.080799 
495 3.441314 0.000000 0.010340 96.088657 0.000000 -0.000000 0.076697 
496 3.466166 0.000000 -0.012758 95.891614 0.000000 -0.000000 0.080480 
497 3.466166 0.000000 0.033439 95.964734 0.000000 -0.000000 0.079077 
498 3.192793 0.000000 0.033439 97.734831 0.000000 -0.000000 0.044790 
499 3.093385 0.000000 0.033439 97.652863 0.000000 -0.000000 0.046392 
500 3.192793 0.000000 -0.058955 97.697460 0.000000 -0.000000 0.045521 
501 3.192793 0.000000 0.125833 97.553749 0.000000 -0.000000 0.048327 
502 3.341905 0.000000 -0.012758 97.309886 0.000000 -0.000000 0.053079 
503 3.292201 0.000000 -0.012758 97.509231 0.000000 -0.000000 0.049195 
504 3.341905 0.000000 -0.058955 97.156621 0.000000 -0.000000 0.056059 
505 3.341905 0.000000 0.033439 97.167223 0.000000 -0.000000 0.055853 
506 3.192793 0.000000 -0.151349 97.562235 0.000000 -0.000000 0.048161 
507 3.093385 0.000000 -0.151349 97.361450 0.000000 0.000000 0.052075 
508 3.192793 0.000000 -0.243743 95.997439 0.000000 8.691424 0.070895 
509 3.242497 0.000000 -0.012758 97.634289 0.000000 -0.000000 0.046755 
510 3.192793 0.000000 -0.012758 97.794844 0.000000 -0.000000 0.043617 
511 3.242497 0.000000 -0.058955 97.606948 0.000000 -0.000000 0.047288 
512 3.242497 0.000000 0.033439 97.626888 0.000000 -0.000000 0.046899 
513 3.341905 0.000000 0.079636 97.125919 0.000000 -0.000000 0.056656 
514 3.292201 0.000000 0.079636 97.406205 0.000000 -0.000000 0.051203 
515 3.341905 0.000000 0.125833 97.242331 0.000000 -0.000000 0.054393 
516 3.317053 0.000000 0.010340 97.396038 0.000000 -0.000000 0.051401 
517 3.292201 0.000000 0.010340 97.512007 0.000000 -0.000000 0.049141 
518 3.317053 0.000000 -0.012758 97.387804 0.000000 -0.000000 0.051562 
519 3.341905 0.000000 0.010340 97.315131 0.000000 -0.000000 0.052977 
520 3.317053 0.000000 0.033439 97.305286 0.000000 -0.000000 0.053168 
521 2.894568 0.000000 0.310621 101.348267 0.000000 11.620180 -0.040650 
522 2.695752 0.000000 0.310621 101.789598 0.000000 11.196842 -0.048649 
523 2.894568 0.000000 0.495409 101.919702 0.000000 8.834979 -0.046568 
524 3.192793 0.000000 0.218227 100.228206 0.000000 13.618973 -0.023117 
525 3.093385 0.000000 0.218227 100.655457 0.000000 13.640201 -0.031758 
526 3.192793 0.000000 0.310621 100.558000 0.000000 12.678270 -0.027265 
527 3.242497 0.000000 0.079636 97.655718 0.000000 -0.000000 0.046336 
528 3.192793 0.000000 0.079636 97.680660 0.000000 -0.000000 0.045849 
529 3.242497 0.000000 0.125833 97.538874 0.000000 -0.000000 0.048617 
530 3.267349 0.000000 0.010340 97.584071 0.000000 -0.000000 0.047735 
531 3.242497 0.000000 0.010340 97.634780 0.000000 -0.000000 0.046745 
532 3.267349 0.000000 -0.012758 97.585290 0.000000 -0.000000 0.047711 
533 3.267349 0.000000 0.033439 97.595384 0.000000 -0.000000 0.047514 
534 2.993977 0.000000 0.033439 97.335435 0.000000 0.000000 0.052581 
535 2.894568 0.000000 0.033439 97.173903 0.000000 0.000000 0.055723 
536 2.993977 0.000000 -0.058955 97.259854 0.000000 0.000000 0.054052 
537 2.993977 0.000000 0.125833 97.407215 0.000000 0.000000 0.051183 
538 3.143089 0.000000 -0.012758 97.735228 0.000000 -0.000000 0.044783 
539 3.093385 0.000000 -0.012758 97.654271 0.000000 -0.000000 0.046364 
540 3.143089 0.000000 -0.058955 97.699599 0.000000 -0.000000 0.045479 
541 3.143089 0.000000 0.033439 97.727638 0.000000 -0.000000 0.044931 
542 3.217645 0.000000 0.010340 97.704369 0.000000 -0.000000 0.045386 
543 3.192793 0.000000 0.010340 97.803332 0.000000 -0.000000 0.043451 
544 3.217645 0.000000 -0.012758 97.703144 0.000000 -0.000000 0.045410 
545 3.217645 0.000000 0.033439 97.703246 0.000000 -0.000000 0.045408 
546 3.242497 0.000000 -0.105152 97.647888 0.000000 -0.000000 0.046489 
547 3.192793 0.000000 -0.105152 97.685199 0.000000 -0.000000 0.045760 
548 3.242497 0.000000 -0.151349 97.538484 0.000000 -0.000000 0.048624 
549 3.292201 0.000000 -0.105152 97.504066 0.000000 -0.000000 0.049296 
550 3.267349 0.000000 -0.035857 97.594608 0.000000 -0.000000 0.047529 
551 3.242497 0.000000 -0.035857 97.625755 0.000000 -0.000000 0.046921 
552 3.267349 0.000000 -0.058955 97.586178 0.000000 -0.000000 0.047694 
553 3.292201 0.000000 -0.035857 97.480676 0.000000 -0.000000 0.049752 
554 3.254923 0.000000 -0.001209 97.589242 0.000000 0.000000 0.047634 
555 3.242497 0.000000 -0.001209 97.529234 0.000000 -0.000000 0.048805 
556 3.254923 0.000000 -0.012758 97.614181 0.000000 -0.000000 0.047147 
557 3.267349 0.000000 -0.001209 97.579084 0.000000 -0.000000 0.047832 
558 3.254923 0.000000 0.010340 97.598352 0.000000 -0.000000 0.047456 
559 2.496935 0.000000 0.310621 97.638296 0.000000 0.114282 0.046675 
560 2.496935 0.000000 0.495409 97.720165 0.000000 0.110767 0.045076 
561 2.596344 0.000000 0.033439 96.565078 0.000000 0.004453 0.067519 
562 2.496935 0.000000 0.033439 96.510739 0.000000 0.015615 0.068568 
563 2.596344 0.000000 -0.058955 96.549619 0.000000 0.002799 0.067817 
564 2.695752 0.000000 0.033439 96.734675 0.000000 0.000000 0.064240 
565 2.596344 0.000000 0.125833 96.772777 0.000000 0.024078 0.063503 
566 3.366757 0.000000 0.010340 97.191029 0.000000 -0.000000 0.055390 
567 3.366757 0.000000 -0.012758 97.184170 0.000000 -0.000000 0.055524 
568 3.391609 0.000000 0.010340 96.832657 0.000000 0.000000 0.062344 
569 3.366757 0.000000 0.033439 96.886500 0.000000 0.000000 0.061301 
570 5.876815 0.000000 0.864985 100.798659 0.000000 16.846897 -0.044419 
571 6.672081 0.000000 0.864985 99.008504 0.000000 21.229915 -0.025339 
572 5.876815 0.000000 1.604136 99.574747 0.000000 14.771532 -0.013333 
573 5.479182 0.000000 0.495409 96.957472 0.000000 35.536991 -0.066363 
574 5.081549 0.000000 0.495409 97.577283 0.000000 27.551423 -0.028041 
575 5.479182 0.000000 0.125833 98.764630 0.000000 18.512890 -0.009718 
576 5.876815 0.000000 0.495409 94.253444 0.000000 51.029900 -0.148776 
577 5.479182 0.000000 0.864985 100.410084 0.000000 16.069921 -0.034043 
578 -17.185894 0.000000 -17.613812 97.006973 0.000000 24.200439 0.000399 
579 -23.548021 0.000000 -17.613812 97.016717 0.000000 24.201015 0.000207 
580 -17.185894 0.000000 -23.527028 97.010333 0.000000 24.194455 0.000362 
581 20.986866 0.000000 -17.613812 97.025000 0.000000 24.082897 0.000616 
582 20.986866 0.000000 -23.527028 97.020104 0.000000 24.126444 0.000501 
583 27.348993 0.000000 -17.613812 97.033845 0.000000 24.094042 0.000391 
584 -7.642704 0.000000 -8.743990 96.937660 0.000000 24.223592 0.001631 
585 -10.823767 0.000000 -8.743990 96.976639 0.000000 24.227646 0.000855 
586 -7.642704 0.000000 -11.700597 96.951516 0.000000 24.200473 0.001474 
587 11.443676 0.000000 -8.743990 97.015659 0.000000 23.789088 0.002204 
588 11.443676 0.000000 -11.700597 96.996353 0.000000 23.943481 0.001842 
589 14.624739 0.000000 -8.743990 97.046258 0.000000 23.831038 0.001411 
590 -2.871109 0.000000 -4.309079 96.670185 0.000000 24.309582 0.006392 
591 -4.461641 0.000000 -4.309079 96.817282 0.000000 24.322552 0.003483 
592 -2.871109 0.000000 -5.787382 96.725324 0.000000 24.212058 0.005799 
593 6.672081 0.000000 -4.309079 96.949497 0.000000 22.924680 0.007525 
594 6.672081 0.000000 -5.787382 96.899797 0.000000 23.346687 0.006536 
595 8.262613 0.000000 -4.309079 97.063277 0.000000 23.034005 0.004815 
596 -0.485311 0.000000 -2.091623 95.712819 0.000000 24.719644 0.022800 
597 -1.280577 0.000000 -2.091623 96.227081 0.000000 24.755262 0.012753 
598 -0.485311 0.000000 -2.830775 95.933488 0.000000 24.340805 0.020429 
599 0.707587 0.000000 -0.982895 92.262663 0.000000 25.007003 0.086225 
600 0.309954 0.000000 -0.982895 93.751794 0.000000 26.137244 0.052745 
601 0.707587 0.000000 -1.352471 93.412201 0.000000 24.450015 0.067636 
602 2.298119 0.000000 -0.982895 93.601696 0.000000 19.023862 0.087682 
603 2.298119 0.000000 -1.352471 94.121219 0.000000 20.237510 0.073164 
604 0.906404 0.000000 -0.428531 92.276020 0.000000 -0.469621 0.148492 
605 0.707587 0.000000 -0.428531 91.283036 0.000000 -0.634981 0.166700 
606 0.906404 0.000000 -0.613319 91.302502 0.000000 -0.630809 0.166346 
607 1.403445 0.000000 -0.151349 90.924888 0.000000 -0.183429 0.173263 
608 1.403445 0.000000 -0.243743 94.350752 0.000000 -0.221234 0.109789 
609 1.502853 0.000000 -0.151349 91.066808 0.000000 -0.164260 0.170681 
610 2.099302 0.000000 -0.428531 96.974356 0.000000 0.096924 0.059596 
611 2.099302 0.000000 -0.613319 97.475158 0.000000 0.116234 0.049858 
612 2.298119 0.000000 -0.428531 97.478411 0.000000 0.116193 0.049795 
613 2.496935 0.000000 -0.428531 93.363754 0.000000 15.774382 0.103438 
614 2.496935 0.000000 -0.613319 93.710459 0.000000 17.006634 0.092912 
615 2.695752 0.000000 -0.428531 93.996908 0.000000 15.222583 0.093285 
616 1.602261 0.000000 -0.151349 92.764474 0.000000 -0.146597 0.139473 
617 1.602261 0.000000 -0.243743 94.667652 0.000000 -0.182406 0.103800 
618 1.999894 0.000000 -0.151349 95.079874 0.000000 0.000685 0.095982 
619 1.999894 0.000000 -0.243743 96.251329 0.000000 0.029491 0.073568 
620 2.099302 0.000000 -0.151349 95.326391 0.000000 0.042627 0.091288 
621 5.876815 0.000000 -2.091623 97.163005 0.000000 21.438769 0.009973 
622 5.876815 0.000000 -2.830775 96.993227 0.000000 22.077360 0.010490 
623 6.672081 0.000000 -2.091623 97.274470 0.000000 21.672393 0.006798 
624 4.683916 0.000000 -0.982895 97.290649 0.000000 18.934224 0.017602 
625 4.683916 0.000000 -1.352471 97.037277 0.000000 19.849071 0.018978 
626 5.081549 0.000000 -0.982895 97.495430 0.000000 19.249297 0.012411 
627 2.894568 0.000000 -0.428531 94.554661 0.000000 14.765618 0.084139 
628 2.894568 0.000000 -0.613319 94.745259 0.000000 16.537717 0.074984 
629 4.683916 0.000000 0.495409 98.161492 0.000000 22.223549 -0.012956 
630 4.683916 0.000000 0.864985 100.380769 0.000000 13.403131 -0.025594 
631 2.993977 0.000000 -0.151349 97.361450 0.000000 0.000000 0.052075 
632 2.894568 0.000000 -0.151349 97.114359 0.000000 0.000000 0.056880 
633 2.993977 0.000000 -0.243743 94.339942 0.000000 8.474915 0.102815 
634 2.795160 0.000000 0.033439 96.899150 0.000000 0.000000 0.061055 
635 2.795160 0.000000 -0.058955 96.901079 0.000000 0.000000 0.061018 
636 2.795160 0.000000 0.125833 96.893417 0.000000 0.000000 0.061167 
637 4.087467 0.000000 -0.428531 97.560871 0.000000 16.443298 0.021149 
638 4.087467 0.000000 -0.613319 97.189034 0.000000 17.086878 0.026233 
639 4.286283 0.000000 -0.428531 97.657320 0.000000 16.742385 0.018274 
640 4.087467 0.000000 0.310621 96.818648 0.000000 20.840863 0.019181 
641 4.286283 0.000000 0.310621 96.662457 0.000000 22.750677 0.013878 
642 4.087467 0.000000 0.495409 98.759937 0.000000 16.461968 -0.002452 
643 3.789242 0.000000 -0.151349 98.246350 0.000000 0.000000 0.034765 
644 3.789242 0.000000 -0.243743 98.640165 0.000000 14.162728 0.006954 
645 3.888651 0.000000 -0.151349 97.657589 0.000000 0.000000 0.046300 
646 1.999894 0.000000 0.218227 95.779495 0.000000 -0.030128 0.082629 
647 2.099302 0.000000 0.218227 96.536798 0.000000 0.059976 0.068064 
648 1.999894 0.000000 0.310621 96.019607 0.000000 0.000759 0.078023 
649 1.651965 0.000000 -0.012758 86.228283 0.000000 -0.037757 0.256468 
650 1.602261 0.000000 -0.012758 88.646603 0.000000 -0.045170 0.214178 
651 1.651965 0.000000 -0.058955 88.498058 0.000000 -0.074529 0.216809 
652 1.552557 0.000000 0.079636 91.360132 0.000000 -0.035364 0.165332 
653 1.552557 0.000000 0.033439 90.159009 0.000000 -0.025048 0.187135 
654 1.552557 0.000000 0.125833 88.880503 0.000000 -0.115040 0.210024 
655 1.353741 0.000000 0.079636 85.647814 0.000000 -0.180112 0.266442 
656 1.353741 0.000000 0.033439 83.456529 0.000000 -0.166477 0.303498 
657 1.353741 0.000000 0.125833 81.478359 0.000000 -0.147452 0.336126 
658 1.005812 0.000000 -0.151349 90.527058 0.000000 -0.218545 0.180480 
659 0.906404 0.000000 -0.151349 93.257531 0.000000 -0.298821 0.130294 
660 1.005812 0.000000 -0.243743 93.328273 0.000000 -0.341281 0.128972 
661 1.055516 0.000000 -0.012758 81.119845 0.000000 -0.070292 0.341957 
662 1.005812 0.000000 -0.012758 86.692842 0.000000 -0.116447 0.248434 
663 1.055516 0.000000 -0.058955 83.997771 0.000000 -0.113014 0.294436 
664 1.130072 0.000000 0.010340 77.851348 0.000000 -0.118515 0.393915 
665 1.105220 0.000000 0.010340 78.897770 0.000000 -0.098979 0.377513 
666 1.130072 0.000000 -0.012758 77.833549 0.000000 -0.118118 0.394192 
667 3.789242 0.000000 0.218227 95.561064 0.000000 18.368944 0.053066 
668 3.888651 0.000000 0.218227 95.686853 0.000000 19.935768 0.044659 
669 3.789242 0.000000 0.310621 97.141825 0.000000 17.559962 0.025511 
670 3.640130 0.000000 0.079636 96.038136 0.000000 -0.000000 0.077668 
671 3.689834 0.000000 0.079636 97.328403 0.000000 -0.000000 0.052718 
672 3.640130 0.000000 0.125833 96.286025 0.000000 -0.000000 0.072900 
673 3.640130 0.000000 -0.105152 96.174725 0.000000 -0.000000 0.075042 
674 3.640130 0.000000 -0.151349 96.076511 0.000000 -0.000000 0.076930 
675 3.689834 0.000000 -0.105152 97.014983 0.000000 -0.000000 0.058809 
676 3.515870 0.000000 -0.035857 96.002709 0.000000 -0.000000 0.078348 
677 3.491018 0.000000 -0.035857 95.887096 0.000000 -0.000000 0.080566 
678 3.515870 0.000000 -0.058955 96.016910 0.000000 -0.000000 0.078075 
679 5.479182 0.000000 -0.243743 98.403914 0.000000 17.667242 0.000454 
680 5.479182 0.000000 -0.613319 97.971207 0.000000 18.626534 0.005469 
681 5.876815 0.000000 -0.243743 98.464691 0.000000 18.191404 -0.002622 
682 3.441314 0.000000 -0.105152 96.141268 0.000000 -0.000000 0.075686 
683 3.391609 0.000000 -0.105152 96.802024 0.000000 0.000000 0.062937 
684 3.441314 0.000000 -0.151349 96.227489 0.000000 0.000000 0.074027 
685 3.341905 0.000000 -0.105152 97.116339 0.000000 -0.000000 0.056842 
686 3.341905 0.000000 -0.151349 97.399133 0.000000 -0.000000 0.051341 
687 3.466166 0.000000 -0.035857 96.055176 0.000000 -0.000000 0.077340 
688 3.441314 0.000000 -0.035857 96.293992 0.000000 0.000000 0.072747 
689 3.466166 0.000000 -0.058955 96.061522 0.000000 -0.000000 0.077218 
690 3.416461 0.000000 0.010340 96.411110 0.000000 -0.000000 0.070490 
691 3.416461 0.000000 -0.012758 96.425348 0.000000 -0.000000 0.070215 
692 3.416461 0.000000 0.033439 96.328279 0.000000 -0.000000 0.072086 
693 3.143089 0.000000 0.079636 97.681811 0.000000 -0.000000 0.045826 
694 3.093385 0.000000 0.079636 97.655033 0.000000 -0.000000 0.046349 
695 3.143089 0.000000 0.125833 97.560058 0.000000 -0.000000 0.048204 
696 3.317053 0.000000 -0.035857 97.304330 0.000000 -0.000000 0.053187 
697 3.317053 0.000000 -0.058955 97.293205 0.000000 -0.000000 0.053403 
698 3.341905 0.000000 -0.035857 97.166395 0.000000 -0.000000 0.055869 
699 3.366757 0.000000 -0.035857 96.885765 0.000000 0.000000 0.061315 
700 3.366757 0.000000 -0.058955 96.877105 0.000000 0.000000 0.061483 
701 3.391609 0.000000 -0.035857 96.789035 0.000000 0.000000 0.063188 
702 3.143089 0.000000 -0.105152 97.681009 0.000000 -0.000000 0.045842 
703 3.093385 0.000000 -0.105152 97.523338 0.000000 0.000000 0.048920 
704 3.143089 0.000000 -0.151349 97.361450 0.000000 0.000000 0.052075 
705 3.217645 0.000000 -0.035857 97.701283 0.000000 -0.000000 0.045446 
706 3.192793 0.000000 -0.035857 97.729956 0.000000 -0.000000 0.044886 
707 3.217645 0.000000 -0.058955 97.684257 0.000000 -0.000000 0.045779 
708 2.993977 0.000000 0.218227 100.965066 0.000000 13.711617 -0.038195 
709 2.894568 0.000000 0.218227 101.237265 0.000000 13.829802 -0.044025 
710 2.993977 0.000000 0.310621 101.115665 0.000000 11.900763 -0.036601 
711 2.795160 0.000000 -0.151349 96.893417 0.000000 0.000000 0.061167 
712 2.695752 0.000000 -0.151349 96.692981 0.000000 0.000000 0.065047 
713 2.795160 0.000000 -0.243743 93.379947 0.000000 10.404223 0.117194 
714 1.552557 0.000000 -0.012758 87.526225 0.000000 -0.060729 0.233916 
715 1.502853 0.000000 -0.012758 86.479631 0.000000 -0.064490 0.252127 
716 1.552557 0.000000 -0.058955 87.437977 0.000000 -0.098613 0.235459 
717 1.353741 0.000000 -0.012758 77.820003 0.000000 -0.111920 0.394403 
718 1.353741 0.000000 -0.058955 78.243635 0.000000 -0.124791 0.387792 
719 1.403445 0.000000 -0.012758 80.977645 0.000000 -0.108429 0.344261 
720 1.453149 0.000000 -0.012758 79.511214 0.000000 -0.048216 0.367796 
721 1.453149 0.000000 -0.058955 82.814672 0.000000 -0.096408 0.314172 
722 5.479182 0.000000 -0.982895 97.628576 0.000000 19.545784 0.008662 
723 5.479182 0.000000 -1.352471 97.383939 0.000000 20.285446 0.010487 
724 5.876815 0.000000 -0.982895 97.707617 0.000000 19.864004 0.005864 
725 3.416461 0.000000 -0.035857 96.333739 0.000000 -0.000000 0.071981 
726 3.416461 0.000000 -0.058955 96.448485 0.000000 -0.000000 0.069769 
727 2.795160 0.000000 0.218227 101.408153 0.000000 13.909891 -0.047710 
728 2.695752 0.000000 0.218227 101.614345 0.000000 13.926487 -0.051942 
729 2.795160 0.000000 0.310621 101.565349 0.000000 11.388403 -0.044522 
730 2.596344 0.000000 0.218227 97.720165 0.000000 0.110767 0.045076 
731 2.496935 0.000000 0.218227 97.574685 0.000000 0.115761 0.047917 
732 2.596344 0.000000 0.310621 102.020537 0.000000 11.041390 -0.053010 
733 2.596344 0.000000 -0.151349 96.515319 0.000000 0.000000 0.068479 
734 2.496935 0.000000 -0.151349 96.807809 0.000000 0.055906 0.062825 
735 2.596344 0.000000 -0.243743 92.786300 0.000000 12.351807 0.123814 
1 19 21 9 22 
2 20 19 22 4 
3 28 29 3 30 
4 21 28 30 9 
5 35 37 21 38 
6 36 35 38 19 
7 44 45 28 46 
8 37 44 46 21 
9 51 53 37 54 
10 52 51 54 35 
11 60 61 44 62 
12 53 60 62 37 
13 67 69 53 70 
14 68 67 70 51 
15 76 77 60 78 
16 69 76 78 53 
17 83 85 69 86 
18 84 83 86 67 
19 11 94 92 93 
20 94 10 24 92 
21 92 24 14 95 
22 93 92 95 6 
23 24 98 96 97 
24 98 23 40 96 
25 96 40 27 99 
26 97 96 99 14 
27 40 102 100 101 
28 102 39 56 100 
29 100 56 43 103 
30 101 100 103 27 
31 56 106 104 105 
32 106 55 72 104 
33 104 72 59 107 
34 105 104 107 43 
35 72 110 108 109 
36 109 108 111 59 
37 112 113 76 114 
38 85 112 114 69 
39 115 117 85 118 
40 116 115 118 83 
41 132 133 112 134 
42 117 132 134 85 
43 136 124 137 135 
44 135 137 127 138 
45 15 140 139 33 
46 140 17 141 139 
47 139 141 8 142 
48 33 139 142 18 
49 31 144 143 49 
50 144 33 145 143 
51 143 145 18 146 
52 49 143 146 34 
53 148 49 149 147 
54 147 149 34 150 
55 124 160 159 137 
56 137 159 162 127 
57 18 142 163 45 
58 142 8 164 163 
59 163 164 29 165 
60 45 163 165 28 
61 34 146 166 61 
62 146 18 167 166 
63 166 167 45 168 
64 61 166 168 44 
65 150 34 170 169 
66 169 170 61 171 
67 77 169 171 60 
68 172 173 77 174 
69 113 172 174 76 
70 175 176 113 177 
71 133 175 177 112 
72 186 187 172 188 
73 176 186 188 113 
74 194 196 117 197 
75 195 194 197 115 
76 138 127 204 203 
77 203 204 132 205 
78 196 203 205 117 
79 130 207 206 201 
80 207 135 208 206 
81 206 208 138 209 
82 201 206 209 5 
83 131 202 210 211 
84 202 5 212 210 
85 210 212 196 213 
86 211 210 213 194 
87 216 201 217 214 
88 214 217 5 218 
89 215 214 218 202 
90 199 225 223 224 
91 223 215 202 226 
92 224 223 226 131 
93 12 229 227 228 
94 229 7 230 227 
95 227 230 13 25 
96 228 227 25 10 
97 25 233 231 232 
98 233 13 234 231 
99 231 234 26 41 
100 232 231 41 23 
101 41 237 235 236 
102 237 26 238 235 
103 235 238 42 57 
104 236 235 57 39 
105 57 241 239 240 
106 241 42 242 239 
107 239 242 58 73 
108 240 239 73 55 
109 73 245 243 244 
110 245 58 246 243 
111 243 246 74 89 
112 244 243 89 71 
113 89 249 247 248 
114 249 74 250 247 
115 247 250 90 129 
116 248 247 129 87 
117 129 253 251 252 
118 253 90 254 251 
119 251 254 130 200 
120 252 251 200 128 
121 200 257 255 256 
122 257 130 258 255 
123 255 258 201 216 
124 256 255 216 198 
125 198 261 259 260 
126 261 216 262 259 
127 259 262 214 263 
128 260 259 263 215 
129 128 266 264 265 
130 266 200 256 264 
131 264 256 198 225 
132 265 264 225 199 
133 225 269 267 268 
134 269 198 260 267 
135 267 260 215 270 
136 268 267 270 223 
137 6 95 271 272 
138 95 14 36 271 
139 271 36 19 273 
140 272 271 273 20 
141 14 99 274 275 
142 99 27 52 274 
143 274 52 35 276 
144 275 274 276 36 
145 27 103 277 278 
146 103 43 68 277 
147 277 68 51 279 
148 278 277 279 52 
149 43 107 280 281 
150 107 59 84 280 
151 280 84 67 282 
152 281 280 282 68 
153 59 111 283 284 
154 283 116 83 285 
155 284 283 285 84 
156 286 195 115 288 
157 287 286 288 116 
158 91 222 289 290 
159 222 131 211 289 
160 289 211 194 291 
161 290 289 291 195 
162 219 294 292 293 
163 294 199 224 292 
164 292 224 131 295 
165 293 292 295 222 
166 123 299 300 301 
167 299 91 290 300 
168 300 290 195 302 
169 301 300 302 286 
170 296 305 303 304 
171 305 220 306 303 
172 303 306 91 307 
173 304 303 307 299 
174 108 310 308 309 
175 309 308 311 111 
176 111 311 316 317 
177 316 287 116 318 
178 317 316 318 283 
179 75 315 319 320 
180 315 123 301 319 
181 319 301 286 321 
182 320 319 321 287 
183 312 324 322 323 
184 324 297 325 322 
185 322 325 123 326 
186 323 322 326 315 
187 308 329 327 328 
188 328 327 330 311 
189 331 323 315 334 
190 332 331 334 75 
191 71 337 335 336 
192 337 89 248 335 
193 335 248 87 121 
194 336 335 121 88 
195 88 340 338 339 
196 340 121 341 338 
197 338 341 119 314 
198 339 338 314 120 
199 120 344 342 343 
200 344 314 345 342 
201 348 312 349 346 
202 346 349 323 350 
203 347 346 350 331 
204 311 330 351 352 
205 330 75 320 351 
206 351 320 287 353 
207 352 351 353 316 
208 327 356 354 355 
209 356 313 332 354 
210 354 332 75 357 
211 355 354 357 330 
212 313 360 358 359 
213 360 333 347 358 
214 358 347 331 361 
215 359 358 361 332 
216 314 363 362 345 
217 363 119 364 362 
218 362 364 297 324 
219 345 362 324 312 
220 342 367 365 366 
221 367 345 368 365 
222 365 368 312 348 
223 366 365 348 333 
224 333 371 369 370 
225 371 348 372 369 
226 369 372 346 373 
227 370 369 373 347 
228 377 379 186 380 
229 378 377 380 176 
230 386 378 176 388 
231 387 386 388 175 
232 7 394 393 230 
233 394 16 395 393 
234 393 395 15 32 
235 230 393 32 13 
236 13 397 396 234 
237 397 32 398 396 
238 396 398 31 48 
239 234 396 48 26 
240 26 400 399 238 
241 400 48 401 399 
242 399 401 47 64 
243 238 399 64 42 
244 64 404 402 403 
245 404 47 405 402 
246 402 405 65 152 
247 403 402 152 63 
248 63 408 406 407 
249 408 152 409 406 
250 406 409 151 183 
251 407 406 183 81 
252 81 412 410 411 
253 412 183 413 410 
254 410 413 182 191 
255 411 410 191 157 
256 157 416 414 415 
257 416 191 417 414 
258 424 147 425 423 
259 423 425 150 426 
260 151 428 427 184 
261 428 153 429 427 
262 427 429 50 430 
263 184 427 430 154 
264 182 432 431 192 
265 432 184 433 431 
266 431 433 154 434 
267 192 431 434 185 
268 189 436 435 384 
269 436 192 437 435 
270 435 437 185 438 
271 384 435 438 193 
272 383 440 439 421 
273 440 189 441 439 
274 439 441 384 442 
275 421 439 442 381 
276 66 385 443 444 
277 385 193 445 443 
278 443 445 377 446 
279 444 443 446 378 
280 382 422 447 448 
281 422 381 449 447 
282 447 449 385 450 
283 448 447 450 66 
284 453 421 454 451 
285 451 454 381 455 
286 452 451 455 422 
287 42 457 456 242 
288 457 64 403 456 
289 456 403 63 80 
290 242 456 80 58 
291 80 460 458 459 
292 460 63 407 458 
293 458 407 81 156 
294 459 458 156 79 
295 156 463 461 462 
296 463 81 411 461 
297 461 411 157 375 
298 462 461 375 155 
299 375 466 464 465 
300 466 157 415 464 
301 419 473 471 472 
302 473 418 452 471 
303 471 452 422 474 
304 472 471 474 382 
305 415 477 475 476 
306 477 414 478 475 
307 475 478 383 420 
308 476 475 420 190 
309 420 481 479 480 
310 481 383 482 479 
311 479 482 421 453 
312 480 479 453 418 
313 418 485 483 484 
314 485 453 486 483 
315 483 486 451 487 
316 484 483 487 452 
317 376 392 488 489 
318 392 66 444 488 
319 488 444 378 490 
320 489 488 490 386 
321 389 470 491 492 
322 470 382 448 491 
323 491 448 66 493 
324 492 491 493 392 
325 467 496 494 495 
326 496 419 472 494 
327 494 472 382 497 
328 495 494 497 470 
329 155 508 506 507 
330 508 375 465 506 
331 390 505 513 514 
332 505 389 492 513 
333 513 492 392 515 
334 514 513 515 376 
335 503 518 516 517 
336 518 502 519 516 
337 516 519 505 520 
338 517 516 520 390 
339 521 387 175 523 
340 522 521 523 133 
341 158 501 524 525 
342 501 376 489 524 
343 524 489 386 526 
344 525 524 526 387 
345 498 512 527 528 
346 512 390 514 527 
347 527 514 376 529 
348 528 527 529 501 
349 532 503 517 530 
350 530 517 390 533 
351 531 530 533 512 
352 178 536 534 535 
353 536 180 499 534 
354 534 499 158 537 
355 535 534 537 181 
356 180 540 538 539 
357 540 500 510 538 
358 538 510 498 541 
359 539 538 541 499 
360 510 544 542 543 
361 544 509 531 542 
362 542 531 512 545 
363 543 542 545 498 
364 506 548 546 547 
365 548 465 549 546 
366 546 549 374 511 
367 547 546 511 500 
368 511 552 550 551 
369 552 374 553 550 
370 550 553 503 532 
371 551 550 532 509 
372 509 556 554 555 
373 556 532 557 554 
374 554 557 530 558 
375 555 554 558 531 
376 127 162 559 204 
377 559 522 133 560 
378 204 559 560 132 
379 159 563 561 562 
380 563 161 564 561 
381 561 564 82 565 
382 562 561 565 162 
383 502 567 566 519 
384 567 468 568 566 
385 566 568 389 569 
386 519 566 569 505 
387 426 150 571 570 
388 570 571 169 572 
389 173 570 572 77 
390 50 575 573 574 
391 575 426 576 573 
392 573 576 570 577 
393 574 573 577 173 
394 1 580 578 579 
395 580 12 228 578 
396 578 228 10 94 
397 579 578 94 11 
398 16 582 581 395 
399 582 2 583 581 
400 581 583 17 140 
401 395 581 140 15 
402 10 586 584 585 
403 586 25 232 584 
404 584 232 23 98 
405 585 584 98 24 
406 32 588 587 398 
407 588 15 589 587 
408 587 589 33 144 
409 398 587 144 31 
410 23 592 590 591 
411 592 41 236 590 
412 590 236 39 102 
413 591 590 102 40 
414 48 594 593 401 
415 594 31 595 593 
416 593 595 49 148 
417 401 593 148 47 
418 39 598 596 597 
419 598 57 240 596 
420 596 240 55 106 
421 597 596 106 56 
422 55 601 599 600 
423 601 73 244 599 
424 599 244 71 110 
425 600 599 110 72 
426 58 603 602 246 
427 603 80 459 602 
428 602 459 79 125 
429 246 602 125 74 
430 110 606 604 605 
431 606 71 336 604 
432 604 336 88 310 
433 605 604 310 108 
434 121 608 607 341 
435 608 87 609 607 
436 607 609 122 298 
437 341 607 298 119 
438 74 611 610 250 
439 611 125 612 610 
440 610 612 124 136 
441 250 610 136 90 
442 125 614 613 612 
443 614 79 615 613 
444 613 615 126 160 
445 612 613 160 124 
446 87 617 616 609 
447 617 129 252 616 
448 616 252 128 221 
449 609 616 221 122 
450 90 619 618 254 
451 619 136 620 618 
452 618 620 135 207 
453 254 618 207 130 
454 47 622 621 405 
455 622 148 623 621 
456 621 623 147 424 
457 405 621 424 65 
458 152 625 624 409 
459 625 65 626 624 
460 624 626 153 428 
461 409 624 428 151 
462 79 628 627 615 
463 628 156 462 627 
464 627 462 155 179 
465 615 627 179 126 
466 154 430 629 187 
467 430 50 574 629 
468 629 574 173 630 
469 187 629 630 172 
470 179 633 631 632 
471 633 155 507 631 
472 631 507 180 536 
473 632 631 536 178 
474 161 635 634 564 
475 635 178 535 634 
476 634 535 181 636 
477 564 634 636 82 
478 183 638 637 413 
479 638 151 639 637 
480 637 639 184 432 
481 413 637 432 182 
482 185 434 640 379 
483 434 154 641 640 
484 640 641 187 642 
485 379 640 642 186 
486 191 644 643 417 
487 644 182 645 643 
488 643 645 192 436 
489 417 643 436 189 
490 5 209 646 212 
491 209 138 647 646 
492 646 647 203 648 
493 212 646 648 196 
494 221 651 649 650 
495 651 128 265 649 
496 649 265 199 294 
497 650 649 294 219 
498 220 653 652 306 
499 653 219 293 652 
500 652 293 222 654 
501 306 652 654 91 
502 297 656 655 325 
503 656 296 304 655 
504 655 304 299 657 
505 325 655 657 123 
506 310 660 658 659 
507 660 88 339 658 
508 658 339 120 329 
509 659 658 329 308 
510 329 663 661 662 
511 663 120 343 661 
512 661 343 313 356 
513 662 661 356 327 
514 343 666 664 665 
515 666 342 366 664 
516 664 366 333 360 
517 665 664 360 313 
518 193 438 667 445 
519 438 185 668 667 
520 667 668 379 669 
521 445 667 669 377 
522 381 442 670 449 
523 442 384 671 670 
524 670 671 193 672 
525 449 670 672 385 
526 414 674 673 478 
527 674 417 675 673 
528 673 675 189 440 
529 478 673 440 383 
530 190 678 676 677 
531 678 420 480 676 
532 676 480 418 473 
533 677 676 473 419 
534 153 680 679 429 
535 680 423 681 679 
536 679 681 426 575 
537 429 679 575 50 
538 464 684 682 683 
539 684 415 476 682 
540 682 476 190 469 
541 683 682 469 391 
542 465 686 685 549 
543 686 464 683 685 
544 685 683 391 504 
545 549 685 504 374 
546 469 689 687 688 
547 689 190 677 687 
548 687 677 419 496 
549 688 687 496 467 
550 468 691 690 568 
551 691 467 495 690 
552 690 495 470 692 
553 568 690 692 389 
554 499 541 693 694 
555 541 498 528 693 
556 693 528 501 695 
557 694 693 695 158 
558 374 697 696 553 
559 697 504 698 696 
560 696 698 502 518 
561 553 696 518 503 
562 504 700 699 698 
563 700 391 701 699 
564 699 701 468 567 
565 698 699 567 502 
566 507 704 702 703 
567 704 506 547 702 
568 702 547 500 540 
569 703 702 540 180 
570 500 707 705 706 
571 707 511 551 705 
572 705 551 509 544 
573 706 705 544 510 
574 181 537 708 709 
575 537 158 525 708 
576 708 525 387 710 
577 709 708 710 521 
578 126 713 711 712 
579 713 179 632 711 
580 711 632 178 635 
581 712 711 635 161 
582 122 716 714 715 
583 716 221 650 714 
584 714 650 219 653 
585 715 714 653 220 
586 119 718 717 364 
587 718 298 719 717 
588 717 719 296 656 
589 364 717 656 297 
590 298 721 720 719 
591 721 122 715 720 
592 720 715 220 305 
593 719 720 305 296 
594 65 723 722 626 
595 723 424 724 722 
596 722 724 423 680 
597 626 722 680 153 
598 391 726 725 701 
599 726 469 688 725 
600 725 688 467 691 
601 701 725 691 468 
602 82 636 727 728 
603 636 181 709 727 
604 727 709 521 729 
605 728 727 729 522 
606 162 565 730 731 
607 565 82 728 730 
608 730 728 522 732 
609 731 730 732 559 
610 160 735 733 734 
611 735 126 712 733 
612 733 712 161 563 
613 734 733 563 159 
