2 0.000000 100.000000 473.401889
720 601 
1 -24.543033 0.000000 -24.519622 97.803776 0.000000 20.794789 0.000200 
2 27.668856 0.000000 -24.519622 97.811615 0.000000 20.737200 0.000286 
3 27.668856 0.000000 24.722870 97.851978 0.000000 20.658858 -0.000180 
4 -24.543033 0.000000 24.722870 97.830343 0.000000 20.792948 -0.000312 
5 1.562912 0.000000 0.101624 89.082392 0.000000 -0.486593 0.206409 
6 -24.543033 0.000000 0.101624 97.818560 0.000000 20.809309 -0.000150 
7 1.562912 0.000000 -24.519622 97.782481 0.000000 20.758152 0.000769 
8 27.668856 0.000000 0.101624 98.022244 0.000000 19.784187 0.000023 
9 1.562912 0.000000 24.722870 97.863896 0.000000 20.741343 -0.000755 
10 -11.490060 0.000000 -12.208999 97.769573 0.000000 20.805387 0.000825 
11 -24.543033 0.000000 -12.208999 97.805119 0.000000 20.803029 0.000139 
12 -11.490060 0.000000 -24.519622 97.790806 0.000000 20.786620 0.000487 
13 1.562912 0.000000 -12.208999 97.690184 0.000000 20.658084 0.002987 
14 -11.490060 0.000000 0.101624 97.830130 0.000000 20.865776 -0.000611 
15 14.615884 0.000000 -12.208999 97.802984 0.000000 20.587644 0.001073 
16 14.615884 0.000000 -24.519622 97.797664 0.000000 20.736026 0.000563 
17 27.668856 0.000000 -12.208999 97.830907 0.000000 20.640008 0.000310 
18 14.615884 0.000000 0.101624 98.310640 0.000000 18.359959 -0.000207 
19 -11.490060 0.000000 12.412247 97.878546 0.000000 20.797829 -0.001276 
20 -24.543033 0.000000 12.412247 97.830900 0.000000 20.801554 -0.000359 
21 1.562912 0.000000 12.412247 98.004841 0.000000 20.594680 -0.002909 
22 -11.490060 0.000000 24.722870 97.847695 0.000000 20.781157 -0.000603 
23 -4.963574 0.000000 -6.053688 97.629627 0.000000 20.841835 0.003407 
24 -11.490060 0.000000 -6.053688 97.774323 0.000000 20.839726 0.000589 
25 -4.963574 0.000000 -12.208999 97.718497 0.000000 20.771475 0.001964 
26 1.562912 0.000000 -6.053688 97.377844 0.000000 20.336936 0.010396 
27 -4.963574 0.000000 0.101624 97.870825 0.000000 21.097097 -0.002379 
28 14.615884 0.000000 12.412247 97.946801 0.000000 20.324765 -0.000667 
29 27.668856 0.000000 12.412247 97.987498 0.000000 20.006403 -0.000181 
30 14.615884 0.000000 24.722870 97.857746 0.000000 20.694804 -0.000441 
31 8.089398 0.000000 -6.053688 97.770348 0.000000 20.109410 0.003657 
32 8.089398 0.000000 -12.208999 97.753865 0.000000 20.580506 0.002062 
33 14.615884 0.000000 -6.053688 97.869863 0.000000 20.269304 0.001065 
34 8.089398 0.000000 0.101624 99.034258 0.000000 14.108759 -0.000684 
35 -4.963574 0.000000 6.256935 98.072765 0.000000 20.812355 -0.005142 
36 -11.490060 0.000000 6.256935 97.881425 0.000000 20.833733 -0.001482 
37 1.562912 0.000000 6.256935 98.445998 0.000000 20.162676 -0.009815 
38 -4.963574 0.000000 12.412247 97.945806 0.000000 20.748631 -0.002389 
39 -1.700331 0.000000 -2.976032 97.116886 0.000000 21.003773 0.012715 
40 -4.963574 0.000000 -2.976032 97.647087 0.000000 20.981792 0.002481 
41 -1.700331 0.000000 -6.053688 97.449026 0.000000 20.706229 0.007494 
42 1.562912 0.000000 -2.976032 96.546190 0.000000 19.546146 0.029678 
43 -1.700331 0.000000 0.101624 97.951829 0.000000 22.001246 -0.007862 
44 8.089398 0.000000 6.256935 98.195216 0.000000 19.503514 -0.002269 
45 14.615884 0.000000 6.256935 98.217664 0.000000 18.993602 -0.000747 
46 8.089398 0.000000 12.412247 97.971026 0.000000 20.435321 -0.001592 
47 4.826155 0.000000 -2.976032 97.604566 0.000000 18.954649 0.011407 
48 4.826155 0.000000 -6.053688 97.591831 0.000000 20.092327 0.007213 
49 8.089398 0.000000 -2.976032 97.939950 0.000000 19.324344 0.003434 
50 4.826155 0.000000 0.101624 100.135684 0.000000 1.605943 -0.002973 
51 -1.700331 0.000000 3.179279 98.718272 0.000000 20.922594 -0.018305 
52 -4.963574 0.000000 3.179279 98.079983 0.000000 20.959868 -0.005900 
53 1.562912 0.000000 3.179279 99.476686 0.000000 19.315537 -0.026870 
54 -1.700331 0.000000 6.256935 98.306112 0.000000 20.639187 -0.009007 
55 -0.068710 0.000000 -1.437204 95.300838 0.000000 21.531454 0.045415 
56 -1.700331 0.000000 -1.437204 97.150860 0.000000 21.552701 0.009719 
57 -0.068710 0.000000 -2.976032 96.575372 0.000000 20.538879 0.025135 
58 1.562912 0.000000 -1.437204 95.156016 0.000000 17.908690 0.062461 
59 -0.068710 0.000000 0.101624 66.841217 0.000000 -2.003708 0.552824 
60 4.826155 0.000000 3.179279 98.654460 0.000000 18.250296 -0.006578 
61 8.089398 0.000000 3.179279 98.486297 0.000000 17.942499 -0.002148 
62 4.826155 0.000000 6.256935 98.306251 0.000000 19.737055 -0.005367 
63 3.194533 0.000000 -1.437204 96.899575 0.000000 17.012554 0.032105 
64 3.194533 0.000000 -2.976032 97.118718 0.000000 18.987133 0.020744 
65 4.826155 0.000000 -1.437204 97.910926 0.000000 17.290824 0.011448 
66 3.194533 0.000000 0.101624 98.598990 0.000000 -0.000000 0.027824 
67 -0.068710 0.000000 1.640452 100.607317 0.000000 21.342454 -0.057733 
68 -1.700331 0.000000 1.640452 98.743569 0.000000 21.489646 -0.021210 
69 1.562912 0.000000 1.640452 100.961993 0.000000 18.197617 -0.052448 
70 -0.068710 0.000000 3.179279 99.335634 0.000000 20.391903 -0.028340 
71 0.747101 0.000000 -0.667790 82.744538 0.000000 -0.979002 0.315238 
72 -0.068710 0.000000 -0.667790 94.956326 0.000000 23.977049 0.040840 
73 0.747101 0.000000 -1.437204 94.327374 0.000000 19.746287 0.071243 
74 1.562912 0.000000 -0.667790 97.767338 0.000000 -0.280352 0.044147 
75 0.747101 0.000000 0.101624 65.167623 0.000000 -0.575578 0.575285 
76 -18.016546 0.000000 -6.053688 97.802789 0.000000 20.818278 0.000121 
77 -24.543033 0.000000 -6.053688 97.810335 0.000000 20.807582 0.000018 
78 -18.016546 0.000000 -12.208999 97.794694 0.000000 20.806567 0.000328 
79 -18.016546 0.000000 0.101624 97.821562 0.000000 20.823899 -0.000269 
80 -8.226817 0.000000 -2.976032 97.762328 0.000000 20.904677 0.000552 
81 -11.490060 0.000000 -2.976032 97.795811 0.000000 20.858344 0.000091 
82 -8.226817 0.000000 -6.053688 97.728739 0.000000 20.855080 0.001416 
83 -8.226817 0.000000 0.101624 97.842356 0.000000 20.931521 -0.001126 
84 -3.331953 0.000000 -1.437204 97.595828 0.000000 21.240298 0.002390 
85 -4.963574 0.000000 -1.437204 97.731427 0.000000 21.064626 0.000485 
86 -3.331953 0.000000 -2.976032 97.475133 0.000000 21.035947 0.005609 
87 -3.331953 0.000000 0.101624 97.901372 0.000000 21.343326 -0.004022 
88 -0.884520 0.000000 -0.667790 96.969134 0.000000 22.593541 0.008652 
89 -1.700331 0.000000 -0.667790 97.458738 0.000000 21.869756 0.002351 
90 -0.884520 0.000000 -1.437204 96.524292 0.000000 21.775157 0.020890 
91 -0.884520 0.000000 0.101624 97.878635 0.000000 22.950239 -0.010694 
92 3.194533 0.000000 1.640452 99.460085 0.000000 17.320035 -0.019229 
93 4.826155 0.000000 1.640452 98.506950 0.000000 17.693353 -0.001667 
94 3.194533 0.000000 3.179279 99.037847 0.000000 18.563728 -0.015311 
95 0.747101 0.000000 0.871038 60.358330 0.000000 -1.565569 0.635442 
96 -0.068710 0.000000 0.871038 101.104437 0.000000 23.652467 -0.078155 
97 1.562912 0.000000 0.871038 101.804318 0.000000 17.419251 -0.066755 
98 0.747101 0.000000 1.640452 101.520619 0.000000 19.820428 -0.069929 
99 0.339196 0.000000 -0.283083 75.984032 0.000000 -1.324388 0.422467 
100 -0.068710 0.000000 -0.283083 72.793195 0.000000 -2.269481 0.469600 
101 0.339196 0.000000 -0.667790 65.724804 0.000000 -1.825012 0.567692 
102 0.747101 0.000000 -0.283083 82.115646 0.000000 -1.007816 0.325601 
103 0.339196 0.000000 0.101624 86.801751 0.000000 -0.643660 0.246504 
104 2.378723 0.000000 -0.667790 96.203018 0.000000 15.605968 0.050143 
105 2.378723 0.000000 -1.437204 96.182219 0.000000 17.272575 0.045064 
106 3.194533 0.000000 -0.667790 96.390275 0.000000 14.262200 0.050550 
107 2.378723 0.000000 0.101624 100.246564 0.000000 1.898898 -0.005298 
108 1.155006 0.000000 -0.283083 84.807084 0.000000 -0.865430 0.280701 
109 1.155006 0.000000 -0.667790 84.506249 0.000000 -0.816121 0.285803 
110 1.562912 0.000000 -0.283083 93.562841 0.000000 -0.364942 0.124586 
111 1.155006 0.000000 0.101624 85.178873 0.000000 -0.844981 0.274385 
112 -18.016546 0.000000 6.256935 97.839380 0.000000 20.816301 -0.000586 
113 -24.543033 0.000000 6.256935 97.826473 0.000000 20.806722 -0.000294 
114 -18.016546 0.000000 12.412247 97.845312 0.000000 20.803489 -0.000649 
115 -8.226817 0.000000 3.179279 97.918529 0.000000 20.896643 -0.002471 
116 -11.490060 0.000000 3.179279 97.863213 0.000000 20.854854 -0.001213 
117 -8.226817 0.000000 6.256935 97.945032 0.000000 20.844945 -0.002774 
118 -3.331953 0.000000 1.640452 98.196922 0.000000 21.214994 -0.009271 
119 -4.963574 0.000000 1.640452 98.006062 0.000000 21.051871 -0.004837 
120 -3.331953 0.000000 3.179279 98.294159 0.000000 20.996039 -0.010258 
121 -0.884520 0.000000 0.871038 99.040402 0.000000 22.579512 -0.031884 
122 -1.700331 0.000000 0.871038 98.453335 0.000000 21.842319 -0.017015 
123 -0.884520 0.000000 1.640452 99.393766 0.000000 21.633306 -0.034712 
124 0.339196 0.000000 0.486331 72.855111 0.000000 -1.467677 0.468998 
125 -0.068710 0.000000 0.486331 100.075264 0.000000 26.020959 -0.069215 
126 0.747101 0.000000 0.486331 82.402687 0.000000 -0.994684 0.320881 
127 0.339196 0.000000 0.871038 103.303591 0.000000 22.984165 -0.119990 
128 0.543148 0.000000 -0.090730 78.799204 0.000000 -0.563979 0.379037 
129 0.339196 0.000000 -0.090730 87.066813 0.000000 -0.626372 0.241898 
130 0.543148 0.000000 -0.283083 81.306334 0.000000 -1.060805 0.338815 
131 0.747101 0.000000 -0.090730 64.646531 0.000000 -0.561342 0.582051 
132 0.543148 0.000000 0.101624 78.790413 0.000000 -0.578916 0.379174 
133 -0.476615 0.000000 -0.283083 97.422238 0.000000 23.326146 -0.003520 
134 -0.884520 0.000000 -0.283083 97.421984 0.000000 22.829757 -0.001224 
135 -0.476615 0.000000 -0.667790 96.469847 0.000000 23.163289 0.015703 
136 -0.476615 0.000000 0.101624 97.467889 0.000000 23.288641 -0.004235 
137 0.135243 0.000000 -0.090730 70.840392 0.000000 -1.582775 0.497913 
138 -0.068710 0.000000 -0.090730 66.837800 0.000000 -2.003570 0.552869 
139 0.135243 0.000000 -0.283083 68.661779 0.000000 -1.686608 0.528272 
140 0.135243 0.000000 0.101624 70.836883 0.000000 -1.583539 0.497963 
141 2.378723 0.000000 0.871038 100.175855 0.000000 17.281483 -0.033385 
142 3.194533 0.000000 0.871038 100.753190 0.000000 12.777033 -0.031446 
143 2.378723 0.000000 1.640452 100.088257 0.000000 17.524682 -0.032477 
144 1.155006 0.000000 0.486331 84.509580 0.000000 -0.882246 0.285735 
145 1.562912 0.000000 0.486331 96.165460 0.000000 -0.336621 0.075209 
146 1.155006 0.000000 0.871038 97.764559 0.000000 -0.280560 0.044201 
147 0.543148 0.000000 0.293977 81.204993 0.000000 -1.066573 0.340461 
148 0.339196 0.000000 0.293977 75.932421 0.000000 -1.328368 0.423250 
149 0.747101 0.000000 0.293977 82.037702 0.000000 -1.011376 0.326879 
150 0.543148 0.000000 0.486331 81.698527 0.000000 -1.038858 0.332427 
151 0.441172 0.000000 0.005447 94.805126 0.000000 -0.110089 0.101198 
152 0.339196 0.000000 0.005447 93.713707 0.000000 -0.208266 0.121770 
153 0.441172 0.000000 -0.090730 88.548942 0.000000 -0.544328 0.215879 
154 0.543148 0.000000 0.005447 84.011772 0.000000 -0.242422 0.294196 
155 0.441172 0.000000 0.101624 88.338950 0.000000 -0.558976 0.219592 
156 0.951054 0.000000 -0.090730 84.789068 0.000000 -0.566884 0.281049 
157 0.951054 0.000000 -0.283083 83.476832 0.000000 -0.931818 0.303075 
158 1.155006 0.000000 -0.090730 85.138663 0.000000 -0.847165 0.275069 
159 0.951054 0.000000 0.101624 84.692053 0.000000 -0.580337 0.282692 
160 0.645125 0.000000 0.005447 -19.875539 0.000000 -0.114775 0.960495 
161 0.645125 0.000000 -0.090730 64.167536 0.000000 -0.571704 0.588220 
162 0.747101 0.000000 0.005447 71.156363 0.000000 -0.749081 0.493621 
163 0.645125 0.000000 0.101624 64.707776 0.000000 -0.586498 0.581256 
164 -4.963574 0.000000 -18.364311 97.763531 0.000000 20.769850 0.001091 
165 -11.490060 0.000000 -18.364311 97.780897 0.000000 20.790943 0.000663 
166 -4.963574 0.000000 -24.519622 97.784004 0.000000 20.774699 0.000670 
167 1.562912 0.000000 -18.364311 97.758014 0.000000 20.732557 0.001353 
168 -1.700331 0.000000 -9.131344 97.610591 0.000000 20.700854 0.004365 
169 -4.963574 0.000000 -9.131344 97.671586 0.000000 20.789597 0.002805 
170 -1.700331 0.000000 -12.208999 97.695592 0.000000 20.721709 0.002618 
171 1.562912 0.000000 -9.131344 97.602284 0.000000 20.560716 0.005105 
172 -0.068710 0.000000 -4.514860 97.110456 0.000000 20.488003 0.014980 
173 -1.700331 0.000000 -4.514860 97.295006 0.000000 20.776320 0.010203 
174 -0.068710 0.000000 -6.053688 97.370273 0.000000 20.543324 0.009700 
175 1.562912 0.000000 -4.514860 97.113931 0.000000 20.077660 0.016577 
176 0.747101 0.000000 -2.206618 95.732384 0.000000 19.915379 0.043869 
177 -0.068710 0.000000 -2.206618 96.081529 0.000000 20.762848 0.033724 
178 0.747101 0.000000 -2.976032 96.443547 0.000000 20.052252 0.029655 
179 1.562912 0.000000 -2.206618 95.972606 0.000000 18.990382 0.042862 
180 0.339196 0.000000 -1.052497 93.544636 0.000000 21.460038 0.078887 
181 -0.068710 0.000000 -1.052497 94.939865 0.000000 22.379325 0.048559 
182 0.339196 0.000000 -1.437204 94.647712 0.000000 20.823472 0.060819 
183 0.747101 0.000000 -1.052497 92.855742 0.000000 19.525249 0.099658 
184 0.543148 0.000000 -0.475437 80.969748 0.000000 -1.072543 0.344275 
185 0.339196 0.000000 -0.475437 72.885892 0.000000 -1.464536 0.468550 
186 0.543148 0.000000 -0.667790 73.141458 0.000000 -1.437178 0.464826 
187 0.747101 0.000000 -0.475437 82.471958 0.000000 -0.991509 0.319739 
188 0.645125 0.000000 -0.186906 81.401495 0.000000 -1.050436 0.337269 
189 0.543148 0.000000 -0.186906 81.075146 0.000000 -1.074025 0.342567 
190 0.645125 0.000000 -0.283083 81.626077 0.000000 -1.038663 0.333610 
191 0.747101 0.000000 -0.186906 81.935444 0.000000 -1.016043 0.328555 
192 0.951054 0.000000 0.293977 83.480395 0.000000 -0.930799 0.303016 
193 1.155006 0.000000 0.293977 84.887499 0.000000 -0.860956 0.279337 
194 0.951054 0.000000 0.486331 83.464687 0.000000 -0.935479 0.303277 
195 0.849077 0.000000 0.005447 83.275590 0.000000 -0.255204 0.306511 
196 0.849077 0.000000 -0.090730 74.012091 0.000000 -0.601668 0.452185 
197 0.951054 0.000000 0.005447 92.183943 0.000000 -0.292588 0.150204 
198 0.849077 0.000000 0.101624 74.169248 0.000000 -0.615103 0.449854 
199 0.696113 0.000000 -0.042641 61.834351 0.000000 -0.534758 0.617623 
200 0.645125 0.000000 -0.042641 71.040396 0.000000 -0.392826 0.495311 
201 0.696113 0.000000 -0.090730 63.834889 0.000000 -0.567875 0.592478 
202 0.747101 0.000000 -0.042641 63.111937 0.000000 -0.528553 0.601660 
203 0.696113 0.000000 0.005447 6.734454 0.000000 -0.868175 0.995389 
204 0.594137 0.000000 -0.042641 75.022380 0.000000 -0.377361 0.437150 
205 0.543148 0.000000 -0.042641 81.066365 0.000000 -0.308425 0.342815 
206 0.594137 0.000000 -0.090730 68.125398 0.000000 -0.567489 0.535861 
207 0.594137 0.000000 0.005447 85.987149 0.000000 -0.154013 0.260619 
208 1.155006 0.000000 -1.052497 93.401985 0.000000 17.744028 0.096122 
209 1.155006 0.000000 -1.437204 94.555238 0.000000 18.639520 0.071188 
210 1.562912 0.000000 -1.052497 94.605024 0.000000 16.741708 0.076960 
211 0.951054 0.000000 -0.475437 83.461976 0.000000 -0.936341 0.303322 
212 0.951054 0.000000 -0.667790 83.452086 0.000000 -0.939644 0.303487 
213 1.155006 0.000000 -0.475437 84.437498 0.000000 -0.886387 0.286952 
214 0.849077 0.000000 -0.186906 82.657390 0.000000 -0.973911 0.316681 
215 0.849077 0.000000 -0.283083 82.754516 0.000000 -0.970784 0.315075 
216 0.951054 0.000000 -0.186906 83.485248 0.000000 -0.929447 0.302935 
217 1.970817 0.000000 -0.283083 97.825012 0.000000 -0.273880 0.043019 
218 1.970817 0.000000 -0.667790 95.820598 0.000000 15.170668 0.058826 
219 2.378723 0.000000 -0.283083 96.941829 0.000000 14.205412 0.040049 
220 1.970817 0.000000 0.101624 97.831393 0.000000 -0.276243 0.042894 
221 1.358959 0.000000 -0.090730 85.976686 0.000000 -0.809454 0.260735 
222 1.358959 0.000000 -0.283083 85.576090 0.000000 -0.829714 0.267604 
223 1.562912 0.000000 -0.090730 89.053280 0.000000 -0.487273 0.206928 
224 1.358959 0.000000 0.101624 86.023136 0.000000 -0.807131 0.259937 
225 1.053030 0.000000 0.005447 89.496206 0.000000 -0.205180 0.199039 
226 1.053030 0.000000 -0.090730 86.002800 0.000000 -0.727167 0.260299 
227 1.155006 0.000000 0.005447 95.657538 0.000000 -0.183036 0.084960 
228 1.053030 0.000000 0.101624 84.412586 0.000000 -0.881277 0.287374 
229 0.900066 0.000000 -0.042641 85.011987 0.000000 -0.389003 0.277281 
230 0.849077 0.000000 -0.042641 79.352851 0.000000 -0.376939 0.370298 
231 0.900066 0.000000 -0.090730 84.220727 0.000000 -0.571310 0.290654 
232 0.951054 0.000000 -0.042641 88.665600 0.000000 -0.418125 0.213824 
233 0.900066 0.000000 0.005447 88.244434 0.000000 -0.304872 0.221283 
234 1.053030 0.000000 -0.186906 84.300249 0.000000 -0.888406 0.289268 
235 1.053030 0.000000 -0.283083 84.189980 0.000000 -0.895503 0.291125 
236 1.155006 0.000000 -0.186906 84.992733 0.000000 -0.855145 0.277550 
237 1.002042 0.000000 -0.042641 88.650342 0.000000 -0.382941 0.214097 
238 1.002042 0.000000 -0.090730 86.034801 0.000000 -0.631512 0.259761 
239 1.053030 0.000000 -0.042641 86.661328 0.000000 -0.511999 0.248955 
240 1.002042 0.000000 0.005447 91.093390 0.000000 -0.279475 0.170192 
241 1.970817 0.000000 0.486331 101.259461 0.000000 11.174384 -0.037835 
242 2.378723 0.000000 0.486331 101.314969 0.000000 11.930676 -0.040706 
243 1.970817 0.000000 0.871038 100.514839 0.000000 17.516893 -0.041007 
244 1.358959 0.000000 0.293977 85.676264 0.000000 -0.824609 0.265890 
245 1.562912 0.000000 0.293977 90.945968 0.000000 -0.425834 0.172865 
246 1.358959 0.000000 0.486331 85.186642 0.000000 -0.849827 0.274251 
247 1.256983 0.000000 0.005447 96.003893 0.000000 -0.119329 0.078324 
248 1.256983 0.000000 -0.090730 85.670471 0.000000 -0.822848 0.265989 
249 1.358959 0.000000 0.005447 96.543246 0.000000 -0.111629 0.067939 
250 1.256983 0.000000 0.101624 85.717647 0.000000 -0.820428 0.265181 
251 1.358959 0.000000 -0.475437 85.808865 0.000000 -0.685133 0.263637 
252 1.358959 0.000000 -0.667790 96.070852 0.000000 -0.339853 0.077028 
253 1.562912 0.000000 -0.475437 96.155446 0.000000 -0.336961 0.075402 
254 1.256983 0.000000 -0.186906 85.497561 0.000000 -0.831773 0.268948 
255 1.256983 0.000000 -0.283083 85.273551 0.000000 -0.843472 0.272771 
256 1.358959 0.000000 -0.186906 85.804360 0.000000 -0.818120 0.263694 
257 1.205995 0.000000 -0.042641 90.843053 0.000000 -0.432424 0.174735 
258 1.155006 0.000000 -0.042641 88.689904 0.000000 -0.558107 0.213379 
259 1.205995 0.000000 -0.090730 85.433796 0.000000 -0.833558 0.270037 
260 1.256983 0.000000 -0.042641 92.808486 0.000000 -0.339044 0.138647 
261 1.205995 0.000000 0.005447 96.676755 0.000000 -0.155620 0.065358 
262 1.104018 0.000000 -0.042641 88.531981 0.000000 -0.317389 0.216199 
263 1.104018 0.000000 -0.090730 84.787760 0.000000 -0.863649 0.281029 
264 1.104018 0.000000 0.005447 89.714525 0.000000 -0.192649 0.195127 
265 1.256983 0.000000 0.197800 85.578907 0.000000 -0.827563 0.267557 
266 1.155006 0.000000 0.197800 85.061102 0.000000 -0.851395 0.276388 
267 1.358959 0.000000 0.197800 85.885842 0.000000 -0.814013 0.262296 
268 1.256983 0.000000 0.293977 85.371157 0.000000 -0.838355 0.271106 
269 1.205995 0.000000 0.053535 89.242359 0.000000 -0.574342 0.203547 
270 1.155006 0.000000 0.053535 88.433560 0.000000 -0.579462 0.217917 
271 1.256983 0.000000 0.053535 89.808294 0.000000 -0.539353 0.193418 
272 1.205995 0.000000 0.101624 85.478591 0.000000 -0.831208 0.269272 
273 1.180501 0.000000 -0.018597 95.813111 0.000000 -0.191081 0.081981 
274 1.155006 0.000000 -0.018597 94.114312 0.000000 -0.238037 0.114244 
275 1.180501 0.000000 -0.042641 90.566099 0.000000 -0.443836 0.179758 
276 1.205995 0.000000 -0.018597 96.110448 0.000000 -0.172736 0.076275 
277 1.180501 0.000000 0.005447 96.591134 0.000000 -0.164681 0.067013 
278 1.766865 0.000000 -0.090730 97.556420 0.000000 -0.170315 0.048272 
279 1.766865 0.000000 -0.283083 97.189779 0.000000 -0.303158 0.055406 
280 1.970817 0.000000 -0.090730 97.831379 0.000000 -0.276244 0.042895 
281 1.766865 0.000000 0.101624 96.713433 0.000000 -0.322785 0.064641 
282 1.460935 0.000000 0.005447 97.111201 0.000000 -0.077482 0.056941 
283 1.460935 0.000000 -0.090730 86.098723 0.000000 -0.804718 0.258636 
284 1.562912 0.000000 0.005447 98.014605 0.000000 -0.017122 0.039314 
285 1.460935 0.000000 0.101624 86.139837 0.000000 -0.802683 0.257928 
286 1.307971 0.000000 -0.042641 94.286558 0.000000 -0.254218 0.110998 
287 1.307971 0.000000 -0.090730 85.849964 0.000000 -0.814899 0.262912 
288 1.358959 0.000000 -0.042641 95.007406 0.000000 -0.213053 0.097355 
289 1.307971 0.000000 0.005447 96.020444 0.000000 -0.137499 0.078006 
290 1.231489 0.000000 -0.018597 92.290065 0.000000 -0.367061 0.148241 
291 1.231489 0.000000 -0.042641 91.642052 0.000000 -0.411381 0.160156 
292 1.256983 0.000000 -0.018597 95.195748 0.000000 -0.174606 0.093774 
293 1.231489 0.000000 0.005447 97.052241 0.000000 -0.157018 0.058084 
294 1.307971 0.000000 0.053535 93.386603 0.000000 -0.318718 0.127884 
295 1.358959 0.000000 0.053535 94.237352 0.000000 -0.263896 0.111925 
296 1.307971 0.000000 0.101624 85.897567 0.000000 -0.812494 0.262095 
297 1.282477 0.000000 -0.018597 96.021619 0.000000 -0.124850 0.077983 
298 1.282477 0.000000 -0.042641 93.190714 0.000000 -0.323091 0.131539 
299 1.307971 0.000000 -0.018597 95.815170 0.000000 -0.151085 0.081943 
300 1.282477 0.000000 0.005447 96.324517 0.000000 -0.102753 0.072158 
301 1.231489 0.000000 0.029491 92.014837 0.000000 -0.386041 0.153312 
302 1.205995 0.000000 0.029491 93.621291 0.000000 -0.247804 0.123499 
303 1.256983 0.000000 0.029491 94.814871 0.000000 -0.201840 0.101010 
304 1.231489 0.000000 0.053535 89.698744 0.000000 -0.545101 0.195384 
305 1.244236 0.000000 -0.006575 97.136168 0.000000 -0.148669 0.056454 
306 1.231489 0.000000 -0.006575 96.962415 0.000000 -0.159703 0.059826 
307 1.244236 0.000000 -0.018597 94.539189 0.000000 -0.216358 0.106229 
308 1.256983 0.000000 -0.006575 95.977608 0.000000 -0.121259 0.078828 
309 1.244236 0.000000 0.005447 97.206135 0.000000 -0.147028 0.055095 
310 21.142370 0.000000 -6.053688 97.875646 0.000000 20.389478 0.000463 
311 21.142370 0.000000 -12.208999 97.823997 0.000000 20.614573 0.000550 
312 27.668856 0.000000 -6.053688 97.869754 0.000000 20.472128 0.000240 
313 21.142370 0.000000 0.101624 98.116870 0.000000 19.317287 -0.000008 
314 11.352641 0.000000 -2.976032 97.980142 0.000000 19.603546 0.001559 
315 11.352641 0.000000 -6.053688 97.844706 0.000000 20.184500 0.001900 
316 14.615884 0.000000 -2.976032 97.979678 0.000000 19.818073 0.000723 
317 11.352641 0.000000 0.101624 98.527409 0.000000 17.260790 -0.000559 
318 6.457776 0.000000 -1.437204 98.169757 0.000000 17.950504 0.004048 
319 6.457776 0.000000 -2.976032 97.847530 0.000000 19.135559 0.005969 
320 8.089398 0.000000 -1.437204 98.178511 0.000000 18.394149 0.002264 
321 6.457776 0.000000 0.101624 99.682387 0.000000 10.267657 -0.004200 
322 4.010344 0.000000 -0.667790 97.899591 0.000000 14.342187 0.020997 
323 4.010344 0.000000 -1.437204 97.507828 0.000000 17.022714 0.020245 
324 4.826155 0.000000 -0.667790 98.412084 0.000000 15.077320 0.008774 
325 4.010344 0.000000 0.101624 100.098115 0.000000 7.920945 -0.008237 
326 2.786628 0.000000 -0.283083 94.294635 0.000000 14.450258 0.089971 
327 2.786628 0.000000 -0.667790 95.967420 0.000000 15.229972 0.055830 
328 3.194533 0.000000 -0.283083 95.763770 0.000000 10.618394 0.071655 
329 2.786628 0.000000 0.101624 98.741207 0.000000 -0.000000 0.025017 
330 2.174770 0.000000 -0.090730 99.261943 0.000000 0.000000 0.014707 
331 2.174770 0.000000 -0.283083 97.095732 0.000000 13.388691 0.039316 
332 2.378723 0.000000 -0.090730 99.229765 0.000000 0.000000 0.015345 
333 2.174770 0.000000 0.101624 99.999388 0.000000 1.499748 -0.000213 
334 1.766865 0.000000 0.293977 97.192009 0.000000 -0.303065 0.055362 
335 1.970817 0.000000 0.293977 97.825064 0.000000 -0.273879 0.043018 
336 1.766865 0.000000 0.486331 97.626602 0.000000 -0.286447 0.046896 
337 1.868841 0.000000 0.005447 98.862186 0.000000 -0.009427 0.022627 
338 1.766865 0.000000 0.005447 98.538503 0.000000 -0.015259 0.029016 
339 1.868841 0.000000 -0.090730 97.630475 0.000000 -0.286245 0.046821 
340 1.970817 0.000000 0.005447 99.109569 0.000000 -0.006281 0.017729 
341 1.868841 0.000000 0.101624 97.630666 0.000000 -0.286235 0.046817 
342 8.089398 0.000000 -18.364311 97.773940 0.000000 20.701556 0.001170 
343 8.089398 0.000000 -24.519622 97.788335 0.000000 20.743536 0.000715 
344 14.615884 0.000000 -18.364311 97.795110 0.000000 20.692432 0.000794 
345 4.826155 0.000000 -9.131344 97.665110 0.000000 20.453933 0.004316 
346 4.826155 0.000000 -12.208999 97.718514 0.000000 20.604942 0.002653 
347 8.089398 0.000000 -9.131344 97.741270 0.000000 20.423298 0.002953 
348 3.194533 0.000000 -4.514860 97.323862 0.000000 19.782942 0.013670 
349 3.194533 0.000000 -6.053688 97.469476 0.000000 20.172589 0.009277 
350 4.826155 0.000000 -4.514860 97.563720 0.000000 19.693522 0.009349 
351 2.378723 0.000000 -2.206618 96.520379 0.000000 18.467224 0.034278 
352 2.378723 0.000000 -2.976032 96.813379 0.000000 19.180538 0.025928 
353 3.194533 0.000000 -2.206618 97.010809 0.000000 18.249657 0.025585 
354 1.970817 0.000000 -1.052497 95.610975 0.000000 16.552229 0.058457 
355 1.970817 0.000000 -1.437204 95.713058 0.000000 17.466316 0.053394 
356 2.378723 0.000000 -1.052497 96.100131 0.000000 16.423468 0.049503 
357 1.766865 0.000000 -0.475437 97.768872 0.000000 -0.280237 0.044117 
358 1.766865 0.000000 -0.667790 95.205477 0.000000 14.876918 0.071459 
359 1.970817 0.000000 -0.475437 96.186951 0.000000 14.157655 0.054763 
360 1.868841 0.000000 -0.186906 97.629736 0.000000 -0.286283 0.046835 
361 1.766865 0.000000 -0.186906 97.194752 0.000000 -0.302951 0.055309 
362 1.868841 0.000000 -0.283083 97.769740 0.000000 -0.280172 0.044100 
363 1.970817 0.000000 -0.186906 97.831323 0.000000 -0.276250 0.042896 
364 21.142370 0.000000 6.256935 98.365739 0.000000 18.220627 -0.000781 
365 27.668856 0.000000 6.256935 99.038413 0.000000 15.037527 -0.003473 
366 21.142370 0.000000 12.412247 97.955384 0.000000 20.193729 -0.000304 
367 11.352641 0.000000 3.179279 98.430900 0.000000 17.970153 -0.001157 
368 14.615884 0.000000 3.179279 100.712886 0.000000 7.167894 -0.019446 
369 11.352641 0.000000 6.256935 98.186247 0.000000 19.267527 -0.001178 
370 6.457776 0.000000 1.640452 99.822652 0.000000 11.817371 -0.010421 
371 8.089398 0.000000 1.640452 101.159630 0.000000 5.174994 -0.026005 
372 6.457776 0.000000 3.179279 98.511026 0.000000 18.101762 -0.003210 
373 4.010344 0.000000 0.871038 100.978109 0.000000 8.247639 -0.026460 
374 4.826155 0.000000 0.871038 101.075677 0.000000 8.635415 -0.029086 
375 4.010344 0.000000 1.640452 98.901065 0.000000 17.414653 -0.008469 
376 2.786628 0.000000 0.486331 102.330793 0.000000 12.497424 -0.062778 
377 3.194533 0.000000 0.486331 101.759978 0.000000 12.108415 -0.050171 
378 2.786628 0.000000 0.871038 100.446013 0.000000 15.798199 -0.033898 
379 2.174770 0.000000 0.293977 100.340197 0.000000 10.862956 -0.018616 
380 2.378723 0.000000 0.293977 100.522408 0.000000 11.560432 -0.023840 
381 2.174770 0.000000 0.486331 101.143810 0.000000 11.435092 -0.036083 
382 2.072794 0.000000 0.005447 99.227079 0.000000 -0.002442 0.015399 
383 2.072794 0.000000 -0.090730 97.966949 0.000000 -0.268824 0.040240 
384 2.174770 0.000000 0.005447 99.264560 0.000000 0.000000 0.014655 
385 2.072794 0.000000 0.101624 97.966949 0.000000 -0.268824 0.040240 
386 1.919829 0.000000 -0.042641 98.974364 0.000000 -0.020000 0.020407 
387 1.868841 0.000000 -0.042641 98.842897 0.000000 -0.016579 0.023008 
388 1.919829 0.000000 -0.090730 98.715987 0.000000 -0.066590 0.025515 
389 1.970817 0.000000 -0.042641 99.102689 0.000000 -0.010883 0.017866 
390 1.919829 0.000000 0.005447 99.007342 0.000000 -0.006684 0.019755 
391 2.582675 0.000000 -0.090730 99.146657 0.000000 0.000000 0.016994 
392 2.582675 0.000000 -0.283083 96.120224 0.000000 14.809351 0.054159 
393 2.786628 0.000000 -0.090730 98.852645 0.000000 -0.000000 0.022815 
394 2.582675 0.000000 0.101624 101.038743 0.000000 2.919946 -0.021735 
395 2.276746 0.000000 0.005447 99.243483 0.000000 0.000000 0.015073 
396 2.276746 0.000000 -0.090730 99.222511 0.000000 0.000000 0.015489 
397 2.378723 0.000000 0.005447 99.222471 0.000000 0.000000 0.015490 
398 2.276746 0.000000 0.101624 100.092448 0.000000 1.638323 -0.002118 
399 2.582675 0.000000 0.293977 101.345065 0.000000 11.911371 -0.041270 
400 2.786628 0.000000 0.293977 102.998818 0.000000 11.279140 -0.073598 
401 2.582675 0.000000 0.486331 101.729386 0.000000 12.343240 -0.050122 
402 2.480699 0.000000 0.005447 99.179968 0.000000 0.000000 0.016333 
403 2.480699 0.000000 -0.090730 99.173361 0.000000 0.000000 0.016464 
404 2.582675 0.000000 0.005447 99.137702 0.000000 0.000000 0.017172 
405 2.480699 0.000000 0.101624 100.521087 0.000000 2.316582 -0.010986 
406 3.602439 0.000000 -0.283083 97.672057 0.000000 11.092491 0.033713 
407 3.602439 0.000000 -0.667790 97.330394 0.000000 14.073435 0.032873 
408 4.010344 0.000000 -0.283083 98.306672 0.000000 11.501447 0.020351 
409 3.602439 0.000000 0.101624 99.859105 0.000000 3.655879 0.001479 
410 2.990581 0.000000 -0.090730 98.645749 0.000000 0.000000 0.026902 
411 2.990581 0.000000 -0.283083 93.785186 0.000000 11.895235 0.106284 
412 3.194533 0.000000 -0.090730 98.598129 0.000000 -0.000000 0.027841 
413 2.990581 0.000000 0.101624 98.652118 0.000000 0.000000 0.026776 
414 2.684652 0.000000 0.005447 99.034098 0.000000 -0.000000 0.019225 
415 2.684652 0.000000 -0.090730 99.052733 0.000000 0.000000 0.018856 
416 2.786628 0.000000 0.005447 98.886379 0.000000 -0.000000 0.022148 
417 2.684652 0.000000 0.101624 102.118046 0.000000 3.911874 -0.044340 
418 3.602439 0.000000 0.486331 100.422258 0.000000 13.257937 -0.026040 
419 4.010344 0.000000 0.486331 99.832837 0.000000 14.358194 -0.017275 
420 3.602439 0.000000 0.871038 100.885113 0.000000 9.871806 -0.027526 
421 3.398486 0.000000 -0.090730 97.708827 0.000000 10.648538 0.033959 
422 3.398486 0.000000 -0.283083 97.028284 0.000000 10.810269 0.046865 
423 3.602439 0.000000 -0.090730 97.892249 0.000000 11.114267 0.029358 
424 3.398486 0.000000 0.101624 99.849990 0.000000 2.118034 0.002549 
425 2.990581 0.000000 0.293977 103.428865 0.000000 8.889763 -0.077656 
426 3.194533 0.000000 0.293977 101.660957 0.000000 7.687706 -0.039405 
427 2.990581 0.000000 0.486331 102.385523 0.000000 12.190665 -0.063141 
428 3.092557 0.000000 0.005447 98.597177 0.000000 -0.000000 0.027860 
429 2.990581 0.000000 0.005447 98.626153 0.000000 0.000000 0.027288 
430 3.092557 0.000000 -0.090730 98.597162 0.000000 -0.000000 0.027860 
431 3.194533 0.000000 0.005447 98.656304 0.000000 -0.000000 0.026693 
432 3.092557 0.000000 0.101624 98.597182 0.000000 -0.000000 0.027860 
433 2.786628 0.000000 -1.052497 96.391358 0.000000 16.264990 0.044416 
434 2.786628 0.000000 -1.437204 96.555532 0.000000 17.121992 0.038387 
435 3.194533 0.000000 -1.052497 96.776517 0.000000 16.007058 0.037808 
436 2.990581 0.000000 -0.475437 95.324482 0.000000 13.655260 0.072678 
437 2.786628 0.000000 -0.475437 95.395334 0.000000 14.724757 0.068291 
438 2.990581 0.000000 -0.667790 96.017053 0.000000 14.716881 0.056414 
439 3.194533 0.000000 -0.475437 96.003782 0.000000 12.801886 0.061939 
440 3.092557 0.000000 -0.186906 94.512517 0.000000 9.030858 0.098583 
441 2.990581 0.000000 -0.186906 92.399459 0.000000 10.237533 0.135753 
442 3.092557 0.000000 -0.283083 94.719227 0.000000 10.922892 0.090896 
443 3.194533 0.000000 -0.186906 96.266812 0.000000 9.379212 0.064473 
444 3.398486 0.000000 0.293977 100.559448 0.000000 7.809240 -0.017319 
445 3.602439 0.000000 0.293977 100.132435 0.000000 7.856469 -0.008823 
446 3.398486 0.000000 0.486331 100.956710 0.000000 12.600304 -0.035102 
447 3.296510 0.000000 0.005447 98.606984 0.000000 9.410954 0.018810 
448 3.296510 0.000000 -0.090730 97.799564 0.000000 10.287073 0.032942 
449 3.398486 0.000000 0.005447 98.602774 0.000000 10.110213 0.017528 
450 3.296510 0.000000 0.101624 99.749810 0.000000 1.378637 0.004807 
451 3.143545 0.000000 -0.042641 98.614995 0.000000 -0.000000 0.027508 
452 3.092557 0.000000 -0.042641 98.604541 0.000000 -0.000000 0.027714 
453 3.143545 0.000000 -0.090730 98.602390 0.000000 -0.000000 0.027757 
454 3.194533 0.000000 -0.042641 98.646692 0.000000 -0.000000 0.026883 
455 3.143545 0.000000 0.005447 98.634601 0.000000 -0.000000 0.027122 
456 2.888604 0.000000 0.005447 98.717093 0.000000 0.000000 0.025494 
457 2.888604 0.000000 -0.090730 98.717332 0.000000 -0.000000 0.025489 
458 2.888604 0.000000 0.101624 98.717149 0.000000 -0.000000 0.025492 
459 3.041569 0.000000 -0.042641 98.618204 0.000000 -0.000000 0.027445 
460 2.990581 0.000000 -0.042641 98.661237 0.000000 0.000000 0.026596 
461 3.041569 0.000000 -0.090730 98.611644 0.000000 0.000000 0.027574 
462 3.041569 0.000000 0.005447 98.603008 0.000000 0.000000 0.027745 
463 3.092557 0.000000 0.197800 102.904651 0.000000 1.031714 -0.059043 
464 2.990581 0.000000 0.197800 104.794846 0.000000 2.322520 -0.098735 
465 3.194533 0.000000 0.197800 101.305953 0.000000 1.164176 -0.026425 
466 3.092557 0.000000 0.293977 102.596977 0.000000 7.988374 -0.058995 
467 3.143545 0.000000 0.053535 98.602399 0.000000 -0.000000 0.027757 
468 3.092557 0.000000 0.053535 98.604699 0.000000 -0.000000 0.027711 
469 3.194533 0.000000 0.053535 98.604006 0.000000 -0.000000 0.027725 
470 3.143545 0.000000 0.101624 98.597343 0.000000 -0.000000 0.027856 
471 3.118051 0.000000 -0.018597 98.601463 0.000000 -0.000000 0.027775 
472 3.092557 0.000000 -0.018597 98.599299 0.000000 -0.000000 0.027818 
473 3.118051 0.000000 -0.042641 98.601545 0.000000 -0.000000 0.027774 
474 3.143545 0.000000 -0.018597 98.642655 0.000000 -0.000000 0.026963 
475 3.118051 0.000000 0.005447 98.596158 0.000000 0.000000 0.027880 
476 4.010344 0.000000 -2.206618 97.412474 0.000000 18.226121 0.017862 
477 4.010344 0.000000 -2.976032 97.383936 0.000000 18.915544 0.015857 
478 4.826155 0.000000 -2.206618 97.700463 0.000000 18.328178 0.011870 
479 3.602439 0.000000 -1.052497 97.253709 0.000000 15.892337 0.028915 
480 3.602439 0.000000 -1.437204 97.241084 0.000000 16.979315 0.025587 
481 4.010344 0.000000 -1.052497 97.655488 0.000000 16.006935 0.020718 
482 3.398486 0.000000 -0.475437 96.856665 0.000000 12.600408 0.046002 
483 3.398486 0.000000 -0.667790 96.861563 0.000000 14.053459 0.042034 
484 3.602439 0.000000 -0.475437 97.423244 0.000000 12.671838 0.034814 
485 3.296510 0.000000 -0.186906 96.935396 0.000000 9.928720 0.050495 
486 3.296510 0.000000 -0.283083 96.523212 0.000000 10.669103 0.056944 
487 3.398486 0.000000 -0.186906 97.302604 0.000000 10.239014 0.042737 
488 3.245522 0.000000 -0.042641 98.599219 0.000000 -0.000000 0.027819 
489 3.245522 0.000000 -0.090730 98.604499 0.000000 -0.000000 0.027715 
490 3.296510 0.000000 -0.042641 98.258978 0.000000 10.612969 0.023254 
491 3.245522 0.000000 0.005447 98.607522 0.000000 -0.000000 0.027656 
492 3.169039 0.000000 -0.018597 98.653734 0.000000 -0.000000 0.026744 
493 3.169039 0.000000 -0.042641 98.644329 0.000000 -0.000000 0.026930 
494 3.194533 0.000000 -0.018597 98.653347 0.000000 -0.000000 0.026752 
495 3.169039 0.000000 0.005447 98.660483 0.000000 -0.000000 0.026611 
496 3.041569 0.000000 0.053535 98.618476 0.000000 -0.000000 0.027440 
497 2.990581 0.000000 0.053535 98.661544 0.000000 0.000000 0.026590 
498 3.041569 0.000000 0.101624 98.602760 0.000000 0.000000 0.027750 
499 3.118051 0.000000 0.029491 98.601495 0.000000 -0.000000 0.027775 
500 3.092557 0.000000 0.029491 98.604374 0.000000 -0.000000 0.027718 
501 3.143545 0.000000 0.029491 98.641874 0.000000 -0.000000 0.026978 
502 3.118051 0.000000 0.053535 98.601589 0.000000 -0.000000 0.027773 
503 3.130798 0.000000 -0.006575 98.614931 0.000000 0.000000 0.027510 
504 3.118051 0.000000 -0.006575 98.597188 0.000000 0.000000 0.027859 
505 3.130798 0.000000 -0.018597 98.637680 0.000000 -0.000000 0.027061 
506 3.143545 0.000000 -0.006575 98.625894 0.000000 -0.000000 0.027293 
507 3.130798 0.000000 0.005447 98.613303 0.000000 0.000000 0.027542 
508 3.067063 0.000000 -0.018597 98.603622 0.000000 -0.000000 0.027733 
509 3.041569 0.000000 -0.018597 98.607668 0.000000 0.000000 0.027653 
510 3.067063 0.000000 -0.042641 98.609185 0.000000 -0.000000 0.027623 
511 3.067063 0.000000 0.005447 98.601520 0.000000 -0.000000 0.027774 
512 2.888604 0.000000 -0.186906 91.891325 0.000000 12.713642 0.139435 
513 2.786628 0.000000 -0.186906 93.540768 0.000000 14.465291 0.104088 
514 2.888604 0.000000 -0.283083 93.592492 0.000000 13.319028 0.106305 
515 2.939593 0.000000 -0.042641 98.684721 0.000000 -0.000000 0.026133 
516 2.888604 0.000000 -0.042641 98.708044 0.000000 -0.000000 0.025672 
517 2.939593 0.000000 -0.090730 98.690811 0.000000 -0.000000 0.026012 
518 2.939593 0.000000 0.005447 98.695755 0.000000 -0.000000 0.025915 
519 3.016075 0.000000 -0.018597 98.622938 0.000000 -0.000000 0.027352 
520 2.990581 0.000000 -0.018597 98.634055 0.000000 0.000000 0.027132 
521 3.016075 0.000000 -0.042641 98.635755 0.000000 0.000000 0.027099 
522 3.016075 0.000000 0.005447 98.612898 0.000000 0.000000 0.027550 
523 2.837616 0.000000 -0.042641 98.822321 0.000000 -0.000000 0.023415 
524 2.786628 0.000000 -0.042641 98.858575 0.000000 -0.000000 0.022698 
525 2.837616 0.000000 -0.090730 98.731669 0.000000 -0.000000 0.025206 
526 2.837616 0.000000 0.005447 98.819433 0.000000 -0.000000 0.023472 
527 2.888604 0.000000 0.197800 105.290546 0.000000 4.773941 -0.110889 
528 2.786628 0.000000 0.197800 103.978756 0.000000 6.708174 -0.085658 
529 2.888604 0.000000 0.293977 103.610704 0.000000 10.201884 -0.083926 
530 2.939593 0.000000 0.053535 98.691306 0.000000 -0.000000 0.026003 
531 2.888604 0.000000 0.053535 98.707561 0.000000 -0.000000 0.025682 
532 2.939593 0.000000 0.101624 98.700728 0.000000 -0.000000 0.025817 
533 2.914098 0.000000 -0.018597 98.699909 0.000000 -0.000000 0.025833 
534 2.888604 0.000000 -0.018597 98.708869 0.000000 -0.000000 0.025656 
535 2.914098 0.000000 -0.042641 98.696514 0.000000 -0.000000 0.025900 
536 2.939593 0.000000 -0.018597 98.693709 0.000000 -0.000000 0.025955 
537 2.914098 0.000000 0.005447 98.704975 0.000000 -0.000000 0.025733 
538 2.837616 0.000000 0.053535 98.820999 0.000000 -0.000000 0.023441 
539 2.786628 0.000000 0.053535 98.861600 0.000000 -0.000000 0.022638 
540 2.837616 0.000000 0.101624 98.731584 0.000000 -0.000000 0.025207 
541 2.863110 0.000000 -0.018597 98.782631 0.000000 -0.000000 0.024199 
542 2.837616 0.000000 -0.018597 98.817045 0.000000 -0.000000 0.023519 
543 2.863110 0.000000 -0.042641 98.768653 0.000000 -0.000000 0.024475 
544 2.863110 0.000000 0.005447 98.766769 0.000000 -0.000000 0.024513 
545 2.863110 0.000000 0.029491 98.782501 0.000000 -0.000000 0.024202 
546 2.837616 0.000000 0.029491 98.823843 0.000000 -0.000000 0.023385 
547 2.888604 0.000000 0.029491 98.708552 0.000000 -0.000000 0.025662 
548 2.863110 0.000000 0.053535 98.719563 0.000000 -0.000000 0.025445 
549 2.875857 0.000000 -0.006575 98.728347 0.000000 0.000000 0.025271 
550 2.863110 0.000000 -0.006575 98.768406 0.000000 -0.000000 0.024480 
551 2.875857 0.000000 -0.018597 98.733973 0.000000 -0.000000 0.025160 
552 2.888604 0.000000 -0.006575 98.716934 0.000000 0.000000 0.025497 
553 2.875857 0.000000 0.005447 98.730007 0.000000 0.000000 0.025239 
554 2.582675 0.000000 -0.475437 96.003397 0.000000 15.188059 0.055267 
555 2.378723 0.000000 -0.475437 96.418701 0.000000 15.119706 0.047483 
556 2.582675 0.000000 -0.667790 96.084323 0.000000 15.543336 0.052621 
557 2.684652 0.000000 -0.186906 95.394516 0.000000 14.592675 0.068694 
558 2.582675 0.000000 -0.186906 96.514046 0.000000 14.073352 0.048698 
559 2.684652 0.000000 -0.283083 95.313958 0.000000 14.885115 0.069368 
560 2.735640 0.000000 -0.042641 98.964073 0.000000 -0.000000 0.020611 
561 2.684652 0.000000 -0.042641 99.036018 0.000000 -0.000000 0.019187 
562 2.735640 0.000000 -0.090730 98.932954 0.000000 -0.000000 0.021227 
563 2.735640 0.000000 0.005447 98.965294 0.000000 -0.000000 0.020587 
564 2.812122 0.000000 -0.018597 98.846519 0.000000 -0.000000 0.022937 
565 2.786628 0.000000 -0.018597 98.874692 0.000000 -0.000000 0.022380 
566 2.812122 0.000000 -0.042641 98.838566 0.000000 -0.000000 0.023094 
567 2.812122 0.000000 0.005447 98.855807 0.000000 -0.000000 0.022753 
568 2.850363 0.000000 -0.006575 98.804331 0.000000 -0.000000 0.023770 
569 2.837616 0.000000 -0.006575 98.819443 0.000000 -0.000000 0.023472 
570 2.850363 0.000000 -0.018597 98.804663 0.000000 -0.000000 0.023764 
571 2.850363 0.000000 0.005447 98.804301 0.000000 -0.000000 0.023771 
572 5.641966 0.000000 0.871038 100.818734 0.000000 12.760974 -0.032726 
573 5.641966 0.000000 0.101624 100.397563 0.000000 4.618475 -0.010100 
574 6.457776 0.000000 0.871038 98.443648 0.000000 18.860935 -0.004689 
575 5.641966 0.000000 1.640452 98.842804 0.000000 16.419878 -0.003951 
576 -18.016546 0.000000 -18.364311 97.795014 0.000000 20.797562 0.000360 
577 -24.543033 0.000000 -18.364311 97.803380 0.000000 20.798314 0.000193 
578 -18.016546 0.000000 -24.519622 97.798166 0.000000 20.792602 0.000319 
579 21.142370 0.000000 -18.364311 97.809339 0.000000 20.696771 0.000498 
580 21.142370 0.000000 -24.519622 97.805914 0.000000 20.734906 0.000407 
581 27.668856 0.000000 -18.364311 97.816900 0.000000 20.705175 0.000315 
582 -8.226817 0.000000 -9.131344 97.733691 0.000000 20.815457 0.001484 
583 -11.490060 0.000000 -9.131344 97.767566 0.000000 20.819952 0.000803 
584 -8.226817 0.000000 -12.208999 97.747063 0.000000 20.796040 0.001304 
585 11.352641 0.000000 -9.131344 97.797653 0.000000 20.445650 0.001759 
586 11.352641 0.000000 -12.208999 97.783005 0.000000 20.579189 0.001498 
587 14.615884 0.000000 -9.131344 97.823467 0.000000 20.477396 0.001125 
588 -3.331953 0.000000 -4.514860 97.492737 0.000000 20.881556 0.005913 
589 -4.963574 0.000000 -4.514860 97.621849 0.000000 20.899047 0.003320 
590 -3.331953 0.000000 -6.053688 97.547075 0.000000 20.799887 0.005193 
591 6.457776 0.000000 -4.514860 97.730569 0.000000 19.730266 0.005945 
592 6.457776 0.000000 -6.053688 97.696765 0.000000 20.081738 0.005207 
593 8.089398 0.000000 -4.514860 97.823473 0.000000 19.809217 0.003816 
594 -0.884520 0.000000 -2.206618 96.642879 0.000000 21.146806 0.021297 
595 -1.700331 0.000000 -2.206618 97.070074 0.000000 21.234189 0.012651 
596 -0.884520 0.000000 -2.976032 96.845995 0.000000 20.857009 0.018584 
597 -0.476615 0.000000 -1.052497 96.025341 0.000000 22.434885 0.027581 
598 -0.884520 0.000000 -1.052497 96.637065 0.000000 22.201010 0.016839 
599 -0.476615 0.000000 -1.437204 95.998820 0.000000 21.775040 0.031007 
600 0.135243 0.000000 -0.475437 66.752239 0.000000 -2.000118 0.554014 
601 -0.068710 0.000000 -0.475437 95.543590 0.000000 25.235028 0.023462 
602 0.135243 0.000000 -0.667790 93.419800 0.000000 23.950120 0.069913 
603 -0.476615 0.000000 0.486331 98.624472 0.000000 23.936915 -0.029976 
604 -0.884520 0.000000 0.486331 98.478459 0.000000 22.922705 -0.022346 
605 -0.476615 0.000000 0.871038 99.687314 0.000000 23.194119 -0.047553 
606 0.135243 0.000000 0.293977 68.663350 0.000000 -1.688065 0.528249 
607 -0.068710 0.000000 0.293977 69.453872 0.000000 -2.130674 0.517162 
608 0.135243 0.000000 0.486331 65.859764 0.000000 -1.834316 0.565913 
609 0.441172 0.000000 -0.186906 80.924879 0.000000 -1.086891 0.344998 
610 0.339196 0.000000 -0.186906 77.147722 0.000000 -1.272457 0.404661 
611 0.441172 0.000000 -0.283083 80.334523 0.000000 -1.112452 0.354513 
612 1.053030 0.000000 0.197800 84.341306 0.000000 -0.885789 0.288576 
613 0.951054 0.000000 0.197800 83.488521 0.000000 -0.928557 0.302880 
614 1.053030 0.000000 0.293977 84.237524 0.000000 -0.892431 0.290324 
615 0.798089 0.000000 -0.042641 66.529600 0.000000 -0.522729 0.557354 
616 0.798089 0.000000 -0.090730 67.229779 0.000000 -0.555344 0.547985 
617 0.798089 0.000000 0.005447 58.383005 0.000000 -0.493580 0.659118 
618 2.174770 0.000000 -0.475437 96.468465 0.000000 14.725496 0.047699 
619 2.174770 0.000000 -0.667790 96.138494 0.000000 15.441361 0.051895 
620 1.460935 0.000000 -0.186906 85.944164 0.000000 -0.812403 0.261294 
621 1.460935 0.000000 -0.283083 86.471228 0.000000 -0.661538 0.252229 
622 1.562912 0.000000 -0.186906 91.011677 0.000000 -0.424506 0.171669 
623 1.104018 0.000000 0.053535 85.569043 0.000000 -0.648800 0.267752 
624 1.053030 0.000000 0.053535 86.597543 0.000000 -0.529505 0.250059 
625 1.104018 0.000000 0.101624 84.821122 0.000000 -0.861736 0.280463 
626 1.002042 0.000000 0.053535 86.617517 0.000000 -0.480239 0.249718 
627 0.951054 0.000000 0.053535 88.332596 0.000000 -0.433322 0.219716 
628 1.002042 0.000000 0.101624 85.940707 0.000000 -0.642492 0.261378 
629 1.460935 0.000000 0.197800 86.017646 0.000000 -0.808743 0.260031 
630 1.562912 0.000000 0.197800 88.995365 0.000000 -0.488628 0.207959 
631 1.460935 0.000000 0.293977 85.827173 0.000000 -0.818255 0.263303 
632 1.180501 0.000000 0.029491 94.328890 0.000000 -0.273593 0.110199 
633 1.155006 0.000000 0.029491 93.337372 0.000000 -0.267562 0.128806 
634 1.180501 0.000000 0.053535 88.481992 0.000000 -0.579441 0.217060 
635 1.664888 0.000000 -0.186906 96.224695 0.000000 -0.334573 0.074070 
636 1.664888 0.000000 -0.283083 96.206782 0.000000 -0.335189 0.074414 
637 1.664888 0.000000 -0.090730 97.131515 0.000000 -0.194729 0.056543 
638 1.664888 0.000000 0.005447 98.160225 0.000000 -0.021525 0.036457 
639 1.664888 0.000000 0.101624 93.674353 0.000000 -0.362864 0.122498 
640 1.282477 0.000000 0.029491 95.731927 0.000000 -0.145467 0.083538 
641 1.307971 0.000000 0.029491 94.674310 0.000000 -0.228976 0.103672 
642 1.282477 0.000000 0.053535 92.896765 0.000000 -0.342924 0.137007 
643 5.641966 0.000000 -0.667790 98.586333 0.000000 15.861208 0.002916 
644 5.641966 0.000000 -1.437204 98.106447 0.000000 17.642039 0.006388 
645 6.457776 0.000000 -0.667790 98.536614 0.000000 16.532197 0.001722 
646 2.072794 0.000000 -0.186906 97.528068 0.000000 11.150485 0.036394 
647 2.072794 0.000000 -0.283083 97.032964 0.000000 12.951830 0.041685 
648 2.174770 0.000000 -0.186906 97.578208 0.000000 11.747820 0.034048 
649 2.276746 0.000000 -0.186906 97.549428 0.000000 12.307712 0.033263 
650 2.276746 0.000000 -0.283083 97.073464 0.000000 13.788545 0.038662 
651 2.378723 0.000000 -0.186906 97.417196 0.000000 12.908374 0.034326 
652 1.664888 0.000000 0.197800 96.230818 0.000000 -0.334361 0.073952 
653 1.766865 0.000000 0.197800 96.708147 0.000000 -0.323004 0.064743 
654 1.664888 0.000000 0.293977 96.214784 0.000000 -0.334914 0.074260 
655 1.868841 0.000000 0.197800 97.630092 0.000000 -0.286265 0.046828 
656 1.970817 0.000000 0.197800 97.831350 0.000000 -0.276247 0.042895 
657 1.868841 0.000000 0.293977 97.629153 0.000000 -0.286314 0.046847 
658 2.072794 0.000000 0.197800 100.044160 0.000000 7.176630 -0.006034 
659 2.174770 0.000000 0.197800 100.068050 0.000000 7.355346 -0.006772 
660 2.072794 0.000000 0.293977 100.374925 0.000000 10.434266 -0.018400 
661 2.276746 0.000000 0.197800 100.153113 0.000000 7.444237 -0.008606 
662 2.378723 0.000000 0.197800 100.338576 0.000000 7.524260 -0.012444 
663 2.276746 0.000000 0.293977 100.379111 0.000000 11.219653 -0.020185 
664 2.480699 0.000000 -0.186906 97.107810 0.000000 13.519655 0.038729 
665 2.480699 0.000000 -0.283083 96.647192 0.000000 14.561552 0.044728 
666 2.480699 0.000000 0.197800 100.700272 0.000000 7.565310 -0.019778 
667 2.582675 0.000000 0.197800 101.326627 0.000000 7.502798 -0.032338 
668 2.480699 0.000000 0.293977 100.824547 0.000000 11.806522 -0.030498 
669 2.684652 0.000000 0.197800 102.393287 0.000000 7.381100 -0.053887 
670 2.684652 0.000000 0.293977 102.103754 0.000000 11.831938 -0.056517 
671 2.735640 0.000000 0.053535 98.949381 0.000000 -0.000000 0.020902 
672 2.684652 0.000000 0.053535 99.047357 0.000000 0.000000 0.018962 
673 2.735640 0.000000 0.101624 103.076143 0.000000 4.439816 -0.064440 
674 3.296510 0.000000 0.197800 100.667472 0.000000 1.576013 -0.013642 
675 3.398486 0.000000 0.197800 100.374018 0.000000 1.815526 -0.007824 
676 3.296510 0.000000 0.293977 100.984527 0.000000 7.711887 -0.025735 
677 3.245522 0.000000 0.053535 98.600947 0.000000 -0.000000 0.027785 
678 3.296510 0.000000 0.053535 99.090211 0.000000 5.656425 0.014913 
679 3.245522 0.000000 0.101624 99.376377 0.000000 0.947660 0.012344 
680 3.169039 0.000000 0.029491 98.648858 0.000000 -0.000000 0.026840 
681 3.194533 0.000000 0.029491 98.650183 0.000000 -0.000000 0.026814 
682 3.169039 0.000000 0.053535 98.603606 0.000000 -0.000000 0.027733 
683 3.067063 0.000000 0.029491 98.608915 0.000000 -0.000000 0.027628 
684 3.041569 0.000000 0.029491 98.611583 0.000000 -0.000000 0.027576 
685 3.067063 0.000000 0.053535 98.609444 0.000000 -0.000000 0.027618 
686 2.965087 0.000000 -0.018597 98.663552 0.000000 -0.000000 0.026550 
687 2.965087 0.000000 -0.042641 98.672809 0.000000 -0.000000 0.026368 
688 2.965087 0.000000 0.005447 98.662431 0.000000 -0.000000 0.026572 
689 2.914098 0.000000 0.029491 98.697006 0.000000 -0.000000 0.025890 
690 2.939593 0.000000 0.029491 98.685024 0.000000 -0.000000 0.026127 
691 2.914098 0.000000 0.053535 98.696044 0.000000 -0.000000 0.025909 
692 2.965087 0.000000 0.029491 98.672809 0.000000 -0.000000 0.026368 
693 2.990581 0.000000 0.029491 98.646164 0.000000 0.000000 0.026893 
694 2.965087 0.000000 0.053535 98.678504 0.000000 -0.000000 0.026255 
695 2.812122 0.000000 0.029491 98.843076 0.000000 -0.000000 0.023005 
696 2.786628 0.000000 0.029491 98.866466 0.000000 -0.000000 0.022542 
697 2.812122 0.000000 0.053535 98.842544 0.000000 -0.000000 0.023015 
698 0.849077 0.000000 0.197800 82.621296 0.000000 -0.975056 0.317277 
699 0.747101 0.000000 0.197800 81.868841 0.000000 -1.019080 0.329645 
700 0.849077 0.000000 0.293977 82.712604 0.000000 -0.972141 0.315768 
701 0.900066 0.000000 0.053535 88.230053 0.000000 -0.426696 0.221528 
702 0.849077 0.000000 0.053535 78.975556 0.000000 -0.397571 0.376270 
703 0.900066 0.000000 0.101624 84.143310 0.000000 -0.585607 0.291956 
704 0.798089 0.000000 0.053535 66.715471 0.000000 -0.531760 0.554876 
705 0.747101 0.000000 0.053535 63.481629 0.000000 -0.537790 0.596979 
706 0.798089 0.000000 0.101624 72.390361 0.000000 -0.621854 0.475925 
707 5.641966 0.000000 -2.206618 97.875660 0.000000 18.496174 0.007825 
708 5.641966 0.000000 -2.976032 97.752715 0.000000 19.036691 0.008201 
709 6.457776 0.000000 -2.206618 97.969013 0.000000 18.667806 0.005359 
710 3.016075 0.000000 0.029491 98.626109 0.000000 -0.000000 0.027289 
711 3.016075 0.000000 0.053535 98.629696 0.000000 0.000000 0.027218 
712 0.645125 0.000000 0.197800 81.319608 0.000000 -1.054757 0.338601 
713 0.543148 0.000000 0.197800 80.992404 0.000000 -1.078812 0.343907 
714 0.645125 0.000000 0.293977 81.528385 0.000000 -1.043770 0.335203 
715 0.696113 0.000000 0.053535 62.301268 0.000000 -0.544194 0.611826 
716 0.645125 0.000000 0.053535 70.838291 0.000000 -0.408659 0.498177 
717 0.696113 0.000000 0.101624 64.450570 0.000000 -0.582455 0.584578 
718 0.594137 0.000000 0.053535 74.051201 0.000000 -0.407036 0.451625 
719 0.543148 0.000000 0.053535 80.350448 0.000000 -0.329344 0.354370 
720 0.594137 0.000000 0.101624 68.414401 0.000000 -0.582479 0.531913 
1 19 21 9 22 
2 20 19 22 4 
3 28 29 3 30 
4 21 28 30 9 
5 35 37 21 38 
6 36 35 38 19 
7 44 45 28 46 
8 37 44 46 21 
9 51 53 37 54 
10 52 51 54 35 
11 60 61 44 62 
12 53 60 62 37 
13 67 69 53 70 
14 68 67 70 51 
15 11 78 76 77 
16 78 10 24 76 
17 76 24 14 79 
18 77 76 79 6 
19 24 82 80 81 
20 82 23 40 80 
21 80 40 27 83 
22 81 80 83 14 
23 40 86 84 85 
24 86 39 56 84 
25 84 56 43 87 
26 85 84 87 27 
27 56 90 88 89 
28 89 88 91 43 
29 92 93 60 94 
30 69 92 94 53 
31 95 97 69 98 
32 96 95 98 67 
33 6 79 112 113 
34 79 14 36 112 
35 112 36 19 114 
36 113 112 114 20 
37 14 83 115 116 
38 83 27 52 115 
39 115 52 35 117 
40 116 115 117 36 
41 27 87 118 119 
42 87 43 68 118 
43 118 68 51 120 
44 119 118 120 52 
45 43 91 121 122 
46 121 96 67 123 
47 122 121 123 68 
48 124 126 95 127 
49 125 124 127 96 
50 88 135 133 134 
51 135 72 100 133 
52 133 100 59 136 
53 134 133 136 91 
54 100 139 137 138 
55 139 99 129 137 
56 137 129 103 140 
57 138 137 140 59 
58 141 142 92 143 
59 97 141 143 69 
60 144 145 97 146 
61 126 144 146 95 
62 103 132 147 148 
63 147 149 126 150 
64 148 147 150 124 
65 129 153 151 152 
66 153 128 154 151 
67 151 154 132 155 
68 152 151 155 103 
69 12 166 164 165 
70 166 7 167 164 
71 164 167 13 25 
72 165 164 25 10 
73 25 170 168 169 
74 170 13 171 168 
75 168 171 26 41 
76 169 168 41 23 
77 41 174 172 173 
78 174 26 175 172 
79 172 175 42 57 
80 173 172 57 39 
81 57 178 176 177 
82 178 42 179 176 
83 176 179 58 73 
84 177 176 73 55 
85 55 182 180 181 
86 182 73 183 180 
87 180 183 71 101 
88 181 180 101 72 
89 101 186 184 185 
90 186 71 187 184 
91 184 187 102 130 
92 185 184 130 99 
93 130 190 188 189 
94 190 102 191 188 
95 188 191 131 161 
96 189 188 161 128 
97 192 193 144 194 
98 149 192 194 126 
99 161 201 199 200 
100 201 131 202 199 
101 199 202 162 203 
102 200 199 203 160 
103 128 206 204 205 
104 206 161 200 204 
105 204 200 160 207 
106 205 204 207 154 
107 73 209 208 183 
108 209 58 210 208 
109 208 210 74 109 
110 183 208 109 71 
111 71 212 211 187 
112 212 109 213 211 
113 211 213 108 157 
114 187 211 157 102 
115 102 215 214 191 
116 215 157 216 214 
117 214 216 156 196 
118 191 214 196 131 
119 196 231 229 230 
120 231 156 232 229 
121 229 232 197 233 
122 230 229 233 195 
123 157 235 234 216 
124 235 108 236 234 
125 234 236 158 226 
126 216 234 226 156 
127 156 238 237 232 
128 238 226 239 237 
129 237 239 225 240 
130 232 237 240 197 
131 241 242 141 243 
132 145 241 243 97 
133 244 245 145 246 
134 193 244 246 144 
135 109 252 251 213 
136 252 74 253 251 
137 251 253 110 222 
138 213 251 222 108 
139 108 255 254 236 
140 255 222 256 254 
141 254 256 221 248 
142 236 254 248 158 
143 158 259 257 258 
144 259 248 260 257 
145 226 263 262 239 
146 263 158 258 262 
147 262 258 227 264 
148 239 262 264 225 
149 111 250 265 266 
150 250 224 267 265 
151 265 267 244 268 
152 266 265 268 193 
153 269 271 250 272 
154 270 269 272 111 
155 258 275 273 274 
156 275 257 276 273 
157 273 276 261 277 
158 274 273 277 227 
159 221 283 282 249 
160 283 223 284 282 
161 282 284 5 285 
162 249 282 285 224 
163 248 287 286 260 
164 287 221 288 286 
165 286 288 249 289 
166 257 291 290 276 
167 291 260 292 290 
168 276 290 293 261 
169 289 249 295 294 
170 294 295 224 296 
171 271 294 296 250 
172 260 298 297 292 
173 298 286 299 297 
174 297 299 289 300 
175 292 297 300 247 
176 261 293 301 302 
177 293 247 303 301 
178 301 303 271 304 
179 302 301 304 269 
180 290 307 305 306 
181 307 292 308 305 
182 305 308 247 309 
183 306 305 309 293 
184 15 311 310 33 
185 311 17 312 310 
186 310 312 8 313 
187 33 310 313 18 
188 31 315 314 49 
189 315 33 316 314 
190 314 316 18 317 
191 49 314 317 34 
192 319 49 320 318 
193 318 320 34 321 
194 323 65 324 322 
195 322 324 50 325 
196 334 335 241 336 
197 245 334 336 145 
198 278 339 337 338 
199 337 340 220 341 
200 338 337 341 281 
201 7 343 342 167 
202 343 16 344 342 
203 342 344 15 32 
204 167 342 32 13 
205 13 346 345 171 
206 346 32 347 345 
207 345 347 31 48 
208 171 345 48 26 
209 26 349 348 175 
210 349 48 350 348 
211 348 350 47 64 
212 175 348 64 42 
213 42 352 351 179 
214 352 64 353 351 
215 351 353 63 105 
216 179 351 105 58 
217 58 355 354 210 
218 355 105 356 354 
219 354 356 104 218 
220 210 354 218 74 
221 74 358 357 253 
222 358 218 359 357 
223 357 359 217 279 
224 253 357 279 110 
225 279 362 360 361 
226 362 217 363 360 
227 360 363 280 339 
228 361 360 339 278 
229 18 313 364 45 
230 313 8 365 364 
231 364 365 29 366 
232 45 364 366 28 
233 34 317 367 61 
234 317 18 368 367 
235 367 368 45 369 
236 61 367 369 44 
237 321 34 371 370 
238 370 371 61 372 
239 93 370 372 60 
240 325 50 374 373 
241 373 374 93 375 
242 142 373 375 92 
243 376 377 142 378 
244 242 376 378 141 
245 379 380 242 381 
246 335 379 381 241 
247 280 383 382 340 
248 383 330 384 382 
249 382 384 333 385 
250 340 382 385 220 
251 339 388 386 387 
252 388 280 389 386 
253 386 389 340 390 
254 387 386 390 337 
255 330 396 395 384 
256 396 332 397 395 
257 395 397 107 398 
258 384 395 398 333 
259 399 400 376 401 
260 380 399 401 242 
261 332 403 402 397 
262 403 391 404 402 
263 402 404 394 405 
264 397 402 405 107 
265 407 322 408 406 
266 406 408 325 409 
267 391 415 414 404 
268 404 414 417 394 
269 409 325 419 418 
270 418 419 373 420 
271 377 418 420 142 
272 422 406 423 421 
273 421 423 409 424 
274 425 426 377 427 
275 400 425 427 376 
276 105 434 433 356 
277 434 63 435 433 
278 433 435 106 327 
279 356 433 327 104 
280 327 438 436 437 
281 438 106 439 436 
282 436 439 328 411 
283 437 436 411 326 
284 411 442 440 441 
285 442 328 443 440 
286 440 443 412 430 
287 441 440 430 410 
288 424 409 445 444 
289 444 445 418 446 
290 426 444 446 377 
291 448 421 449 447 
292 447 449 424 450 
293 430 453 451 452 
294 453 412 454 451 
295 410 461 459 460 
296 461 430 452 459 
297 413 432 463 464 
298 432 66 465 463 
299 463 465 426 466 
300 464 463 466 425 
301 467 469 66 470 
302 468 467 470 432 
303 452 473 471 472 
304 473 451 474 471 
305 472 471 475 428 
306 64 477 476 353 
307 477 47 478 476 
308 476 478 65 323 
309 353 476 323 63 
310 63 480 479 435 
311 480 323 481 479 
312 479 481 322 407 
313 435 479 407 106 
314 106 483 482 439 
315 483 407 484 482 
316 482 484 406 422 
317 439 482 422 328 
318 328 486 485 443 
319 486 422 487 485 
320 485 487 421 448 
321 443 485 448 412 
322 412 489 488 454 
323 489 448 490 488 
324 488 490 447 491 
325 454 488 491 431 
326 451 493 492 474 
327 493 454 494 492 
328 492 494 431 495 
329 474 492 495 455 
330 496 468 432 498 
331 497 496 498 413 
332 428 475 499 500 
333 475 455 501 499 
334 499 501 467 502 
335 500 499 502 468 
336 471 505 503 504 
337 505 474 506 503 
338 503 506 455 507 
339 504 503 507 475 
340 459 510 508 509 
341 510 452 472 508 
342 508 472 428 511 
343 509 508 511 462 
344 326 514 512 513 
345 514 411 441 512 
346 512 441 410 457 
347 513 512 457 393 
348 457 517 515 516 
349 517 410 460 515 
350 460 521 519 520 
351 521 459 509 519 
352 519 509 462 522 
353 520 519 522 429 
354 393 525 523 524 
355 525 457 516 523 
356 329 458 527 528 
357 458 413 464 527 
358 527 464 425 529 
359 528 527 529 400 
360 530 497 413 532 
361 531 530 532 458 
362 516 535 533 534 
363 535 515 536 533 
364 533 536 518 537 
365 534 533 537 456 
366 538 531 458 540 
367 539 538 540 329 
368 523 543 541 542 
369 543 516 534 541 
370 526 544 545 546 
371 544 456 547 545 
372 545 547 531 548 
373 546 545 548 538 
374 541 551 549 550 
375 551 534 552 549 
376 549 552 456 553 
377 550 549 553 544 
378 104 556 554 555 
379 556 327 437 554 
380 554 437 326 392 
381 555 554 392 219 
382 392 559 557 558 
383 559 326 513 557 
384 557 513 393 415 
385 558 557 415 391 
386 415 562 560 561 
387 562 393 524 560 
388 560 524 416 563 
389 561 560 563 414 
390 524 566 564 565 
391 566 523 542 564 
392 564 542 526 567 
393 565 564 567 416 
394 542 570 568 569 
395 570 541 550 568 
396 568 550 544 571 
397 569 568 571 526 
398 50 573 572 374 
399 573 321 574 572 
400 572 574 370 575 
401 374 572 575 93 
402 1 578 576 577 
403 578 12 165 576 
404 576 165 10 78 
405 577 576 78 11 
406 16 580 579 344 
407 580 2 581 579 
408 579 581 17 311 
409 344 579 311 15 
410 10 584 582 583 
411 584 25 169 582 
412 582 169 23 82 
413 583 582 82 24 
414 32 586 585 347 
415 586 15 587 585 
416 585 587 33 315 
417 347 585 315 31 
418 23 590 588 589 
419 590 41 173 588 
420 588 173 39 86 
421 589 588 86 40 
422 48 592 591 350 
423 592 31 593 591 
424 591 593 49 319 
425 350 591 319 47 
426 39 596 594 595 
427 596 57 177 594 
428 594 177 55 90 
429 595 594 90 56 
430 90 599 597 598 
431 599 55 181 597 
432 597 181 72 135 
433 598 597 135 88 
434 72 602 600 601 
435 602 101 185 600 
436 600 185 99 139 
437 601 600 139 100 
438 91 136 603 604 
439 136 59 125 603 
440 603 125 96 605 
441 604 603 605 121 
442 59 140 606 607 
443 140 103 148 606 
444 606 148 124 608 
445 607 606 608 125 
446 99 611 609 610 
447 611 130 189 609 
448 609 189 128 153 
449 610 609 153 129 
450 159 228 612 613 
451 228 111 266 612 
452 612 266 193 614 
453 613 612 614 192 
454 131 616 615 202 
455 616 196 230 615 
456 615 230 195 617 
457 202 615 617 162 
458 218 619 618 359 
459 619 104 555 618 
460 618 555 219 331 
461 359 618 331 217 
462 222 621 620 256 
463 621 110 622 620 
464 620 622 223 283 
465 256 620 283 221 
466 225 264 623 624 
467 264 227 270 623 
468 623 270 111 625 
469 624 623 625 228 
470 197 240 626 627 
471 240 225 624 626 
472 626 624 228 628 
473 627 626 628 159 
474 224 285 629 267 
475 285 5 630 629 
476 629 630 245 631 
477 267 629 631 244 
478 227 277 632 633 
479 277 261 302 632 
480 632 302 269 634 
481 633 632 634 270 
482 110 636 635 622 
483 636 279 361 635 
484 635 361 278 637 
485 622 635 637 223 
486 223 637 638 284 
487 637 278 338 638 
488 638 338 281 639 
489 284 638 639 5 
490 247 300 640 303 
491 300 289 641 640 
492 640 641 294 642 
493 303 640 642 271 
494 65 644 643 324 
495 644 318 645 643 
496 643 645 321 573 
497 324 643 573 50 
498 217 647 646 363 
499 647 331 648 646 
500 646 648 330 383 
501 363 646 383 280 
502 331 650 649 648 
503 650 219 651 649 
504 649 651 332 396 
505 648 649 396 330 
506 5 639 652 630 
507 639 281 653 652 
508 652 653 334 654 
509 630 652 654 245 
510 281 341 655 653 
511 341 220 656 655 
512 655 656 335 657 
513 653 655 657 334 
514 220 385 658 656 
515 385 333 659 658 
516 658 659 379 660 
517 656 658 660 335 
518 333 398 661 659 
519 398 107 662 661 
520 661 662 380 663 
521 659 661 663 379 
522 219 665 664 651 
523 665 392 558 664 
524 664 558 391 403 
525 651 664 403 332 
526 107 405 666 662 
527 405 394 667 666 
528 666 667 399 668 
529 662 666 668 380 
530 394 417 669 667 
531 417 329 528 669 
532 669 528 400 670 
533 667 669 670 399 
534 414 563 671 672 
535 563 416 539 671 
536 671 539 329 673 
537 672 671 673 417 
538 66 450 674 465 
539 450 424 675 674 
540 674 675 444 676 
541 465 674 676 426 
542 431 491 677 469 
543 491 447 678 677 
544 677 678 450 679 
545 469 677 679 66 
546 455 495 680 501 
547 495 431 681 680 
548 680 681 469 682 
549 501 680 682 467 
550 462 511 683 684 
551 511 428 500 683 
552 683 500 468 685 
553 684 683 685 496 
554 515 687 686 536 
555 687 460 520 686 
556 686 520 429 688 
557 536 686 688 518 
558 456 537 689 547 
559 537 518 690 689 
560 689 690 530 691 
561 547 689 691 531 
562 518 688 692 690 
563 688 429 693 692 
564 692 693 497 694 
565 690 692 694 530 
566 416 567 695 696 
567 567 526 546 695 
568 695 546 538 697 
569 696 695 697 539 
570 75 198 698 699 
571 198 159 613 698 
572 698 613 192 700 
573 699 698 700 149 
574 195 233 701 702 
575 233 197 627 701 
576 701 627 159 703 
577 702 701 703 198 
578 162 617 704 705 
579 617 195 702 704 
580 704 702 198 706 
581 705 704 706 75 
582 47 708 707 478 
583 708 319 709 707 
584 707 709 318 644 
585 478 707 644 65 
586 429 522 710 693 
587 522 462 684 710 
588 710 684 496 711 
589 693 710 711 497 
590 132 163 712 713 
591 163 75 699 712 
592 712 699 149 714 
593 713 712 714 147 
594 160 203 715 716 
595 203 162 705 715 
596 715 705 75 717 
597 716 715 717 163 
598 154 207 718 719 
599 207 160 716 718 
600 718 716 163 720 
601 719 718 720 132 
