2 0.000000 100.000000 473.401889
758 631 
1 -24.047424 0.000000 -24.026431 99.762676 0.000000 -6.976745 -0.000127 
2 27.868396 0.000000 -24.026431 99.764143 0.000000 -6.933770 -0.000096 
3 27.868396 0.000000 24.284341 99.752947 0.000000 -6.943850 0.000113 
4 -24.047424 0.000000 24.284341 99.750771 0.000000 -6.977005 0.000111 
5 1.910486 0.000000 0.128955 101.926587 0.000000 0.758469 -0.038960 
6 -24.047424 0.000000 0.128955 99.756926 0.000000 -6.983755 -0.000022 
7 1.910486 0.000000 -24.026431 99.775496 0.000000 -6.955650 -0.000353 
8 27.868396 0.000000 0.128955 99.831662 0.000000 -5.885393 -0.000100 
9 1.910486 0.000000 24.284341 99.739585 0.000000 -6.957830 0.000360 
10 -11.068469 0.000000 -11.948738 99.782188 0.000000 -6.979850 -0.000520 
11 -24.047424 0.000000 -11.948738 99.762598 0.000000 -6.980540 -0.000130 
12 -11.068469 0.000000 -24.026431 99.769829 0.000000 -6.971952 -0.000263 
13 1.910486 0.000000 -11.948738 99.827184 0.000000 -6.899562 -0.001307 
14 -11.068469 0.000000 0.128955 99.758189 0.000000 -7.010403 -0.000084 
15 14.889441 0.000000 -11.948738 99.784230 0.000000 -6.824839 -0.000347 
16 14.889441 0.000000 -24.026431 99.769891 0.000000 -6.939886 -0.000219 
17 27.868396 0.000000 -11.948738 99.772352 0.000000 -6.804321 -0.000082 
18 14.889441 0.000000 0.128955 99.851756 0.000000 -5.572036 -0.000142 
19 -11.068469 0.000000 12.206648 99.733007 0.000000 -6.980841 0.000460 
20 -24.047424 0.000000 12.206648 99.751105 0.000000 -6.980751 0.000099 
21 1.910486 0.000000 12.206648 99.692214 0.000000 -6.907184 0.001375 
22 -11.068469 0.000000 24.284341 99.744187 0.000000 -6.972685 0.000248 
23 -4.578991 0.000000 -5.909891 99.860641 0.000000 -6.994842 -0.002108 
24 -11.068469 0.000000 -5.909891 99.782232 0.000000 -6.995826 -0.000544 
25 -4.578991 0.000000 -11.948738 99.810172 0.000000 -6.959991 -0.001051 
26 1.910486 0.000000 -5.909891 100.004184 0.000000 -6.721715 -0.004602 
27 -4.578991 0.000000 0.128955 99.760041 0.000000 -7.124552 -0.000283 
28 14.889441 0.000000 12.206648 99.743851 0.000000 -6.857647 0.000414 
29 27.868396 0.000000 12.206648 99.758176 0.000000 -6.871803 0.000108 
30 14.889441 0.000000 24.284341 99.746439 0.000000 -6.945334 0.000241 
31 8.399963 0.000000 -5.909891 99.841617 0.000000 -6.520386 -0.001086 
32 8.399963 0.000000 -11.948738 99.803839 0.000000 -6.847301 -0.000769 
33 14.889441 0.000000 -5.909891 99.802073 0.000000 -6.489021 -0.000256 
34 8.399963 0.000000 0.128955 97.456469 0.000000 -39.719679 -0.107542 
35 -4.578991 0.000000 6.167802 99.659606 0.000000 -6.997848 0.001899 
36 -11.068469 0.000000 6.167802 99.733869 0.000000 -6.996590 0.000420 
37 1.910486 0.000000 6.167802 99.532687 0.000000 -6.744891 0.004775 
38 -4.578991 0.000000 12.206648 99.706998 0.000000 -6.962671 0.001004 
39 -1.334253 0.000000 -2.890468 100.159095 0.000000 -7.013428 -0.008103 
40 -4.578991 0.000000 -2.890468 99.863058 0.000000 -7.060782 -0.002248 
41 -1.334253 0.000000 -5.909891 99.959277 0.000000 -6.918183 -0.003972 
42 1.910486 0.000000 -2.890468 100.403861 0.000000 -6.306206 -0.012070 
43 -1.334253 0.000000 0.128955 99.676358 0.000000 -7.773323 0.000420 
44 8.399963 0.000000 6.167802 99.715647 0.000000 -6.607700 0.001313 
45 14.889441 0.000000 6.167802 99.761942 0.000000 -6.656306 0.000325 
46 8.399963 0.000000 12.206648 99.720885 0.000000 -6.864850 0.000862 
47 5.155225 0.000000 -2.890468 100.026014 0.000000 -5.794570 -0.003878 
48 5.155225 0.000000 -5.909891 99.919115 0.000000 -6.563052 -0.002690 
49 8.399963 0.000000 -2.890468 99.860302 0.000000 -5.737990 -0.000500 
50 5.155225 0.000000 0.128955 80.433196 0.000000 -45.236386 0.148417 
51 -1.334253 0.000000 3.148379 99.394270 0.000000 -7.025182 0.007143 
52 -4.578991 0.000000 3.148379 99.659269 0.000000 -7.061779 0.001816 
53 1.910486 0.000000 3.148379 99.175205 0.000000 -6.443237 0.012276 
54 -1.334253 0.000000 6.167802 99.567767 0.000000 -6.927280 0.003827 
55 0.288117 0.000000 -1.380756 101.045081 0.000000 -6.337894 -0.025028 
56 -1.334253 0.000000 -1.380756 100.294567 0.000000 -7.271493 -0.011187 
57 0.288117 0.000000 -2.890468 100.381908 0.000000 -6.726469 -0.012177 
58 1.910486 0.000000 -1.380756 101.023224 0.000000 -5.243867 -0.023319 
59 0.288117 0.000000 0.128955 104.320957 0.000000 -0.000000 -0.088286 
60 5.155225 0.000000 3.148379 99.603947 0.000000 -6.112345 0.004169 
61 8.399963 0.000000 3.148379 99.773457 0.000000 -6.255688 0.000612 
62 5.155225 0.000000 6.167802 99.630264 0.000000 -6.613824 0.003007 
63 3.532855 0.000000 -1.380756 100.765782 0.000000 -4.049081 -0.017014 
64 3.532855 0.000000 -2.890468 100.237213 0.000000 -5.968628 -0.008312 
65 5.155225 0.000000 -1.380756 100.330165 0.000000 -2.869418 -0.007438 
66 3.532855 0.000000 0.128955 100.939708 0.000000 -0.000000 -0.018882 
67 0.288117 0.000000 1.638667 98.784789 0.000000 -6.786742 0.019551 
68 -1.334253 0.000000 1.638667 99.295286 0.000000 -7.234552 0.008811 
69 1.910486 0.000000 1.638667 98.732866 0.000000 -6.259392 0.021264 
70 0.288117 0.000000 3.148379 99.194235 0.000000 -6.799983 0.011426 
71 1.099301 0.000000 -0.625900 102.334881 0.000000 1.336397 -0.047421 
72 0.288117 0.000000 -0.625900 102.001335 0.000000 -4.514360 -0.042465 
73 1.099301 0.000000 -1.380756 101.057166 0.000000 -5.804639 -0.024624 
74 1.910486 0.000000 -0.625900 101.096860 0.000000 1.269753 -0.022219 
75 1.099301 0.000000 0.128955 102.250374 0.000000 1.030842 -0.045620 
76 3.532855 0.000000 1.638667 99.133298 0.000000 -5.715117 0.013993 
77 5.155225 0.000000 1.638667 99.649922 0.000000 -5.515204 0.003948 
78 3.532855 0.000000 3.148379 99.374404 0.000000 -6.180093 0.008653 
79 2.721671 0.000000 -0.625900 102.055510 0.000000 0.151419 -0.041535 
80 2.721671 0.000000 -1.380756 100.891109 0.000000 -4.694751 -0.020106 
81 3.532855 0.000000 -0.625900 101.983529 0.000000 2.461568 -0.040670 
82 2.721671 0.000000 0.128955 101.782208 0.000000 0.000000 -0.035962 
83 1.099301 0.000000 0.883811 102.645443 0.000000 1.344032 -0.053789 
84 0.288117 0.000000 0.883811 98.693746 0.000000 -6.516701 0.021708 
85 1.910486 0.000000 0.883811 100.870747 0.000000 1.250031 -0.017647 
86 1.099301 0.000000 1.638667 98.699909 0.000000 -6.553196 0.021538 
87 1.504894 0.000000 -0.248473 101.747775 0.000000 1.304037 -0.035431 
88 1.099301 0.000000 -0.248473 101.887063 0.000000 1.310882 -0.038269 
89 1.504894 0.000000 -0.625900 101.754880 0.000000 1.304145 -0.035576 
90 1.910486 0.000000 -0.248473 101.627277 0.000000 1.297253 -0.032979 
91 1.504894 0.000000 0.128955 102.580915 0.000000 0.914749 -0.052368 
92 -17.557946 0.000000 -5.909891 99.765422 0.000000 -6.987244 -0.000196 
93 -24.047424 0.000000 -5.909891 99.760492 0.000000 -6.982740 -0.000091 
94 -17.557946 0.000000 -11.948738 99.768448 0.000000 -6.981688 -0.000249 
95 -17.557946 0.000000 0.128955 99.757307 0.000000 -6.990324 -0.000038 
96 -7.823730 0.000000 -2.890468 99.794150 0.000000 -7.027967 -0.000826 
97 -11.068469 0.000000 -2.890468 99.773459 0.000000 -7.005334 -0.000382 
98 -7.823730 0.000000 -5.909891 99.805912 0.000000 -7.000895 -0.001023 
99 -7.823730 0.000000 0.128955 99.758977 0.000000 -7.042295 -0.000145 
100 -2.956622 0.000000 -1.380756 99.921329 0.000000 -7.190581 -0.003598 
101 -4.578991 0.000000 -1.380756 99.826951 0.000000 -7.104425 -0.001589 
102 -2.956622 0.000000 -2.890468 99.962876 0.000000 -7.077605 -0.004267 
103 -2.956622 0.000000 0.128955 99.756821 0.000000 -7.259507 -0.000412 
104 -0.523068 0.000000 -0.625900 101.599311 0.000000 -7.661143 -0.038111 
105 -1.334253 0.000000 -0.625900 100.200832 0.000000 -7.593962 -0.009787 
106 -0.523068 0.000000 -1.380756 100.774252 0.000000 -7.030111 -0.020487 
107 -0.523068 0.000000 0.128955 98.873847 0.000000 -9.815354 0.012762 
108 0.693709 0.000000 -0.248473 102.518625 0.000000 1.342248 -0.051187 
109 0.288117 0.000000 -0.248473 101.596725 0.000000 -6.156836 -0.035980 
110 0.693709 0.000000 -0.625900 101.420994 0.000000 -4.385512 -0.030545 
111 0.693709 0.000000 0.128955 102.422108 0.000000 0.655020 -0.049072 
112 2.721671 0.000000 0.883811 98.471861 0.000000 -7.083928 0.025311 
113 3.532855 0.000000 0.883811 98.813144 0.000000 -6.255723 0.019683 
114 2.721671 0.000000 1.638667 98.907269 0.000000 -5.980312 0.018159 
115 1.504894 0.000000 0.506383 101.749264 0.000000 1.304023 -0.035461 
116 1.099301 0.000000 0.506383 101.869214 0.000000 1.309972 -0.037905 
117 1.910486 0.000000 0.506383 101.461212 0.000000 1.290903 -0.029604 
118 1.504894 0.000000 0.883811 101.621532 0.000000 1.309616 -0.032865 
119 1.302097 0.000000 -0.059759 103.762867 0.000000 0.612145 -0.076711 
120 1.099301 0.000000 -0.059759 103.108258 0.000000 0.523858 -0.063159 
121 1.302097 0.000000 -0.248473 101.830010 0.000000 1.308216 -0.037106 
122 1.504894 0.000000 -0.059759 103.177389 0.000000 0.621345 -0.064596 
123 1.302097 0.000000 0.128955 102.611456 0.000000 1.054348 -0.053022 
124 2.316078 0.000000 -0.248473 100.958963 0.000000 1.258175 -0.019430 
125 2.316078 0.000000 -0.625900 102.027550 0.000000 -0.985623 -0.041059 
126 2.721671 0.000000 -0.248473 103.058615 0.000000 1.346730 -0.062289 
127 2.316078 0.000000 0.128955 101.640149 0.000000 0.446343 -0.033092 
128 1.707690 0.000000 -0.059759 102.627162 0.000000 0.605786 -0.053270 
129 1.707690 0.000000 -0.248473 101.671673 0.000000 1.299857 -0.033882 
130 1.910486 0.000000 -0.059759 102.071020 0.000000 0.566379 -0.041881 
131 1.707690 0.000000 0.128955 102.284112 0.000000 0.802882 -0.046268 
132 2.316078 0.000000 0.506383 100.959831 0.000000 1.258259 -0.019447 
133 2.721671 0.000000 0.506383 96.848709 0.000000 -26.342760 -0.007361 
134 2.316078 0.000000 0.883811 98.393142 0.000000 -7.569875 0.026149 
135 2.113282 0.000000 -0.059759 101.836209 0.000000 0.414464 -0.037079 
136 2.113282 0.000000 -0.248473 101.150887 0.000000 1.273485 -0.023312 
137 2.316078 0.000000 -0.059759 101.764894 0.000000 0.298597 -0.035618 
138 2.113282 0.000000 0.128955 101.698034 0.000000 0.590658 -0.034284 
139 21.378918 0.000000 -5.909891 99.799025 0.000000 -6.431727 -0.000121 
140 21.378918 0.000000 -11.948738 99.775528 0.000000 -6.814671 -0.000160 
141 27.868396 0.000000 -5.909891 99.801317 0.000000 -6.361445 -0.000077 
142 21.378918 0.000000 0.128955 99.855760 0.000000 -5.531938 -0.000178 
143 11.644702 0.000000 -2.890468 99.863842 0.000000 -5.599232 -0.000414 
144 11.644702 0.000000 -5.909891 99.814043 0.000000 -6.504857 -0.000516 
145 14.889441 0.000000 -2.890468 99.872747 0.000000 -5.381702 -0.000353 
146 11.644702 0.000000 0.128955 99.684957 0.000000 -7.952822 -0.000034 
147 6.777594 0.000000 -1.380756 100.077885 0.000000 -1.924594 -0.001929 
148 6.777594 0.000000 -2.890468 99.892082 0.000000 -5.757255 -0.001157 
149 8.399963 0.000000 -1.380756 100.161324 0.000000 -0.905181 -0.003311 
150 6.777594 0.000000 0.128955 99.621766 0.000000 -9.986115 -0.002422 
151 4.344040 0.000000 -0.625900 101.482397 0.000000 3.638675 -0.031192 
152 4.344040 0.000000 -1.380756 100.546727 0.000000 -3.424410 -0.012137 
153 5.155225 0.000000 -0.625900 101.195665 0.000000 4.004365 -0.025660 
154 4.344040 0.000000 0.128955 99.993498 0.000000 -15.906047 -0.025170 
155 3.127263 0.000000 -0.248473 102.846437 0.000000 1.716274 -0.058034 
156 3.127263 0.000000 -0.625900 102.105534 0.000000 1.340211 -0.042734 
157 3.532855 0.000000 -0.248473 101.975597 0.000000 1.740467 -0.040205 
158 3.127263 0.000000 0.128955 101.481358 0.000000 -0.000000 -0.029847 
159 2.518875 0.000000 -0.059759 101.750834 0.000000 0.180615 -0.035326 
160 2.518875 0.000000 -0.248473 100.823127 0.000000 1.244480 -0.016685 
161 2.721671 0.000000 -0.059759 101.783304 0.000000 0.000000 -0.035984 
162 2.518875 0.000000 0.128955 101.654769 0.000000 0.284615 -0.033377 
163 21.378918 0.000000 6.167802 99.769128 0.000000 -6.685903 0.000142 
164 27.868396 0.000000 6.167802 99.771006 0.000000 -6.712854 0.000068 
165 21.378918 0.000000 12.206648 99.754050 0.000000 -6.864363 0.000201 
166 11.644702 0.000000 3.148379 99.781957 0.000000 -6.329334 0.000350 
167 14.889441 0.000000 3.148379 99.787823 0.000000 -6.381478 0.000167 
168 11.644702 0.000000 6.167802 99.747647 0.000000 -6.631916 0.000642 
169 6.777594 0.000000 1.638667 99.889641 0.000000 -5.733159 -0.001081 
170 8.399963 0.000000 1.638667 99.846855 0.000000 -5.893745 -0.000413 
171 6.777594 0.000000 3.148379 99.738838 0.000000 -6.179376 0.001398 
172 4.344040 0.000000 0.883811 99.255450 0.000000 -5.836144 0.011430 
173 5.155225 0.000000 0.883811 99.574053 0.000000 -5.508387 0.005467 
174 4.344040 0.000000 1.638667 99.398442 0.000000 -5.553540 0.008911 
175 3.127263 0.000000 0.506383 97.695721 0.000000 -21.164083 0.000763 
176 3.532855 0.000000 0.506383 98.268274 0.000000 -18.718774 -0.000705 
177 3.127263 0.000000 0.883811 98.613615 0.000000 -6.639210 0.023128 
178 2.924467 0.000000 -0.059759 101.606232 0.000000 -0.000000 -0.032383 
179 2.924467 0.000000 -0.248473 102.956398 0.000000 1.612899 -0.060262 
180 3.127263 0.000000 -0.059759 101.407396 0.000000 -0.000000 -0.028346 
181 2.924467 0.000000 0.128955 101.630246 0.000000 0.000000 -0.032871 
182 3.938448 0.000000 -0.248473 101.165878 0.000000 -0.011543 -0.023453 
183 3.938448 0.000000 -0.625900 101.692917 0.000000 3.185918 -0.035160 
184 4.344040 0.000000 -0.248473 100.996282 0.000000 -1.283717 -0.020190 
185 3.938448 0.000000 0.128955 100.695375 0.000000 0.000000 -0.013956 
186 3.938448 0.000000 0.506383 98.799224 0.000000 -18.218432 -0.009320 
187 4.344040 0.000000 0.506383 99.004825 0.000000 -18.272766 -0.013585 
188 3.938448 0.000000 0.883811 99.039740 0.000000 -5.994427 0.015520 
189 3.735652 0.000000 -0.059759 100.799724 0.000000 -0.000000 -0.016058 
190 3.532855 0.000000 -0.059759 100.952804 0.000000 -0.000000 -0.019147 
191 3.735652 0.000000 -0.248473 101.309784 0.000000 0.959397 -0.026459 
192 3.938448 0.000000 -0.059759 100.720831 0.000000 0.000000 -0.014469 
193 3.735652 0.000000 0.128955 100.770233 0.000000 -0.000000 -0.015464 
194 1.707690 0.000000 0.317669 101.660568 0.000000 1.299295 -0.033656 
195 1.504894 0.000000 0.317669 101.745174 0.000000 1.303972 -0.035378 
196 1.910486 0.000000 0.317669 101.614032 0.000000 1.296528 -0.032709 
197 1.707690 0.000000 0.506383 101.684452 0.000000 1.300490 -0.034142 
198 1.809088 0.000000 0.034598 102.389389 0.000000 0.541407 -0.048388 
199 1.707690 0.000000 0.034598 101.820400 0.000000 0.947052 -0.036829 
200 1.809088 0.000000 -0.059759 102.368315 0.000000 0.584394 -0.047961 
201 1.910486 0.000000 0.034598 102.092925 0.000000 0.533500 -0.042325 
202 1.809088 0.000000 0.128955 102.018606 0.000000 0.879633 -0.040857 
203 1.606292 0.000000 0.034598 102.230682 0.000000 0.921122 -0.045196 
204 1.504894 0.000000 0.034598 102.504851 0.000000 0.928002 -0.050811 
205 1.606292 0.000000 -0.059759 102.999348 0.000000 0.618700 -0.060925 
206 1.606292 0.000000 0.128955 102.659094 0.000000 0.815226 -0.053955 
207 2.113282 0.000000 0.317669 101.218672 0.000000 1.277882 -0.024685 
208 2.316078 0.000000 0.317669 101.015050 0.000000 1.263053 -0.020564 
209 2.113282 0.000000 0.506383 101.155407 0.000000 1.273854 -0.023404 
210 1.809088 0.000000 0.223312 101.620035 0.000000 1.296980 -0.032831 
211 1.707690 0.000000 0.223312 101.650528 0.000000 1.298787 -0.033452 
212 1.910486 0.000000 0.223312 101.602159 0.000000 1.295873 -0.032468 
213 1.809088 0.000000 0.317669 101.631849 0.000000 1.297612 -0.033072 
214 1.758389 0.000000 0.081777 101.856047 0.000000 0.902615 -0.037547 
215 1.707690 0.000000 0.081777 102.026793 0.000000 0.865521 -0.041022 
216 1.758389 0.000000 0.034598 101.545319 0.000000 0.977277 -0.031241 
217 1.809088 0.000000 0.081777 102.322634 0.000000 0.635939 -0.047033 
218 1.758389 0.000000 0.128955 102.257834 0.000000 0.789707 -0.045729 
219 -4.578991 0.000000 -17.987584 99.785249 0.000000 -6.961622 -0.000556 
220 -11.068469 0.000000 -17.987584 99.775396 0.000000 -6.973549 -0.000376 
221 -4.578991 0.000000 -24.026431 99.773864 0.000000 -6.965226 -0.000334 
222 1.910486 0.000000 -17.987584 99.789844 0.000000 -6.940247 -0.000618 
223 -1.334253 0.000000 -8.929314 99.867772 0.000000 -6.923152 -0.002150 
224 -4.578991 0.000000 -8.929314 99.830533 0.000000 -6.966543 -0.001467 
225 -1.334253 0.000000 -11.948738 99.822622 0.000000 -6.935629 -0.001266 
226 1.910486 0.000000 -8.929314 99.877646 0.000000 -6.848598 -0.002245 
227 0.288117 0.000000 -4.400180 100.130140 0.000000 -6.790447 -0.007216 
228 -1.334253 0.000000 -4.400180 100.040696 0.000000 -6.939387 -0.005630 
229 0.288117 0.000000 -5.909891 99.999360 0.000000 -6.829985 -0.004652 
230 1.910486 0.000000 -4.400180 100.141203 0.000000 -6.589044 -0.007168 
231 1.099301 0.000000 -2.135612 100.674756 0.000000 -6.324545 -0.017541 
232 0.288117 0.000000 -2.135612 100.626443 0.000000 -6.652695 -0.016994 
233 1.099301 0.000000 -2.890468 100.424179 0.000000 -6.516969 -0.012749 
234 1.910486 0.000000 -2.135612 100.628874 0.000000 -6.015633 -0.016236 
235 1.504894 0.000000 -1.003328 101.398834 0.000000 -4.754995 -0.030433 
236 1.099301 0.000000 -1.003328 101.328338 0.000000 -5.167856 -0.029414 
237 1.504894 0.000000 -1.380756 101.060046 0.000000 -5.535296 -0.024377 
238 1.910486 0.000000 -1.003328 101.368402 0.000000 -4.254919 -0.029366 
239 1.707690 0.000000 -0.437187 101.695018 0.000000 1.301019 -0.034357 
240 1.504894 0.000000 -0.437187 101.751860 0.000000 1.304097 -0.035514 
241 1.707690 0.000000 -0.625900 101.353663 0.000000 1.286589 -0.027422 
242 1.910486 0.000000 -0.437187 101.322354 0.000000 1.284375 -0.026787 
243 1.809088 0.000000 -0.154116 101.808325 0.000000 1.050362 -0.036604 
244 1.707690 0.000000 -0.154116 102.069693 0.000000 1.064243 -0.041935 
245 1.809088 0.000000 -0.248473 101.644874 0.000000 1.298306 -0.033337 
246 1.910486 0.000000 -0.154116 101.799717 0.000000 1.041456 -0.036427 
247 1.758389 0.000000 -0.012580 102.580519 0.000000 0.525074 -0.052304 
248 1.707690 0.000000 -0.012580 102.753752 0.000000 0.536479 -0.055862 
249 1.758389 0.000000 -0.059759 102.414205 0.000000 0.664299 -0.048911 
250 1.809088 0.000000 -0.012580 102.409387 0.000000 0.463765 -0.048790 
251 2.011884 0.000000 0.034598 102.004797 0.000000 0.396199 -0.040514 
252 2.011884 0.000000 -0.059759 101.970734 0.000000 0.485083 -0.039827 
253 2.113282 0.000000 0.034598 101.855719 0.000000 0.387966 -0.037474 
254 2.011884 0.000000 0.128955 101.619961 0.000000 0.951461 -0.032752 
255 1.859787 0.000000 0.081777 102.160987 0.000000 0.612127 -0.043724 
256 1.859787 0.000000 0.034598 102.259132 0.000000 0.434375 -0.045712 
257 1.910486 0.000000 0.081777 102.035904 0.000000 0.612106 -0.041170 
258 1.859787 0.000000 0.128955 101.813359 0.000000 1.011473 -0.036698 
259 1.783738 0.000000 0.058188 101.303947 0.000000 1.058740 -0.026361 
260 1.758389 0.000000 0.058188 101.397719 0.000000 1.062322 -0.028263 
261 1.783738 0.000000 0.034598 101.692172 0.000000 0.888752 -0.034209 
262 1.809088 0.000000 0.058188 101.215133 0.000000 1.073732 -0.024566 
263 1.783738 0.000000 0.081777 102.325348 0.000000 0.705662 -0.047097 
264 1.859787 0.000000 -0.012580 102.363073 0.000000 0.287487 -0.047828 
265 1.859787 0.000000 -0.059759 102.209875 0.000000 0.549356 -0.044716 
266 1.910486 0.000000 -0.012580 102.113421 0.000000 0.507544 -0.042741 
267 1.783738 0.000000 0.011009 102.434737 0.000000 0.549647 -0.049318 
268 1.758389 0.000000 0.011009 102.578376 0.000000 0.526316 -0.052260 
269 1.783738 0.000000 -0.012580 102.436682 0.000000 0.548620 -0.049357 
270 1.809088 0.000000 0.011009 102.407980 0.000000 0.464033 -0.048761 
271 1.834437 0.000000 0.058188 102.340988 0.000000 0.521109 -0.047395 
272 1.834437 0.000000 0.034598 102.377908 0.000000 0.452445 -0.048144 
273 1.859787 0.000000 0.058188 102.203260 0.000000 0.552999 -0.044581 
274 1.834437 0.000000 0.081777 102.301173 0.000000 0.631431 -0.046593 
275 1.796413 0.000000 0.046393 101.109394 0.000000 1.128113 -0.022438 
276 1.783738 0.000000 0.046393 101.254315 0.000000 1.077360 -0.025360 
277 1.796413 0.000000 0.034598 101.454468 0.000000 0.977255 -0.029396 
278 1.809088 0.000000 0.046393 101.128473 0.000000 1.106104 -0.022819 
279 1.796413 0.000000 0.058188 101.260211 0.000000 1.068619 -0.025477 
280 -17.557946 0.000000 6.167802 99.749069 0.000000 -6.987518 0.000130 
281 -24.047424 0.000000 6.167802 99.753318 0.000000 -6.982863 0.000052 
282 -17.557946 0.000000 12.206648 99.745763 0.000000 -6.982113 0.000203 
283 -7.823730 0.000000 3.148379 99.724010 0.000000 -7.028319 0.000572 
284 -11.068469 0.000000 3.148379 99.742978 0.000000 -7.005760 0.000226 
285 -7.823730 0.000000 6.167802 99.711686 0.000000 -7.002372 0.000855 
286 -2.956622 0.000000 1.638667 99.604152 0.000000 -7.184709 0.002739 
287 -4.578991 0.000000 1.638667 99.694349 0.000000 -7.103985 0.001057 
288 -2.956622 0.000000 3.148379 99.567013 0.000000 -7.078920 0.003630 
289 -0.523068 0.000000 0.883811 98.537597 0.000000 -7.313529 0.023685 
290 -1.334253 0.000000 0.883811 99.315377 0.000000 -7.480836 0.008049 
291 -0.523068 0.000000 1.638667 98.983546 0.000000 -7.095194 0.015192 
292 0.693709 0.000000 0.506383 102.516400 0.000000 1.342229 -0.051141 
293 0.288117 0.000000 0.506383 100.307036 0.000000 -8.381651 -0.013175 
294 0.693709 0.000000 0.883811 99.070133 0.000000 -7.309038 0.013169 
295 1.302097 0.000000 0.317669 101.837288 0.000000 1.308643 -0.037255 
296 1.099301 0.000000 0.317669 101.899099 0.000000 1.311493 -0.038515 
297 1.302097 0.000000 0.506383 101.818665 0.000000 1.307566 -0.036875 
298 1.606292 0.000000 0.223312 101.692912 0.000000 1.301201 -0.034314 
299 1.504894 0.000000 0.223312 101.743468 0.000000 1.303956 -0.035343 
300 1.606292 0.000000 0.317669 101.699409 0.000000 1.301489 -0.034446 
301 1.656991 0.000000 0.081777 102.244156 0.000000 0.861173 -0.045461 
302 1.606292 0.000000 0.081777 102.225947 0.000000 0.934456 -0.045102 
303 1.656991 0.000000 0.034598 102.246209 0.000000 0.835750 -0.045499 
304 1.656991 0.000000 0.128955 102.119768 0.000000 1.038452 -0.042953 
305 1.403496 0.000000 0.034598 102.878687 0.000000 0.913835 -0.058486 
306 1.302097 0.000000 0.034598 103.270362 0.000000 0.862681 -0.066551 
307 1.403496 0.000000 -0.059759 103.501222 0.000000 0.628295 -0.071290 
308 1.403496 0.000000 0.128955 103.062787 0.000000 0.821181 -0.062261 
309 1.403496 0.000000 0.223312 101.796408 0.000000 1.306701 -0.036422 
310 1.302097 0.000000 0.223312 101.845306 0.000000 1.309105 -0.037418 
311 1.403496 0.000000 0.317669 101.792949 0.000000 1.306450 -0.036351 
312 1.454195 0.000000 0.081777 102.625208 0.000000 0.935224 -0.053281 
313 1.403496 0.000000 0.081777 102.803712 0.000000 0.943570 -0.056949 
314 1.454195 0.000000 0.034598 102.845254 0.000000 0.858689 -0.057788 
315 1.504894 0.000000 0.081777 102.481241 0.000000 0.940748 -0.050329 
316 1.454195 0.000000 0.128955 102.350793 0.000000 1.050024 -0.047679 
317 0.896505 0.000000 -0.059759 102.468515 0.000000 0.471795 -0.050002 
318 0.693709 0.000000 -0.059759 102.489839 0.000000 0.345743 -0.050429 
319 0.896505 0.000000 -0.248473 102.287519 0.000000 1.333658 -0.046452 
320 0.896505 0.000000 0.128955 102.196974 0.000000 0.807017 -0.044487 
321 1.200699 0.000000 0.034598 103.051752 0.000000 1.026553 -0.062072 
322 1.099301 0.000000 0.034598 103.156125 0.000000 0.469771 -0.064141 
323 1.200699 0.000000 -0.059759 103.507275 0.000000 0.611788 -0.071413 
324 1.200699 0.000000 0.128955 102.980081 0.000000 0.802222 -0.060554 
325 0.896505 0.000000 0.317669 102.219993 0.000000 1.330115 -0.045070 
326 0.693709 0.000000 0.317669 102.445254 0.000000 1.340096 -0.049683 
327 0.896505 0.000000 0.506383 102.279534 0.000000 1.333410 -0.046288 
328 1.200699 0.000000 0.223312 101.884662 0.000000 1.310936 -0.038220 
329 1.099301 0.000000 0.223312 101.911439 0.000000 1.312112 -0.038766 
330 1.200699 0.000000 0.317669 101.873548 0.000000 1.310350 -0.037994 
331 1.251398 0.000000 0.081777 103.240629 0.000000 0.885288 -0.065941 
332 1.200699 0.000000 0.081777 103.394594 0.000000 0.658224 -0.069088 
333 1.251398 0.000000 0.034598 103.375806 0.000000 0.840247 -0.068726 
334 1.302097 0.000000 0.081777 103.158979 0.000000 0.893828 -0.064257 
335 1.251398 0.000000 0.128955 102.657913 0.000000 1.045545 -0.053974 
336 0.997903 0.000000 0.034598 102.550195 0.000000 0.505270 -0.051680 
337 0.896505 0.000000 0.034598 102.472544 0.000000 0.409287 -0.050079 
338 0.997903 0.000000 -0.059759 102.568469 0.000000 0.572082 -0.052062 
339 0.997903 0.000000 0.128955 102.380656 0.000000 0.758566 -0.048237 
340 1.150000 0.000000 0.081777 103.104392 0.000000 0.711600 -0.063102 
341 1.099301 0.000000 0.081777 103.058421 0.000000 0.635198 -0.062144 
342 1.150000 0.000000 0.034598 103.240699 0.000000 0.580075 -0.065898 
343 1.150000 0.000000 0.128955 102.956165 0.000000 0.792230 -0.060060 
344 1.302097 0.000000 -0.437187 101.812220 0.000000 1.307184 -0.036744 
345 1.099301 0.000000 -0.437187 102.033807 0.000000 1.320416 -0.041264 
346 1.302097 0.000000 -0.625900 101.986305 0.000000 1.318301 -0.040294 
347 1.200699 0.000000 -0.154116 102.567189 0.000000 1.077110 -0.052119 
348 1.099301 0.000000 -0.154116 102.210446 0.000000 1.052243 -0.044808 
349 1.200699 0.000000 -0.248473 101.863007 0.000000 1.309786 -0.037779 
350 1.302097 0.000000 -0.154116 102.549485 0.000000 1.071534 -0.051754 
351 1.150000 0.000000 -0.012580 103.275200 0.000000 0.558846 -0.066608 
352 1.099301 0.000000 -0.012580 103.205634 0.000000 0.405892 -0.065157 
353 1.150000 0.000000 -0.059759 103.194775 0.000000 0.605699 -0.064953 
354 1.200699 0.000000 -0.012580 103.652220 0.000000 0.559823 -0.074410 
355 1.175350 0.000000 0.058188 102.872903 0.000000 1.160116 -0.058418 
356 1.150000 0.000000 0.058188 103.185385 0.000000 0.612575 -0.064760 
357 1.175350 0.000000 0.034598 103.147385 0.000000 0.924489 -0.064024 
358 1.200699 0.000000 0.058188 102.957129 0.000000 1.090510 -0.060136 
359 1.175350 0.000000 0.081777 103.140977 0.000000 0.716727 -0.063857 
360 0.997903 0.000000 0.223312 101.925795 0.000000 1.312693 -0.039059 
361 0.896505 0.000000 0.223312 102.157677 0.000000 1.326596 -0.043795 
362 0.997903 0.000000 0.317669 101.964114 0.000000 1.315299 -0.039841 
363 1.048602 0.000000 0.081777 102.559162 0.000000 0.624497 -0.051877 
364 0.997903 0.000000 0.081777 102.455948 0.000000 0.677055 -0.049768 
365 1.048602 0.000000 0.034598 102.888015 0.000000 0.454495 -0.058615 
366 1.048602 0.000000 0.128955 102.268396 0.000000 1.021438 -0.045987 
367 1.124651 0.000000 0.058188 103.146557 0.000000 0.598431 -0.063957 
368 1.099301 0.000000 0.058188 103.101894 0.000000 0.528913 -0.063028 
369 1.124651 0.000000 0.034598 103.196252 0.000000 0.556200 -0.064978 
370 1.124651 0.000000 0.081777 103.087905 0.000000 0.641659 -0.062753 
371 1.251398 0.000000 -0.012580 104.406191 0.000000 0.370831 -0.090079 
372 1.251398 0.000000 -0.059759 103.787792 0.000000 0.545909 -0.077220 
373 1.302097 0.000000 -0.012580 104.141908 0.000000 0.466944 -0.084575 
374 1.175350 0.000000 0.011009 103.516009 0.000000 0.529748 -0.071584 
375 1.150000 0.000000 0.011009 103.273614 0.000000 0.559995 -0.066575 
376 1.175350 0.000000 -0.012580 103.517964 0.000000 0.528471 -0.071625 
377 1.200699 0.000000 0.011009 103.650602 0.000000 0.560938 -0.074376 
378 1.162675 0.000000 0.046393 102.851810 0.000000 1.193293 -0.057992 
379 1.150000 0.000000 0.046393 102.863847 0.000000 1.193402 -0.058240 
380 1.162675 0.000000 0.034598 103.017913 0.000000 0.960942 -0.061361 
381 1.175350 0.000000 0.046393 102.927886 0.000000 1.150820 -0.059547 
382 1.162675 0.000000 0.058188 102.907649 0.000000 1.120759 -0.059124 
383 3.330059 0.000000 -0.059759 101.189130 0.000000 -0.000000 -0.023924 
384 3.330059 0.000000 -0.248473 102.659146 0.000000 1.835537 -0.054227 
385 3.330059 0.000000 0.128955 101.160570 0.000000 -0.000000 -0.023346 
386 3.735652 0.000000 0.317669 94.432967 0.000000 -107.312381 -1.043353 
387 3.532855 0.000000 0.317669 95.730308 0.000000 -89.527187 -0.717941 
388 3.938448 0.000000 0.317669 94.084737 0.000000 -107.486137 -1.040521 
389 3.735652 0.000000 0.506383 98.567659 0.000000 -18.289061 -0.005007 
390 3.634253 0.000000 0.034598 100.874157 0.000000 -0.000000 -0.017560 
391 3.532855 0.000000 0.034598 100.964302 0.000000 -0.000000 -0.019379 
392 3.634253 0.000000 -0.059759 100.875548 0.000000 -0.000000 -0.017588 
393 3.735652 0.000000 0.034598 100.800740 0.000000 -0.000000 -0.016079 
394 3.634253 0.000000 0.128955 100.892296 0.000000 -0.000000 -0.017926 
395 3.330059 0.000000 0.317669 96.910497 0.000000 -71.138842 -0.445238 
396 3.127263 0.000000 0.317669 97.914314 0.000000 -57.829394 -0.293145 
397 3.330059 0.000000 0.506383 97.969867 0.000000 -19.676276 0.001475 
398 3.431457 0.000000 0.034598 101.059505 0.000000 -0.000000 -0.021302 
399 3.330059 0.000000 0.034598 101.191225 0.000000 -0.000000 -0.023966 
400 3.431457 0.000000 -0.059759 101.059266 0.000000 0.000000 -0.021298 
401 3.431457 0.000000 0.128955 101.095533 0.000000 -0.000000 -0.022031 
402 8.399963 0.000000 -17.987584 99.784138 0.000000 -6.920071 -0.000476 
403 8.399963 0.000000 -24.026431 99.773582 0.000000 -6.946344 -0.000302 
404 14.889441 0.000000 -17.987584 99.775582 0.000000 -6.908911 -0.000290 
405 5.155225 0.000000 -8.929314 99.855767 0.000000 -6.779147 -0.001713 
406 5.155225 0.000000 -11.948738 99.818340 0.000000 -6.867005 -0.001086 
407 8.399963 0.000000 -8.929314 99.823378 0.000000 -6.745282 -0.001021 
408 3.532855 0.000000 -4.400180 100.067500 0.000000 -6.417871 -0.005469 
409 3.532855 0.000000 -5.909891 99.970569 0.000000 -6.625585 -0.003801 
410 5.155225 0.000000 -4.400180 99.965103 0.000000 -6.323322 -0.003301 
411 4.344040 0.000000 -2.135612 100.245674 0.000000 -5.254980 -0.007681 
412 3.532855 0.000000 -2.135612 100.405354 0.000000 -5.464386 -0.011109 
413 4.344040 0.000000 -2.890468 100.132657 0.000000 -5.856560 -0.006085 
414 5.155225 0.000000 -2.135612 100.088944 0.000000 -5.115702 -0.004397 
415 3.938448 0.000000 -1.003328 101.070223 0.000000 -1.278253 -0.021682 
416 3.532855 0.000000 -1.003328 101.202089 0.000000 -1.930209 -0.024559 
417 3.938448 0.000000 -1.380756 100.662536 0.000000 -3.723687 -0.014681 
418 4.344040 0.000000 -1.003328 100.929928 0.000000 -0.685162 -0.018732 
419 3.735652 0.000000 -0.437187 101.932248 0.000000 3.761502 -0.040433 
420 3.532855 0.000000 -0.437187 102.252954 0.000000 3.782734 -0.046998 
421 3.735652 0.000000 -0.625900 101.838031 0.000000 2.875891 -0.037926 
422 3.938448 0.000000 -0.437187 101.719659 0.000000 3.569229 -0.035963 
423 3.634253 0.000000 -0.154116 100.885083 0.000000 -0.000000 -0.017780 
424 3.532855 0.000000 -0.154116 100.921324 0.000000 -0.000000 -0.018511 
425 3.634253 0.000000 -0.248473 101.582466 0.000000 1.418055 -0.032101 
426 3.735652 0.000000 -0.154116 100.593001 0.000000 -1.600475 -0.012151 
427 3.583554 0.000000 -0.012580 100.892414 0.000000 -0.000000 -0.017928 
428 3.532855 0.000000 -0.012580 100.947356 0.000000 -0.000000 -0.019037 
429 3.583554 0.000000 -0.059759 100.902325 0.000000 -0.000000 -0.018128 
430 3.634253 0.000000 -0.012580 100.871269 0.000000 -0.000000 -0.017501 
431 3.583554 0.000000 0.034598 100.898994 0.000000 -0.000000 -0.018061 
432 5.966409 0.000000 -0.625900 100.615480 0.000000 3.160330 -0.013346 
433 5.966409 0.000000 -1.380756 100.156518 0.000000 -2.377672 -0.003698 
434 6.777594 0.000000 -0.625900 100.344078 0.000000 1.488640 -0.007115 
435 5.966409 0.000000 0.128955 99.848278 0.000000 -9.999851 -0.006968 
436 4.749632 0.000000 -0.248473 100.740448 0.000000 -2.492638 -0.015485 
437 4.749632 0.000000 -0.625900 101.319150 0.000000 3.910689 -0.028086 
438 5.155225 0.000000 -0.248473 100.295002 0.000000 -3.960487 -0.007477 
439 4.749632 0.000000 0.128955 99.685168 0.000000 -17.971762 -0.026012 
440 4.141244 0.000000 -0.059759 100.543074 0.000000 -7.182457 -0.016050 
441 4.141244 0.000000 -0.248473 101.121042 0.000000 -0.682635 -0.022593 
442 4.344040 0.000000 -0.059759 100.417944 0.000000 -7.646145 -0.014223 
443 4.141244 0.000000 0.128955 100.234884 0.000000 -15.168258 -0.027711 
444 3.837050 0.000000 0.034598 100.725484 0.000000 0.000000 -0.014562 
445 3.837050 0.000000 -0.059759 100.722836 0.000000 0.000000 -0.014509 
446 3.938448 0.000000 0.034598 100.720964 0.000000 0.000000 -0.014471 
447 3.837050 0.000000 0.128955 100.720793 0.000000 0.000000 -0.014468 
448 3.684952 0.000000 -0.012580 100.838826 0.000000 -0.000000 -0.016847 
449 3.684952 0.000000 -0.059759 100.832848 0.000000 -0.000000 -0.016726 
450 3.735652 0.000000 -0.012580 100.801234 0.000000 -0.000000 -0.016089 
451 3.684952 0.000000 0.034598 100.833246 0.000000 -0.000000 -0.016734 
452 3.634253 0.000000 0.223312 100.492397 0.000000 -26.842135 -0.081922 
453 3.532855 0.000000 0.223312 100.246568 0.000000 -25.639052 -0.070674 
454 3.735652 0.000000 0.223312 100.565786 0.000000 -28.356081 -0.091754 
455 3.634253 0.000000 0.317669 95.064374 0.000000 -99.394291 -0.891646 
456 3.583554 0.000000 0.081777 100.907733 0.000000 -0.000000 -0.018237 
457 3.532855 0.000000 0.081777 100.953807 0.000000 -0.000000 -0.019167 
458 3.634253 0.000000 0.081777 100.884658 0.000000 -0.000000 -0.017771 
459 3.583554 0.000000 0.128955 100.917388 0.000000 -0.000000 -0.018432 
460 3.608904 0.000000 0.011009 100.879109 0.000000 -0.000000 -0.017659 
461 3.583554 0.000000 0.011009 100.889470 0.000000 0.000000 -0.017869 
462 3.608904 0.000000 -0.012580 100.879214 0.000000 -0.000000 -0.017662 
463 3.634253 0.000000 0.011009 100.871234 0.000000 -0.000000 -0.017501 
464 3.608904 0.000000 0.034598 100.881392 0.000000 -0.000000 -0.017706 
465 2.721671 0.000000 -2.135612 100.535047 0.000000 -5.720996 -0.014003 
466 2.721671 0.000000 -2.890468 100.334427 0.000000 -6.119637 -0.010445 
467 3.127263 0.000000 -1.003328 101.258558 0.000000 -2.613031 -0.026012 
468 2.721671 0.000000 -1.003328 101.269908 0.000000 -3.210293 -0.026590 
469 3.127263 0.000000 -1.380756 100.841138 0.000000 -4.377093 -0.018809 
470 3.330059 0.000000 -0.437187 102.520337 0.000000 3.508839 -0.052273 
471 3.127263 0.000000 -0.437187 102.611673 0.000000 3.079039 -0.053864 
472 3.330059 0.000000 -0.625900 102.080795 0.000000 1.938144 -0.042425 
473 3.431457 0.000000 -0.154116 101.076720 0.000000 0.000000 -0.021650 
474 3.330059 0.000000 -0.154116 101.175012 0.000000 -0.000000 -0.023638 
475 3.431457 0.000000 -0.248473 102.380977 0.000000 1.870463 -0.048536 
476 3.482156 0.000000 -0.012580 100.995490 0.000000 -0.000000 -0.020009 
477 3.431457 0.000000 -0.012580 101.054906 0.000000 -0.000000 -0.021209 
478 3.482156 0.000000 -0.059759 101.016762 0.000000 0.000000 -0.020439 
479 3.482156 0.000000 0.034598 101.015899 0.000000 0.000000 -0.020421 
480 3.558205 0.000000 0.011009 100.911850 0.000000 -0.000000 -0.018320 
481 3.532855 0.000000 0.011009 100.946401 0.000000 -0.000000 -0.019018 
482 3.558205 0.000000 -0.012580 100.912008 0.000000 -0.000000 -0.018323 
483 3.558205 0.000000 0.034598 100.915266 0.000000 -0.000000 -0.018389 
484 3.583554 0.000000 -0.106937 100.916703 0.000000 -0.000000 -0.018418 
485 3.532855 0.000000 -0.106937 100.954971 0.000000 -0.000000 -0.019191 
486 3.583554 0.000000 -0.154116 100.903721 0.000000 -0.000000 -0.018156 
487 3.634253 0.000000 -0.106937 100.894586 0.000000 -0.000000 -0.017972 
488 3.558205 0.000000 -0.036169 100.915410 0.000000 -0.000000 -0.018392 
489 3.532855 0.000000 -0.036169 100.964374 0.000000 -0.000000 -0.019380 
490 3.558205 0.000000 -0.059759 100.941733 0.000000 -0.000000 -0.018923 
491 3.583554 0.000000 -0.036169 100.899202 0.000000 -0.000000 -0.018065 
492 3.570880 0.000000 -0.000786 100.896509 0.000000 0.000000 -0.018011 
493 3.558205 0.000000 -0.000786 100.907834 0.000000 0.000000 -0.018239 
494 3.570880 0.000000 -0.012580 100.899911 0.000000 0.000000 -0.018079 
495 3.583554 0.000000 -0.000786 100.887655 0.000000 0.000000 -0.017832 
496 3.570880 0.000000 0.011009 100.899687 0.000000 0.000000 -0.018075 
497 3.228661 0.000000 0.034598 101.275548 0.000000 -0.000000 -0.025674 
498 3.127263 0.000000 0.034598 101.388357 0.000000 -0.000000 -0.027960 
499 3.228661 0.000000 -0.059759 101.256298 0.000000 -0.000000 -0.025284 
500 3.228661 0.000000 0.128955 101.225609 0.000000 -0.000000 -0.024662 
501 3.380758 0.000000 -0.012580 101.137910 0.000000 -0.000000 -0.022888 
502 3.330059 0.000000 -0.012580 101.184890 0.000000 -0.000000 -0.023838 
503 3.380758 0.000000 -0.059759 101.137876 0.000000 -0.000000 -0.022887 
504 3.380758 0.000000 0.034598 101.139144 0.000000 -0.000000 -0.022913 
505 3.431457 0.000000 0.223312 99.952712 0.000000 -24.770123 -0.060410 
506 3.330059 0.000000 0.223312 99.792006 0.000000 -24.170226 -0.054264 
507 3.431457 0.000000 0.317669 96.344055 0.000000 -79.771133 -0.564561 
508 3.482156 0.000000 0.081777 101.006821 0.000000 -0.000000 -0.020238 
509 3.431457 0.000000 0.081777 101.069321 0.000000 0.000000 -0.021501 
510 3.482156 0.000000 0.128955 100.981042 0.000000 -0.000000 -0.019717 
511 3.456807 0.000000 0.011009 101.022632 0.000000 0.000000 -0.020557 
512 3.431457 0.000000 0.011009 101.056177 0.000000 -0.000000 -0.021235 
513 3.456807 0.000000 -0.012580 101.024388 0.000000 0.000000 -0.020593 
514 3.482156 0.000000 0.011009 100.994737 0.000000 -0.000000 -0.019994 
515 3.456807 0.000000 0.034598 101.024243 0.000000 -0.000000 -0.020590 
516 3.228661 0.000000 -0.154116 101.207479 0.000000 -0.000000 -0.024295 
517 3.127263 0.000000 -0.154116 101.534171 0.000000 0.000000 -0.030919 
518 3.228661 0.000000 -0.248473 102.787360 0.000000 1.768540 -0.056837 
519 3.279360 0.000000 -0.012580 101.219435 0.000000 -0.000000 -0.024537 
520 3.228661 0.000000 -0.012580 101.281929 0.000000 -0.000000 -0.025803 
521 3.279360 0.000000 -0.059759 101.213206 0.000000 -0.000000 -0.024411 
522 3.279360 0.000000 0.034598 101.217462 0.000000 -0.000000 -0.024497 
523 3.380758 0.000000 0.081777 101.122605 0.000000 -0.000000 -0.022578 
524 3.330059 0.000000 0.081777 101.174780 0.000000 -0.000000 -0.023634 
525 3.380758 0.000000 0.128955 101.137421 0.000000 -0.000000 -0.022878 
526 3.355409 0.000000 0.011009 101.156994 0.000000 -0.000000 -0.023274 
527 3.330059 0.000000 0.011009 101.184376 0.000000 -0.000000 -0.023828 
528 3.355409 0.000000 -0.012580 101.157241 0.000000 -0.000000 -0.023279 
529 3.380758 0.000000 0.011009 101.137702 0.000000 -0.000000 -0.022883 
530 3.355409 0.000000 0.034598 101.160114 0.000000 -0.000000 -0.023337 
531 2.924467 0.000000 0.317669 100.044365 0.000000 -50.132721 -0.252216 
532 2.721671 0.000000 0.317669 100.400668 0.000000 -46.878360 -0.227787 
533 2.924467 0.000000 0.506383 97.109015 0.000000 -23.402343 0.002217 
534 3.228661 0.000000 0.223312 99.794710 0.000000 -23.647044 -0.051817 
535 3.127263 0.000000 0.223312 99.857798 0.000000 -23.124379 -0.050632 
536 3.228661 0.000000 0.317669 97.430942 0.000000 -63.851604 -0.356982 
537 3.279360 0.000000 0.081777 101.220792 0.000000 -0.000000 -0.024565 
538 3.228661 0.000000 0.081777 101.252781 0.000000 -0.000000 -0.025213 
539 3.279360 0.000000 0.128955 101.186067 0.000000 -0.000000 -0.023862 
540 3.304710 0.000000 0.011009 101.197374 0.000000 -0.000000 -0.024091 
541 3.279360 0.000000 0.011009 101.219514 0.000000 -0.000000 -0.024539 
542 3.304710 0.000000 -0.012580 101.197518 0.000000 -0.000000 -0.024094 
543 3.304710 0.000000 0.034598 101.210252 0.000000 -0.000000 -0.024352 
544 3.025865 0.000000 0.034598 101.525829 0.000000 -0.000000 -0.030749 
545 2.924467 0.000000 0.034598 101.620502 0.000000 -0.000000 -0.032673 
546 3.025865 0.000000 -0.059759 101.523287 0.000000 -0.000000 -0.030698 
547 3.025865 0.000000 0.128955 101.510622 0.000000 -0.000000 -0.030441 
548 3.177962 0.000000 -0.012580 101.302089 0.000000 -0.000000 -0.026211 
549 3.127263 0.000000 -0.012580 101.389312 0.000000 -0.000000 -0.027979 
550 3.177962 0.000000 -0.059759 101.309634 0.000000 -0.000000 -0.026364 
551 3.177962 0.000000 0.034598 101.298303 0.000000 -0.000000 -0.026135 
552 3.254011 0.000000 0.011009 101.248530 0.000000 -0.000000 -0.025126 
553 3.228661 0.000000 0.011009 101.282366 0.000000 -0.000000 -0.025812 
554 3.254011 0.000000 -0.012580 101.248415 0.000000 -0.000000 -0.025124 
555 3.254011 0.000000 0.034598 101.245850 0.000000 -0.000000 -0.025072 
556 3.279360 0.000000 -0.106937 101.218438 0.000000 -0.000000 -0.024517 
557 3.228661 0.000000 -0.106937 101.228278 0.000000 -0.000000 -0.024716 
558 3.279360 0.000000 -0.154116 101.194215 0.000000 -0.000000 -0.024027 
559 3.330059 0.000000 -0.106937 101.186962 0.000000 -0.000000 -0.023880 
560 3.304710 0.000000 -0.036169 101.210110 0.000000 -0.000000 -0.024349 
561 3.279360 0.000000 -0.036169 101.217277 0.000000 -0.000000 -0.024494 
562 3.304710 0.000000 -0.059759 101.207760 0.000000 -0.000000 -0.024301 
563 3.330059 0.000000 -0.036169 101.191109 0.000000 -0.000000 -0.023964 
564 3.292035 0.000000 -0.000786 101.211793 0.000000 0.000000 -0.024383 
565 3.279360 0.000000 -0.000786 101.214988 0.000000 -0.000000 -0.024447 
566 3.292035 0.000000 -0.012580 101.216072 0.000000 -0.000000 -0.024469 
567 3.304710 0.000000 -0.000786 101.199913 0.000000 -0.000000 -0.024142 
568 3.292035 0.000000 0.011009 101.216139 0.000000 -0.000000 -0.024471 
569 3.254011 0.000000 -0.036169 101.245632 0.000000 -0.000000 -0.025068 
570 3.228661 0.000000 -0.036169 101.275176 0.000000 -0.000000 -0.025666 
571 3.254011 0.000000 -0.059759 101.228281 0.000000 -0.000000 -0.024716 
572 3.266685 0.000000 -0.000786 101.231923 0.000000 -0.000000 -0.024790 
573 3.254011 0.000000 -0.000786 101.248920 0.000000 -0.000000 -0.025134 
574 3.266685 0.000000 -0.012580 101.231529 0.000000 -0.000000 -0.024782 
575 3.266685 0.000000 0.011009 101.231620 0.000000 -0.000000 -0.024784 
576 3.304710 0.000000 0.058188 101.207922 0.000000 -0.000000 -0.024304 
577 3.279360 0.000000 0.058188 101.214429 0.000000 -0.000000 -0.024436 
578 3.330059 0.000000 0.058188 101.189270 0.000000 -0.000000 -0.023927 
579 3.304710 0.000000 0.081777 101.205569 0.000000 -0.000000 -0.024257 
580 3.292035 0.000000 0.022804 101.215449 0.000000 -0.000000 -0.024457 
581 3.279360 0.000000 0.022804 101.218695 0.000000 -0.000000 -0.024522 
582 3.304710 0.000000 0.022804 101.200310 0.000000 -0.000000 -0.024150 
583 3.292035 0.000000 0.034598 101.214412 0.000000 -0.000000 -0.024436 
584 3.285698 0.000000 0.005112 101.215630 0.000000 0.000000 -0.024460 
585 3.279360 0.000000 0.005112 101.219722 0.000000 -0.000000 -0.024543 
586 3.285698 0.000000 -0.000786 101.214947 0.000000 0.000000 -0.024447 
587 3.292035 0.000000 0.005112 101.211895 0.000000 0.000000 -0.024385 
588 3.285698 0.000000 0.011009 101.217812 0.000000 -0.000000 -0.024505 
589 -17.557946 0.000000 -17.987584 99.767678 0.000000 -6.977567 -0.000228 
590 -24.047424 0.000000 -17.987584 99.763109 0.000000 -6.978348 -0.000138 
591 -17.557946 0.000000 -24.026431 99.765739 0.000000 -6.975382 -0.000186 
592 21.378918 0.000000 -17.987584 99.769732 0.000000 -6.903363 -0.000166 
593 21.378918 0.000000 -24.026431 99.766517 0.000000 -6.936102 -0.000147 
594 27.868396 0.000000 -17.987584 99.766529 0.000000 -6.899587 -0.000096 
595 -7.823730 0.000000 -8.929314 99.802416 0.000000 -6.983648 -0.000929 
596 -11.068469 0.000000 -8.929314 99.784167 0.000000 -6.986518 -0.000569 
597 -7.823730 0.000000 -11.948738 99.794440 0.000000 -6.974051 -0.000757 
598 11.644702 0.000000 -8.929314 99.798863 0.000000 -6.735720 -0.000518 
599 11.644702 0.000000 -11.948738 99.790729 0.000000 -6.833911 -0.000489 
600 14.889441 0.000000 -8.929314 99.789098 0.000000 -6.723741 -0.000307 
601 -2.956622 0.000000 -4.400180 99.939019 0.000000 -7.004718 -0.003687 
602 -4.578991 0.000000 -4.400180 99.869192 0.000000 -7.022247 -0.002317 
603 -2.956622 0.000000 -5.909891 99.904579 0.000000 -6.971439 -0.002953 
604 6.777594 0.000000 -4.400180 99.887275 0.000000 -6.293389 -0.001707 
605 6.777594 0.000000 -5.909891 99.872922 0.000000 -6.532683 -0.001728 
606 8.399963 0.000000 -4.400180 99.848339 0.000000 -6.286837 -0.000922 
607 -0.523068 0.000000 -2.135612 100.455956 0.000000 -6.944330 -0.013962 
608 -1.334253 0.000000 -2.135612 100.233591 0.000000 -7.099531 -0.009718 
609 -0.523068 0.000000 -2.890468 100.283081 0.000000 -6.900316 -0.010431 
610 0.693709 0.000000 -1.003328 101.283365 0.000000 -5.441049 -0.028792 
611 0.288117 0.000000 -1.003328 101.432420 0.000000 -5.787900 -0.032204 
612 0.693709 0.000000 -1.380756 101.044417 0.000000 -6.052408 -0.024661 
613 2.316078 0.000000 -1.003328 101.305147 0.000000 -3.748593 -0.027678 
614 2.316078 0.000000 -1.380756 100.955141 0.000000 -4.965412 -0.021660 
615 0.896505 0.000000 -0.437187 102.353326 0.000000 1.336857 -0.047799 
616 0.693709 0.000000 -0.437187 102.586351 0.000000 1.343554 -0.052576 
617 0.896505 0.000000 -0.625900 102.582733 0.000000 1.343555 -0.052502 
618 1.403496 0.000000 -0.154116 102.299455 0.000000 1.082085 -0.046635 
619 1.403496 0.000000 -0.248473 101.790319 0.000000 1.306243 -0.036298 
620 1.504894 0.000000 -0.154116 102.271596 0.000000 1.074624 -0.046063 
621 2.113282 0.000000 -0.437187 101.086825 0.000000 1.268884 -0.022016 
622 2.113282 0.000000 -0.625900 100.870246 0.000000 1.249973 -0.017637 
623 2.316078 0.000000 -0.437187 100.909753 0.000000 1.253754 -0.018435 
624 2.518875 0.000000 -0.437187 102.613918 0.000000 1.370955 -0.053150 
625 2.518875 0.000000 -0.625900 102.031368 0.000000 -0.427126 -0.041058 
626 2.721671 0.000000 -0.437187 102.623989 0.000000 2.004443 -0.053570 
627 1.606292 0.000000 -0.154116 102.090497 0.000000 1.072760 -0.042362 
628 1.606292 0.000000 -0.248473 101.706871 0.000000 1.301828 -0.034598 
629 2.518875 0.000000 0.317669 100.842008 0.000000 1.246829 -0.017067 
630 2.518875 0.000000 0.506383 96.808063 0.000000 -29.089843 -0.021802 
631 2.011884 0.000000 -0.154116 101.570528 0.000000 0.963152 -0.031750 
632 2.011884 0.000000 -0.248473 101.299575 0.000000 1.282737 -0.026325 
633 2.113282 0.000000 -0.154116 101.491141 0.000000 0.919483 -0.030130 
634 5.966409 0.000000 -2.135612 99.970388 0.000000 -5.030943 -0.001939 
635 5.966409 0.000000 -2.890468 99.943490 0.000000 -5.765330 -0.002194 
636 6.777594 0.000000 -2.135612 99.908874 0.000000 -4.977959 -0.000656 
637 4.749632 0.000000 -1.003328 100.815436 0.000000 -0.110063 -0.016376 
638 4.749632 0.000000 -1.380756 100.433354 0.000000 -3.145236 -0.009675 
639 5.155225 0.000000 -1.003328 100.709799 0.000000 0.466778 -0.014268 
640 2.924467 0.000000 -0.437187 102.624265 0.000000 2.590464 -0.053845 
641 2.924467 0.000000 -0.625900 102.079555 0.000000 0.742130 -0.042079 
642 5.966409 0.000000 0.883811 99.917356 0.000000 -5.301246 -0.001158 
643 6.777594 0.000000 0.883811 99.999023 0.000000 -5.326003 -0.002817 
644 5.966409 0.000000 1.638667 99.834649 0.000000 -5.601783 0.000166 
645 4.749632 0.000000 0.506383 99.037750 0.000000 -17.976264 -0.013162 
646 5.155225 0.000000 0.506383 98.643190 0.000000 -15.904763 0.001656 
647 4.749632 0.000000 0.883811 99.414643 0.000000 -5.686148 0.008440 
648 3.025865 0.000000 -0.154116 101.534171 0.000000 0.000000 -0.030919 
649 2.924467 0.000000 -0.154116 101.630427 0.000000 0.000000 -0.032874 
650 3.025865 0.000000 -0.248473 102.893103 0.000000 1.675449 -0.058980 
651 4.141244 0.000000 -0.437187 101.566131 0.000000 3.335813 -0.032681 
652 4.141244 0.000000 -0.625900 101.578404 0.000000 3.438361 -0.032999 
653 4.344040 0.000000 -0.437187 101.434395 0.000000 3.089216 -0.029848 
654 4.141244 0.000000 0.317669 96.535345 0.000000 -90.748246 -0.755432 
655 4.344040 0.000000 0.317669 97.098062 0.000000 -75.641890 -0.514973 
656 4.141244 0.000000 0.506383 98.993044 0.000000 -18.328186 -0.013555 
657 3.837050 0.000000 -0.154116 100.704077 0.000000 0.000000 -0.014131 
658 3.837050 0.000000 -0.248473 101.184840 0.000000 0.446545 -0.023857 
659 3.938448 0.000000 -0.154116 100.685668 0.000000 -3.157444 -0.014757 
660 1.656991 0.000000 -0.012580 103.435004 0.000000 0.290240 -0.069888 
661 1.606292 0.000000 -0.012580 102.811322 0.000000 0.680276 -0.057063 
662 1.656991 0.000000 -0.059759 102.879119 0.000000 0.584883 -0.058446 
663 1.555593 0.000000 0.081777 102.265486 0.000000 0.979858 -0.045919 
664 1.555593 0.000000 0.034598 102.416788 0.000000 0.912083 -0.049003 
665 1.555593 0.000000 0.128955 102.695835 0.000000 0.814936 -0.054710 
666 2.011884 0.000000 0.223312 101.422576 0.000000 1.288426 -0.028820 
667 2.113282 0.000000 0.223312 101.214561 0.000000 1.277566 -0.024602 
668 2.011884 0.000000 0.317669 101.363299 0.000000 1.285858 -0.027617 
669 1.834437 0.000000 0.011009 102.422466 0.000000 0.353012 -0.049049 
670 1.834437 0.000000 -0.012580 102.421377 0.000000 0.358156 -0.049027 
671 1.859787 0.000000 0.011009 102.372653 0.000000 0.273189 -0.048023 
672 1.352797 0.000000 0.081777 102.803739 0.000000 1.007204 -0.056962 
673 1.352797 0.000000 0.034598 102.964581 0.000000 0.955549 -0.060262 
674 1.352797 0.000000 0.128955 103.116947 0.000000 0.816582 -0.063377 
675 0.997903 0.000000 -0.154116 102.252573 0.000000 0.904902 -0.045641 
676 0.896505 0.000000 -0.154116 102.285730 0.000000 0.970291 -0.046331 
677 0.997903 0.000000 -0.248473 102.069755 0.000000 1.321949 -0.041998 
678 1.048602 0.000000 -0.012580 102.976791 0.000000 0.382632 -0.060437 
679 0.997903 0.000000 -0.012580 102.569752 0.000000 0.486737 -0.052079 
680 1.048602 0.000000 -0.059759 102.814268 0.000000 0.512196 -0.057104 
681 1.124651 0.000000 0.011009 103.226831 0.000000 0.526152 -0.065606 
682 1.099301 0.000000 0.011009 103.206381 0.000000 0.403956 -0.065172 
683 1.124651 0.000000 -0.012580 103.228103 0.000000 0.525536 -0.065632 
684 3.837050 0.000000 0.223312 100.429393 0.000000 -30.176495 -0.099668 
685 3.938448 0.000000 0.223312 100.099900 0.000000 -32.262127 -0.106083 
686 3.837050 0.000000 0.317669 94.033593 0.000000 -110.598438 -1.107433 
687 3.684952 0.000000 0.081777 100.842502 0.000000 -0.000000 -0.016921 
688 3.735652 0.000000 0.081777 100.793498 0.000000 -0.000000 -0.015933 
689 3.684952 0.000000 0.128955 100.877153 0.000000 -0.000000 -0.017620 
690 3.684952 0.000000 -0.106937 100.861462 0.000000 -0.000000 -0.017303 
691 3.684952 0.000000 -0.154116 100.869292 0.000000 -0.000000 -0.017461 
692 3.735652 0.000000 -0.106937 100.785381 0.000000 -0.000000 -0.015769 
693 3.608904 0.000000 -0.036169 100.881566 0.000000 -0.000000 -0.017709 
694 3.608904 0.000000 -0.059759 100.883989 0.000000 -0.000000 -0.017758 
695 3.634253 0.000000 -0.036169 100.874243 0.000000 -0.000000 -0.017561 
696 3.482156 0.000000 -0.106937 100.995088 0.000000 -0.000000 -0.020001 
697 3.431457 0.000000 -0.106937 101.081273 0.000000 0.000000 -0.021742 
698 3.482156 0.000000 -0.154116 101.000796 0.000000 0.000000 -0.020116 
699 3.380758 0.000000 -0.106937 101.121688 0.000000 -0.000000 -0.022560 
700 3.380758 0.000000 -0.154116 101.156589 0.000000 -0.000000 -0.023266 
701 3.507506 0.000000 0.011009 100.961058 0.000000 -0.000000 -0.019314 
702 3.507506 0.000000 -0.012580 100.961521 0.000000 -0.000000 -0.019323 
703 3.507506 0.000000 0.034598 100.984373 0.000000 -0.000000 -0.019784 
704 3.177962 0.000000 0.081777 101.316597 0.000000 -0.000000 -0.026505 
705 3.127263 0.000000 0.081777 101.435795 0.000000 -0.000000 -0.028922 
706 3.177962 0.000000 0.128955 101.325796 0.000000 -0.000000 -0.026692 
707 3.355409 0.000000 -0.036169 101.160011 0.000000 -0.000000 -0.023335 
708 3.355409 0.000000 -0.059759 101.158182 0.000000 -0.000000 -0.023298 
709 3.380758 0.000000 -0.036169 101.139079 0.000000 -0.000000 -0.022911 
710 3.406108 0.000000 0.011009 101.096670 0.000000 0.000000 -0.022054 
711 3.406108 0.000000 -0.012580 101.096306 0.000000 0.000000 -0.022046 
712 3.406108 0.000000 0.034598 101.080553 0.000000 0.000000 -0.021728 
713 3.177962 0.000000 -0.106937 101.330204 0.000000 -0.000000 -0.026781 
714 3.127263 0.000000 -0.106937 101.429523 0.000000 -0.000000 -0.028795 
715 3.177962 0.000000 -0.154116 102.822201 0.000000 -0.573742 -0.057273 
716 3.355409 0.000000 0.058188 101.158316 0.000000 -0.000000 -0.023300 
717 3.380758 0.000000 0.058188 101.137966 0.000000 -0.000000 -0.022889 
718 3.355409 0.000000 0.081777 101.156253 0.000000 -0.000000 -0.023259 
719 3.406108 0.000000 0.058188 101.090397 0.000000 0.000000 -0.021927 
720 3.431457 0.000000 0.058188 101.059301 0.000000 0.000000 -0.021298 
721 3.406108 0.000000 0.081777 101.089509 0.000000 0.000000 -0.021909 
722 3.025865 0.000000 0.223312 100.023177 0.000000 -22.671573 -0.051864 
723 2.924467 0.000000 0.223312 100.303050 0.000000 -22.567663 -0.057000 
724 3.025865 0.000000 0.317669 98.693291 0.000000 -52.964094 -0.254556 
725 3.254011 0.000000 0.058188 101.228546 0.000000 -0.000000 -0.024722 
726 3.228661 0.000000 0.058188 101.256607 0.000000 -0.000000 -0.025290 
727 3.254011 0.000000 0.081777 101.224600 0.000000 -0.000000 -0.024642 
728 3.266685 0.000000 0.022804 101.230691 0.000000 -0.000000 -0.024765 
729 3.254011 0.000000 0.022804 101.247392 0.000000 -0.000000 -0.025103 
730 3.266685 0.000000 0.034598 101.229333 0.000000 -0.000000 -0.024738 
731 1.555593 0.000000 -0.012580 102.973035 0.000000 0.668408 -0.060389 
732 1.504894 0.000000 -0.012580 103.212561 0.000000 0.625868 -0.065322 
733 1.555593 0.000000 -0.059759 102.951434 0.000000 0.689558 -0.059947 
734 1.352797 0.000000 -0.012580 103.454511 0.000000 0.723384 -0.070336 
735 1.352797 0.000000 -0.059759 103.636765 0.000000 0.633389 -0.074098 
736 1.403496 0.000000 -0.012580 103.633922 0.000000 0.570023 -0.074031 
737 1.454195 0.000000 -0.012580 103.791028 0.000000 0.441215 -0.077277 
738 1.454195 0.000000 -0.059759 103.388315 0.000000 0.598770 -0.068950 
739 3.507506 0.000000 -0.036169 100.984428 0.000000 -0.000000 -0.019785 
740 3.482156 0.000000 -0.036169 101.015943 0.000000 0.000000 -0.020422 
741 3.507506 0.000000 -0.059759 100.985451 0.000000 -0.000000 -0.019806 
742 3.406108 0.000000 -0.036169 101.080497 0.000000 0.000000 -0.021727 
743 3.406108 0.000000 -0.059759 101.090342 0.000000 0.000000 -0.021926 
744 3.431457 0.000000 -0.036169 101.049291 0.000000 -0.000000 -0.021096 
745 3.456807 0.000000 0.058188 101.037315 0.000000 -0.000000 -0.020854 
746 3.482156 0.000000 0.058188 101.016700 0.000000 0.000000 -0.020437 
747 3.456807 0.000000 0.081777 101.037520 0.000000 -0.000000 -0.020858 
748 3.507506 0.000000 0.058188 100.985374 0.000000 -0.000000 -0.019805 
749 3.532855 0.000000 0.058188 100.965599 0.000000 -0.000000 -0.019405 
750 3.507506 0.000000 0.081777 100.973919 0.000000 -0.000000 -0.019573 
751 3.558205 0.000000 0.058188 100.941638 0.000000 -0.000000 -0.018921 
752 3.583554 0.000000 0.058188 100.902126 0.000000 -0.000000 -0.018124 
753 3.558205 0.000000 0.081777 100.934514 0.000000 -0.000000 -0.018778 
754 3.608904 0.000000 0.058188 100.883843 0.000000 -0.000000 -0.017755 
755 3.634253 0.000000 0.058188 100.875464 0.000000 -0.000000 -0.017586 
756 3.608904 0.000000 0.081777 100.905125 0.000000 -0.000000 -0.018184 
757 3.456807 0.000000 -0.036169 101.037157 0.000000 -0.000000 -0.020851 
758 3.456807 0.000000 -0.059759 101.037328 0.000000 -0.000000 -0.020854 
1 19 21 9 22 
2 20 19 22 4 
3 28 29 3 30 
4 21 28 30 9 
5 35 37 21 38 
6 36 35 38 19 
7 44 45 28 46 
8 37 44 46 21 
9 51 53 37 54 
10 52 51 54 35 
11 60 61 44 62 
12 53 60 62 37 
13 67 69 53 70 
14 68 67 70 51 
15 76 77 60 78 
16 69 76 78 53 
17 83 85 69 86 
18 84 83 86 67 
19 11 94 92 93 
20 94 10 24 92 
21 92 24 14 95 
22 93 92 95 6 
23 24 98 96 97 
24 98 23 40 96 
25 96 40 27 99 
26 97 96 99 14 
27 40 102 100 101 
28 102 39 56 100 
29 100 56 43 103 
30 101 100 103 27 
31 56 106 104 105 
32 106 55 72 104 
33 104 72 59 107 
34 105 104 107 43 
35 72 110 108 109 
36 109 108 111 59 
37 112 113 76 114 
38 85 112 114 69 
39 115 117 85 118 
40 116 115 118 83 
41 132 133 112 134 
42 117 132 134 85 
43 136 124 137 135 
44 135 137 127 138 
45 15 140 139 33 
46 140 17 141 139 
47 139 141 8 142 
48 33 139 142 18 
49 31 144 143 49 
50 144 33 145 143 
51 143 145 18 146 
52 49 143 146 34 
53 148 49 149 147 
54 147 149 34 150 
55 124 160 159 137 
56 160 126 161 159 
57 159 161 82 162 
58 137 159 162 127 
59 18 142 163 45 
60 142 8 164 163 
61 163 164 29 165 
62 45 163 165 28 
63 34 146 166 61 
64 146 18 167 166 
65 166 167 45 168 
66 61 166 168 44 
67 150 34 170 169 
68 169 170 61 171 
69 77 169 171 60 
70 172 173 77 174 
71 113 172 174 76 
72 175 176 113 177 
73 133 175 177 112 
74 126 179 178 161 
75 161 178 181 82 
76 186 187 172 188 
77 176 186 188 113 
78 194 196 117 197 
79 195 194 197 115 
80 138 127 208 207 
81 207 208 132 209 
82 196 207 209 117 
83 131 202 210 211 
84 202 5 212 210 
85 210 212 196 213 
86 211 210 213 194 
87 199 216 214 215 
88 214 217 202 218 
89 215 214 218 131 
90 12 221 219 220 
91 221 7 222 219 
92 219 222 13 25 
93 220 219 25 10 
94 25 225 223 224 
95 225 13 226 223 
96 223 226 26 41 
97 224 223 41 23 
98 41 229 227 228 
99 229 26 230 227 
100 227 230 42 57 
101 228 227 57 39 
102 57 233 231 232 
103 233 42 234 231 
104 231 234 58 73 
105 232 231 73 55 
106 73 237 235 236 
107 237 58 238 235 
108 235 238 74 89 
109 236 235 89 71 
110 89 241 239 240 
111 241 74 242 239 
112 239 242 90 129 
113 240 239 129 87 
114 129 245 243 244 
115 245 90 246 243 
116 243 246 130 200 
117 244 243 200 128 
118 128 249 247 248 
119 249 200 250 247 
120 248 247 216 199 
121 130 252 251 201 
122 252 135 253 251 
123 251 253 138 254 
124 201 251 254 5 
125 256 201 257 255 
126 255 257 5 258 
127 217 255 258 202 
128 216 261 259 260 
129 259 262 217 263 
130 260 259 263 214 
131 200 265 264 250 
132 265 130 266 264 
133 264 266 201 256 
134 247 269 267 268 
135 269 250 270 267 
136 267 270 198 261 
137 268 267 261 216 
138 198 272 271 262 
139 272 256 273 271 
140 271 273 255 274 
141 262 271 274 217 
142 261 277 275 276 
143 277 198 278 275 
144 275 278 262 279 
145 276 275 279 259 
146 6 95 280 281 
147 95 14 36 280 
148 280 36 19 282 
149 281 280 282 20 
150 14 99 283 284 
151 99 27 52 283 
152 283 52 35 285 
153 284 283 285 36 
154 27 103 286 287 
155 103 43 68 286 
156 286 68 51 288 
157 287 286 288 52 
158 43 107 289 290 
159 107 59 84 289 
160 289 84 67 291 
161 290 289 291 68 
162 59 111 292 293 
163 292 116 83 294 
164 293 292 294 84 
165 295 195 115 297 
166 296 295 297 116 
167 91 206 298 299 
168 206 131 211 298 
169 298 211 194 300 
170 299 298 300 195 
171 203 303 301 302 
172 303 199 215 301 
173 301 215 131 304 
174 302 301 304 206 
175 123 308 309 310 
176 308 91 299 309 
177 309 299 195 311 
178 310 309 311 295 
179 305 314 312 313 
180 314 204 315 312 
181 312 315 91 316 
182 313 312 316 308 
183 108 319 317 318 
184 318 317 320 111 
185 111 320 325 326 
186 325 296 116 327 
187 326 325 327 292 
188 75 324 328 329 
189 324 123 310 328 
190 328 310 295 330 
191 329 328 330 296 
192 321 333 331 332 
193 333 306 334 331 
194 331 334 123 335 
195 332 331 335 324 
196 317 338 336 337 
197 337 336 339 320 
198 340 332 324 343 
199 341 340 343 75 
200 71 346 344 345 
201 346 89 240 344 
202 344 240 87 121 
203 345 344 121 88 
204 88 349 347 348 
205 349 121 350 347 
206 347 350 119 323 
207 348 347 323 120 
208 120 353 351 352 
209 353 323 354 351 
210 357 321 358 355 
211 355 358 332 359 
212 356 355 359 340 
213 320 339 360 361 
214 339 75 329 360 
215 360 329 296 362 
216 361 360 362 325 
217 336 365 363 364 
218 365 322 341 363 
219 363 341 75 366 
220 364 363 366 339 
221 322 369 367 368 
222 369 342 356 367 
223 367 356 340 370 
224 368 367 370 341 
225 323 372 371 354 
226 372 119 373 371 
227 371 373 306 333 
228 354 371 333 321 
229 351 376 374 375 
230 376 354 377 374 
231 374 377 321 357 
232 375 374 357 342 
233 342 380 378 379 
234 380 357 381 378 
235 378 381 355 382 
236 379 378 382 356 
237 386 388 186 389 
238 387 386 389 176 
239 395 387 176 397 
240 396 395 397 175 
241 7 403 402 222 
242 403 16 404 402 
243 402 404 15 32 
244 222 402 32 13 
245 13 406 405 226 
246 406 32 407 405 
247 405 407 31 48 
248 226 405 48 26 
249 26 409 408 230 
250 409 48 410 408 
251 408 410 47 64 
252 230 408 64 42 
253 64 413 411 412 
254 413 47 414 411 
255 411 414 65 152 
256 412 411 152 63 
257 63 417 415 416 
258 417 152 418 415 
259 415 418 151 183 
260 416 415 183 81 
261 81 421 419 420 
262 421 183 422 419 
263 419 422 182 191 
264 420 419 191 157 
265 157 425 423 424 
266 425 191 426 423 
267 65 433 432 153 
268 433 147 434 432 
269 432 434 150 435 
270 153 432 435 50 
271 151 437 436 184 
272 437 153 438 436 
273 436 438 50 439 
274 184 436 439 154 
275 182 441 440 192 
276 441 184 442 440 
277 440 442 154 443 
278 192 440 443 185 
279 189 445 444 393 
280 445 192 446 444 
281 444 446 185 447 
282 393 444 447 193 
283 392 449 448 430 
284 449 189 450 448 
285 448 450 393 451 
286 430 448 451 390 
287 66 394 452 453 
288 394 193 454 452 
289 452 454 386 455 
290 453 452 455 387 
291 456 458 394 459 
292 457 456 459 66 
293 427 462 460 461 
294 462 430 463 460 
295 460 463 390 464 
296 461 460 464 431 
297 42 466 465 234 
298 466 64 412 465 
299 465 412 63 80 
300 234 465 80 58 
301 80 469 467 468 
302 469 63 416 467 
303 467 416 81 156 
304 468 467 156 79 
305 156 472 470 471 
306 472 81 420 470 
307 470 420 157 384 
308 471 470 384 155 
309 384 475 473 474 
310 475 157 424 473 
311 428 482 480 481 
312 480 461 431 483 
313 481 480 483 391 
314 424 486 484 485 
315 486 423 487 484 
316 484 487 392 429 
317 485 484 429 190 
318 190 490 488 489 
319 490 429 491 488 
320 488 491 427 482 
321 489 488 482 428 
322 482 494 492 493 
323 494 427 495 492 
324 492 495 461 496 
325 493 492 496 480 
326 385 401 505 506 
327 401 66 453 505 
328 505 453 387 507 
329 506 505 507 395 
330 508 457 66 510 
331 509 508 510 401 
332 477 513 511 512 
333 513 476 514 511 
334 511 514 479 515 
335 512 511 515 398 
336 155 518 516 517 
337 518 384 474 516 
338 523 509 401 525 
339 524 523 525 385 
340 502 528 526 527 
341 528 501 529 526 
342 526 529 504 530 
343 527 526 530 399 
344 82 181 531 532 
345 531 396 175 533 
346 532 531 533 133 
347 158 500 534 535 
348 500 385 506 534 
349 534 506 395 536 
350 535 534 536 396 
351 537 524 385 539 
352 538 537 539 500 
353 542 502 527 540 
354 540 527 399 543 
355 178 546 544 545 
356 546 180 498 544 
357 544 498 158 547 
358 545 544 547 181 
359 180 550 548 549 
360 550 499 520 548 
361 548 520 497 551 
362 549 548 551 498 
363 520 554 552 553 
364 553 552 555 497 
365 516 558 556 557 
366 558 474 559 556 
367 556 559 383 521 
368 557 556 521 499 
369 521 562 560 561 
370 562 383 563 560 
371 560 563 502 542 
372 561 560 542 519 
373 519 566 564 565 
374 566 542 567 564 
375 564 567 540 568 
376 499 571 569 570 
377 571 521 561 569 
378 569 561 519 554 
379 570 569 554 520 
380 554 574 572 573 
381 574 519 565 572 
382 572 565 541 575 
383 573 572 575 552 
384 522 543 576 577 
385 543 399 578 576 
386 576 578 524 579 
387 577 576 579 537 
388 541 568 580 581 
389 568 540 582 580 
390 580 582 543 583 
391 581 580 583 522 
392 565 586 584 585 
393 586 564 587 584 
394 584 587 568 588 
395 585 584 588 541 
396 1 591 589 590 
397 591 12 220 589 
398 589 220 10 94 
399 590 589 94 11 
400 16 593 592 404 
401 593 2 594 592 
402 592 594 17 140 
403 404 592 140 15 
404 10 597 595 596 
405 597 25 224 595 
406 595 224 23 98 
407 596 595 98 24 
408 32 599 598 407 
409 599 15 600 598 
410 598 600 33 144 
411 407 598 144 31 
412 23 603 601 602 
413 603 41 228 601 
414 601 228 39 102 
415 602 601 102 40 
416 48 605 604 410 
417 605 31 606 604 
418 604 606 49 148 
419 410 604 148 47 
420 39 609 607 608 
421 609 57 232 607 
422 607 232 55 106 
423 608 607 106 56 
424 55 612 610 611 
425 612 73 236 610 
426 610 236 71 110 
427 611 610 110 72 
428 58 614 613 238 
429 614 80 468 613 
430 613 468 79 125 
431 238 613 125 74 
432 110 617 615 616 
433 617 71 345 615 
434 615 345 88 319 
435 616 615 319 108 
436 121 619 618 350 
437 619 87 620 618 
438 618 620 122 307 
439 350 618 307 119 
440 74 622 621 242 
441 622 125 623 621 
442 621 623 124 136 
443 242 621 136 90 
444 125 625 624 623 
445 625 79 626 624 
446 624 626 126 160 
447 623 624 160 124 
448 87 628 627 620 
449 628 129 244 627 
450 627 244 128 205 
451 620 627 205 122 
452 127 162 629 208 
453 162 82 532 629 
454 629 532 133 630 
455 208 629 630 132 
456 90 632 631 246 
457 632 136 633 631 
458 631 633 135 252 
459 246 631 252 130 
460 47 635 634 414 
461 635 148 636 634 
462 634 636 147 433 
463 414 634 433 65 
464 152 638 637 418 
465 638 65 639 637 
466 637 639 153 437 
467 418 637 437 151 
468 79 641 640 626 
469 641 156 471 640 
470 640 471 155 179 
471 626 640 179 126 
472 50 435 642 173 
473 435 150 643 642 
474 642 643 169 644 
475 173 642 644 77 
476 154 439 645 187 
477 439 50 646 645 
478 645 646 173 647 
479 187 645 647 172 
480 179 650 648 649 
481 650 155 517 648 
482 648 517 180 546 
483 649 648 546 178 
484 183 652 651 422 
485 652 151 653 651 
486 651 653 184 441 
487 422 651 441 182 
488 185 443 654 388 
489 443 154 655 654 
490 654 655 187 656 
491 388 654 656 186 
492 191 658 657 426 
493 658 182 659 657 
494 657 659 192 445 
495 426 657 445 189 
496 205 662 660 661 
497 662 128 248 660 
498 660 248 199 303 
499 661 660 303 203 
500 204 664 663 315 
501 664 203 302 663 
502 663 302 206 665 
503 315 663 665 91 
504 5 254 666 212 
505 254 138 667 666 
506 666 667 207 668 
507 212 666 668 196 
508 250 670 669 270 
509 670 264 671 669 
510 669 671 256 272 
511 270 669 272 198 
512 306 673 672 334 
513 673 305 313 672 
514 672 313 308 674 
515 334 672 674 123 
516 319 677 675 676 
517 677 88 348 675 
518 675 348 120 338 
519 676 675 338 317 
520 338 680 678 679 
521 680 120 352 678 
522 678 352 322 365 
523 679 678 365 336 
524 352 683 681 682 
525 683 351 375 681 
526 681 375 342 369 
527 682 681 369 322 
528 193 447 684 454 
529 447 185 685 684 
530 684 685 388 686 
531 454 684 686 386 
532 390 451 687 458 
533 451 393 688 687 
534 687 688 193 689 
535 458 687 689 394 
536 423 691 690 487 
537 691 426 692 690 
538 690 692 189 449 
539 487 690 449 392 
540 429 694 693 491 
541 694 392 695 693 
542 693 695 430 462 
543 491 693 462 427 
544 473 698 696 697 
545 698 424 485 696 
546 696 485 190 478 
547 697 696 478 400 
548 474 700 699 559 
549 700 473 697 699 
550 699 697 400 503 
551 559 699 503 383 
552 476 702 701 514 
553 702 428 481 701 
554 701 481 391 703 
555 514 701 703 479 
556 498 551 704 705 
557 551 497 538 704 
558 704 538 500 706 
559 705 704 706 158 
560 383 708 707 563 
561 708 503 709 707 
562 707 709 501 528 
563 563 707 528 502 
564 501 711 710 529 
565 711 477 512 710 
566 710 512 398 712 
567 529 710 712 504 
568 517 715 713 714 
569 715 516 557 713 
570 713 557 499 550 
571 714 713 550 180 
572 399 530 716 578 
573 530 504 717 716 
574 716 717 523 718 
575 578 716 718 524 
576 504 712 719 717 
577 712 398 720 719 
578 719 720 509 721 
579 717 719 721 523 
580 181 547 722 723 
581 547 158 535 722 
582 722 535 396 724 
583 723 722 724 531 
584 497 555 725 726 
585 555 522 577 725 
586 725 577 537 727 
587 726 725 727 538 
588 552 575 728 729 
589 575 541 581 728 
590 728 581 522 730 
591 729 728 730 555 
592 122 733 731 732 
593 733 205 661 731 
594 731 661 203 664 
595 732 731 664 204 
596 119 735 734 373 
597 735 307 736 734 
598 734 736 305 673 
599 373 734 673 306 
600 307 738 737 736 
601 738 122 732 737 
602 737 732 204 314 
603 736 737 314 305 
604 478 741 739 740 
605 741 190 489 739 
606 739 489 428 702 
607 740 739 702 476 
608 503 743 742 709 
609 743 400 744 742 
610 742 744 477 711 
611 709 742 711 501 
612 398 515 745 720 
613 515 479 746 745 
614 745 746 508 747 
615 720 745 747 509 
616 479 703 748 746 
617 703 391 749 748 
618 748 749 457 750 
619 746 748 750 508 
620 391 483 751 749 
621 483 431 752 751 
622 751 752 456 753 
623 749 751 753 457 
624 431 464 754 752 
625 464 390 755 754 
626 754 755 458 756 
627 752 754 756 456 
628 400 758 757 744 
629 758 478 740 757 
630 757 740 476 513 
631 744 757 513 477 
