2 0.000000 100.000000 473.401889
669 553 
1 -37.468793 0.000000 -37.625251 99.950299 0.000000 -3.492530 -0.000226 
2 44.010151 0.000000 -37.625251 99.952175 0.000000 -3.414983 -0.000210 
3 44.010151 0.000000 37.902022 99.929860 0.000000 -3.422447 0.000231 
4 -37.468793 0.000000 37.902022 99.928241 0.000000 -3.492569 0.000215 
5 3.270679 0.000000 0.138385 102.638944 0.000000 0.388609 -0.053490 
6 -37.468793 0.000000 0.138385 99.939194 0.000000 -3.504880 -0.000013 
7 3.270679 0.000000 -37.625251 99.974990 0.000000 -3.455248 -0.000694 
8 44.010151 0.000000 0.138385 100.066336 0.000000 0.178937 -0.001330 
9 3.270679 0.000000 37.902022 99.904932 0.000000 -3.456105 0.000706 
10 -17.099057 0.000000 -18.743433 99.983004 0.000000 -3.500513 -0.000885 
11 -37.468793 0.000000 -18.743433 99.949621 0.000000 -3.499443 -0.000217 
12 -17.099057 0.000000 -37.625251 99.963438 0.000000 -3.484569 -0.000483 
13 3.270679 0.000000 -18.743433 100.074408 0.000000 -3.364003 -0.002620 
14 -17.099057 0.000000 0.138385 99.938048 0.000000 -3.550414 -0.000022 
15 23.640415 0.000000 -18.743433 99.986395 0.000000 -3.225031 -0.000768 
16 23.640415 0.000000 -37.625251 99.964590 0.000000 -3.425094 -0.000465 
17 44.010151 0.000000 -18.743433 99.958332 0.000000 -3.205758 -0.000195 
18 23.640415 0.000000 0.138385 100.154213 0.000000 2.852131 -0.003900 
19 -17.099057 0.000000 19.020204 99.895688 0.000000 -3.499913 0.000860 
20 -37.468793 0.000000 19.020204 99.928868 0.000000 -3.499399 0.000198 
21 3.270679 0.000000 19.020204 99.807301 0.000000 -3.362997 0.002719 
22 -17.099057 0.000000 37.902022 99.915496 0.000000 -3.484688 0.000475 
23 -6.914189 0.000000 -9.302524 100.112850 0.000000 -3.541988 -0.003513 
24 -17.099057 0.000000 -9.302524 99.980060 0.000000 -3.528179 -0.000846 
25 -6.914189 0.000000 -18.743433 100.032443 0.000000 -3.470345 -0.001853 
26 3.270679 0.000000 -9.302524 100.391563 0.000000 -3.105953 -0.008811 
27 -6.914189 0.000000 0.138385 99.923401 0.000000 -3.749736 0.000125 
28 23.640415 0.000000 19.020204 99.901192 0.000000 -3.239545 0.000926 
29 44.010151 0.000000 19.020204 99.935833 0.000000 -3.253620 0.000224 
30 23.640415 0.000000 37.902022 99.916600 0.000000 -3.428483 0.000492 
31 13.455547 0.000000 -9.302524 100.111962 0.000000 -2.695597 -0.002967 
32 13.455547 0.000000 -18.743433 100.034143 0.000000 -3.259551 -0.001745 
33 23.640415 0.000000 -9.302524 99.999204 0.000000 -2.673527 -0.000699 
34 13.455547 0.000000 0.138385 99.877348 0.000000 -0.859113 0.002378 
35 -6.914189 0.000000 9.579295 99.761232 0.000000 -3.534207 0.003521 
36 -17.099057 0.000000 9.579295 99.897390 0.000000 -3.527103 0.000807 
37 3.270679 0.000000 9.579295 99.497788 0.000000 -3.093644 0.009062 
38 -6.914189 0.000000 19.020204 99.847156 0.000000 -3.468826 0.001851 
39 -1.821755 0.000000 -4.582069 100.544500 0.000000 -3.648117 -0.012251 
40 -6.914189 0.000000 -4.582069 100.099377 0.000000 -3.654407 -0.003324 
41 -1.821755 0.000000 -9.302524 100.282667 0.000000 -3.433043 -0.006840 
42 3.270679 0.000000 -4.582069 101.096022 0.000000 -2.606771 -0.022720 
43 -1.821755 0.000000 0.138385 99.669161 0.000000 -4.746044 0.004353 
44 13.455547 0.000000 9.579295 99.796577 0.000000 -2.721053 0.003324 
45 23.640415 0.000000 9.579295 99.922453 0.000000 -2.761358 0.000788 
46 13.455547 0.000000 19.020204 99.854822 0.000000 -3.265229 0.001835 
47 8.363113 0.000000 -4.582069 100.529469 0.000000 -1.707574 -0.010909 
48 8.363113 0.000000 -9.302524 100.265103 0.000000 -2.802053 -0.006094 
49 13.455547 0.000000 -4.582069 100.132390 0.000000 -1.535891 -0.002885 
50 8.363113 0.000000 0.138385 98.979672 0.000000 2.247116 0.019797 
51 -1.821755 0.000000 4.858840 99.316478 0.000000 -3.592070 0.012333 
52 -6.914189 0.000000 4.858840 99.762789 0.000000 -3.642196 0.003412 
53 3.270679 0.000000 4.858840 98.849737 0.000000 -2.636004 0.022178 
54 -1.821755 0.000000 9.579295 99.595248 0.000000 -3.417047 0.006911 
55 0.724462 0.000000 -2.221842 101.619669 0.000000 -3.387633 -0.033803 
56 -1.821755 0.000000 -2.221842 100.640611 0.000000 -4.040589 -0.014486 
57 0.724462 0.000000 -4.582069 100.945674 0.000000 -3.289785 -0.020085 
58 3.270679 0.000000 -2.221842 102.250093 0.000000 -1.669589 -0.045787 
59 0.724462 0.000000 0.138385 96.264639 0.000000 -0.102573 0.073311 
60 8.363113 0.000000 4.858840 99.434464 0.000000 -1.914513 0.010912 
61 13.455547 0.000000 4.858840 99.818077 0.000000 -1.888326 0.003279 
62 8.363113 0.000000 9.579295 99.634227 0.000000 -2.805043 0.006515 
63 5.816896 0.000000 -2.221842 101.367787 0.000000 -0.327755 -0.027554 
64 5.816896 0.000000 -4.582069 100.829054 0.000000 -2.029261 -0.017062 
65 8.363113 0.000000 -2.221842 101.079128 0.000000 0.790111 -0.021761 
66 5.816896 0.000000 0.138385 101.261792 0.000000 0.166819 -0.025398 
67 0.724462 0.000000 2.498613 98.291286 0.000000 -3.120130 0.032909 
68 -1.821755 0.000000 2.498613 99.165946 0.000000 -3.884758 0.015102 
69 3.270679 0.000000 2.498613 98.061778 0.000000 -2.100802 0.037947 
70 0.724462 0.000000 4.858840 98.960621 0.000000 -3.231872 0.019635 
71 1.997570 0.000000 -1.041728 101.967366 0.000000 -1.044149 -0.039843 
72 0.724462 0.000000 -1.041728 100.955084 0.000000 -3.594500 -0.020485 
73 1.997570 0.000000 -2.221842 102.165711 0.000000 -2.818255 -0.044578 
74 3.270679 0.000000 -1.041728 106.124855 0.000000 1.646201 -0.126519 
75 1.997570 0.000000 0.138385 98.359794 0.000000 -0.239750 0.032529 
76 -27.283925 0.000000 -9.302524 99.953485 0.000000 -3.511620 -0.000303 
77 -37.468793 0.000000 -9.302524 99.945622 0.000000 -3.503244 -0.000140 
78 -27.283925 0.000000 -18.743433 99.959554 0.000000 -3.502067 -0.000418 
79 -27.283925 0.000000 0.138385 99.939053 0.000000 -3.516521 -0.000018 
80 -12.006623 0.000000 -4.582069 99.995874 0.000000 -3.586366 -0.001204 
81 -17.099057 0.000000 -4.582069 99.963864 0.000000 -3.543229 -0.000533 
82 -12.006623 0.000000 -9.302524 100.019734 0.000000 -3.542031 -0.001649 
83 -12.006623 0.000000 0.138385 99.935203 0.000000 -3.612677 -0.000010 
84 -4.367972 0.000000 -2.221842 100.157574 0.000000 -3.869152 -0.004651 
85 -6.914189 0.000000 -2.221842 100.033543 0.000000 -3.723095 -0.002057 
86 -4.367972 0.000000 -4.582069 100.246466 0.000000 -3.697862 -0.006303 
87 -4.367972 0.000000 0.138385 99.896530 0.000000 -3.959017 0.000501 
88 -0.548647 0.000000 -1.041728 102.070353 0.000000 -4.431545 -0.043800 
89 -1.821755 0.000000 -1.041728 100.473599 0.000000 -4.469114 -0.011492 
90 -0.548647 0.000000 -2.221842 101.196114 0.000000 -3.838336 -0.025539 
91 -0.548647 0.000000 0.138385 97.496545 0.000000 -8.586377 0.042070 
92 5.816896 0.000000 2.498613 98.740371 0.000000 -1.272855 0.024872 
93 8.363113 0.000000 2.498613 99.312154 0.000000 -1.027449 0.013604 
94 5.816896 0.000000 4.858840 99.107746 0.000000 -2.136747 0.017309 
95 1.997570 0.000000 1.318499 97.781734 0.000000 -1.780198 0.043556 
96 0.724462 0.000000 1.318499 97.703826 0.000000 -1.689379 0.045111 
97 3.270679 0.000000 1.318499 97.506976 0.000000 -1.725055 0.048941 
98 1.997570 0.000000 2.498613 98.070063 0.000000 -2.636966 0.037531 
99 1.361016 0.000000 -0.451671 100.674104 0.000000 -1.037409 -0.013635 
100 0.724462 0.000000 -0.451671 99.989576 0.000000 -0.863516 0.000134 
101 1.361016 0.000000 -1.041728 100.274964 0.000000 -0.959481 -0.005599 
102 1.997570 0.000000 -0.451671 102.745183 0.000000 -0.753489 -0.055714 
103 1.361016 0.000000 0.138385 99.252790 0.000000 -0.214187 0.014884 
104 4.543787 0.000000 -1.041728 101.057248 0.000000 1.964857 -0.021643 
105 4.543787 0.000000 -2.221842 101.781749 0.000000 -0.769527 -0.036012 
106 5.816896 0.000000 -1.041728 100.825880 0.000000 1.545934 -0.016825 
107 4.543787 0.000000 0.138385 103.372065 0.000000 0.649813 -0.068621 
108 2.634124 0.000000 -0.451671 106.283585 0.000000 -0.440009 -0.129639 
109 2.634124 0.000000 -1.041728 103.954746 0.000000 -0.143555 -0.080661 
110 3.270679 0.000000 -0.451671 105.773354 0.000000 2.623893 -0.119489 
111 2.634124 0.000000 0.138385 101.291107 0.000000 0.019081 -0.025989 
112 -27.283925 0.000000 9.579295 99.924795 0.000000 -3.511419 0.000271 
113 -37.468793 0.000000 9.579295 99.932801 0.000000 -3.503199 0.000116 
114 -27.283925 0.000000 19.020204 99.918996 0.000000 -3.501894 0.000393 
115 -12.006623 0.000000 4.858840 99.874871 0.000000 -3.589203 0.001213 
116 -17.099057 0.000000 4.858840 99.912721 0.000000 -3.542438 0.000490 
117 -12.006623 0.000000 9.579295 99.856427 0.000000 -3.539306 0.001617 
118 -4.367972 0.000000 2.498613 99.665347 0.000000 -3.836198 0.005210 
119 -6.914189 0.000000 2.498613 99.818663 0.000000 -3.713558 0.002244 
120 -4.367972 0.000000 4.858840 99.608135 0.000000 -3.669575 0.006475 
121 -0.548647 0.000000 1.318499 97.785571 0.000000 -3.719516 0.042415 
122 -1.821755 0.000000 1.318499 99.145067 0.000000 -4.249913 0.015219 
123 -0.548647 0.000000 2.498613 98.658148 0.000000 -3.632714 0.025337 
124 1.361016 0.000000 0.728442 100.276612 0.000000 -0.960023 -0.005632 
125 0.724462 0.000000 0.728442 97.573432 0.000000 0.624476 0.047904 
126 1.997570 0.000000 0.728442 101.985088 0.000000 -1.044658 -0.040205 
127 1.361016 0.000000 1.318499 97.925669 0.000000 -1.638446 0.040788 
128 1.679293 0.000000 -0.156643 101.201617 0.000000 -0.283159 -0.024185 
129 1.361016 0.000000 -0.156643 99.409712 0.000000 -0.286291 0.011763 
130 1.679293 0.000000 -0.451671 101.669973 0.000000 -1.028412 -0.033784 
131 1.997570 0.000000 -0.156643 99.217409 0.000000 -0.548558 0.015560 
132 1.679293 0.000000 0.138385 101.208825 0.000000 -0.259886 -0.024329 
133 4.543787 0.000000 1.318499 97.886984 0.000000 -0.992502 0.041715 
134 5.816896 0.000000 1.318499 98.534485 0.000000 -0.556806 0.029065 
135 4.543787 0.000000 2.498613 98.343617 0.000000 -1.590866 0.032600 
136 2.634124 0.000000 0.728442 103.956107 0.000000 -0.137192 -0.080689 
137 3.270679 0.000000 0.728442 106.107397 0.000000 1.645594 -0.126149 
138 2.634124 0.000000 1.318499 97.602307 0.000000 -1.838181 0.047041 
139 2.315847 0.000000 -0.156643 100.411394 0.000000 -0.594689 -0.008280 
140 2.315847 0.000000 -0.451671 102.873816 0.000000 -0.690412 -0.058350 
141 2.634124 0.000000 -0.156643 103.720699 0.000000 -0.373748 -0.075812 
142 2.315847 0.000000 0.138385 99.097612 0.000000 -0.116706 0.017965 
143 3.907233 0.000000 -0.451671 102.471631 0.000000 2.245338 -0.050548 
144 3.907233 0.000000 -1.041728 103.129579 0.000000 2.433735 -0.064163 
145 4.543787 0.000000 -0.451671 101.433519 0.000000 2.104827 -0.029319 
146 3.907233 0.000000 0.138385 104.402822 0.000000 0.673971 -0.090040 
147 2.952401 0.000000 -0.156643 105.769739 0.000000 0.568016 -0.118756 
148 2.952401 0.000000 -0.451671 108.006774 0.000000 1.084499 -0.166664 
149 3.270679 0.000000 -0.156643 104.162869 0.000000 1.520161 -0.085221 
150 2.952401 0.000000 0.138385 102.226590 0.000000 0.155615 -0.045030 
151 3.907233 0.000000 0.728442 103.125881 0.000000 2.430832 -0.064086 
152 4.543787 0.000000 0.728442 101.057219 0.000000 1.964651 -0.021642 
153 3.907233 0.000000 1.318499 97.615912 0.000000 -1.370326 0.046926 
154 3.588956 0.000000 -0.156643 103.078697 0.000000 1.401483 -0.062718 
155 3.588956 0.000000 -0.451671 103.653397 0.000000 2.407799 -0.074982 
156 3.907233 0.000000 -0.156643 103.477604 0.000000 1.193890 -0.070904 
157 3.588956 0.000000 0.138385 103.413444 0.000000 0.564495 -0.069466 
158 33.825283 0.000000 -9.302524 99.980933 0.000000 -2.638192 -0.000315 
159 33.825283 0.000000 -18.743433 99.967549 0.000000 -3.212253 -0.000383 
160 44.010151 0.000000 -9.302524 99.975170 0.000000 -2.599783 -0.000179 
161 33.825283 0.000000 0.138385 100.112804 0.000000 1.544510 -0.002496 
162 18.547981 0.000000 -4.582069 100.048748 0.000000 -1.514717 -0.001205 
163 18.547981 0.000000 -9.302524 100.034845 0.000000 -2.673802 -0.001412 
164 23.640415 0.000000 -4.582069 100.027182 0.000000 -1.448633 -0.000754 
165 18.547981 0.000000 0.138385 100.088503 0.000000 1.180283 -0.001910 
166 10.909330 0.000000 -2.221842 100.452958 0.000000 1.897814 -0.009440 
167 10.909330 0.000000 -4.582069 100.281890 0.000000 -1.560089 -0.005889 
168 13.455547 0.000000 -2.221842 100.105405 0.000000 1.828972 -0.002444 
169 10.909330 0.000000 0.138385 99.606075 0.000000 -0.829013 0.007794 
170 7.090004 0.000000 -1.041728 101.657824 0.000000 -17.682298 -0.064698 
171 7.090004 0.000000 -2.221842 101.238036 0.000000 0.130564 -0.024916 
172 8.363113 0.000000 -1.041728 101.487295 0.000000 -17.951266 -0.062192 
173 7.090004 0.000000 0.138385 99.860949 0.000000 4.765719 0.000508 
174 5.180341 0.000000 -0.451671 100.954671 0.000000 1.794913 -0.019507 
175 5.180341 0.000000 -1.041728 100.957401 0.000000 1.735392 -0.019541 
176 5.816896 0.000000 -0.451671 101.192169 0.000000 0.482915 -0.024009 
177 5.180341 0.000000 0.138385 102.087692 0.000000 0.361873 -0.042203 
178 33.825283 0.000000 9.579295 99.945934 0.000000 -2.801294 0.000296 
179 44.010151 0.000000 9.579295 99.953978 0.000000 -2.840294 0.000113 
180 33.825283 0.000000 19.020204 99.925510 0.000000 -3.244074 0.000437 
181 18.547981 0.000000 4.858840 99.926263 0.000000 -1.977447 0.001083 
182 23.640415 0.000000 4.858840 99.959204 0.000000 -2.050612 0.000395 
183 18.547981 0.000000 9.579295 99.881710 0.000000 -2.728471 0.001620 
184 10.909330 0.000000 2.498613 99.686479 0.000000 -0.912049 0.006177 
185 13.455547 0.000000 2.498613 99.894392 0.000000 -1.008083 0.002009 
186 10.909330 0.000000 4.858840 99.673954 0.000000 -1.863716 0.006163 
187 7.090004 0.000000 1.318499 98.967887 0.000000 -0.370097 0.020522 
188 8.363113 0.000000 1.318499 99.180488 0.000000 -0.319177 0.016313 
189 7.090004 0.000000 2.498613 99.071558 0.000000 -1.129599 0.018355 
190 5.180341 0.000000 0.728442 100.957524 0.000000 1.735655 -0.019543 
191 5.816896 0.000000 0.728442 100.825883 0.000000 1.545937 -0.016825 
192 5.180341 0.000000 1.318499 98.227836 0.000000 -0.686371 0.035082 
193 4.862064 0.000000 -0.156643 101.923664 0.000000 0.834482 -0.038913 
194 4.543787 0.000000 -0.156643 102.581288 0.000000 1.090488 -0.052411 
195 4.862064 0.000000 -0.451671 101.029589 0.000000 1.906551 -0.021061 
196 5.180341 0.000000 -0.156643 102.021217 0.000000 0.431565 -0.040851 
197 4.862064 0.000000 0.138385 102.241342 0.000000 0.547870 -0.045359 
198 6.453450 0.000000 -0.451671 100.739905 0.000000 -0.000000 -0.014853 
199 6.453450 0.000000 -1.041728 101.157679 0.000000 -18.449991 -0.057328 
200 7.090004 0.000000 -0.451671 101.733346 0.000000 1.402548 -0.035164 
201 6.453450 0.000000 0.138385 100.722844 0.000000 -0.000000 -0.014509 
202 13.455547 0.000000 -28.184342 99.992420 0.000000 -3.391580 -0.000999 
203 3.270679 0.000000 -28.184342 100.001602 0.000000 -3.430156 -0.001209 
204 13.455547 0.000000 -37.625251 99.971850 0.000000 -3.437534 -0.000619 
205 23.640415 0.000000 -28.184342 99.975204 0.000000 -3.369824 -0.000640 
206 8.363113 0.000000 -14.022978 100.135285 0.000000 -3.153795 -0.003702 
207 3.270679 0.000000 -14.022978 100.171142 0.000000 -3.286751 -0.004506 
208 8.363113 0.000000 -18.743433 100.062420 0.000000 -3.301580 -0.002339 
209 13.455547 0.000000 -14.022978 100.067849 0.000000 -3.085886 -0.002310 
210 5.816896 0.000000 -6.942296 100.533407 0.000000 -2.626735 -0.011387 
211 3.270679 0.000000 -6.942296 100.641952 0.000000 -2.930909 -0.013739 
212 5.816896 0.000000 -9.302524 100.348050 0.000000 -2.928931 -0.007831 
213 8.363113 0.000000 -6.942296 100.371504 0.000000 -2.432879 -0.008036 
214 4.543787 0.000000 -3.401955 101.316853 0.000000 -1.810717 -0.026838 
215 3.270679 0.000000 -3.401955 101.512762 0.000000 -2.311130 -0.031018 
216 4.543787 0.000000 -4.582069 100.988692 0.000000 -2.276563 -0.020390 
217 5.816896 0.000000 -3.401955 101.062542 0.000000 -1.469559 -0.021580 
218 5.180341 0.000000 -1.631785 101.630553 0.000000 0.429744 -0.032895 
219 4.543787 0.000000 -1.631785 102.115890 0.000000 0.297434 -0.042774 
220 5.180341 0.000000 -2.221842 101.521178 0.000000 -0.505282 -0.030680 
221 5.816896 0.000000 -1.631785 101.396254 0.000000 0.196817 -0.028124 
222 4.862064 0.000000 -0.746700 101.036479 0.000000 1.921149 -0.021206 
223 4.543787 0.000000 -0.746700 101.467792 0.000000 2.123715 -0.030022 
224 4.862064 0.000000 -1.041728 100.963318 0.000000 1.824796 -0.019692 
225 5.180341 0.000000 -0.746700 100.957165 0.000000 1.803753 -0.019560 
226 5.498618 0.000000 -0.156643 101.678861 0.000000 0.292551 -0.033868 
227 5.498618 0.000000 -0.451671 101.226753 0.000000 0.724601 -0.024738 
228 5.816896 0.000000 -0.156643 101.256214 0.000000 0.212483 -0.025287 
229 5.498618 0.000000 0.138385 101.855847 0.000000 0.202022 -0.037465 
230 5.021203 0.000000 -0.304157 101.412281 0.000000 1.370312 -0.028633 
231 4.862064 0.000000 -0.304157 100.944041 0.000000 1.697640 -0.019258 
232 5.021203 0.000000 -0.451671 100.957095 0.000000 1.800572 -0.019558 
233 5.180341 0.000000 -0.304157 101.394684 0.000000 1.086235 -0.028206 
234 5.021203 0.000000 -0.156643 101.731312 0.000000 0.875889 -0.035003 
235 4.225510 0.000000 -0.156643 103.630845 0.000000 1.126568 -0.074062 
236 4.225510 0.000000 -0.451671 101.905764 0.000000 2.222569 -0.038972 
237 4.225510 0.000000 0.138385 104.585293 0.000000 0.703458 -0.093858 
238 4.702926 0.000000 -0.304157 101.224408 0.000000 1.633158 -0.024905 
239 4.543787 0.000000 -0.304157 101.220493 0.000000 1.974516 -0.024949 
240 4.702926 0.000000 -0.451671 101.038409 0.000000 1.925748 -0.021247 
241 4.702926 0.000000 -0.156643 101.763246 0.000000 1.207158 -0.035722 
242 4.862064 0.000000 0.433414 101.037049 0.000000 1.922324 -0.021218 
243 4.543787 0.000000 0.433414 101.053430 0.000000 1.957806 -0.021563 
244 5.180341 0.000000 0.433414 100.957352 0.000000 1.804530 -0.019564 
245 4.862064 0.000000 0.728442 100.963298 0.000000 1.825029 -0.019692 
246 5.021203 0.000000 -0.009129 102.277081 0.000000 0.286136 -0.046068 
247 4.862064 0.000000 -0.009129 102.331413 0.000000 0.457576 -0.047193 
248 5.180341 0.000000 -0.009129 102.183075 0.000000 0.303917 -0.044147 
249 5.021203 0.000000 0.138385 101.784994 0.000000 0.731939 -0.036072 
250 4.941634 0.000000 -0.230400 101.116485 0.000000 1.370627 -0.022642 
251 4.862064 0.000000 -0.230400 101.165178 0.000000 1.463252 -0.023653 
252 4.941634 0.000000 -0.304157 100.996640 0.000000 1.515458 -0.020262 
253 5.021203 0.000000 -0.230400 101.196593 0.000000 1.286446 -0.024241 
254 4.941634 0.000000 -0.156643 102.075274 0.000000 0.646686 -0.041978 
255 4.702926 0.000000 -0.009129 103.035141 0.000000 0.169820 -0.061627 
256 4.543787 0.000000 -0.009129 103.549322 0.000000 0.543327 -0.072276 
257 4.702926 0.000000 0.138385 102.162870 0.000000 0.856948 -0.043799 
258 4.782495 0.000000 -0.230400 101.197101 0.000000 1.553615 -0.024327 
259 4.702926 0.000000 -0.230400 101.375503 0.000000 1.492684 -0.027922 
260 4.782495 0.000000 -0.304157 101.184508 0.000000 1.617074 -0.024092 
261 4.782495 0.000000 -0.156643 101.757866 0.000000 1.073924 -0.035582 
262 -6.914189 0.000000 -28.184342 99.991208 0.000000 -3.468304 -0.001027 
263 -17.099057 0.000000 -28.184342 99.972730 0.000000 -3.488309 -0.000672 
264 -6.914189 0.000000 -37.625251 99.971261 0.000000 -3.472762 -0.000631 
265 -1.821755 0.000000 -14.022978 100.140113 0.000000 -3.417691 -0.003972 
266 -6.914189 0.000000 -14.022978 100.078665 0.000000 -3.494521 -0.002795 
267 -1.821755 0.000000 -18.743433 100.064153 0.000000 -3.430515 -0.002460 
268 0.724462 0.000000 -6.942296 100.575645 0.000000 -3.272827 -0.012617 
269 -1.821755 0.000000 -6.942296 100.401796 0.000000 -3.493935 -0.009273 
270 0.724462 0.000000 -9.302524 100.364837 0.000000 -3.291623 -0.008394 
271 1.997570 0.000000 -3.401955 101.482624 0.000000 -2.904169 -0.030716 
272 0.724462 0.000000 -3.401955 101.224103 0.000000 -3.347320 -0.025752 
273 1.997570 0.000000 -4.582069 101.081035 0.000000 -2.971823 -0.022621 
274 2.634124 0.000000 -1.631785 103.104944 0.000000 -2.057386 -0.063486 
275 1.997570 0.000000 -1.631785 102.731018 0.000000 -3.108484 -0.056332 
276 2.634124 0.000000 -2.221842 102.328122 0.000000 -2.252648 -0.047612 
277 3.270679 0.000000 -1.631785 102.919987 0.000000 -1.016983 -0.059356 
278 2.315847 0.000000 -0.746700 103.514007 0.000000 -0.307701 -0.071524 
279 1.997570 0.000000 -0.746700 102.880807 0.000000 -0.733054 -0.058500 
280 2.315847 0.000000 -1.041728 103.322962 0.000000 -0.675252 -0.067609 
281 2.634124 0.000000 -0.746700 103.844156 0.000000 0.080363 -0.078362 
282 2.156709 0.000000 -0.304157 100.864551 0.000000 -0.837700 -0.017436 
283 1.997570 0.000000 -0.304157 100.944451 0.000000 -0.924919 -0.019064 
284 2.156709 0.000000 -0.451671 103.181209 0.000000 -0.405593 -0.064653 
285 2.315847 0.000000 -0.304157 102.667132 0.000000 -1.103611 -0.054176 
286 2.156709 0.000000 -0.156643 99.311984 0.000000 -0.584937 0.013679 
287 1.361016 0.000000 -1.631785 102.001870 0.000000 -3.452021 -0.041630 
288 0.724462 0.000000 -1.631785 101.717135 0.000000 -3.301264 -0.035727 
289 1.361016 0.000000 -2.221842 101.874490 0.000000 -3.194401 -0.038862 
290 1.679293 0.000000 -0.746700 101.754180 0.000000 -1.032680 -0.035498 
291 1.361016 0.000000 -0.746700 100.695425 0.000000 -1.042383 -0.014066 
292 1.679293 0.000000 -1.041728 100.741540 0.000000 -1.053202 -0.014997 
293 1.838432 0.000000 -0.304157 101.070027 0.000000 -0.733154 -0.021569 
294 1.679293 0.000000 -0.304157 101.763772 0.000000 -0.731684 -0.035640 
295 1.838432 0.000000 -0.451671 102.609806 0.000000 -0.760877 -0.052935 
296 1.838432 0.000000 -0.156643 101.006002 0.000000 -0.314495 -0.020231 
297 0.087907 0.000000 -0.451671 103.656472 0.000000 -4.917746 -0.076885 
298 -0.548647 0.000000 -0.451671 102.600069 0.000000 -6.788099 -0.057285 
299 0.087907 0.000000 -1.041728 102.433115 0.000000 -3.078241 -0.050202 
300 0.087907 0.000000 0.138385 84.641959 0.000000 -0.000000 0.283574 
301 1.042739 0.000000 -0.156643 97.828971 0.000000 -0.229233 0.042944 
302 0.724462 0.000000 -0.156643 96.338021 0.000000 -0.112834 0.071897 
303 1.042739 0.000000 -0.451671 100.262348 0.000000 -0.955279 -0.005345 
304 1.042739 0.000000 0.138385 97.920078 0.000000 -0.183672 0.041162 
305 1.520154 0.000000 -0.304157 101.050191 0.000000 -0.703634 -0.021164 
306 1.361016 0.000000 -0.304157 100.357233 0.000000 -0.669114 -0.007202 
307 1.520154 0.000000 -0.451671 101.646472 0.000000 -1.025682 -0.033306 
308 1.520154 0.000000 -0.156643 100.809699 0.000000 -0.365175 -0.016273 
309 1.679293 0.000000 0.433414 101.777178 0.000000 -1.033822 -0.035966 
310 1.361016 0.000000 0.433414 100.701464 0.000000 -1.043788 -0.014187 
311 1.997570 0.000000 0.433414 102.918434 0.000000 -0.727547 -0.059273 
312 1.679293 0.000000 0.728442 100.747505 0.000000 -1.054549 -0.015117 
313 1.838432 0.000000 -0.009129 100.774162 0.000000 -0.157237 -0.015546 
314 1.679293 0.000000 -0.009129 101.241741 0.000000 -0.211232 -0.024993 
315 1.997570 0.000000 -0.009129 98.254626 0.000000 -0.180658 0.034600 
316 1.838432 0.000000 0.138385 100.427379 0.000000 -0.234609 -0.008571 
317 1.758862 0.000000 -0.230400 102.287952 0.000000 -0.413095 -0.046300 
318 1.679293 0.000000 -0.230400 101.364040 0.000000 -0.538364 -0.027496 
319 1.758862 0.000000 -0.304157 102.395107 0.000000 -0.556147 -0.048507 
320 1.838432 0.000000 -0.230400 100.473753 0.000000 -0.755514 -0.009555 
321 1.758862 0.000000 -0.156643 101.923885 0.000000 -0.309047 -0.038857 
322 1.838432 0.000000 -0.599186 102.677495 0.000000 -0.752502 -0.054323 
323 1.679293 0.000000 -0.599186 101.708541 0.000000 -1.030424 -0.034569 
324 1.838432 0.000000 -0.746700 101.810360 0.000000 -1.036925 -0.036642 
325 1.997570 0.000000 -0.599186 102.807910 0.000000 -0.744223 -0.057002 
326 1.758862 0.000000 -0.377914 101.678673 0.000000 -1.029865 -0.033961 
327 1.679293 0.000000 -0.377914 101.655451 0.000000 -1.027630 -0.033489 
328 1.758862 0.000000 -0.451671 101.693565 0.000000 -1.030611 -0.034264 
329 1.838432 0.000000 -0.377914 102.584232 0.000000 -0.763950 -0.052411 
330 1.918001 0.000000 -0.230400 100.227243 0.000000 -0.759872 -0.004608 
331 1.918001 0.000000 -0.304157 100.707710 0.000000 -0.868852 -0.014280 
332 1.997570 0.000000 -0.230400 100.274602 0.000000 -0.821238 -0.005567 
333 1.918001 0.000000 -0.156643 100.122164 0.000000 -0.436801 -0.002464 
334 1.798647 0.000000 -0.267279 100.429444 0.000000 -0.783568 -0.008669 
335 1.758862 0.000000 -0.267279 102.379300 0.000000 -0.537242 -0.048181 
336 1.798647 0.000000 -0.304157 102.410456 0.000000 -0.557875 -0.048821 
337 1.838432 0.000000 -0.267279 100.379229 0.000000 -0.796303 -0.007662 
338 1.798647 0.000000 -0.230400 100.537467 0.000000 -0.736730 -0.010833 
339 1.918001 0.000000 -0.377914 102.643949 0.000000 -0.761314 -0.053636 
340 1.918001 0.000000 -0.451671 102.669111 0.000000 -0.758034 -0.054152 
341 1.997570 0.000000 -0.377914 102.721301 0.000000 -0.756940 -0.055224 
342 1.878216 0.000000 -0.267279 100.394010 0.000000 -0.828730 -0.007964 
343 1.878216 0.000000 -0.304157 100.782592 0.000000 -0.793410 -0.015776 
344 1.918001 0.000000 -0.267279 100.651869 0.000000 -0.817244 -0.013147 
345 1.878216 0.000000 -0.230400 100.442476 0.000000 -0.819423 -0.008936 
346 1.520154 0.000000 -0.009129 100.583619 0.000000 -0.196407 -0.011710 
347 1.361016 0.000000 -0.009129 99.274474 0.000000 -0.166341 0.014455 
348 1.520154 0.000000 0.138385 100.804246 0.000000 -0.272451 -0.016157 
349 1.758862 0.000000 -0.082886 101.770944 0.000000 -0.202404 -0.035737 
350 1.679293 0.000000 -0.082886 101.219698 0.000000 -0.238673 -0.024548 
351 1.838432 0.000000 -0.082886 100.514655 0.000000 -0.209477 -0.010324 
352 1.758862 0.000000 -0.009129 101.741786 0.000000 -0.147648 -0.035141 
353 1.798647 0.000000 -0.193522 102.282711 0.000000 -0.389137 -0.046190 
354 1.758862 0.000000 -0.193522 102.271677 0.000000 -0.387392 -0.045965 
355 1.838432 0.000000 -0.193522 101.235915 0.000000 -0.614155 -0.024909 
356 1.798647 0.000000 -0.156643 102.263930 0.000000 -0.357965 -0.045804 
357 1.818539 0.000000 -0.248839 99.991536 0.000000 -0.829124 0.000101 
358 1.798647 0.000000 -0.248839 100.348032 0.000000 -0.790068 -0.007035 
359 1.818539 0.000000 -0.267279 100.306948 0.000000 -0.798585 -0.006212 
360 1.838432 0.000000 -0.248839 100.319121 0.000000 -0.800736 -0.006457 
361 1.818539 0.000000 -0.230400 100.412953 0.000000 -0.759899 -0.008334 
362 6.453450 0.000000 0.728442 98.738299 0.000000 -6.115312 0.021335 
363 7.090004 0.000000 0.728442 99.159807 0.000000 -7.071130 0.011733 
364 6.453450 0.000000 1.318499 98.756387 0.000000 -0.434818 0.024699 
365 6.135173 0.000000 -0.156643 100.920490 0.000000 0.068145 -0.018495 
366 6.135173 0.000000 -0.451671 101.052835 0.000000 0.242415 -0.021173 
367 6.453450 0.000000 -0.156643 100.724336 0.000000 -0.000000 -0.014539 
368 6.135173 0.000000 0.138385 100.921543 0.000000 0.065439 -0.018516 
369 9.636221 0.000000 -1.041728 100.820359 0.000000 -19.964731 -0.056334 
370 9.636221 0.000000 -2.221842 100.826038 0.000000 1.507523 -0.016816 
371 10.909330 0.000000 -1.041728 99.570399 0.000000 -21.534300 -0.037799 
372 9.636221 0.000000 0.138385 98.624674 0.000000 -1.257077 0.027159 
373 7.726558 0.000000 -0.451671 101.482327 0.000000 0.693180 -0.029914 
374 7.726558 0.000000 -1.041728 101.510255 0.000000 -17.641884 -0.061557 
375 8.363113 0.000000 -0.451671 101.788316 0.000000 0.707062 -0.036136 
376 7.726558 0.000000 0.138385 99.522377 0.000000 3.738245 0.008132 
377 6.771727 0.000000 -0.156643 100.481992 0.000000 -0.000000 -0.009663 
378 6.771727 0.000000 -0.451671 102.114784 0.000000 1.813473 -0.043072 
379 7.090004 0.000000 -0.156643 101.073890 0.000000 4.820668 -0.023917 
380 6.771727 0.000000 0.138385 100.481371 0.000000 -0.000000 -0.009651 
381 6.135173 0.000000 0.433414 101.095071 0.000000 0.000000 -0.022021 
382 5.816896 0.000000 0.433414 101.228317 0.000000 0.331386 -0.024728 
383 6.453450 0.000000 0.433414 100.789440 0.000000 -0.000000 -0.015851 
384 6.135173 0.000000 0.728442 98.710894 0.000000 -5.375538 0.022726 
385 6.294311 0.000000 -0.009129 100.913547 0.000000 -0.000000 -0.018354 
386 6.135173 0.000000 -0.009129 101.042974 0.000000 0.018971 -0.020968 
387 6.294311 0.000000 -0.156643 100.808730 0.000000 -0.000000 -0.016240 
388 6.453450 0.000000 -0.009129 100.726078 0.000000 -0.000000 -0.014574 
389 6.294311 0.000000 0.138385 100.808726 0.000000 -0.000000 -0.016240 
390 9.636221 0.000000 1.318499 99.367100 0.000000 -0.114641 0.012617 
391 10.909330 0.000000 1.318499 99.677888 0.000000 0.098490 0.006431 
392 9.636221 0.000000 2.498613 99.504701 0.000000 -0.932895 0.009794 
393 7.726558 0.000000 0.728442 99.078375 0.000000 -5.233880 0.015608 
394 8.363113 0.000000 0.728442 98.979709 0.000000 -3.317536 0.019201 
395 7.726558 0.000000 1.318499 99.095630 0.000000 -0.360559 0.017993 
396 6.771727 0.000000 0.433414 99.843557 0.000000 -3.778321 0.001699 
397 7.090004 0.000000 0.433414 100.038166 0.000000 -2.050921 -0.001184 
398 6.771727 0.000000 0.728442 98.813410 0.000000 -6.796725 0.018971 
399 6.612588 0.000000 -0.009129 100.608906 0.000000 -0.000000 -0.012215 
400 6.612588 0.000000 -0.156643 100.616005 0.000000 -0.000000 -0.012358 
401 6.771727 0.000000 -0.009129 100.478911 0.000000 -0.000000 -0.009601 
402 6.612588 0.000000 0.138385 100.614631 0.000000 -0.000000 -0.012330 
403 6.294311 0.000000 0.285900 100.772628 0.000000 -0.000000 -0.015512 
404 6.135173 0.000000 0.285900 100.992746 0.000000 0.045435 -0.019954 
405 6.453450 0.000000 0.285900 100.695420 0.000000 -0.000000 -0.013957 
406 6.294311 0.000000 0.433414 100.881132 0.000000 -0.000000 -0.017700 
407 6.373881 0.000000 0.064628 100.776074 0.000000 -0.000000 -0.015582 
408 6.294311 0.000000 0.064628 100.857469 0.000000 -0.000000 -0.017223 
409 6.373881 0.000000 -0.009129 100.873639 0.000000 0.000000 -0.017549 
410 6.453450 0.000000 0.064628 100.718058 0.000000 -0.000000 -0.014413 
411 6.373881 0.000000 0.138385 100.747744 0.000000 -0.000000 -0.015011 
412 7.090004 0.000000 -3.401955 100.857119 0.000000 -1.203719 -0.017361 
413 7.090004 0.000000 -4.582069 100.668788 0.000000 -1.849034 -0.013762 
414 8.363113 0.000000 -3.401955 100.680028 0.000000 -0.946367 -0.013736 
415 6.453450 0.000000 -1.631785 101.462678 0.000000 0.049097 -0.029468 
416 6.453450 0.000000 -2.221842 101.287218 0.000000 -0.137735 -0.025912 
417 7.090004 0.000000 -1.631785 101.565227 0.000000 0.299570 -0.031559 
418 6.135173 0.000000 -0.746700 103.438198 0.000000 -9.895711 -0.079739 
419 5.816896 0.000000 -0.746700 100.894819 0.000000 1.613992 -0.018237 
420 6.135173 0.000000 -1.041728 100.483855 0.000000 -19.493088 -0.047699 
421 6.453450 0.000000 -0.746700 102.817121 0.000000 -9.112306 -0.065439 
422 6.294311 0.000000 -0.304157 100.772342 0.000000 -0.000000 -0.015506 
423 6.135173 0.000000 -0.304157 100.987446 0.000000 0.093919 -0.019847 
424 6.294311 0.000000 -0.451671 100.961075 0.000000 0.000000 -0.019314 
425 6.453450 0.000000 -0.304157 100.696450 0.000000 -0.000000 -0.013978 
426 6.373881 0.000000 -0.082886 100.776674 0.000000 -0.000000 -0.015594 
427 6.294311 0.000000 -0.082886 100.808805 0.000000 -0.000000 -0.016242 
428 6.373881 0.000000 -0.156643 100.748343 0.000000 -0.000000 -0.015023 
429 6.453450 0.000000 -0.082886 100.718998 0.000000 -0.000000 -0.014432 
430 6.612588 0.000000 0.285900 100.567691 0.000000 -0.000000 -0.011386 
431 6.771727 0.000000 0.285900 100.386402 0.000000 -0.000000 -0.007743 
432 6.612588 0.000000 0.433414 100.556487 0.000000 -0.000000 -0.011161 
433 6.533019 0.000000 0.064628 100.663586 0.000000 -0.000000 -0.013316 
434 6.533019 0.000000 -0.009129 100.661942 0.000000 -0.000000 -0.013283 
435 6.612588 0.000000 0.064628 100.610266 0.000000 -0.000000 -0.012243 
436 6.533019 0.000000 0.138385 100.668788 0.000000 -0.000000 -0.013420 
437 6.413665 0.000000 0.027750 100.730283 0.000000 -0.000000 -0.014659 
438 6.373881 0.000000 0.027750 100.861719 0.000000 0.000000 -0.017309 
439 6.413665 0.000000 -0.009129 100.858585 0.000000 -0.000000 -0.017245 
440 6.453450 0.000000 0.027750 101.250415 0.000000 -0.000000 -0.025165 
441 6.413665 0.000000 0.064628 100.731170 0.000000 -0.000000 -0.014677 
442 6.771727 0.000000 -0.746700 102.226062 0.000000 -8.679517 -0.052550 
443 6.771727 0.000000 -1.041728 101.680042 0.000000 -17.853040 -0.065756 
444 7.090004 0.000000 -0.746700 101.934133 0.000000 -8.536829 -0.046344 
445 6.612588 0.000000 -0.304157 100.568729 0.000000 -0.000000 -0.011407 
446 6.612588 0.000000 -0.451671 102.415893 0.000000 2.007382 -0.049304 
447 6.771727 0.000000 -0.304157 100.553978 0.000000 -0.000000 -0.011110 
448 6.533019 0.000000 -0.082886 100.664610 0.000000 -0.000000 -0.013336 
449 6.533019 0.000000 -0.156643 100.670403 0.000000 -0.000000 -0.013453 
450 6.612588 0.000000 -0.082886 100.611118 0.000000 -0.000000 -0.012260 
451 6.413665 0.000000 -0.046007 100.730639 0.000000 -0.000000 -0.014666 
452 6.373881 0.000000 -0.046007 100.775603 0.000000 -0.000000 -0.015572 
453 6.413665 0.000000 -0.082886 100.731842 0.000000 -0.000000 -0.014690 
454 6.453450 0.000000 -0.046007 101.150123 0.000000 -0.000000 -0.023135 
455 6.493234 0.000000 0.027750 101.259240 0.000000 -0.000000 -0.025343 
456 6.493234 0.000000 -0.009129 101.289966 0.000000 -0.000000 -0.025966 
457 6.533019 0.000000 0.027750 100.662225 0.000000 -0.000000 -0.013288 
458 6.493234 0.000000 0.064628 100.672016 0.000000 -0.000000 -0.013485 
459 6.433558 0.000000 0.009311 100.663912 0.000000 -0.000000 -0.013322 
460 6.413665 0.000000 0.009311 100.858357 0.000000 -0.000000 -0.017241 
461 6.433558 0.000000 -0.009129 100.660458 0.000000 -0.000000 -0.013253 
462 6.453450 0.000000 0.009311 100.727757 0.000000 -0.000000 -0.014608 
463 6.433558 0.000000 0.027750 101.217410 0.000000 -0.000000 -0.024496 
464 5.976034 0.000000 -0.009129 101.156823 0.000000 0.059621 -0.023271 
465 5.816896 0.000000 -0.009129 101.263078 0.000000 0.041854 -0.025421 
466 5.976034 0.000000 -0.156643 101.172680 0.000000 0.131085 -0.023593 
467 5.976034 0.000000 0.138385 101.176521 0.000000 0.096489 -0.023670 
468 6.214742 0.000000 0.064628 100.924347 0.000000 0.021516 -0.018572 
469 6.135173 0.000000 0.064628 100.992158 0.000000 0.041797 -0.019942 
470 6.214742 0.000000 -0.009129 101.006982 0.000000 0.007010 -0.020241 
471 6.214742 0.000000 0.138385 100.866947 0.000000 0.033449 -0.017414 
472 6.334096 0.000000 0.027750 100.880215 0.000000 0.000000 -0.017682 
473 6.294311 0.000000 0.027750 100.885309 0.000000 -0.000000 -0.017785 
474 6.334096 0.000000 -0.009129 100.894793 0.000000 0.000000 -0.017976 
475 6.334096 0.000000 0.064628 100.792257 0.000000 -0.000000 -0.015908 
476 5.498618 0.000000 0.433414 101.252209 0.000000 0.588620 -0.025236 
477 5.498618 0.000000 0.728442 100.896054 0.000000 1.615231 -0.018262 
478 5.657757 0.000000 -0.009129 101.419814 0.000000 0.045829 -0.028598 
479 5.498618 0.000000 -0.009129 101.964580 0.000000 0.157404 -0.039680 
480 5.657757 0.000000 -0.156643 101.279262 0.000000 0.248630 -0.025755 
481 5.657757 0.000000 0.138385 101.282861 0.000000 0.236543 -0.025827 
482 5.976034 0.000000 0.285900 101.171524 0.000000 0.141493 -0.023570 
483 5.816896 0.000000 0.285900 101.253954 0.000000 0.192976 -0.025240 
484 5.976034 0.000000 0.433414 101.152938 0.000000 0.240763 -0.023197 
485 5.896465 0.000000 0.064628 101.219145 0.000000 0.097966 -0.024532 
486 5.816896 0.000000 0.064628 101.256760 0.000000 0.103870 -0.025294 
487 5.896465 0.000000 -0.009129 101.225307 0.000000 0.053966 -0.024657 
488 5.976034 0.000000 0.064628 101.180195 0.000000 0.056825 -0.023744 
489 5.896465 0.000000 0.138385 101.219080 0.000000 0.144358 -0.024532 
490 5.657757 0.000000 0.285900 101.280216 0.000000 0.293844 -0.025777 
491 5.498618 0.000000 0.285900 101.277083 0.000000 0.463345 -0.025726 
492 5.657757 0.000000 0.433414 101.277519 0.000000 0.416235 -0.025731 
493 5.737326 0.000000 0.064628 101.287346 0.000000 0.138428 -0.025915 
494 5.657757 0.000000 0.064628 101.314695 0.000000 0.151318 -0.026469 
495 5.737326 0.000000 -0.009129 101.304326 0.000000 0.056158 -0.026257 
496 5.737326 0.000000 0.138385 101.278666 0.000000 0.224078 -0.025742 
497 5.339480 0.000000 -0.009129 102.543391 0.000000 0.133422 -0.051516 
498 5.339480 0.000000 -0.156643 101.879110 0.000000 0.382689 -0.037950 
499 5.339480 0.000000 0.138385 101.940776 0.000000 0.313165 -0.039202 
500 5.578188 0.000000 0.064628 101.816592 0.000000 0.167390 -0.036665 
501 5.498618 0.000000 0.064628 101.929945 0.000000 0.170720 -0.038974 
502 5.578188 0.000000 -0.009129 101.583838 0.000000 0.062126 -0.031928 
503 5.578188 0.000000 0.138385 101.778358 0.000000 0.161525 -0.035886 
504 5.339480 0.000000 0.285900 101.251140 0.000000 0.608447 -0.025216 
505 5.180341 0.000000 0.285900 101.438305 0.000000 1.028241 -0.029079 
506 5.339480 0.000000 0.433414 101.080085 0.000000 1.284924 -0.021883 
507 5.419049 0.000000 0.064628 102.063120 0.000000 0.188135 -0.041692 
508 5.339480 0.000000 0.064628 102.205980 0.000000 0.209261 -0.044611 
509 5.419049 0.000000 -0.009129 102.165885 0.000000 0.166269 -0.043790 
510 5.419049 0.000000 0.138385 101.815427 0.000000 0.302057 -0.036647 
511 5.498618 0.000000 -0.746700 100.931796 0.000000 1.664795 -0.019000 
512 5.498618 0.000000 -1.041728 100.933669 0.000000 1.667085 -0.019038 
513 5.657757 0.000000 -0.304157 101.273407 0.000000 0.318237 -0.025640 
514 5.498618 0.000000 -0.304157 101.266747 0.000000 0.499653 -0.025520 
515 5.657757 0.000000 -0.451671 101.265895 0.000000 0.456003 -0.025499 
516 5.816896 0.000000 -0.304157 101.259231 0.000000 0.271020 -0.025351 
517 5.578188 0.000000 -0.082886 101.803028 0.000000 0.175784 -0.036389 
518 5.498618 0.000000 -0.082886 101.909410 0.000000 0.181908 -0.038556 
519 5.578188 0.000000 -0.156643 101.507353 0.000000 0.292791 -0.030383 
520 5.657757 0.000000 -0.082886 101.285158 0.000000 0.231840 -0.025874 
521 5.538403 0.000000 0.027750 101.731350 0.000000 0.100018 -0.034928 
522 5.498618 0.000000 0.027750 101.958201 0.000000 0.159512 -0.039550 
523 5.538403 0.000000 -0.009129 101.603023 0.000000 0.052733 -0.032318 
524 5.578188 0.000000 0.027750 101.683329 0.000000 0.103347 -0.033951 
525 5.538403 0.000000 0.064628 101.865119 0.000000 0.163946 -0.037653 
526 5.339480 0.000000 -0.304157 101.212988 0.000000 0.809653 -0.024472 
527 5.339480 0.000000 -0.451671 100.950866 0.000000 1.723414 -0.019405 
528 5.419049 0.000000 -0.082886 102.021940 0.000000 0.202623 -0.040852 
529 5.339480 0.000000 -0.082886 102.120824 0.000000 0.262155 -0.042873 
530 5.419049 0.000000 -0.156643 101.778984 0.000000 0.324903 -0.035907 
531 5.458834 0.000000 0.027750 102.009660 0.000000 0.165625 -0.040600 
532 5.419049 0.000000 0.027750 102.141414 0.000000 0.170660 -0.043290 
533 5.458834 0.000000 -0.009129 102.017938 0.000000 0.163711 -0.040769 
534 5.458834 0.000000 0.064628 101.973594 0.000000 0.176588 -0.039865 
535 5.538403 0.000000 -0.046007 101.878285 0.000000 0.160223 -0.037921 
536 5.498618 0.000000 -0.046007 101.944749 0.000000 0.166292 -0.039276 
537 5.538403 0.000000 -0.082886 101.847270 0.000000 0.173804 -0.037290 
538 5.578188 0.000000 -0.046007 101.712525 0.000000 0.120197 -0.034545 
539 5.518511 0.000000 0.009311 101.610106 0.000000 0.049655 -0.032462 
540 5.498618 0.000000 0.009311 101.964812 0.000000 0.157030 -0.039685 
541 5.518511 0.000000 -0.009129 101.608699 0.000000 0.049331 -0.032433 
542 5.538403 0.000000 0.009311 101.603619 0.000000 0.052791 -0.032330 
543 5.518511 0.000000 0.027750 101.936654 0.000000 0.158240 -0.039111 
544 16.001764 0.000000 -2.221842 100.145654 0.000000 1.821718 -0.003247 
545 16.001764 0.000000 -4.582069 100.073433 0.000000 -1.535821 -0.001705 
546 18.547981 0.000000 -2.221842 100.140962 0.000000 1.879293 -0.003174 
547 16.001764 0.000000 0.138385 100.044875 0.000000 0.170105 -0.000901 
548 12.182438 0.000000 -1.041728 98.638801 0.000000 -22.406705 -0.023167 
549 12.182438 0.000000 -2.221842 100.195374 0.000000 1.945286 -0.004290 
550 13.455547 0.000000 -1.041728 98.288534 0.000000 -23.509106 -0.021331 
551 12.182438 0.000000 0.138385 99.868538 0.000000 -0.913010 0.002544 
552 -27.283925 0.000000 -28.184342 99.958895 0.000000 -3.494577 -0.000399 
553 -37.468793 0.000000 -28.184342 99.950836 0.000000 -3.495510 -0.000239 
554 -27.283925 0.000000 -37.625251 99.955860 0.000000 -3.490356 -0.000336 
555 33.825283 0.000000 -28.184342 99.962131 0.000000 -3.360966 -0.000372 
556 33.825283 0.000000 -37.625251 99.957442 0.000000 -3.418326 -0.000318 
557 44.010151 0.000000 -28.184342 99.954517 0.000000 -3.357147 -0.000218 
558 -12.006623 0.000000 -14.022978 100.015824 0.000000 -3.508944 -0.001548 
559 -17.099057 0.000000 -14.022978 99.985011 0.000000 -3.512417 -0.000934 
560 -12.006623 0.000000 -18.743433 100.004258 0.000000 -3.492177 -0.001305 
561 18.547981 0.000000 -14.022978 100.020651 0.000000 -3.059853 -0.001349 
562 18.547981 0.000000 -18.743433 100.006057 0.000000 -3.236626 -0.001169 
563 23.640415 0.000000 -14.022978 99.994019 0.000000 -3.049625 -0.000810 
564 -4.367972 0.000000 -6.942296 100.232430 0.000000 -3.576350 -0.005933 
565 -6.914189 0.000000 -6.942296 100.119404 0.000000 -3.589951 -0.003678 
566 -4.367972 0.000000 -9.302524 100.187018 0.000000 -3.508616 -0.004975 
567 10.909330 0.000000 -6.942296 100.228032 0.000000 -2.340489 -0.005114 
568 10.909330 0.000000 -9.302524 100.180093 0.000000 -2.729384 -0.004350 
569 13.455547 0.000000 -6.942296 100.128741 0.000000 -2.309952 -0.003110 
570 -0.548647 0.000000 -3.401955 100.909365 0.000000 -3.643471 -0.019597 
571 -1.821755 0.000000 -3.401955 100.589799 0.000000 -3.780700 -0.013260 
572 -0.548647 0.000000 -4.582069 100.748050 0.000000 -3.517444 -0.016254 
573 0.087907 0.000000 -1.631785 101.744883 0.000000 -3.488997 -0.036419 
574 -0.548647 0.000000 -1.631785 101.478853 0.000000 -3.986552 -0.031385 
575 0.087907 0.000000 -2.221842 101.433781 0.000000 -3.597767 -0.030176 
576 1.042739 0.000000 -0.746700 100.076691 0.000000 -0.899020 -0.001615 
577 0.724462 0.000000 -0.746700 99.953665 0.000000 -0.842913 0.000855 
578 1.042739 0.000000 -1.041728 99.989946 0.000000 -0.863734 0.000126 
579 3.907233 0.000000 -1.631785 102.541711 0.000000 -0.276980 -0.051488 
580 3.907233 0.000000 -2.221842 102.043855 0.000000 -1.166426 -0.041431 
581 2.952401 0.000000 -0.746700 103.967212 0.000000 0.468360 -0.080940 
582 2.952401 0.000000 -1.041728 104.899974 0.000000 0.520069 -0.100427 
583 3.270679 0.000000 -0.746700 104.747788 0.000000 1.216534 -0.097358 
584 0.087907 0.000000 0.728442 95.128594 0.000000 -1.280735 0.094891 
585 -0.548647 0.000000 0.728442 96.623011 0.000000 -4.488373 0.064385 
586 0.087907 0.000000 1.318499 97.348682 0.000000 -2.527891 0.051684 
587 1.042739 0.000000 0.433414 100.077042 0.000000 -0.899172 -0.001622 
588 0.724462 0.000000 0.433414 99.943069 0.000000 -0.834053 0.001069 
589 1.042739 0.000000 0.728442 99.953688 0.000000 -0.842933 0.000855 
590 2.315847 0.000000 0.433414 103.537970 0.000000 -0.295781 -0.072020 
591 2.634124 0.000000 0.433414 103.839334 0.000000 0.090232 -0.078262 
592 2.315847 0.000000 0.728442 103.342852 0.000000 -0.670707 -0.068019 
593 2.952401 0.000000 0.433414 103.942038 0.000000 0.470297 -0.080417 
594 3.270679 0.000000 0.433414 105.137140 0.000000 1.424226 -0.105585 
595 2.952401 0.000000 0.728442 105.468182 0.000000 0.696354 -0.112402 
596 2.156709 0.000000 -0.009129 96.155482 0.000000 -0.089586 0.075412 
597 2.315847 0.000000 -0.009129 98.137610 0.000000 -0.092009 0.036900 
598 2.156709 0.000000 0.138385 97.589911 0.000000 -0.134643 0.047619 
599 3.588956 0.000000 -0.746700 104.413130 0.000000 1.871763 -0.090561 
600 3.588956 0.000000 -1.041728 104.897921 0.000000 2.225696 -0.100853 
601 3.907233 0.000000 -0.746700 103.253840 0.000000 2.066418 -0.066563 
602 4.225510 0.000000 -0.746700 102.391625 0.000000 2.212537 -0.048894 
603 4.225510 0.000000 -1.041728 101.592379 0.000000 2.204390 -0.032587 
604 3.588956 0.000000 0.433414 104.401057 0.000000 1.865866 -0.090306 
605 3.907233 0.000000 0.433414 102.708877 0.000000 2.291067 -0.055436 
606 3.588956 0.000000 0.728442 105.426480 0.000000 2.268116 -0.111989 
607 4.225510 0.000000 0.433414 101.572801 0.000000 2.199429 -0.032187 
608 4.225510 0.000000 0.728442 101.591790 0.000000 2.202939 -0.032574 
609 16.001764 0.000000 -6.942296 100.070515 0.000000 -2.304291 -0.001942 
610 16.001764 0.000000 -9.302524 100.067669 0.000000 -2.678197 -0.002071 
611 18.547981 0.000000 -6.942296 100.039785 0.000000 -2.298658 -0.001324 
612 9.636221 0.000000 -3.401955 100.500925 0.000000 -0.740554 -0.010098 
613 9.636221 0.000000 -4.582069 100.397015 0.000000 -1.620927 -0.008219 
614 10.909330 0.000000 -3.401955 100.330641 0.000000 -0.615948 -0.006662 
615 12.182438 0.000000 -3.401955 100.199572 0.000000 -0.573659 -0.004028 
616 12.182438 0.000000 -4.582069 100.192644 0.000000 -1.537820 -0.004093 
617 13.455547 0.000000 -3.401955 100.128076 0.000000 -0.575711 -0.002596 
618 7.726558 0.000000 -1.631785 101.530710 0.000000 0.662990 -0.030892 
619 7.726558 0.000000 -2.221842 101.161245 0.000000 0.431956 -0.023378 
620 8.363113 0.000000 -1.631785 101.488345 0.000000 1.038332 -0.030096 
621 16.001764 0.000000 2.498613 99.953322 0.000000 -1.122378 0.000807 
622 18.547981 0.000000 2.498613 99.975994 0.000000 -1.204325 0.000335 
623 16.001764 0.000000 4.858840 99.890764 0.000000 -1.936449 0.001809 
624 12.182438 0.000000 1.318499 99.882312 0.000000 0.091010 0.002352 
625 13.455547 0.000000 1.318499 99.942133 0.000000 0.126318 0.001155 
626 12.182438 0.000000 2.498613 99.819211 0.000000 -0.943727 0.003523 
627 5.021203 0.000000 0.285900 101.448026 0.000000 1.210895 -0.029317 
628 4.862064 0.000000 0.285900 101.779302 0.000000 1.097786 -0.036023 
629 5.021203 0.000000 0.433414 100.959395 0.000000 1.810001 -0.019608 
630 2.156709 0.000000 -0.599186 102.996680 0.000000 -0.728480 -0.060885 
631 2.156709 0.000000 -0.746700 103.052605 0.000000 -0.717332 -0.062035 
632 2.315847 0.000000 -0.599186 103.477983 0.000000 -0.330709 -0.070780 
633 1.520154 0.000000 -0.599186 101.681277 0.000000 -1.027658 -0.034014 
634 1.361016 0.000000 -0.599186 100.683713 0.000000 -1.039657 -0.013829 
635 1.520154 0.000000 -0.746700 100.702119 0.000000 -1.044066 -0.014201 
636 1.918001 0.000000 -0.082886 99.168464 0.000000 -0.201933 0.016557 
637 1.997570 0.000000 -0.082886 98.503119 0.000000 -0.203382 0.029709 
638 1.918001 0.000000 -0.009129 99.114274 0.000000 -0.180149 0.017633 
639 1.878216 0.000000 -0.193522 100.409748 0.000000 -0.654692 -0.008255 
640 1.918001 0.000000 -0.193522 100.362392 0.000000 -0.662601 -0.007305 
641 1.878216 0.000000 -0.156643 100.288071 0.000000 -0.261771 -0.005777 
642 5.976034 0.000000 -0.304157 101.165081 0.000000 0.196100 -0.023441 
643 5.976034 0.000000 -0.451671 101.130897 0.000000 0.364050 -0.022759 
644 6.214742 0.000000 -0.082886 100.868358 0.000000 0.032464 -0.017443 
645 6.135173 0.000000 -0.082886 100.984935 0.000000 0.045488 -0.019796 
646 6.214742 0.000000 -0.156643 100.866388 0.000000 0.034870 -0.017403 
647 6.334096 0.000000 -0.046007 100.845061 0.000000 0.000000 -0.016973 
648 6.294311 0.000000 -0.046007 100.868365 0.000000 -0.000000 -0.017443 
649 6.334096 0.000000 -0.082886 100.792533 0.000000 -0.000000 -0.015913 
650 6.493234 0.000000 -0.046007 101.223785 0.000000 -0.000000 -0.024625 
651 6.493234 0.000000 -0.082886 100.672921 0.000000 -0.000000 -0.013504 
652 6.533019 0.000000 -0.046007 100.662772 0.000000 -0.000000 -0.013299 
653 6.055603 0.000000 0.064628 101.062254 0.000000 0.052235 -0.021358 
654 6.055603 0.000000 -0.009129 101.080940 0.000000 0.040260 -0.021736 
655 6.055603 0.000000 0.138385 101.075632 0.000000 0.097021 -0.021629 
656 5.737326 0.000000 -0.082886 101.268692 0.000000 0.206937 -0.025539 
657 5.737326 0.000000 -0.156643 101.275680 0.000000 0.234908 -0.025682 
658 5.816896 0.000000 -0.082886 101.252653 0.000000 0.139743 -0.025212 
659 5.458834 0.000000 -0.046007 101.992592 0.000000 0.172409 -0.040252 
660 5.419049 0.000000 -0.046007 102.102016 0.000000 0.181039 -0.042485 
661 5.458834 0.000000 -0.082886 101.948146 0.000000 0.188161 -0.039346 
662 4.702926 0.000000 0.285900 101.650217 0.000000 1.360566 -0.033462 
663 4.543787 0.000000 0.285900 101.452209 0.000000 2.114844 -0.029702 
664 4.702926 0.000000 0.433414 101.044371 0.000000 1.938136 -0.021372 
665 5.896465 0.000000 -0.082886 101.218785 0.000000 0.106408 -0.024525 
666 5.896465 0.000000 -0.156643 101.217508 0.000000 0.150652 -0.024501 
667 5.976034 0.000000 -0.082886 101.177932 0.000000 0.080827 -0.023698 
668 6.055603 0.000000 -0.082886 101.049888 0.000000 0.067104 -0.021108 
669 6.055603 0.000000 -0.156643 101.074731 0.000000 0.100953 -0.021611 
1 19 21 9 22 
2 20 19 22 4 
3 28 29 3 30 
4 21 28 30 9 
5 35 37 21 38 
6 36 35 38 19 
7 44 45 28 46 
8 37 44 46 21 
9 51 53 37 54 
10 52 51 54 35 
11 60 61 44 62 
12 53 60 62 37 
13 67 69 53 70 
14 68 67 70 51 
15 11 78 76 77 
16 78 10 24 76 
17 76 24 14 79 
18 77 76 79 6 
19 24 82 80 81 
20 82 23 40 80 
21 80 40 27 83 
22 81 80 83 14 
23 40 86 84 85 
24 86 39 56 84 
25 84 56 43 87 
26 85 84 87 27 
27 56 90 88 89 
28 89 88 91 43 
29 92 93 60 94 
30 69 92 94 53 
31 95 97 69 98 
32 96 95 98 67 
33 6 79 112 113 
34 79 14 36 112 
35 112 36 19 114 
36 113 112 114 20 
37 14 83 115 116 
38 83 27 52 115 
39 115 52 35 117 
40 116 115 117 36 
41 27 87 118 119 
42 87 43 68 118 
43 118 68 51 120 
44 119 118 120 52 
45 43 91 121 122 
46 121 96 67 123 
47 122 121 123 68 
48 124 126 95 127 
49 125 124 127 96 
50 133 134 92 135 
51 97 133 135 69 
52 136 137 97 138 
53 126 136 138 95 
54 140 108 141 139 
55 139 141 111 142 
56 108 148 147 141 
57 148 110 149 147 
58 147 149 5 150 
59 141 147 150 111 
60 151 152 133 153 
61 137 151 153 97 
62 110 155 154 149 
63 155 143 156 154 
64 154 156 146 157 
65 149 154 157 5 
66 15 159 158 33 
67 159 17 160 158 
68 158 160 8 161 
69 33 158 161 18 
70 163 33 164 162 
71 162 164 18 165 
72 18 161 178 45 
73 161 8 179 178 
74 178 179 29 180 
75 45 178 180 28 
76 165 18 182 181 
77 181 182 45 183 
78 61 181 183 44 
79 184 185 61 186 
80 93 184 186 60 
81 187 188 93 189 
82 134 187 189 92 
83 190 191 134 192 
84 152 190 192 133 
85 7 204 202 203 
86 204 16 205 202 
87 202 205 15 32 
88 203 202 32 13 
89 13 208 206 207 
90 208 32 209 206 
91 206 209 31 48 
92 207 206 48 26 
93 26 212 210 211 
94 212 48 213 210 
95 210 213 47 64 
96 211 210 64 42 
97 42 216 214 215 
98 216 64 217 214 
99 214 217 63 105 
100 215 214 105 58 
101 105 220 218 219 
102 220 63 221 218 
103 218 221 106 175 
104 219 218 175 104 
105 104 224 222 223 
106 224 175 225 222 
107 222 225 174 195 
108 223 222 195 145 
109 195 232 230 231 
110 232 174 233 230 
111 230 233 196 234 
112 143 236 235 156 
113 236 145 194 235 
114 235 194 107 237 
115 156 235 237 146 
116 145 240 238 239 
117 240 195 231 238 
118 239 238 241 194 
119 242 244 190 245 
120 243 242 245 152 
121 193 234 246 247 
122 234 196 248 246 
123 246 248 177 249 
124 247 246 249 197 
125 231 252 250 251 
126 252 230 253 250 
127 250 253 234 254 
128 251 250 254 193 
129 194 241 255 256 
130 241 193 247 255 
131 255 247 197 257 
132 256 255 257 107 
133 238 260 258 259 
134 260 231 251 258 
135 258 251 193 261 
136 259 258 261 241 
137 12 264 262 263 
138 264 7 203 262 
139 262 203 13 25 
140 263 262 25 10 
141 25 267 265 266 
142 267 13 207 265 
143 265 207 26 41 
144 266 265 41 23 
145 41 270 268 269 
146 270 26 211 268 
147 268 211 42 57 
148 269 268 57 39 
149 57 273 271 272 
150 273 42 215 271 
151 271 215 58 73 
152 272 271 73 55 
153 73 276 274 275 
154 276 58 277 274 
155 274 277 74 109 
156 275 274 109 71 
157 71 280 278 279 
158 280 109 281 278 
159 278 281 108 140 
160 102 284 282 283 
161 284 140 285 282 
162 282 285 139 286 
163 283 282 286 131 
164 55 289 287 288 
165 289 73 275 287 
166 287 275 71 101 
167 288 287 101 72 
168 101 292 290 291 
169 292 71 279 290 
170 88 299 297 298 
171 299 72 100 297 
172 297 100 59 300 
173 298 297 300 91 
174 100 303 301 302 
175 303 99 129 301 
176 301 129 103 304 
177 302 301 304 59 
178 99 307 305 306 
179 307 130 294 305 
180 305 294 128 308 
181 306 305 308 129 
182 103 132 309 310 
183 132 75 311 309 
184 309 311 126 312 
185 310 309 312 124 
186 313 315 75 316 
187 314 313 316 132 
188 294 319 317 318 
189 318 317 321 128 
190 290 324 322 323 
191 324 279 325 322 
192 322 325 102 295 
193 323 322 295 130 
194 130 328 326 327 
195 328 295 329 326 
196 326 329 293 319 
197 327 326 319 294 
198 331 283 332 330 
199 330 332 131 333 
200 319 336 334 335 
201 336 293 337 334 
202 335 334 338 317 
203 295 340 339 329 
204 340 102 341 339 
205 339 341 283 331 
206 329 339 331 293 
207 293 343 342 337 
208 343 331 344 342 
209 342 344 330 345 
210 337 342 345 320 
211 129 308 346 347 
212 308 128 314 346 
213 346 314 132 348 
214 347 346 348 103 
215 128 321 349 350 
216 321 296 351 349 
217 349 351 313 352 
218 350 349 352 314 
219 317 338 353 354 
220 338 320 355 353 
221 353 355 296 356 
222 354 353 356 321 
223 334 359 357 358 
224 359 337 360 357 
225 357 360 320 361 
226 358 357 361 338 
227 362 363 187 364 
228 191 362 364 134 
229 65 370 369 172 
230 370 166 371 369 
231 369 371 169 372 
232 172 369 372 50 
233 170 374 373 200 
234 374 172 375 373 
235 373 375 50 376 
236 200 373 376 173 
237 378 200 379 377 
238 377 379 173 380 
239 381 383 362 384 
240 382 381 384 191 
241 50 372 390 188 
242 372 169 391 390 
243 390 391 184 392 
244 188 390 392 93 
245 173 376 393 363 
246 376 50 394 393 
247 393 394 188 395 
248 363 393 395 187 
249 380 173 397 396 
250 396 397 363 398 
251 383 396 398 362 
252 400 377 401 399 
253 399 401 380 402 
254 368 389 403 404 
255 389 201 405 403 
256 403 405 383 406 
257 404 403 406 381 
258 407 410 201 411 
259 408 407 411 389 
260 64 413 412 217 
261 413 47 414 412 
262 412 414 65 171 
263 217 412 171 63 
264 63 416 415 221 
265 416 171 417 415 
266 415 417 170 199 
267 221 415 199 106 
268 106 420 418 419 
269 420 199 421 418 
270 418 421 198 366 
271 419 418 366 176 
272 366 424 422 423 
273 424 198 425 422 
274 422 425 367 387 
275 423 422 387 365 
276 387 428 426 427 
277 428 367 429 426 
278 201 402 430 405 
279 402 380 431 430 
280 430 431 396 432 
281 405 430 432 383 
282 434 399 435 433 
283 433 435 402 436 
284 410 433 436 201 
285 409 439 437 438 
286 437 440 410 441 
287 438 437 441 407 
288 199 443 442 421 
289 443 170 444 442 
290 442 444 200 378 
291 421 442 378 198 
292 198 446 445 425 
293 446 378 447 445 
294 445 447 377 400 
295 425 445 400 367 
296 367 449 448 429 
297 449 400 450 448 
298 448 450 399 434 
299 426 453 451 452 
300 453 429 454 451 
301 451 454 388 439 
302 452 451 439 409 
303 388 456 455 440 
304 456 434 457 455 
305 455 457 433 458 
306 440 455 458 410 
307 439 461 459 460 
308 461 388 462 459 
309 459 462 440 463 
310 460 459 463 437 
311 386 470 468 469 
312 470 385 408 468 
313 468 408 389 471 
314 469 468 471 368 
315 385 474 472 473 
316 474 409 438 472 
317 472 438 407 475 
318 473 472 475 408 
319 476 382 191 477 
320 244 476 477 190 
321 66 467 482 483 
322 467 368 404 482 
323 482 404 381 484 
324 483 482 484 382 
325 465 487 485 486 
326 487 464 488 485 
327 485 488 467 489 
328 486 485 489 66 
329 229 481 490 491 
330 481 66 483 490 
331 490 483 382 492 
332 491 490 492 476 
333 478 495 493 494 
334 495 465 486 493 
335 493 486 66 496 
336 494 493 496 481 
337 196 498 497 248 
338 248 497 499 177 
339 502 478 494 500 
340 500 494 481 503 
341 501 500 503 229 
342 177 499 504 505 
343 499 229 491 504 
344 504 491 476 506 
345 505 504 506 244 
346 497 509 507 508 
347 507 501 229 510 
348 508 507 510 499 
349 175 512 511 225 
350 512 106 419 511 
351 511 419 176 227 
352 225 511 227 174 
353 227 515 513 514 
354 515 176 516 513 
355 513 516 228 480 
356 514 513 480 226 
357 226 519 517 518 
358 519 480 520 517 
359 517 520 478 502 
360 523 502 524 521 
361 521 524 500 525 
362 522 521 525 501 
363 174 527 526 233 
364 527 227 514 526 
365 526 514 226 498 
366 233 526 498 196 
367 498 530 528 529 
368 530 226 518 528 
369 529 528 509 497 
370 509 533 531 532 
371 533 479 522 531 
372 531 522 501 534 
373 532 531 534 507 
374 518 537 535 536 
375 537 517 538 535 
376 535 538 502 523 
377 536 535 523 479 
378 479 541 539 540 
379 541 523 542 539 
380 539 542 521 543 
381 540 539 543 522 
382 49 545 544 168 
383 545 162 546 544 
384 544 546 165 547 
385 168 544 547 34 
386 166 549 548 371 
387 549 168 550 548 
388 548 550 34 551 
389 371 548 551 169 
390 1 554 552 553 
391 554 12 263 552 
392 552 263 10 78 
393 553 552 78 11 
394 16 556 555 205 
395 556 2 557 555 
396 555 557 17 159 
397 205 555 159 15 
398 10 560 558 559 
399 560 25 266 558 
400 558 266 23 82 
401 559 558 82 24 
402 32 562 561 209 
403 562 15 563 561 
404 561 563 33 163 
405 209 561 163 31 
406 23 566 564 565 
407 566 41 269 564 
408 564 269 39 86 
409 565 564 86 40 
410 48 568 567 213 
411 568 31 569 567 
412 567 569 49 167 
413 213 567 167 47 
414 39 572 570 571 
415 572 57 272 570 
416 570 272 55 90 
417 571 570 90 56 
418 90 575 573 574 
419 575 55 288 573 
420 573 288 72 299 
421 574 573 299 88 
422 72 578 576 577 
423 578 101 291 576 
424 576 291 99 303 
425 577 576 303 100 
426 58 580 579 277 
427 580 105 219 579 
428 579 219 104 144 
429 277 579 144 74 
430 109 582 581 281 
431 582 74 583 581 
432 581 583 110 148 
433 281 581 148 108 
434 91 300 584 585 
435 300 59 125 584 
436 584 125 96 586 
437 585 584 586 121 
438 59 304 587 588 
439 304 103 310 587 
440 587 310 124 589 
441 588 587 589 125 
442 75 142 590 311 
443 142 111 591 590 
444 590 591 136 592 
445 311 590 592 126 
446 111 150 593 591 
447 150 5 594 593 
448 593 594 137 595 
449 591 593 595 136 
450 131 286 596 315 
451 286 139 597 596 
452 596 597 142 598 
453 315 596 598 75 
454 74 600 599 583 
455 600 144 601 599 
456 599 601 143 155 
457 583 599 155 110 
458 144 603 602 601 
459 603 104 223 602 
460 602 223 145 236 
461 601 602 236 143 
462 5 157 604 594 
463 157 146 605 604 
464 604 605 151 606 
465 594 604 606 137 
466 146 237 607 605 
467 237 107 243 607 
468 607 243 152 608 
469 605 607 608 151 
470 31 610 609 569 
471 610 163 611 609 
472 609 611 162 545 
473 569 609 545 49 
474 47 613 612 414 
475 613 167 614 612 
476 612 614 166 370 
477 414 612 370 65 
478 167 616 615 614 
479 616 49 617 615 
480 615 617 168 549 
481 614 615 549 166 
482 171 619 618 417 
483 619 65 620 618 
484 618 620 172 374 
485 417 618 374 170 
486 34 547 621 185 
487 547 165 622 621 
488 621 622 181 623 
489 185 621 623 61 
490 169 551 624 391 
491 551 34 625 624 
492 624 625 185 626 
493 391 624 626 184 
494 197 249 627 628 
495 249 177 505 627 
496 627 505 244 629 
497 628 627 629 242 
498 279 631 630 325 
499 631 278 632 630 
500 630 632 140 284 
501 325 630 284 102 
502 291 635 633 634 
503 635 290 323 633 
504 633 323 130 307 
505 634 633 307 99 
506 296 333 636 351 
507 333 131 637 636 
508 636 637 315 638 
509 351 636 638 313 
510 320 345 639 355 
511 345 330 640 639 
512 639 640 333 641 
513 355 639 641 296 
514 176 643 642 516 
515 643 366 423 642 
516 642 423 365 466 
517 516 642 466 228 
518 365 646 644 645 
519 646 387 427 644 
520 644 427 385 470 
521 645 644 470 386 
522 427 649 647 648 
523 649 426 452 647 
524 647 452 409 474 
525 648 647 474 385 
526 429 651 650 454 
527 651 448 652 650 
528 650 652 434 456 
529 454 650 456 388 
530 464 654 653 488 
531 654 386 469 653 
532 653 469 368 655 
533 488 653 655 467 
534 480 657 656 520 
535 657 228 658 656 
536 656 658 465 495 
537 520 656 495 478 
538 528 661 659 660 
539 661 518 536 659 
540 659 536 479 533 
541 660 659 533 509 
542 107 257 662 663 
543 257 197 628 662 
544 662 628 242 664 
545 663 662 664 243 
546 228 666 665 658 
547 666 466 667 665 
548 665 667 464 487 
549 658 665 487 465 
550 466 669 668 667 
551 669 365 645 668 
552 668 645 386 654 
553 667 668 654 464 
