2 0.000000 100.000000 473.401889
649 535 
1 -37.462817 0.000000 -37.619275 96.998405 0.000000 24.204168 0.000547 
2 44.004174 0.000000 -37.619275 97.022191 0.000000 24.032118 0.000915 
3 44.004174 0.000000 37.855058 97.166528 0.000000 23.749050 -0.000535 
4 -37.462817 0.000000 37.855058 97.075892 0.000000 24.198307 -0.000929 
5 3.270679 0.000000 0.117892 111.361478 0.000000 0.153550 -0.240140 
6 -37.462817 0.000000 0.117892 97.041747 0.000000 24.244344 -0.000489 
7 3.270679 0.000000 -37.619275 96.931358 0.000000 24.096161 0.002369 
8 44.004174 0.000000 0.117892 97.675769 0.000000 21.499001 -0.000276 
9 3.270679 0.000000 37.855058 97.185211 0.000000 24.042447 -0.002300 
10 -17.096069 0.000000 -18.750692 96.904017 0.000000 24.239801 0.002204 
11 -37.462817 0.000000 -18.750692 97.003646 0.000000 24.227600 0.000332 
12 -17.096069 0.000000 -37.619275 96.959441 0.000000 24.181843 0.001411 
13 3.270679 0.000000 -18.750692 96.632702 0.000000 23.816294 0.009491 
14 -17.096069 0.000000 0.117892 97.076725 0.000000 24.401865 -0.001934 
15 23.637426 0.000000 -18.750692 96.997423 0.000000 23.575942 0.003567 
16 23.637426 0.000000 -37.619275 96.978082 0.000000 24.026621 0.001797 
17 44.004174 0.000000 -18.750692 97.085676 0.000000 23.752682 0.001018 
18 23.637426 0.000000 0.117892 98.639536 0.000000 17.298128 -0.002898 
19 -17.096069 0.000000 18.986475 97.212932 0.000000 24.216790 -0.003681 
20 -37.462817 0.000000 18.986475 97.076465 0.000000 24.222947 -0.001059 
21 3.270679 0.000000 18.986475 97.632597 0.000000 23.633114 -0.009065 
22 -17.096069 0.000000 37.855058 97.129239 0.000000 24.164688 -0.001802 
23 -6.912695 0.000000 -9.316400 96.508192 0.000000 24.392729 0.009116 
24 -17.096069 0.000000 -9.316400 96.924406 0.000000 24.334271 0.001350 
25 -6.912695 0.000000 -18.750692 96.751290 0.000000 24.150962 0.005592 
26 3.270679 0.000000 -9.316400 95.667807 0.000000 22.893523 0.032356 
27 -6.912695 0.000000 0.117892 97.205438 0.000000 24.988221 -0.007331 
28 23.637426 0.000000 18.986475 97.503816 0.000000 22.692008 -0.002192 
29 44.004174 0.000000 18.986475 97.748754 0.000000 21.368192 -0.001142 
30 23.637426 0.000000 37.855058 97.174364 0.000000 23.886332 -0.001341 
31 13.454052 0.000000 -9.316400 96.881319 0.000000 22.063196 0.012723 
32 13.454052 0.000000 -18.750692 96.832189 0.000000 23.548269 0.006901 
33 23.637426 0.000000 -9.316400 97.220551 0.000000 22.588864 0.003791 
34 13.454052 0.000000 0.117892 99.759897 0.000000 10.635338 -0.006515 
35 -6.912695 0.000000 9.552183 97.758587 0.000000 24.302055 -0.014733 
36 -17.096069 0.000000 9.552183 97.215109 0.000000 24.315408 -0.004202 
37 3.270679 0.000000 9.552183 98.926983 0.000000 22.485528 -0.029215 
38 -6.912695 0.000000 18.986475 97.415666 0.000000 24.087579 -0.007002 
39 -1.821008 0.000000 -4.599254 95.223695 0.000000 24.901526 0.031236 
40 -6.912695 0.000000 -4.599254 96.610901 0.000000 24.730329 0.005474 
41 -1.821008 0.000000 -9.316400 95.979442 0.000000 24.013025 0.021132 
42 3.270679 0.000000 -4.599254 92.917566 0.000000 20.831230 0.093239 
43 -1.821008 0.000000 0.117892 97.534356 0.000000 27.110925 -0.024795 
44 13.454052 0.000000 9.552183 98.319417 0.000000 20.339335 -0.008040 
45 23.637426 0.000000 9.552183 98.445737 0.000000 18.721239 -0.004205 
46 13.454052 0.000000 18.986475 97.557735 0.000000 23.098413 -0.005105 
47 8.362366 0.000000 -4.599254 96.122918 0.000000 18.418504 0.042114 
48 8.362366 0.000000 -9.316400 96.285891 0.000000 22.042515 0.024315 
49 13.454052 0.000000 -4.599254 97.408803 0.000000 19.493549 0.013153 
50 8.362366 0.000000 0.117892 99.823817 0.000000 -6.001753 -0.000082 
51 -1.821008 0.000000 4.835038 99.365475 0.000000 24.587946 -0.047806 
52 -6.912695 0.000000 4.835038 97.736820 0.000000 24.651015 -0.016016 
53 3.270679 0.000000 4.835038 101.933272 0.000000 20.602836 -0.081487 
54 -1.821008 0.000000 9.552183 98.405542 0.000000 23.813225 -0.025072 
55 0.724835 0.000000 -2.240681 90.597080 0.000000 26.760668 0.107604 
56 -1.821008 0.000000 -2.240681 95.535193 0.000000 26.343330 0.017906 
57 0.724835 0.000000 -4.599254 93.498640 0.000000 23.849453 0.068921 
58 3.270679 0.000000 -2.240681 87.794742 0.000000 16.519354 0.201919 
59 0.724835 0.000000 0.117892 101.743407 0.000000 0.128141 -0.035174 
60 8.362366 0.000000 4.835038 99.803772 0.000000 17.210312 -0.025699 
61 13.454052 0.000000 4.835038 98.901590 0.000000 17.135069 -0.007514 
62 8.362366 0.000000 9.552183 98.633924 0.000000 21.132874 -0.017525 
63 5.816522 0.000000 -2.240681 93.782266 0.000000 13.021270 0.103533 
64 5.816522 0.000000 -4.599254 94.545234 0.000000 18.731042 0.071035 
65 8.362366 0.000000 -2.240681 96.859829 0.000000 13.953695 0.042347 
66 5.816522 0.000000 0.117892 99.032415 0.000000 0.048459 0.019258 
67 0.724835 0.000000 2.476465 103.715263 0.000000 25.793138 -0.142214 
68 -1.821008 0.000000 2.476465 99.353215 0.000000 25.977611 -0.054590 
69 3.270679 0.000000 2.476465 106.318438 0.000000 18.895189 -0.166064 
70 0.724835 0.000000 4.835038 101.098197 0.000000 23.417941 -0.076925 
71 1.997757 0.000000 -1.061395 100.360274 0.000000 0.940821 -0.007307 
72 0.724835 0.000000 -1.061395 89.489149 0.000000 31.989238 0.096838 
73 1.997757 0.000000 -2.240681 86.879915 0.000000 22.421027 0.194918 
74 3.270679 0.000000 -1.061395 98.930700 0.000000 0.480410 0.021249 
75 1.997757 0.000000 0.117892 136.416080 0.000000 0.251614 -0.860941 
76 -27.279443 0.000000 -9.316400 96.999140 0.000000 24.270826 0.000209 
77 -37.462817 0.000000 -9.316400 97.018788 0.000000 24.239913 -0.000022 
78 -27.279443 0.000000 -18.750692 96.974874 0.000000 24.239113 0.000834 
79 -27.279443 0.000000 0.117892 97.051007 0.000000 24.285156 -0.000867 
80 -12.004382 0.000000 -4.599254 96.904486 0.000000 24.507754 0.000889 
81 -17.096069 0.000000 -4.599254 96.984970 0.000000 24.383703 -0.000065 
82 -12.004382 0.000000 -9.316400 96.810072 0.000000 24.378654 0.003349 
83 -12.004382 0.000000 0.117892 97.112942 0.000000 24.597445 -0.003596 
84 -4.366852 0.000000 -2.240681 96.553184 0.000000 25.364496 0.003412 
85 -6.912695 0.000000 -2.240681 96.848183 0.000000 24.922727 -0.000071 
86 -4.366852 0.000000 -4.599254 96.183768 0.000000 24.886920 0.012932 
87 -4.366852 0.000000 0.117892 97.319947 0.000000 25.557830 -0.012437 
88 -0.548087 0.000000 -1.061395 95.748846 0.000000 29.020244 -0.001002 
89 -1.821008 0.000000 -1.061395 96.438167 0.000000 26.995619 -0.002908 
90 -0.548087 0.000000 -2.240681 94.038276 0.000000 27.034422 0.042594 
91 -0.548087 0.000000 0.117892 97.178634 0.000000 27.594120 -0.020512 
92 5.816522 0.000000 2.476465 102.308748 0.000000 15.372212 -0.070338 
93 8.362366 0.000000 2.476465 100.302966 0.000000 12.846879 -0.022573 
94 5.816522 0.000000 4.835038 100.972530 0.000000 18.203020 -0.052680 
95 1.997757 0.000000 1.297178 111.677987 0.000000 25.140803 -0.310403 
96 0.724835 0.000000 1.297178 104.914426 0.000000 30.294469 -0.192479 
97 3.270679 0.000000 1.297178 110.817652 0.000000 15.430415 -0.251865 
98 1.997757 0.000000 2.476465 106.329286 0.000000 22.876251 -0.182924 
99 1.361296 0.000000 -0.471751 100.508551 0.000000 1.020360 -0.010301 
100 0.724835 0.000000 -0.471751 100.566615 0.000000 1.179692 -0.011504 
101 1.361296 0.000000 -1.061395 100.588305 0.000000 1.071011 -0.011915 
102 1.997757 0.000000 -0.471751 100.256583 0.000000 0.908604 -0.005221 
103 1.361296 0.000000 0.117892 108.083520 0.000000 0.200821 -0.168209 
104 4.543600 0.000000 -1.061395 98.048543 0.000000 0.467701 0.038626 
105 4.543600 0.000000 -2.240681 91.041995 0.000000 13.699386 0.152368 
106 5.816522 0.000000 -1.061395 97.808253 0.000000 0.519548 0.043328 
107 4.543600 0.000000 0.117892 103.101587 0.000000 0.138173 -0.062996 
108 2.634218 0.000000 -0.471751 99.692916 0.000000 0.674425 0.006087 
109 2.634218 0.000000 -1.061395 99.982100 0.000000 0.809222 0.000292 
110 3.270679 0.000000 -0.471751 98.963904 0.000000 0.504159 0.020589 
111 2.634218 0.000000 0.117892 119.413176 0.000000 0.235531 -0.425956 
112 -27.279443 0.000000 9.552183 97.099894 0.000000 24.264599 -0.001716 
113 -37.462817 0.000000 9.552183 97.063741 0.000000 24.237194 -0.000881 
114 -27.279443 0.000000 18.986475 97.117592 0.000000 24.229519 -0.001890 
115 -12.004382 0.000000 4.835038 97.315889 0.000000 24.508317 -0.007104 
116 -17.096069 0.000000 4.835038 97.164467 0.000000 24.372549 -0.003495 
117 -12.004382 0.000000 9.552183 97.372930 0.000000 24.339720 -0.007391 
118 -4.366852 0.000000 2.476465 98.025378 0.000000 25.245342 -0.024630 
119 -6.912695 0.000000 2.476465 97.543294 0.000000 24.872639 -0.013334 
120 -4.366852 0.000000 4.835038 98.281143 0.000000 24.729719 -0.027074 
121 -0.548087 0.000000 1.297178 99.864387 0.000000 28.531208 -0.078693 
122 -1.821008 0.000000 1.297178 98.634952 0.000000 26.787703 -0.044643 
123 -0.548087 0.000000 2.476465 100.920860 0.000000 26.327469 -0.087816 
124 1.361296 0.000000 0.707535 100.588344 0.000000 1.070785 -0.011916 
125 0.724835 0.000000 0.707535 106.537399 0.000000 29.472975 -0.221887 
126 1.997757 0.000000 0.707535 100.359380 0.000000 0.940283 -0.007289 
127 1.361296 0.000000 1.297178 108.674767 0.000000 28.861054 -0.264317 
128 1.679526 0.000000 -0.176930 126.049560 0.000000 0.312085 -0.588859 
129 1.361296 0.000000 -0.176930 107.669608 0.000000 0.339715 -0.159286 
130 1.679526 0.000000 -0.471751 100.395954 0.000000 0.966786 -0.008028 
131 1.997757 0.000000 -0.176930 118.317938 0.000000 0.621740 -0.399952 
132 1.679526 0.000000 0.117892 126.756437 0.000000 0.234121 -0.606725 
133 4.543600 0.000000 1.297178 106.929487 0.000000 9.606497 -0.152620 
134 5.816522 0.000000 1.297178 104.330795 0.000000 6.733130 -0.093025 
135 4.543600 0.000000 2.476465 104.370548 0.000000 16.383858 -0.116164 
136 2.634218 0.000000 0.707535 99.980945 0.000000 0.808923 0.000316 
137 3.270679 0.000000 0.707535 98.929856 0.000000 0.480320 0.021265 
138 2.634218 0.000000 1.297178 112.214050 0.000000 20.117299 -0.299670 
139 2.315987 0.000000 -0.176930 114.520242 0.000000 0.471054 -0.311511 
140 2.315987 0.000000 -0.471751 100.140815 0.000000 0.804645 -0.002883 
141 2.634218 0.000000 -0.176930 110.631504 0.000000 0.389119 -0.223948 
142 2.315987 0.000000 0.117892 128.396473 0.000000 0.249693 -0.648572 
143 3.907139 0.000000 -0.471751 98.318770 0.000000 0.447094 0.033322 
144 3.907139 0.000000 -1.061395 98.301487 0.000000 0.444994 0.033662 
145 4.543600 0.000000 -0.471751 98.085608 0.000000 0.465067 0.037900 
146 3.907139 0.000000 0.117892 106.474478 0.000000 0.143240 -0.133683 
147 2.952448 0.000000 -0.176930 107.918425 0.000000 0.340539 -0.164650 
148 2.952448 0.000000 -0.471751 99.361534 0.000000 0.608707 0.012692 
149 3.270679 0.000000 -0.176930 105.802915 0.000000 0.291773 -0.119434 
150 2.952448 0.000000 0.117892 114.265628 0.000000 0.219181 -0.305668 
151 3.907139 0.000000 0.707535 98.300883 0.000000 0.445034 0.033674 
152 4.543600 0.000000 0.707535 98.048254 0.000000 0.467756 0.038632 
153 3.907139 0.000000 1.297178 108.801133 0.000000 11.930653 -0.198003 
154 3.588909 0.000000 -0.176930 104.025457 0.000000 0.265165 -0.082137 
155 3.588909 0.000000 -0.471751 98.547442 0.000000 0.450244 0.028820 
156 3.907139 0.000000 -0.176930 102.964430 0.000000 0.261213 -0.060174 
157 3.588909 0.000000 0.117892 108.823838 0.000000 0.133962 -0.184265 
158 33.820800 0.000000 -9.316400 97.236451 0.000000 23.015787 0.001535 
159 33.820800 0.000000 -18.750692 97.065180 0.000000 23.667500 0.001820 
160 44.004174 0.000000 -9.316400 97.210271 0.000000 23.288660 0.000780 
161 33.820800 0.000000 0.117892 98.008769 0.000000 20.083253 -0.000906 
162 18.545739 0.000000 -4.599254 97.607304 0.000000 20.477152 0.005350 
163 18.545739 0.000000 -9.316400 97.118693 0.000000 22.316314 0.006994 
164 23.637426 0.000000 -4.599254 97.589937 0.000000 21.197177 0.002688 
165 18.545739 0.000000 0.117892 99.169062 0.000000 14.830418 -0.005444 
166 10.908209 0.000000 -2.240681 97.865549 0.000000 15.434325 0.018412 
167 10.908209 0.000000 -4.599254 97.026863 0.000000 18.905823 0.022836 
168 13.454052 0.000000 -2.240681 98.159602 0.000000 16.691108 0.008610 
169 10.908209 0.000000 0.117892 99.900456 0.000000 7.107688 -0.003062 
170 7.089444 0.000000 -1.061395 96.733076 0.000000 8.742416 0.056628 
171 7.089444 0.000000 -2.240681 95.689258 0.000000 13.251482 0.066796 
172 8.362366 0.000000 -1.061395 97.862517 0.000000 10.301727 0.031680 
173 7.089444 0.000000 0.117892 100.775133 0.000000 -28.592662 -0.097317 
174 5.180061 0.000000 -0.471751 97.976022 0.000000 0.480016 0.040047 
175 5.180061 0.000000 -1.061395 97.947198 0.000000 0.485236 0.040611 
176 5.816522 0.000000 -0.471751 98.671153 0.000000 0.185397 0.026397 
177 5.180061 0.000000 0.117892 99.708975 0.000000 0.093231 0.005811 
178 33.820800 0.000000 9.552183 98.661448 0.000000 17.675409 -0.004650 
179 44.004174 0.000000 9.552183 99.322381 0.000000 14.988068 -0.008958 
180 33.820800 0.000000 18.986475 97.571730 0.000000 22.170133 -0.001176 
181 18.545739 0.000000 4.835038 99.863665 0.000000 12.856977 -0.013805 
182 23.637426 0.000000 4.835038 99.867788 0.000000 12.749527 -0.013613 
183 18.545739 0.000000 9.552183 98.321148 0.000000 19.581835 -0.005050 
184 10.908209 0.000000 2.476465 100.564764 0.000000 9.164042 -0.019725 
185 13.454052 0.000000 2.476465 100.595755 0.000000 9.030252 -0.020105 
186 10.908209 0.000000 4.835038 99.159361 0.000000 17.011855 -0.012198 
187 7.089444 0.000000 1.297178 101.836534 0.000000 7.466857 -0.042643 
188 8.362366 0.000000 1.297178 100.837108 0.000000 7.624599 -0.022626 
189 7.089444 0.000000 2.476465 100.797564 0.000000 14.693606 -0.037605 
190 5.180061 0.000000 0.707535 97.947100 0.000000 0.485260 0.040613 
191 5.816522 0.000000 0.707535 97.808251 0.000000 0.519549 0.043328 
192 5.180061 0.000000 1.297178 105.484213 0.000000 8.297422 -0.119577 
193 4.861831 0.000000 -0.176930 99.657521 0.000000 0.304723 0.006829 
194 4.543600 0.000000 -0.176930 100.874872 0.000000 0.284311 -0.017582 
195 4.861831 0.000000 -0.471751 98.021546 0.000000 0.472684 0.039155 
196 5.180061 0.000000 -0.176930 99.474099 0.000000 0.143610 0.010488 
197 4.861831 0.000000 0.117892 101.264669 0.000000 0.130651 -0.025455 
198 6.452983 0.000000 -0.471751 98.991435 0.000000 -0.000000 0.020070 
199 6.452983 0.000000 -1.061395 95.541114 0.000000 7.920692 0.080916 
200 7.089444 0.000000 -0.471751 97.870415 0.000000 5.904420 0.038652 
201 6.452983 0.000000 0.117892 99.001247 0.000000 -0.000000 0.019875 
202 13.454052 0.000000 -28.184983 96.903455 0.000000 23.923897 0.003737 
203 3.270679 0.000000 -28.184983 96.856219 0.000000 24.022868 0.004177 
204 13.454052 0.000000 -37.619275 96.948743 0.000000 24.050187 0.002253 
205 23.637426 0.000000 -28.184983 96.970755 0.000000 23.894747 0.002571 
206 8.362366 0.000000 -14.033546 96.530248 0.000000 23.173975 0.014488 
207 3.270679 0.000000 -14.033546 96.359612 0.000000 23.528400 0.016124 
208 8.362366 0.000000 -18.750692 96.703342 0.000000 23.633836 0.008991 
209 13.454052 0.000000 -14.033546 96.777172 0.000000 23.052968 0.010274 
210 5.816522 0.000000 -6.957827 95.386466 0.000000 21.137328 0.045464 
211 3.270679 0.000000 -6.957827 94.787021 0.000000 22.196685 0.052273 
212 5.816522 0.000000 -9.316400 95.910426 0.000000 22.338774 0.030217 
213 8.362366 0.000000 -6.957827 96.145118 0.000000 20.767944 0.032481 
214 4.543600 0.000000 -3.419968 92.436015 0.000000 17.408268 0.115254 
215 3.270679 0.000000 -3.419968 91.018206 0.000000 19.441104 0.133773 
216 4.543600 0.000000 -4.599254 93.604047 0.000000 19.505164 0.085783 
217 5.816522 0.000000 -3.419968 94.043339 0.000000 16.474718 0.088443 
218 5.180061 0.000000 -1.651038 92.339289 0.000000 10.627177 0.136052 
219 4.543600 0.000000 -1.651038 90.458521 0.000000 10.903979 0.169836 
220 5.180061 0.000000 -2.240681 92.523453 0.000000 13.226379 0.126447 
221 5.816522 0.000000 -1.651038 93.822751 0.000000 10.621541 0.108447 
222 4.861831 0.000000 -0.766573 98.028237 0.000000 0.471480 0.039024 
223 4.543600 0.000000 -0.766573 98.091241 0.000000 0.464532 0.037789 
224 4.861831 0.000000 -1.061395 97.993464 0.000000 0.476206 0.039705 
225 5.180061 0.000000 -0.766573 97.981236 0.000000 0.478880 0.039945 
226 5.498292 0.000000 -0.176930 99.112885 0.000000 0.085366 0.017663 
227 5.498292 0.000000 -0.471751 98.497046 0.000000 0.290247 0.029825 
228 5.816522 0.000000 -0.176930 99.001301 0.000000 0.064716 0.019874 
229 5.498292 0.000000 0.117892 99.248987 0.000000 0.054553 0.014964 
230 5.020946 0.000000 -0.324341 98.785232 0.000000 0.349954 0.024136 
231 4.861831 0.000000 -0.324341 97.926978 0.000000 0.491070 0.041007 
232 5.020946 0.000000 -0.471751 97.979614 0.000000 0.479192 0.039977 
233 5.180061 0.000000 -0.324341 97.974276 0.000000 0.480398 0.040081 
234 5.020946 0.000000 -0.176930 99.510649 0.000000 0.231127 0.009758 
235 4.225370 0.000000 -0.176930 102.482444 0.000000 0.241678 -0.050271 
236 4.225370 0.000000 -0.471751 98.192746 0.000000 0.449004 0.035798 
237 4.225370 0.000000 0.117892 104.764802 0.000000 0.141035 -0.097568 
238 4.702716 0.000000 -0.324341 98.576221 0.000000 0.427379 0.028255 
239 4.543600 0.000000 -0.324341 98.077975 0.000000 0.457728 0.038050 
240 4.702716 0.000000 -0.471751 98.031434 0.000000 0.470687 0.038962 
241 4.702716 0.000000 -0.176930 99.436026 0.000000 0.358875 0.011235 
242 4.861831 0.000000 0.412713 98.028041 0.000000 0.471519 0.039028 
243 4.543600 0.000000 0.412713 98.090939 0.000000 0.464583 0.037795 
244 5.180061 0.000000 0.412713 97.981118 0.000000 0.478907 0.039947 
245 4.861831 0.000000 0.707535 97.993287 0.000000 0.476245 0.039709 
246 5.020946 0.000000 -0.029519 100.788685 0.000000 0.087547 -0.015837 
247 4.861831 0.000000 -0.029519 101.424071 0.000000 0.115651 -0.028686 
248 5.180061 0.000000 -0.029519 99.792767 0.000000 0.082755 0.004140 
249 5.020946 0.000000 0.117892 99.811424 0.000000 0.182330 0.003765 
250 4.941388 0.000000 -0.250635 98.122518 0.000000 0.465293 0.037175 
251 4.861831 0.000000 -0.250635 98.413372 0.000000 0.441270 0.031461 
252 4.941388 0.000000 -0.324341 98.306775 0.000000 0.430753 0.033559 
253 5.020946 0.000000 -0.250635 98.473972 0.000000 0.406821 0.030271 
254 4.941388 0.000000 -0.176930 99.337872 0.000000 0.314294 0.013189 
255 4.702716 0.000000 -0.029519 103.037423 0.000000 0.070912 -0.061672 
256 4.543600 0.000000 -0.029519 103.350090 0.000000 0.122326 -0.068126 
257 4.702716 0.000000 0.117892 101.478576 0.000000 0.196352 -0.029794 
258 4.782273 0.000000 -0.250635 98.083685 0.000000 0.473626 0.037937 
259 4.702716 0.000000 -0.250635 98.565572 0.000000 0.427725 0.028465 
260 4.782273 0.000000 -0.324341 97.981607 0.000000 0.477231 0.039938 
261 4.782273 0.000000 -0.176930 99.470264 0.000000 0.339998 0.010555 
262 -6.912695 0.000000 -28.184983 96.877896 0.000000 24.136319 0.003211 
263 -17.096069 0.000000 -28.184983 96.932243 0.000000 24.196310 0.001868 
264 -6.912695 0.000000 -37.619275 96.937641 0.000000 24.146824 0.002002 
265 -1.821008 0.000000 -14.033546 96.415918 0.000000 23.970197 0.012940 
266 -6.912695 0.000000 -14.033546 96.621576 0.000000 24.220249 0.007765 
267 -1.821008 0.000000 -18.750692 96.669303 0.000000 24.012934 0.007842 
268 0.724835 0.000000 -6.957827 94.959498 0.000000 23.448436 0.043286 
269 -1.821008 0.000000 -6.957827 95.597142 0.000000 24.238003 0.027371 
270 0.724835 0.000000 -9.316400 95.710654 0.000000 23.534918 0.028558 
271 1.997757 0.000000 -3.419968 90.841738 0.000000 22.329809 0.124916 
272 0.724835 0.000000 -3.419968 92.267641 0.000000 24.605657 0.088124 
273 1.997757 0.000000 -4.599254 92.868586 0.000000 22.461165 0.087092 
274 2.634218 0.000000 -1.651038 83.246442 0.000000 17.271161 0.277174 
275 1.997757 0.000000 -1.651038 82.996613 0.000000 22.563820 0.260244 
276 2.634218 0.000000 -2.240681 86.742089 0.000000 19.203427 0.210704 
277 3.270679 0.000000 -1.651038 85.528443 0.000000 13.693515 0.249737 
278 2.315987 0.000000 -0.766573 100.062074 0.000000 0.838229 -0.001312 
279 1.997757 0.000000 -0.766573 100.238499 0.000000 0.900875 -0.004857 
280 2.315987 0.000000 -1.061395 100.182963 0.000000 0.873852 -0.003739 
281 2.634218 0.000000 -0.766573 99.859250 0.000000 0.775211 0.002753 
282 2.156872 0.000000 -0.324341 100.396233 0.000000 0.847824 -0.008012 
283 1.997757 0.000000 -0.324341 100.614595 0.000000 0.966863 -0.012423 
284 2.156872 0.000000 -0.471751 100.119059 0.000000 0.860882 -0.002457 
285 2.315987 0.000000 -0.324341 100.124126 0.000000 0.748239 -0.002540 
286 2.156872 0.000000 -0.176930 112.246781 0.000000 0.642933 -0.259975 
287 1.361296 0.000000 -1.651038 85.942050 0.000000 27.113806 0.187881 
288 0.724835 0.000000 -1.651038 89.799121 0.000000 28.931860 0.109907 
289 1.361296 0.000000 -2.240681 88.415337 0.000000 25.193045 0.154804 
290 1.679526 0.000000 -0.766573 100.385524 0.000000 0.959393 -0.007817 
291 1.361296 0.000000 -0.766573 100.505845 0.000000 1.016111 -0.010246 
292 1.679526 0.000000 -1.061395 100.500308 0.000000 1.007093 -0.010133 
293 1.838642 0.000000 -0.324341 100.279065 0.000000 0.922926 -0.005674 
294 1.679526 0.000000 -0.324341 100.399230 0.000000 0.969196 -0.008094 
295 1.838642 0.000000 -0.471751 100.272914 0.000000 0.919822 -0.005550 
296 1.838642 0.000000 -0.176930 125.843119 0.000000 0.462589 -0.583670 
297 0.088374 0.000000 -0.471751 96.260941 0.000000 33.071422 -0.035989 
298 -0.548087 0.000000 -0.471751 97.720335 0.000000 28.698965 -0.037289 
299 0.088374 0.000000 -1.061395 93.815620 0.000000 31.074098 0.023303 
300 0.088374 0.000000 0.117892 103.760914 0.000000 -0.000000 -0.076633 
301 1.043066 0.000000 -0.176930 103.062234 0.000000 0.330169 -0.062193 
302 0.724835 0.000000 -0.176930 101.549287 0.000000 0.165793 -0.031229 
303 1.043066 0.000000 -0.471751 100.587143 0.000000 1.075785 -0.011893 
304 1.043066 0.000000 0.117892 103.071697 0.000000 0.194796 -0.062381 
305 1.520411 0.000000 -0.324341 104.522922 0.000000 0.679987 -0.092550 
306 1.361296 0.000000 -0.324341 105.151337 0.000000 0.673023 -0.105726 
307 1.520411 0.000000 -0.471751 100.398200 0.000000 0.970043 -0.008074 
308 1.520411 0.000000 -0.176930 114.947922 0.000000 0.362593 -0.321316 
309 1.679526 0.000000 0.412713 100.384531 0.000000 0.958674 -0.007797 
310 1.361296 0.000000 0.412713 100.505577 0.000000 1.015689 -0.010240 
311 1.997757 0.000000 0.412713 100.236704 0.000000 0.900034 -0.004821 
312 1.679526 0.000000 0.707535 100.499982 0.000000 1.006673 -0.010126 
313 1.838642 0.000000 -0.029519 139.901313 0.000000 0.202590 -0.957242 
314 1.679526 0.000000 -0.029519 128.764337 0.000000 0.203100 -0.658030 
315 1.997757 0.000000 -0.029519 138.077785 0.000000 0.221361 -0.906552 
316 1.838642 0.000000 0.117892 135.947796 0.000000 0.270579 -0.848188 
317 1.759084 0.000000 -0.250635 116.393223 0.000000 0.636987 -0.354779 
318 1.679526 0.000000 -0.250635 116.326578 0.000000 0.522351 -0.353215 
319 1.759084 0.000000 -0.324341 100.396890 0.000000 0.966378 -0.008047 
320 1.838642 0.000000 -0.250635 102.776139 0.000000 1.123684 -0.056420 
321 1.759084 0.000000 -0.176930 126.535193 0.000000 0.452155 -0.601136 
322 1.918199 0.000000 -0.250635 106.558566 0.000000 0.951377 -0.135563 
323 1.918199 0.000000 -0.324341 100.573800 0.000000 0.987031 -0.011606 
324 1.997757 0.000000 -0.250635 103.322032 0.000000 0.953513 -0.067635 
325 1.918199 0.000000 -0.176930 123.143127 0.000000 0.542039 -0.516452 
326 1.520411 0.000000 -0.029519 118.718544 0.000000 0.193590 -0.409413 
327 1.361296 0.000000 -0.029519 108.783077 0.000000 0.167779 -0.183379 
328 1.520411 0.000000 0.117892 118.969886 0.000000 0.244554 -0.415389 
329 1.759084 0.000000 -0.103224 129.962317 0.000000 0.265659 -0.689027 
330 1.679526 0.000000 -0.103224 126.852801 0.000000 0.236416 -0.609169 
331 1.838642 0.000000 -0.103224 136.036057 0.000000 0.270655 -0.850588 
332 1.759084 0.000000 -0.029519 137.790754 0.000000 0.166392 -0.898632 
333 1.798863 0.000000 -0.213783 124.539263 0.000000 0.487207 -0.551027 
334 1.759084 0.000000 -0.213783 124.683428 0.000000 0.485605 -0.554619 
335 1.798863 0.000000 -0.250635 103.009117 0.000000 1.124178 -0.061214 
336 1.838642 0.000000 -0.213783 111.541956 0.000000 0.854426 -0.244234 
337 1.798863 0.000000 -0.176930 126.421336 0.000000 0.453280 -0.598256 
338 1.838642 0.000000 -0.619162 100.263913 0.000000 0.915357 -0.005369 
339 1.679526 0.000000 -0.619162 100.391122 0.000000 0.963310 -0.007931 
340 1.838642 0.000000 -0.766573 100.379192 0.000000 0.953579 -0.007689 
341 1.997757 0.000000 -0.619162 100.248089 0.000000 0.904953 -0.005050 
342 1.759084 0.000000 -0.398046 100.395430 0.000000 0.965355 -0.008017 
343 1.679526 0.000000 -0.398046 100.397836 0.000000 0.968165 -0.008066 
344 1.759084 0.000000 -0.471751 100.393469 0.000000 0.963992 -0.007978 
345 1.838642 0.000000 -0.398046 100.276441 0.000000 0.921597 -0.005621 
346 1.798863 0.000000 -0.287488 114.838602 0.000000 0.663426 -0.318834 
347 1.759084 0.000000 -0.287488 114.973998 0.000000 0.662364 -0.321946 
348 1.798863 0.000000 -0.324341 113.673267 0.000000 0.684050 -0.292208 
349 1.838642 0.000000 -0.287488 106.126464 0.000000 0.970157 -0.126377 
350 2.315987 0.000000 0.412713 100.060056 0.000000 0.837572 -0.001272 
351 2.634218 0.000000 0.412713 99.857669 0.000000 0.774864 0.002785 
352 2.315987 0.000000 0.707535 100.181720 0.000000 0.873375 -0.003714 
353 2.156872 0.000000 -0.029519 135.184129 0.000000 0.202635 -0.827479 
354 2.315987 0.000000 -0.029519 126.523677 0.000000 0.272914 -0.600832 
355 2.156872 0.000000 0.117892 130.220704 0.000000 0.277964 -0.695751 
356 1.918199 0.000000 -0.103224 136.616637 0.000000 0.253731 -0.866417 
357 1.997757 0.000000 -0.103224 136.258429 0.000000 0.255400 -0.856642 
358 1.918199 0.000000 -0.029519 138.421634 0.000000 0.220897 -0.916060 
359 1.878420 0.000000 -0.213783 110.002974 0.000000 0.888970 -0.210144 
360 1.878420 0.000000 -0.250635 101.220090 0.000000 1.144114 -0.024682 
361 1.918199 0.000000 -0.213783 108.204480 0.000000 0.907370 -0.170903 
362 1.878420 0.000000 -0.176930 117.721683 0.000000 0.702869 -0.385889 
363 1.818752 0.000000 -0.232209 104.692923 0.000000 1.085270 -0.096179 
364 1.798863 0.000000 -0.232209 106.060682 0.000000 1.043154 -0.124996 
365 1.818752 0.000000 -0.250635 100.692299 0.000000 1.218119 -0.014042 
366 1.838642 0.000000 -0.232209 105.343475 0.000000 1.056906 -0.109836 
367 1.818752 0.000000 -0.213783 113.245959 0.000000 0.807351 -0.282530 
368 6.452983 0.000000 0.707535 101.765916 0.000000 5.002408 -0.038133 
369 7.089444 0.000000 0.707535 100.404871 0.000000 7.501387 -0.013741 
370 6.452983 0.000000 1.297178 102.887307 0.000000 6.952611 -0.063414 
371 6.134753 0.000000 -0.176930 98.978783 0.000000 0.023418 0.020320 
372 6.134753 0.000000 -0.471751 98.679954 0.000000 0.142504 0.026225 
373 6.452983 0.000000 -0.176930 98.997554 0.000000 -0.000000 0.019948 
374 6.134753 0.000000 0.117892 98.995609 0.000000 0.020533 0.019987 
375 9.635287 0.000000 -1.061395 98.343552 0.000000 11.465011 0.019710 
376 9.635287 0.000000 -2.240681 97.496847 0.000000 14.701354 0.027824 
377 10.908209 0.000000 -1.061395 98.601129 0.000000 12.486843 0.012190 
378 9.635287 0.000000 0.117892 99.658814 0.000000 2.181125 0.006336 
379 7.725905 0.000000 -0.471751 98.286019 0.000000 7.049996 0.029016 
380 7.725905 0.000000 -1.061395 97.423290 0.000000 9.566543 0.041718 
381 8.362366 0.000000 -0.471751 98.558279 0.000000 7.936770 0.022327 
382 7.725905 0.000000 0.117892 100.126860 0.000000 -14.071539 -0.022340 
383 6.771213 0.000000 -0.176930 98.993677 0.000000 -0.000000 0.020025 
384 6.771213 0.000000 -0.471751 97.601181 0.000000 5.134615 0.044765 
385 7.089444 0.000000 -0.176930 98.605702 0.000000 3.903520 0.026168 
386 6.771213 0.000000 0.117892 98.993656 0.000000 -0.000000 0.020026 
387 6.134753 0.000000 0.412713 99.026386 0.000000 0.000000 0.019377 
388 5.816522 0.000000 0.412713 98.947567 0.000000 0.090056 0.020937 
389 6.452983 0.000000 0.412713 98.994797 0.000000 -0.000000 0.020003 
390 6.134753 0.000000 0.707535 103.090963 0.000000 3.667241 -0.064120 
391 6.293868 0.000000 -0.029519 99.007684 0.000000 -0.000000 0.019748 
392 6.134753 0.000000 -0.029519 99.000642 0.000000 0.010709 0.019887 
393 6.293868 0.000000 -0.176930 99.009521 0.000000 -0.000000 0.019711 
394 6.452983 0.000000 -0.029519 99.012100 0.000000 -0.000000 0.019660 
395 6.293868 0.000000 0.117892 99.009170 0.000000 -0.000000 0.019718 
396 9.635287 0.000000 1.297178 100.146019 0.000000 9.350237 -0.011665 
397 10.908209 0.000000 1.297178 99.014600 0.000000 13.141355 0.002341 
398 9.635287 0.000000 2.476465 100.439703 0.000000 10.478430 -0.019793 
399 7.725905 0.000000 0.707535 99.836218 0.000000 8.764421 -0.004409 
400 8.362366 0.000000 0.707535 99.593588 0.000000 9.239482 -0.000425 
401 7.725905 0.000000 1.297178 101.452992 0.000000 5.782428 -0.032615 
402 6.771213 0.000000 0.412713 99.919523 0.000000 3.543840 0.000353 
403 7.089444 0.000000 0.412713 99.885006 0.000000 3.920935 0.000761 
404 6.771213 0.000000 0.707535 100.909744 0.000000 6.392077 -0.022364 
405 6.612098 0.000000 -0.029519 98.994896 0.000000 -0.000000 0.020001 
406 6.612098 0.000000 -0.176930 98.994990 0.000000 -0.000000 0.019999 
407 6.771213 0.000000 -0.029519 98.993639 0.000000 -0.000000 0.020026 
408 6.612098 0.000000 0.117892 98.994941 0.000000 -0.000000 0.020000 
409 6.293868 0.000000 0.265303 99.010103 0.000000 -0.000000 0.019700 
410 6.134753 0.000000 0.265303 98.990579 0.000000 0.015149 0.020086 
411 6.452983 0.000000 0.265303 98.997734 0.000000 -0.000000 0.019945 
412 6.293868 0.000000 0.412713 98.999272 0.000000 -0.000000 0.019914 
413 6.373425 0.000000 0.044186 99.007139 0.000000 -0.000000 0.019759 
414 6.293868 0.000000 0.044186 99.007914 0.000000 -0.000000 0.019743 
415 6.373425 0.000000 -0.029519 98.999299 0.000000 0.000000 0.019914 
416 6.452983 0.000000 0.044186 99.011547 0.000000 -0.000000 0.019671 
417 6.373425 0.000000 0.117892 99.001969 0.000000 -0.000000 0.019861 
418 7.089444 0.000000 -3.419968 95.386132 0.000000 16.314208 0.063533 
419 7.089444 0.000000 -4.599254 95.437906 0.000000 18.439476 0.055159 
420 8.362366 0.000000 -3.419968 96.339366 0.000000 16.541079 0.044512 
421 6.452983 0.000000 -1.651038 95.065450 0.000000 10.809602 0.084571 
422 6.452983 0.000000 -2.240681 94.828449 0.000000 13.037522 0.083759 
423 7.089444 0.000000 -1.651038 96.077446 0.000000 11.216780 0.064331 
424 6.134753 0.000000 -0.766573 94.952815 0.000000 5.683947 0.095166 
425 5.816522 0.000000 -0.766573 97.868410 0.000000 0.503904 0.042152 
426 6.134753 0.000000 -1.061395 94.731382 0.000000 7.656109 0.096735 
427 6.452983 0.000000 -0.766573 96.009488 0.000000 6.114805 0.074479 
428 6.293868 0.000000 -0.324341 99.003504 0.000000 -0.000000 0.019831 
429 6.134753 0.000000 -0.324341 98.950390 0.000000 0.032430 0.020882 
430 6.293868 0.000000 -0.471751 99.001146 0.000000 0.000000 0.019877 
431 6.452983 0.000000 -0.324341 98.997843 0.000000 -0.000000 0.019943 
432 6.373425 0.000000 -0.103224 99.001921 0.000000 -0.000000 0.019862 
433 6.293868 0.000000 -0.103224 99.009096 0.000000 -0.000000 0.019720 
434 6.373425 0.000000 -0.176930 99.002193 0.000000 -0.000000 0.019857 
435 6.452983 0.000000 -0.103224 99.001190 0.000000 -0.000000 0.019876 
436 6.612098 0.000000 0.265303 98.994577 0.000000 -0.000000 0.020007 
437 6.771213 0.000000 0.265303 98.991673 0.000000 -0.000000 0.020065 
438 6.612098 0.000000 0.412713 98.991401 0.000000 -0.000000 0.020070 
439 6.532541 0.000000 0.044186 98.997088 0.000000 -0.000000 0.019958 
440 6.532541 0.000000 -0.029519 98.997078 0.000000 -0.000000 0.019958 
441 6.612098 0.000000 0.044186 98.994900 0.000000 -0.000000 0.020001 
442 6.532541 0.000000 0.117892 98.997190 0.000000 -0.000000 0.019956 
443 6.413204 0.000000 0.007334 98.990223 0.000000 -0.000000 0.020094 
444 6.373425 0.000000 0.007334 98.997315 0.000000 0.000000 0.019953 
445 6.413204 0.000000 -0.029519 99.001330 0.000000 -0.000000 0.019874 
446 6.452983 0.000000 0.007334 99.006084 0.000000 -0.000000 0.019780 
447 6.413204 0.000000 0.044186 99.001351 0.000000 -0.000000 0.019873 
448 6.771213 0.000000 -0.766573 96.752288 0.000000 6.767411 0.059320 
449 6.771213 0.000000 -1.061395 96.217430 0.000000 8.317889 0.067302 
450 7.089444 0.000000 -0.766573 97.231170 0.000000 7.359969 0.049193 
451 6.612098 0.000000 -0.324341 98.994619 0.000000 -0.000000 0.020007 
452 6.612098 0.000000 -0.471751 97.405165 0.000000 4.586521 0.049120 
453 6.771213 0.000000 -0.324341 98.989470 0.000000 -0.000000 0.020108 
454 6.532541 0.000000 -0.103224 98.997164 0.000000 -0.000000 0.019956 
455 6.532541 0.000000 -0.176930 98.997312 0.000000 -0.000000 0.019953 
456 6.612098 0.000000 -0.103224 98.994931 0.000000 -0.000000 0.020000 
457 6.413204 0.000000 -0.066372 99.001397 0.000000 -0.000000 0.019872 
458 6.373425 0.000000 -0.066372 99.007222 0.000000 -0.000000 0.019757 
459 6.413204 0.000000 -0.103224 99.001508 0.000000 -0.000000 0.019870 
460 6.452983 0.000000 -0.066372 99.001073 0.000000 -0.000000 0.019879 
461 6.492762 0.000000 0.007334 99.012797 0.000000 -0.000000 0.019647 
462 6.492762 0.000000 -0.029519 99.011873 0.000000 -0.000000 0.019665 
463 6.532541 0.000000 0.007334 98.997070 0.000000 -0.000000 0.019958 
464 6.492762 0.000000 0.044186 99.011150 0.000000 -0.000000 0.019679 
465 6.433094 0.000000 -0.011093 99.001278 0.000000 -0.000000 0.019875 
466 6.413204 0.000000 -0.011093 98.990857 0.000000 -0.000000 0.020081 
467 6.433094 0.000000 -0.029519 99.009945 0.000000 -0.000000 0.019703 
468 6.452983 0.000000 -0.011093 99.006478 0.000000 -0.000000 0.019772 
469 6.433094 0.000000 0.007334 99.000441 0.000000 -0.000000 0.019891 
470 5.975637 0.000000 -0.029519 99.030167 0.000000 0.019853 0.019303 
471 5.816522 0.000000 -0.029519 99.065936 0.000000 0.027936 0.018594 
472 5.975637 0.000000 -0.176930 99.008401 0.000000 0.043973 0.019733 
473 5.975637 0.000000 0.117892 99.032625 0.000000 0.030979 0.019254 
474 6.214310 0.000000 0.044186 98.993288 0.000000 0.006379 0.020033 
475 6.134753 0.000000 0.044186 98.999979 0.000000 0.012401 0.019900 
476 6.214310 0.000000 -0.029519 98.993086 0.000000 0.005330 0.020037 
477 6.214310 0.000000 0.117892 98.993251 0.000000 0.011232 0.020034 
478 6.333647 0.000000 0.007334 99.002413 0.000000 0.000000 0.019852 
479 6.293868 0.000000 0.007334 99.007146 0.000000 -0.000000 0.019759 
480 6.333647 0.000000 -0.029519 99.004147 0.000000 0.000000 0.019818 
481 6.333647 0.000000 0.044186 99.004791 0.000000 0.000000 0.019805 
482 5.498292 0.000000 0.412713 98.857290 0.000000 0.149451 0.022721 
483 5.498292 0.000000 0.707535 97.869419 0.000000 0.503642 0.042132 
484 5.657407 0.000000 -0.029519 99.177327 0.000000 0.023688 0.016386 
485 5.498292 0.000000 -0.029519 99.293092 0.000000 0.045617 0.014088 
486 5.657407 0.000000 -0.176930 98.997417 0.000000 0.080996 0.019950 
487 5.657407 0.000000 0.117892 99.017416 0.000000 0.069316 0.019555 
488 5.975637 0.000000 0.265303 99.008177 0.000000 0.041918 0.019738 
489 5.816522 0.000000 0.265303 99.014327 0.000000 0.058919 0.019616 
490 5.975637 0.000000 0.412713 98.940977 0.000000 0.056756 0.021068 
491 5.896080 0.000000 0.044186 99.053624 0.000000 0.022923 0.018838 
492 5.816522 0.000000 0.044186 99.068103 0.000000 0.028290 0.018551 
493 5.896080 0.000000 -0.029519 99.055193 0.000000 0.020652 0.018807 
494 5.975637 0.000000 0.044186 99.029386 0.000000 0.020942 0.019318 
495 5.896080 0.000000 0.117892 99.024153 0.000000 0.044445 0.019422 
496 5.657407 0.000000 0.265303 98.984170 0.000000 0.085469 0.020213 
497 5.498292 0.000000 0.265303 98.905818 0.000000 0.128342 0.021762 
498 5.657407 0.000000 0.412713 98.935505 0.000000 0.108807 0.021175 
499 5.736964 0.000000 0.044186 99.084139 0.000000 0.030165 0.018233 
500 5.657407 0.000000 0.044186 99.174234 0.000000 0.032188 0.016447 
501 5.736964 0.000000 -0.029519 99.093866 0.000000 0.026106 0.018041 
502 5.736964 0.000000 0.117892 99.018163 0.000000 0.061916 0.019540 
503 5.339176 0.000000 -0.029519 99.525813 0.000000 0.051271 0.009461 
504 5.339176 0.000000 -0.176930 99.261854 0.000000 0.106978 0.014707 
505 5.339176 0.000000 0.117892 99.472037 0.000000 0.073352 0.010531 
506 5.577849 0.000000 0.044186 99.252341 0.000000 0.033246 0.014897 
507 5.498292 0.000000 0.044186 99.288951 0.000000 0.046307 0.014170 
508 5.577849 0.000000 -0.029519 99.254241 0.000000 0.030004 0.014859 
509 5.577849 0.000000 0.117892 99.223169 0.000000 0.051746 0.015476 
510 5.339176 0.000000 0.265303 98.971682 0.000000 0.137423 0.020459 
511 5.180061 0.000000 0.265303 99.066622 0.000000 0.234071 0.018575 
512 5.339176 0.000000 0.412713 98.508795 0.000000 0.286343 0.029594 
513 5.418734 0.000000 0.044186 99.321192 0.000000 0.050252 0.013530 
514 5.339176 0.000000 0.044186 99.522788 0.000000 0.052807 0.009521 
515 5.418734 0.000000 -0.029519 99.331111 0.000000 0.048883 0.013333 
516 5.418734 0.000000 0.117892 99.260252 0.000000 0.061182 0.014740 
517 5.498292 0.000000 -0.766573 97.904681 0.000000 0.494939 0.041443 
518 5.498292 0.000000 -1.061395 97.869443 0.000000 0.503636 0.042132 
519 5.657407 0.000000 -0.324341 98.952084 0.000000 0.097276 0.020848 
520 5.498292 0.000000 -0.324341 98.861526 0.000000 0.144486 0.022638 
521 5.657407 0.000000 -0.471751 98.835034 0.000000 0.157025 0.023161 
522 5.816522 0.000000 -0.324341 98.967317 0.000000 0.082777 0.020546 
523 5.577849 0.000000 -0.103224 99.225374 0.000000 0.051769 0.015432 
524 5.498292 0.000000 -0.103224 99.252843 0.000000 0.054296 0.014887 
525 5.577849 0.000000 -0.176930 98.964017 0.000000 0.096364 0.020611 
526 5.657407 0.000000 -0.103224 99.015174 0.000000 0.070280 0.019599 
527 5.538070 0.000000 0.007334 99.299585 0.000000 0.014401 0.013959 
528 5.498292 0.000000 0.007334 99.320827 0.000000 0.016733 0.013537 
529 5.538070 0.000000 -0.029519 99.282176 0.000000 0.029101 0.014305 
530 5.577849 0.000000 0.007334 99.267019 0.000000 0.017237 0.014606 
531 5.538070 0.000000 0.044186 99.270350 0.000000 0.044640 0.014540 
532 5.339176 0.000000 -0.324341 98.686042 0.000000 0.220302 0.026102 
533 5.339176 0.000000 -0.471751 97.939210 0.000000 0.487146 0.040767 
534 5.418734 0.000000 -0.103224 99.265671 0.000000 0.060877 0.014632 
535 5.339176 0.000000 -0.103224 99.442244 0.000000 0.075281 0.011123 
536 5.418734 0.000000 -0.176930 99.118811 0.000000 0.095596 0.017545 
537 5.458513 0.000000 0.007334 99.306645 0.000000 0.046184 0.013819 
538 5.418734 0.000000 0.007334 99.343153 0.000000 0.046811 0.013094 
539 5.458513 0.000000 -0.029519 99.300863 0.000000 0.047375 0.013934 
540 5.458513 0.000000 0.044186 99.296438 0.000000 0.047993 0.014022 
541 5.538070 0.000000 -0.066372 99.258170 0.000000 0.047355 0.014781 
542 5.498292 0.000000 -0.066372 99.275516 0.000000 0.049385 0.014437 
543 5.538070 0.000000 -0.103224 99.237918 0.000000 0.051618 0.015183 
544 5.577849 0.000000 -0.066372 99.241509 0.000000 0.048253 0.015112 
545 5.518181 0.000000 -0.011093 99.310548 0.000000 0.018340 0.013741 
546 5.498292 0.000000 -0.011093 99.297714 0.000000 0.044610 0.013996 
547 5.518181 0.000000 -0.029519 99.288436 0.000000 0.045235 0.014180 
548 5.538070 0.000000 -0.011093 99.298622 0.000000 0.015542 0.013978 
549 5.518181 0.000000 0.007334 99.311030 0.000000 0.012741 0.013732 
550 -27.279443 0.000000 -28.184983 96.973956 0.000000 24.213426 0.000976 
551 -37.462817 0.000000 -28.184983 96.997953 0.000000 24.214395 0.000506 
552 -27.279443 0.000000 -37.619275 96.981843 0.000000 24.198538 0.000895 
553 33.820800 0.000000 -28.184983 97.016237 0.000000 23.910241 0.001615 
554 33.820800 0.000000 -37.619275 97.004270 0.000000 24.023849 0.001303 
555 44.004174 0.000000 -28.184983 97.039848 0.000000 23.938856 0.001020 
556 -12.004382 0.000000 -14.033546 96.806750 0.000000 24.276726 0.003909 
557 -17.096069 0.000000 -14.033546 96.901909 0.000000 24.280977 0.002045 
558 -12.004382 0.000000 -18.750692 96.838427 0.000000 24.217042 0.003585 
559 18.545739 0.000000 -14.033546 96.959289 0.000000 23.110628 0.006480 
560 18.545739 0.000000 -18.750692 96.929105 0.000000 23.545368 0.005036 
561 23.637426 0.000000 -14.033546 97.064680 0.000000 23.233447 0.003865 
562 -4.366852 0.000000 -6.957827 96.169484 0.000000 24.493844 0.015148 
563 -6.912695 0.000000 -6.957827 96.518820 0.000000 24.527381 0.008252 
564 -4.366852 0.000000 -9.316400 96.277802 0.000000 24.269321 0.014158 
565 10.908209 0.000000 -6.957827 96.707236 0.000000 20.839943 0.021341 
566 10.908209 0.000000 -9.316400 96.628122 0.000000 21.981646 0.017981 
567 13.454052 0.000000 -6.957827 97.040234 0.000000 21.080678 0.013880 
568 -0.548087 0.000000 -3.419968 93.975508 0.000000 25.517580 0.051746 
569 -1.821008 0.000000 -3.419968 95.188538 0.000000 25.540744 0.028681 
570 -0.548087 0.000000 -4.599254 94.432118 0.000000 24.611860 0.047683 
571 0.088374 0.000000 -1.651038 92.774187 0.000000 28.872557 0.055933 
572 -0.548087 0.000000 -1.651038 94.546368 0.000000 28.076879 0.027267 
573 0.088374 0.000000 -2.240681 92.597683 0.000000 27.188940 0.068643 
574 1.043066 0.000000 -0.766573 100.610904 0.000000 1.130799 -0.012383 
575 0.724835 0.000000 -0.766573 100.411309 0.000000 1.229963 -0.008394 
576 1.043066 0.000000 -1.061395 100.567643 0.000000 1.179314 -0.011524 
577 3.907139 0.000000 -1.651038 88.125076 0.000000 11.768146 0.209548 
578 3.907139 0.000000 -2.240681 89.390840 0.000000 14.728898 0.179234 
579 2.952448 0.000000 -0.766573 99.644294 0.000000 0.717597 0.007050 
580 2.952448 0.000000 -1.061395 99.490050 0.000000 0.599834 0.010137 
581 3.270679 0.000000 -0.766573 99.009789 0.000000 0.508562 0.019680 
582 0.088374 0.000000 0.707535 100.367270 0.000000 31.753620 -0.108188 
583 -0.548087 0.000000 0.707535 98.164756 0.000000 29.250789 -0.049193 
584 0.088374 0.000000 1.297178 101.712991 0.000000 29.907581 -0.124000 
585 1.043066 0.000000 0.412713 100.611010 0.000000 1.130718 -0.012385 
586 0.724835 0.000000 0.412713 100.411309 0.000000 1.229963 -0.008394 
587 1.043066 0.000000 0.707535 100.567709 0.000000 1.179289 -0.011525 
588 2.952448 0.000000 0.412713 99.643352 0.000000 0.717495 0.007069 
589 3.270679 0.000000 0.412713 99.008895 0.000000 0.508482 0.019698 
590 2.952448 0.000000 0.707535 99.488926 0.000000 0.599643 0.010159 
591 3.588909 0.000000 -0.766573 98.633695 0.000000 0.466242 0.027118 
592 3.588909 0.000000 -1.061395 98.559748 0.000000 0.445831 0.028578 
593 3.907139 0.000000 -0.766573 98.220507 0.000000 0.456751 0.035252 
594 4.225370 0.000000 -0.766573 98.119747 0.000000 0.460307 0.037230 
595 4.225370 0.000000 -1.061395 98.119125 0.000000 0.460787 0.037242 
596 3.588909 0.000000 0.412713 98.632897 0.000000 0.466229 0.027133 
597 3.907139 0.000000 0.412713 98.219869 0.000000 0.456815 0.035265 
598 3.588909 0.000000 0.707535 98.558989 0.000000 0.445809 0.028593 
599 4.225370 0.000000 0.412713 98.119344 0.000000 0.460369 0.037238 
600 4.225370 0.000000 0.707535 98.118667 0.000000 0.460855 0.037251 
601 9.635287 0.000000 -3.419968 96.956312 0.000000 16.961168 0.031179 
602 9.635287 0.000000 -4.599254 96.678495 0.000000 18.620860 0.030653 
603 10.908209 0.000000 -3.419968 97.355175 0.000000 17.437812 0.021789 
604 7.725905 0.000000 -1.651038 96.794658 0.000000 11.743924 0.049287 
605 7.725905 0.000000 -2.240681 96.351084 0.000000 13.558813 0.053263 
606 8.362366 0.000000 -1.651038 97.283210 0.000000 12.258979 0.038569 
607 5.020946 0.000000 0.265303 99.408618 0.000000 0.247064 0.011787 
608 4.861831 0.000000 0.265303 99.985563 0.000000 0.265358 0.000282 
609 5.020946 0.000000 0.412713 97.984511 0.000000 0.478141 0.039881 
610 2.156872 0.000000 -0.619162 100.224695 0.000000 0.891311 -0.004578 
611 2.156872 0.000000 -0.766573 100.217232 0.000000 0.888809 -0.004428 
612 2.315987 0.000000 -0.619162 100.070498 0.000000 0.840076 -0.001481 
613 1.520411 0.000000 -0.619162 100.393932 0.000000 0.966752 -0.007988 
614 1.361296 0.000000 -0.619162 100.507334 0.000000 1.018405 -0.010276 
615 1.520411 0.000000 -0.766573 100.505355 0.000000 1.014554 -0.010236 
616 1.918199 0.000000 -0.398046 100.269341 0.000000 0.916400 -0.005478 
617 1.918199 0.000000 -0.471751 100.265833 0.000000 0.914748 -0.005407 
618 1.997757 0.000000 -0.398046 100.259949 0.000000 0.910060 -0.005289 
619 1.878420 0.000000 -0.287488 104.120242 0.000000 1.017349 -0.084206 
620 1.878420 0.000000 -0.324341 100.516430 0.000000 1.067841 -0.010469 
621 1.918199 0.000000 -0.287488 104.283487 0.000000 0.992919 -0.087603 
622 5.975637 0.000000 -0.324341 98.939187 0.000000 0.067904 0.021103 
623 5.975637 0.000000 -0.471751 98.602679 0.000000 0.194074 0.027747 
624 6.214310 0.000000 -0.103224 98.993031 0.000000 0.011289 0.020038 
625 6.134753 0.000000 -0.103224 98.995101 0.000000 0.020686 0.019997 
626 6.214310 0.000000 -0.176930 98.991358 0.000000 0.012218 0.020071 
627 6.333647 0.000000 -0.066372 99.008002 0.000000 -0.000000 0.019742 
628 6.293868 0.000000 -0.066372 99.008944 0.000000 -0.000000 0.019723 
629 6.333647 0.000000 -0.103224 99.008182 0.000000 -0.000000 0.019738 
630 6.492762 0.000000 -0.066372 98.997214 0.000000 -0.000000 0.019955 
631 6.492762 0.000000 -0.103224 98.997267 0.000000 -0.000000 0.019954 
632 6.532541 0.000000 -0.066372 98.997110 0.000000 -0.000000 0.019957 
633 6.055195 0.000000 0.044186 99.015014 0.000000 0.015505 0.019603 
634 6.055195 0.000000 -0.029519 99.015859 0.000000 0.014429 0.019586 
635 6.055195 0.000000 0.117892 98.993094 0.000000 0.031127 0.020037 
636 5.736964 0.000000 -0.103224 99.016418 0.000000 0.062672 0.019574 
637 5.736964 0.000000 -0.176930 99.003006 0.000000 0.071660 0.019840 
638 5.816522 0.000000 -0.103224 99.012148 0.000000 0.057003 0.019659 
639 5.458513 0.000000 -0.066372 99.281831 0.000000 0.051124 0.014312 
640 5.418734 0.000000 -0.066372 99.298637 0.000000 0.054560 0.013978 
641 5.458513 0.000000 -0.103224 99.257023 0.000000 0.056158 0.014804 
642 4.702716 0.000000 0.265303 99.867015 0.000000 0.324661 0.002647 
643 4.543600 0.000000 0.265303 101.032247 0.000000 0.272977 -0.020759 
644 4.702716 0.000000 0.412713 98.036132 0.000000 0.469920 0.038870 
645 5.896080 0.000000 -0.103224 99.022865 0.000000 0.044933 0.019447 
646 5.896080 0.000000 -0.176930 99.016043 0.000000 0.050883 0.019582 
647 5.975637 0.000000 -0.103224 99.012908 0.000000 0.039215 0.019644 
648 6.055195 0.000000 -0.103224 99.007691 0.000000 0.029880 0.019748 
649 6.055195 0.000000 -0.176930 98.987898 0.000000 0.033535 0.020139 
1 19 21 9 22 
2 20 19 22 4 
3 28 29 3 30 
4 21 28 30 9 
5 35 37 21 38 
6 36 35 38 19 
7 44 45 28 46 
8 37 44 46 21 
9 51 53 37 54 
10 52 51 54 35 
11 60 61 44 62 
12 53 60 62 37 
13 67 69 53 70 
14 68 67 70 51 
15 11 78 76 77 
16 78 10 24 76 
17 76 24 14 79 
18 77 76 79 6 
19 24 82 80 81 
20 82 23 40 80 
21 80 40 27 83 
22 81 80 83 14 
23 40 86 84 85 
24 86 39 56 84 
25 84 56 43 87 
26 85 84 87 27 
27 56 90 88 89 
28 89 88 91 43 
29 92 93 60 94 
30 69 92 94 53 
31 95 97 69 98 
32 96 95 98 67 
33 6 79 112 113 
34 79 14 36 112 
35 112 36 19 114 
36 113 112 114 20 
37 14 83 115 116 
38 83 27 52 115 
39 115 52 35 117 
40 116 115 117 36 
41 27 87 118 119 
42 87 43 68 118 
43 118 68 51 120 
44 119 118 120 52 
45 43 91 121 122 
46 121 96 67 123 
47 122 121 123 68 
48 124 126 95 127 
49 125 124 127 96 
50 133 134 92 135 
51 97 133 135 69 
52 136 137 97 138 
53 126 136 138 95 
54 140 108 141 139 
55 139 141 111 142 
56 108 148 147 141 
57 148 110 149 147 
58 147 149 5 150 
59 141 147 150 111 
60 151 152 133 153 
61 137 151 153 97 
62 110 155 154 149 
63 155 143 156 154 
64 154 156 146 157 
65 149 154 157 5 
66 15 159 158 33 
67 159 17 160 158 
68 158 160 8 161 
69 33 158 161 18 
70 31 163 162 49 
71 163 33 164 162 
72 162 164 18 165 
73 49 162 165 34 
74 167 49 168 166 
75 166 168 34 169 
76 18 161 178 45 
77 161 8 179 178 
78 178 179 29 180 
79 45 178 180 28 
80 34 165 181 61 
81 165 18 182 181 
82 181 182 45 183 
83 61 181 183 44 
84 169 34 185 184 
85 184 185 61 186 
86 93 184 186 60 
87 187 188 93 189 
88 134 187 189 92 
89 190 191 134 192 
90 152 190 192 133 
91 7 204 202 203 
92 204 16 205 202 
93 202 205 15 32 
94 203 202 32 13 
95 13 208 206 207 
96 208 32 209 206 
97 206 209 31 48 
98 207 206 48 26 
99 26 212 210 211 
100 212 48 213 210 
101 210 213 47 64 
102 211 210 64 42 
103 42 216 214 215 
104 216 64 217 214 
105 214 217 63 105 
106 215 214 105 58 
107 105 220 218 219 
108 220 63 221 218 
109 218 221 106 175 
110 219 218 175 104 
111 104 224 222 223 
112 224 175 225 222 
113 222 225 174 195 
114 223 222 195 145 
115 195 232 230 231 
116 232 174 233 230 
117 230 233 196 234 
118 143 236 235 156 
119 236 145 194 235 
120 235 194 107 237 
121 156 235 237 146 
122 145 240 238 239 
123 240 195 231 238 
124 239 238 241 194 
125 242 244 190 245 
126 243 242 245 152 
127 193 234 246 247 
128 234 196 248 246 
129 246 248 177 249 
130 247 246 249 197 
131 231 252 250 251 
132 252 230 253 250 
133 250 253 234 254 
134 251 250 254 193 
135 194 241 255 256 
136 241 193 247 255 
137 255 247 197 257 
138 256 255 257 107 
139 238 260 258 259 
140 260 231 251 258 
141 258 251 193 261 
142 259 258 261 241 
143 12 264 262 263 
144 264 7 203 262 
145 262 203 13 25 
146 263 262 25 10 
147 25 267 265 266 
148 267 13 207 265 
149 265 207 26 41 
150 266 265 41 23 
151 41 270 268 269 
152 270 26 211 268 
153 268 211 42 57 
154 269 268 57 39 
155 57 273 271 272 
156 273 42 215 271 
157 271 215 58 73 
158 272 271 73 55 
159 73 276 274 275 
160 276 58 277 274 
161 274 277 74 109 
162 275 274 109 71 
163 71 280 278 279 
164 280 109 281 278 
165 278 281 108 140 
166 102 284 282 283 
167 284 140 285 282 
168 282 285 139 286 
169 283 282 286 131 
170 55 289 287 288 
171 289 73 275 287 
172 287 275 71 101 
173 288 287 101 72 
174 101 292 290 291 
175 292 71 279 290 
176 88 299 297 298 
177 299 72 100 297 
178 297 100 59 300 
179 298 297 300 91 
180 100 303 301 302 
181 303 99 129 301 
182 301 129 103 304 
183 302 301 304 59 
184 99 307 305 306 
185 307 130 294 305 
186 305 294 128 308 
187 306 305 308 129 
188 103 132 309 310 
189 132 75 311 309 
190 309 311 126 312 
191 310 309 312 124 
192 313 315 75 316 
193 314 313 316 132 
194 294 319 317 318 
195 318 317 321 128 
196 323 283 324 322 
197 322 324 131 325 
198 129 308 326 327 
199 308 128 314 326 
200 326 314 132 328 
201 327 326 328 103 
202 128 321 329 330 
203 321 296 331 329 
204 329 331 313 332 
205 330 329 332 314 
206 317 335 333 334 
207 333 336 296 337 
208 334 333 337 321 
209 290 340 338 339 
210 340 279 341 338 
211 338 341 102 295 
212 339 338 295 130 
213 130 344 342 343 
214 344 295 345 342 
215 342 345 293 319 
216 343 342 319 294 
217 319 348 346 347 
218 348 293 349 346 
219 346 349 320 335 
220 347 346 335 317 
221 75 142 350 311 
222 142 111 351 350 
223 350 351 136 352 
224 311 350 352 126 
225 131 286 353 315 
226 286 139 354 353 
227 353 354 142 355 
228 315 353 355 75 
229 296 325 356 331 
230 325 131 357 356 
231 356 357 315 358 
232 331 356 358 313 
233 320 360 359 336 
234 360 322 361 359 
235 359 361 325 362 
236 336 359 362 296 
237 335 365 363 364 
238 365 320 366 363 
239 363 366 336 367 
240 364 363 367 333 
241 368 369 187 370 
242 191 368 370 134 
243 65 376 375 172 
244 376 166 377 375 
245 375 377 169 378 
246 172 375 378 50 
247 170 380 379 200 
248 380 172 381 379 
249 379 381 50 382 
250 200 379 382 173 
251 384 200 385 383 
252 383 385 173 386 
253 387 389 368 390 
254 388 387 390 191 
255 50 378 396 188 
256 378 169 397 396 
257 396 397 184 398 
258 188 396 398 93 
259 173 382 399 369 
260 382 50 400 399 
261 399 400 188 401 
262 369 399 401 187 
263 386 173 403 402 
264 402 403 369 404 
265 389 402 404 368 
266 406 383 407 405 
267 405 407 386 408 
268 374 395 409 410 
269 395 201 411 409 
270 409 411 389 412 
271 410 409 412 387 
272 413 416 201 417 
273 414 413 417 395 
274 64 419 418 217 
275 419 47 420 418 
276 418 420 65 171 
277 217 418 171 63 
278 63 422 421 221 
279 422 171 423 421 
280 421 423 170 199 
281 221 421 199 106 
282 106 426 424 425 
283 426 199 427 424 
284 424 427 198 372 
285 425 424 372 176 
286 372 430 428 429 
287 430 198 431 428 
288 428 431 373 393 
289 429 428 393 371 
290 393 434 432 433 
291 434 373 435 432 
292 201 408 436 411 
293 408 386 437 436 
294 436 437 402 438 
295 411 436 438 389 
296 440 405 441 439 
297 439 441 408 442 
298 416 439 442 201 
299 415 445 443 444 
300 443 446 416 447 
301 444 443 447 413 
302 199 449 448 427 
303 449 170 450 448 
304 448 450 200 384 
305 427 448 384 198 
306 198 452 451 431 
307 452 384 453 451 
308 451 453 383 406 
309 431 451 406 373 
310 373 455 454 435 
311 455 406 456 454 
312 454 456 405 440 
313 432 459 457 458 
314 459 435 460 457 
315 457 460 394 445 
316 458 457 445 415 
317 394 462 461 446 
318 462 440 463 461 
319 461 463 439 464 
320 446 461 464 416 
321 445 467 465 466 
322 467 394 468 465 
323 465 468 446 469 
324 466 465 469 443 
325 392 476 474 475 
326 476 391 414 474 
327 474 414 395 477 
328 475 474 477 374 
329 391 480 478 479 
330 480 415 444 478 
331 478 444 413 481 
332 479 478 481 414 
333 482 388 191 483 
334 244 482 483 190 
335 66 473 488 489 
336 473 374 410 488 
337 488 410 387 490 
338 489 488 490 388 
339 471 493 491 492 
340 493 470 494 491 
341 491 494 473 495 
342 492 491 495 66 
343 229 487 496 497 
344 487 66 489 496 
345 496 489 388 498 
346 497 496 498 482 
347 484 501 499 500 
348 501 471 492 499 
349 499 492 66 502 
350 500 499 502 487 
351 196 504 503 248 
352 248 503 505 177 
353 508 484 500 506 
354 506 500 487 509 
355 507 506 509 229 
356 177 505 510 511 
357 505 229 497 510 
358 510 497 482 512 
359 511 510 512 244 
360 503 515 513 514 
361 513 507 229 516 
362 514 513 516 505 
363 175 518 517 225 
364 518 106 425 517 
365 517 425 176 227 
366 225 517 227 174 
367 227 521 519 520 
368 521 176 522 519 
369 519 522 228 486 
370 520 519 486 226 
371 226 525 523 524 
372 525 486 526 523 
373 523 526 484 508 
374 529 508 530 527 
375 527 530 506 531 
376 528 527 531 507 
377 174 533 532 233 
378 533 227 520 532 
379 532 520 226 504 
380 233 532 504 196 
381 504 536 534 535 
382 536 226 524 534 
383 535 534 515 503 
384 515 539 537 538 
385 539 485 528 537 
386 537 528 507 540 
387 538 537 540 513 
388 524 543 541 542 
389 543 523 544 541 
390 541 544 508 529 
391 542 541 529 485 
392 485 547 545 546 
393 547 529 548 545 
394 545 548 527 549 
395 546 545 549 528 
396 1 552 550 551 
397 552 12 263 550 
398 550 263 10 78 
399 551 550 78 11 
400 16 554 553 205 
401 554 2 555 553 
402 553 555 17 159 
403 205 553 159 15 
404 10 558 556 557 
405 558 25 266 556 
406 556 266 23 82 
407 557 556 82 24 
408 32 560 559 209 
409 560 15 561 559 
410 559 561 33 163 
411 209 559 163 31 
412 23 564 562 563 
413 564 41 269 562 
414 562 269 39 86 
415 563 562 86 40 
416 48 566 565 213 
417 566 31 567 565 
418 565 567 49 167 
419 213 565 167 47 
420 39 570 568 569 
421 570 57 272 568 
422 568 272 55 90 
423 569 568 90 56 
424 90 573 571 572 
425 573 55 288 571 
426 571 288 72 299 
427 572 571 299 88 
428 72 576 574 575 
429 576 101 291 574 
430 574 291 99 303 
431 575 574 303 100 
432 58 578 577 277 
433 578 105 219 577 
434 577 219 104 144 
435 277 577 144 74 
436 109 580 579 281 
437 580 74 581 579 
438 579 581 110 148 
439 281 579 148 108 
440 91 300 582 583 
441 300 59 125 582 
442 582 125 96 584 
443 583 582 584 121 
444 59 304 585 586 
445 304 103 310 585 
446 585 310 124 587 
447 586 585 587 125 
448 111 150 588 351 
449 150 5 589 588 
450 588 589 137 590 
451 351 588 590 136 
452 74 592 591 581 
453 592 144 593 591 
454 591 593 143 155 
455 581 591 155 110 
456 144 595 594 593 
457 595 104 223 594 
458 594 223 145 236 
459 593 594 236 143 
460 5 157 596 589 
461 157 146 597 596 
462 596 597 151 598 
463 589 596 598 137 
464 146 237 599 597 
465 237 107 243 599 
466 599 243 152 600 
467 597 599 600 151 
468 47 602 601 420 
469 602 167 603 601 
470 601 603 166 376 
471 420 601 376 65 
472 171 605 604 423 
473 605 65 606 604 
474 604 606 172 380 
475 423 604 380 170 
476 197 249 607 608 
477 249 177 511 607 
478 607 511 244 609 
479 608 607 609 242 
480 279 611 610 341 
481 611 278 612 610 
482 610 612 140 284 
483 341 610 284 102 
484 291 615 613 614 
485 615 290 339 613 
486 613 339 130 307 
487 614 613 307 99 
488 295 617 616 345 
489 617 102 618 616 
490 616 618 283 323 
491 345 616 323 293 
492 293 620 619 349 
493 620 323 621 619 
494 619 621 322 360 
495 349 619 360 320 
496 176 623 622 522 
497 623 372 429 622 
498 622 429 371 472 
499 522 622 472 228 
500 371 626 624 625 
501 626 393 433 624 
502 624 433 391 476 
503 625 624 476 392 
504 433 629 627 628 
505 629 432 458 627 
506 627 458 415 480 
507 628 627 480 391 
508 435 631 630 460 
509 631 454 632 630 
510 630 632 440 462 
511 460 630 462 394 
512 470 634 633 494 
513 634 392 475 633 
514 633 475 374 635 
515 494 633 635 473 
516 486 637 636 526 
517 637 228 638 636 
518 636 638 471 501 
519 526 636 501 484 
520 534 641 639 640 
521 641 524 542 639 
522 639 542 485 539 
523 640 639 539 515 
524 107 257 642 643 
525 257 197 608 642 
526 642 608 242 644 
527 643 642 644 243 
528 228 646 645 638 
529 646 472 647 645 
530 645 647 470 493 
531 638 645 493 471 
532 472 649 648 647 
533 649 371 625 648 
534 648 625 392 634 
535 647 648 634 470 
