2 0.000000 100.000000 473.401889
711 589 
1 -23.048637 0.000000 -23.027644 99.014110 0.000000 13.921077 0.000241 
2 26.809609 0.000000 -23.027644 99.022825 0.000000 13.854788 0.000252 
3 26.809609 0.000000 23.273293 99.052479 0.000000 13.800394 -0.000184 
4 -23.048637 0.000000 23.273293 99.042994 0.000000 13.919417 -0.000326 
5 1.880486 0.000000 0.122824 89.031290 0.000000 0.096156 0.207342 
6 -23.048637 0.000000 0.122824 99.030018 0.000000 13.937415 -0.000120 
7 1.880486 0.000000 -23.027644 98.990026 0.000000 13.877118 0.000840 
8 26.809609 0.000000 0.122824 99.275024 0.000000 12.129345 -0.000265 
9 1.880486 0.000000 23.273293 99.075033 0.000000 13.863596 -0.000806 
10 -10.584076 0.000000 -11.452410 98.972401 0.000000 13.932417 0.001035 
11 -23.048637 0.000000 -11.452410 99.015290 0.000000 13.930318 0.000192 
12 -10.584076 0.000000 -23.027644 98.998905 0.000000 13.911208 0.000570 
13 1.880486 0.000000 -11.452410 98.878483 0.000000 13.727965 0.003459 
14 -10.584076 0.000000 0.122824 99.041345 0.000000 13.996711 -0.000510 
15 14.345048 0.000000 -11.452410 99.018236 0.000000 13.678033 0.000830 
16 14.345048 0.000000 -23.027644 99.008468 0.000000 13.853104 0.000541 
17 26.809609 0.000000 -11.452410 99.040954 0.000000 13.732360 0.000231 
18 14.345048 0.000000 0.122824 99.857204 0.000000 8.048151 -0.003623 
19 -10.584076 0.000000 11.698058 99.096826 0.000000 13.924651 -0.001408 
20 -23.048637 0.000000 11.698058 99.043617 0.000000 13.928872 -0.000365 
21 1.880486 0.000000 11.698058 99.238161 0.000000 13.671661 -0.003513 
22 -10.584076 0.000000 23.273293 99.061311 0.000000 13.906366 -0.000653 
23 -4.351795 0.000000 -5.664793 98.792440 0.000000 13.947584 0.004552 
24 -10.584076 0.000000 -5.664793 98.976714 0.000000 13.972819 0.000837 
25 -4.351795 0.000000 -11.452410 98.908921 0.000000 13.888791 0.002413 
26 1.880486 0.000000 -5.664793 98.458021 0.000000 13.191093 0.013201 
27 -4.351795 0.000000 0.122824 99.081159 0.000000 14.258600 -0.002038 
28 14.345048 0.000000 11.698058 99.117173 0.000000 13.473376 -0.000575 
29 26.809609 0.000000 11.698058 99.120546 0.000000 13.298187 -0.000172 
30 14.345048 0.000000 23.273293 99.062358 0.000000 13.822965 -0.000443 
31 8.112767 0.000000 -5.664793 99.053911 0.000000 13.054372 0.001791 
32 8.112767 0.000000 -11.452410 98.969791 0.000000 13.638319 0.001898 
33 14.345048 0.000000 -5.664793 99.091646 0.000000 13.265085 0.000488 
34 8.112767 0.000000 0.122824 101.622295 0.000000 -1.386973 -0.032901 
35 -4.351795 0.000000 5.910441 99.336984 0.000000 13.920346 -0.006161 
36 -10.584076 0.000000 5.910441 99.100648 0.000000 13.966328 -0.001600 
37 1.880486 0.000000 5.910441 99.769567 0.000000 13.012871 -0.012330 
38 -4.351795 0.000000 11.698058 99.173949 0.000000 13.866159 -0.002774 
39 -1.235654 0.000000 -2.770984 98.043377 0.000000 14.127275 0.018792 
40 -4.351795 0.000000 -2.770984 98.809351 0.000000 14.108859 0.003765 
41 -1.235654 0.000000 -5.664793 98.546946 0.000000 13.749068 0.009946 
42 1.880486 0.000000 -2.770984 96.944136 0.000000 11.376156 0.047242 
43 -1.235654 0.000000 0.122824 99.038859 0.000000 15.418902 -0.004644 
44 8.112767 0.000000 5.910441 99.277520 0.000000 12.415904 -0.001018 
45 14.345048 0.000000 5.910441 99.323379 0.000000 11.972751 -0.000848 
46 8.112767 0.000000 11.698058 99.168102 0.000000 13.514382 -0.001695 
47 4.996626 0.000000 -2.770984 99.230036 0.000000 10.732580 0.003821 
48 4.996626 0.000000 -5.664793 98.833188 0.000000 12.902903 0.006552 
49 8.112767 0.000000 -2.770984 99.416373 0.000000 12.035048 -0.002846 
50 4.996626 0.000000 0.122824 104.406516 0.000000 -20.692724 -0.132891 
51 -1.235654 0.000000 3.016633 100.200961 0.000000 14.061745 -0.023797 
52 -4.351795 0.000000 3.016633 99.342325 0.000000 14.108579 -0.006795 
53 1.880486 0.000000 3.016633 101.571384 0.000000 11.081699 -0.043955 
54 -1.235654 0.000000 5.910441 99.638773 0.000000 13.677434 -0.011496 
55 0.322416 0.000000 -1.324080 94.814267 0.000000 14.791781 0.079146 
56 -1.235654 0.000000 -1.324080 98.091232 0.000000 14.924885 0.015536 
57 0.322416 0.000000 -2.770984 97.069370 0.000000 13.372217 0.039872 
58 1.880486 0.000000 -1.324080 92.992018 0.000000 6.261612 0.131328 
59 0.322416 0.000000 0.122824 100.055599 0.000000 0.000000 -0.001112 
60 4.996626 0.000000 3.016633 99.577117 0.000000 9.400024 -0.000396 
61 8.112767 0.000000 3.016633 99.572245 0.000000 9.353677 -0.000212 
62 4.996626 0.000000 5.910441 99.451359 0.000000 12.521648 -0.004736 
63 3.438556 0.000000 -1.324080 98.636153 0.000000 4.299401 0.025242 
64 3.438556 0.000000 -2.770984 98.247551 0.000000 10.357685 0.024014 
65 4.996626 0.000000 -1.324080 100.539815 0.000000 6.549143 -0.015115 
66 3.438556 0.000000 0.122824 99.508805 0.000000 -0.000000 0.009800 
67 0.322416 0.000000 1.569728 103.511691 0.000000 14.734926 -0.093179 
68 -1.235654 0.000000 1.569728 100.212601 0.000000 14.906772 -0.026478 
69 1.880486 0.000000 1.569728 105.747978 0.000000 6.496875 -0.122484 
70 0.322416 0.000000 3.016633 101.265281 0.000000 13.215053 -0.042929 
71 1.101451 0.000000 -0.600628 91.519089 0.000000 -0.707044 0.162376 
72 0.322416 0.000000 -0.600628 92.919382 0.000000 18.202192 0.103467 
73 1.101451 0.000000 -1.324080 92.239653 0.000000 11.330863 0.136346 
74 1.880486 0.000000 -0.600628 96.661438 0.000000 0.673602 0.065611 
75 1.101451 0.000000 0.122824 74.247632 0.000000 -0.121911 0.448727 
76 3.438556 0.000000 1.569728 101.040026 0.000000 3.446237 -0.022096 
77 4.996626 0.000000 1.569728 99.442437 0.000000 3.525865 0.009877 
78 3.438556 0.000000 3.016633 100.483586 0.000000 9.648380 -0.019004 
79 2.659521 0.000000 -0.600628 95.551023 0.000000 -5.502290 0.083973 
80 2.659521 0.000000 -1.324080 96.171098 0.000000 3.974710 0.073532 
81 3.438556 0.000000 -0.600628 99.995181 0.000000 -4.139758 -0.001617 
82 2.659521 0.000000 0.122824 99.817977 0.000000 0.000000 0.003637 
83 1.101451 0.000000 0.846276 90.431514 0.000000 -0.993900 0.182115 
84 0.322416 0.000000 0.846276 104.460331 0.000000 18.650392 -0.125980 
85 1.880486 0.000000 0.846276 97.267290 0.000000 0.842810 0.053836 
86 1.101451 0.000000 1.569728 106.139909 0.000000 11.523602 -0.139847 
87 1.490968 0.000000 -0.238902 94.082117 0.000000 -0.015480 0.114856 
88 1.101451 0.000000 -0.238902 93.507128 0.000000 -0.168036 0.125639 
89 1.490968 0.000000 -0.600628 94.069943 0.000000 -0.018925 0.115085 
90 1.880486 0.000000 -0.238902 94.618559 0.000000 0.126156 0.104731 
91 1.490968 0.000000 0.122824 76.814070 0.000000 -0.007900 0.409960 
92 -16.816357 0.000000 -5.664793 99.011734 0.000000 13.947699 0.000214 
93 -23.048637 0.000000 -5.664793 99.020969 0.000000 13.935445 0.000065 
94 -16.816357 0.000000 -11.452410 99.002873 0.000000 13.934276 0.000427 
95 -16.816357 0.000000 0.122824 99.032796 0.000000 13.954175 -0.000221 
96 -7.467935 0.000000 -2.770984 98.958949 0.000000 14.037009 0.001009 
97 -10.584076 0.000000 -2.770984 99.001309 0.000000 13.995612 0.000286 
98 -7.467935 0.000000 -5.664793 98.923689 0.000000 13.977921 0.001872 
99 -7.467935 0.000000 0.122824 99.054161 0.000000 14.067472 -0.000962 
100 -2.793725 0.000000 -1.324080 98.735750 0.000000 14.412516 0.004353 
101 -4.351795 0.000000 -1.324080 98.912680 0.000000 14.218872 0.001411 
102 -2.793725 0.000000 -2.770984 98.583016 0.000000 14.167403 0.008067 
103 -2.793725 0.000000 0.122824 99.110834 0.000000 14.536118 -0.003426 
104 -0.456619 0.000000 -0.600628 98.265235 0.000000 16.267793 0.007930 
105 -1.235654 0.000000 -0.600628 98.524817 0.000000 15.277834 0.005945 
106 -0.456619 0.000000 -1.324080 97.154531 0.000000 15.242917 0.032865 
107 -0.456619 0.000000 0.122824 98.112254 0.000000 15.501077 0.013370 
108 0.711933 0.000000 -0.238902 91.044082 0.000000 -0.825659 0.171029 
109 0.322416 0.000000 -0.238902 89.037974 0.000000 15.930188 0.181847 
110 0.711933 0.000000 -0.600628 88.543058 0.000000 15.613616 0.191634 
111 0.711933 0.000000 0.122824 95.227009 0.000000 -0.254272 0.093175 
112 2.659521 0.000000 0.846276 104.351447 0.000000 -6.221697 -0.092793 
113 3.438556 0.000000 0.846276 101.354840 0.000000 -7.732038 -0.033259 
114 2.659521 0.000000 1.569728 103.086459 0.000000 3.864906 -0.064176 
115 1.490968 0.000000 0.484550 94.081311 0.000000 -0.015756 0.114871 
116 1.101451 0.000000 0.484550 92.834744 0.000000 -0.323487 0.138161 
117 1.880486 0.000000 0.484550 95.401089 0.000000 0.322007 0.089853 
118 1.490968 0.000000 0.846276 94.795688 0.000000 0.189676 0.101374 
119 1.296210 0.000000 -0.058039 55.894884 0.000000 -0.059384 0.687576 
120 1.101451 0.000000 -0.058039 71.361468 0.000000 -0.088223 0.490753 
121 1.296210 0.000000 -0.238902 93.742602 0.000000 -0.105812 0.121231 
122 1.490968 0.000000 -0.058039 69.719908 0.000000 -0.006441 0.513913 
123 1.296210 0.000000 0.122824 68.089865 0.000000 -0.080777 0.536376 
124 2.270004 0.000000 -0.238902 96.932139 0.000000 0.748913 0.060360 
125 2.270004 0.000000 -0.600628 91.682046 0.000000 -4.629568 0.157297 
126 2.659521 0.000000 -0.238902 94.855083 0.000000 -9.719640 0.090804 
127 2.270004 0.000000 0.122824 98.017307 0.000000 0.270963 0.039253 
128 1.685727 0.000000 -0.058039 74.210259 0.000000 0.044164 0.449284 
129 1.685727 0.000000 -0.238902 94.408250 0.000000 0.071126 0.108708 
130 1.880486 0.000000 -0.058039 85.320992 0.000000 0.069565 0.272032 
131 1.685727 0.000000 0.122824 80.639617 0.000000 0.061165 0.349725 
132 2.270004 0.000000 0.484550 97.124517 0.000000 0.799468 0.056619 
133 2.659521 0.000000 0.484550 105.806769 0.000000 -23.451920 -0.174507 
134 2.270004 0.000000 0.846276 107.579214 0.000000 -4.858076 -0.159689 
135 2.075245 0.000000 -0.058039 96.682971 0.000000 0.193514 0.065237 
136 2.075245 0.000000 -0.238902 96.252094 0.000000 0.563105 0.073522 
137 2.270004 0.000000 -0.058039 98.194238 0.000000 0.185118 0.035786 
138 2.075245 0.000000 0.122824 96.637742 0.000000 0.248753 0.066108 
139 20.577329 0.000000 -5.664793 99.085052 0.000000 13.404139 0.000248 
140 20.577329 0.000000 -11.452410 99.035489 0.000000 13.707701 0.000407 
141 26.809609 0.000000 -5.664793 99.078990 0.000000 13.488013 0.000143 
142 20.577329 0.000000 0.122824 99.391905 0.000000 11.296063 -0.000635 
143 11.228907 0.000000 -2.770984 99.238564 0.000000 12.432268 -0.000285 
144 11.228907 0.000000 -5.664793 99.088374 0.000000 13.147738 0.000863 
145 14.345048 0.000000 -2.770984 99.201292 0.000000 12.614071 -0.000001 
146 11.228907 0.000000 0.122824 100.822386 0.000000 1.344023 -0.016696 
147 6.554697 0.000000 -1.324080 100.696902 0.000000 9.342645 -0.022715 
148 6.554697 0.000000 -2.770984 99.512417 0.000000 11.508932 -0.003518 
149 8.112767 0.000000 -1.324080 99.860454 0.000000 10.599859 -0.008447 
150 6.554697 0.000000 0.122824 107.852043 0.000000 -14.368460 -0.183852 
151 4.217591 0.000000 -0.600628 100.851569 0.000000 -2.460280 -0.017709 
152 4.217591 0.000000 -1.324080 99.823711 0.000000 5.391508 0.000616 
153 4.996626 0.000000 -0.600628 101.410997 0.000000 -3.852675 -0.029903 
154 4.217591 0.000000 0.122824 100.724884 0.000000 -23.407606 -0.069342 
155 3.049039 0.000000 -0.238902 98.532006 0.000000 -10.643408 0.017816 
156 3.049039 0.000000 -0.600628 98.490234 0.000000 -5.205944 0.027257 
157 3.438556 0.000000 -0.238902 97.880927 0.000000 -11.877291 0.027825 
158 3.049039 0.000000 0.122824 100.176069 0.000000 0.000000 -0.003524 
159 2.464762 0.000000 -0.058039 99.033449 0.000000 0.148622 0.019235 
160 2.464762 0.000000 -0.238902 97.545041 0.000000 0.889359 0.048417 
161 2.659521 0.000000 -0.058039 99.781467 0.000000 0.000000 0.004366 
162 2.464762 0.000000 0.122824 98.868928 0.000000 0.229151 0.022488 
163 20.577329 0.000000 5.910441 99.406810 0.000000 11.263070 -0.000857 
164 26.809609 0.000000 5.910441 99.582932 0.000000 9.982395 -0.001641 
165 20.577329 0.000000 11.698058 99.112899 0.000000 13.397836 -0.000287 
166 11.228907 0.000000 3.016633 99.853409 0.000000 8.095337 -0.003624 
167 14.345048 0.000000 3.016633 100.183261 0.000000 5.799123 -0.007032 
168 11.228907 0.000000 5.910441 99.315275 0.000000 12.191341 -0.001215 
169 6.554697 0.000000 1.569728 100.172149 0.000000 0.767141 -0.003505 
170 8.112767 0.000000 1.569728 102.311117 0.000000 -9.399490 -0.055592 
171 6.554697 0.000000 3.016633 99.357633 0.000000 9.577431 0.003633 
172 4.217591 0.000000 0.846276 101.394495 0.000000 -10.154934 -0.038397 
173 4.996626 0.000000 0.846276 102.891913 0.000000 -16.344656 -0.085389 
174 4.217591 0.000000 1.569728 100.058943 0.000000 3.578004 -0.002459 
175 3.049039 0.000000 0.484550 103.407907 0.000000 -25.813506 -0.135953 
176 3.438556 0.000000 0.484550 102.654819 0.000000 -26.446922 -0.123745 
177 3.049039 0.000000 0.846276 102.330613 0.000000 -6.923988 -0.051950 
178 2.854280 0.000000 -0.058039 100.063339 0.000000 0.000000 -0.001267 
179 2.854280 0.000000 -0.238902 96.888554 0.000000 -10.461297 0.050317 
180 3.049039 0.000000 -0.058039 100.209986 0.000000 -0.000000 -0.004204 
181 2.854280 0.000000 0.122824 100.075682 0.000000 0.000000 -0.001514 
182 3.828074 0.000000 -0.238902 98.602958 0.000000 -17.883311 -0.004236 
183 3.828074 0.000000 -0.600628 100.873784 0.000000 -3.155779 -0.018548 
184 4.217591 0.000000 -0.238902 91.989057 0.000000 -39.261337 -0.000344 
185 3.828074 0.000000 0.122824 97.290704 0.000000 0.000000 0.053452 
186 1.685727 0.000000 0.303687 94.452332 0.000000 0.082987 0.107875 
187 1.490968 0.000000 0.303687 94.088262 0.000000 -0.013794 0.114740 
188 1.880486 0.000000 0.303687 94.677410 0.000000 0.141740 0.103617 
189 1.685727 0.000000 0.484550 94.362661 0.000000 0.058863 0.109568 
190 1.783107 0.000000 0.032393 84.382780 0.000000 0.348857 0.287942 
191 1.685727 0.000000 0.032393 84.421269 0.000000 0.313440 0.287295 
192 1.783107 0.000000 -0.058039 77.351286 0.000000 0.060062 0.401677 
193 1.880486 0.000000 0.032393 84.614238 0.000000 0.068632 0.284043 
194 1.783107 0.000000 0.122824 84.893595 0.000000 0.093927 0.279307 
195 2.075245 0.000000 0.303687 96.273141 0.000000 0.568354 0.073116 
196 2.270004 0.000000 0.303687 96.938959 0.000000 0.750270 0.060228 
197 2.075245 0.000000 0.484550 96.497535 0.000000 0.625245 0.068783 
198 1.977865 0.000000 0.032393 91.629104 0.000000 0.119196 0.160409 
199 1.977865 0.000000 -0.058039 90.767255 0.000000 0.142552 0.176129 
200 2.075245 0.000000 0.032393 96.595987 0.000000 0.166584 0.066919 
201 1.977865 0.000000 0.122824 93.392189 0.000000 0.228491 0.127785 
202 1.783107 0.000000 0.213256 94.632865 0.000000 0.130608 0.104460 
203 1.685727 0.000000 0.213256 94.489232 0.000000 0.092947 0.107178 
204 1.880486 0.000000 0.213256 94.726807 0.000000 0.154819 0.102681 
205 1.783107 0.000000 0.303687 94.586442 0.000000 0.118194 0.105339 
206 1.831796 0.000000 0.077608 81.562779 0.000000 0.073304 0.334751 
207 1.783107 0.000000 0.077608 84.796389 0.000000 0.337832 0.280946 
208 1.831796 0.000000 0.032393 86.727864 0.000000 0.396466 0.247812 
209 1.880486 0.000000 0.077608 86.062048 0.000000 0.078684 0.259332 
210 1.831796 0.000000 0.122824 88.918052 0.000000 0.118837 0.209357 
211 -4.351795 0.000000 -17.240027 98.966101 0.000000 13.889613 0.001279 
212 -10.584076 0.000000 -17.240027 98.986767 0.000000 13.915820 0.000797 
213 -4.351795 0.000000 -23.027644 98.991101 0.000000 13.896786 0.000764 
214 1.880486 0.000000 -17.240027 98.961296 0.000000 13.843906 0.001501 
215 -1.235654 0.000000 -8.558602 98.769115 0.000000 13.765255 0.005518 
216 -4.351795 0.000000 -8.558602 98.853820 0.000000 13.894457 0.003487 
217 -1.235654 0.000000 -11.452410 98.882436 0.000000 13.808969 0.003158 
218 1.880486 0.000000 -8.558602 98.769939 0.000000 13.561634 0.006058 
219 0.322416 0.000000 -4.217889 98.016517 0.000000 13.357371 0.021434 
220 -1.235654 0.000000 -4.217889 98.326311 0.000000 13.809726 0.014123 
221 0.322416 0.000000 -5.664793 98.443131 0.000000 13.491089 0.012694 
222 1.880486 0.000000 -4.217889 98.037518 0.000000 12.653725 0.022853 
223 1.101451 0.000000 -2.047532 95.311586 0.000000 11.952633 0.077284 
224 0.322416 0.000000 -2.047532 96.191998 0.000000 13.645611 0.056090 
225 1.101451 0.000000 -2.770984 96.769625 0.000000 12.431863 0.048109 
226 1.880486 0.000000 -2.047532 95.665349 0.000000 9.833381 0.075145 
227 1.490968 0.000000 -0.962354 88.908625 0.000000 6.773941 0.204937 
228 1.101451 0.000000 -0.962354 89.259388 0.000000 11.103985 0.190946 
229 1.490968 0.000000 -1.324080 92.100037 0.000000 8.683836 0.144217 
230 1.880486 0.000000 -0.962354 90.595344 0.000000 2.979681 0.178361 
231 1.685727 0.000000 -0.419765 94.320080 0.000000 0.047455 0.110372 
232 1.490968 0.000000 -0.419765 94.074959 0.000000 -0.017496 0.114990 
233 1.685727 0.000000 -0.600628 95.776954 0.000000 0.431045 0.082659 
234 1.880486 0.000000 -0.419765 95.897543 0.000000 0.463157 0.080345 
235 1.783107 0.000000 -0.148470 89.584226 0.000000 0.096199 0.197466 
236 1.685727 0.000000 -0.148470 86.506259 0.000000 0.068300 0.251666 
237 1.783107 0.000000 -0.238902 94.531473 0.000000 0.103517 0.106379 
238 1.880486 0.000000 -0.148470 89.542269 0.000000 0.114761 0.198217 
239 1.831796 0.000000 -0.012823 76.019431 0.000000 0.035156 0.422104 
240 1.783107 0.000000 -0.012823 76.313572 0.000000 0.049215 0.417624 
241 1.831796 0.000000 -0.058039 80.329046 0.000000 0.062721 0.354724 
242 1.880486 0.000000 -0.012823 84.106491 0.000000 0.064481 0.292609 
243 1.977865 0.000000 0.213256 95.560759 0.000000 0.364791 0.086801 
244 2.075245 0.000000 0.213256 96.290409 0.000000 0.572643 0.072783 
245 1.977865 0.000000 0.303687 95.788801 0.000000 0.425206 0.082432 
246 1.929176 0.000000 0.077608 88.957681 0.000000 0.088687 0.208652 
247 1.929176 0.000000 0.032393 89.037658 0.000000 0.072287 0.207229 
248 1.977865 0.000000 0.077608 90.761117 0.000000 0.158196 0.176239 
249 1.929176 0.000000 0.122824 89.605781 0.000000 0.098346 0.197079 
250 1.856141 0.000000 0.055001 82.233178 0.000000 0.064426 0.323770 
251 1.831796 0.000000 0.055001 94.115421 0.000000 0.739309 0.114174 
252 1.856141 0.000000 0.032393 81.029052 0.000000 0.057872 0.343429 
253 1.880486 0.000000 0.055001 85.349321 0.000000 0.073570 0.271549 
254 1.856141 0.000000 0.077608 85.544312 0.000000 0.076816 0.268216 
255 1.588348 0.000000 0.032393 80.339716 0.000000 0.165019 0.354550 
256 1.490968 0.000000 0.032393 78.913867 0.000000 0.042082 0.377260 
257 1.588348 0.000000 -0.058039 70.424639 0.000000 0.020806 0.504037 
258 1.588348 0.000000 0.122824 80.604650 0.000000 0.032825 0.350289 
259 1.734417 0.000000 0.077608 85.392229 0.000000 0.307271 0.270807 
260 1.685727 0.000000 0.077608 82.855043 0.000000 0.223404 0.313499 
261 1.734417 0.000000 0.032393 84.999545 0.000000 0.337114 0.277496 
262 1.734417 0.000000 0.122824 80.844698 0.000000 0.073457 0.346413 
263 1.807451 0.000000 0.055001 91.881391 0.000000 0.661627 0.155737 
264 1.783107 0.000000 0.055001 90.208222 0.000000 0.586683 0.186213 
265 1.807451 0.000000 0.032393 84.845279 0.000000 0.390276 0.280113 
266 1.807451 0.000000 0.077608 78.970365 0.000000 0.065431 0.376368 
267 8.112767 0.000000 -17.240027 98.982731 0.000000 13.809231 0.001172 
268 8.112767 0.000000 -23.027644 98.997688 0.000000 13.860686 0.000734 
269 14.345048 0.000000 -17.240027 99.006767 0.000000 13.801887 0.000717 
270 4.996626 0.000000 -8.558602 98.870026 0.000000 13.430955 0.004433 
271 4.996626 0.000000 -11.452410 98.923563 0.000000 13.655672 0.002765 
272 8.112767 0.000000 -8.558602 98.969440 0.000000 13.432655 0.002461 
273 3.438556 0.000000 -4.217889 98.455418 0.000000 12.205260 0.015756 
274 3.438556 0.000000 -5.664793 98.627843 0.000000 12.963786 0.010449 
275 4.996626 0.000000 -4.217889 98.890375 0.000000 12.210379 0.007160 
276 2.659521 0.000000 -2.047532 96.982105 0.000000 8.524358 0.052181 
277 2.659521 0.000000 -2.770984 97.541314 0.000000 10.626097 0.037278 
278 3.438556 0.000000 -2.047532 98.242330 0.000000 8.259357 0.028023 
279 2.270004 0.000000 -0.962354 93.251286 0.000000 0.704962 0.130370 
280 2.270004 0.000000 -1.324080 94.516257 0.000000 4.682981 0.104475 
281 2.659521 0.000000 -0.962354 95.807207 0.000000 -0.095094 0.082097 
282 2.075245 0.000000 -0.419765 96.706878 0.000000 0.684331 0.064731 
283 2.075245 0.000000 -0.600628 97.279553 0.000000 0.844282 0.053598 
284 2.270004 0.000000 -0.419765 97.293884 0.000000 0.845976 0.053318 
285 1.977865 0.000000 -0.148470 95.875778 0.000000 0.321773 0.080773 
286 1.977865 0.000000 -0.238902 95.990270 0.000000 0.487419 0.078563 
287 2.075245 0.000000 -0.148470 96.237771 0.000000 0.412589 0.073812 
288 1.929176 0.000000 -0.012823 88.897869 0.000000 0.068902 0.209716 
289 1.929176 0.000000 -0.058039 88.602785 0.000000 0.079262 0.214954 
290 1.977865 0.000000 -0.012823 91.831978 0.000000 0.109233 0.156688 
291 1.856141 0.000000 0.009785 79.815670 0.000000 0.051626 0.362946 
292 1.831796 0.000000 0.009785 75.268941 0.000000 0.032203 0.433459 
293 1.856141 0.000000 -0.012823 79.905366 0.000000 0.051445 0.361513 
294 1.880486 0.000000 0.009785 84.090587 0.000000 0.065119 0.292877 
295 1.843969 0.000000 0.043697 93.873485 0.000000 0.713222 0.118726 
296 1.831796 0.000000 0.043697 93.373899 0.000000 0.696548 0.128083 
297 1.843969 0.000000 0.032393 80.170282 0.000000 0.054515 0.357272 
298 1.856141 0.000000 0.043697 81.666394 0.000000 0.061272 0.333060 
299 1.843969 0.000000 0.055001 94.805003 0.000000 0.753205 0.101144 
300 -16.816357 0.000000 5.910441 99.052832 0.000000 13.945632 -0.000594 
301 -23.048637 0.000000 5.910441 99.038742 0.000000 13.934579 -0.000284 
302 -16.816357 0.000000 11.698058 99.059436 0.000000 13.931179 -0.000685 
303 -7.467935 0.000000 3.016633 99.145473 0.000000 14.029375 -0.002665 
304 -10.584076 0.000000 3.016633 99.079447 0.000000 13.991823 -0.001251 
305 -7.467935 0.000000 5.910441 99.170800 0.000000 13.966294 -0.002991 
306 -2.793725 0.000000 1.569728 99.485851 0.000000 14.395032 -0.010465 
307 -4.351795 0.000000 1.569728 99.246748 0.000000 14.208707 -0.005180 
308 -2.793725 0.000000 3.016633 99.619669 0.000000 14.131105 -0.012377 
309 -0.456619 0.000000 0.846276 100.283145 0.000000 16.620293 -0.033294 
310 -1.235654 0.000000 0.846276 99.710016 0.000000 15.354235 -0.017784 
311 -0.456619 0.000000 1.569728 101.226387 0.000000 15.165308 -0.047677 
312 0.711933 0.000000 0.484550 90.696563 0.000000 -0.914213 0.177330 
313 0.322416 0.000000 0.484550 104.668905 0.000000 19.894293 -0.135136 
314 0.711933 0.000000 0.846276 108.833758 0.000000 17.620704 -0.215528 
315 1.296210 0.000000 0.303687 93.707274 0.000000 -0.115261 0.121893 
316 1.101451 0.000000 0.303687 93.451280 0.000000 -0.182853 0.126682 
317 1.296210 0.000000 0.484550 93.790046 0.000000 -0.093159 0.120342 
318 1.393589 0.000000 0.032393 76.655896 0.000000 -0.078034 0.412387 
319 1.296210 0.000000 0.032393 71.527223 0.000000 -0.294808 0.488377 
320 1.393589 0.000000 -0.058039 62.992254 0.000000 -0.034397 0.603197 
321 1.393589 0.000000 0.122824 70.212734 0.000000 -0.046357 0.507017 
322 1.588348 0.000000 0.213256 94.303402 0.000000 0.043651 0.110687 
323 1.490968 0.000000 0.213256 94.091121 0.000000 -0.012991 0.114686 
324 1.588348 0.000000 0.303687 94.281707 0.000000 0.037753 0.111096 
325 1.539658 0.000000 0.077608 82.020631 0.000000 0.090222 0.327261 
326 1.490968 0.000000 0.077608 80.821203 0.000000 0.042814 0.346793 
327 1.539658 0.000000 0.032393 80.941809 0.000000 0.101937 0.344841 
328 1.588348 0.000000 0.077608 81.902469 0.000000 0.160669 0.329196 
329 1.539658 0.000000 0.122824 80.555914 0.000000 0.054543 0.351074 
330 0.906692 0.000000 -0.058039 89.705927 0.000000 -0.181590 0.195281 
331 0.711933 0.000000 -0.058039 95.737677 0.000000 -0.200186 0.083426 
332 0.906692 0.000000 -0.238902 92.007403 0.000000 -0.572743 0.153431 
333 0.906692 0.000000 0.122824 91.439077 0.000000 -0.298376 0.163881 
334 1.198830 0.000000 0.032393 75.540682 0.000000 -0.559354 0.429329 
335 1.101451 0.000000 0.032393 71.028488 0.000000 -0.084883 0.495495 
336 1.198830 0.000000 -0.058039 59.911443 0.000000 -0.078012 0.641061 
337 1.198830 0.000000 0.122824 72.069578 0.000000 -0.106733 0.480596 
338 0.906692 0.000000 0.303687 91.979709 0.000000 -0.579873 0.153940 
339 0.711933 0.000000 0.303687 91.034533 0.000000 -0.827988 0.171203 
340 0.906692 0.000000 0.484550 91.742175 0.000000 -0.644039 0.158296 
341 1.198830 0.000000 0.213256 93.510264 0.000000 -0.167494 0.125580 
342 1.101451 0.000000 0.213256 93.399113 0.000000 -0.196688 0.127657 
343 1.296210 0.000000 0.213256 93.672591 0.000000 -0.124551 0.122543 
344 1.198830 0.000000 0.303687 93.557327 0.000000 -0.154951 0.124700 
345 1.247520 0.000000 0.077608 68.752051 0.000000 -0.279698 0.527308 
346 1.198830 0.000000 0.077608 71.754836 0.000000 -0.332392 0.485113 
347 1.247520 0.000000 0.032393 67.626666 0.000000 -0.384513 0.542649 
348 1.296210 0.000000 0.077608 73.971420 0.000000 -0.294941 0.452814 
349 1.247520 0.000000 0.122824 76.358472 0.000000 -0.122178 0.416937 
350 1.004072 0.000000 0.032393 84.876099 0.000000 -0.123629 0.279603 
351 0.906692 0.000000 0.032393 89.952410 0.000000 -0.168414 0.190854 
352 1.004072 0.000000 -0.058039 85.258745 0.000000 -0.150271 0.273092 
353 1.004072 0.000000 0.122824 88.571580 0.000000 -0.179631 0.215504 
354 1.150141 0.000000 0.077608 69.985856 0.000000 -0.104295 0.510197 
355 1.101451 0.000000 0.077608 72.261418 0.000000 -0.099274 0.477828 
356 1.150141 0.000000 0.032393 67.632860 0.000000 -0.085937 0.542579 
357 1.150141 0.000000 0.122824 72.971709 0.000000 -0.115002 0.467512 
358 1.296210 0.000000 -0.419765 93.822517 0.000000 -0.084514 0.119733 
359 1.101451 0.000000 -0.419765 92.405572 0.000000 -0.458914 0.146100 
360 1.296210 0.000000 -0.600628 92.563006 0.000000 -0.416688 0.143192 
361 1.198830 0.000000 -0.148470 78.187339 0.000000 -0.127463 0.388672 
362 1.101451 0.000000 -0.148470 89.554840 0.000000 -0.148372 0.197991 
363 1.198830 0.000000 -0.238902 93.606638 0.000000 -0.141813 0.123778 
364 1.296210 0.000000 -0.148470 78.796227 0.000000 -0.095635 0.379115 
365 1.247520 0.000000 -0.012823 34.807931 0.000000 -0.034477 0.878841 
366 1.198830 0.000000 -0.012823 55.275742 0.000000 -0.070948 0.694459 
367 1.247520 0.000000 -0.058039 52.983734 0.000000 -0.066388 0.719272 
368 1.296210 0.000000 -0.012823 51.281253 0.000000 -0.053976 0.737023 
369 1.223175 0.000000 0.055001 81.645965 0.000000 -0.624313 0.333355 
370 1.198830 0.000000 0.055001 80.426343 0.000000 -0.678520 0.353114 
371 1.223175 0.000000 0.032393 70.769263 0.000000 -0.424504 0.499153 
372 1.247520 0.000000 0.055001 75.720630 0.000000 -0.464690 0.426617 
373 1.223175 0.000000 0.077608 76.039651 0.000000 -0.422969 0.421779 
374 1.150141 0.000000 -0.012823 62.858467 0.000000 -0.076189 0.604881 
375 1.101451 0.000000 -0.012823 70.774990 0.000000 -0.078733 0.499089 
376 1.150141 0.000000 -0.058039 68.344223 0.000000 -0.093860 0.532906 
377 1.174485 0.000000 0.055001 82.110492 0.000000 -0.851092 0.325714 
378 1.150141 0.000000 0.055001 84.820003 0.000000 -1.028085 0.280451 
379 1.174485 0.000000 0.032393 72.204402 0.000000 -0.460620 0.478631 
380 1.174485 0.000000 0.077608 68.764267 0.000000 -0.100626 0.527147 
381 3.828074 0.000000 0.484550 102.069213 0.000000 -22.422270 -0.092088 
382 4.217591 0.000000 0.484550 102.339368 0.000000 -19.773604 -0.086434 
383 3.828074 0.000000 0.846276 101.148808 0.000000 -8.835377 -0.030915 
384 3.633315 0.000000 -0.058039 97.700698 0.000000 0.000000 0.045457 
385 3.438556 0.000000 -0.058039 99.329541 0.000000 -0.000000 0.013364 
386 3.633315 0.000000 -0.238902 97.922988 0.000000 -14.384779 0.020417 
387 3.828074 0.000000 -0.058039 97.297395 0.000000 0.000000 0.053322 
388 3.633315 0.000000 0.122824 97.887870 0.000000 0.000000 0.041796 
389 3.243797 0.000000 -0.058039 100.134203 0.000000 -0.000000 -0.002686 
390 3.243797 0.000000 -0.238902 98.941992 0.000000 -10.700466 0.009598 
391 3.243797 0.000000 0.122824 100.162741 0.000000 -0.000000 -0.003257 
392 3.633315 0.000000 0.303687 102.102065 0.000000 -19.593004 -0.080872 
393 3.438556 0.000000 0.303687 102.487026 0.000000 -20.437219 -0.092127 
394 3.828074 0.000000 0.303687 101.398240 0.000000 -18.321830 -0.061729 
395 3.633315 0.000000 0.484550 102.351009 0.000000 -24.628878 -0.108231 
396 3.535936 0.000000 0.032393 98.763187 0.000000 -0.000000 0.024583 
397 3.438556 0.000000 0.032393 99.363343 0.000000 -0.000000 0.012693 
398 3.535936 0.000000 -0.058039 98.655820 0.000000 -0.000000 0.026703 
399 3.633315 0.000000 0.032393 97.738711 0.000000 0.000000 0.044714 
400 3.535936 0.000000 0.122824 98.566368 0.000000 -0.000000 0.028467 
401 3.243797 0.000000 0.303687 102.327860 0.000000 -21.469446 -0.093193 
402 3.049039 0.000000 0.303687 102.918076 0.000000 -22.872958 -0.111530 
403 3.243797 0.000000 0.484550 102.920984 0.000000 -26.782967 -0.131006 
404 3.341177 0.000000 0.032393 99.805564 0.000000 -0.000000 0.003885 
405 3.243797 0.000000 0.032393 100.136290 0.000000 -0.000000 -0.002728 
406 3.341177 0.000000 -0.058039 99.804465 0.000000 -0.000000 0.003907 
407 3.341177 0.000000 0.122824 99.840066 0.000000 0.000000 0.003196 
408 4.217591 0.000000 -2.047532 99.148462 0.000000 8.679359 0.009425 
409 4.217591 0.000000 -2.770984 98.819124 0.000000 10.433178 0.012593 
410 4.996626 0.000000 -2.047532 99.684138 0.000000 9.278812 -0.002302 
411 3.828074 0.000000 -0.962354 99.953876 0.000000 1.792137 0.000601 
412 3.438556 0.000000 -0.962354 99.171005 0.000000 0.938353 0.016423 
413 3.828074 0.000000 -1.324080 99.351224 0.000000 4.842039 0.010589 
414 4.217591 0.000000 -0.962354 100.382837 0.000000 2.568085 -0.008331 
415 3.633315 0.000000 -0.419765 100.158037 0.000000 -7.739565 -0.009153 
416 3.438556 0.000000 -0.419765 99.808610 0.000000 -7.505083 -0.001808 
417 3.633315 0.000000 -0.600628 100.441087 0.000000 -3.640169 -0.010166 
418 3.828074 0.000000 -0.419765 100.814008 0.000000 -8.089680 -0.022891 
419 3.535936 0.000000 -0.148470 98.277155 0.000000 0.000000 0.034160 
420 3.438556 0.000000 -0.148470 99.404630 0.000000 -0.000000 0.011872 
421 3.535936 0.000000 -0.238902 97.702739 0.000000 -13.095643 0.028268 
422 3.633315 0.000000 -0.148470 98.161680 0.000000 0.000000 0.036428 
423 3.487246 0.000000 -0.012823 99.046508 0.000000 -0.000000 0.018979 
424 3.438556 0.000000 -0.012823 99.352453 0.000000 0.000000 0.012909 
425 3.487246 0.000000 -0.058039 98.967076 0.000000 -0.000000 0.020552 
426 3.535936 0.000000 -0.012823 98.805722 0.000000 -0.000000 0.023743 
427 3.487246 0.000000 0.032393 99.013470 0.000000 -0.000000 0.019633 
428 3.049039 0.000000 -0.962354 97.830816 0.000000 0.147804 0.042911 
429 3.049039 0.000000 -1.324080 97.564627 0.000000 3.895285 0.046597 
430 3.243797 0.000000 -0.419765 99.544437 0.000000 -7.648486 0.003241 
431 3.049039 0.000000 -0.419765 98.666127 0.000000 -8.097587 0.019942 
432 3.243797 0.000000 -0.600628 99.420313 0.000000 -4.664578 0.009384 
433 3.341177 0.000000 -0.148470 99.857932 0.000000 0.000000 0.002839 
434 3.243797 0.000000 -0.148470 100.164039 0.000000 0.000000 -0.003283 
435 3.341177 0.000000 -0.238902 98.476422 0.000000 -11.053039 0.018022 
436 3.389867 0.000000 -0.012823 99.639881 0.000000 -0.000000 0.007189 
437 3.341177 0.000000 -0.012823 99.840250 0.000000 0.000000 0.003192 
438 3.389867 0.000000 -0.058039 99.662065 0.000000 -0.000000 0.006747 
439 3.389867 0.000000 0.032393 99.660099 0.000000 -0.000000 0.006786 
440 3.535936 0.000000 0.213256 103.043760 0.000000 -20.379048 -0.103332 
441 3.438556 0.000000 0.213256 103.230204 0.000000 -20.049157 -0.105844 
442 3.633315 0.000000 0.213256 102.391237 0.000000 -20.273487 -0.089498 
443 3.535936 0.000000 0.303687 102.401790 0.000000 -20.081794 -0.088941 
444 3.487246 0.000000 0.077608 99.062662 0.000000 -0.000000 0.018659 
445 3.438556 0.000000 0.077608 99.452535 0.000000 -0.000000 0.010919 
446 3.535936 0.000000 0.077608 98.637708 0.000000 -0.000000 0.027060 
447 3.487246 0.000000 0.122824 99.099629 0.000000 -0.000000 0.017926 
448 3.462901 0.000000 0.009785 99.182766 0.000000 -0.000000 0.016278 
449 3.438556 0.000000 0.009785 99.359187 0.000000 0.000000 0.012775 
450 3.462901 0.000000 -0.012823 99.182879 0.000000 -0.000000 0.016276 
451 3.487246 0.000000 0.009785 99.056991 0.000000 -0.000000 0.018771 
452 3.462901 0.000000 0.032393 99.186612 0.000000 -0.000000 0.016202 
453 3.341177 0.000000 0.213256 102.757311 0.000000 -19.837922 -0.095261 
454 3.243797 0.000000 0.213256 102.312065 0.000000 -19.995543 -0.086758 
455 3.341177 0.000000 0.303687 102.381309 0.000000 -20.879247 -0.091788 
456 3.389867 0.000000 0.077608 99.663901 0.000000 -0.000000 0.006711 
457 3.341177 0.000000 0.077608 99.776812 0.000000 -0.000000 0.004459 
458 3.389867 0.000000 0.122824 99.577660 0.000000 -0.000000 0.008429 
459 3.414211 0.000000 0.009785 99.541781 0.000000 -0.000000 0.009143 
460 3.389867 0.000000 0.009785 99.643389 0.000000 -0.000000 0.007120 
461 3.414211 0.000000 -0.012823 99.541827 0.000000 -0.000000 0.009142 
462 3.414211 0.000000 0.032393 99.507883 0.000000 -0.000000 0.009818 
463 3.487246 0.000000 -0.103255 99.058497 0.000000 -0.000000 0.018741 
464 3.438556 0.000000 -0.103255 99.507263 0.000000 -0.000000 0.009830 
465 3.487246 0.000000 -0.148470 99.313909 0.000000 -0.000000 0.013675 
466 3.535936 0.000000 -0.103255 98.542474 0.000000 -0.000000 0.028938 
467 3.462901 0.000000 -0.035431 99.186592 0.000000 -0.000000 0.016202 
468 3.438556 0.000000 -0.035431 99.363746 0.000000 -0.000000 0.012685 
469 3.462901 0.000000 -0.058039 99.185862 0.000000 -0.000000 0.016216 
470 3.487246 0.000000 -0.035431 99.010362 0.000000 -0.000000 0.019695 
471 3.450729 0.000000 -0.001519 99.312671 0.000000 0.000000 0.013699 
472 3.438556 0.000000 -0.001519 99.380352 0.000000 0.000000 0.012355 
473 3.450729 0.000000 -0.012823 99.209084 0.000000 -0.000000 0.015756 
474 3.462901 0.000000 -0.001519 99.239214 0.000000 -0.000000 0.015158 
475 3.450729 0.000000 0.009785 99.260494 0.000000 -0.000000 0.014735 
476 3.146418 0.000000 0.032393 100.214011 0.000000 -0.000000 -0.004285 
477 3.049039 0.000000 0.032393 100.207920 0.000000 -0.000000 -0.004163 
478 3.146418 0.000000 -0.058039 100.211759 0.000000 -0.000000 -0.004240 
479 3.146418 0.000000 0.122824 100.223392 0.000000 -0.000000 -0.004473 
480 3.292487 0.000000 -0.012823 100.015876 0.000000 -0.000000 -0.000318 
481 3.243797 0.000000 -0.012823 100.139133 0.000000 -0.000000 -0.002785 
482 3.292487 0.000000 -0.058039 100.009665 0.000000 0.000000 -0.000193 
483 3.292487 0.000000 0.032393 100.014101 0.000000 0.000000 -0.000282 
484 3.365522 0.000000 0.009785 99.769488 0.000000 -0.000000 0.004605 
485 3.341177 0.000000 0.009785 99.843568 0.000000 0.000000 0.003126 
486 3.365522 0.000000 -0.012823 99.766732 0.000000 -0.000000 0.004660 
487 3.365522 0.000000 0.032393 99.720959 0.000000 -0.000000 0.005573 
488 3.146418 0.000000 -0.148470 100.240981 0.000000 -0.000000 -0.004825 
489 3.049039 0.000000 -0.148470 100.159564 0.000000 0.000000 -0.003194 
490 3.146418 0.000000 -0.238902 98.947636 0.000000 -10.622327 0.009653 
491 3.195108 0.000000 -0.012823 100.205248 0.000000 -0.000000 -0.004109 
492 3.146418 0.000000 -0.012823 100.215656 0.000000 -0.000000 -0.004318 
493 3.195108 0.000000 -0.058039 100.194025 0.000000 -0.000000 -0.003884 
494 3.195108 0.000000 0.032393 100.196060 0.000000 -0.000000 -0.003925 
495 3.292487 0.000000 0.077608 100.045714 0.000000 -0.000000 -0.000914 
496 3.243797 0.000000 0.077608 100.158372 0.000000 -0.000000 -0.003170 
497 3.292487 0.000000 0.122824 100.048964 0.000000 0.000000 -0.000980 
498 3.268142 0.000000 0.009785 100.092718 0.000000 -0.000000 -0.001855 
499 3.243797 0.000000 0.009785 100.139751 0.000000 -0.000000 -0.002797 
500 3.268142 0.000000 -0.012823 100.091033 0.000000 -0.000000 -0.001821 
501 3.292487 0.000000 0.009785 100.029747 0.000000 -0.000000 -0.000595 
502 3.268142 0.000000 0.032393 100.093347 0.000000 -0.000000 -0.001868 
503 2.854280 0.000000 0.303687 104.175206 0.000000 -23.911642 -0.142424 
504 2.659521 0.000000 0.303687 105.795595 0.000000 -24.462686 -0.179113 
505 2.854280 0.000000 0.484550 104.335091 0.000000 -24.678760 -0.149485 
506 3.146418 0.000000 0.213256 102.278781 0.000000 -20.351427 -0.087513 
507 3.049039 0.000000 0.213256 102.593759 0.000000 -20.787175 -0.095759 
508 3.146418 0.000000 0.303687 102.511771 0.000000 -22.168704 -0.100011 
509 3.195108 0.000000 0.077608 100.192272 0.000000 -0.000000 -0.003849 
510 3.146418 0.000000 0.077608 100.217345 0.000000 -0.000000 -0.004352 
511 3.195108 0.000000 0.122824 100.191368 0.000000 -0.000000 -0.003831 
512 3.219453 0.000000 0.009785 100.177877 0.000000 -0.000000 -0.003561 
513 3.195108 0.000000 0.009785 100.205962 0.000000 -0.000000 -0.004123 
514 3.219453 0.000000 -0.012823 100.177138 0.000000 -0.000000 -0.003546 
515 3.219453 0.000000 0.032393 100.170488 0.000000 -0.000000 -0.003413 
516 2.951659 0.000000 0.032393 100.134248 0.000000 0.000000 -0.002687 
517 2.854280 0.000000 0.032393 100.061792 0.000000 0.000000 -0.001236 
518 2.951659 0.000000 -0.058039 100.130109 0.000000 0.000000 -0.002604 
519 2.951659 0.000000 0.122824 100.191740 0.000000 0.000000 -0.003838 
520 3.097728 0.000000 -0.012823 100.223957 0.000000 -0.000000 -0.004484 
521 3.049039 0.000000 -0.012823 100.219648 0.000000 -0.000000 -0.004398 
522 3.097728 0.000000 -0.058039 100.222224 0.000000 -0.000000 -0.004449 
523 3.097728 0.000000 0.032393 100.223623 0.000000 -0.000000 -0.004477 
524 3.170763 0.000000 0.009785 100.215283 0.000000 -0.000000 -0.004310 
525 3.146418 0.000000 0.009785 100.215846 0.000000 -0.000000 -0.004322 
526 3.170763 0.000000 -0.012823 100.203549 0.000000 -0.000000 -0.004075 
527 3.170763 0.000000 0.032393 100.202123 0.000000 -0.000000 -0.004047 
528 3.195108 0.000000 -0.103255 100.207890 0.000000 -0.000000 -0.004162 
529 3.146418 0.000000 -0.103255 100.216236 0.000000 -0.000000 -0.004329 
530 3.195108 0.000000 -0.148470 100.222428 0.000000 -0.000000 -0.004454 
531 3.243797 0.000000 -0.103255 100.134589 0.000000 -0.000000 -0.002694 
532 3.170763 0.000000 -0.035431 100.201832 0.000000 -0.000000 -0.004041 
533 3.146418 0.000000 -0.035431 100.213737 0.000000 -0.000000 -0.004279 
534 3.170763 0.000000 -0.058039 100.210779 0.000000 -0.000000 -0.004220 
535 3.195108 0.000000 -0.035431 100.195847 0.000000 -0.000000 -0.003921 
536 3.182935 0.000000 -0.001519 100.218195 0.000000 -0.000000 -0.004369 
537 3.170763 0.000000 -0.001519 100.228208 0.000000 0.000000 -0.004569 
538 3.182935 0.000000 -0.012823 100.206111 0.000000 -0.000000 -0.004126 
539 3.195108 0.000000 -0.001519 100.208965 0.000000 -0.000000 -0.004184 
540 3.182935 0.000000 0.009785 100.214592 0.000000 -0.000000 -0.004296 
541 3.097728 0.000000 0.077608 100.220921 0.000000 -0.000000 -0.004423 
542 3.049039 0.000000 0.077608 100.209608 0.000000 -0.000000 -0.004197 
543 3.097728 0.000000 0.122824 100.214068 0.000000 -0.000000 -0.004286 
544 3.122073 0.000000 0.009785 100.223282 0.000000 -0.000000 -0.004471 
545 3.097728 0.000000 0.009785 100.224005 0.000000 -0.000000 -0.004485 
546 3.122073 0.000000 -0.012823 100.222634 0.000000 -0.000000 -0.004458 
547 3.122073 0.000000 0.032393 100.220448 0.000000 -0.000000 -0.004414 
548 3.158590 0.000000 -0.001519 100.214932 0.000000 -0.000000 -0.004303 
549 3.146418 0.000000 -0.001519 100.216136 0.000000 -0.000000 -0.004327 
550 3.158590 0.000000 -0.012823 100.214662 0.000000 -0.000000 -0.004298 
551 3.158590 0.000000 0.009785 100.214774 0.000000 -0.000000 -0.004300 
552 3.170763 0.000000 0.055001 100.211007 0.000000 -0.000000 -0.004225 
553 3.146418 0.000000 0.055001 100.212015 0.000000 -0.000000 -0.004245 
554 3.195108 0.000000 0.055001 100.194283 0.000000 -0.000000 -0.003889 
555 3.170763 0.000000 0.077608 100.206980 0.000000 -0.000000 -0.004144 
556 3.182935 0.000000 0.021089 100.201041 0.000000 -0.000000 -0.004025 
557 3.170763 0.000000 0.021089 100.203062 0.000000 -0.000000 -0.004065 
558 3.195108 0.000000 0.021089 100.196733 0.000000 -0.000000 -0.003939 
559 3.182935 0.000000 0.032393 100.200238 0.000000 -0.000000 -0.004009 
560 3.176849 0.000000 0.004133 100.221447 0.000000 -0.000000 -0.004434 
561 3.170763 0.000000 0.004133 100.226315 0.000000 0.000000 -0.004531 
562 3.176849 0.000000 -0.001519 100.227189 0.000000 -0.000000 -0.004549 
563 3.182935 0.000000 0.004133 100.217242 0.000000 -0.000000 -0.004350 
564 3.176849 0.000000 0.009785 100.216037 0.000000 -0.000000 -0.004325 
565 2.464762 0.000000 0.303687 97.546820 0.000000 0.889492 0.048383 
566 2.464762 0.000000 0.484550 98.224163 0.000000 0.938821 0.035113 
567 2.562142 0.000000 0.032393 99.457190 0.000000 0.075709 0.010826 
568 2.464762 0.000000 0.032393 99.061251 0.000000 0.136161 0.018685 
569 2.562142 0.000000 -0.058039 99.486027 0.000000 0.070870 0.010253 
570 2.659521 0.000000 0.032393 99.778336 0.000000 0.000000 0.004428 
571 2.562142 0.000000 0.122824 99.165734 0.000000 0.222869 0.016611 
572 5.775662 0.000000 0.846276 106.256830 0.000000 -21.812886 -0.176632 
573 5.775662 0.000000 0.122824 110.919639 0.000000 -16.316027 -0.256938 
574 6.554697 0.000000 0.846276 110.057868 0.000000 -50.604082 -0.467351 
575 5.775662 0.000000 1.569728 99.115951 0.000000 2.915235 0.016753 
576 -16.816357 0.000000 -17.240027 99.003634 0.000000 13.924003 0.000440 
577 -23.048637 0.000000 -17.240027 99.013509 0.000000 13.925019 0.000242 
578 -16.816357 0.000000 -23.027644 99.007546 0.000000 13.918435 0.000378 
579 20.577329 0.000000 -17.240027 99.020840 0.000000 13.807610 0.000422 
580 20.577329 0.000000 -23.027644 99.017166 0.000000 13.852375 0.000371 
581 26.809609 0.000000 -17.240027 99.027829 0.000000 13.816068 0.000261 
582 -7.467935 0.000000 -8.558602 98.927340 0.000000 13.937075 0.001914 
583 -10.584076 0.000000 -8.558602 98.969376 0.000000 13.949517 0.001047 
584 -7.467935 0.000000 -11.452410 98.944591 0.000000 13.920464 0.001619 
585 11.228907 0.000000 -8.558602 99.027831 0.000000 13.478890 0.001181 
586 11.228907 0.000000 -11.452410 98.999413 0.000000 13.659227 0.001254 
587 14.345048 0.000000 -8.558602 99.041911 0.000000 13.539093 0.000739 
588 -2.793725 0.000000 -4.217889 98.606466 0.000000 13.986878 0.008113 
589 -4.351795 0.000000 -4.217889 98.779419 0.000000 14.014821 0.004621 
590 -2.793725 0.000000 -5.664793 98.679778 0.000000 13.880338 0.006964 
591 6.554697 0.000000 -4.217889 99.117714 0.000000 12.438410 0.002096 
592 6.554697 0.000000 -5.664793 98.979523 0.000000 12.959579 0.003510 
593 8.112767 0.000000 -4.217889 99.173582 0.000000 12.663965 0.000422 
594 -0.456619 0.000000 -2.047532 97.211593 0.000000 14.378044 0.034318 
595 -1.235654 0.000000 -2.047532 97.965436 0.000000 14.479474 0.019312 
596 -0.456619 0.000000 -2.770984 97.580732 0.000000 13.923955 0.028412 
597 0.711933 0.000000 -0.962354 91.336739 0.000000 14.422228 0.144960 
598 0.322416 0.000000 -0.962354 93.966037 0.000000 16.160875 0.090921 
599 0.711933 0.000000 -1.324080 93.315011 0.000000 13.500849 0.111004 
600 0.906692 0.000000 -0.419765 91.444483 0.000000 -0.725508 0.163738 
601 0.711933 0.000000 -0.419765 90.398124 0.000000 -1.000631 0.182718 
602 0.906692 0.000000 -0.600628 90.415757 0.000000 -0.997077 0.182400 
603 1.393589 0.000000 -0.148470 85.370151 0.000000 -0.055642 0.271193 
604 1.393589 0.000000 -0.238902 93.905944 0.000000 -0.062397 0.118167 
605 1.490968 0.000000 -0.148470 85.649327 0.000000 -0.011852 0.266419 
606 2.464762 0.000000 -0.419765 93.254629 0.000000 -7.731102 0.124380 
607 2.464762 0.000000 -0.600628 93.746215 0.000000 -5.252397 0.118406 
608 2.659521 0.000000 -0.419765 95.326147 0.000000 -8.109714 0.084716 
609 1.588348 0.000000 -0.148470 86.397754 0.000000 0.030905 0.253543 
610 1.588348 0.000000 -0.238902 94.254635 0.000000 0.030426 0.111606 
611 5.775662 0.000000 -0.600628 103.279795 0.000000 -1.448685 -0.066881 
612 5.775662 0.000000 -1.324080 100.936182 0.000000 7.950145 -0.025132 
613 6.554697 0.000000 -0.600628 102.352264 0.000000 2.965345 -0.048478 
614 2.854280 0.000000 -0.419765 97.213116 0.000000 -8.360713 0.047971 
615 2.854280 0.000000 -0.600628 97.054695 0.000000 -5.442209 0.055077 
616 2.951659 0.000000 -0.148470 100.159564 0.000000 0.000000 -0.003194 
617 2.854280 0.000000 -0.148470 100.074562 0.000000 0.000000 -0.001492 
618 2.951659 0.000000 -0.238902 97.792638 0.000000 -10.613978 0.032394 
619 2.756901 0.000000 0.032393 99.945497 0.000000 0.000000 0.001090 
620 2.756901 0.000000 -0.058039 99.936441 0.000000 0.000000 0.001271 
621 2.756901 0.000000 0.122824 99.927989 0.000000 0.000000 0.001440 
622 1.734417 0.000000 -0.012823 75.806091 0.000000 0.052377 0.425343 
623 1.685727 0.000000 -0.012823 72.087970 0.000000 0.041283 0.480332 
624 1.734417 0.000000 -0.058039 77.626959 0.000000 0.059050 0.397405 
625 1.807451 0.000000 0.009785 74.582854 0.000000 0.039061 0.443740 
626 1.783107 0.000000 0.009785 76.300051 0.000000 0.049666 0.417830 
627 1.807451 0.000000 -0.012823 74.816173 0.000000 0.040040 0.440254 
628 1.637038 0.000000 0.077608 82.692688 0.000000 0.223400 0.316187 
629 1.637038 0.000000 0.032393 78.314634 0.000000 0.196516 0.386678 
630 1.637038 0.000000 0.122824 85.418266 0.000000 0.059214 0.270372 
631 1.393589 0.000000 0.213256 93.873197 0.000000 -0.071172 0.118782 
632 1.393589 0.000000 0.303687 93.890172 0.000000 -0.066618 0.118463 
633 1.004072 0.000000 -0.148470 87.965621 0.000000 -0.329625 0.226194 
634 0.906692 0.000000 -0.148470 92.938003 0.000000 -0.419514 0.136235 
635 1.004072 0.000000 -0.238902 92.497420 0.000000 -0.420868 0.144405 
636 1.004072 0.000000 0.213256 92.643391 0.000000 -0.376459 0.141706 
637 0.906692 0.000000 0.213256 92.192728 0.000000 -0.515137 0.150024 
638 1.004072 0.000000 0.303687 92.459379 0.000000 -0.431378 0.145108 
639 3.389867 0.000000 -0.103255 99.625690 0.000000 -0.000000 0.007472 
640 3.341177 0.000000 -0.103255 99.782574 0.000000 0.000000 0.004344 
641 3.389867 0.000000 -0.148470 99.668675 0.000000 0.000000 0.006616 
642 3.292487 0.000000 -0.103255 100.045521 0.000000 -0.000000 -0.000911 
643 3.292487 0.000000 -0.148470 100.061536 0.000000 0.000000 -0.001231 
644 3.414211 0.000000 -0.035431 99.508633 0.000000 -0.000000 0.009803 
645 3.389867 0.000000 -0.035431 99.660290 0.000000 -0.000000 0.006783 
646 3.414211 0.000000 -0.058039 99.514911 0.000000 -0.000000 0.009678 
647 3.316832 0.000000 0.009785 99.924280 0.000000 -0.000000 0.001514 
648 3.316832 0.000000 -0.012823 99.922792 0.000000 -0.000000 0.001544 
649 3.316832 0.000000 0.032393 99.881410 0.000000 -0.000000 0.002370 
650 3.097728 0.000000 -0.103255 100.213100 0.000000 -0.000000 -0.004267 
651 3.049039 0.000000 -0.103255 100.192217 0.000000 0.000000 -0.003848 
652 3.097728 0.000000 -0.148470 100.159564 0.000000 0.000000 -0.003194 
653 3.219453 0.000000 -0.035431 100.170255 0.000000 -0.000000 -0.003408 
654 3.219453 0.000000 -0.058039 100.168188 0.000000 -0.000000 -0.003367 
655 3.243797 0.000000 -0.035431 100.136083 0.000000 -0.000000 -0.002724 
656 2.951659 0.000000 0.213256 103.202999 0.000000 -21.179695 -0.109944 
657 2.854280 0.000000 0.213256 103.949785 0.000000 -21.414964 -0.126416 
658 2.951659 0.000000 0.303687 103.476991 0.000000 -23.444603 -0.125714 
659 3.219453 0.000000 0.055001 100.168488 0.000000 -0.000000 -0.003373 
660 3.243797 0.000000 0.055001 100.134482 0.000000 -0.000000 -0.002691 
661 3.219453 0.000000 0.077608 100.166212 0.000000 -0.000000 -0.003327 
662 3.122073 0.000000 -0.035431 100.220235 0.000000 -0.000000 -0.004410 
663 3.097728 0.000000 -0.035431 100.223582 0.000000 -0.000000 -0.004477 
664 3.122073 0.000000 -0.058039 100.218968 0.000000 -0.000000 -0.004384 
665 3.158590 0.000000 0.021089 100.214242 0.000000 -0.000000 -0.004289 
666 3.146418 0.000000 0.021089 100.215011 0.000000 -0.000000 -0.004305 
667 3.158590 0.000000 0.032393 100.213473 0.000000 -0.000000 -0.004274 
668 3.122073 0.000000 0.055001 100.219118 0.000000 -0.000000 -0.004387 
669 3.097728 0.000000 0.055001 100.223389 0.000000 -0.000000 -0.004473 
670 3.122073 0.000000 0.077608 100.216394 0.000000 -0.000000 -0.004333 
671 5.775662 0.000000 -2.047532 99.948351 0.000000 10.036575 -0.009041 
672 5.775662 0.000000 -2.770984 99.446611 0.000000 11.126239 -0.001342 
673 6.554697 0.000000 -2.047532 99.935246 0.000000 10.731905 -0.010223 
674 2.756901 0.000000 -0.148470 100.003285 0.000000 0.000000 -0.000066 
675 2.659521 0.000000 -0.148470 99.657753 0.000000 0.000000 0.006833 
676 2.756901 0.000000 -0.238902 95.941702 0.000000 -10.239510 0.069034 
677 1.637038 0.000000 -0.012823 65.213934 0.000000 0.057691 0.574714 
678 1.588348 0.000000 -0.012823 71.555816 0.000000 0.080030 0.487976 
679 1.637038 0.000000 -0.058039 70.913697 0.000000 0.031656 0.497125 
680 3.365522 0.000000 -0.035431 99.720944 0.000000 -0.000000 0.005573 
681 3.341177 0.000000 -0.035431 99.805447 0.000000 -0.000000 0.003887 
682 3.365522 0.000000 -0.058039 99.720891 0.000000 -0.000000 0.005574 
683 3.268142 0.000000 -0.035431 100.093197 0.000000 -0.000000 -0.001865 
684 3.268142 0.000000 -0.058039 100.091806 0.000000 -0.000000 -0.001837 
685 3.292487 0.000000 -0.035431 100.010963 0.000000 0.000000 -0.000219 
686 3.316832 0.000000 -0.035431 99.881171 0.000000 -0.000000 0.002375 
687 3.316832 0.000000 -0.058039 99.913025 0.000000 0.000000 0.001739 
688 3.268142 0.000000 0.055001 100.092015 0.000000 -0.000000 -0.001841 
689 3.292487 0.000000 0.055001 100.009857 0.000000 0.000000 -0.000197 
690 3.268142 0.000000 0.077608 100.094907 0.000000 -0.000000 -0.001899 
691 3.316832 0.000000 0.055001 99.913201 0.000000 0.000000 0.001735 
692 3.341177 0.000000 0.055001 99.804602 0.000000 -0.000000 0.003904 
693 3.316832 0.000000 0.077608 99.928976 0.000000 0.000000 0.001420 
694 2.756901 0.000000 0.213256 104.705912 0.000000 -21.608623 -0.143026 
695 2.659521 0.000000 0.213256 105.552004 0.000000 -21.575298 -0.160672 
696 2.756901 0.000000 0.303687 104.918175 0.000000 -24.314241 -0.159901 
697 2.562142 0.000000 0.213256 98.224787 0.000000 0.938843 0.035101 
698 2.464762 0.000000 0.213256 97.306354 0.000000 0.847424 0.053076 
699 2.562142 0.000000 0.303687 98.470320 0.000000 0.947988 0.030270 
700 2.562142 0.000000 -0.148470 99.179279 0.000000 0.313445 0.016337 
701 2.464762 0.000000 -0.148470 98.426590 0.000000 0.434914 0.031202 
702 2.562142 0.000000 -0.238902 93.760807 0.000000 -9.386680 0.112080 
703 1.539658 0.000000 -0.012823 72.339556 0.000000 0.044152 0.476699 
704 1.490968 0.000000 -0.012823 74.614533 0.000000 0.028180 0.443267 
705 1.539658 0.000000 -0.058039 72.568110 0.000000 0.008361 0.473387 
706 3.365522 0.000000 0.055001 99.720890 0.000000 -0.000000 0.005574 
707 3.389867 0.000000 0.055001 99.661798 0.000000 -0.000000 0.006753 
708 3.365522 0.000000 0.077608 99.720979 0.000000 -0.000000 0.005573 
709 3.414211 0.000000 0.055001 99.514034 0.000000 -0.000000 0.009696 
710 3.438556 0.000000 0.055001 99.329638 0.000000 -0.000000 0.013362 
711 3.414211 0.000000 0.077608 99.606608 0.000000 -0.000000 0.007852 
1 19 21 9 22 
2 20 19 22 4 
3 28 29 3 30 
4 21 28 30 9 
5 35 37 21 38 
6 36 35 38 19 
7 44 45 28 46 
8 37 44 46 21 
9 51 53 37 54 
10 52 51 54 35 
11 60 61 44 62 
12 53 60 62 37 
13 67 69 53 70 
14 68 67 70 51 
15 76 77 60 78 
16 69 76 78 53 
17 83 85 69 86 
18 84 83 86 67 
19 11 94 92 93 
20 94 10 24 92 
21 92 24 14 95 
22 93 92 95 6 
23 24 98 96 97 
24 98 23 40 96 
25 96 40 27 99 
26 97 96 99 14 
27 40 102 100 101 
28 102 39 56 100 
29 100 56 43 103 
30 101 100 103 27 
31 56 106 104 105 
32 106 55 72 104 
33 104 72 59 107 
34 105 104 107 43 
35 72 110 108 109 
36 109 108 111 59 
37 112 113 76 114 
38 85 112 114 69 
39 115 117 85 118 
40 116 115 118 83 
41 132 133 112 134 
42 117 132 134 85 
43 136 124 137 135 
44 135 137 127 138 
45 15 140 139 33 
46 140 17 141 139 
47 139 141 8 142 
48 33 139 142 18 
49 31 144 143 49 
50 144 33 145 143 
51 143 145 18 146 
52 49 143 146 34 
53 148 49 149 147 
54 147 149 34 150 
55 152 65 153 151 
56 151 153 50 154 
57 124 160 159 137 
58 137 159 162 127 
59 18 142 163 45 
60 142 8 164 163 
61 163 164 29 165 
62 45 163 165 28 
63 34 146 166 61 
64 146 18 167 166 
65 166 167 45 168 
66 61 166 168 44 
67 150 34 170 169 
68 169 170 61 171 
69 77 169 171 60 
70 154 50 173 172 
71 172 173 77 174 
72 113 172 174 76 
73 175 176 113 177 
74 133 175 177 112 
75 183 151 184 182 
76 182 184 154 185 
77 186 188 117 189 
78 187 186 189 115 
79 138 127 196 195 
80 195 196 132 197 
81 188 195 197 117 
82 199 135 200 198 
83 198 200 138 201 
84 131 194 202 203 
85 194 5 204 202 
86 202 204 188 205 
87 203 202 205 186 
88 206 209 5 210 
89 207 206 210 194 
90 12 213 211 212 
91 213 7 214 211 
92 211 214 13 25 
93 212 211 25 10 
94 25 217 215 216 
95 217 13 218 215 
96 215 218 26 41 
97 216 215 41 23 
98 41 221 219 220 
99 221 26 222 219 
100 219 222 42 57 
101 220 219 57 39 
102 57 225 223 224 
103 225 42 226 223 
104 223 226 58 73 
105 224 223 73 55 
106 73 229 227 228 
107 229 58 230 227 
108 227 230 74 89 
109 228 227 89 71 
110 89 233 231 232 
111 233 74 234 231 
112 231 234 90 129 
113 232 231 129 87 
114 129 237 235 236 
115 237 90 238 235 
116 235 238 130 192 
117 236 235 192 128 
118 192 241 239 240 
119 241 130 242 239 
120 5 201 243 204 
121 201 138 244 243 
122 243 244 195 245 
123 204 243 245 188 
124 193 247 246 209 
125 247 198 248 246 
126 246 248 201 249 
127 209 246 249 5 
128 252 193 253 250 
129 250 253 209 254 
130 251 250 254 206 
131 191 261 259 260 
132 261 190 207 259 
133 259 207 194 262 
134 260 259 262 131 
135 190 265 263 264 
136 265 208 251 263 
137 263 251 206 266 
138 264 263 266 207 
139 7 268 267 214 
140 268 16 269 267 
141 267 269 15 32 
142 214 267 32 13 
143 13 271 270 218 
144 271 32 272 270 
145 270 272 31 48 
146 218 270 48 26 
147 26 274 273 222 
148 274 48 275 273 
149 273 275 47 64 
150 222 273 64 42 
151 42 277 276 226 
152 277 64 278 276 
153 276 278 63 80 
154 226 276 80 58 
155 58 280 279 230 
156 280 80 281 279 
157 279 281 79 125 
158 230 279 125 74 
159 74 283 282 234 
160 283 125 284 282 
161 282 284 124 136 
162 234 282 136 90 
163 90 286 285 238 
164 286 136 287 285 
165 285 287 135 199 
166 238 285 199 130 
167 130 289 288 242 
168 289 199 290 288 
169 288 290 198 247 
170 242 288 247 193 
171 239 293 291 292 
172 293 242 294 291 
173 291 294 193 252 
174 292 291 252 208 
175 208 297 295 296 
176 297 252 298 295 
177 295 298 250 299 
178 296 295 299 251 
179 6 95 300 301 
180 95 14 36 300 
181 300 36 19 302 
182 301 300 302 20 
183 14 99 303 304 
184 99 27 52 303 
185 303 52 35 305 
186 304 303 305 36 
187 27 103 306 307 
188 103 43 68 306 
189 306 68 51 308 
190 307 306 308 52 
191 43 107 309 310 
192 107 59 84 309 
193 309 84 67 311 
194 310 309 311 68 
195 59 111 312 313 
196 312 116 83 314 
197 313 312 314 84 
198 315 187 115 317 
199 316 315 317 116 
200 119 320 318 319 
201 320 122 256 318 
202 318 256 91 321 
203 319 318 321 123 
204 91 258 322 323 
205 258 131 203 322 
206 322 203 186 324 
207 323 322 324 187 
208 256 327 325 326 
209 327 255 328 325 
210 325 328 258 329 
211 326 325 329 91 
212 108 332 330 331 
213 331 330 333 111 
214 111 333 338 339 
215 338 316 116 340 
216 339 338 340 312 
217 75 337 341 342 
218 337 123 343 341 
219 341 343 315 344 
220 342 341 344 316 
221 347 319 348 345 
222 345 348 123 349 
223 346 345 349 337 
224 330 352 350 351 
225 352 120 335 350 
226 350 335 75 353 
227 351 350 353 333 
228 335 356 354 355 
229 354 346 337 357 
230 355 354 357 75 
231 71 360 358 359 
232 360 89 232 358 
233 358 232 87 121 
234 359 358 121 88 
235 88 363 361 362 
236 363 121 364 361 
237 361 364 119 336 
238 362 361 336 120 
239 336 367 365 366 
240 367 119 368 365 
241 365 368 319 347 
242 366 365 347 334 
243 334 371 369 370 
244 371 347 372 369 
245 369 372 345 373 
246 370 369 373 346 
247 120 376 374 375 
248 376 336 366 374 
249 374 366 334 356 
250 375 374 356 335 
251 356 379 377 378 
252 379 334 370 377 
253 377 370 346 380 
254 378 377 380 354 
255 185 154 382 381 
256 381 382 172 383 
257 176 381 383 113 
258 386 182 387 384 
259 384 387 185 388 
260 388 185 394 392 
261 392 394 381 395 
262 393 392 395 176 
263 398 384 399 396 
264 396 399 388 400 
265 401 393 176 403 
266 402 401 403 175 
267 64 409 408 278 
268 409 47 410 408 
269 408 410 65 152 
270 278 408 152 63 
271 63 413 411 412 
272 413 152 414 411 
273 411 414 151 183 
274 412 411 183 81 
275 81 417 415 416 
276 417 183 418 415 
277 415 418 182 386 
278 416 415 386 157 
279 157 421 419 420 
280 421 386 422 419 
281 419 422 384 398 
282 425 398 426 423 
283 423 426 396 427 
284 80 429 428 281 
285 429 63 412 428 
286 428 412 81 156 
287 281 428 156 79 
288 156 432 430 431 
289 432 81 416 430 
290 430 416 157 390 
291 431 430 390 155 
292 390 435 433 434 
293 435 157 420 433 
294 66 400 440 441 
295 400 388 442 440 
296 440 442 392 443 
297 441 440 443 393 
298 397 427 444 445 
299 427 396 446 444 
300 444 446 400 447 
301 445 444 447 66 
302 450 423 451 448 
303 448 451 427 452 
304 449 448 452 397 
305 391 407 453 454 
306 407 66 441 453 
307 453 441 393 455 
308 454 453 455 401 
309 456 445 66 458 
310 457 456 458 407 
311 436 461 459 460 
312 461 424 449 459 
313 459 449 397 462 
314 460 459 462 439 
315 420 465 463 464 
316 465 419 466 463 
317 463 466 398 425 
318 464 463 425 385 
319 385 469 467 468 
320 469 425 470 467 
321 467 470 423 450 
322 468 467 450 424 
323 424 473 471 472 
324 473 450 474 471 
325 471 474 448 475 
326 472 471 475 449 
327 437 486 484 485 
328 486 436 460 484 
329 484 460 439 487 
330 485 484 487 404 
331 155 490 488 489 
332 490 390 434 488 
333 495 457 407 497 
334 496 495 497 391 
335 481 500 498 499 
336 500 480 501 498 
337 498 501 483 502 
338 499 498 502 405 
339 503 402 175 505 
340 504 503 505 133 
341 158 479 506 507 
342 479 391 454 506 
343 506 454 401 508 
344 507 506 508 402 
345 509 496 391 511 
346 510 509 511 479 
347 491 514 512 513 
348 514 481 499 512 
349 512 499 405 515 
350 513 512 515 494 
351 178 518 516 517 
352 518 180 477 516 
353 516 477 158 519 
354 517 516 519 181 
355 180 522 520 521 
356 521 520 523 477 
357 488 530 528 529 
358 530 434 531 528 
359 528 531 389 493 
360 529 528 493 478 
361 478 534 532 533 
362 534 493 535 532 
363 532 535 491 526 
364 533 532 526 492 
365 526 538 536 537 
366 538 491 539 536 
367 536 539 513 540 
368 477 523 541 542 
369 541 510 479 543 
370 542 541 543 158 
371 520 546 544 545 
372 546 492 525 544 
373 544 525 476 547 
374 545 544 547 523 
375 492 550 548 549 
376 550 526 537 548 
377 548 537 524 551 
378 549 548 551 525 
379 476 527 552 553 
380 527 494 554 552 
381 552 554 509 555 
382 553 552 555 510 
383 524 540 556 557 
384 540 513 558 556 
385 556 558 494 559 
386 557 556 559 527 
387 537 562 560 561 
388 562 536 563 560 
389 560 563 540 564 
390 561 560 564 524 
391 127 162 565 196 
392 565 504 133 566 
393 196 565 566 132 
394 159 569 567 568 
395 569 161 570 567 
396 567 570 82 571 
397 568 567 571 162 
398 50 573 572 173 
399 573 150 574 572 
400 572 574 169 575 
401 173 572 575 77 
402 1 578 576 577 
403 578 12 212 576 
404 576 212 10 94 
405 577 576 94 11 
406 16 580 579 269 
407 580 2 581 579 
408 579 581 17 140 
409 269 579 140 15 
410 10 584 582 583 
411 584 25 216 582 
412 582 216 23 98 
413 583 582 98 24 
414 32 586 585 272 
415 586 15 587 585 
416 585 587 33 144 
417 272 585 144 31 
418 23 590 588 589 
419 590 41 220 588 
420 588 220 39 102 
421 589 588 102 40 
422 48 592 591 275 
423 592 31 593 591 
424 591 593 49 148 
425 275 591 148 47 
426 39 596 594 595 
427 596 57 224 594 
428 594 224 55 106 
429 595 594 106 56 
430 55 599 597 598 
431 599 73 228 597 
432 597 228 71 110 
433 598 597 110 72 
434 110 602 600 601 
435 602 71 359 600 
436 600 359 88 332 
437 601 600 332 108 
438 121 604 603 364 
439 604 87 605 603 
440 603 605 122 320 
441 364 603 320 119 
442 125 607 606 284 
443 607 79 608 606 
444 606 608 126 160 
445 284 606 160 124 
446 87 610 609 605 
447 610 129 236 609 
448 609 236 128 257 
449 605 609 257 122 
450 65 612 611 153 
451 612 147 613 611 
452 611 613 150 573 
453 153 611 573 50 
454 79 615 614 608 
455 615 156 431 614 
456 614 431 155 179 
457 608 614 179 126 
458 179 618 616 617 
459 618 155 489 616 
460 616 489 180 518 
461 617 616 518 178 
462 161 620 619 570 
463 620 178 517 619 
464 619 517 181 621 
465 570 619 621 82 
466 128 624 622 623 
467 624 192 240 622 
468 622 240 190 261 
469 623 622 261 191 
470 240 627 625 626 
471 627 239 292 625 
472 625 292 208 265 
473 626 625 265 190 
474 255 629 628 328 
475 629 191 260 628 
476 628 260 131 630 
477 328 628 630 258 
478 123 321 631 343 
479 321 91 323 631 
480 631 323 187 632 
481 343 631 632 315 
482 332 635 633 634 
483 635 88 362 633 
484 633 362 120 352 
485 634 633 352 330 
486 333 353 636 637 
487 353 75 342 636 
488 636 342 316 638 
489 637 636 638 338 
490 433 641 639 640 
491 641 420 464 639 
492 639 464 385 438 
493 640 639 438 406 
494 434 643 642 531 
495 643 433 640 642 
496 642 640 406 482 
497 531 642 482 389 
498 438 646 644 645 
499 646 385 468 644 
500 644 468 424 461 
501 645 644 461 436 
502 480 648 647 501 
503 648 437 485 647 
504 647 485 404 649 
505 501 647 649 483 
506 489 652 650 651 
507 652 488 529 650 
508 650 529 478 522 
509 651 650 522 180 
510 493 654 653 535 
511 654 389 655 653 
512 653 655 481 514 
513 535 653 514 491 
514 181 519 656 657 
515 519 158 507 656 
516 656 507 402 658 
517 657 656 658 503 
518 494 515 659 554 
519 515 405 660 659 
520 659 660 496 661 
521 554 659 661 509 
522 522 664 662 663 
523 664 478 533 662 
524 662 533 492 546 
525 663 662 546 520 
526 525 551 665 666 
527 551 524 557 665 
528 665 557 527 667 
529 666 665 667 476 
530 523 547 668 669 
531 547 476 553 668 
532 668 553 510 670 
533 669 668 670 541 
534 47 672 671 410 
535 672 148 673 671 
536 671 673 147 612 
537 410 671 612 65 
538 126 676 674 675 
539 676 179 617 674 
540 674 617 178 620 
541 675 674 620 161 
542 257 679 677 678 
543 679 128 623 677 
544 677 623 191 629 
545 678 677 629 255 
546 406 682 680 681 
547 682 438 645 680 
548 680 645 436 486 
549 681 680 486 437 
550 389 684 683 655 
551 684 482 685 683 
552 683 685 480 500 
553 655 683 500 481 
554 482 687 686 685 
555 687 406 681 686 
556 686 681 437 648 
557 685 686 648 480 
558 405 502 688 660 
559 502 483 689 688 
560 688 689 495 690 
561 660 688 690 496 
562 483 649 691 689 
563 649 404 692 691 
564 691 692 457 693 
565 689 691 693 495 
566 82 621 694 695 
567 621 181 657 694 
568 694 657 503 696 
569 695 694 696 504 
570 162 571 697 698 
571 571 82 695 697 
572 697 695 504 699 
573 698 697 699 565 
574 160 702 700 701 
575 702 126 675 700 
576 700 675 161 569 
577 701 700 569 159 
578 122 705 703 704 
579 705 257 678 703 
580 703 678 255 327 
581 704 703 327 256 
582 404 487 706 692 
583 487 439 707 706 
584 706 707 456 708 
585 692 706 708 457 
586 439 462 709 707 
587 462 397 710 709 
588 709 710 445 711 
589 707 709 711 456 
