2 0.000000 100.000000 473.401889
706 583 
1 -26.291479 0.000000 -26.268069 99.447451 0.000000 10.454113 0.000092 
2 29.414870 0.000000 -26.268069 99.449512 0.000000 10.427017 0.000107 
3 29.414870 0.000000 26.499305 99.460875 0.000000 10.411821 -0.000087 
4 -26.291479 0.000000 26.499305 99.457924 0.000000 10.453697 -0.000116 
5 1.561696 0.000000 0.115618 97.028520 0.000000 -1.300407 0.058378 
6 -26.291479 0.000000 0.115618 99.453039 0.000000 10.459951 -0.000032 
7 1.561696 0.000000 -26.268069 99.438046 0.000000 10.438542 0.000311 
8 29.414870 0.000000 0.115618 99.533458 0.000000 9.668174 -0.000038 
9 1.561696 0.000000 26.499305 99.469864 0.000000 10.434784 -0.000314 
10 -12.364892 0.000000 -13.076225 99.433194 0.000000 10.457969 0.000367 
11 -26.291479 0.000000 -13.076225 99.447850 0.000000 10.457385 0.000077 
12 -12.364892 0.000000 -26.268069 99.441996 0.000000 10.450636 0.000207 
13 1.561696 0.000000 -13.076225 99.395160 0.000000 10.397386 0.001250 
14 -12.364892 0.000000 0.115618 99.455763 0.000000 10.481230 -0.000130 
15 15.488283 0.000000 -13.076225 99.441361 0.000000 10.356289 0.000416 
16 15.488283 0.000000 -26.268069 99.443738 0.000000 10.428041 0.000220 
17 29.414870 0.000000 -13.076225 99.455219 0.000000 10.371937 0.000108 
18 15.488283 0.000000 0.115618 99.550845 0.000000 9.486996 -0.000037 
19 -12.364892 0.000000 13.307462 99.475404 0.000000 10.456181 -0.000469 
20 -26.291479 0.000000 13.307462 99.457968 0.000000 10.457046 -0.000124 
21 1.561696 0.000000 13.307462 99.524477 0.000000 10.382172 -0.001291 
22 -12.364892 0.000000 26.499305 99.464326 0.000000 10.449393 -0.000234 
23 -5.401598 0.000000 -6.480304 99.375609 0.000000 10.472165 0.001482 
24 -12.364892 0.000000 -6.480304 99.434813 0.000000 10.471261 0.000307 
25 -5.401598 0.000000 -13.076225 99.412046 0.000000 10.444329 0.000816 
26 1.561696 0.000000 -6.480304 99.262952 0.000000 10.268544 0.004142 
27 -5.401598 0.000000 0.115618 99.465336 0.000000 10.565639 -0.000499 
28 15.488283 0.000000 13.307462 99.485717 0.000000 10.300677 -0.000351 
29 29.414870 0.000000 13.307462 99.475664 0.000000 10.264063 -0.000076 
30 15.488283 0.000000 26.499305 99.465692 0.000000 10.419353 -0.000199 
31 8.524989 0.000000 -6.480304 99.416448 0.000000 10.143644 0.001348 
32 8.524989 0.000000 -13.076225 99.419379 0.000000 10.359045 0.000848 
33 15.488283 0.000000 -6.480304 99.459817 0.000000 10.185337 0.000400 
34 8.524989 0.000000 0.115618 98.113590 0.000000 23.405941 -0.017411 
35 -5.401598 0.000000 6.711540 99.545904 0.000000 10.464660 -0.001890 
36 -12.364892 0.000000 6.711540 99.475636 0.000000 10.469838 -0.000502 
37 1.561696 0.000000 6.711540 99.686300 0.000000 10.227861 -0.004197 
38 -5.401598 0.000000 13.307462 99.501160 0.000000 10.439522 -0.000946 
39 -1.919951 0.000000 -3.182343 99.196225 0.000000 10.542919 0.004896 
40 -5.401598 0.000000 -3.182343 99.384659 0.000000 10.524972 0.001191 
41 -1.919951 0.000000 -6.480304 99.301658 0.000000 10.421646 0.003057 
42 1.561696 0.000000 -3.182343 98.881847 0.000000 9.985955 0.012266 
43 -1.919951 0.000000 0.115618 99.455443 0.000000 10.819812 -0.000845 
44 8.524989 0.000000 6.711540 99.559789 0.000000 9.997900 -0.001211 
45 15.488283 0.000000 6.711540 99.524063 0.000000 9.916369 -0.000337 
46 8.524989 0.000000 13.307462 99.505340 0.000000 10.325334 -0.000793 
47 5.043342 0.000000 -3.182343 99.321008 0.000000 9.674833 0.004174 
48 5.043342 0.000000 -6.480304 99.342772 0.000000 10.151905 0.002795 
49 8.524989 0.000000 -3.182343 99.467825 0.000000 9.789614 0.001032 
50 5.043342 0.000000 0.115618 100.300068 0.000000 30.476379 -0.098891 
51 -1.919951 0.000000 3.413579 99.759523 0.000000 10.529292 -0.006283 
52 -5.401598 0.000000 3.413579 99.543251 0.000000 10.520357 -0.001954 
53 1.561696 0.000000 3.413579 100.108698 0.000000 9.962416 -0.012100 
54 -1.919951 0.000000 6.711540 99.633043 0.000000 10.404029 -0.003499 
55 -0.179128 0.000000 -1.533362 98.700124 0.000000 11.008185 0.013711 
56 -1.919951 0.000000 -1.533362 99.243133 0.000000 10.734331 0.003557 
57 -0.179128 0.000000 -3.182343 98.960182 0.000000 10.407975 0.009856 
58 1.561696 0.000000 -1.533362 98.030051 0.000000 9.396708 0.030181 
59 -0.179128 0.000000 0.115618 95.435453 0.000000 6.369860 0.085150 
60 5.043342 0.000000 3.413579 99.741227 0.000000 9.535315 -0.003923 
61 8.524989 0.000000 3.413579 99.605017 0.000000 9.503641 -0.001148 
62 5.043342 0.000000 6.711540 99.624218 0.000000 10.066177 -0.002631 
63 3.302519 0.000000 -1.533362 99.124036 0.000000 9.068060 0.009220 
64 3.302519 0.000000 -3.182343 99.118811 0.000000 9.709151 0.008119 
65 5.043342 0.000000 -1.533362 99.387611 0.000000 9.201540 0.003743 
66 3.302519 0.000000 0.115618 98.588421 0.000000 26.492746 -0.042154 
67 -0.179128 0.000000 1.764599 100.268518 0.000000 11.014633 -0.017510 
68 -1.919951 0.000000 1.764599 99.714194 0.000000 10.731168 -0.005808 
69 1.561696 0.000000 1.764599 100.834032 0.000000 9.889096 -0.026530 
70 -0.179128 0.000000 3.413579 100.002746 0.000000 10.377992 -0.010825 
71 0.691284 0.000000 -0.708872 90.470510 0.000000 -2.681443 0.180790 
72 -0.179128 0.000000 -0.708872 99.611324 0.000000 12.350065 -0.007494 
73 0.691284 0.000000 -1.533362 97.935502 0.000000 10.508998 0.029820 
74 1.561696 0.000000 -0.708872 98.712731 0.000000 -2.060245 0.025155 
75 0.691284 0.000000 0.115618 86.922316 0.000000 -1.532393 0.244216 
76 -19.328185 0.000000 -6.480304 99.446530 0.000000 10.463265 0.000091 
77 -26.291479 0.000000 -6.480304 99.449842 0.000000 10.459212 0.000033 
78 -19.328185 0.000000 -13.076225 99.443494 0.000000 10.458651 0.000161 
79 -19.328185 0.000000 0.115618 99.453735 0.000000 10.465567 -0.000057 
80 -8.883245 0.000000 -3.182343 99.427736 0.000000 10.499246 0.000389 
81 -12.364892 0.000000 -3.182343 99.442874 0.000000 10.478256 0.000132 
82 -8.883245 0.000000 -6.480304 99.412668 0.000000 10.482978 0.000723 
83 -8.883245 0.000000 0.115618 99.458667 0.000000 10.510441 -0.000250 
84 -3.660775 0.000000 -1.533362 99.370465 0.000000 10.612161 0.001289 
85 -5.401598 0.000000 -1.533362 99.415927 0.000000 10.553912 0.000509 
86 -3.660775 0.000000 -3.182343 99.323317 0.000000 10.544176 0.002370 
87 -3.660775 0.000000 0.115618 99.471505 0.000000 10.644284 -0.000788 
88 -1.049540 0.000000 -0.708872 99.351807 0.000000 10.994563 0.000834 
89 -1.919951 0.000000 -0.708872 99.353187 0.000000 10.790458 0.001251 
90 -1.049540 0.000000 -1.533362 99.094605 0.000000 10.868856 0.006213 
91 -1.049540 0.000000 0.115618 99.288422 0.000000 10.880430 0.002343 
92 3.302519 0.000000 1.764599 100.012799 0.000000 9.465590 -0.009216 
93 5.043342 0.000000 1.764599 99.636028 0.000000 9.795675 -0.002329 
94 3.302519 0.000000 3.413579 99.918458 0.000000 9.643575 -0.007670 
95 0.691284 0.000000 0.940108 101.867995 0.000000 13.207905 -0.055154 
96 -0.179128 0.000000 0.940108 99.580753 0.000000 12.408984 -0.007031 
97 1.561696 0.000000 0.940108 101.696844 0.000000 11.228922 -0.046834 
98 0.691284 0.000000 1.764599 100.822239 0.000000 10.671267 -0.027900 
99 0.256078 0.000000 -0.296627 87.999355 0.000000 -2.943503 0.224745 
100 -0.179128 0.000000 -0.296627 103.150692 0.000000 11.724252 -0.077752 
101 0.256078 0.000000 -0.708872 93.736409 0.000000 -4.265697 0.119529 
102 0.691284 0.000000 -0.296627 92.451480 0.000000 -2.548118 0.144623 
103 0.256078 0.000000 0.115618 100.913038 0.000000 -1.057542 -0.018456 
104 2.432107 0.000000 -0.708872 99.005420 0.000000 7.863049 0.013610 
105 2.432107 0.000000 -1.533362 98.716196 0.000000 9.011052 0.017391 
106 3.302519 0.000000 -0.708872 99.689106 0.000000 9.623973 -0.003054 
107 2.432107 0.000000 0.115618 100.173464 0.000000 0.000000 -0.003472 
108 1.126490 0.000000 -0.296627 93.524327 0.000000 -2.444375 0.124723 
109 1.126490 0.000000 -0.708872 93.388493 0.000000 -2.461779 0.127253 
110 1.561696 0.000000 -0.296627 94.205510 0.000000 -2.393736 0.111959 
111 1.126490 0.000000 0.115618 92.539965 0.000000 -2.004807 0.143234 
112 -19.328185 0.000000 6.711540 99.460713 0.000000 10.462802 -0.000190 
113 -26.291479 0.000000 6.711540 99.456161 0.000000 10.459013 -0.000092 
114 -19.328185 0.000000 13.307462 99.463232 0.000000 10.457934 -0.000230 
115 -8.883245 0.000000 3.413579 99.488792 0.000000 10.497492 -0.000822 
116 -12.364892 0.000000 3.413579 99.468359 0.000000 10.477427 -0.000373 
117 -8.883245 0.000000 6.711540 99.502821 0.000000 10.481499 -0.001067 
118 -3.660775 0.000000 1.764599 99.572708 0.000000 10.607766 -0.002725 
119 -5.401598 0.000000 1.764599 99.514037 0.000000 10.551251 -0.001437 
120 -3.660775 0.000000 3.413579 99.615817 0.000000 10.535063 -0.003430 
121 -1.049540 0.000000 0.940108 99.561847 0.000000 11.117996 -0.003617 
122 -1.919951 0.000000 0.940108 99.594709 0.000000 10.831761 -0.003643 
123 -1.049540 0.000000 1.764599 99.889239 0.000000 10.876490 -0.009616 
124 0.256078 0.000000 0.527863 86.983737 0.000000 -2.996097 0.242485 
125 -0.179128 0.000000 0.527863 97.524975 0.000000 13.396974 0.030940 
126 0.691284 0.000000 0.527863 92.629897 0.000000 -2.532219 0.141329 
127 0.256078 0.000000 0.940108 100.530040 0.000000 13.357277 -0.028471 
128 0.473681 0.000000 -0.090504 96.047084 0.000000 -1.230872 0.077344 
129 0.256078 0.000000 -0.090504 103.433490 0.000000 -0.825385 -0.069917 
130 0.473681 0.000000 -0.296627 91.604375 0.000000 -2.609619 0.160183 
131 0.691284 0.000000 -0.090504 86.545194 0.000000 -1.462387 0.250779 
132 0.473681 0.000000 0.115618 95.757528 0.000000 -1.331964 0.082872 
133 2.432107 0.000000 0.940108 100.313915 0.000000 10.889313 -0.018146 
134 3.302519 0.000000 0.940108 99.572188 0.000000 11.751904 -0.005273 
135 2.432107 0.000000 1.764599 100.372031 0.000000 9.499842 -0.016479 
136 1.126490 0.000000 0.527863 93.461279 0.000000 -2.452535 0.125897 
137 1.561696 0.000000 0.527863 96.240820 0.000000 -2.058595 0.073347 
138 1.126490 0.000000 0.940108 102.273759 0.000000 12.098207 -0.060629 
139 0.908887 0.000000 -0.090504 86.013927 0.000000 -1.591962 0.259907 
140 0.908887 0.000000 -0.296627 92.914114 0.000000 -2.498955 0.136072 
141 1.126490 0.000000 -0.090504 93.291725 0.000000 -1.730498 0.129366 
142 0.908887 0.000000 0.115618 86.337404 0.000000 -1.642829 0.254315 
143 1.996901 0.000000 -0.296627 98.983566 0.000000 -2.051720 0.019804 
144 1.996901 0.000000 -0.708872 98.019616 0.000000 7.714115 0.033265 
145 2.432107 0.000000 -0.296627 99.767439 0.000000 6.906446 -0.000124 
146 1.996901 0.000000 0.115618 99.740342 0.000000 -0.619159 0.005148 
147 1.344093 0.000000 -0.090504 96.023533 0.000000 -1.641940 0.077679 
148 1.344093 0.000000 -0.296627 93.996458 0.000000 -2.407722 0.115887 
149 1.561696 0.000000 -0.090504 97.620335 0.000000 -1.055979 0.046916 
150 1.344093 0.000000 0.115618 95.909530 0.000000 -1.691404 0.079850 
151 0.908887 0.000000 0.321741 92.903493 0.000000 -2.499357 0.136269 
152 0.691284 0.000000 0.321741 92.424767 0.000000 -2.550466 0.145116 
153 1.126490 0.000000 0.321741 93.540455 0.000000 -2.442523 0.124422 
154 0.908887 0.000000 0.527863 93.000462 0.000000 -2.494107 0.134469 
155 1.017688 0.000000 0.012557 87.416179 0.000000 -1.277907 0.235678 
156 0.908887 0.000000 0.012557 89.268028 0.000000 -1.135078 0.202993 
157 1.017688 0.000000 -0.090504 90.384138 0.000000 -1.738628 0.182768 
158 1.126490 0.000000 0.012557 93.761753 0.000000 -1.019788 0.120769 
159 1.017688 0.000000 0.115618 90.592937 0.000000 -1.789003 0.178972 
160 -5.401598 0.000000 -19.672147 99.430436 0.000000 10.443581 0.000452 
161 -12.364892 0.000000 -19.672147 99.437870 0.000000 10.452306 0.000286 
162 -5.401598 0.000000 -26.268069 99.439011 0.000000 10.445634 0.000277 
163 1.561696 0.000000 -19.672147 99.427342 0.000000 10.427748 0.000547 
164 -1.919951 0.000000 -9.778264 99.363755 0.000000 10.415527 0.001836 
165 -5.401598 0.000000 -9.778264 99.386527 0.000000 10.456191 0.001299 
166 -1.919951 0.000000 -13.076225 99.400506 0.000000 10.424371 0.001087 
167 1.561696 0.000000 -9.778264 99.355712 0.000000 10.356002 0.002120 
168 -0.179128 0.000000 -4.831323 99.163240 0.000000 10.343407 0.005967 
169 -1.919951 0.000000 -4.831323 99.247103 0.000000 10.451290 0.004078 
170 -0.179128 0.000000 -6.480304 99.266689 0.000000 10.354780 0.003890 
171 1.561696 0.000000 -4.831323 99.146583 0.000000 10.170658 0.006651 
172 0.691284 0.000000 -2.357852 98.563953 0.000000 10.262518 0.017983 
173 -0.179128 0.000000 -2.357852 98.820071 0.000000 10.570870 0.012285 
174 0.691284 0.000000 -3.182343 98.870016 0.000000 10.217290 0.012033 
175 1.561696 0.000000 -2.357852 98.617804 0.000000 9.831559 0.017787 
176 1.126490 0.000000 -1.121117 97.099906 0.000000 9.844735 0.047469 
177 0.691284 0.000000 -1.121117 97.244463 0.000000 10.949691 0.042362 
178 1.126490 0.000000 -1.533362 97.855143 0.000000 9.917499 0.032601 
179 1.561696 0.000000 -1.121117 97.558275 0.000000 8.982384 0.040170 
180 0.908887 0.000000 -0.502749 93.008405 0.000000 -2.493863 0.134322 
181 0.691284 0.000000 -0.502749 92.653587 0.000000 -2.530217 0.140891 
182 0.908887 0.000000 -0.708872 93.079817 0.000000 -2.489917 0.132995 
183 1.126490 0.000000 -0.502749 93.446133 0.000000 -2.454280 0.126180 
184 1.017688 0.000000 -0.193566 93.216012 0.000000 -2.468983 0.130468 
185 0.908887 0.000000 -0.193566 92.866543 0.000000 -2.501465 0.136955 
186 1.017688 0.000000 -0.296627 93.219164 0.000000 -2.470572 0.130408 
187 1.126490 0.000000 -0.193566 93.564789 0.000000 -2.439365 0.123968 
188 1.996901 0.000000 0.527863 99.290364 0.000000 -2.064468 0.013716 
189 2.432107 0.000000 0.527863 100.745778 0.000000 4.724736 -0.017203 
190 1.996901 0.000000 0.940108 100.985448 0.000000 10.871577 -0.031625 
191 1.344093 0.000000 0.321741 94.027892 0.000000 -2.404958 0.115297 
192 1.561696 0.000000 0.321741 94.235575 0.000000 -2.391298 0.111394 
193 1.344093 0.000000 0.527863 93.838711 0.000000 -2.422108 0.118843 
194 1.235291 0.000000 0.012557 97.987530 0.000000 -1.209039 0.039698 
195 1.235291 0.000000 -0.090504 94.061701 0.000000 -1.682773 0.114956 
196 1.344093 0.000000 0.012557 97.553738 0.000000 -1.070637 0.048212 
197 1.235291 0.000000 0.115618 94.031849 0.000000 -1.732188 0.115501 
198 1.072089 0.000000 -0.038974 88.530507 0.000000 -1.398742 0.216039 
199 1.017688 0.000000 -0.038974 88.308787 0.000000 -1.411223 0.219957 
200 1.072089 0.000000 -0.090504 90.705452 0.000000 -1.728290 0.176953 
201 1.126490 0.000000 -0.038974 92.870258 0.000000 -1.115871 0.137387 
202 1.072089 0.000000 0.012557 87.569929 0.000000 -1.273279 0.232989 
203 1.344093 0.000000 -0.502749 93.808419 0.000000 -2.424867 0.119410 
204 1.344093 0.000000 -0.708872 95.988752 0.000000 -2.058713 0.078192 
205 1.561696 0.000000 -0.502749 96.220300 0.000000 -2.058616 0.073742 
206 1.235291 0.000000 -0.193566 93.864987 0.000000 -2.415831 0.118353 
207 1.235291 0.000000 -0.296627 93.791580 0.000000 -2.423026 0.119727 
208 1.344093 0.000000 -0.193566 94.087480 0.000000 -2.399659 0.114179 
209 1.779298 0.000000 -0.090504 99.597955 0.000000 -0.656883 0.007982 
210 1.779298 0.000000 -0.296627 98.568133 0.000000 -2.039035 0.028017 
211 1.996901 0.000000 -0.090504 99.784122 0.000000 -0.550821 0.004283 
212 1.779298 0.000000 0.115618 99.545048 0.000000 -0.717776 0.009027 
213 1.452894 0.000000 0.012557 98.285886 0.000000 -0.794819 0.033925 
214 1.452894 0.000000 -0.090504 96.991929 0.000000 -1.302948 0.059087 
215 1.561696 0.000000 0.012557 98.253418 0.000000 -0.800351 0.034563 
216 1.452894 0.000000 0.115618 96.405060 0.000000 -1.543508 0.070368 
217 1.289692 0.000000 -0.038974 95.182188 0.000000 -1.435037 0.093829 
218 1.235291 0.000000 -0.038974 96.742307 0.000000 -1.342254 0.063912 
219 1.289692 0.000000 -0.090504 95.864535 0.000000 -1.678023 0.080718 
220 1.344093 0.000000 -0.038974 97.360682 0.000000 -1.142241 0.051959 
221 1.289692 0.000000 0.012557 99.522836 0.000000 -0.887526 0.009442 
222 1.180890 0.000000 -0.038974 96.919620 0.000000 -1.158551 0.060525 
223 1.180890 0.000000 -0.090504 93.653239 0.000000 -1.697135 0.122619 
224 1.180890 0.000000 0.012557 97.465417 0.000000 -1.105325 0.049927 
225 1.235291 0.000000 0.218679 93.886901 0.000000 -2.413753 0.117942 
226 1.126490 0.000000 0.218679 93.578369 0.000000 -2.437812 0.123715 
227 1.344093 0.000000 0.218679 94.113468 0.000000 -2.397410 0.113691 
228 1.235291 0.000000 0.321741 93.817691 0.000000 -2.420518 0.119238 
229 1.289692 0.000000 0.064088 95.109775 0.000000 -1.471042 0.095197 
230 1.235291 0.000000 0.064088 94.122068 0.000000 -1.645804 0.113833 
231 1.344093 0.000000 0.064088 97.117639 0.000000 -1.236219 0.056664 
232 1.289692 0.000000 0.115618 95.141558 0.000000 -1.957767 0.094425 
233 1.262491 0.000000 -0.013208 97.669582 0.000000 -1.215531 0.045918 
234 1.235291 0.000000 -0.013208 97.970791 0.000000 -1.210508 0.040026 
235 1.262491 0.000000 -0.038974 94.973960 0.000000 -1.446210 0.097786 
236 1.289692 0.000000 -0.013208 99.473098 0.000000 -0.893445 0.010430 
237 1.262491 0.000000 0.012557 97.686098 0.000000 -1.214509 0.045595 
238 1.452894 0.000000 -0.193566 94.226173 0.000000 -2.390415 0.111571 
239 1.452894 0.000000 -0.296627 94.131989 0.000000 -2.398304 0.113342 
240 1.561696 0.000000 -0.193566 94.292896 0.000000 -2.386643 0.110315 
241 1.398493 0.000000 -0.038974 98.148101 0.000000 -0.851446 0.036623 
242 1.398493 0.000000 -0.090504 96.720664 0.000000 -1.386542 0.064319 
243 1.452894 0.000000 -0.038974 98.147777 0.000000 -0.847523 0.036630 
244 1.398493 0.000000 0.012557 99.083537 0.000000 -0.502317 0.018220 
245 1.316892 0.000000 -0.013208 99.006603 0.000000 -1.136254 0.019640 
246 1.316892 0.000000 -0.038974 97.064450 0.000000 -1.243188 0.057695 
247 1.344093 0.000000 -0.013208 97.552265 0.000000 -1.070693 0.048241 
248 1.316892 0.000000 0.012557 99.027228 0.000000 -1.135630 0.019232 
249 1.180890 0.000000 0.064088 93.640667 0.000000 -1.661337 0.122867 
250 1.126490 0.000000 0.064088 91.914798 0.000000 -1.523024 0.154935 
251 1.180890 0.000000 0.115618 93.685405 0.000000 -1.746349 0.122000 
252 1.262491 0.000000 0.038322 96.999901 0.000000 -1.277864 0.058939 
253 1.235291 0.000000 0.038322 96.757937 0.000000 -1.341950 0.063610 
254 1.289692 0.000000 0.038322 95.185453 0.000000 -1.437469 0.093766 
255 1.262491 0.000000 0.064088 94.320008 0.000000 -1.644941 0.110103 
256 1.276092 0.000000 -0.000326 100.052121 0.000000 -0.783314 -0.001104 
257 1.262491 0.000000 -0.000326 99.116477 0.000000 -0.957694 0.017501 
258 1.276092 0.000000 -0.013208 99.034172 0.000000 -0.990604 0.019125 
259 1.289692 0.000000 -0.000326 100.743596 0.000000 -0.741453 -0.014982 
260 1.276092 0.000000 0.012557 99.054444 0.000000 -0.988037 0.018724 
261 1.779298 0.000000 0.321741 98.387099 0.000000 -2.026899 0.031587 
262 1.996901 0.000000 0.321741 98.983837 0.000000 -2.051831 0.019799 
263 1.779298 0.000000 0.527863 98.728031 0.000000 -2.060918 0.024853 
264 1.452894 0.000000 0.218679 94.252321 0.000000 -2.388267 0.111080 
265 1.561696 0.000000 0.218679 94.316633 0.000000 -2.384748 0.109869 
266 1.452894 0.000000 0.321741 94.164300 0.000000 -2.395604 0.112735 
267 1.398493 0.000000 0.064088 97.734670 0.000000 -1.008939 0.044692 
268 1.452894 0.000000 0.064088 97.949339 0.000000 -0.926156 0.040507 
269 1.398493 0.000000 0.115618 96.006680 0.000000 -1.674781 0.077991 
270 1.371293 0.000000 -0.013208 98.395642 0.000000 -0.755593 0.031773 
271 1.371293 0.000000 -0.038974 97.945805 0.000000 -0.922973 0.040577 
272 1.398493 0.000000 -0.013208 99.046018 0.000000 -0.516077 0.018962 
273 1.371293 0.000000 0.012557 98.404431 0.000000 -0.752687 0.031600 
274 1.316892 0.000000 0.038322 97.063685 0.000000 -1.245118 0.057709 
275 1.344093 0.000000 0.038322 97.362389 0.000000 -1.143171 0.051926 
276 1.316892 0.000000 0.064088 96.062222 0.000000 -1.618558 0.076943 
277 1.330492 0.000000 -0.000326 99.599070 0.000000 -1.106933 0.007880 
278 1.316892 0.000000 -0.000326 99.439099 0.000000 -1.117516 0.011062 
279 1.330492 0.000000 -0.013208 98.988913 0.000000 -1.117789 0.019995 
280 1.344093 0.000000 -0.000326 99.556876 0.000000 -1.104107 0.008721 
281 1.330492 0.000000 0.012557 99.011148 0.000000 -1.117492 0.019554 
282 1.670497 0.000000 0.012557 99.016654 0.000000 -0.441649 0.019551 
283 1.670497 0.000000 -0.090504 97.369973 0.000000 -0.984732 0.051812 
284 1.779298 0.000000 0.012557 99.677535 0.000000 -0.507044 0.006413 
285 1.670497 0.000000 0.115618 97.113681 0.000000 -1.151671 0.056761 
286 22.451576 0.000000 -6.480304 99.468181 0.000000 10.226595 0.000150 
287 22.451576 0.000000 -13.076225 99.451485 0.000000 10.364058 0.000199 
288 29.414870 0.000000 -6.480304 99.468970 0.000000 10.256001 0.000074 
289 22.451576 0.000000 0.115618 99.547932 0.000000 9.522898 -0.000048 
290 12.006636 0.000000 -3.182343 99.486885 0.000000 9.865843 0.000502 
291 12.006636 0.000000 -6.480304 99.446100 0.000000 10.158349 0.000728 
292 15.488283 0.000000 -3.182343 99.494689 0.000000 9.929846 0.000221 
293 12.006636 0.000000 0.115618 99.418520 0.000000 10.753271 0.000033 
294 6.784166 0.000000 -1.533362 99.538586 0.000000 9.362131 0.000442 
295 6.784166 0.000000 -3.182343 99.426836 0.000000 9.727631 0.001968 
296 8.524989 0.000000 -1.533362 99.536031 0.000000 9.482343 0.000266 
297 6.784166 0.000000 0.115618 97.177486 0.000000 34.818753 -0.065581 
298 4.172931 0.000000 -0.708872 99.299752 0.000000 9.902260 0.004150 
299 4.172931 0.000000 -1.533362 99.270733 0.000000 9.158214 0.006145 
300 5.043342 0.000000 -0.708872 99.346187 0.000000 9.698579 0.003627 
301 4.172931 0.000000 0.115618 100.858948 0.000000 26.817710 -0.089172 
302 2.867313 0.000000 -0.296627 102.297034 0.000000 9.498948 -0.055491 
303 2.867313 0.000000 -0.708872 99.691977 0.000000 8.698767 -0.001416 
304 3.302519 0.000000 -0.296627 100.922458 0.000000 14.424163 -0.039340 
305 2.867313 0.000000 0.115618 100.183900 0.000000 0.000000 -0.003681 
306 2.214504 0.000000 -0.090504 100.049878 0.000000 -0.138905 -0.001000 
307 2.214504 0.000000 -0.296627 98.695189 0.000000 6.739007 0.021385 
308 2.432107 0.000000 -0.090504 100.173024 0.000000 0.000000 -0.003463 
309 2.214504 0.000000 0.115618 100.001637 0.000000 -0.226805 -0.000038 
310 22.451576 0.000000 6.711540 99.522097 0.000000 9.829175 -0.000126 
311 29.414870 0.000000 6.711540 99.531120 0.000000 9.717946 -0.000088 
312 22.451576 0.000000 13.307462 99.477411 0.000000 10.283635 -0.000151 
313 12.006636 0.000000 3.413579 99.572721 0.000000 9.492337 -0.000483 
314 15.488283 0.000000 3.413579 99.554129 0.000000 9.558278 -0.000239 
315 12.006636 0.000000 6.711540 99.536643 0.000000 9.949276 -0.000653 
316 6.784166 0.000000 1.764599 99.520176 0.000000 10.356170 -0.001152 
317 8.524989 0.000000 1.764599 99.454603 0.000000 10.813581 -0.000815 
318 6.784166 0.000000 3.413579 99.647384 0.000000 9.513700 -0.002011 
319 4.172931 0.000000 0.940108 99.678694 0.000000 11.262249 -0.006268 
320 5.043342 0.000000 0.940108 100.367699 0.000000 6.828950 -0.012031 
321 4.172931 0.000000 1.764599 99.807942 0.000000 9.578306 -0.005337 
322 2.867313 0.000000 0.527863 100.419759 0.000000 0.810378 -0.008478 
323 3.302519 0.000000 0.527863 100.526899 0.000000 3.527215 -0.011810 
324 2.867313 0.000000 0.940108 99.767881 0.000000 11.320054 -0.008177 
325 2.649710 0.000000 -0.090504 100.228538 0.000000 -0.000000 -0.004576 
326 2.649710 0.000000 -0.296627 101.016667 0.000000 7.679385 -0.026334 
327 2.867313 0.000000 -0.090504 100.176592 0.000000 0.000000 -0.003535 
328 2.649710 0.000000 0.115618 100.227125 0.000000 -0.000000 -0.004548 
329 2.214504 0.000000 0.321741 102.602365 0.000000 3.058519 -0.053660 
330 2.432107 0.000000 0.321741 101.421248 0.000000 6.675661 -0.033083 
331 2.214504 0.000000 0.527863 101.230552 0.000000 6.506252 -0.028996 
332 2.323306 0.000000 0.012557 100.152906 0.000000 0.000000 -0.003060 
333 2.214504 0.000000 0.012557 100.050879 0.000000 -0.142521 -0.001020 
334 2.323306 0.000000 -0.090504 100.151698 0.000000 0.000000 -0.003036 
335 2.432107 0.000000 0.012557 100.173559 0.000000 0.000000 -0.003474 
336 2.323306 0.000000 0.115618 100.151749 0.000000 0.000000 -0.003037 
337 3.737725 0.000000 -0.296627 99.592632 0.000000 14.752532 -0.013633 
338 3.737725 0.000000 -0.708872 99.418925 0.000000 9.878969 0.001828 
339 4.172931 0.000000 -0.296627 99.322127 0.000000 15.028108 -0.009073 
340 3.737725 0.000000 0.115618 100.270872 0.000000 26.046336 -0.073266 
341 3.084916 0.000000 -0.090504 100.082745 0.000000 -0.000000 -0.001656 
342 3.084916 0.000000 -0.296627 102.534966 0.000000 12.553931 -0.067102 
343 3.302519 0.000000 -0.090504 101.395545 0.000000 22.532671 -0.078878 
344 3.084916 0.000000 0.115618 100.078783 0.000000 -0.000000 -0.001576 
345 0.800085 0.000000 0.012557 71.555611 0.000000 -1.565455 0.487734 
346 0.691284 0.000000 0.012557 87.204850 0.000000 -1.182338 0.239392 
347 0.800085 0.000000 -0.090504 84.540927 0.000000 -1.535653 0.285047 
348 0.800085 0.000000 0.115618 85.576313 0.000000 -1.773871 0.267355 
349 0.473681 0.000000 0.321741 91.929581 0.000000 -2.592795 0.154223 
350 0.256078 0.000000 0.321741 88.791944 0.000000 -2.853852 0.210785 
351 0.473681 0.000000 0.527863 90.200412 0.000000 -2.716734 0.185651 
352 0.582482 0.000000 0.012557 93.887934 0.000000 -0.866537 0.118431 
353 0.473681 0.000000 0.012557 97.568104 0.000000 -0.822041 0.047979 
354 0.582482 0.000000 -0.090504 91.432025 0.000000 -1.342824 0.163838 
355 0.582482 0.000000 0.115618 91.197860 0.000000 -1.439164 0.168088 
356 0.800085 0.000000 -0.193566 88.615673 0.000000 -2.180251 0.214251 
357 0.691284 0.000000 -0.193566 88.000027 0.000000 -2.162469 0.225132 
358 0.800085 0.000000 -0.296627 92.649146 0.000000 -2.525924 0.140976 
359 0.745685 0.000000 -0.038974 85.312513 0.000000 -1.381573 0.271987 
360 0.691284 0.000000 -0.038974 87.357832 0.000000 -1.205837 0.236716 
361 0.745685 0.000000 -0.090504 86.175122 0.000000 -1.482357 0.257165 
362 0.800085 0.000000 -0.038974 83.784814 0.000000 -1.448276 0.297801 
363 0.745685 0.000000 0.012557 85.073962 0.000000 -1.356699 0.276058 
364 0.854486 0.000000 -0.038974 86.671201 0.000000 -1.405519 0.248613 
365 0.854486 0.000000 -0.090504 85.261259 0.000000 -1.560319 0.272808 
366 0.908887 0.000000 -0.038974 88.069957 0.000000 -1.395723 0.224173 
367 0.854486 0.000000 0.012557 88.134533 0.000000 -1.344275 0.223050 
368 0.800085 0.000000 0.218679 88.937699 0.000000 -2.211566 0.208519 
369 0.691284 0.000000 0.218679 88.379118 0.000000 -2.200337 0.218429 
370 0.908887 0.000000 0.218679 92.856982 0.000000 -2.501840 0.137132 
371 0.800085 0.000000 0.321741 92.627985 0.000000 -2.527475 0.141367 
372 0.745685 0.000000 0.064088 85.729854 0.000000 -1.432592 0.264834 
373 0.691284 0.000000 0.064088 87.614226 0.000000 -1.254687 0.232217 
374 0.800085 0.000000 0.064088 84.156183 0.000000 -1.493326 0.291551 
375 0.745685 0.000000 0.115618 86.664048 0.000000 -1.550630 0.248694 
376 0.772885 0.000000 -0.013208 79.160367 0.000000 -2.718135 0.372625 
377 0.745685 0.000000 -0.013208 85.071269 0.000000 -1.355646 0.276104 
378 0.772885 0.000000 -0.038974 85.397626 0.000000 -1.411933 0.270525 
379 0.800085 0.000000 -0.013208 71.627706 0.000000 -1.567927 0.486701 
380 0.772885 0.000000 0.012557 79.079516 0.000000 -2.736851 0.373894 
381 0.256078 0.000000 -1.121117 98.035960 0.000000 11.627960 0.025374 
382 -0.179128 0.000000 -1.121117 98.813468 0.000000 11.533168 0.010288 
383 0.256078 0.000000 -1.533362 98.285707 0.000000 10.912190 0.022084 
384 0.473681 0.000000 -0.502749 89.600388 0.000000 -2.751082 0.196420 
385 0.256078 0.000000 -0.502749 86.987659 0.000000 -2.994792 0.242418 
386 0.473681 0.000000 -0.708872 87.034605 0.000000 -2.977737 0.241611 
387 0.582482 0.000000 -0.193566 88.176502 0.000000 -2.202173 0.222005 
388 0.473681 0.000000 -0.193566 92.178228 0.000000 -2.581910 0.149651 
389 0.582482 0.000000 -0.296627 92.327540 0.000000 -2.563664 0.146905 
390 0.636883 0.000000 -0.038974 89.091957 0.000000 -1.155313 0.206129 
391 0.582482 0.000000 -0.038974 93.042652 0.000000 -1.014777 0.134204 
392 0.636883 0.000000 -0.090504 90.467180 0.000000 -1.393906 0.181375 
393 0.636883 0.000000 0.012557 89.144942 0.000000 -1.126790 0.205191 
394 0.718484 0.000000 -0.013208 85.239753 0.000000 -1.336143 0.273240 
395 0.691284 0.000000 -0.013208 87.204133 0.000000 -1.181333 0.239404 
396 0.718484 0.000000 -0.038974 85.471614 0.000000 -1.363156 0.269274 
397 0.718484 0.000000 0.012557 85.241978 0.000000 -1.337161 0.273202 
398 0.854486 0.000000 0.064088 84.993469 0.000000 -1.525501 0.277378 
399 0.908887 0.000000 0.064088 85.821885 0.000000 -1.559958 0.263217 
400 0.854486 0.000000 0.115618 85.658078 0.000000 -1.615071 0.266009 
401 0.772885 0.000000 0.038322 85.408177 0.000000 -1.415264 0.270344 
402 0.745685 0.000000 0.038322 85.321395 0.000000 -1.384818 0.271834 
403 0.800085 0.000000 0.038322 83.803683 0.000000 -1.451678 0.297484 
404 0.772885 0.000000 0.064088 85.797491 0.000000 -1.460385 0.263666 
405 0.759285 0.000000 -0.000326 95.108529 0.000000 -3.961613 0.093867 
406 0.745685 0.000000 -0.000326 85.039580 0.000000 -1.352581 0.276644 
407 0.759285 0.000000 -0.013208 89.781358 0.000000 -3.040034 0.193007 
408 0.772885 0.000000 -0.000326 84.485743 0.000000 -3.545830 0.284959 
409 0.759285 0.000000 0.012557 89.866915 0.000000 -3.070513 0.191451 
410 3.737725 0.000000 0.527863 104.072515 0.000000 -20.354286 -0.124539 
411 4.172931 0.000000 0.527863 101.076112 0.000000 6.000196 -0.025238 
412 3.737725 0.000000 0.940108 99.589657 0.000000 11.804153 -0.005744 
413 3.084916 0.000000 0.321741 98.356957 0.000000 15.904741 0.007295 
414 2.867313 0.000000 0.321741 98.754731 0.000000 12.762828 0.008461 
415 3.302519 0.000000 0.321741 99.564481 0.000000 17.885666 -0.023298 
416 3.084916 0.000000 0.527863 100.385004 0.000000 3.018055 -0.008626 
417 2.976115 0.000000 0.012557 100.094284 0.000000 -0.000000 -0.001887 
418 2.867313 0.000000 0.012557 100.185895 0.000000 -0.000000 -0.003721 
419 2.976115 0.000000 -0.090504 100.110572 0.000000 -0.000000 -0.002213 
420 3.084916 0.000000 0.012557 100.092062 0.000000 -0.000000 -0.001842 
421 2.976115 0.000000 0.115618 100.099894 0.000000 -0.000000 -0.001999 
422 8.524989 0.000000 -19.672147 99.433048 0.000000 10.413465 0.000463 
423 8.524989 0.000000 -26.268069 99.440099 0.000000 10.431931 0.000284 
424 15.488283 0.000000 -19.672147 99.441514 0.000000 10.407778 0.000306 
425 5.043342 0.000000 -9.778264 99.376530 0.000000 10.304768 0.001812 
426 5.043342 0.000000 -13.076225 99.405499 0.000000 10.372642 0.001096 
427 8.524989 0.000000 -9.778264 99.411124 0.000000 10.287652 0.001159 
428 3.302519 0.000000 -4.831323 99.223730 0.000000 10.032715 0.005400 
429 3.302519 0.000000 -6.480304 99.294902 0.000000 10.193707 0.003661 
430 5.043342 0.000000 -4.831323 99.320933 0.000000 9.980335 0.003575 
431 2.432107 0.000000 -2.357852 98.850206 0.000000 9.519985 0.013801 
432 2.432107 0.000000 -3.182343 98.987033 0.000000 9.804924 0.010543 
433 3.302519 0.000000 -2.357852 99.065858 0.000000 9.417792 0.009726 
434 2.867313 0.000000 -1.121117 99.118483 0.000000 8.749046 0.009898 
435 2.432107 0.000000 -1.121117 98.731458 0.000000 8.523940 0.017944 
436 2.867313 0.000000 -1.533362 98.986777 0.000000 9.036444 0.011996 
437 3.302519 0.000000 -1.121117 99.280685 0.000000 9.018238 0.006202 
438 3.084916 0.000000 -0.502749 100.534184 0.000000 10.083632 -0.020880 
439 2.867313 0.000000 -0.502749 100.484101 0.000000 8.952860 -0.017721 
440 3.084916 0.000000 -0.708872 99.771648 0.000000 9.200353 -0.003903 
441 3.302519 0.000000 -0.502749 100.141231 0.000000 10.918043 -0.014747 
442 2.976115 0.000000 -0.193566 105.158248 0.000000 11.762034 -0.119660 
443 2.867313 0.000000 -0.193566 103.905824 0.000000 9.519955 -0.088705 
444 2.976115 0.000000 -0.296627 102.707724 0.000000 10.939267 -0.066854 
445 3.084916 0.000000 -0.193566 105.009278 0.000000 14.922307 -0.124962 
446 3.520122 0.000000 -0.090504 100.057967 0.000000 21.553790 -0.047616 
447 3.520122 0.000000 -0.296627 99.942816 0.000000 14.684719 -0.020421 
448 3.737725 0.000000 -0.090504 99.912559 0.000000 21.723848 -0.045445 
449 3.520122 0.000000 0.115618 99.975880 0.000000 26.088772 -0.067580 
450 3.193717 0.000000 0.012557 100.088103 0.000000 -0.000000 -0.001763 
451 3.193717 0.000000 -0.090504 100.086213 0.000000 -0.000000 -0.001725 
452 3.302519 0.000000 0.012557 99.680676 0.000000 26.697000 -0.064897 
453 3.193717 0.000000 0.115618 100.084461 0.000000 -0.000000 -0.001690 
454 3.030515 0.000000 -0.038974 100.093220 0.000000 -0.000000 -0.001865 
455 2.976115 0.000000 -0.038974 100.108576 0.000000 -0.000000 -0.002173 
456 3.030515 0.000000 -0.090504 100.083237 0.000000 -0.000000 -0.001665 
457 3.084916 0.000000 -0.038974 100.089168 0.000000 -0.000000 -0.001784 
458 3.030515 0.000000 0.012557 100.078361 0.000000 0.000000 -0.001568 
459 3.193717 0.000000 -0.193566 103.157326 0.000000 17.142615 -0.093530 
460 3.193717 0.000000 -0.296627 101.774479 0.000000 13.786072 -0.054810 
461 3.302519 0.000000 -0.193566 101.373436 0.000000 17.828404 -0.059443 
462 3.139317 0.000000 -0.038974 100.088176 0.000000 -0.000000 -0.001764 
463 3.139317 0.000000 -0.090504 100.084034 0.000000 -0.000000 -0.001681 
464 3.193717 0.000000 -0.038974 100.087203 0.000000 -0.000000 -0.001745 
465 3.139317 0.000000 0.012557 100.093200 0.000000 -0.000000 -0.001865 
466 2.649710 0.000000 0.321741 100.123185 0.000000 9.709045 -0.011892 
467 2.649710 0.000000 0.527863 100.342189 0.000000 2.627913 -0.007546 
468 2.976115 0.000000 0.218679 96.104391 0.000000 17.885157 0.044407 
469 2.867313 0.000000 0.218679 97.111948 0.000000 15.802147 0.031956 
470 3.084916 0.000000 0.218679 96.200932 0.000000 20.596676 0.032116 
471 2.976115 0.000000 0.321741 98.286048 0.000000 14.317656 0.013486 
472 3.030515 0.000000 0.064088 100.084558 0.000000 -0.000000 -0.001692 
473 2.976115 0.000000 0.064088 100.109469 0.000000 -0.000000 -0.002191 
474 3.084916 0.000000 0.064088 100.083445 0.000000 -0.000000 -0.001670 
475 3.030515 0.000000 0.115618 100.081489 0.000000 -0.000000 -0.001630 
476 3.057716 0.000000 -0.013208 100.092644 0.000000 -0.000000 -0.001854 
477 3.030515 0.000000 -0.013208 100.085140 0.000000 -0.000000 -0.001704 
478 3.057716 0.000000 -0.038974 100.088324 0.000000 -0.000000 -0.001767 
479 3.084916 0.000000 -0.013208 100.092018 0.000000 -0.000000 -0.001841 
480 3.057716 0.000000 0.012557 100.100076 0.000000 -0.000000 -0.002003 
481 2.758512 0.000000 0.012557 100.235098 0.000000 -0.000000 -0.004707 
482 2.649710 0.000000 0.012557 100.223475 0.000000 -0.000000 -0.004475 
483 2.758512 0.000000 -0.090504 100.223675 0.000000 -0.000000 -0.004479 
484 2.758512 0.000000 0.115618 100.232268 0.000000 -0.000000 -0.004651 
485 2.921714 0.000000 -0.038974 100.141602 0.000000 -0.000000 -0.002834 
486 2.867313 0.000000 -0.038974 100.171248 0.000000 0.000000 -0.003428 
487 2.921714 0.000000 -0.090504 100.136726 0.000000 -0.000000 -0.002736 
488 2.921714 0.000000 0.012557 100.117560 0.000000 0.000000 -0.002353 
489 3.003315 0.000000 -0.013208 100.087817 0.000000 -0.000000 -0.001757 
490 2.976115 0.000000 -0.013208 100.094545 0.000000 -0.000000 -0.001892 
491 3.003315 0.000000 -0.038974 100.093459 0.000000 -0.000000 -0.001870 
492 3.003315 0.000000 0.012557 100.087500 0.000000 -0.000000 -0.001751 
493 2.921714 0.000000 0.064088 100.142008 0.000000 -0.000000 -0.002842 
494 2.867313 0.000000 0.064088 100.170660 0.000000 0.000000 -0.003416 
495 2.921714 0.000000 0.115618 100.129476 0.000000 -0.000000 -0.002591 
496 3.003315 0.000000 0.038322 100.093445 0.000000 -0.000000 -0.001870 
497 2.976115 0.000000 0.038322 100.108556 0.000000 -0.000000 -0.002172 
498 3.030515 0.000000 0.038322 100.093207 0.000000 -0.000000 -0.001865 
499 3.003315 0.000000 0.064088 100.093829 0.000000 -0.000000 -0.001877 
500 3.016915 0.000000 -0.000326 100.072660 0.000000 0.000000 -0.001454 
501 3.003315 0.000000 -0.000326 100.077781 0.000000 0.000000 -0.001556 
502 3.016915 0.000000 -0.013208 100.079408 0.000000 0.000000 -0.001589 
503 3.030515 0.000000 -0.000326 100.072631 0.000000 0.000000 -0.001453 
504 3.016915 0.000000 0.012557 100.079138 0.000000 0.000000 -0.001583 
505 2.649710 0.000000 -0.502749 99.991127 0.000000 7.958392 -0.006156 
506 2.432107 0.000000 -0.502749 99.326534 0.000000 7.386943 0.007967 
507 2.649710 0.000000 -0.708872 99.412169 0.000000 8.199803 0.004998 
508 2.758512 0.000000 -0.193566 102.672770 0.000000 8.248271 -0.060973 
509 2.649710 0.000000 -0.193566 101.635661 0.000000 7.521971 -0.038639 
510 2.758512 0.000000 -0.296627 101.668276 0.000000 8.418154 -0.040730 
511 2.812912 0.000000 -0.038974 100.206678 0.000000 -0.000000 -0.004138 
512 2.758512 0.000000 -0.038974 100.224354 0.000000 -0.000000 -0.004492 
513 2.812912 0.000000 -0.090504 100.212483 0.000000 -0.000000 -0.004254 
514 2.812912 0.000000 0.012557 100.230367 0.000000 -0.000000 -0.004613 
515 2.894513 0.000000 -0.013208 100.149427 0.000000 -0.000000 -0.002991 
516 2.867313 0.000000 -0.013208 100.185211 0.000000 -0.000000 -0.003708 
517 2.894513 0.000000 -0.038974 100.145715 0.000000 -0.000000 -0.002916 
518 2.921714 0.000000 -0.013208 100.117785 0.000000 0.000000 -0.002357 
519 2.894513 0.000000 0.012557 100.148641 0.000000 -0.000000 -0.002975 
520 2.540909 0.000000 0.012557 100.199445 0.000000 -0.000000 -0.003993 
521 2.540909 0.000000 -0.090504 100.193104 0.000000 0.000000 -0.003866 
522 2.540909 0.000000 0.115618 100.183197 0.000000 0.000000 -0.003667 
523 2.704111 0.000000 -0.038974 100.228559 0.000000 -0.000000 -0.004576 
524 2.649710 0.000000 -0.038974 100.227242 0.000000 -0.000000 -0.004550 
525 2.704111 0.000000 -0.090504 100.231642 0.000000 -0.000000 -0.004638 
526 2.704111 0.000000 0.012557 100.228468 0.000000 -0.000000 -0.004575 
527 2.758512 0.000000 0.218679 98.199445 0.000000 14.451642 0.014802 
528 2.649710 0.000000 0.218679 99.135314 0.000000 13.543847 -0.001125 
529 2.758512 0.000000 0.321741 99.444715 0.000000 11.213158 -0.001499 
530 2.812912 0.000000 0.064088 100.205867 0.000000 -0.000000 -0.004122 
531 2.758512 0.000000 0.064088 100.224242 0.000000 -0.000000 -0.004490 
532 2.812912 0.000000 0.115618 100.209362 0.000000 -0.000000 -0.004192 
533 2.785712 0.000000 -0.013208 100.230572 0.000000 -0.000000 -0.004617 
534 2.758512 0.000000 -0.013208 100.234932 0.000000 -0.000000 -0.004704 
535 2.785712 0.000000 -0.038974 100.216365 0.000000 -0.000000 -0.004332 
536 2.812912 0.000000 -0.013208 100.230027 0.000000 -0.000000 -0.004606 
537 2.785712 0.000000 0.012557 100.230956 0.000000 -0.000000 -0.004624 
538 2.704111 0.000000 0.064088 100.231371 0.000000 -0.000000 -0.004633 
539 2.649710 0.000000 0.064088 100.228019 0.000000 -0.000000 -0.004566 
540 2.704111 0.000000 0.115618 100.236258 0.000000 -0.000000 -0.004731 
541 2.731311 0.000000 -0.013208 100.232719 0.000000 -0.000000 -0.004660 
542 2.704111 0.000000 -0.013208 100.228470 0.000000 -0.000000 -0.004575 
543 2.731311 0.000000 -0.038974 100.229329 0.000000 -0.000000 -0.004592 
544 2.731311 0.000000 0.012557 100.232806 0.000000 -0.000000 -0.004662 
545 2.540909 0.000000 -0.193566 100.755523 0.000000 7.118549 -0.020235 
546 2.432107 0.000000 -0.193566 99.947682 0.000000 6.916090 -0.003737 
547 2.540909 0.000000 -0.296627 100.378592 0.000000 7.198432 -0.012768 
548 2.595309 0.000000 -0.038974 100.219685 0.000000 -0.000000 -0.004399 
549 2.540909 0.000000 -0.038974 100.200215 0.000000 -0.000000 -0.004008 
550 2.595309 0.000000 -0.090504 100.217121 0.000000 -0.000000 -0.004347 
551 2.595309 0.000000 0.012557 100.219531 0.000000 -0.000000 -0.004395 
552 2.676911 0.000000 -0.013208 100.229354 0.000000 -0.000000 -0.004592 
553 2.649710 0.000000 -0.013208 100.223500 0.000000 -0.000000 -0.004475 
554 2.676911 0.000000 -0.038974 100.229860 0.000000 -0.000000 -0.004602 
555 2.676911 0.000000 0.012557 100.229345 0.000000 -0.000000 -0.004592 
556 2.731311 0.000000 0.038322 100.229329 0.000000 -0.000000 -0.004592 
557 2.704111 0.000000 0.038322 100.228556 0.000000 -0.000000 -0.004576 
558 2.758512 0.000000 0.038322 100.224363 0.000000 -0.000000 -0.004492 
559 2.731311 0.000000 0.064088 100.231032 0.000000 -0.000000 -0.004626 
560 2.717711 0.000000 -0.000326 100.233848 0.000000 -0.000000 -0.004682 
561 2.704111 0.000000 -0.000326 100.228798 0.000000 -0.000000 -0.004581 
562 2.717711 0.000000 -0.013208 100.231283 0.000000 -0.000000 -0.004631 
563 2.731311 0.000000 -0.000326 100.234772 0.000000 -0.000000 -0.004701 
564 2.717711 0.000000 0.012557 100.231349 0.000000 -0.000000 -0.004632 
565 5.913754 0.000000 0.940108 101.160097 0.000000 -3.611288 -0.024641 
566 5.913754 0.000000 0.115618 98.062620 0.000000 33.479409 -0.073715 
567 6.784166 0.000000 0.940108 100.258612 0.000000 3.891661 -0.006693 
568 5.913754 0.000000 1.764599 99.544207 0.000000 10.096208 -0.001098 
569 -0.614334 0.000000 -0.296627 99.790483 0.000000 10.677817 -0.007216 
570 -1.049540 0.000000 -0.296627 99.400614 0.000000 10.870368 0.000135 
571 -0.614334 0.000000 -0.708872 99.547321 0.000000 11.235347 -0.003590 
572 -0.614334 0.000000 0.115618 98.722289 0.000000 10.484275 0.014399 
573 0.038475 0.000000 -0.090504 122.803474 0.000000 -0.415177 -0.508087 
574 -0.179128 0.000000 -0.090504 104.328154 0.000000 5.636570 -0.091613 
575 0.038475 0.000000 -0.296627 84.173399 0.000000 -3.350149 0.290362 
576 0.038475 0.000000 0.115618 121.405986 0.000000 -0.495380 -0.473966 
577 -19.328185 0.000000 -19.672147 99.443745 0.000000 10.455105 0.000163 
578 -26.291479 0.000000 -19.672147 99.447230 0.000000 10.455510 0.000093 
579 -19.328185 0.000000 -26.268069 99.445102 0.000000 10.453156 0.000140 
580 22.451576 0.000000 -19.672147 99.447507 0.000000 10.407880 0.000187 
581 22.451576 0.000000 -26.268069 99.447100 0.000000 10.426778 0.000156 
582 29.414870 0.000000 -19.672147 99.450885 0.000000 10.410024 0.000115 
583 -8.883245 0.000000 -9.778264 99.418669 0.000000 10.461634 0.000648 
584 -12.364892 0.000000 -9.778264 99.432310 0.000000 10.463639 0.000373 
585 -8.883245 0.000000 -13.076225 99.423974 0.000000 10.454167 0.000558 
586 12.006636 0.000000 -9.778264 99.435921 0.000000 10.290962 0.000659 
587 12.006636 0.000000 -13.076225 99.432091 0.000000 10.355346 0.000603 
588 15.488283 0.000000 -9.778264 99.446091 0.000000 10.299317 0.000440 
589 -3.660775 0.000000 -4.831323 99.324483 0.000000 10.489033 0.002463 
590 -5.401598 0.000000 -4.831323 99.374142 0.000000 10.493780 0.001466 
591 -3.660775 0.000000 -6.480304 99.342468 0.000000 10.456917 0.002173 
592 6.784166 0.000000 -4.831323 99.391040 0.000000 9.982530 0.002177 
593 6.784166 0.000000 -6.480304 99.385634 0.000000 10.139363 0.001969 
594 8.524989 0.000000 -4.831323 99.431122 0.000000 10.004628 0.001336 
595 -1.049540 0.000000 -2.357852 99.035581 0.000000 10.649623 0.007854 
596 -1.919951 0.000000 -2.357852 99.192586 0.000000 10.633026 0.004777 
597 -1.049540 0.000000 -3.182343 99.085690 0.000000 10.510094 0.007156 
598 4.172931 0.000000 -2.357852 99.234867 0.000000 9.425243 0.006361 
599 4.172931 0.000000 -3.182343 99.228261 0.000000 9.669544 0.006025 
600 5.043342 0.000000 -2.357852 99.341490 0.000000 9.442638 0.004210 
601 -0.614334 0.000000 -1.121117 99.139005 0.000000 11.160984 0.004689 
602 -1.049540 0.000000 -1.121117 99.204612 0.000000 10.972976 0.003804 
603 -0.614334 0.000000 -1.533362 98.948223 0.000000 10.966759 0.008898 
604 0.038475 0.000000 -0.502749 98.761279 0.000000 -4.370797 0.022711 
605 -0.179128 0.000000 -0.502749 100.759725 0.000000 12.667431 -0.031299 
606 0.038475 0.000000 -0.708872 99.000619 0.000000 13.135309 0.002634 
607 1.996901 0.000000 -1.121117 98.175727 0.000000 8.560444 0.028825 
608 1.996901 0.000000 -1.533362 98.369346 0.000000 9.098167 0.024070 
609 -0.614334 0.000000 0.527863 98.738145 0.000000 11.414420 0.012049 
610 -1.049540 0.000000 0.527863 99.330361 0.000000 11.042623 0.001154 
611 -0.614334 0.000000 0.940108 99.456287 0.000000 11.494793 -0.002368 
612 0.038475 0.000000 0.321741 84.175759 0.000000 -3.350585 0.290322 
613 -0.179128 0.000000 0.321741 95.463307 0.000000 12.404519 0.073288 
614 0.038475 0.000000 0.527863 93.749828 0.000000 -4.265978 0.119277 
615 1.779298 0.000000 -0.502749 98.726648 0.000000 -2.060863 0.024880 
616 1.779298 0.000000 -0.708872 99.293868 0.000000 -2.063390 0.013647 
617 1.996901 0.000000 -0.502749 99.140899 0.000000 -2.119211 0.016659 
618 2.214504 0.000000 -0.502749 98.624629 0.000000 7.160541 0.022191 
619 2.214504 0.000000 -0.708872 98.529332 0.000000 7.708154 0.023256 
620 1.017688 0.000000 0.218679 93.218205 0.000000 -2.468295 0.130427 
621 1.017688 0.000000 0.321741 93.222077 0.000000 -2.469745 0.130354 
622 0.963287 0.000000 -0.038974 87.644383 0.000000 -1.389208 0.231653 
623 0.963287 0.000000 -0.090504 90.169418 0.000000 -1.768131 0.186635 
624 0.963287 0.000000 0.012557 87.354049 0.000000 -0.826849 0.236859 
625 1.072089 0.000000 0.064088 89.026920 0.000000 -1.476366 0.207203 
626 1.017688 0.000000 0.064088 88.791654 0.000000 -1.489128 0.211382 
627 1.072089 0.000000 0.115618 90.882076 0.000000 -1.778285 0.173729 
628 0.963287 0.000000 0.064088 88.393933 0.000000 -1.555218 0.218409 
629 0.963287 0.000000 0.115618 90.751848 0.000000 -2.046398 0.175991 
630 1.670497 0.000000 -0.193566 94.411368 0.000000 -2.087460 0.108214 
631 1.670497 0.000000 -0.296627 96.364680 0.000000 -2.058846 0.070961 
632 1.779298 0.000000 -0.193566 98.392301 0.000000 -2.027308 0.031485 
633 1.303292 0.000000 -0.000326 99.631633 0.000000 -1.021955 0.007249 
634 1.303292 0.000000 -0.013208 98.584934 0.000000 -1.188779 0.027960 
635 1.303292 0.000000 0.012557 99.420599 0.000000 -1.019072 0.011451 
636 1.670497 0.000000 0.218679 94.434303 0.000000 -2.087326 0.107781 
637 1.779298 0.000000 0.218679 98.394445 0.000000 -2.027479 0.031442 
638 1.670497 0.000000 0.321741 96.381400 0.000000 -2.058865 0.070639 
639 1.371293 0.000000 0.038322 97.951678 0.000000 -0.922103 0.040462 
640 1.398493 0.000000 0.038322 98.157860 0.000000 -0.849022 0.036431 
641 1.371293 0.000000 0.064088 97.313333 0.000000 -1.171084 0.052874 
642 5.913754 0.000000 -0.708872 99.578489 0.000000 9.549691 -0.000707 
643 5.913754 0.000000 -1.533362 99.493104 0.000000 9.263278 0.001531 
644 6.784166 0.000000 -0.708872 99.604894 0.000000 9.551825 -0.001237 
645 3.737725 0.000000 -1.121117 99.293215 0.000000 9.139257 0.005733 
646 3.737725 0.000000 -1.533362 99.211545 0.000000 9.127903 0.007375 
647 4.172931 0.000000 -1.121117 99.297287 0.000000 9.179301 0.005579 
648 2.323306 0.000000 -0.193566 99.250042 0.000000 6.879579 0.010210 
649 2.214504 0.000000 -0.193566 98.727146 0.000000 -2.209120 0.024807 
650 2.323306 0.000000 -0.296627 99.202260 0.000000 6.769783 0.011308 
651 3.520122 0.000000 -0.502749 99.736534 0.000000 11.234772 -0.007360 
652 3.520122 0.000000 -0.708872 99.535592 0.000000 9.832451 -0.000401 
653 3.737725 0.000000 -0.502749 99.488598 0.000000 11.277384 -0.002516 
654 0.582482 0.000000 0.218679 92.206739 0.000000 -2.575680 0.149128 
655 0.473681 0.000000 0.218679 92.158065 0.000000 -2.584043 0.150021 
656 0.582482 0.000000 0.321741 92.300019 0.000000 -2.566340 0.147412 
657 0.636883 0.000000 0.064088 89.039530 0.000000 -1.210877 0.207050 
658 0.582482 0.000000 0.064088 91.794852 0.000000 -1.245212 0.157215 
659 0.636883 0.000000 0.115618 90.485383 0.000000 -1.473740 0.181022 
660 0.718484 0.000000 0.038322 85.479211 0.000000 -1.366312 0.269144 
661 0.691284 0.000000 0.038322 87.360644 0.000000 -1.208951 0.236666 
662 0.718484 0.000000 0.064088 85.865502 0.000000 -1.415694 0.262511 
663 3.520122 0.000000 0.321741 100.343226 0.000000 18.434125 -0.040858 
664 3.737725 0.000000 0.321741 100.558596 0.000000 18.796673 -0.046535 
665 3.520122 0.000000 0.527863 102.169564 0.000000 -12.252373 -0.058874 
666 3.193717 0.000000 0.218679 97.586723 0.000000 22.602427 -0.003404 
667 3.302519 0.000000 0.218679 98.994140 0.000000 23.432889 -0.034894 
668 3.193717 0.000000 0.321741 98.908149 0.000000 17.143840 -0.007673 
669 3.139317 0.000000 0.064088 100.085735 0.000000 -0.000000 -0.001715 
670 3.193717 0.000000 0.064088 100.086043 0.000000 -0.000000 -0.001722 
671 3.139317 0.000000 0.115618 100.082906 0.000000 -0.000000 -0.001659 
672 2.540909 0.000000 0.218679 99.945631 0.000000 12.907236 -0.015573 
673 2.432107 0.000000 0.218679 100.682408 0.000000 12.441474 -0.029174 
674 2.540909 0.000000 0.321741 100.781853 0.000000 8.229172 -0.022470 
675 3.057716 0.000000 0.038322 100.088337 0.000000 -0.000000 -0.001768 
676 3.084916 0.000000 0.038322 100.089224 0.000000 -0.000000 -0.001785 
677 3.057716 0.000000 0.064088 100.086460 0.000000 -0.000000 -0.001730 
678 2.948914 0.000000 -0.013208 100.105827 0.000000 -0.000000 -0.002118 
679 2.948914 0.000000 -0.038974 100.122422 0.000000 -0.000000 -0.002450 
680 2.948914 0.000000 0.012557 100.105626 0.000000 -0.000000 -0.002114 
681 2.948914 0.000000 0.038322 100.122407 0.000000 -0.000000 -0.002450 
682 2.921714 0.000000 0.038322 100.141593 0.000000 -0.000000 -0.002834 
683 2.948914 0.000000 0.064088 100.123099 0.000000 -0.000000 -0.002464 
684 2.840113 0.000000 -0.013208 100.223541 0.000000 -0.000000 -0.004476 
685 2.840113 0.000000 -0.038974 100.195458 0.000000 -0.000000 -0.003913 
686 2.840113 0.000000 0.012557 100.223772 0.000000 -0.000000 -0.004480 
687 2.595309 0.000000 0.064088 100.218252 0.000000 -0.000000 -0.004370 
688 2.540909 0.000000 0.064088 100.197395 0.000000 -0.000000 -0.003952 
689 2.595309 0.000000 0.115618 100.214679 0.000000 -0.000000 -0.004298 
690 2.785712 0.000000 0.038322 100.216381 0.000000 -0.000000 -0.004332 
691 2.812912 0.000000 0.038322 100.206696 0.000000 -0.000000 -0.004138 
692 2.785712 0.000000 0.064088 100.215628 0.000000 -0.000000 -0.004317 
693 2.840113 0.000000 0.038322 100.195472 0.000000 -0.000000 -0.003913 
694 2.867313 0.000000 0.038322 100.189785 0.000000 0.000000 -0.003799 
695 2.840113 0.000000 0.064088 100.190176 0.000000 0.000000 -0.003807 
696 2.676911 0.000000 0.038322 100.229845 0.000000 -0.000000 -0.004602 
697 2.649710 0.000000 0.038322 100.227216 0.000000 -0.000000 -0.004549 
698 2.676911 0.000000 0.064088 100.230382 0.000000 -0.000000 -0.004613 
699 5.913754 0.000000 -2.357852 99.422742 0.000000 9.493593 0.002499 
700 5.913754 0.000000 -3.182343 99.384353 0.000000 9.696436 0.002873 
701 6.784166 0.000000 -2.357852 99.468754 0.000000 9.550966 0.001475 
702 2.323306 0.000000 0.218679 101.327355 0.000000 12.111057 -0.041391 
703 2.214504 0.000000 0.218679 98.748303 0.000000 -2.210114 0.024389 
704 2.323306 0.000000 0.321741 102.030632 0.000000 4.978271 -0.043503 
705 2.894513 0.000000 0.038322 100.145566 0.000000 -0.000000 -0.002913 
706 2.894513 0.000000 0.064088 100.157864 0.000000 -0.000000 -0.003160 
1 19 21 9 22 
2 20 19 22 4 
3 28 29 3 30 
4 21 28 30 9 
5 35 37 21 38 
6 36 35 38 19 
7 44 45 28 46 
8 37 44 46 21 
9 51 53 37 54 
10 52 51 54 35 
11 60 61 44 62 
12 53 60 62 37 
13 67 69 53 70 
14 68 67 70 51 
15 11 78 76 77 
16 78 10 24 76 
17 76 24 14 79 
18 77 76 79 6 
19 24 82 80 81 
20 82 23 40 80 
21 80 40 27 83 
22 81 80 83 14 
23 40 86 84 85 
24 86 39 56 84 
25 84 56 43 87 
26 85 84 87 27 
27 56 90 88 89 
28 89 88 91 43 
29 92 93 60 94 
30 69 92 94 53 
31 95 97 69 98 
32 96 95 98 67 
33 6 79 112 113 
34 79 14 36 112 
35 112 36 19 114 
36 113 112 114 20 
37 14 83 115 116 
38 83 27 52 115 
39 115 52 35 117 
40 116 115 117 36 
41 27 87 118 119 
42 87 43 68 118 
43 118 68 51 120 
44 119 118 120 52 
45 43 91 121 122 
46 121 96 67 123 
47 122 121 123 68 
48 124 126 95 127 
49 125 124 127 96 
50 99 130 128 129 
51 129 128 132 103 
52 133 134 92 135 
53 97 133 135 69 
54 136 137 97 138 
55 126 136 138 95 
56 151 153 136 154 
57 152 151 154 126 
58 12 162 160 161 
59 162 7 163 160 
60 160 163 13 25 
61 161 160 25 10 
62 25 166 164 165 
63 166 13 167 164 
64 164 167 26 41 
65 165 164 41 23 
66 41 170 168 169 
67 170 26 171 168 
68 168 171 42 57 
69 169 168 57 39 
70 57 174 172 173 
71 174 42 175 172 
72 172 175 58 73 
73 173 172 73 55 
74 73 178 176 177 
75 178 58 179 176 
76 176 179 74 109 
77 177 176 109 71 
78 71 182 180 181 
79 182 109 183 180 
80 180 183 108 140 
81 181 180 140 102 
82 140 186 184 185 
83 186 108 187 184 
84 184 187 141 157 
85 185 184 157 139 
86 188 189 133 190 
87 137 188 190 97 
88 191 192 137 193 
89 153 191 193 136 
90 157 200 198 199 
91 200 141 201 198 
92 198 201 158 202 
93 199 198 202 155 
94 109 204 203 183 
95 204 74 205 203 
96 203 205 110 148 
97 183 203 148 108 
98 108 207 206 187 
99 207 148 208 206 
100 206 208 147 195 
101 187 206 195 141 
102 210 143 211 209 
103 209 211 146 212 
104 214 149 215 213 
105 213 215 5 216 
106 195 219 217 218 
107 219 147 220 217 
108 141 223 222 201 
109 223 195 218 222 
110 222 218 194 224 
111 201 222 224 158 
112 111 197 225 226 
113 197 150 227 225 
114 225 227 191 228 
115 226 225 228 153 
116 229 231 150 232 
117 230 229 232 197 
118 218 235 233 234 
119 235 217 236 233 
120 234 233 237 194 
121 148 239 238 208 
122 239 110 240 238 
123 238 240 149 214 
124 208 238 214 147 
125 147 242 241 220 
126 242 214 243 241 
127 241 243 213 244 
128 217 246 245 236 
129 246 220 247 245 
130 158 224 249 250 
131 224 194 230 249 
132 249 230 197 251 
133 250 249 251 111 
134 194 237 252 253 
135 237 221 254 252 
136 252 254 229 255 
137 253 252 255 230 
138 233 258 256 257 
139 258 236 259 256 
140 256 259 221 260 
141 257 256 260 237 
142 212 146 262 261 
143 261 262 188 263 
144 192 261 263 137 
145 150 216 264 227 
146 216 5 265 264 
147 264 265 192 266 
148 227 264 266 191 
149 244 213 268 267 
150 267 268 216 269 
151 231 267 269 150 
152 220 271 270 247 
153 271 241 272 270 
154 270 272 244 273 
155 247 270 273 196 
156 221 248 274 254 
157 248 196 275 274 
158 274 275 231 276 
159 254 274 276 229 
160 245 279 277 278 
161 279 247 280 277 
162 277 280 196 281 
163 278 277 281 248 
164 149 283 282 215 
165 283 209 284 282 
166 282 284 212 285 
167 215 282 285 5 
168 15 287 286 33 
169 287 17 288 286 
170 286 288 8 289 
171 33 286 289 18 
172 31 291 290 49 
173 291 33 292 290 
174 290 292 18 293 
175 49 290 293 34 
176 295 49 296 294 
177 294 296 34 297 
178 299 65 300 298 
179 298 300 50 301 
180 143 307 306 211 
181 211 306 309 146 
182 18 289 310 45 
183 289 8 311 310 
184 310 311 29 312 
185 45 310 312 28 
186 34 293 313 61 
187 293 18 314 313 
188 313 314 45 315 
189 61 313 315 44 
190 297 34 317 316 
191 316 317 61 318 
192 93 316 318 60 
193 301 50 320 319 
194 319 320 93 321 
195 134 319 321 92 
196 322 323 134 324 
197 189 322 324 133 
198 146 309 329 262 
199 329 330 189 331 
200 262 329 331 188 
201 306 334 332 333 
202 334 308 335 332 
203 332 335 107 336 
204 333 332 336 309 
205 338 298 339 337 
206 337 339 301 340 
207 103 132 349 350 
208 349 152 126 351 
209 350 349 351 124 
210 128 354 352 353 
211 353 352 355 132 
212 102 358 356 357 
213 358 140 185 356 
214 356 185 139 347 
215 357 356 347 131 
216 131 361 359 360 
217 361 347 362 359 
218 347 365 364 362 
219 365 139 366 364 
220 364 366 156 367 
221 362 364 367 345 
222 75 348 368 369 
223 348 142 370 368 
224 368 370 151 371 
225 369 368 371 152 
226 372 374 348 375 
227 373 372 375 75 
228 359 378 376 377 
229 378 362 379 376 
230 376 379 345 380 
231 55 383 381 382 
232 383 73 177 381 
233 381 177 71 101 
234 382 381 101 72 
235 101 386 384 385 
236 386 71 181 384 
237 384 181 102 130 
238 385 384 130 99 
239 130 389 387 388 
240 389 102 357 387 
241 387 357 131 354 
242 388 387 354 128 
243 354 392 390 391 
244 392 131 360 390 
245 390 360 346 393 
246 391 390 393 352 
247 360 396 394 395 
248 396 359 377 394 
249 394 377 363 397 
250 395 394 397 346 
251 345 367 398 374 
252 367 156 399 398 
253 398 399 142 400 
254 374 398 400 348 
255 363 380 401 402 
256 380 345 403 401 
257 401 403 374 404 
258 402 401 404 372 
259 377 407 405 406 
260 407 376 408 405 
261 405 408 380 409 
262 406 405 409 363 
263 340 301 411 410 
264 410 411 319 412 
265 323 410 412 134 
266 413 415 323 416 
267 414 413 416 322 
268 7 423 422 163 
269 423 16 424 422 
270 422 424 15 32 
271 163 422 32 13 
272 13 426 425 167 
273 426 32 427 425 
274 425 427 31 48 
275 167 425 48 26 
276 26 429 428 171 
277 429 48 430 428 
278 428 430 47 64 
279 171 428 64 42 
280 42 432 431 175 
281 432 64 433 431 
282 431 433 63 105 
283 175 431 105 58 
284 105 436 434 435 
285 436 63 437 434 
286 434 437 106 303 
287 435 434 303 104 
288 303 440 438 439 
289 440 106 441 438 
290 438 441 304 342 
291 439 438 342 302 
292 302 444 442 443 
293 444 342 445 442 
294 442 445 341 419 
295 443 442 419 327 
296 304 447 446 343 
297 447 337 448 446 
298 446 448 340 449 
299 343 446 449 66 
300 451 343 452 450 
301 450 452 66 453 
302 419 456 454 455 
303 456 341 457 454 
304 342 460 459 445 
305 460 304 461 459 
306 459 461 343 451 
307 445 459 451 341 
308 341 463 462 457 
309 463 451 464 462 
310 462 464 450 465 
311 457 462 465 420 
312 466 414 322 467 
313 330 466 467 189 
314 305 421 468 469 
315 421 344 470 468 
316 468 470 413 471 
317 469 468 471 414 
318 472 474 344 475 
319 473 472 475 421 
320 454 478 476 477 
321 478 457 479 476 
322 476 479 420 480 
323 477 476 480 458 
324 327 487 485 486 
325 487 419 455 485 
326 455 491 489 490 
327 491 454 477 489 
328 490 489 492 417 
329 493 473 421 495 
330 494 493 495 305 
331 417 492 496 497 
332 492 458 498 496 
333 496 498 472 499 
334 497 496 499 473 
335 489 502 500 501 
336 502 477 503 500 
337 500 503 458 504 
338 501 500 504 492 
339 104 507 505 506 
340 507 303 439 505 
341 505 439 302 326 
342 506 505 326 145 
343 326 510 508 509 
344 510 302 443 508 
345 508 443 327 483 
346 509 508 483 325 
347 483 513 511 512 
348 513 327 486 511 
349 486 517 515 516 
350 517 485 518 515 
351 515 518 488 519 
352 516 515 519 418 
353 308 521 520 335 
354 335 520 522 107 
355 325 525 523 524 
356 525 483 512 523 
357 328 484 527 528 
358 484 305 469 527 
359 527 469 414 529 
360 528 527 529 466 
361 530 494 305 532 
362 531 530 532 484 
363 512 535 533 534 
364 535 511 536 533 
365 533 536 514 537 
366 534 533 537 481 
367 538 531 484 540 
368 539 538 540 328 
369 523 543 541 542 
370 543 512 534 541 
371 541 534 481 544 
372 145 547 545 546 
373 547 326 509 545 
374 545 509 325 521 
375 546 545 521 308 
376 521 550 548 549 
377 550 325 524 548 
378 548 524 482 551 
379 549 548 551 520 
380 524 554 552 553 
381 554 523 542 552 
382 552 542 526 555 
383 553 552 555 482 
384 526 544 556 557 
385 544 481 558 556 
386 556 558 531 559 
387 557 556 559 538 
388 542 562 560 561 
389 562 541 563 560 
390 560 563 544 564 
391 561 560 564 526 
392 50 566 565 320 
393 566 297 567 565 
394 565 567 316 568 
395 320 565 568 93 
396 88 571 569 570 
397 571 72 100 569 
398 569 100 59 572 
399 570 569 572 91 
400 100 575 573 574 
401 575 99 129 573 
402 573 129 103 576 
403 574 573 576 59 
404 1 579 577 578 
405 579 12 161 577 
406 577 161 10 78 
407 578 577 78 11 
408 16 581 580 424 
409 581 2 582 580 
410 580 582 17 287 
411 424 580 287 15 
412 10 585 583 584 
413 585 25 165 583 
414 583 165 23 82 
415 584 583 82 24 
416 32 587 586 427 
417 587 15 588 586 
418 586 588 33 291 
419 427 586 291 31 
420 23 591 589 590 
421 591 41 169 589 
422 589 169 39 86 
423 590 589 86 40 
424 48 593 592 430 
425 593 31 594 592 
426 592 594 49 295 
427 430 592 295 47 
428 39 597 595 596 
429 597 57 173 595 
430 595 173 55 90 
431 596 595 90 56 
432 64 599 598 433 
433 599 47 600 598 
434 598 600 65 299 
435 433 598 299 63 
436 90 603 601 602 
437 603 55 382 601 
438 601 382 72 571 
439 602 601 571 88 
440 72 606 604 605 
441 606 101 385 604 
442 604 385 99 575 
443 605 604 575 100 
444 58 608 607 179 
445 608 105 435 607 
446 607 435 104 144 
447 179 607 144 74 
448 91 572 609 610 
449 572 59 125 609 
450 609 125 96 611 
451 610 609 611 121 
452 59 576 612 613 
453 576 103 350 612 
454 612 350 124 614 
455 613 612 614 125 
456 74 616 615 205 
457 616 144 617 615 
458 615 617 143 210 
459 205 615 210 110 
460 144 619 618 617 
461 619 104 506 618 
462 618 506 145 307 
463 617 618 307 143 
464 142 159 620 370 
465 159 111 226 620 
466 620 226 153 621 
467 370 620 621 151 
468 139 623 622 366 
469 623 157 199 622 
470 622 199 155 624 
471 366 622 624 156 
472 155 202 625 626 
473 202 158 250 625 
474 625 250 111 627 
475 626 625 627 159 
476 156 624 628 399 
477 624 155 626 628 
478 628 626 159 629 
479 399 628 629 142 
480 110 631 630 240 
481 631 210 632 630 
482 630 632 209 283 
483 240 630 283 149 
484 236 634 633 259 
485 634 245 278 633 
486 633 278 248 635 
487 259 633 635 221 
488 5 285 636 265 
489 285 212 637 636 
490 636 637 261 638 
491 265 636 638 192 
492 196 273 639 275 
493 273 244 640 639 
494 639 640 267 641 
495 275 639 641 231 
496 65 643 642 300 
497 643 294 644 642 
498 642 644 297 566 
499 300 642 566 50 
500 63 646 645 437 
501 646 299 647 645 
502 645 647 298 338 
503 437 645 338 106 
504 307 650 648 649 
505 650 145 546 648 
506 648 546 308 334 
507 649 648 334 306 
508 106 652 651 441 
509 652 338 653 651 
510 651 653 337 447 
511 441 651 447 304 
512 132 355 654 655 
513 355 75 369 654 
514 654 369 152 656 
515 655 654 656 349 
516 352 393 657 658 
517 393 346 373 657 
518 657 373 75 659 
519 658 657 659 355 
520 346 397 660 661 
521 397 363 402 660 
522 660 402 372 662 
523 661 660 662 373 
524 66 449 663 415 
525 449 340 664 663 
526 663 664 410 665 
527 415 663 665 323 
528 344 453 666 470 
529 453 66 667 666 
530 666 667 415 668 
531 470 666 668 413 
532 420 465 669 474 
533 465 450 670 669 
534 669 670 453 671 
535 474 669 671 344 
536 107 522 672 673 
537 522 328 528 672 
538 672 528 466 674 
539 673 672 674 330 
540 458 480 675 498 
541 480 420 676 675 
542 675 676 474 677 
543 498 675 677 472 
544 485 679 678 518 
545 679 455 490 678 
546 678 490 417 680 
547 518 678 680 488 
548 488 680 681 682 
549 680 417 497 681 
550 681 497 473 683 
551 682 681 683 493 
552 511 685 684 536 
553 685 486 516 684 
554 684 516 418 686 
555 536 684 686 514 
556 520 551 687 688 
557 551 482 539 687 
558 687 539 328 689 
559 688 687 689 522 
560 481 537 690 558 
561 537 514 691 690 
562 690 691 530 692 
563 558 690 692 531 
564 514 686 693 691 
565 686 418 694 693 
566 693 694 494 695 
567 691 693 695 530 
568 482 555 696 697 
569 555 526 557 696 
570 696 557 538 698 
571 697 696 698 539 
572 47 700 699 600 
573 700 295 701 699 
574 699 701 294 643 
575 600 699 643 65 
576 309 336 702 703 
577 336 107 673 702 
578 702 673 330 704 
579 703 702 704 329 
580 418 519 705 694 
581 519 488 682 705 
582 705 682 493 706 
583 694 705 706 494 
