2 0.000000 100.000000 473.401889
649 535 
1 -37.472771 0.000000 -37.629229 99.010472 0.000000 13.922458 0.000309 
2 44.014128 0.000000 -37.629229 99.019152 0.000000 13.826492 0.000404 
3 44.014128 0.000000 37.933280 99.064359 0.000000 13.756094 -0.000298 
4 -37.472771 0.000000 37.933280 99.047411 0.000000 13.920652 -0.000417 
5 3.270679 0.000000 0.152025 105.852752 0.000000 0.213890 -0.120485 
6 -37.472771 0.000000 0.152025 99.030475 0.000000 13.942243 -0.000142 
7 3.270679 0.000000 -37.629229 98.975439 0.000000 13.866305 0.001159 
8 44.014128 0.000000 0.152025 99.420945 0.000000 11.066937 -0.000700 
9 3.270679 0.000000 37.933280 99.093423 0.000000 13.851216 -0.001136 
10 -17.101046 0.000000 -18.738602 98.961289 0.000000 13.938181 0.001239 
11 -37.472771 0.000000 -18.738602 99.012456 0.000000 13.933841 0.000238 
12 -17.101046 0.000000 -37.629229 98.990570 0.000000 13.910651 0.000736 
13 3.270679 0.000000 -18.738602 98.817329 0.000000 13.715607 0.004702 
14 -17.101046 0.000000 0.152025 99.042242 0.000000 14.018022 -0.000587 
15 23.642403 0.000000 -18.738602 98.996256 0.000000 13.569871 0.001560 
16 23.642403 0.000000 -37.629229 98.997387 0.000000 13.828003 0.000830 
17 44.014128 0.000000 -18.738602 99.044499 0.000000 13.639671 0.000415 
18 23.642403 0.000000 0.152025 99.830623 0.000000 8.001797 -0.003018 
19 -17.101046 0.000000 19.042653 99.109128 0.000000 13.930386 -0.001667 
20 -37.472771 0.000000 19.042653 99.047301 0.000000 13.932306 -0.000448 
21 3.270679 0.000000 19.042653 99.292606 0.000000 13.662119 -0.004568 
22 -17.101046 0.000000 37.933280 99.071154 0.000000 13.905512 -0.000846 
23 -6.915184 0.000000 -9.293288 98.755427 0.000000 14.005232 0.005122 
24 -17.101046 0.000000 -9.293288 98.969550 0.000000 13.984262 0.000947 
25 -6.915184 0.000000 -18.738602 98.883006 0.000000 13.891630 0.002917 
26 3.270679 0.000000 -9.293288 98.314291 0.000000 13.209018 0.015982 
27 -6.915184 0.000000 0.152025 99.092656 0.000000 14.283396 -0.002337 
28 23.642403 0.000000 19.042653 99.165300 0.000000 13.336379 -0.001162 
29 44.014128 0.000000 19.042653 99.149887 0.000000 13.122200 -0.000289 
30 23.642403 0.000000 37.933280 99.080046 0.000000 13.790491 -0.000703 
31 13.456541 0.000000 -9.293288 98.910807 0.000000 12.728094 0.005465 
32 13.456541 0.000000 -18.738602 98.914485 0.000000 13.567447 0.003185 
33 23.642403 0.000000 -9.293288 99.082367 0.000000 12.925442 0.001562 
34 13.456541 0.000000 0.152025 104.533364 0.000000 -50.530424 -0.348055 
35 -6.915184 0.000000 9.597339 99.362988 0.000000 13.968734 -0.006813 
36 -17.101046 0.000000 9.597339 99.109115 0.000000 13.977136 -0.001798 
37 3.270679 0.000000 9.597339 99.876766 0.000000 13.094728 -0.014684 
38 -6.915184 0.000000 19.042653 99.200553 0.000000 13.871115 -0.003316 
39 -1.822253 0.000000 -4.570631 98.097968 0.000000 14.249308 0.017375 
40 -6.915184 0.000000 -4.570631 98.806160 0.000000 14.164584 0.003671 
41 -1.822253 0.000000 -9.293288 98.486681 0.000000 13.799400 0.010995 
42 3.270679 0.000000 -4.570631 96.796154 0.000000 12.001555 0.048647 
43 -1.822253 0.000000 0.152025 99.167583 0.000000 15.202098 -0.006531 
44 13.456541 0.000000 9.597339 99.457613 0.000000 12.222194 -0.004120 
45 23.642403 0.000000 9.597339 99.366642 0.000000 11.807858 -0.001316 
46 13.456541 0.000000 19.042653 99.227439 0.000000 13.442647 -0.002679 
47 8.363610 0.000000 -4.570631 98.482399 0.000000 10.624775 0.018833 
48 8.363610 0.000000 -9.293288 98.617369 0.000000 12.747827 0.011211 
49 13.456541 0.000000 -4.570631 99.128015 0.000000 11.115422 0.005008 
50 8.363610 0.000000 0.152025 99.430707 0.000000 -7.509482 0.005714 
51 -1.822253 0.000000 4.874682 100.115829 0.000000 14.099256 -0.022197 
52 -6.915184 0.000000 4.874682 99.347562 0.000000 14.128294 -0.006955 
53 3.270679 0.000000 4.874682 101.387550 0.000000 12.065658 -0.042502 
54 -1.822253 0.000000 9.597339 99.654735 0.000000 13.727013 -0.011950 
55 0.724213 0.000000 -2.209303 95.499538 0.000000 15.466679 0.064062 
56 -1.822253 0.000000 -2.209303 98.318033 0.000000 14.972288 0.010939 
57 0.724213 0.000000 -4.570631 97.141772 0.000000 13.705058 0.037565 
58 3.270679 0.000000 -2.209303 93.799037 0.000000 9.145428 0.111810 
59 0.724213 0.000000 0.152025 101.845374 0.000000 0.128496 -0.037250 
60 8.363610 0.000000 4.874682 100.168328 0.000000 10.352160 -0.014086 
61 13.456541 0.000000 4.874682 99.664992 0.000000 10.231662 -0.003780 
62 8.363610 0.000000 9.597339 99.677728 0.000000 12.490331 -0.009166 
63 5.817144 0.000000 -2.209303 97.256341 0.000000 7.170772 0.048978 
64 5.817144 0.000000 -4.570631 97.665601 0.000000 10.822964 0.034429 
65 8.363610 0.000000 -2.209303 98.852909 0.000000 7.698059 0.016884 
66 5.817144 0.000000 0.152025 100.439631 0.000000 0.075495 -0.008813 
67 0.724213 0.000000 2.513354 102.348209 0.000000 14.908867 -0.069743 
68 -1.822253 0.000000 2.513354 100.061861 0.000000 14.798761 -0.023138 
69 3.270679 0.000000 2.513354 103.813474 0.000000 10.947998 -0.089710 
70 0.724213 0.000000 4.874682 100.983184 0.000000 13.532358 -0.038073 
71 1.997446 0.000000 -1.028639 100.699567 0.000000 0.896774 -0.014121 
72 0.724213 0.000000 -1.028639 94.854640 0.000000 19.035988 0.064023 
73 1.997446 0.000000 -2.209303 93.195815 0.000000 12.784910 0.115109 
74 3.270679 0.000000 -1.028639 99.803391 0.000000 0.668127 0.003884 
75 1.997446 0.000000 0.152025 120.581778 0.000000 0.288726 -0.454005 
76 -27.286909 0.000000 -9.293288 99.008730 0.000000 13.954505 0.000254 
77 -37.472771 0.000000 -9.293288 99.019533 0.000000 13.939919 0.000081 
78 -27.286909 0.000000 -18.738602 98.997552 0.000000 13.938957 0.000519 
79 -27.286909 0.000000 0.152025 99.033455 0.000000 13.961792 -0.000256 
80 -12.008115 0.000000 -4.570631 98.955613 0.000000 14.064960 0.000996 
81 -17.101046 0.000000 -4.570631 98.998310 0.000000 14.008371 0.000310 
82 -12.008115 0.000000 -9.293288 98.910757 0.000000 14.004125 0.002055 
83 -12.008115 0.000000 0.152025 99.056039 0.000000 14.110198 -0.001120 
84 -4.368718 0.000000 -2.209303 98.777040 0.000000 14.457473 0.003408 
85 -6.915184 0.000000 -2.209303 98.921638 0.000000 14.253260 0.001135 
86 -4.368718 0.000000 -4.570631 98.592231 0.000000 14.233420 0.007698 
87 -4.368718 0.000000 0.152025 99.139058 0.000000 14.538323 -0.003992 
88 -0.549020 0.000000 -1.028639 98.953650 0.000000 16.491930 -0.006381 
89 -1.822253 0.000000 -1.028639 98.794216 0.000000 15.229068 0.000778 
90 -0.549020 0.000000 -2.209303 97.559821 0.000000 15.486180 0.024226 
91 -0.549020 0.000000 0.152025 98.225408 0.000000 14.236688 0.014909 
92 5.817144 0.000000 2.513354 101.553889 0.000000 8.919801 -0.039276 
93 8.363610 0.000000 2.513354 99.981536 0.000000 9.199573 -0.008094 
94 5.817144 0.000000 4.874682 100.832379 0.000000 10.827219 -0.028440 
95 1.997446 0.000000 1.332690 106.983579 0.000000 15.015566 -0.167095 
96 0.724213 0.000000 1.332690 102.935600 0.000000 17.929987 -0.091722 
97 3.270679 0.000000 1.332690 106.271847 0.000000 10.017198 -0.139405 
98 1.997446 0.000000 2.513354 103.825583 0.000000 13.266198 -0.095574 
99 1.360829 0.000000 -0.438307 100.793685 0.000000 0.939380 -0.016025 
100 0.724213 0.000000 -0.438307 100.833321 0.000000 1.026180 -0.016841 
101 1.360829 0.000000 -1.028639 100.844815 0.000000 0.966903 -0.017061 
102 1.997446 0.000000 -0.438307 100.634823 0.000000 0.880443 -0.012814 
103 1.360829 0.000000 0.152025 105.434542 0.000000 0.199496 -0.111648 
104 4.543911 0.000000 -1.028639 99.373365 0.000000 0.697923 0.012445 
105 4.543911 0.000000 -2.209303 95.731122 0.000000 7.516693 0.077905 
106 5.817144 0.000000 -1.028639 99.337500 0.000000 0.728065 0.013153 
107 4.543911 0.000000 0.152025 101.180076 0.000000 0.219643 -0.023746 
108 2.634062 0.000000 -0.438307 100.272585 0.000000 0.753860 -0.005516 
109 2.634062 0.000000 -1.028639 100.460799 0.000000 0.829034 -0.009306 
110 3.270679 0.000000 -0.438307 99.773659 0.000000 0.673611 0.004476 
111 2.634062 0.000000 0.152025 110.025899 0.000000 0.292258 -0.210578 
112 -27.286909 0.000000 9.597339 99.057038 0.000000 13.952290 -0.000696 
113 -37.472771 0.000000 9.597339 99.041069 0.000000 13.938995 -0.000343 
114 -27.286909 0.000000 19.042653 99.065854 0.000000 13.935729 -0.000825 
115 -12.008115 0.000000 4.874682 99.153707 0.000000 14.067340 -0.002935 
116 -17.101046 0.000000 4.874682 99.084457 0.000000 14.004015 -0.001384 
117 -12.008115 0.000000 9.597339 99.181829 0.000000 13.989110 -0.003273 
118 -4.368718 0.000000 2.513354 99.472635 0.000000 14.399278 -0.010214 
119 -6.915184 0.000000 2.513354 99.253848 0.000000 14.229425 -0.005380 
120 -4.368718 0.000000 4.874682 99.599983 0.000000 14.159515 -0.012065 
121 -0.549020 0.000000 1.332690 99.949909 0.000000 16.368860 -0.025792 
122 -1.822253 0.000000 1.332690 99.645470 0.000000 15.174176 -0.015948 
123 -0.549020 0.000000 2.513354 100.822623 0.000000 15.091561 -0.039296 
124 1.360829 0.000000 0.742357 100.844881 0.000000 0.966444 -0.017062 
125 0.724213 0.000000 0.742357 103.749957 0.000000 17.736806 -0.107865 
126 1.997446 0.000000 0.742357 100.697593 0.000000 0.895842 -0.014081 
127 1.360829 0.000000 1.332690 105.229971 0.000000 17.120235 -0.136645 
128 1.679138 0.000000 -0.143141 116.001335 0.000000 0.244032 -0.345637 
129 1.360829 0.000000 -0.143141 105.429273 0.000000 0.203763 -0.111537 
130 1.679138 0.000000 -0.438307 100.722439 0.000000 0.910887 -0.014584 
131 1.997446 0.000000 -0.143141 113.399289 0.000000 0.519845 -0.285967 
132 1.679138 0.000000 0.152025 116.126654 0.000000 0.235883 -0.348546 
133 4.543911 0.000000 1.332690 103.791396 0.000000 6.956321 -0.082104 
134 5.817144 0.000000 1.332690 102.418396 0.000000 4.235740 -0.050747 
135 4.543911 0.000000 2.513354 102.703092 0.000000 9.468481 -0.063758 
136 2.634062 0.000000 0.742357 100.459823 0.000000 0.829134 -0.009286 
137 3.270679 0.000000 0.742357 99.802986 0.000000 0.668205 0.003892 
138 2.634062 0.000000 1.332690 107.224916 0.000000 12.312188 -0.164877 
139 2.315754 0.000000 -0.143141 110.399017 0.000000 0.445927 -0.218814 
140 2.315754 0.000000 -0.438307 100.563818 0.000000 0.821796 -0.011376 
141 2.634062 0.000000 -0.143141 107.960417 0.000000 0.381742 -0.165560 
142 2.315754 0.000000 0.152025 115.113353 0.000000 0.296288 -0.325117 
143 3.907295 0.000000 -0.438307 99.475469 0.000000 0.673648 0.010418 
144 3.907295 0.000000 -1.028639 99.466272 0.000000 0.674698 0.010601 
145 4.543911 0.000000 -0.438307 99.381792 0.000000 0.692453 0.012278 
146 3.907295 0.000000 0.152025 103.152371 0.000000 0.225821 -0.064046 
147 2.952370 0.000000 -0.143141 105.645484 0.000000 0.360392 -0.116110 
148 2.952370 0.000000 -0.438307 100.062505 0.000000 0.724409 -0.001303 
149 3.270679 0.000000 -0.143141 104.103729 0.000000 0.340743 -0.083770 
150 2.952370 0.000000 0.152025 107.704887 0.000000 0.257135 -0.160041 
151 3.907295 0.000000 0.742357 99.465892 0.000000 0.674869 0.010608 
152 4.543911 0.000000 0.742357 99.373392 0.000000 0.697938 0.012444 
153 3.907295 0.000000 1.332690 104.969719 0.000000 8.319889 -0.108786 
154 3.588987 0.000000 -0.143141 103.296146 0.000000 0.308138 -0.067019 
155 3.588987 0.000000 -0.438307 99.585597 0.000000 0.664615 0.008227 
156 3.907295 0.000000 -0.143141 102.294458 0.000000 0.325566 -0.046426 
157 3.588987 0.000000 0.152025 104.432799 0.000000 0.207123 -0.090625 
158 33.828266 0.000000 -9.293288 99.106442 0.000000 13.122291 0.000572 
159 33.828266 0.000000 -18.738602 99.031691 0.000000 13.604262 0.000765 
160 44.014128 0.000000 -9.293288 99.103684 0.000000 13.256060 0.000274 
161 33.828266 0.000000 0.152025 99.574682 0.000000 9.938391 -0.001389 
162 18.549472 0.000000 -4.570631 99.234056 0.000000 11.543388 0.001935 
163 18.549472 0.000000 -9.293288 99.025468 0.000000 12.819411 0.002962 
164 23.642403 0.000000 -4.570631 99.247254 0.000000 11.865215 0.000920 
165 18.549472 0.000000 0.152025 100.076304 0.000000 6.115127 -0.005266 
166 10.910075 0.000000 -2.209303 99.351305 0.000000 8.489507 0.005725 
167 10.910075 0.000000 -4.570631 98.941996 0.000000 10.847064 0.009282 
168 13.456541 0.000000 -2.209303 99.476522 0.000000 9.142017 0.002085 
169 10.910075 0.000000 0.152025 100.819033 0.000000 -14.745101 -0.038190 
170 7.090377 0.000000 -1.028639 98.874576 0.000000 3.701840 0.021011 
171 7.090377 0.000000 -2.209303 98.261439 0.000000 7.324555 0.029104 
172 8.363610 0.000000 -1.028639 99.434558 0.000000 4.634493 0.009129 
173 7.090377 0.000000 0.152025 99.662065 0.000000 -8.327263 -0.000187 
174 5.180528 0.000000 -0.438307 99.355168 0.000000 0.707385 0.012805 
175 5.180528 0.000000 -1.028639 99.348278 0.000000 0.711361 0.012941 
176 5.817144 0.000000 -0.438307 100.305319 0.000000 0.159542 -0.006118 
177 5.180528 0.000000 0.152025 99.693108 0.000000 0.161178 0.006126 
178 33.828266 0.000000 9.597339 99.406734 0.000000 11.298540 -0.000936 
179 44.014128 0.000000 9.597339 99.490295 0.000000 10.648137 -0.001170 
180 33.828266 0.000000 19.042653 99.146271 0.000000 13.239790 -0.000528 
181 18.549472 0.000000 4.874682 99.596445 0.000000 10.160922 -0.002270 
182 23.642403 0.000000 4.874682 99.543646 0.000000 10.358516 -0.001624 
183 18.549472 0.000000 9.597339 99.389345 0.000000 12.019607 -0.002271 
184 10.910075 0.000000 2.513354 99.831204 0.000000 8.237175 -0.003412 
185 13.456541 0.000000 2.513354 100.257981 0.000000 5.031491 -0.007698 
186 10.910075 0.000000 4.874682 99.794898 0.000000 10.271230 -0.006452 
187 7.090377 0.000000 1.332690 101.520290 0.000000 1.753368 -0.030944 
188 8.363610 0.000000 1.332690 100.975078 0.000000 1.630075 -0.019862 
189 7.090377 0.000000 2.513354 100.622364 0.000000 8.897910 -0.020403 
190 5.180528 0.000000 0.742357 99.348319 0.000000 0.711316 0.012941 
191 5.817144 0.000000 0.742357 99.337500 0.000000 0.728065 0.013153 
192 5.180528 0.000000 1.332690 102.977307 0.000000 5.647199 -0.063622 
193 4.862220 0.000000 -0.143141 100.203719 0.000000 0.213269 -0.004083 
194 4.543911 0.000000 -0.143141 100.609154 0.000000 0.368523 -0.012234 
195 4.862220 0.000000 -0.438307 99.367249 0.000000 0.701533 0.012566 
196 5.180528 0.000000 -0.143141 99.710940 0.000000 0.150548 0.005771 
197 4.862220 0.000000 0.152025 100.216562 0.000000 0.206588 -0.004340 
198 6.453761 0.000000 -0.438307 100.260735 0.000000 -0.000000 -0.005222 
199 6.453761 0.000000 -1.028639 98.242238 0.000000 3.242781 0.033795 
200 7.090377 0.000000 -0.438307 99.441817 0.000000 -2.352612 0.010579 
201 6.453761 0.000000 0.152025 100.110547 0.000000 -0.000000 -0.002212 
202 13.456541 0.000000 -28.183916 98.958007 0.000000 13.774127 0.001759 
203 3.270679 0.000000 -28.183916 98.936064 0.000000 13.827412 0.002046 
204 13.456541 0.000000 -37.629229 98.983350 0.000000 13.841800 0.001070 
205 23.642403 0.000000 -28.183916 98.990636 0.000000 13.754719 0.001166 
206 8.363610 0.000000 -14.015945 98.755700 0.000000 13.366943 0.006864 
207 3.270679 0.000000 -14.015945 98.676708 0.000000 13.555299 0.007916 
208 8.363610 0.000000 -18.738602 98.848970 0.000000 13.617502 0.004344 
209 13.456541 0.000000 -14.015945 98.870449 0.000000 13.288734 0.004804 
210 5.817144 0.000000 -6.931960 98.145362 0.000000 12.231596 0.021788 
211 3.270679 0.000000 -6.931960 97.842492 0.000000 12.815063 0.026262 
212 5.817144 0.000000 -9.293288 98.432020 0.000000 12.912637 0.014440 
213 8.363610 0.000000 -6.931960 98.527601 0.000000 12.021439 0.014780 
214 4.543911 0.000000 -3.389967 96.506417 0.000000 9.944046 0.058763 
215 3.270679 0.000000 -3.389967 95.711619 0.000000 11.121272 0.071560 
216 4.543911 0.000000 -4.570631 97.165532 0.000000 11.256576 0.043215 
217 5.817144 0.000000 -3.389967 97.381226 0.000000 9.422241 0.042812 
218 5.180528 0.000000 -1.618971 96.506145 0.000000 5.428044 0.065710 
219 4.543911 0.000000 -1.618971 95.422099 0.000000 5.545035 0.086388 
220 5.180528 0.000000 -2.209303 96.562797 0.000000 7.263890 0.062286 
221 5.817144 0.000000 -1.618971 97.313487 0.000000 5.478811 0.050007 
222 4.862220 0.000000 -0.733473 99.368791 0.000000 0.700660 0.012535 
223 4.543911 0.000000 -0.733473 99.390744 0.000000 0.693787 0.012100 
224 4.862220 0.000000 -1.028639 99.357894 0.000000 0.705069 0.012751 
225 5.180528 0.000000 -0.733473 99.355971 0.000000 0.706708 0.012789 
226 5.498836 0.000000 -0.143141 100.002553 0.000000 0.087628 -0.000052 
227 5.498836 0.000000 -0.438307 100.085293 0.000000 0.296423 -0.001715 
228 5.817144 0.000000 -0.143141 100.413710 0.000000 0.090412 -0.008292 
229 5.498836 0.000000 0.152025 100.009745 0.000000 0.086018 -0.000196 
230 5.021374 0.000000 -0.290724 99.413910 0.000000 0.503720 0.011662 
231 4.862220 0.000000 -0.290724 99.357423 0.000000 0.668272 0.012766 
232 5.021374 0.000000 -0.438307 99.355619 0.000000 0.706926 0.012796 
233 5.180528 0.000000 -0.290724 99.575818 0.000000 0.424334 0.008448 
234 5.021374 0.000000 -0.143141 99.632649 0.000000 0.314554 0.007324 
235 4.225603 0.000000 -0.143141 101.507619 0.000000 0.326981 -0.030390 
236 4.225603 0.000000 -0.438307 99.416666 0.000000 0.682089 0.011586 
237 4.225603 0.000000 0.152025 102.135284 0.000000 0.224423 -0.043167 
238 4.703066 0.000000 -0.290724 99.506909 0.000000 0.640756 0.009796 
239 4.543911 0.000000 -0.290724 99.368272 0.000000 0.695270 0.012546 
240 4.703066 0.000000 -0.438307 99.369115 0.000000 0.700225 0.012529 
241 4.703066 0.000000 -0.143141 100.105700 0.000000 0.434994 -0.002134 
242 4.862220 0.000000 0.447191 99.369034 0.000000 0.700533 0.012530 
243 4.543911 0.000000 0.447191 99.372570 0.000000 0.698255 0.012460 
244 5.180528 0.000000 0.447191 99.356106 0.000000 0.706600 0.012787 
245 4.862220 0.000000 0.742357 99.357959 0.000000 0.705027 0.012750 
246 5.021374 0.000000 0.004442 99.735427 0.000000 0.103218 0.005283 
247 4.862220 0.000000 0.004442 100.259904 0.000000 0.168270 -0.005208 
248 5.180528 0.000000 0.004442 99.705794 0.000000 0.114850 0.005874 
249 5.021374 0.000000 0.152025 99.645375 0.000000 0.298237 0.007071 
250 4.941797 0.000000 -0.216932 99.500228 0.000000 0.597116 0.009935 
251 4.862220 0.000000 -0.216932 99.484706 0.000000 0.613254 0.010242 
252 4.941797 0.000000 -0.290724 99.355956 0.000000 0.674171 0.012794 
253 5.021374 0.000000 -0.216932 99.617529 0.000000 0.369458 0.007621 
254 4.941797 0.000000 -0.143141 99.943671 0.000000 0.232986 0.001121 
255 4.703066 0.000000 0.004442 100.947785 0.000000 0.051794 -0.019046 
256 4.543911 0.000000 0.004442 101.305669 0.000000 0.179222 -0.026287 
257 4.703066 0.000000 0.152025 100.426501 0.000000 0.322906 -0.008559 
258 4.782643 0.000000 -0.216932 99.628025 0.000000 0.578582 0.007392 
259 4.703066 0.000000 -0.216932 99.722490 0.000000 0.576103 0.005509 
260 4.782643 0.000000 -0.290724 99.476121 0.000000 0.655700 0.010407 
261 4.782643 0.000000 -0.143141 100.031023 0.000000 0.358569 -0.000633 
262 -6.915184 0.000000 -28.183916 98.948406 0.000000 13.886264 0.001638 
263 -17.101046 0.000000 -28.183916 98.976411 0.000000 13.917306 0.000998 
264 -6.915184 0.000000 -37.629229 98.979245 0.000000 13.892581 0.001011 
265 -1.822253 0.000000 -14.015945 98.707926 0.000000 13.790539 0.006657 
266 -6.915184 0.000000 -14.015945 98.814634 0.000000 13.924053 0.004179 
267 -1.822253 0.000000 -18.738602 98.839866 0.000000 13.820120 0.003969 
268 0.724213 0.000000 -6.931960 97.944739 0.000000 13.484991 0.022498 
269 -1.822253 0.000000 -6.931960 98.288659 0.000000 13.905389 0.014598 
270 0.724213 0.000000 -9.293288 98.343413 0.000000 13.548665 0.014501 
271 1.997446 0.000000 -3.389967 95.608033 0.000000 12.810391 0.069500 
272 0.724213 0.000000 -3.389967 96.453734 0.000000 14.131862 0.049697 
273 1.997446 0.000000 -4.570631 96.777583 0.000000 12.925091 0.046704 
274 2.634062 0.000000 -1.618971 90.939911 0.000000 9.402820 0.164152 
275 1.997446 0.000000 -1.618971 90.715582 0.000000 12.811735 0.160654 
276 2.634062 0.000000 -2.209303 93.132847 0.000000 10.782929 0.121000 
277 3.270679 0.000000 -1.618971 92.418769 0.000000 7.158517 0.140753 
278 2.315754 0.000000 -0.733473 100.512621 0.000000 0.844413 -0.010350 
279 1.997446 0.000000 -0.733473 100.623794 0.000000 0.876505 -0.012592 
280 2.315754 0.000000 -1.028639 100.587636 0.000000 0.861717 -0.011862 
281 2.634062 0.000000 -0.733473 100.384615 0.000000 0.813223 -0.007773 
282 2.156600 0.000000 -0.290724 103.307390 0.000000 0.773843 -0.067302 
283 1.997446 0.000000 -0.290724 103.062924 0.000000 0.849807 -0.062269 
284 2.156600 0.000000 -0.438307 100.548581 0.000000 0.856286 -0.011075 
285 2.315754 0.000000 -0.290724 101.972579 0.000000 0.727872 -0.039894 
286 2.156600 0.000000 -0.143141 110.214869 0.000000 0.540947 -0.214761 
287 1.360829 0.000000 -1.618971 92.577393 0.000000 15.763349 0.118094 
288 0.724213 0.000000 -1.618971 95.047636 0.000000 16.911903 0.067993 
289 1.360829 0.000000 -2.209303 94.142074 0.000000 14.516239 0.092655 
290 1.679138 0.000000 -0.733473 100.716026 0.000000 0.907041 -0.014454 
291 1.360829 0.000000 -0.733473 100.791990 0.000000 0.937171 -0.015990 
292 1.679138 0.000000 -1.028639 100.788352 0.000000 0.932226 -0.015916 
293 1.838292 0.000000 -0.290724 104.246959 0.000000 0.867529 -0.086818 
294 1.679138 0.000000 -0.290724 109.857375 0.000000 0.642569 -0.206906 
295 1.838292 0.000000 -0.438307 100.645316 0.000000 0.886549 -0.013027 
296 1.838292 0.000000 -0.143141 120.961710 0.000000 0.291611 -0.463182 
297 0.087597 0.000000 -0.438307 100.363728 0.000000 19.587205 -0.045654 
298 -0.549020 0.000000 -0.438307 100.482211 0.000000 15.294718 -0.033060 
299 0.087597 0.000000 -1.028639 97.899795 0.000000 18.329200 0.007967 
300 0.087597 0.000000 0.152025 104.503286 0.000000 -0.000000 -0.092094 
301 1.042521 0.000000 -0.143141 102.799164 0.000000 0.223570 -0.056772 
302 0.724213 0.000000 -0.143141 101.869371 0.000000 0.127156 -0.037738 
303 1.042521 0.000000 -0.438307 100.844185 0.000000 0.969427 -0.017049 
304 1.042521 0.000000 0.152025 102.793318 0.000000 0.223001 -0.056652 
305 1.519984 0.000000 -0.290724 103.500912 0.000000 0.619345 -0.071282 
306 1.360829 0.000000 -0.290724 103.899620 0.000000 0.598480 -0.079549 
307 1.519984 0.000000 -0.438307 100.723829 0.000000 0.912624 -0.014612 
308 1.519984 0.000000 -0.143141 111.783168 0.000000 0.255488 -0.249554 
309 1.679138 0.000000 0.447191 100.713486 0.000000 0.905534 -0.014403 
310 1.360829 0.000000 0.447191 100.791277 0.000000 0.936269 -0.015976 
311 1.997446 0.000000 0.447191 100.619419 0.000000 0.874881 -0.012503 
312 1.679138 0.000000 0.742357 100.787551 0.000000 0.931404 -0.015900 
313 1.838292 0.000000 0.004442 124.934084 0.000000 0.180745 -0.560856 
314 1.679138 0.000000 0.004442 118.039937 0.000000 0.186590 -0.393346 
315 1.997446 0.000000 0.004442 123.322159 0.000000 0.209302 -0.520840 
316 1.838292 0.000000 0.152025 119.225601 0.000000 0.343333 -0.421486 
317 1.758715 0.000000 -0.216932 115.267958 0.000000 0.468432 -0.328692 
318 1.679138 0.000000 -0.216932 114.478915 0.000000 0.389196 -0.310557 
319 1.758715 0.000000 -0.290724 109.442257 0.000000 0.637635 -0.197801 
320 1.838292 0.000000 -0.216932 107.257293 0.000000 0.773579 -0.150473 
321 1.758715 0.000000 -0.143141 116.584846 0.000000 0.346258 -0.359215 
322 1.838292 0.000000 -0.585890 100.639959 0.000000 0.884316 -0.012918 
323 1.679138 0.000000 -0.585890 100.719538 0.000000 0.909122 -0.014525 
324 1.838292 0.000000 -0.733473 100.711939 0.000000 0.903845 -0.014371 
325 1.997446 0.000000 -0.585890 100.629767 0.000000 0.878628 -0.012712 
326 1.758715 0.000000 -0.364515 100.721956 0.000000 0.910018 -0.014574 
327 1.679138 0.000000 -0.364515 100.723498 0.000000 0.911542 -0.014605 
328 1.758715 0.000000 -0.438307 100.720851 0.000000 0.909370 -0.014552 
329 1.838292 0.000000 -0.364515 100.647284 0.000000 0.887379 -0.013066 
330 1.917869 0.000000 -0.216932 105.262079 0.000000 0.825039 -0.108079 
331 1.917869 0.000000 -0.290724 103.104725 0.000000 0.896029 -0.063139 
332 1.997446 0.000000 -0.216932 105.251163 0.000000 0.786606 -0.107843 
333 1.917869 0.000000 -0.143141 121.589501 0.000000 0.266847 -0.478408 
334 1.798503 0.000000 -0.253828 102.326407 0.000000 0.975273 -0.047164 
335 1.758715 0.000000 -0.253828 110.284252 0.000000 0.613579 -0.216299 
336 1.798503 0.000000 -0.290724 109.361356 0.000000 0.639199 -0.196031 
337 1.838292 0.000000 -0.253828 102.152884 0.000000 0.978924 -0.043617 
338 1.798503 0.000000 -0.216932 115.181680 0.000000 0.470367 -0.326704 
339 1.917869 0.000000 -0.364515 100.642736 0.000000 0.884562 -0.012974 
340 1.917869 0.000000 -0.438307 100.640778 0.000000 0.883791 -0.012935 
341 1.997446 0.000000 -0.364515 100.811293 0.000000 0.916293 -0.016376 
342 1.878080 0.000000 -0.253828 101.377141 0.000000 0.995649 -0.027832 
343 1.878080 0.000000 -0.290724 103.054652 0.000000 0.907753 -0.062109 
344 1.917869 0.000000 -0.253828 104.382094 0.000000 0.857812 -0.089636 
345 1.878080 0.000000 -0.216932 106.189165 0.000000 0.807892 -0.127679 
346 1.519984 0.000000 0.004442 111.878265 0.000000 0.173875 -0.251678 
347 1.360829 0.000000 0.004442 106.104101 0.000000 0.150240 -0.125810 
348 1.519984 0.000000 0.152025 111.920879 0.000000 0.249732 -0.252635 
349 1.758715 0.000000 -0.069349 120.193518 0.000000 0.219663 -0.444653 
350 1.679138 0.000000 -0.069349 117.332120 0.000000 0.205502 -0.376687 
351 1.838292 0.000000 -0.069349 123.132297 0.000000 0.230441 -0.516162 
352 1.758715 0.000000 0.004442 124.814554 0.000000 0.127514 -0.557869 
353 1.798503 0.000000 -0.180036 116.302060 0.000000 0.438189 -0.352636 
354 1.758715 0.000000 -0.180036 116.370222 0.000000 0.436736 -0.354222 
355 1.838292 0.000000 -0.180036 109.724817 0.000000 0.684303 -0.204000 
356 1.798503 0.000000 -0.143141 117.652933 0.000000 0.399402 -0.384237 
357 1.818397 0.000000 -0.235380 102.981002 0.000000 0.956939 -0.060600 
358 1.798503 0.000000 -0.235380 103.966693 0.000000 0.916664 -0.080991 
359 1.818397 0.000000 -0.253828 101.169354 0.000000 1.031476 -0.023630 
360 1.838292 0.000000 -0.235380 103.546672 0.000000 0.929520 -0.072278 
361 1.818397 0.000000 -0.216932 104.638942 0.000000 0.888697 -0.095010 
362 6.453761 0.000000 0.742357 102.110068 0.000000 -4.711645 -0.044867 
363 7.090377 0.000000 0.742357 101.447445 0.000000 -4.671216 -0.031340 
364 6.453761 0.000000 1.332690 101.861750 0.000000 2.994247 -0.038478 
365 6.135452 0.000000 -0.143141 100.250768 0.000000 0.031649 -0.005022 
366 6.135452 0.000000 -0.438307 100.313518 0.000000 0.112282 -0.006281 
367 6.453761 0.000000 -0.143141 100.109846 0.000000 -0.000000 -0.002198 
368 6.135452 0.000000 0.152025 100.250816 0.000000 0.031181 -0.005023 
369 9.636843 0.000000 -1.028639 99.629707 0.000000 5.281609 0.004603 
370 9.636843 0.000000 -2.209303 99.168700 0.000000 8.104618 0.009988 
371 10.910075 0.000000 -1.028639 99.796976 0.000000 5.968577 0.000494 
372 9.636843 0.000000 0.152025 99.341400 0.000000 -8.564970 0.005793 
373 7.726993 0.000000 -0.438307 99.666766 0.000000 -2.125495 0.006202 
374 7.726993 0.000000 -1.028639 99.227452 0.000000 4.189798 0.013636 
375 8.363610 0.000000 -0.438307 99.782953 0.000000 -1.983504 0.003943 
376 7.726993 0.000000 0.152025 99.539320 0.000000 -7.708154 0.003251 
377 6.772069 0.000000 -0.143141 99.846352 0.000000 -0.000000 0.003071 
378 6.772069 0.000000 -0.438307 99.274376 0.000000 -2.522644 0.013823 
379 7.090377 0.000000 -0.143141 99.331179 0.000000 -17.702586 -0.018006 
380 6.772069 0.000000 0.152025 99.846769 0.000000 -0.000000 0.003062 
381 6.135452 0.000000 0.447191 100.491482 0.000000 0.000000 -0.009854 
382 5.817144 0.000000 0.447191 100.233488 0.000000 0.201819 -0.004679 
383 6.453761 0.000000 0.447191 100.211284 0.000000 -0.000000 -0.004230 
384 6.135452 0.000000 0.742357 102.660965 0.000000 -4.469480 -0.055925 
385 6.294607 0.000000 0.004442 100.409862 0.000000 0.000000 -0.008214 
386 6.135452 0.000000 0.004442 100.422931 0.000000 0.008255 -0.008477 
387 6.294607 0.000000 -0.143141 100.195104 0.000000 -0.000000 -0.003906 
388 6.453761 0.000000 0.004442 98.966781 0.000000 -0.000000 0.020558 
389 6.294607 0.000000 0.152025 100.194905 0.000000 -0.000000 -0.003902 
390 7.090377 0.000000 -3.389967 98.089439 0.000000 9.331092 0.029139 
391 7.090377 0.000000 -4.570631 98.130840 0.000000 10.653285 0.025685 
392 8.363610 0.000000 -3.389967 98.582006 0.000000 9.444912 0.019238 
393 6.453761 0.000000 -1.618971 97.957174 0.000000 5.615877 0.037285 
394 6.453761 0.000000 -2.209303 97.806944 0.000000 7.197034 0.038200 
395 7.090377 0.000000 -1.618971 98.473120 0.000000 5.853419 0.026878 
396 6.135452 0.000000 -0.733473 97.942734 0.000000 1.071669 0.040607 
397 5.817144 0.000000 -0.733473 99.338971 0.000000 0.721614 0.013125 
398 6.135452 0.000000 -1.028639 97.828951 0.000000 3.099374 0.041989 
399 6.453761 0.000000 -0.733473 98.485436 0.000000 1.234867 0.029909 
400 6.294607 0.000000 -0.290724 100.162574 0.000000 -0.000000 -0.003254 
401 6.135452 0.000000 -0.290724 100.340265 0.000000 0.043444 -0.006817 
402 6.294607 0.000000 -0.438307 100.330733 0.000000 -0.000000 -0.006626 
403 6.453761 0.000000 -0.290724 100.086483 0.000000 -0.000000 -0.001730 
404 9.636843 0.000000 1.332690 100.954215 0.000000 -0.653190 -0.019218 
405 10.910075 0.000000 1.332690 100.515348 0.000000 1.900118 -0.010695 
406 9.636843 0.000000 2.513354 99.748006 0.000000 9.137936 -0.003317 
407 7.726993 0.000000 0.742357 101.045441 0.000000 -2.950157 -0.021888 
408 8.363610 0.000000 0.742357 100.657475 0.000000 0.269131 -0.013200 
409 7.726993 0.000000 1.332690 101.276299 0.000000 0.907093 -0.025771 
410 6.772069 0.000000 0.447191 100.529427 0.000000 0.465726 -0.010638 
411 7.090377 0.000000 0.447191 100.298304 0.000000 1.378318 -0.006165 
412 6.772069 0.000000 0.742357 101.703023 0.000000 -4.803924 -0.036658 
413 6.612915 0.000000 0.004442 99.992333 0.000000 -0.000000 0.000153 
414 6.612915 0.000000 -0.143141 99.999842 0.000000 -0.000000 0.000003 
415 6.772069 0.000000 0.004442 99.842721 0.000000 -0.000000 0.003143 
416 6.612915 0.000000 0.152025 100.000663 0.000000 -0.000000 -0.000013 
417 6.374184 0.000000 -0.069349 100.162073 0.000000 -0.000000 -0.003244 
418 6.294607 0.000000 -0.069349 100.196620 0.000000 -0.000000 -0.003936 
419 6.374184 0.000000 -0.143141 100.138348 0.000000 -0.000000 -0.002769 
420 6.453761 0.000000 -0.069349 100.105074 0.000000 -0.000000 -0.002103 
421 6.374184 0.000000 0.004442 100.383203 0.000000 0.000000 -0.007679 
422 6.772069 0.000000 -0.733473 98.891903 0.000000 1.537006 0.021803 
423 6.772069 0.000000 -1.028639 98.598927 0.000000 3.459101 0.026629 
424 7.090377 0.000000 -0.733473 99.159813 0.000000 1.836081 0.016396 
425 6.612915 0.000000 -0.290724 99.952475 0.000000 -0.000000 0.000950 
426 6.612915 0.000000 -0.438307 99.967878 0.000000 -0.000000 0.000642 
427 6.772069 0.000000 -0.290724 99.490679 0.000000 -0.000000 0.010160 
428 6.533338 0.000000 -0.069349 100.049689 0.000000 -0.000000 -0.000994 
429 6.533338 0.000000 -0.143141 100.055731 0.000000 -0.000000 -0.001115 
430 6.612915 0.000000 -0.069349 99.994289 0.000000 -0.000000 0.000114 
431 6.533338 0.000000 0.004442 100.047526 0.000000 -0.000000 -0.000951 
432 6.294607 0.000000 0.299608 100.162284 0.000000 -0.000000 -0.003248 
433 6.135452 0.000000 0.299608 100.371474 0.000000 0.022012 -0.007443 
434 6.453761 0.000000 0.299608 100.086986 0.000000 -0.000000 -0.001740 
435 6.294607 0.000000 0.447191 100.303922 0.000000 -0.000000 -0.006088 
436 6.374184 0.000000 0.078234 100.162260 0.000000 -0.000000 -0.003248 
437 6.294607 0.000000 0.078234 100.196468 0.000000 -0.000000 -0.003933 
438 6.453761 0.000000 0.078234 100.105516 0.000000 -0.000000 -0.002111 
439 6.374184 0.000000 0.152025 100.138513 0.000000 -0.000000 -0.002772 
440 6.413972 0.000000 -0.032453 100.119708 0.000000 -0.000000 -0.002396 
441 6.374184 0.000000 -0.032453 100.341886 0.000000 0.000000 -0.006849 
442 6.413972 0.000000 -0.069349 100.120518 0.000000 -0.000000 -0.002412 
443 6.453761 0.000000 -0.032453 99.290569 0.000000 -0.000000 0.014138 
444 6.413972 0.000000 0.004442 100.398764 0.000000 -0.000000 -0.007991 
445 6.612915 0.000000 0.299608 99.953131 0.000000 -0.000000 0.000937 
446 6.772069 0.000000 0.299608 99.964189 0.000000 -0.000000 0.000716 
447 6.612915 0.000000 0.447191 99.500263 0.000000 -0.000000 0.009970 
448 6.533338 0.000000 0.078234 100.050252 0.000000 -0.000000 -0.001005 
449 6.612915 0.000000 0.078234 99.994800 0.000000 -0.000000 0.000104 
450 6.533338 0.000000 0.152025 100.056613 0.000000 -0.000000 -0.001133 
451 6.493549 0.000000 -0.032453 99.260538 0.000000 -0.000000 0.014735 
452 6.493549 0.000000 -0.069349 100.060363 0.000000 -0.000000 -0.001208 
453 6.533338 0.000000 -0.032453 100.048007 0.000000 -0.000000 -0.000960 
454 6.493549 0.000000 0.004442 99.200694 0.000000 -0.000000 0.015922 
455 6.413972 0.000000 0.041338 100.119852 0.000000 -0.000000 -0.002398 
456 6.374184 0.000000 0.041338 100.161624 0.000000 -0.000000 -0.003235 
457 6.453761 0.000000 0.041338 99.315874 0.000000 -0.000000 0.013636 
458 6.413972 0.000000 0.078234 100.120792 0.000000 -0.000000 -0.002417 
459 6.433866 0.000000 -0.014006 99.340200 0.000000 -0.000000 0.013152 
460 6.413972 0.000000 -0.014006 100.370899 0.000000 -0.000000 -0.007432 
461 6.433866 0.000000 -0.032453 99.544497 0.000000 -0.000000 0.009089 
462 6.453761 0.000000 -0.014006 99.243407 0.000000 -0.000000 0.015075 
463 6.433866 0.000000 0.004442 99.253600 0.000000 -0.000000 0.014872 
464 5.976298 0.000000 0.004442 100.459229 0.000000 0.026462 -0.009206 
465 5.817144 0.000000 0.004442 100.540148 0.000000 0.010323 -0.010832 
466 5.976298 0.000000 -0.143141 100.438194 0.000000 0.057929 -0.008783 
467 5.976298 0.000000 0.152025 100.460077 0.000000 0.044900 -0.009223 
468 6.215029 0.000000 -0.069349 100.304401 0.000000 0.010608 -0.006097 
469 6.135452 0.000000 -0.069349 100.335003 0.000000 0.020331 -0.006711 
470 6.215029 0.000000 -0.143141 100.225995 0.000000 0.016358 -0.004525 
471 6.215029 0.000000 0.004442 100.436881 0.000000 0.002184 -0.008757 
472 6.334395 0.000000 -0.032453 100.347544 0.000000 0.000000 -0.006963 
473 6.294607 0.000000 -0.032453 100.328821 0.000000 -0.000000 -0.006587 
474 6.334395 0.000000 -0.069349 100.179478 0.000000 -0.000000 -0.003593 
475 6.334395 0.000000 0.004442 100.397667 0.000000 0.000000 -0.007969 
476 5.498836 0.000000 0.447191 100.157709 0.000000 0.256204 -0.003163 
477 5.498836 0.000000 0.742357 99.339003 0.000000 0.721491 0.013124 
478 5.657990 0.000000 0.004442 100.528594 0.000000 0.014542 -0.010600 
479 5.498836 0.000000 0.004442 100.347680 0.000000 0.016907 -0.006966 
480 5.657990 0.000000 -0.143141 100.399089 0.000000 0.105735 -0.007999 
481 5.657990 0.000000 0.152025 100.403269 0.000000 0.103252 -0.008083 
482 5.976298 0.000000 -0.290724 100.394217 0.000000 0.086310 -0.007901 
483 5.817144 0.000000 -0.290724 100.384595 0.000000 0.107046 -0.007708 
484 5.976298 0.000000 -0.438307 100.260708 0.000000 0.165235 -0.005224 
485 5.896721 0.000000 -0.069349 100.469563 0.000000 0.045268 -0.009414 
486 5.817144 0.000000 -0.069349 100.464218 0.000000 0.057029 -0.009306 
487 5.896721 0.000000 -0.143141 100.439254 0.000000 0.066529 -0.008805 
488 5.976298 0.000000 -0.069349 100.471698 0.000000 0.034429 -0.009456 
489 5.896721 0.000000 0.004442 100.503324 0.000000 0.023247 -0.010092 
490 5.498836 0.000000 -0.733473 99.342221 0.000000 0.717056 0.013061 
491 5.498836 0.000000 -1.028639 99.342339 0.000000 0.716845 0.013059 
492 5.657990 0.000000 -0.290724 100.352771 0.000000 0.135020 -0.007070 
493 5.498836 0.000000 -0.290724 100.243257 0.000000 0.203865 -0.004875 
494 5.657990 0.000000 -0.438307 100.261081 0.000000 0.193982 -0.005232 
495 5.737567 0.000000 -0.069349 100.469187 0.000000 0.061998 -0.009406 
496 5.657990 0.000000 -0.069349 100.411239 0.000000 0.099091 -0.008243 
497 5.737567 0.000000 -0.143141 100.406775 0.000000 0.099888 -0.008153 
498 5.737567 0.000000 0.004442 100.540689 0.000000 0.021273 -0.010843 
499 5.339682 0.000000 0.004442 99.465800 0.000000 0.052970 0.010655 
500 5.339682 0.000000 -0.143141 99.843667 0.000000 0.147100 0.003122 
501 5.339682 0.000000 0.152025 99.865383 0.000000 0.132988 0.002689 
502 5.578413 0.000000 -0.069349 100.054917 0.000000 0.070968 -0.001099 
503 5.498836 0.000000 -0.069349 99.966362 0.000000 0.072741 0.000672 
504 5.578413 0.000000 -0.143141 100.198005 0.000000 0.119284 -0.003965 
505 5.578413 0.000000 0.004442 100.412747 0.000000 0.024461 -0.008272 
506 5.339682 0.000000 -0.290724 100.047549 0.000000 0.317308 -0.000961 
507 5.339682 0.000000 -0.438307 99.347418 0.000000 0.712380 0.012958 
508 5.419259 0.000000 -0.069349 99.853352 0.000000 0.080513 0.002930 
509 5.339682 0.000000 -0.069349 99.709058 0.000000 0.098187 0.005809 
510 5.419259 0.000000 -0.143141 99.979650 0.000000 0.130942 0.000405 
511 5.419259 0.000000 0.004442 99.777250 0.000000 0.068504 0.004450 
512 5.657990 0.000000 0.299608 100.363803 0.000000 0.128613 -0.007291 
513 5.498836 0.000000 0.299608 100.261062 0.000000 0.193704 -0.005232 
514 5.817144 0.000000 0.299608 100.413579 0.000000 0.094371 -0.008290 
515 5.657990 0.000000 0.447191 100.282622 0.000000 0.181680 -0.005664 
516 5.578413 0.000000 0.078234 100.059119 0.000000 0.070766 -0.001183 
517 5.498836 0.000000 0.078234 99.972495 0.000000 0.072852 0.000549 
518 5.657990 0.000000 0.078234 100.413105 0.000000 0.097972 -0.008280 
519 5.578413 0.000000 0.152025 100.221210 0.000000 0.104112 -0.004430 
520 5.538625 0.000000 -0.032453 100.211448 0.000000 0.043737 -0.004234 
521 5.498836 0.000000 -0.032453 99.950013 0.000000 0.067032 0.000999 
522 5.538625 0.000000 -0.069349 100.018236 0.000000 0.069729 -0.000365 
523 5.578413 0.000000 -0.032453 100.236709 0.000000 0.044972 -0.004740 
524 5.538625 0.000000 0.004442 100.440976 0.000000 0.020106 -0.008839 
525 5.339682 0.000000 0.299608 100.103979 0.000000 0.285641 -0.002089 
526 5.180528 0.000000 0.299608 99.590243 0.000000 0.408126 0.008162 
527 5.339682 0.000000 0.447191 99.347808 0.000000 0.711920 0.012951 
528 5.419259 0.000000 0.078234 99.866309 0.000000 0.080836 0.002671 
529 5.339682 0.000000 0.078234 99.733800 0.000000 0.091479 0.005316 
530 5.419259 0.000000 0.152025 99.992210 0.000000 0.127995 0.000154 
531 5.459047 0.000000 -0.032453 99.905252 0.000000 0.069595 0.001894 
532 5.419259 0.000000 -0.032453 99.801704 0.000000 0.072114 0.003961 
533 5.459047 0.000000 -0.069349 99.927901 0.000000 0.075280 0.001441 
534 5.459047 0.000000 0.004442 99.897532 0.000000 0.067519 0.002048 
535 5.538625 0.000000 0.041338 100.007489 0.000000 0.065042 -0.000150 
536 5.498836 0.000000 0.041338 99.953991 0.000000 0.067400 0.000920 
537 5.578413 0.000000 0.041338 100.215265 0.000000 0.047714 -0.004310 
538 5.538625 0.000000 0.078234 100.023675 0.000000 0.069752 -0.000474 
539 5.518730 0.000000 -0.014006 100.334984 0.000000 0.030035 -0.006711 
540 5.498836 0.000000 -0.014006 99.945458 0.000000 0.065394 0.001090 
541 5.518730 0.000000 -0.032453 99.968333 0.000000 0.066494 0.000633 
542 5.538625 0.000000 -0.014006 100.401171 0.000000 0.024163 -0.008040 
543 5.518730 0.000000 0.004442 100.496247 0.000000 0.014648 -0.009950 
544 -27.286909 0.000000 -28.183916 98.997703 0.000000 13.926496 0.000551 
545 -37.472771 0.000000 -28.183916 99.009985 0.000000 13.927400 0.000305 
546 -27.286909 0.000000 -37.629229 99.002022 0.000000 13.919372 0.000485 
547 33.828266 0.000000 -28.183916 99.013259 0.000000 13.757719 0.000710 
548 33.828266 0.000000 -37.629229 99.010174 0.000000 13.824419 0.000587 
549 44.014128 0.000000 -28.183916 99.025600 0.000000 13.768128 0.000437 
550 -12.008115 0.000000 -14.015945 98.910817 0.000000 13.954867 0.002191 
551 -17.101046 0.000000 -14.015945 98.959431 0.000000 13.958209 0.001220 
552 -12.008115 0.000000 -18.738602 98.927787 0.000000 13.925945 0.001936 
553 18.549472 0.000000 -14.015945 98.962418 0.000000 13.303862 0.002945 
554 18.549472 0.000000 -18.738602 98.962453 0.000000 13.560275 0.002255 
555 23.642403 0.000000 -14.015945 99.021324 0.000000 13.357879 0.001634 
556 -4.368718 0.000000 -6.931960 98.581435 0.000000 14.043328 0.008449 
557 -6.915184 0.000000 -6.931960 98.761137 0.000000 14.066474 0.004837 
558 -4.368718 0.000000 -9.293288 98.638310 0.000000 13.935691 0.007628 
559 10.910075 0.000000 -6.931960 98.806638 0.000000 12.036663 0.009237 
560 10.910075 0.000000 -9.293288 98.785697 0.000000 12.701984 0.008005 
561 13.456541 0.000000 -6.931960 98.970414 0.000000 12.134611 0.005761 
562 -0.549020 0.000000 -3.389967 97.436811 0.000000 14.616103 0.029244 
563 -1.822253 0.000000 -3.389967 98.100843 0.000000 14.578944 0.016368 
564 -0.549020 0.000000 -4.570631 97.670073 0.000000 14.109358 0.026148 
565 0.087597 0.000000 -1.618971 96.954973 0.000000 16.762446 0.031875 
566 -0.549020 0.000000 -1.618971 97.978343 0.000000 16.076863 0.014178 
567 0.087597 0.000000 -2.209303 96.726384 0.000000 15.666097 0.039858 
568 1.042521 0.000000 -0.733473 100.860195 0.000000 0.999548 -0.017378 
569 0.724213 0.000000 -0.733473 100.777929 0.000000 1.044827 -0.015728 
570 1.042521 0.000000 -1.028639 100.833926 0.000000 1.025986 -0.016853 
571 3.907295 0.000000 -1.618971 94.029627 0.000000 6.009032 0.112232 
572 3.907295 0.000000 -2.209303 94.764488 0.000000 8.080589 0.095440 
573 2.952370 0.000000 -0.733473 100.250301 0.000000 0.786283 -0.005074 
574 2.952370 0.000000 -1.028639 100.236326 0.000000 0.750616 -0.004788 
575 3.270679 0.000000 -0.733473 99.951408 0.000000 0.704232 0.000922 
576 0.087597 0.000000 0.742357 99.641254 0.000000 18.851677 -0.028377 
577 -0.549020 0.000000 0.742357 98.593799 0.000000 16.579953 0.000437 
578 0.087597 0.000000 1.332690 100.936716 0.000000 17.506136 -0.049469 
579 1.042521 0.000000 0.447191 100.860446 0.000000 0.999379 -0.017383 
580 0.724213 0.000000 0.447191 106.753841 0.000000 7.985235 -0.146015 
581 1.042521 0.000000 0.742357 100.778026 0.000000 1.044807 -0.015730 
582 2.315754 0.000000 0.447191 100.508283 0.000000 0.843447 -0.010263 
583 2.634062 0.000000 0.447191 100.382379 0.000000 0.813207 -0.007728 
584 2.315754 0.000000 0.742357 100.585422 0.000000 0.861157 -0.011817 
585 2.952370 0.000000 0.447191 100.250856 0.000000 0.787002 -0.005085 
586 3.270679 0.000000 0.447191 99.857610 0.000000 0.684968 0.002799 
587 2.952370 0.000000 0.742357 100.150055 0.000000 0.722333 -0.003056 
588 2.156600 0.000000 0.004442 121.833344 0.000000 0.183072 -0.484340 
589 2.315754 0.000000 0.004442 117.750483 0.000000 0.216577 -0.386522 
590 2.156600 0.000000 0.152025 115.968374 0.000000 0.358922 -0.344879 
591 3.588987 0.000000 -0.733473 99.644534 0.000000 0.673994 0.007051 
592 3.588987 0.000000 -1.028639 99.591055 0.000000 0.663738 0.008118 
593 3.907295 0.000000 -0.733473 99.491013 0.000000 0.682793 0.010107 
594 4.225603 0.000000 -0.733473 99.428709 0.000000 0.687080 0.011346 
595 4.225603 0.000000 -1.028639 99.399641 0.000000 0.690384 0.011923 
596 3.588987 0.000000 0.447191 99.644546 0.000000 0.674250 0.007051 
597 3.907295 0.000000 0.447191 99.444027 0.000000 0.683425 0.011042 
598 3.588987 0.000000 0.742357 99.623854 0.000000 0.659323 0.007465 
599 4.225603 0.000000 0.447191 99.398993 0.000000 0.690355 0.011936 
600 4.225603 0.000000 0.742357 99.399489 0.000000 0.690509 0.011926 
601 9.636843 0.000000 -3.389967 98.893769 0.000000 9.649773 0.012690 
602 9.636843 0.000000 -4.570631 98.769900 0.000000 10.710216 0.012980 
603 10.910075 0.000000 -3.389967 99.095997 0.000000 9.886782 0.008223 
604 7.726993 0.000000 -1.618971 98.856420 0.000000 6.177104 0.018925 
605 7.726993 0.000000 -2.209303 98.594005 0.000000 7.472411 0.022339 
606 8.363610 0.000000 -1.618971 99.089927 0.000000 6.443902 0.013966 
607 5.021374 0.000000 0.299608 99.413821 0.000000 0.480186 0.011666 
608 4.862220 0.000000 0.299608 99.368206 0.000000 0.700996 0.012547 
609 5.021374 0.000000 0.447191 99.356566 0.000000 0.706167 0.012777 
610 2.156600 0.000000 -0.585890 100.614567 0.000000 0.871140 -0.012405 
611 2.156600 0.000000 -0.733473 100.609932 0.000000 0.869861 -0.012312 
612 2.315754 0.000000 -0.585890 100.517766 0.000000 0.845269 -0.010454 
613 1.519984 0.000000 -0.585890 100.721278 0.000000 0.910962 -0.014561 
614 1.360829 0.000000 -0.585890 100.792939 0.000000 0.938389 -0.016010 
615 1.519984 0.000000 -0.733473 100.791690 0.000000 0.936351 -0.015984 
616 1.917869 0.000000 -0.069349 122.938328 0.000000 0.227478 -0.511388 
617 1.997446 0.000000 -0.069349 122.672183 0.000000 0.229296 -0.504852 
618 1.917869 0.000000 0.004442 123.592705 0.000000 0.208321 -0.527520 
619 1.878080 0.000000 -0.180036 108.978405 0.000000 0.703475 -0.187679 
620 1.917869 0.000000 -0.180036 114.154285 0.000000 0.511639 -0.303146 
621 1.878080 0.000000 -0.143141 120.828414 0.000000 0.293643 -0.459959 
622 5.976298 0.000000 0.299608 100.428143 0.000000 0.066165 -0.008582 
623 5.976298 0.000000 0.447191 100.343939 0.000000 0.115131 -0.006892 
624 6.215029 0.000000 0.078234 100.298540 0.000000 0.010909 -0.005980 
625 6.135452 0.000000 0.078234 100.330310 0.000000 0.020807 -0.006617 
626 6.215029 0.000000 0.152025 100.225820 0.000000 0.016146 -0.004522 
627 6.334395 0.000000 0.041338 100.336215 0.000000 0.000000 -0.006736 
628 6.294607 0.000000 0.041338 100.313732 0.000000 -0.000000 -0.006284 
629 6.334395 0.000000 0.078234 100.179486 0.000000 -0.000000 -0.003593 
630 6.493549 0.000000 0.041338 99.284429 0.000000 -0.000000 0.014260 
631 6.533338 0.000000 0.041338 100.048308 0.000000 -0.000000 -0.000966 
632 6.493549 0.000000 0.078234 100.060841 0.000000 -0.000000 -0.001217 
633 6.055875 0.000000 -0.069349 100.381479 0.000000 0.024804 -0.007644 
634 6.055875 0.000000 -0.143141 100.385379 0.000000 0.045918 -0.007723 
635 6.055875 0.000000 0.004442 100.412470 0.000000 0.018366 -0.008266 
636 6.055875 0.000000 0.078234 100.357387 0.000000 0.030117 -0.007161 
637 5.976298 0.000000 0.078234 100.483578 0.000000 0.027501 -0.009695 
638 6.055875 0.000000 0.152025 100.386368 0.000000 0.045168 -0.007742 
639 5.896721 0.000000 0.078234 100.468487 0.000000 0.046147 -0.009392 
640 5.817144 0.000000 0.078234 100.477706 0.000000 0.049310 -0.009577 
641 5.896721 0.000000 0.152025 100.441364 0.000000 0.065256 -0.008847 
642 5.737567 0.000000 0.078234 100.466624 0.000000 0.063358 -0.009355 
643 5.737567 0.000000 0.152025 100.410256 0.000000 0.097827 -0.008223 
644 5.459047 0.000000 0.041338 99.910546 0.000000 0.069875 0.001788 
645 5.419259 0.000000 0.041338 99.814605 0.000000 0.073021 0.003704 
646 5.459047 0.000000 0.078234 99.935736 0.000000 0.075290 0.001284 
647 4.703066 0.000000 0.299608 99.849270 0.000000 0.498765 0.002987 
648 4.543911 0.000000 0.299608 99.389888 0.000000 0.694065 0.012117 
649 4.703066 0.000000 0.447191 99.370587 0.000000 0.699500 0.012500 
1 19 21 9 22 
2 20 19 22 4 
3 28 29 3 30 
4 21 28 30 9 
5 35 37 21 38 
6 36 35 38 19 
7 44 45 28 46 
8 37 44 46 21 
9 51 53 37 54 
10 52 51 54 35 
11 60 61 44 62 
12 53 60 62 37 
13 67 69 53 70 
14 68 67 70 51 
15 11 78 76 77 
16 78 10 24 76 
17 76 24 14 79 
18 77 76 79 6 
19 24 82 80 81 
20 82 23 40 80 
21 80 40 27 83 
22 81 80 83 14 
23 40 86 84 85 
24 86 39 56 84 
25 84 56 43 87 
26 85 84 87 27 
27 56 90 88 89 
28 89 88 91 43 
29 92 93 60 94 
30 69 92 94 53 
31 95 97 69 98 
32 96 95 98 67 
33 6 79 112 113 
34 79 14 36 112 
35 112 36 19 114 
36 113 112 114 20 
37 14 83 115 116 
38 83 27 52 115 
39 115 52 35 117 
40 116 115 117 36 
41 27 87 118 119 
42 87 43 68 118 
43 118 68 51 120 
44 119 118 120 52 
45 43 91 121 122 
46 121 96 67 123 
47 122 121 123 68 
48 124 126 95 127 
49 125 124 127 96 
50 133 134 92 135 
51 97 133 135 69 
52 136 137 97 138 
53 126 136 138 95 
54 140 108 141 139 
55 139 141 111 142 
56 108 148 147 141 
57 148 110 149 147 
58 147 149 5 150 
59 141 147 150 111 
60 151 152 133 153 
61 137 151 153 97 
62 110 155 154 149 
63 155 143 156 154 
64 154 156 146 157 
65 149 154 157 5 
66 15 159 158 33 
67 159 17 160 158 
68 158 160 8 161 
69 33 158 161 18 
70 31 163 162 49 
71 163 33 164 162 
72 162 164 18 165 
73 49 162 165 34 
74 167 49 168 166 
75 166 168 34 169 
76 18 161 178 45 
77 161 8 179 178 
78 178 179 29 180 
79 45 178 180 28 
80 34 165 181 61 
81 165 18 182 181 
82 181 182 45 183 
83 61 181 183 44 
84 169 34 185 184 
85 184 185 61 186 
86 93 184 186 60 
87 187 188 93 189 
88 134 187 189 92 
89 190 191 134 192 
90 152 190 192 133 
91 7 204 202 203 
92 204 16 205 202 
93 202 205 15 32 
94 203 202 32 13 
95 13 208 206 207 
96 208 32 209 206 
97 206 209 31 48 
98 207 206 48 26 
99 26 212 210 211 
100 212 48 213 210 
101 210 213 47 64 
102 211 210 64 42 
103 42 216 214 215 
104 216 64 217 214 
105 214 217 63 105 
106 215 214 105 58 
107 105 220 218 219 
108 220 63 221 218 
109 218 221 106 175 
110 219 218 175 104 
111 104 224 222 223 
112 224 175 225 222 
113 222 225 174 195 
114 223 222 195 145 
115 195 232 230 231 
116 232 174 233 230 
117 230 233 196 234 
118 143 236 235 156 
119 236 145 194 235 
120 235 194 107 237 
121 156 235 237 146 
122 145 240 238 239 
123 240 195 231 238 
124 239 238 241 194 
125 242 244 190 245 
126 243 242 245 152 
127 193 234 246 247 
128 234 196 248 246 
129 246 248 177 249 
130 247 246 249 197 
131 231 252 250 251 
132 252 230 253 250 
133 250 253 234 254 
134 251 250 254 193 
135 194 241 255 256 
136 241 193 247 255 
137 255 247 197 257 
138 256 255 257 107 
139 238 260 258 259 
140 260 231 251 258 
141 258 251 193 261 
142 259 258 261 241 
143 12 264 262 263 
144 264 7 203 262 
145 262 203 13 25 
146 263 262 25 10 
147 25 267 265 266 
148 267 13 207 265 
149 265 207 26 41 
150 266 265 41 23 
151 41 270 268 269 
152 270 26 211 268 
153 268 211 42 57 
154 269 268 57 39 
155 57 273 271 272 
156 273 42 215 271 
157 271 215 58 73 
158 272 271 73 55 
159 73 276 274 275 
160 276 58 277 274 
161 274 277 74 109 
162 275 274 109 71 
163 71 280 278 279 
164 280 109 281 278 
165 278 281 108 140 
166 102 284 282 283 
167 284 140 285 282 
168 282 285 139 286 
169 283 282 286 131 
170 55 289 287 288 
171 289 73 275 287 
172 287 275 71 101 
173 288 287 101 72 
174 101 292 290 291 
175 292 71 279 290 
176 88 299 297 298 
177 299 72 100 297 
178 297 100 59 300 
179 298 297 300 91 
180 100 303 301 302 
181 303 99 129 301 
182 301 129 103 304 
183 302 301 304 59 
184 99 307 305 306 
185 307 130 294 305 
186 305 294 128 308 
187 306 305 308 129 
188 103 132 309 310 
189 132 75 311 309 
190 309 311 126 312 
191 310 309 312 124 
192 313 315 75 316 
193 314 313 316 132 
194 294 319 317 318 
195 318 317 321 128 
196 290 324 322 323 
197 324 279 325 322 
198 322 325 102 295 
199 323 322 295 130 
200 130 328 326 327 
201 328 295 329 326 
202 326 329 293 319 
203 327 326 319 294 
204 331 283 332 330 
205 330 332 131 333 
206 319 336 334 335 
207 336 293 337 334 
208 335 334 338 317 
209 295 340 339 329 
210 340 102 341 339 
211 339 341 283 331 
212 329 339 331 293 
213 293 343 342 337 
214 343 331 344 342 
215 342 344 330 345 
216 337 342 345 320 
217 129 308 346 347 
218 308 128 314 346 
219 346 314 132 348 
220 347 346 348 103 
221 128 321 349 350 
222 321 296 351 349 
223 349 351 313 352 
224 350 349 352 314 
225 317 338 353 354 
226 338 320 355 353 
227 353 355 296 356 
228 354 353 356 321 
229 334 359 357 358 
230 359 337 360 357 
231 357 360 320 361 
232 358 357 361 338 
233 362 363 187 364 
234 191 362 364 134 
235 65 370 369 172 
236 370 166 371 369 
237 369 371 169 372 
238 172 369 372 50 
239 170 374 373 200 
240 374 172 375 373 
241 373 375 50 376 
242 200 373 376 173 
243 378 200 379 377 
244 377 379 173 380 
245 381 383 362 384 
246 382 381 384 191 
247 64 391 390 217 
248 391 47 392 390 
249 390 392 65 171 
250 217 390 171 63 
251 63 394 393 221 
252 394 171 395 393 
253 393 395 170 199 
254 221 393 199 106 
255 106 398 396 397 
256 398 199 399 396 
257 396 399 198 366 
258 397 396 366 176 
259 366 402 400 401 
260 402 198 403 400 
261 400 403 367 387 
262 401 400 387 365 
263 50 372 404 188 
264 372 169 405 404 
265 404 405 184 406 
266 188 404 406 93 
267 173 376 407 363 
268 376 50 408 407 
269 407 408 188 409 
270 363 407 409 187 
271 380 173 411 410 
272 410 411 363 412 
273 383 410 412 362 
274 414 377 415 413 
275 413 415 380 416 
276 387 419 417 418 
277 419 367 420 417 
278 199 423 422 399 
279 423 170 424 422 
280 422 424 200 378 
281 399 422 378 198 
282 198 426 425 403 
283 426 378 427 425 
284 425 427 377 414 
285 403 425 414 367 
286 367 429 428 420 
287 429 414 430 428 
288 428 430 413 431 
289 368 389 432 433 
290 389 201 434 432 
291 432 434 383 435 
292 433 432 435 381 
293 436 438 201 439 
294 437 436 439 389 
295 417 442 440 441 
296 442 420 443 440 
297 441 440 444 421 
298 201 416 445 434 
299 416 380 446 445 
300 445 446 410 447 
301 434 445 447 383 
302 431 413 449 448 
303 448 449 416 450 
304 438 448 450 201 
305 420 452 451 443 
306 452 428 453 451 
307 451 453 431 454 
308 443 451 454 388 
309 421 444 455 456 
310 444 388 457 455 
311 455 457 438 458 
312 456 455 458 436 
313 440 461 459 460 
314 461 443 462 459 
315 459 462 388 463 
316 460 459 463 444 
317 365 470 468 469 
318 470 387 418 468 
319 468 418 385 471 
320 469 468 471 386 
321 418 474 472 473 
322 474 417 441 472 
323 472 441 421 475 
324 473 472 475 385 
325 476 382 191 477 
326 244 476 477 190 
327 176 484 482 483 
328 484 366 401 482 
329 482 401 365 466 
330 483 482 466 228 
331 228 487 485 486 
332 487 466 488 485 
333 485 488 464 489 
334 486 485 489 465 
335 175 491 490 225 
336 491 106 397 490 
337 490 397 176 227 
338 225 490 227 174 
339 227 494 492 493 
340 494 176 483 492 
341 492 483 228 480 
342 493 492 480 226 
343 480 497 495 496 
344 497 228 486 495 
345 495 486 465 498 
346 496 495 498 478 
347 196 500 499 248 
348 248 499 501 177 
349 226 504 502 503 
350 504 480 496 502 
351 502 496 478 505 
352 174 507 506 233 
353 507 227 493 506 
354 506 493 226 500 
355 233 506 500 196 
356 500 510 508 509 
357 510 226 503 508 
358 509 508 511 499 
359 229 481 512 513 
360 481 66 514 512 
361 512 514 382 515 
362 513 512 515 476 
363 505 478 518 516 
364 516 518 481 519 
365 517 516 519 229 
366 503 522 520 521 
367 522 502 523 520 
368 520 523 505 524 
369 177 501 525 526 
370 501 229 513 525 
371 525 513 476 527 
372 526 525 527 244 
373 499 511 528 529 
374 528 517 229 530 
375 529 528 530 501 
376 508 533 531 532 
377 533 503 521 531 
378 531 521 479 534 
379 532 531 534 511 
380 479 524 535 536 
381 524 505 537 535 
382 535 537 516 538 
383 536 535 538 517 
384 521 541 539 540 
385 541 520 542 539 
386 539 542 524 543 
387 540 539 543 479 
388 1 546 544 545 
389 546 12 263 544 
390 544 263 10 78 
391 545 544 78 11 
392 16 548 547 205 
393 548 2 549 547 
394 547 549 17 159 
395 205 547 159 15 
396 10 552 550 551 
397 552 25 266 550 
398 550 266 23 82 
399 551 550 82 24 
400 32 554 553 209 
401 554 15 555 553 
402 553 555 33 163 
403 209 553 163 31 
404 23 558 556 557 
405 558 41 269 556 
406 556 269 39 86 
407 557 556 86 40 
408 48 560 559 213 
409 560 31 561 559 
410 559 561 49 167 
411 213 559 167 47 
412 39 564 562 563 
413 564 57 272 562 
414 562 272 55 90 
415 563 562 90 56 
416 90 567 565 566 
417 567 55 288 565 
418 565 288 72 299 
419 566 565 299 88 
420 72 570 568 569 
421 570 101 291 568 
422 568 291 99 303 
423 569 568 303 100 
424 58 572 571 277 
425 572 105 219 571 
426 571 219 104 144 
427 277 571 144 74 
428 109 574 573 281 
429 574 74 575 573 
430 573 575 110 148 
431 281 573 148 108 
432 91 300 576 577 
433 300 59 125 576 
434 576 125 96 578 
435 577 576 578 121 
436 59 304 579 580 
437 304 103 310 579 
438 579 310 124 581 
439 580 579 581 125 
440 75 142 582 311 
441 142 111 583 582 
442 582 583 136 584 
443 311 582 584 126 
444 111 150 585 583 
445 150 5 586 585 
446 585 586 137 587 
447 583 585 587 136 
448 131 286 588 315 
449 286 139 589 588 
450 588 589 142 590 
451 315 588 590 75 
452 74 592 591 575 
453 592 144 593 591 
454 591 593 143 155 
455 575 591 155 110 
456 144 595 594 593 
457 595 104 223 594 
458 594 223 145 236 
459 593 594 236 143 
460 5 157 596 586 
461 157 146 597 596 
462 596 597 151 598 
463 586 596 598 137 
464 146 237 599 597 
465 237 107 243 599 
466 599 243 152 600 
467 597 599 600 151 
468 47 602 601 392 
469 602 167 603 601 
470 601 603 166 370 
471 392 601 370 65 
472 171 605 604 395 
473 605 65 606 604 
474 604 606 172 374 
475 395 604 374 170 
476 197 249 607 608 
477 249 177 526 607 
478 607 526 244 609 
479 608 607 609 242 
480 279 611 610 325 
481 611 278 612 610 
482 610 612 140 284 
483 325 610 284 102 
484 291 615 613 614 
485 615 290 323 613 
486 613 323 130 307 
487 614 613 307 99 
488 296 333 616 351 
489 333 131 617 616 
490 616 617 315 618 
491 351 616 618 313 
492 320 345 619 355 
493 345 330 620 619 
494 619 620 333 621 
495 355 619 621 296 
496 66 467 622 514 
497 467 368 433 622 
498 622 433 381 623 
499 514 622 623 382 
500 386 471 624 625 
501 471 385 437 624 
502 624 437 389 626 
503 625 624 626 368 
504 385 475 627 628 
505 475 421 456 627 
506 627 456 436 629 
507 628 627 629 437 
508 388 454 630 457 
509 454 431 631 630 
510 630 631 448 632 
511 457 630 632 438 
512 466 634 633 488 
513 634 365 469 633 
514 633 469 386 635 
515 488 633 635 464 
516 464 635 636 637 
517 635 386 625 636 
518 636 625 368 638 
519 637 636 638 467 
520 465 489 639 640 
521 489 464 637 639 
522 639 637 467 641 
523 640 639 641 66 
524 478 498 642 518 
525 498 465 640 642 
526 642 640 66 643 
527 518 642 643 481 
528 511 534 644 645 
529 534 479 536 644 
530 644 536 517 646 
531 645 644 646 528 
532 107 257 647 648 
533 257 197 608 647 
534 647 608 242 649 
535 648 647 649 243 
