2 0.000000 100.000000 473.401889
642 535 
1 -37.462817 0.000000 -37.619275 98.457082 0.000000 17.372842 0.000439 
2 44.454174 0.000000 -37.619275 98.471974 0.000000 17.236662 0.000617 
3 44.454174 0.000000 37.855058 98.548333 0.000000 17.100398 -0.000420 
4 -37.462817 0.000000 37.855058 98.512311 0.000000 17.369711 -0.000638 
5 3.495679 0.000000 0.117892 107.012141 0.000000 0.122918 -0.145161 
6 -37.462817 0.000000 0.117892 98.487219 0.000000 17.402066 -0.000256 
7 3.495679 0.000000 -37.619275 98.406147 0.000000 17.290548 0.001727 
8 44.454174 0.000000 0.117892 99.012507 0.000000 14.278851 -0.000736 
9 3.495679 0.000000 37.855058 98.584504 0.000000 17.262405 -0.001690 
10 -16.983569 0.000000 -18.750692 98.385094 0.000000 17.396838 0.001772 
11 -37.462817 0.000000 -18.750692 98.460312 0.000000 17.389722 0.000316 
12 -16.983569 0.000000 -37.619275 98.427793 0.000000 17.355652 0.001075 
13 3.495679 0.000000 -18.750692 98.180373 0.000000 17.072399 0.006915 
14 -16.983569 0.000000 0.117892 98.506788 0.000000 17.516003 -0.001040 
15 23.974926 0.000000 -18.750692 98.444760 0.000000 16.875280 0.002385 
16 23.974926 0.000000 -37.619275 98.439702 0.000000 17.236131 0.001254 
17 44.454174 0.000000 -18.750692 98.513270 0.000000 16.989700 0.000649 
18 23.974926 0.000000 0.117892 99.646917 0.000000 10.450905 -0.003873 
19 -16.983569 0.000000 18.986475 98.606968 0.000000 17.383981 -0.002554 
20 -37.462817 0.000000 18.986475 98.512237 0.000000 17.387181 -0.000697 
21 3.495679 0.000000 18.986475 98.887285 0.000000 16.973234 -0.006679 
22 -16.983569 0.000000 37.855058 98.548966 0.000000 17.346501 -0.001280 
23 -6.743945 0.000000 -9.316400 98.082760 0.000000 17.495172 0.007369 
24 -16.983569 0.000000 -9.316400 98.397755 0.000000 17.465557 0.001284 
25 -6.743945 0.000000 -18.750692 98.270125 0.000000 17.327956 0.004272 
26 3.495679 0.000000 -9.316400 97.459380 0.000000 16.347849 0.023442 
27 -6.743945 0.000000 0.117892 98.585216 0.000000 17.940540 -0.004091 
28 23.974926 0.000000 18.986475 98.724621 0.000000 16.432705 -0.001658 
29 44.454174 0.000000 18.986475 98.743613 0.000000 15.956857 -0.000492 
30 23.974926 0.000000 37.855058 98.567481 0.000000 17.164814 -0.001018 
31 13.735302 0.000000 -9.316400 98.334020 0.000000 15.698054 0.008399 
32 13.735302 0.000000 -18.750692 98.325087 0.000000 16.865666 0.004773 
33 23.974926 0.000000 -9.316400 98.586445 0.000000 16.027645 0.002383 
34 13.735302 0.000000 0.117892 100.505966 0.000000 3.783476 -0.011576 
35 -6.743945 0.000000 9.552183 98.993289 0.000000 17.443064 -0.010393 
36 -16.983569 0.000000 9.552183 98.607347 0.000000 17.454575 -0.002807 
37 3.495679 0.000000 9.552183 99.777753 0.000000 16.125156 -0.021562 
38 -6.743945 0.000000 18.986475 98.747770 0.000000 17.292702 -0.005016 
39 -1.624133 0.000000 -4.599254 97.078329 0.000000 17.848278 0.025724 
40 -6.743945 0.000000 -4.599254 98.149790 0.000000 17.747130 0.005166 
41 -1.624133 0.000000 -9.316400 97.683583 0.000000 17.199311 0.016210 
42 3.495679 0.000000 -4.599254 95.429671 0.000000 14.665167 0.067811 
43 -1.624133 0.000000 0.117892 98.738349 0.000000 19.430043 -0.012679 
44 13.735302 0.000000 9.552183 99.203395 0.000000 14.776577 -0.005966 
45 23.974926 0.000000 9.552183 99.126103 0.000000 14.005266 -0.002213 
46 13.735302 0.000000 18.986475 98.802529 0.000000 16.630841 -0.003852 
47 8.615491 0.000000 -4.599254 97.746918 0.000000 12.890811 0.027937 
48 8.615491 0.000000 -9.316400 97.909438 0.000000 15.710862 0.016691 
49 13.735302 0.000000 -4.599254 98.664195 0.000000 13.574463 0.008111 
50 8.615491 0.000000 0.117892 99.112043 0.000000 -10.324506 0.007021 
51 -1.624133 0.000000 4.835038 100.170697 0.000000 17.639382 -0.034532 
52 -6.743945 0.000000 4.835038 98.977053 0.000000 17.695647 -0.010959 
53 3.495679 0.000000 4.835038 101.916881 0.000000 14.629050 -0.060106 
54 -1.624133 0.000000 9.552183 99.448666 0.000000 17.081850 -0.018183 
55 0.935773 0.000000 -2.240681 93.207491 0.000000 19.173175 0.094475 
56 -1.624133 0.000000 -2.240681 97.321296 0.000000 19.001671 0.016750 
57 0.935773 0.000000 -4.599254 95.763184 0.000000 16.979975 0.054109 
58 3.495679 0.000000 -2.240681 91.848004 0.000000 11.064686 0.144152 
59 0.935773 0.000000 0.117892 102.906727 0.000000 0.083083 -0.058980 
60 8.615491 0.000000 4.835038 100.221693 0.000000 12.279276 -0.019517 
61 13.735302 0.000000 4.835038 99.552824 0.000000 12.108519 -0.005738 
62 8.615491 0.000000 9.552183 99.496928 0.000000 15.221467 -0.013133 
63 6.055585 0.000000 -2.240681 96.044001 0.000000 8.779004 0.069848 
64 6.055585 0.000000 -4.599254 96.637501 0.000000 13.152270 0.048821 
65 8.615491 0.000000 -2.240681 98.198302 0.000000 9.264323 0.027127 
66 6.055585 0.000000 0.117892 99.528741 0.000000 0.024923 0.009403 
67 0.935773 0.000000 2.476465 103.568618 0.000000 18.543783 -0.107033 
68 -1.624133 0.000000 2.476465 100.138605 0.000000 18.727111 -0.037844 
69 3.495679 0.000000 2.476465 105.035727 0.000000 13.094895 -0.120398 
70 0.935773 0.000000 4.835038 101.428640 0.000000 16.729961 -0.056766 
71 2.215726 0.000000 -1.061395 100.443436 0.000000 0.622792 -0.008927 
72 0.935773 0.000000 -1.061395 100.685282 0.000000 0.844537 -0.013824 
73 2.215726 0.000000 -2.240681 90.669626 0.000000 15.337733 0.154377 
74 3.495679 0.000000 -1.061395 99.333299 0.000000 0.363240 0.013276 
75 2.215726 0.000000 0.117892 122.660911 0.000000 0.198339 -0.504574 
76 -27.223193 0.000000 -9.316400 98.455350 0.000000 17.420644 0.000307 
77 -37.462817 0.000000 -9.316400 98.470921 0.000000 17.398683 0.000076 
78 -27.223193 0.000000 -18.750692 98.438505 0.000000 17.397587 0.000718 
79 -27.223193 0.000000 0.117892 98.492281 0.000000 17.431406 -0.000458 
80 -11.863757 0.000000 -4.599254 98.371367 0.000000 17.609158 0.001299 
81 -16.983569 0.000000 -4.599254 98.440656 0.000000 17.502355 0.000310 
82 -11.863757 0.000000 -9.316400 98.310499 0.000000 17.495943 0.002894 
83 -11.863757 0.000000 0.117892 98.528078 0.000000 17.655708 -0.001951 
84 -4.184039 0.000000 -2.240681 98.091967 0.000000 18.214662 0.004619 
85 -6.743945 0.000000 -2.240681 98.322503 0.000000 17.890810 0.001260 
86 -4.184039 0.000000 -4.599254 97.820923 0.000000 17.855709 0.011224 
87 -4.184039 0.000000 0.117892 98.656716 0.000000 18.373938 -0.007075 
88 -0.344180 0.000000 -1.061395 97.776705 0.000000 21.505325 -0.002276 
89 -1.624133 0.000000 -1.061395 98.062420 0.000000 19.438324 0.000591 
90 -0.344180 0.000000 -2.240681 96.080940 0.000000 19.601644 0.038423 
91 -0.344180 0.000000 0.117892 98.305629 0.000000 17.443643 0.003172 
92 6.055585 0.000000 2.476465 102.068776 0.000000 10.693034 -0.053238 
93 8.615491 0.000000 2.476465 100.110283 0.000000 10.431588 -0.013089 
94 6.055585 0.000000 4.835038 101.116496 0.000000 12.942354 -0.039205 
95 2.215726 0.000000 1.297178 109.661684 0.000000 17.322198 -0.232574 
96 0.935773 0.000000 1.297178 104.890503 0.000000 22.255398 -0.149732 
97 3.495679 0.000000 1.297178 107.925631 0.000000 10.906090 -0.176688 
98 2.215726 0.000000 2.476465 105.365263 0.000000 16.080646 -0.136043 
99 1.575749 0.000000 -0.471751 100.595322 0.000000 0.679736 -0.011988 
100 0.935773 0.000000 -0.471751 100.768162 0.000000 0.787389 -0.015484 
101 1.575749 0.000000 -1.061395 100.673006 0.000000 0.705175 -0.013555 
102 2.215726 0.000000 -0.471751 100.378276 0.000000 0.606998 -0.007617 
103 1.575749 0.000000 0.117892 118.337657 0.000000 0.158917 -0.400383 
104 4.775632 0.000000 -1.061395 98.933591 0.000000 0.401255 0.021198 
105 4.775632 0.000000 -2.240681 94.230136 0.000000 9.257558 0.103498 
106 6.055585 0.000000 -1.061395 96.008225 0.000000 4.703487 0.076030 
107 4.775632 0.000000 0.117892 101.357145 0.000000 0.121785 -0.027329 
108 2.855702 0.000000 -0.471751 99.943613 0.000000 0.479912 0.001104 
109 2.855702 0.000000 -1.061395 100.109861 0.000000 0.519115 -0.002225 
110 3.495679 0.000000 -0.471751 99.374754 0.000000 0.377216 0.012452 
111 2.855702 0.000000 0.117892 111.158056 0.000000 0.180349 -0.235615 
112 -27.223193 0.000000 9.552183 98.527484 0.000000 17.417136 -0.001102 
113 -37.462817 0.000000 9.552183 98.502974 0.000000 17.397184 -0.000550 
114 -27.223193 0.000000 18.986475 98.540604 0.000000 17.392285 -0.001274 
115 -11.863757 0.000000 4.835038 98.676525 0.000000 17.594313 -0.004662 
116 -16.983569 0.000000 4.835038 98.570416 0.000000 17.495700 -0.002223 
117 -11.863757 0.000000 9.552183 98.718380 0.000000 17.472446 -0.005060 
118 -4.184039 0.000000 2.476465 99.180917 0.000000 18.141538 -0.016597 
119 -6.743945 0.000000 2.476465 98.834377 0.000000 17.857472 -0.008712 
120 -4.184039 0.000000 4.835038 99.372996 0.000000 17.751179 -0.019010 
121 -0.344180 0.000000 1.297178 100.350969 0.000000 21.067644 -0.051416 
122 -1.624133 0.000000 1.297178 99.528715 0.000000 19.328365 -0.027955 
123 -0.344180 0.000000 2.476465 101.365337 0.000000 19.044951 -0.063764 
124 1.575749 0.000000 0.707535 100.672718 0.000000 0.704885 -0.013549 
125 0.935773 0.000000 0.707535 100.639957 0.000000 0.855470 -0.012913 
126 2.215726 0.000000 0.707535 100.442359 0.000000 0.622413 -0.008905 
127 1.575749 0.000000 1.297178 107.861687 0.000000 20.559454 -0.205683 
128 1.895737 0.000000 -0.176930 113.806842 0.000000 0.486561 -0.295223 
129 1.575749 0.000000 -0.176930 114.980809 0.000000 0.211470 -0.322063 
130 1.895737 0.000000 -0.471751 100.498512 0.000000 0.646068 -0.010037 
131 2.215726 0.000000 -0.176930 110.795932 0.000000 0.405847 -0.227590 
132 1.895737 0.000000 0.117892 127.326704 0.000000 0.194515 -0.621213 
133 4.775632 0.000000 1.297178 105.004075 0.000000 7.105606 -0.107635 
134 6.055585 0.000000 1.297178 103.555667 0.000000 4.106093 -0.074064 
135 4.775632 0.000000 2.476465 103.532870 0.000000 11.374917 -0.084844 
136 2.855702 0.000000 0.707535 100.041960 0.000000 0.485097 -0.000863 
137 3.495679 0.000000 0.707535 99.332863 0.000000 0.363240 0.013285 
138 2.855702 0.000000 1.297178 109.384052 0.000000 13.792263 -0.215510 
139 2.535714 0.000000 -0.176930 107.904788 0.000000 0.325034 -0.164355 
140 2.535714 0.000000 -0.471751 100.174110 0.000000 0.522523 -0.003513 
141 2.855702 0.000000 -0.176930 105.478268 0.000000 0.295991 -0.112575 
142 2.535714 0.000000 0.117892 115.296182 0.000000 0.190921 -0.329325 
143 4.135655 0.000000 -0.471751 99.058196 0.000000 0.378609 0.018733 
144 4.135655 0.000000 -1.061395 99.011592 0.000000 0.387369 0.019655 
145 4.775632 0.000000 -0.471751 98.951926 0.000000 0.397755 0.020836 
146 4.135655 0.000000 0.117892 103.881961 0.000000 0.128036 -0.079148 
147 3.175690 0.000000 -0.176930 103.876547 0.000000 0.274792 -0.079041 
148 3.175690 0.000000 -0.471751 99.665920 0.000000 0.415240 0.006653 
149 3.495679 0.000000 -0.176930 103.135715 0.000000 0.241827 -0.063703 
150 3.175690 0.000000 0.117892 108.935922 0.000000 0.141348 -0.186706 
151 4.135655 0.000000 0.707535 99.011299 0.000000 0.387426 0.019661 
152 4.775632 0.000000 0.707535 98.933480 0.000000 0.401283 0.021201 
153 4.135655 0.000000 1.297178 106.304658 0.000000 8.784972 -0.137786 
154 3.815667 0.000000 -0.176930 102.233442 0.000000 0.242780 -0.045174 
155 3.815667 0.000000 -0.471751 99.154863 0.000000 0.369176 0.016818 
156 4.135655 0.000000 -0.176930 101.433916 0.000000 0.251529 -0.028890 
157 3.815667 0.000000 0.117892 105.171555 0.000000 0.128613 -0.106107 
158 34.214550 0.000000 -9.316400 98.612322 0.000000 16.322950 0.000917 
159 34.214550 0.000000 -18.750692 98.495854 0.000000 16.932837 0.001185 
160 44.454174 0.000000 -9.316400 98.602785 0.000000 16.523348 0.000447 
161 34.214550 0.000000 0.117892 99.243623 0.000000 12.913316 -0.001605 
162 18.855114 0.000000 -4.599254 98.824906 0.000000 14.212687 0.003164 
163 18.855114 0.000000 -9.316400 98.506517 0.000000 15.851962 0.004518 
164 23.974926 0.000000 -4.599254 98.838004 0.000000 14.719817 0.001438 
165 18.855114 0.000000 0.117892 99.961727 0.000000 8.427612 -0.006337 
166 11.175396 0.000000 -2.240681 98.933511 0.000000 10.224510 0.010762 
167 11.175396 0.000000 -4.599254 98.386353 0.000000 13.193135 0.014607 
168 13.735302 0.000000 -2.240681 99.163975 0.000000 11.086063 0.004361 
169 11.175396 0.000000 0.117892 101.626943 0.000000 -6.270995 -0.036736 
170 7.335538 0.000000 -1.061395 97.896263 0.000000 5.184428 0.038944 
171 7.335538 0.000000 -2.240681 97.341919 0.000000 8.840323 0.044640 
172 8.615491 0.000000 -1.061395 98.823808 0.000000 6.171597 0.019577 
173 7.335538 0.000000 0.117892 99.468214 0.000000 -0.000000 0.010607 
174 5.415608 0.000000 -0.471751 98.899448 0.000000 0.409601 0.021873 
175 5.415608 0.000000 -1.061395 98.880264 0.000000 0.414617 0.022252 
176 6.055585 0.000000 -0.471751 99.290906 0.000000 0.157225 0.014129 
177 5.415608 0.000000 0.117892 99.700227 0.000000 0.055276 0.005986 
178 4.455643 0.000000 -0.176930 100.669605 0.000000 0.266351 -0.013444 
179 4.455643 0.000000 -0.471751 98.998077 0.000000 0.387119 0.019923 
180 4.775632 0.000000 -0.176930 99.956856 0.000000 0.287135 0.000854 
181 4.455643 0.000000 0.117892 102.653323 0.000000 0.126931 -0.053772 
182 34.214550 0.000000 9.552183 99.259984 0.000000 13.019817 -0.002206 
183 44.454174 0.000000 9.552183 99.357600 0.000000 12.411363 -0.002597 
184 34.214550 0.000000 18.986475 98.713913 0.000000 16.227844 -0.000778 
185 18.855114 0.000000 4.835038 99.415826 0.000000 12.292038 -0.003460 
186 23.974926 0.000000 4.835038 99.982825 0.000000 8.907122 -0.007590 
187 18.855114 0.000000 9.552183 99.125999 0.000000 14.408283 -0.003356 
188 11.175396 0.000000 2.476465 100.260593 0.000000 7.132131 -0.010305 
189 13.735302 0.000000 2.476465 100.760606 0.000000 4.096491 -0.016948 
190 11.175396 0.000000 4.835038 99.729305 0.000000 12.149581 -0.009355 
191 7.335538 0.000000 1.297178 101.943679 0.000000 3.608718 -0.040554 
192 8.615491 0.000000 1.297178 101.345185 0.000000 1.359134 -0.027269 
193 7.335538 0.000000 2.476465 100.870190 0.000000 10.563341 -0.028638 
194 5.415608 0.000000 0.707535 98.880234 0.000000 0.414626 0.022253 
195 6.055585 0.000000 0.707535 103.850654 0.000000 -5.473392 -0.081492 
196 5.415608 0.000000 1.297178 104.200269 0.000000 5.619550 -0.088928 
197 5.095620 0.000000 -0.176930 99.961664 0.000000 0.187150 0.000763 
198 5.095620 0.000000 -0.471751 98.922672 0.000000 0.404038 0.021414 
199 5.415608 0.000000 -0.176930 99.606743 0.000000 0.088749 0.007849 
200 5.095620 0.000000 0.117892 100.144900 0.000000 0.114187 -0.002901 
201 13.735302 0.000000 -28.184983 98.383060 0.000000 17.157593 0.002639 
202 3.495679 0.000000 -28.184983 98.349202 0.000000 17.233788 0.003043 
203 13.735302 0.000000 -37.619275 98.418497 0.000000 17.255198 0.001606 
204 23.974926 0.000000 -28.184983 98.431795 0.000000 17.132209 0.001767 
205 8.615491 0.000000 -14.033546 98.096862 0.000000 16.587978 0.010184 
206 3.495679 0.000000 -14.033546 97.975393 0.000000 16.846765 0.011701 
207 8.615491 0.000000 -18.750692 98.230533 0.000000 16.933946 0.006400 
208 13.735302 0.000000 -14.033546 98.276807 0.000000 16.490152 0.006974 
209 6.055585 0.000000 -6.957827 97.252388 0.000000 15.008382 0.031672 
210 3.495679 0.000000 -6.957827 96.807019 0.000000 15.789619 0.037909 
211 6.055585 0.000000 -9.316400 97.639336 0.000000 15.935051 0.021263 
212 8.615491 0.000000 -6.957827 97.793161 0.000000 14.727497 0.021960 
213 4.775632 0.000000 -3.419968 95.144925 0.000000 12.067818 0.080181 
214 3.495679 0.000000 -3.419968 94.073892 0.000000 13.502433 0.096779 
215 4.775632 0.000000 -4.599254 95.961975 0.000000 13.707358 0.060341 
216 6.055585 0.000000 -3.419968 96.270378 0.000000 11.410790 0.060181 
217 5.415608 0.000000 -1.651038 95.108018 0.000000 6.991890 0.090558 
218 4.775632 0.000000 -1.651038 93.889412 0.000000 7.136868 0.113384 
219 5.415608 0.000000 -2.240681 95.215987 0.000000 8.935697 0.085407 
220 6.055585 0.000000 -1.651038 96.021881 0.000000 6.947976 0.073152 
221 5.095620 0.000000 -0.766573 98.925776 0.000000 0.403248 0.021353 
222 4.775632 0.000000 -0.766573 98.955424 0.000000 0.396975 0.020767 
223 5.095620 0.000000 -1.061395 98.905015 0.000000 0.408096 0.021763 
224 5.415608 0.000000 -0.766573 98.901233 0.000000 0.409118 0.021838 
225 4.935626 0.000000 -0.324341 99.132389 0.000000 0.362190 0.017264 
226 4.775632 0.000000 -0.324341 98.924939 0.000000 0.403003 0.021369 
227 4.935626 0.000000 -0.471751 98.946808 0.000000 0.399012 0.020937 
228 5.095620 0.000000 -0.324341 99.469077 0.000000 0.289559 0.010582 
229 4.935626 0.000000 -0.176930 99.831757 0.000000 0.265705 0.003355 
230 6.695561 0.000000 -0.471751 99.459982 0.000000 -0.000000 0.010771 
231 6.695561 0.000000 -1.061395 97.008697 0.000000 4.797243 0.056630 
232 7.335538 0.000000 -0.471751 98.543588 0.000000 2.626496 0.028226 
233 6.695561 0.000000 0.117892 99.470644 0.000000 -0.000000 0.010559 
234 5.735596 0.000000 -0.176930 99.528325 0.000000 0.074268 0.009411 
235 5.735596 0.000000 -0.471751 99.332288 0.000000 0.176373 0.013307 
236 6.055585 0.000000 -0.176930 99.497493 0.000000 0.047779 0.010025 
237 5.735596 0.000000 0.117892 99.540400 0.000000 0.068234 0.009170 
238 5.255614 0.000000 -0.324341 99.211860 0.000000 0.265116 0.015694 
239 5.255614 0.000000 -0.471751 98.921130 0.000000 0.404445 0.021445 
240 5.415608 0.000000 -0.324341 99.388761 0.000000 0.168412 0.012185 
241 5.255614 0.000000 -0.176930 99.846798 0.000000 0.102293 0.003061 
242 5.095620 0.000000 0.412713 98.925700 0.000000 0.403268 0.021354 
243 4.775632 0.000000 0.412713 98.955299 0.000000 0.397005 0.020769 
244 5.415608 0.000000 0.412713 99.348049 0.000000 0.193379 0.012993 
245 5.095620 0.000000 0.707535 98.904953 0.000000 0.408112 0.021764 
246 4.935626 0.000000 -0.029519 101.094971 0.000000 0.095561 -0.022020 
247 4.775632 0.000000 -0.029519 101.622536 0.000000 0.089474 -0.032715 
248 5.095620 0.000000 -0.029519 100.299414 0.000000 0.074130 -0.005998 
249 4.935626 0.000000 0.117892 100.822254 0.000000 0.120478 -0.016514 
250 5.015623 0.000000 -0.250635 99.226794 0.000000 0.344208 0.015392 
251 4.935626 0.000000 -0.250635 99.034937 0.000000 0.384752 0.019193 
252 5.015623 0.000000 -0.324341 99.442934 0.000000 0.295110 0.011102 
253 5.095620 0.000000 -0.250635 99.835791 0.000000 0.213503 0.003277 
254 5.015623 0.000000 -0.176930 99.922699 0.000000 0.195319 0.001542 
255 4.135655 0.000000 -1.651038 92.277871 0.000000 7.616318 0.142679 
256 3.495679 0.000000 -1.651038 90.363508 0.000000 8.798399 0.175702 
257 4.135655 0.000000 -2.240681 93.068235 0.000000 9.892660 0.124044 
258 4.455643 0.000000 -0.766573 98.995399 0.000000 0.390339 0.019976 
259 4.135655 0.000000 -0.766573 99.052621 0.000000 0.384693 0.018843 
260 4.455643 0.000000 -1.061395 98.967677 0.000000 0.394157 0.020524 
261 4.615637 0.000000 -0.324341 98.972519 0.000000 0.391328 0.020429 
262 4.455643 0.000000 -0.324341 99.011500 0.000000 0.381741 0.019658 
263 4.615637 0.000000 -0.471751 98.983359 0.000000 0.392688 0.020214 
264 4.615637 0.000000 -0.176930 100.341774 0.000000 0.276850 -0.006855 
265 4.855629 0.000000 -0.250635 99.250322 0.000000 0.366127 0.014924 
266 4.775632 0.000000 -0.250635 99.076861 0.000000 0.391073 0.018362 
267 4.855629 0.000000 -0.324341 98.893126 0.000000 0.411983 0.021998 
268 4.855629 0.000000 -0.176930 100.078599 0.000000 0.255741 -0.001579 
269 5.255614 0.000000 -0.029519 99.985531 0.000000 0.061808 0.000289 
270 5.415608 0.000000 -0.029519 99.741579 0.000000 0.043220 0.005162 
271 5.255614 0.000000 0.117892 99.968369 0.000000 0.074214 0.000632 
272 5.015623 0.000000 -0.103224 100.712419 0.000000 0.115578 -0.014300 
273 4.935626 0.000000 -0.103224 100.813993 0.000000 0.121152 -0.016348 
274 5.095620 0.000000 -0.103224 100.155835 0.000000 0.113108 -0.003120 
275 5.015623 0.000000 -0.029519 100.786924 0.000000 0.077122 -0.015801 
276 4.975624 0.000000 -0.213783 99.198382 0.000000 0.350382 0.015956 
277 4.935626 0.000000 -0.213783 99.338874 0.000000 0.346513 0.013167 
278 4.975624 0.000000 -0.250635 98.895486 0.000000 0.415301 0.021951 
279 5.015623 0.000000 -0.213783 99.328690 0.000000 0.322468 0.013371 
280 4.975624 0.000000 -0.176930 100.375291 0.000000 0.171079 -0.007523 
281 -6.743945 0.000000 -28.184983 98.366132 0.000000 17.319968 0.002412 
282 -16.983569 0.000000 -28.184983 98.407115 0.000000 17.365698 0.001447 
283 -6.743945 0.000000 -37.619275 98.411263 0.000000 17.329059 0.001493 
284 -1.624133 0.000000 -14.033546 98.016963 0.000000 17.182277 0.009744 
285 -6.743945 0.000000 -14.033546 98.171549 0.000000 17.375698 0.006043 
286 -1.624133 0.000000 -18.750692 98.208169 0.000000 17.222066 0.005856 
287 0.935773 0.000000 -6.957827 96.912318 0.000000 16.735068 0.032794 
288 -1.624133 0.000000 -6.957827 97.384775 0.000000 17.355306 0.021500 
289 0.935773 0.000000 -9.316400 97.485712 0.000000 16.831866 0.021322 
290 2.215726 0.000000 -3.419968 93.780574 0.000000 15.652688 0.096020 
291 0.935773 0.000000 -3.419968 94.743695 0.000000 17.517078 0.071678 
292 2.215726 0.000000 -4.599254 95.334799 0.000000 15.888103 0.065884 
293 1.575749 0.000000 -1.651038 89.229344 0.000000 18.992375 0.167741 
294 0.935773 0.000000 -1.651038 92.296224 0.000000 21.022313 0.103947 
295 1.575749 0.000000 -2.240681 91.570751 0.000000 17.676369 0.130234 
296 2.215726 0.000000 -1.651038 87.615057 0.000000 14.959180 0.209982 
297 1.895737 0.000000 -0.766573 100.483927 0.000000 0.640243 -0.009743 
298 1.575749 0.000000 -0.766573 100.587418 0.000000 0.674919 -0.011828 
299 1.895737 0.000000 -1.061395 100.569428 0.000000 0.663676 -0.011465 
300 2.215726 0.000000 -0.766573 100.452098 0.000000 0.624953 -0.009101 
301 2.055732 0.000000 -0.324341 100.727758 0.000000 0.662371 -0.014652 
302 1.895737 0.000000 -0.324341 100.757325 0.000000 0.739618 -0.015259 
303 2.055732 0.000000 -0.471751 100.483023 0.000000 0.637672 -0.009724 
304 2.215726 0.000000 -0.324341 100.533410 0.000000 0.584449 -0.010731 
305 2.055732 0.000000 -0.176930 111.735969 0.000000 0.468332 -0.248515 
306 0.295796 0.000000 -0.471751 96.633957 0.000000 25.625145 0.000523 
307 -0.344180 0.000000 -0.471751 100.728058 0.000000 20.854371 -0.058105 
308 0.295796 0.000000 -1.061395 95.652953 0.000000 23.459306 0.030017 
309 0.295796 0.000000 0.117892 105.058489 0.000000 -0.000000 -0.103729 
310 1.255761 0.000000 -0.176930 105.330512 0.000000 0.196690 -0.109456 
311 0.935773 0.000000 -0.176930 102.898125 0.000000 0.141484 -0.058804 
312 1.255761 0.000000 -0.471751 100.679557 0.000000 0.712901 -0.013688 
313 1.255761 0.000000 0.117892 106.007654 0.000000 0.133362 -0.123764 
314 1.735743 0.000000 -0.324341 100.594989 0.000000 0.678430 -0.011981 
315 1.575749 0.000000 -0.324341 100.597757 0.000000 0.681273 -0.012037 
316 1.735743 0.000000 -0.471751 100.592271 0.000000 0.676843 -0.011926 
317 1.735743 0.000000 -0.176930 119.699043 0.000000 0.271310 -0.432793 
318 1.895737 0.000000 0.412713 100.576656 0.000000 0.667148 -0.011611 
319 1.575749 0.000000 0.412713 100.675995 0.000000 0.708077 -0.013616 
320 2.215726 0.000000 0.412713 100.450989 0.000000 0.624577 -0.009079 
321 1.895737 0.000000 0.707535 100.568678 0.000000 0.663280 -0.011450 
322 2.055732 0.000000 -0.029519 129.310481 0.000000 0.150552 -0.672122 
323 1.895737 0.000000 -0.029519 129.737649 0.000000 0.153686 -0.683188 
324 2.215726 0.000000 -0.029519 124.415882 0.000000 0.157266 -0.547934 
325 2.055732 0.000000 0.117892 126.773189 0.000000 0.194771 -0.607148 
326 1.975734 0.000000 -0.250635 101.124819 0.000000 0.723053 -0.022675 
327 1.895737 0.000000 -0.250635 102.712175 0.000000 0.737598 -0.055034 
328 1.975734 0.000000 -0.324341 100.752573 0.000000 0.679091 -0.015154 
329 2.055732 0.000000 -0.250635 104.230660 0.000000 0.600596 -0.086439 
330 1.975734 0.000000 -0.176930 114.314095 0.000000 0.435456 -0.306790 
331 1.735743 0.000000 -0.029519 126.892364 0.000000 0.136091 -0.610169 
332 1.575749 0.000000 -0.029519 118.619439 0.000000 0.139038 -0.407059 
333 1.735743 0.000000 0.117892 123.023452 0.000000 0.183148 -0.513480 
334 1.815740 0.000000 -0.250635 100.915447 0.000000 0.845025 -0.018464 
335 1.735743 0.000000 -0.250635 113.495814 0.000000 0.454807 -0.288151 
336 1.815740 0.000000 -0.324341 100.508444 0.000000 0.651262 -0.010237 
337 1.815740 0.000000 -0.176930 120.267759 0.000000 0.321501 -0.446444 
338 9.895444 0.000000 -1.061395 99.194216 0.000000 6.888041 0.011306 
339 9.895444 0.000000 -2.240681 98.656970 0.000000 9.737839 0.017198 
340 11.175396 0.000000 -1.061395 99.432728 0.000000 7.568153 0.005586 
341 9.895444 0.000000 0.117892 99.464067 0.000000 -11.314531 -0.002112 
342 7.975514 0.000000 -0.471751 99.014232 0.000000 3.372068 0.018481 
343 7.975514 0.000000 -1.061395 98.470218 0.000000 5.693009 0.027121 
344 8.615491 0.000000 -0.471751 99.230683 0.000000 3.866490 0.013832 
345 7.975514 0.000000 0.117892 99.136165 0.000000 -9.050652 0.009011 
346 6.695561 0.000000 0.707535 102.382056 0.000000 -2.812848 -0.049000 
347 7.335538 0.000000 0.707535 101.147397 0.000000 -0.385419 -0.023094 
348 6.695561 0.000000 1.297178 102.720829 0.000000 3.389634 -0.056306 
349 7.015549 0.000000 -0.176930 99.466689 0.000000 -0.000000 0.010638 
350 6.695561 0.000000 -0.176930 99.470781 0.000000 -0.000000 0.010556 
351 7.015549 0.000000 -0.471751 99.466657 0.000000 -0.000000 0.010638 
352 7.335538 0.000000 -0.176930 99.467348 0.000000 -0.000000 0.010625 
353 7.015549 0.000000 0.117892 99.466720 0.000000 -0.000000 0.010637 
354 6.375573 0.000000 -0.176930 99.496461 0.000000 0.000000 0.010045 
355 6.375573 0.000000 -0.471751 99.480526 0.000000 0.000000 0.010363 
356 6.375573 0.000000 0.117892 99.494605 0.000000 0.000000 0.010082 
357 9.895444 0.000000 1.297178 100.297060 0.000000 7.688738 -0.011862 
358 11.175396 0.000000 1.297178 99.461345 0.000000 10.182720 0.000375 
359 9.895444 0.000000 2.476465 100.051528 0.000000 9.056717 -0.009233 
360 7.975514 0.000000 0.707535 100.515858 0.000000 1.240973 -0.010498 
361 8.615491 0.000000 0.707535 100.199549 0.000000 2.271451 -0.004511 
362 7.975514 0.000000 1.297178 101.490686 0.000000 2.766010 -0.030801 
363 7.015549 0.000000 0.412713 99.467746 0.000000 -0.000000 0.010617 
364 6.695561 0.000000 0.412713 99.465612 0.000000 0.000000 0.010659 
365 7.335538 0.000000 0.412713 100.067033 0.000000 -10.136789 -0.011617 
366 7.015549 0.000000 0.707535 101.704550 0.000000 -1.505073 -0.034608 
367 6.855555 0.000000 -0.029519 99.470170 0.000000 0.000000 0.010569 
368 6.695561 0.000000 -0.029519 99.464465 0.000000 -0.000000 0.010682 
369 6.855555 0.000000 -0.176930 99.467716 0.000000 -0.000000 0.010617 
370 7.015549 0.000000 -0.029519 99.466749 0.000000 -0.000000 0.010637 
371 6.855555 0.000000 0.117892 99.467680 0.000000 -0.000000 0.010618 
372 7.655526 0.000000 -0.176930 99.168508 0.000000 0.876169 0.016484 
373 7.655526 0.000000 -0.471751 98.835157 0.000000 3.046720 0.022233 
374 7.975514 0.000000 -0.176930 99.255695 0.000000 1.079289 0.014714 
375 7.655526 0.000000 0.117892 99.188273 0.000000 -8.540369 0.008875 
376 7.175543 0.000000 -0.029519 99.466795 0.000000 -0.000000 0.010636 
377 7.175543 0.000000 -0.176930 99.467730 0.000000 -0.000000 0.010617 
378 7.335538 0.000000 -0.029519 99.468206 0.000000 -0.000000 0.010608 
379 7.175543 0.000000 0.117892 99.467727 0.000000 -0.000000 0.010617 
380 6.375573 0.000000 0.412713 99.483688 0.000000 0.000000 0.010300 
381 6.055585 0.000000 0.412713 99.448281 0.000000 0.064603 0.011004 
382 6.375573 0.000000 0.707535 103.127382 0.000000 -4.191254 -0.065282 
383 6.855555 0.000000 0.265303 99.466488 0.000000 -0.000000 0.010642 
384 6.695561 0.000000 0.265303 99.467945 0.000000 -0.000000 0.010613 
385 7.015549 0.000000 0.265303 99.466670 0.000000 -0.000000 0.010638 
386 6.855555 0.000000 0.412713 99.466480 0.000000 -0.000000 0.010642 
387 6.935552 0.000000 0.044186 99.467950 0.000000 -0.000000 0.010613 
388 6.855555 0.000000 0.044186 99.470024 0.000000 0.000000 0.010571 
389 6.935552 0.000000 -0.029519 99.468139 0.000000 -0.000000 0.010609 
390 7.015549 0.000000 0.044186 99.466747 0.000000 -0.000000 0.010637 
391 6.935552 0.000000 0.117892 99.466650 0.000000 -0.000000 0.010639 
392 7.335538 0.000000 -3.419968 97.219430 0.000000 11.277958 0.042119 
393 7.335538 0.000000 -4.599254 97.239189 0.000000 12.895090 0.037826 
394 8.615491 0.000000 -3.419968 97.869827 0.000000 11.388322 0.029180 
395 6.695561 0.000000 -1.651038 96.822450 0.000000 6.991046 0.057654 
396 6.695561 0.000000 -2.240681 96.742339 0.000000 8.744517 0.056445 
397 7.335538 0.000000 -1.651038 97.528105 0.000000 7.189541 0.043658 
398 7.015549 0.000000 -0.766573 97.719027 0.000000 3.685397 0.043741 
399 6.695561 0.000000 -0.766573 97.156749 0.000000 3.453170 0.054864 
400 7.015549 0.000000 -1.061395 97.486430 0.000000 4.952432 0.047187 
401 7.335538 0.000000 -0.766573 98.172854 0.000000 4.013794 0.034598 
402 6.855555 0.000000 -0.324341 99.466477 0.000000 -0.000000 0.010642 
403 6.695561 0.000000 -0.324341 99.467987 0.000000 -0.000000 0.010612 
404 6.855555 0.000000 -0.471751 99.468241 0.000000 0.000000 0.010607 
405 7.015549 0.000000 -0.324341 99.466637 0.000000 -0.000000 0.010639 
406 6.935552 0.000000 -0.103224 99.466656 0.000000 -0.000000 0.010638 
407 6.855555 0.000000 -0.103224 99.467672 0.000000 -0.000000 0.010618 
408 6.935552 0.000000 -0.176930 99.466621 0.000000 -0.000000 0.010639 
409 7.015549 0.000000 -0.103224 99.466727 0.000000 -0.000000 0.010637 
410 7.655526 0.000000 0.412713 99.834112 0.000000 -8.505692 -0.003920 
411 7.975514 0.000000 0.412713 99.700028 0.000000 -7.128819 0.000908 
412 7.655526 0.000000 0.707535 100.767841 0.000000 0.521189 -0.015443 
413 7.175543 0.000000 0.265303 99.467734 0.000000 -0.000000 0.010617 
414 7.335538 0.000000 0.265303 99.467355 0.000000 -0.000000 0.010625 
415 7.175543 0.000000 0.412713 99.467374 0.000000 -0.000000 0.010624 
416 7.095546 0.000000 0.044186 99.466803 0.000000 -0.000000 0.010636 
417 7.095546 0.000000 -0.029519 99.466805 0.000000 -0.000000 0.010635 
418 7.175543 0.000000 0.044186 99.466794 0.000000 -0.000000 0.010636 
419 7.095546 0.000000 0.117892 99.466781 0.000000 -0.000000 0.010636 
420 6.975551 0.000000 0.007334 99.466800 0.000000 -0.000000 0.010636 
421 6.935552 0.000000 0.007334 99.468235 0.000000 -0.000000 0.010607 
422 6.975551 0.000000 -0.029519 99.467522 0.000000 -0.000000 0.010621 
423 7.015549 0.000000 0.007334 99.466751 0.000000 -0.000000 0.010637 
424 6.975551 0.000000 0.044186 99.466720 0.000000 -0.000000 0.010637 
425 6.535567 0.000000 -0.029519 99.472039 0.000000 -0.000000 0.010531 
426 6.375573 0.000000 -0.029519 99.488897 0.000000 0.000000 0.010196 
427 6.535567 0.000000 -0.176930 99.479481 0.000000 0.000000 0.010383 
428 6.535567 0.000000 0.117892 99.476219 0.000000 -0.000000 0.010448 
429 6.775558 0.000000 0.044186 99.465743 0.000000 0.000000 0.010657 
430 6.695561 0.000000 0.044186 99.464847 0.000000 -0.000000 0.010674 
431 6.775558 0.000000 -0.029519 99.465392 0.000000 0.000000 0.010664 
432 6.775558 0.000000 0.117892 99.467703 0.000000 -0.000000 0.010618 
433 6.895554 0.000000 0.007334 99.469591 0.000000 0.000000 0.010580 
434 6.855555 0.000000 0.007334 99.470608 0.000000 0.000000 0.010560 
435 6.895554 0.000000 -0.029519 99.469577 0.000000 0.000000 0.010580 
436 6.895554 0.000000 0.044186 99.469511 0.000000 0.000000 0.010582 
437 6.535567 0.000000 0.265303 99.474149 0.000000 0.000000 0.010489 
438 6.375573 0.000000 0.265303 99.489353 0.000000 0.000000 0.010187 
439 6.535567 0.000000 0.412713 99.469044 0.000000 0.000000 0.010591 
440 6.615564 0.000000 0.044186 99.467500 0.000000 -0.000000 0.010622 
441 6.535567 0.000000 0.044186 99.472222 0.000000 -0.000000 0.010528 
442 6.615564 0.000000 -0.029519 99.466698 0.000000 -0.000000 0.010638 
443 6.615564 0.000000 0.117892 99.468992 0.000000 -0.000000 0.010592 
444 6.215579 0.000000 -0.029519 99.510629 0.000000 0.006708 0.009763 
445 6.055585 0.000000 -0.029519 99.533004 0.000000 0.018922 0.009318 
446 6.215579 0.000000 -0.176930 99.496839 0.000000 0.018939 0.010038 
447 6.215579 0.000000 0.117892 99.501506 0.000000 0.009523 0.009945 
448 5.735596 0.000000 0.412713 99.513347 0.000000 0.087505 0.009709 
449 5.735596 0.000000 0.707535 98.838389 0.000000 0.426283 0.023079 
450 5.895590 0.000000 -0.029519 99.566800 0.000000 0.023026 0.008645 
451 5.735596 0.000000 -0.029519 99.601724 0.000000 0.025538 0.007950 
452 5.895590 0.000000 -0.176930 99.536698 0.000000 0.056023 0.009244 
453 5.895590 0.000000 0.117892 99.557035 0.000000 0.038975 0.008840 
454 5.575602 0.000000 -0.029519 99.717167 0.000000 0.025836 0.005649 
455 5.575602 0.000000 -0.176930 99.499147 0.000000 0.100759 0.009991 
456 5.575602 0.000000 0.117892 99.685283 0.000000 0.049159 0.006284 
457 5.575602 0.000000 0.265303 99.505367 0.000000 0.095615 0.009867 
458 5.415608 0.000000 0.265303 99.520095 0.000000 0.121391 0.009574 
459 5.735596 0.000000 0.265303 99.519682 0.000000 0.078363 0.009583 
460 5.575602 0.000000 0.412713 99.442551 0.000000 0.139774 0.011116 
461 5.655599 0.000000 0.044186 99.657572 0.000000 0.025397 0.006837 
462 5.575602 0.000000 0.044186 99.713631 0.000000 0.029699 0.005719 
463 5.655599 0.000000 -0.029519 99.661970 0.000000 0.021930 0.006749 
464 5.735596 0.000000 0.044186 99.592885 0.000000 0.035147 0.008126 
465 5.655599 0.000000 0.117892 99.538663 0.000000 0.072081 0.009205 
466 5.495605 0.000000 0.044186 99.720925 0.000000 0.041664 0.005574 
467 5.415608 0.000000 0.044186 99.735895 0.000000 0.044668 0.005275 
468 5.495605 0.000000 -0.029519 99.723502 0.000000 0.040991 0.005522 
469 5.495605 0.000000 0.117892 99.695534 0.000000 0.049491 0.006080 
470 5.735596 0.000000 -0.766573 98.857600 0.000000 0.420879 0.022700 
471 5.735596 0.000000 -1.061395 98.838394 0.000000 0.426281 0.023079 
472 6.055585 0.000000 -0.766573 98.822208 0.000000 0.430743 0.023399 
473 5.575602 0.000000 -0.324341 99.451842 0.000000 0.130364 0.010931 
474 5.575602 0.000000 -0.471751 99.338413 0.000000 0.197698 0.013184 
475 5.735596 0.000000 -0.324341 99.496572 0.000000 0.097194 0.010042 
476 5.495605 0.000000 -0.103224 99.697918 0.000000 0.049166 0.006032 
477 5.415608 0.000000 -0.103224 99.703122 0.000000 0.054868 0.005928 
478 5.495605 0.000000 -0.176930 99.605318 0.000000 0.085052 0.007877 
479 5.575602 0.000000 -0.103224 99.686717 0.000000 0.049051 0.006256 
480 5.535604 0.000000 0.007334 99.750123 0.000000 0.010315 0.004991 
481 5.495605 0.000000 0.007334 99.766721 0.000000 0.017969 0.004660 
482 5.535604 0.000000 -0.029519 99.735552 0.000000 0.020822 0.005282 
483 5.575602 0.000000 0.007334 99.722669 0.000000 0.013138 0.005539 
484 5.535604 0.000000 0.044186 99.715384 0.000000 0.041533 0.005684 
485 16.295208 0.000000 2.476465 100.699301 0.000000 4.583112 -0.016135 
486 16.295208 0.000000 0.117892 100.181167 0.000000 6.852252 -0.008322 
487 18.855114 0.000000 2.476465 101.070086 0.000000 2.534036 -0.022158 
488 16.295208 0.000000 4.835038 99.471295 0.000000 12.145754 -0.004206 
489 12.455349 0.000000 1.297178 100.375279 0.000000 4.786117 -0.009810 
490 12.455349 0.000000 0.117892 100.749385 0.000000 0.922626 -0.015129 
491 13.735302 0.000000 1.297178 100.624352 0.000000 4.010528 -0.014134 
492 12.455349 0.000000 2.476465 100.398252 0.000000 6.102951 -0.011705 
493 9.255467 0.000000 -0.471751 99.370411 0.000000 4.215009 0.010776 
494 9.255467 0.000000 -1.061395 99.037834 0.000000 6.526210 0.014892 
495 9.895444 0.000000 -0.471751 99.480803 0.000000 4.477820 0.008352 
496 9.255467 0.000000 0.117892 99.356722 0.000000 -11.070104 0.000569 
497 16.295208 0.000000 -2.240681 99.216028 0.000000 11.805052 0.001682 
498 16.295208 0.000000 -4.599254 98.787423 0.000000 13.935818 0.004684 
499 18.855114 0.000000 -2.240681 99.199942 0.000000 12.403193 0.000553 
500 12.455349 0.000000 -1.061395 99.559796 0.000000 8.242811 0.001990 
501 12.455349 0.000000 -2.240681 99.081661 0.000000 10.673879 0.006889 
502 13.735302 0.000000 -1.061395 99.609053 0.000000 8.884623 -0.000090 
503 11.815373 0.000000 -0.471751 99.873695 0.000000 5.845013 -0.000892 
504 11.175396 0.000000 -0.471751 99.802939 0.000000 5.265252 0.001165 
505 11.815373 0.000000 -1.061395 99.508501 0.000000 7.910149 0.003549 
506 12.455349 0.000000 -0.471751 99.912026 0.000000 6.340625 -0.002262 
507 11.815373 0.000000 0.117892 101.033216 0.000000 -1.658254 -0.021046 
508 -27.223193 0.000000 -28.184983 98.438464 0.000000 17.379062 0.000784 
509 -37.462817 0.000000 -28.184983 98.456501 0.000000 17.380189 0.000425 
510 -27.223193 0.000000 -37.619275 98.444650 0.000000 17.368416 0.000699 
511 34.214550 0.000000 -28.184983 98.465116 0.000000 17.139664 0.001085 
512 34.214550 0.000000 -37.619275 98.458762 0.000000 17.232274 0.000892 
513 44.454174 0.000000 -28.184983 98.482942 0.000000 17.157497 0.000673 
514 -11.863757 0.000000 -14.033546 98.310535 0.000000 17.421993 0.003151 
515 -16.983569 0.000000 -14.033546 98.382533 0.000000 17.426671 0.001719 
516 -11.863757 0.000000 -18.750692 98.335715 0.000000 17.378819 0.002806 
517 18.855114 0.000000 -14.033546 98.407725 0.000000 16.510306 0.004333 
518 18.855114 0.000000 -18.750692 98.395328 0.000000 16.858215 0.003416 
519 23.974926 0.000000 -14.033546 98.486347 0.000000 16.589695 0.002522 
520 -4.184039 0.000000 -6.957827 97.819554 0.000000 17.563078 0.012287 
521 -6.743945 0.000000 -6.957827 98.085508 0.000000 17.596280 0.006960 
522 -4.184039 0.000000 -9.316400 97.906984 0.000000 17.399738 0.011147 
523 11.175396 0.000000 -6.957827 98.191495 0.000000 14.755649 0.014070 
524 11.175396 0.000000 -9.316400 98.153293 0.000000 15.653949 0.012089 
525 13.735302 0.000000 -6.957827 98.429613 0.000000 14.903658 0.008949 
526 -0.344180 0.000000 -3.419968 96.092201 0.000000 18.300530 0.043138 
527 -1.624133 0.000000 -3.419968 97.056800 0.000000 18.343866 0.024348 
528 -0.344180 0.000000 -4.599254 96.465634 0.000000 17.606848 0.038438 
529 2.855702 0.000000 -1.651038 88.470104 0.000000 11.145494 0.204882 
530 2.855702 0.000000 -2.240681 90.883899 0.000000 12.918862 0.157322 
531 0.295796 0.000000 -1.651038 94.916423 0.000000 21.206965 0.054114 
532 -0.344180 0.000000 -1.651038 96.542144 0.000000 20.539776 0.025773 
533 0.295796 0.000000 -2.240681 94.859322 0.000000 19.675574 0.061458 
534 1.255761 0.000000 -0.766573 100.743449 0.000000 0.748387 -0.014980 
535 0.935773 0.000000 -0.766573 100.768691 0.000000 0.786931 -0.015495 
536 1.255761 0.000000 -1.061395 100.769626 0.000000 0.786133 -0.015514 
537 2.535714 0.000000 -0.766573 100.304508 0.000000 0.582425 -0.006133 
538 2.535714 0.000000 -1.061395 100.302765 0.000000 0.583738 -0.006099 
539 2.855702 0.000000 -0.766573 100.146631 0.000000 0.543921 -0.002964 
540 3.175690 0.000000 -0.766573 99.720522 0.000000 0.423807 0.005564 
541 3.175690 0.000000 -1.061395 99.675311 0.000000 0.402946 0.006467 
542 3.495679 0.000000 -0.766573 99.391044 0.000000 0.376209 0.012128 
543 0.295796 0.000000 0.707535 101.793620 0.000000 23.201784 -0.090026 
544 -0.344180 0.000000 0.707535 98.515740 0.000000 21.702334 -0.017634 
545 0.295796 0.000000 1.297178 102.109666 0.000000 22.266082 -0.092216 
546 1.255761 0.000000 0.412713 100.743449 0.000000 0.748237 -0.014980 
547 0.935773 0.000000 0.412713 100.768748 0.000000 0.786882 -0.015496 
548 1.255761 0.000000 0.707535 100.769699 0.000000 0.786069 -0.015515 
549 2.535714 0.000000 0.412713 100.303576 0.000000 0.582232 -0.006115 
550 2.855702 0.000000 0.412713 100.146116 0.000000 0.543891 -0.002954 
551 2.535714 0.000000 0.707535 100.301716 0.000000 0.583481 -0.006077 
552 3.175690 0.000000 0.412713 99.719846 0.000000 0.423770 0.005577 
553 3.495679 0.000000 0.412713 99.390557 0.000000 0.376215 0.012138 
554 3.175690 0.000000 0.707535 99.674602 0.000000 0.402887 0.006481 
555 3.815667 0.000000 -0.766573 99.136086 0.000000 0.382614 0.017189 
556 3.815667 0.000000 -1.061395 99.154785 0.000000 0.367298 0.016819 
557 3.815667 0.000000 0.412713 99.135596 0.000000 0.382669 0.017199 
558 4.135655 0.000000 0.412713 99.052314 0.000000 0.384744 0.018849 
559 3.815667 0.000000 0.707535 99.154437 0.000000 0.367333 0.016826 
560 4.455643 0.000000 0.412713 98.995203 0.000000 0.390381 0.019980 
561 4.455643 0.000000 0.707535 98.967494 0.000000 0.394200 0.020528 
562 16.295208 0.000000 -6.957827 98.563987 0.000000 15.085769 0.005756 
563 16.295208 0.000000 -9.316400 98.427306 0.000000 15.749567 0.006402 
564 18.855114 0.000000 -6.957827 98.620993 0.000000 15.229457 0.004196 
565 9.895444 0.000000 -3.419968 98.311884 0.000000 11.643231 0.019921 
566 9.895444 0.000000 -4.599254 98.137290 0.000000 13.008646 0.019985 
567 11.175396 0.000000 -3.419968 98.595633 0.000000 11.960689 0.013584 
568 12.455349 0.000000 -3.419968 98.765039 0.000000 12.266506 0.009500 
569 12.455349 0.000000 -4.599254 98.552952 0.000000 13.384322 0.010818 
570 13.735302 0.000000 -3.419968 98.867890 0.000000 12.545799 0.006774 
571 7.975514 0.000000 -1.651038 98.084733 0.000000 7.509847 0.032299 
572 7.975514 0.000000 -2.240681 97.826715 0.000000 9.030041 0.034839 
573 8.615491 0.000000 -1.651038 98.462697 0.000000 7.859487 0.024333 
574 4.615637 0.000000 -0.029519 102.588594 0.000000 0.100845 -0.052443 
575 4.455643 0.000000 -0.029519 102.644362 0.000000 0.131368 -0.053588 
576 4.615637 0.000000 0.117892 102.186160 0.000000 0.128137 -0.044203 
577 6.375573 0.000000 -0.766573 96.545648 0.000000 3.326199 0.066787 
578 6.375573 0.000000 -1.061395 96.497504 0.000000 4.707819 0.066607 
579 5.895590 0.000000 -0.324341 99.520387 0.000000 0.072578 0.009569 
580 5.895590 0.000000 -0.471751 99.262283 0.000000 0.191007 0.014696 
581 6.055585 0.000000 -0.324341 99.453843 0.000000 0.071524 0.010893 
582 5.255614 0.000000 0.265303 99.612247 0.000000 0.171943 0.007737 
583 5.095620 0.000000 0.265303 99.869409 0.000000 0.206430 0.002606 
584 5.255614 0.000000 0.412713 98.901909 0.000000 0.408934 0.021825 
585 4.855629 0.000000 -0.103224 101.174211 0.000000 0.111437 -0.023623 
586 4.775632 0.000000 -0.103224 101.370120 0.000000 0.121742 -0.027592 
587 4.855629 0.000000 -0.029519 101.294326 0.000000 0.097505 -0.026055 
588 9.255467 0.000000 -1.651038 98.717592 0.000000 8.149365 0.018842 
589 9.255467 0.000000 -2.240681 98.456904 0.000000 9.485510 0.021626 
590 9.895444 0.000000 -1.651038 98.903890 0.000000 8.466256 0.014634 
591 10.535420 0.000000 -0.471751 99.636865 0.000000 4.777915 0.004967 
592 10.535420 0.000000 -1.061395 99.321952 0.000000 7.217683 0.008305 
593 10.535420 0.000000 0.117892 100.102484 0.000000 -11.357170 -0.014949 
594 7.655526 0.000000 -0.766573 98.495531 0.000000 4.338384 0.027981 
595 7.655526 0.000000 -1.061395 98.215826 0.000000 5.429226 0.032418 
596 7.975514 0.000000 -0.766573 98.728435 0.000000 4.650747 0.023107 
597 7.175543 0.000000 -0.324341 99.468270 0.000000 -0.000000 0.010606 
598 7.175543 0.000000 -0.471751 98.329041 0.000000 2.392070 0.032568 
599 7.335538 0.000000 -0.324341 99.466144 0.000000 -0.000000 0.010649 
600 6.215579 0.000000 -0.324341 99.471704 0.000000 0.031266 0.010538 
601 6.215579 0.000000 -0.471751 99.317893 0.000000 0.116355 0.013594 
602 6.375573 0.000000 -0.324341 99.489330 0.000000 0.000000 0.010187 
603 6.535567 0.000000 -0.324341 99.474198 0.000000 0.000000 0.010488 
604 6.535567 0.000000 -0.471751 99.466368 0.000000 -0.000000 0.010644 
605 9.255467 0.000000 0.707535 99.840554 0.000000 2.720548 0.002446 
606 9.895444 0.000000 0.707535 99.747462 0.000000 2.755802 0.004285 
607 9.255467 0.000000 1.297178 100.899664 0.000000 3.907707 -0.019601 
608 10.535420 0.000000 0.707535 99.774620 0.000000 2.530931 0.003862 
609 11.175396 0.000000 0.707535 100.383978 0.000000 2.951942 -0.008566 
610 10.535420 0.000000 1.297178 99.774586 0.000000 9.925691 -0.005349 
611 6.775558 0.000000 -0.103224 99.467692 0.000000 -0.000000 0.010618 
612 6.695561 0.000000 -0.103224 99.468606 0.000000 -0.000000 0.010600 
613 6.775558 0.000000 -0.176930 99.467754 0.000000 -0.000000 0.010617 
614 7.095546 0.000000 -0.103224 99.466787 0.000000 -0.000000 0.010636 
615 7.095546 0.000000 -0.176930 99.466753 0.000000 -0.000000 0.010637 
616 7.175543 0.000000 -0.103224 99.467726 0.000000 -0.000000 0.010617 
617 6.215579 0.000000 0.265303 99.528533 0.000000 0.000000 0.009407 
618 6.055585 0.000000 0.265303 99.517933 0.000000 0.036098 0.009618 
619 6.215579 0.000000 0.412713 99.506933 0.000000 0.000000 0.009837 
620 6.615564 0.000000 -0.103224 99.468763 0.000000 -0.000000 0.010597 
621 6.535567 0.000000 -0.103224 99.476045 0.000000 -0.000000 0.010452 
622 6.615564 0.000000 -0.176930 99.471464 0.000000 -0.000000 0.010543 
623 5.895590 0.000000 0.265303 99.531755 0.000000 0.058980 0.009343 
624 5.895590 0.000000 0.412713 99.477501 0.000000 0.078596 0.010422 
625 5.655599 0.000000 -0.103224 99.537020 0.000000 0.073045 0.009238 
626 5.655599 0.000000 -0.176930 99.524119 0.000000 0.085198 0.009494 
627 5.735596 0.000000 -0.103224 99.569313 0.000000 0.049687 0.008595 
628 11.815373 0.000000 0.707535 100.665473 0.000000 1.518488 -0.013584 
629 12.455349 0.000000 0.707535 101.609050 0.000000 -3.305108 -0.033532 
630 11.815373 0.000000 1.297178 100.423901 0.000000 4.272658 -0.010322 
631 4.935626 0.000000 0.265303 99.523245 0.000000 0.278166 0.009505 
632 4.775632 0.000000 0.265303 100.216738 0.000000 0.275762 -0.004347 
633 4.935626 0.000000 0.412713 98.928236 0.000000 0.402610 0.021304 
634 10.535420 0.000000 -1.651038 99.043630 0.000000 8.758230 0.011365 
635 10.535420 0.000000 -2.240681 98.808920 0.000000 9.969086 0.013741 
636 11.175396 0.000000 -1.651038 99.159071 0.000000 9.054920 0.008549 
637 11.815373 0.000000 -1.651038 99.237420 0.000000 9.330924 0.006487 
638 11.815373 0.000000 -2.240681 99.015790 0.000000 10.447219 0.008673 
639 12.455349 0.000000 -1.651038 99.294956 0.000000 9.601037 0.004833 
640 4.615637 0.000000 0.265303 100.131087 0.000000 0.282589 -0.002631 
641 4.455643 0.000000 0.265303 100.708610 0.000000 0.279097 -0.014230 
642 4.615637 0.000000 0.412713 98.960737 0.000000 0.395710 0.020662 
1 19 21 9 22 
2 20 19 22 4 
3 28 29 3 30 
4 21 28 30 9 
5 35 37 21 38 
6 36 35 38 19 
7 44 45 28 46 
8 37 44 46 21 
9 51 53 37 54 
10 52 51 54 35 
11 60 61 44 62 
12 53 60 62 37 
13 67 69 53 70 
14 68 67 70 51 
15 11 78 76 77 
16 78 10 24 76 
17 76 24 14 79 
18 77 76 79 6 
19 24 82 80 81 
20 82 23 40 80 
21 80 40 27 83 
22 81 80 83 14 
23 40 86 84 85 
24 86 39 56 84 
25 84 56 43 87 
26 85 84 87 27 
27 56 90 88 89 
28 89 88 91 43 
29 92 93 60 94 
30 69 92 94 53 
31 95 97 69 98 
32 96 95 98 67 
33 6 79 112 113 
34 79 14 36 112 
35 112 36 19 114 
36 113 112 114 20 
37 14 83 115 116 
38 83 27 52 115 
39 115 52 35 117 
40 116 115 117 36 
41 27 87 118 119 
42 87 43 68 118 
43 118 68 51 120 
44 119 118 120 52 
45 43 91 121 122 
46 121 96 67 123 
47 122 121 123 68 
48 124 126 95 127 
49 125 124 127 96 
50 133 134 92 135 
51 97 133 135 69 
52 136 137 97 138 
53 126 136 138 95 
54 102 140 139 131 
55 140 108 141 139 
56 139 141 111 142 
57 131 139 142 75 
58 108 148 147 141 
59 148 110 149 147 
60 147 149 5 150 
61 141 147 150 111 
62 151 152 133 153 
63 137 151 153 97 
64 110 155 154 149 
65 155 143 156 154 
66 154 156 146 157 
67 149 154 157 5 
68 15 159 158 33 
69 159 17 160 158 
70 158 160 8 161 
71 33 158 161 18 
72 163 33 164 162 
73 162 164 18 165 
74 143 179 178 156 
75 156 178 181 146 
76 18 161 182 45 
77 161 8 183 182 
78 182 183 29 184 
79 45 182 184 28 
80 165 18 186 185 
81 185 186 45 187 
82 61 185 187 44 
83 188 189 61 190 
84 93 188 190 60 
85 191 192 93 193 
86 134 191 193 92 
87 194 195 134 196 
88 152 194 196 133 
89 7 203 201 202 
90 203 16 204 201 
91 201 204 15 32 
92 202 201 32 13 
93 13 207 205 206 
94 207 32 208 205 
95 205 208 31 48 
96 206 205 48 26 
97 26 211 209 210 
98 211 48 212 209 
99 209 212 47 64 
100 210 209 64 42 
101 42 215 213 214 
102 215 64 216 213 
103 213 216 63 105 
104 214 213 105 58 
105 105 219 217 218 
106 219 63 220 217 
107 217 220 106 175 
108 218 217 175 104 
109 104 223 221 222 
110 223 175 224 221 
111 221 224 174 198 
112 222 221 198 145 
113 145 227 225 226 
114 227 198 228 225 
115 198 239 238 228 
116 239 174 240 238 
117 238 240 199 241 
118 228 238 241 197 
119 242 244 194 245 
120 243 242 245 152 
121 246 248 200 249 
122 247 246 249 107 
123 225 252 250 251 
124 252 228 253 250 
125 250 253 197 254 
126 58 257 255 256 
127 257 105 218 255 
128 255 218 104 144 
129 256 255 144 74 
130 144 260 258 259 
131 260 104 222 258 
132 258 222 145 179 
133 259 258 179 143 
134 179 263 261 262 
135 263 145 226 261 
136 261 226 180 264 
137 262 261 264 178 
138 226 267 265 266 
139 267 225 251 265 
140 265 251 229 268 
141 266 265 268 180 
142 197 241 269 248 
143 241 199 270 269 
144 269 270 177 271 
145 248 269 271 200 
146 229 254 272 273 
147 254 197 274 272 
148 272 274 248 275 
149 273 272 275 246 
150 251 278 276 277 
151 278 250 279 276 
152 276 279 254 280 
153 277 276 280 229 
154 12 283 281 282 
155 283 7 202 281 
156 281 202 13 25 
157 282 281 25 10 
158 25 286 284 285 
159 286 13 206 284 
160 284 206 26 41 
161 285 284 41 23 
162 41 289 287 288 
163 289 26 210 287 
164 287 210 42 57 
165 288 287 57 39 
166 57 292 290 291 
167 292 42 214 290 
168 290 214 58 73 
169 291 290 73 55 
170 55 295 293 294 
171 295 73 296 293 
172 293 296 71 101 
173 294 293 101 72 
174 101 299 297 298 
175 299 71 300 297 
176 297 300 102 130 
177 298 297 130 99 
178 130 303 301 302 
179 303 102 304 301 
180 301 304 131 305 
181 88 308 306 307 
182 308 72 100 306 
183 306 100 59 309 
184 307 306 309 91 
185 100 312 310 311 
186 312 99 129 310 
187 310 129 103 313 
188 311 310 313 59 
189 99 316 314 315 
190 316 130 302 314 
191 315 314 317 129 
192 103 132 318 319 
193 132 75 320 318 
194 318 320 126 321 
195 319 318 321 124 
196 128 305 322 323 
197 305 131 324 322 
198 322 324 75 325 
199 323 322 325 132 
200 302 328 326 327 
201 328 301 329 326 
202 326 329 305 330 
203 327 326 330 128 
204 129 317 331 332 
205 317 128 323 331 
206 331 323 132 333 
207 332 331 333 103 
208 314 336 334 335 
209 336 302 327 334 
210 334 327 128 337 
211 335 334 337 317 
212 343 172 344 342 
213 342 344 50 345 
214 346 347 191 348 
215 195 346 348 134 
216 357 358 188 359 
217 192 357 359 93 
218 345 50 361 360 
219 360 361 192 362 
220 347 360 362 191 
221 363 365 347 366 
222 364 363 366 346 
223 232 373 372 352 
224 373 342 374 372 
225 372 374 345 375 
226 352 372 375 173 
227 377 352 378 376 
228 376 378 173 379 
229 380 364 346 382 
230 381 380 382 195 
231 233 371 383 384 
232 371 353 385 383 
233 383 385 363 386 
234 384 383 386 364 
235 387 390 353 391 
236 388 387 391 371 
237 64 393 392 216 
238 393 47 394 392 
239 392 394 65 171 
240 216 392 171 63 
241 63 396 395 220 
242 396 171 397 395 
243 395 397 170 231 
244 220 395 231 106 
245 231 400 398 399 
246 400 170 401 398 
247 398 401 232 351 
248 399 398 351 230 
249 230 404 402 403 
250 404 351 405 402 
251 402 405 349 369 
252 403 402 369 350 
253 369 408 406 407 
254 408 349 409 406 
255 406 409 370 389 
256 407 406 389 367 
257 173 375 410 365 
258 375 345 411 410 
259 410 411 360 412 
260 365 410 412 347 
261 353 379 413 385 
262 379 173 414 413 
263 413 414 365 415 
264 385 413 415 363 
265 370 417 416 390 
266 417 376 418 416 
267 416 418 379 419 
268 390 416 419 353 
269 389 422 420 421 
270 422 370 423 420 
271 420 423 390 424 
272 421 420 424 387 
273 354 427 425 426 
274 426 425 428 356 
275 368 431 429 430 
276 431 367 388 429 
277 429 388 371 432 
278 430 429 432 233 
279 367 435 433 434 
280 435 389 421 433 
281 433 421 387 436 
282 434 433 436 388 
283 356 428 437 438 
284 428 233 384 437 
285 437 384 364 439 
286 438 437 439 380 
287 425 442 440 441 
288 442 368 430 440 
289 440 430 233 443 
290 441 440 443 428 
291 236 446 444 445 
292 446 354 426 444 
293 444 426 356 447 
294 445 444 447 66 
295 448 381 195 449 
296 244 448 449 194 
297 234 452 450 451 
298 452 236 445 450 
299 450 445 66 453 
300 451 450 453 237 
301 177 456 457 458 
302 456 237 459 457 
303 457 459 448 460 
304 458 457 460 244 
305 454 463 461 462 
306 463 451 464 461 
307 461 464 237 465 
308 462 461 465 456 
309 270 468 466 467 
310 466 462 456 469 
311 467 466 469 177 
312 175 471 470 224 
313 471 106 472 470 
314 470 472 176 235 
315 224 470 235 174 
316 174 474 473 240 
317 474 235 475 473 
318 473 475 234 455 
319 240 473 455 199 
320 199 478 476 477 
321 478 455 479 476 
322 476 479 454 468 
323 477 476 468 270 
324 468 482 480 481 
325 482 454 483 480 
326 480 483 462 484 
327 481 480 484 466 
328 34 486 485 189 
329 486 165 487 485 
330 485 487 185 488 
331 189 485 488 61 
332 490 34 491 489 
333 489 491 189 492 
334 358 489 492 188 
335 172 494 493 344 
336 494 338 495 493 
337 493 495 341 496 
338 344 493 496 50 
339 49 498 497 168 
340 498 162 499 497 
341 497 499 165 486 
342 168 497 486 34 
343 501 168 502 500 
344 500 502 34 490 
345 340 505 503 504 
346 505 500 506 503 
347 503 506 490 507 
348 504 503 507 169 
349 1 510 508 509 
350 510 12 282 508 
351 508 282 10 78 
352 509 508 78 11 
353 16 512 511 204 
354 512 2 513 511 
355 511 513 17 159 
356 204 511 159 15 
357 10 516 514 515 
358 516 25 285 514 
359 514 285 23 82 
360 515 514 82 24 
361 32 518 517 208 
362 518 15 519 517 
363 517 519 33 163 
364 208 517 163 31 
365 23 522 520 521 
366 522 41 288 520 
367 520 288 39 86 
368 521 520 86 40 
369 48 524 523 212 
370 524 31 525 523 
371 523 525 49 167 
372 212 523 167 47 
373 39 528 526 527 
374 528 57 291 526 
375 526 291 55 90 
376 527 526 90 56 
377 73 530 529 296 
378 530 58 256 529 
379 529 256 74 109 
380 296 529 109 71 
381 90 533 531 532 
382 533 55 294 531 
383 531 294 72 308 
384 532 531 308 88 
385 72 536 534 535 
386 536 101 298 534 
387 534 298 99 312 
388 535 534 312 100 
389 71 538 537 300 
390 538 109 539 537 
391 537 539 108 140 
392 300 537 140 102 
393 109 541 540 539 
394 541 74 542 540 
395 540 542 110 148 
396 539 540 148 108 
397 91 309 543 544 
398 309 59 125 543 
399 543 125 96 545 
400 544 543 545 121 
401 59 313 546 547 
402 313 103 319 546 
403 546 319 124 548 
404 547 546 548 125 
405 75 142 549 320 
406 142 111 550 549 
407 549 550 136 551 
408 320 549 551 126 
409 111 150 552 550 
410 150 5 553 552 
411 552 553 137 554 
412 550 552 554 136 
413 74 556 555 542 
414 556 144 259 555 
415 555 259 143 155 
416 542 555 155 110 
417 5 157 557 553 
418 157 146 558 557 
419 557 558 151 559 
420 553 557 559 137 
421 146 181 560 558 
422 560 243 152 561 
423 558 560 561 151 
424 31 563 562 525 
425 563 163 564 562 
426 562 564 162 498 
427 525 562 498 49 
428 47 566 565 394 
429 566 167 567 565 
430 565 567 166 339 
431 394 565 339 65 
432 167 569 568 567 
433 569 49 570 568 
434 568 570 168 501 
435 567 568 501 166 
436 171 572 571 397 
437 572 65 573 571 
438 571 573 172 343 
439 397 571 343 170 
440 178 264 574 575 
441 264 180 247 574 
442 574 247 107 576 
443 575 574 576 181 
444 106 578 577 472 
445 578 231 399 577 
446 577 399 230 355 
447 472 577 355 176 
448 235 580 579 475 
449 580 176 581 579 
450 579 581 236 452 
451 475 579 452 234 
452 200 271 582 583 
453 271 177 458 582 
454 582 458 244 584 
455 583 582 584 242 
456 180 268 585 586 
457 268 229 273 585 
458 585 273 246 587 
459 586 585 587 247 
460 65 589 588 573 
461 589 339 590 588 
462 588 590 338 494 
463 573 588 494 172 
464 338 592 591 495 
465 592 340 504 591 
466 591 504 169 593 
467 495 591 593 341 
468 170 595 594 401 
469 595 343 596 594 
470 594 596 342 373 
471 401 594 373 232 
472 351 598 597 405 
473 598 232 599 597 
474 597 599 352 377 
475 405 597 377 349 
476 176 601 600 581 
477 601 355 602 600 
478 600 602 354 446 
479 581 600 446 236 
480 355 604 603 602 
481 604 230 403 603 
482 603 403 350 427 
483 602 603 427 354 
484 50 496 605 361 
485 496 341 606 605 
486 605 606 357 607 
487 361 605 607 192 
488 341 593 608 606 
489 593 169 609 608 
490 608 609 358 610 
491 606 608 610 357 
492 350 613 611 612 
493 613 369 407 611 
494 611 407 367 431 
495 612 611 431 368 
496 349 615 614 409 
497 615 377 616 614 
498 614 616 376 417 
499 409 614 417 370 
500 66 447 617 618 
501 447 356 438 617 
502 617 438 380 619 
503 618 617 619 381 
504 427 622 620 621 
505 622 350 612 620 
506 620 612 368 442 
507 621 620 442 425 
508 237 453 623 459 
509 453 66 618 623 
510 623 618 381 624 
511 459 623 624 448 
512 455 626 625 479 
513 626 234 627 625 
514 625 627 451 463 
515 479 625 463 454 
516 169 507 628 609 
517 507 490 629 628 
518 628 629 489 630 
519 609 628 630 358 
520 107 249 631 632 
521 249 200 583 631 
522 631 583 242 633 
523 632 631 633 243 
524 339 635 634 590 
525 635 166 636 634 
526 634 636 340 592 
527 590 634 592 338 
528 166 638 637 636 
529 638 501 639 637 
530 637 639 500 505 
531 636 637 505 340 
532 181 576 640 641 
533 576 107 632 640 
534 640 632 243 642 
535 641 640 642 560 
