2 0.000000 100.000000 473.401889
735 607 
1 -24.543877 0.000000 -24.520467 97.803981 0.000000 20.794789 0.000196 
2 27.755917 0.000000 -24.520467 97.811609 0.000000 20.737889 0.000283 
3 27.755917 0.000000 24.733386 97.851802 0.000000 20.659532 -0.000179 
4 -24.543877 0.000000 24.733386 97.830098 0.000000 20.792955 -0.000308 
5 1.606020 0.000000 0.106459 91.217512 0.000000 -0.202049 0.167932 
6 -24.543877 0.000000 0.106459 97.818543 0.000000 20.809003 -0.000148 
7 1.606020 0.000000 -24.520467 97.782832 0.000000 20.758782 0.000759 
8 27.755917 0.000000 0.106459 98.026030 0.000000 19.766937 0.000017 
9 1.606020 0.000000 24.733386 97.863441 0.000000 20.742006 -0.000748 
10 -11.468929 0.000000 -12.207004 97.770537 0.000000 20.805428 0.000806 
11 -24.543877 0.000000 -12.207004 97.805351 0.000000 20.802881 0.000135 
12 -11.468929 0.000000 -24.520467 97.791187 0.000000 20.786828 0.000479 
13 1.606020 0.000000 -12.207004 97.689820 0.000000 20.660919 0.002983 
14 -11.468929 0.000000 0.106459 97.830219 0.000000 20.864300 -0.000607 
15 14.680969 0.000000 -12.207004 97.802779 0.000000 20.589619 0.001068 
16 14.680969 0.000000 -24.520467 97.797768 0.000000 20.736782 0.000558 
17 27.755917 0.000000 -12.207004 97.830696 0.000000 20.641653 0.000308 
18 14.680969 0.000000 0.106459 98.332204 0.000000 18.259325 -0.000263 
19 -11.468929 0.000000 12.419923 97.877511 0.000000 20.797823 -0.001256 
20 -24.543877 0.000000 12.419923 97.830628 0.000000 20.801402 -0.000353 
21 1.606020 0.000000 12.419923 98.006488 0.000000 20.597165 -0.002951 
22 -11.468929 0.000000 24.733386 97.847242 0.000000 20.781381 -0.000595 
23 -4.931454 0.000000 -6.050272 97.633995 0.000000 20.841843 0.003322 
24 -11.468929 0.000000 -6.050272 97.775450 0.000000 20.839075 0.000569 
25 -4.931454 0.000000 -12.207004 97.720173 0.000000 20.772455 0.001927 
26 1.606020 0.000000 -6.050272 97.382392 0.000000 20.343410 0.010282 
27 -4.931454 0.000000 0.106459 97.872180 0.000000 21.091965 -0.002383 
28 14.680969 0.000000 12.419923 97.948732 0.000000 20.320462 -0.000688 
29 27.755917 0.000000 12.419923 97.991762 0.000000 19.986538 -0.000185 
30 14.680969 0.000000 24.733386 97.857501 0.000000 20.695571 -0.000440 
31 8.143494 0.000000 -6.050272 97.769550 0.000000 20.108951 0.003675 
32 8.143494 0.000000 -12.207004 97.752449 0.000000 20.582668 0.002081 
33 14.680969 0.000000 -6.050272 97.868514 0.000000 20.267485 0.001098 
34 8.143494 0.000000 0.106459 98.871267 0.000000 15.154394 -0.000518 
35 -4.931454 0.000000 6.263191 98.067651 0.000000 20.812999 -0.005045 
36 -11.468929 0.000000 6.263191 97.880329 0.000000 20.832979 -0.001457 
37 1.606020 0.000000 6.263191 98.444971 0.000000 20.165897 -0.009808 
38 -4.931454 0.000000 12.419923 97.944695 0.000000 20.750467 -0.002375 
39 -1.662717 0.000000 -2.971906 97.126675 0.000000 21.000466 0.012539 
40 -4.931454 0.000000 -2.971906 97.651669 0.000000 20.979602 0.002401 
41 -1.662717 0.000000 -6.050272 97.454807 0.000000 20.710137 0.007365 
42 1.606020 0.000000 -2.971906 96.548911 0.000000 19.549079 0.029614 
43 -1.662717 0.000000 0.106459 97.957519 0.000000 21.990443 -0.007926 
44 8.143494 0.000000 6.263191 98.215049 0.000000 19.454315 -0.002467 
45 14.680969 0.000000 6.263191 98.245228 0.000000 18.871082 -0.000824 
46 8.143494 0.000000 12.419923 97.974360 0.000000 20.434620 -0.001655 
47 4.874757 0.000000 -2.971906 97.587293 0.000000 18.898482 0.011957 
48 4.874757 0.000000 -6.050272 97.589857 0.000000 20.094700 0.007242 
49 8.143494 0.000000 -2.971906 97.943286 0.000000 19.281635 0.003533 
50 4.874757 0.000000 0.106459 98.709264 0.000000 11.971421 0.011317 
51 -1.662717 0.000000 3.184825 98.710787 0.000000 20.914229 -0.018122 
52 -4.931454 0.000000 3.184825 98.077024 0.000000 20.956672 -0.005828 
53 1.606020 0.000000 3.184825 99.487146 0.000000 19.304843 -0.027037 
54 -1.662717 0.000000 6.263191 98.301653 0.000000 20.635856 -0.008905 
55 -0.028349 0.000000 -1.432724 95.287190 0.000000 21.499120 0.045814 
56 -1.662717 0.000000 -1.432724 97.158261 0.000000 21.543478 0.009615 
57 -0.028349 0.000000 -2.971906 96.588107 0.000000 20.534452 0.024907 
58 1.606020 0.000000 -1.432724 95.196844 0.000000 17.923835 0.061630 
59 -0.028349 0.000000 0.106459 67.210443 0.000000 -1.802419 0.547951 
60 4.874757 0.000000 3.184825 98.751706 0.000000 18.115506 -0.008007 
61 8.143494 0.000000 3.184825 98.555640 0.000000 17.721233 -0.002726 
62 4.874757 0.000000 6.263191 98.322127 0.000000 19.721699 -0.005619 
63 3.240389 0.000000 -1.432724 96.730061 0.000000 16.903477 0.035757 
64 3.240389 0.000000 -2.971906 97.089001 0.000000 18.962854 0.021414 
65 4.874757 0.000000 -1.432724 97.899852 0.000000 17.095244 0.012337 
66 3.240389 0.000000 0.106459 98.147239 0.000000 -0.000000 0.036712 
67 -0.028349 0.000000 1.645642 100.622157 0.000000 21.284852 -0.057786 
68 -1.662717 0.000000 1.645642 98.744945 0.000000 21.474078 -0.021170 
69 1.606020 0.000000 1.645642 100.969032 0.000000 18.182814 -0.052536 
70 -0.028349 0.000000 3.184825 99.326110 0.000000 20.379328 -0.028099 
71 0.788836 0.000000 -0.663132 83.056406 0.000000 -0.756838 0.310106 
72 -0.028349 0.000000 -0.663132 94.820258 0.000000 24.033124 0.043153 
73 0.788836 0.000000 -1.432724 94.366118 0.000000 19.681393 0.070768 
74 1.606020 0.000000 -0.663132 97.838991 0.000000 -0.052112 0.042753 
75 0.788836 0.000000 0.106459 67.773740 0.000000 -0.451580 0.540652 
76 -18.006403 0.000000 -6.050272 97.803159 0.000000 20.817865 0.000116 
77 -24.543877 0.000000 -6.050272 97.810484 0.000000 20.807328 0.000016 
78 -18.006403 0.000000 -12.207004 97.795159 0.000000 20.806418 0.000320 
79 -18.006403 0.000000 0.106459 97.821555 0.000000 20.823319 -0.000267 
80 -8.200191 0.000000 -2.971906 97.763938 0.000000 20.903784 0.000524 
81 -11.468929 0.000000 -2.971906 97.796607 0.000000 20.857136 0.000080 
82 -8.200191 0.000000 -6.050272 97.730299 0.000000 20.855382 0.001384 
83 -8.200191 0.000000 0.106459 97.842736 0.000000 20.923171 -0.001098 
84 -3.297086 0.000000 -1.432724 97.605226 0.000000 21.227061 0.002263 
85 -4.931454 0.000000 -1.432724 97.734963 0.000000 21.060545 0.000433 
86 -3.297086 0.000000 -2.971906 97.485796 0.000000 21.027278 0.005437 
87 -3.297086 0.000000 0.106459 97.907081 0.000000 21.326752 -0.004063 
88 -0.845533 0.000000 -0.663132 96.982229 0.000000 22.593295 0.008399 
89 -1.662717 0.000000 -0.663132 97.465904 0.000000 21.860238 0.002253 
90 -0.845533 0.000000 -1.432724 96.525585 0.000000 21.767550 0.020899 
91 -0.845533 0.000000 0.106459 97.870410 0.000000 22.942184 -0.010496 
92 3.240389 0.000000 1.645642 99.666831 0.000000 17.152188 -0.022767 
93 4.874757 0.000000 1.645642 98.606988 0.000000 17.499625 -0.002958 
94 3.240389 0.000000 3.184825 99.105972 0.000000 18.508944 -0.016457 
95 0.788836 0.000000 0.876051 104.568835 0.000000 20.328612 -0.134789 
96 -0.028349 0.000000 0.876051 101.230798 0.000000 23.601749 -0.080472 
97 1.606020 0.000000 0.876051 101.695122 0.000000 17.433801 -0.064584 
98 0.788836 0.000000 1.645642 101.496256 0.000000 19.745310 -0.069137 
99 0.380244 0.000000 -0.278336 77.519023 0.000000 -1.051409 0.398970 
100 -0.028349 0.000000 -0.278336 69.756312 0.000000 -1.920984 0.513037 
101 0.380244 0.000000 -0.663132 66.086165 0.000000 -1.626433 0.562997 
102 0.788836 0.000000 -0.278336 82.540648 0.000000 -0.779402 0.318643 
103 0.380244 0.000000 0.106459 87.916202 0.000000 -0.505724 0.227049 
104 2.423204 0.000000 -0.663132 95.999773 0.000000 15.818586 0.053382 
105 2.423204 0.000000 -1.432724 96.098150 0.000000 17.288558 0.046625 
106 3.240389 0.000000 -0.663132 96.025879 0.000000 14.416265 0.057120 
107 2.423204 0.000000 0.106459 100.490356 0.000000 2.520898 -0.010467 
108 1.197428 0.000000 -0.278336 85.193172 0.000000 -0.638107 0.274172 
109 1.197428 0.000000 -0.663132 85.600850 0.000000 -0.399285 0.267233 
110 1.606020 0.000000 -0.278336 93.644873 0.000000 -0.140162 0.123062 
111 1.197428 0.000000 0.106459 85.592903 0.000000 -0.616232 0.267348 
112 -18.006403 0.000000 6.263191 97.838980 0.000000 20.815868 -0.000577 
113 -24.543877 0.000000 6.263191 97.826288 0.000000 20.806464 -0.000289 
114 -18.006403 0.000000 12.419923 97.844796 0.000000 20.803326 -0.000638 
115 -8.200191 0.000000 3.184825 97.917662 0.000000 20.895504 -0.002449 
116 -11.468929 0.000000 3.184825 97.862550 0.000000 20.853564 -0.001195 
117 -8.200191 0.000000 6.263191 97.943481 0.000000 20.845429 -0.002746 
118 -3.297086 0.000000 1.645642 98.197612 0.000000 21.198972 -0.009217 
119 -4.931454 0.000000 1.645642 98.004878 0.000000 21.047118 -0.004794 
120 -3.297086 0.000000 3.184825 98.290664 0.000000 20.984086 -0.010139 
121 -0.845533 0.000000 0.876051 99.059258 0.000000 22.576718 -0.032244 
122 -1.662717 0.000000 0.876051 98.458599 0.000000 21.829941 -0.017064 
123 -0.845533 0.000000 1.645642 99.402308 0.000000 21.609408 -0.034779 
124 0.380244 0.000000 0.491255 74.931873 0.000000 -1.171007 0.438384 
125 -0.028349 0.000000 0.491255 78.418304 0.000000 -2.160982 0.384590 
126 0.788836 0.000000 0.491255 82.800318 0.000000 -0.767956 0.314352 
127 0.380244 0.000000 0.876051 103.413568 0.000000 22.778673 -0.121323 
128 0.584540 0.000000 -0.085938 69.107789 0.000000 -0.451790 0.522391 
129 0.380244 0.000000 -0.085938 88.067645 0.000000 -0.495232 0.224384 
130 0.584540 0.000000 -0.278336 81.600697 0.000000 -0.840194 0.334062 
131 0.788836 0.000000 -0.085938 67.208888 0.000000 -0.434540 0.548278 
132 0.584540 0.000000 0.106459 69.495848 0.000000 -0.470565 0.517011 
133 -0.436941 0.000000 -0.278336 97.547784 0.000000 23.313706 -0.005910 
134 -0.845533 0.000000 -0.278336 97.438330 0.000000 22.821587 -0.001505 
135 -0.436941 0.000000 -0.663132 96.474700 0.000000 23.208675 0.015399 
136 -0.436941 0.000000 0.106459 97.412593 0.000000 23.258220 -0.003016 
137 0.175947 0.000000 -0.085938 85.581234 0.000000 -0.639720 0.267544 
138 -0.028349 0.000000 -0.085938 90.594137 0.000000 -0.518448 0.179243 
139 0.175947 0.000000 -0.278336 71.160472 0.000000 -1.373614 0.493430 
140 0.175947 0.000000 0.106459 81.863359 0.000000 -0.834650 0.329769 
141 2.423204 0.000000 0.876051 100.438138 0.000000 17.262584 -0.038582 
142 3.240389 0.000000 0.876051 101.109806 0.000000 12.579622 -0.038144 
143 2.423204 0.000000 1.645642 100.220966 0.000000 17.477827 -0.034972 
144 1.197428 0.000000 0.491255 84.852498 0.000000 -0.657323 0.279962 
145 1.606020 0.000000 0.491255 96.731436 0.000000 -0.095364 0.064302 
146 1.197428 0.000000 0.876051 103.451935 0.000000 18.022882 -0.102713 
147 0.584540 0.000000 0.298857 81.530292 0.000000 -0.844121 0.335210 
148 0.380244 0.000000 0.298857 77.473847 0.000000 -1.054612 0.399669 
149 0.788836 0.000000 0.298857 82.499812 0.000000 -0.781032 0.319317 
150 0.584540 0.000000 0.491255 82.016431 0.000000 -0.816914 0.327264 
151 0.482392 0.000000 0.010260 89.185373 0.000000 -0.208110 0.204593 
152 0.380244 0.000000 0.010260 93.738383 0.000000 -0.186496 0.121308 
153 0.482392 0.000000 -0.085938 81.020069 0.000000 -0.445159 0.343555 
154 0.584540 0.000000 0.010260 83.268234 0.000000 -0.183718 0.306637 
155 0.482392 0.000000 0.106459 87.457288 0.000000 -0.512534 0.235096 
156 -0.436941 0.000000 0.491255 98.633060 0.000000 23.965135 -0.030281 
157 -0.845533 0.000000 0.491255 98.479615 0.000000 22.932845 -0.022415 
158 -0.436941 0.000000 0.876051 99.740526 0.000000 23.202682 -0.048654 
159 0.175947 0.000000 0.298857 71.153492 0.000000 -1.374991 0.493529 
160 -0.028349 0.000000 0.298857 67.180112 0.000000 -1.801256 0.548359 
161 0.175947 0.000000 0.491255 68.975155 0.000000 -1.479345 0.524024 
162 0.278096 0.000000 0.010260 95.454181 0.000000 -0.132080 0.088848 
163 0.175947 0.000000 0.010260 95.927609 0.000000 -0.137746 0.079787 
164 0.278096 0.000000 -0.085938 88.330187 0.000000 -0.492936 0.219753 
165 0.278096 0.000000 0.106459 87.782736 0.000000 -0.521262 0.229392 
166 -4.931454 0.000000 -18.363735 97.764297 0.000000 20.770508 0.001073 
167 -11.468929 0.000000 -18.363735 97.781506 0.000000 20.791157 0.000650 
168 -4.931454 0.000000 -24.520467 97.784423 0.000000 20.775118 0.000660 
169 1.606020 0.000000 -18.363735 97.758617 0.000000 20.733724 0.001337 
170 -1.662717 0.000000 -9.128638 97.612357 0.000000 20.704101 0.004317 
171 -4.931454 0.000000 -9.128638 97.672664 0.000000 20.791748 0.002775 
172 -1.662717 0.000000 -12.207004 97.696175 0.000000 20.724341 0.002596 
173 1.606020 0.000000 -9.128638 97.602645 0.000000 20.565317 0.005079 
174 -0.028349 0.000000 -4.511089 97.121189 0.000000 20.491106 0.014759 
175 -1.662717 0.000000 -4.511089 97.307914 0.000000 20.772879 0.009966 
176 -0.028349 0.000000 -6.050272 97.380250 0.000000 20.544897 0.009499 
177 1.606020 0.000000 -4.511089 97.119046 0.000000 20.083879 0.016453 
178 0.788836 0.000000 -2.202315 95.752076 0.000000 19.899054 0.043557 
179 -0.028349 0.000000 -2.202315 96.075977 0.000000 20.757937 0.033851 
180 0.788836 0.000000 -2.971906 96.455979 0.000000 20.050899 0.029421 
181 1.606020 0.000000 -2.202315 95.977156 0.000000 18.993988 0.042761 
182 0.380244 0.000000 -1.047928 93.536925 0.000000 21.301961 0.079707 
183 -0.028349 0.000000 -1.047928 94.887345 0.000000 22.353558 0.049671 
184 0.380244 0.000000 -1.432724 94.647808 0.000000 20.766577 0.061054 
185 0.788836 0.000000 -1.047928 92.910371 0.000000 19.389261 0.099172 
186 0.584540 0.000000 -0.470734 82.081639 0.000000 -0.813387 0.326194 
187 0.380244 0.000000 -0.470734 74.963697 0.000000 -1.168440 0.437908 
188 0.584540 0.000000 -0.663132 75.360046 0.000000 -1.134504 0.431958 
189 0.788836 0.000000 -0.470734 82.833226 0.000000 -0.766668 0.313807 
190 0.482392 0.000000 -0.182137 83.704801 0.000000 -0.728600 0.299298 
191 0.380244 0.000000 -0.182137 82.134882 0.000000 -0.809974 0.325321 
192 0.482392 0.000000 -0.278336 81.377438 0.000000 -0.857090 0.337698 
193 0.584540 0.000000 -0.182137 83.498555 0.000000 -0.723548 0.302747 
194 0.431318 0.000000 -0.037839 91.975280 0.000000 -0.273535 0.154047 
195 0.380244 0.000000 -0.037839 92.803480 0.000000 -0.235055 0.138746 
196 0.431318 0.000000 -0.085938 89.042138 0.000000 -0.433612 0.207131 
197 0.482392 0.000000 -0.037839 88.213425 0.000000 -0.236202 0.221834 
198 0.431318 0.000000 0.010260 94.232820 0.000000 -0.152409 0.112015 
199 0.993132 0.000000 -0.085938 86.222100 0.000000 -0.476764 0.256552 
200 0.993132 0.000000 -0.278336 83.952772 0.000000 -0.700661 0.295144 
201 1.197428 0.000000 -0.085938 85.555278 0.000000 -0.618253 0.267991 
202 0.993132 0.000000 0.106459 86.048074 0.000000 -0.491651 0.259549 
203 0.686688 0.000000 0.010260 12.462027 0.000000 -0.827382 0.984401 
204 0.686688 0.000000 -0.085938 64.219158 0.000000 -0.449083 0.587570 
205 0.788836 0.000000 0.010260 55.781130 0.000000 -0.448451 0.688826 
206 0.686688 0.000000 0.106459 65.246511 0.000000 -0.467188 0.574267 
207 0.686688 0.000000 -0.182137 70.885282 0.000000 -0.706188 0.497478 
208 0.686688 0.000000 -0.278336 81.986652 0.000000 -0.813924 0.327753 
209 0.788836 0.000000 -0.182137 81.438264 0.000000 -0.675857 0.336735 
210 0.635614 0.000000 -0.037839 72.740121 0.000000 -0.300749 0.470878 
211 0.584540 0.000000 -0.037839 79.179540 0.000000 -0.254675 0.373054 
212 0.635614 0.000000 -0.085938 66.788094 0.000000 -0.453993 0.553914 
213 0.686688 0.000000 -0.037839 62.327165 0.000000 -0.423961 0.611514 
214 0.635614 0.000000 0.010260 74.191704 0.000000 -0.272506 0.449552 
215 0.993132 0.000000 0.298857 83.979532 0.000000 -0.698650 0.294695 
216 1.197428 0.000000 0.298857 85.270802 0.000000 -0.633850 0.272849 
217 0.993132 0.000000 0.491255 83.878427 0.000000 -0.707602 0.296391 
218 0.890984 0.000000 0.010260 86.395818 0.000000 -0.209367 0.253572 
219 0.890984 0.000000 -0.085938 84.360173 0.000000 -0.441424 0.288317 
220 0.993132 0.000000 0.010260 90.113698 0.000000 -0.207100 0.187948 
221 0.890984 0.000000 0.106459 84.244331 0.000000 -0.459507 0.290268 
222 0.737762 0.000000 -0.037839 68.884548 0.000000 -0.523636 0.525464 
223 0.737762 0.000000 -0.085938 64.646807 0.000000 -0.443107 0.582059 
224 0.788836 0.000000 -0.037839 66.432358 0.000000 -0.410031 0.558657 
225 0.737762 0.000000 0.010260 70.639442 0.000000 -0.596998 0.500971 
226 0.686688 0.000000 0.202658 81.726004 0.000000 -0.827262 0.332018 
227 0.584540 0.000000 0.202658 81.314218 0.000000 -0.856474 0.338726 
228 0.788836 0.000000 0.202658 82.357414 0.000000 -0.787176 0.321664 
229 0.686688 0.000000 0.298857 81.924601 0.000000 -0.817024 0.328769 
230 0.635614 0.000000 0.058360 72.017452 0.000000 -0.326688 0.481338 
231 0.584540 0.000000 0.058360 74.649258 0.000000 -0.336860 0.442737 
232 0.686688 0.000000 0.058360 63.125297 0.000000 -0.436172 0.601501 
233 0.635614 0.000000 0.106459 64.738168 0.000000 -0.518836 0.580870 
234 0.661151 0.000000 -0.013789 31.820909 0.000000 -0.797913 0.898679 
235 0.635614 0.000000 -0.013789 74.040232 0.000000 -0.274647 0.451797 
236 0.661151 0.000000 -0.037839 70.421794 0.000000 -0.322360 0.504067 
237 0.686688 0.000000 -0.013789 13.703900 0.000000 -0.799563 0.981156 
238 0.661151 0.000000 0.010260 28.172250 0.000000 -0.843741 0.920561 
239 0.533466 0.000000 -0.037839 86.262963 0.000000 -0.250106 0.255864 
240 0.533466 0.000000 -0.085938 79.598150 0.000000 -0.448502 0.366393 
241 0.533466 0.000000 0.010260 89.038497 0.000000 -0.179986 0.207211 
242 0.610077 0.000000 -0.013789 80.405492 0.000000 -0.208972 0.353491 
243 0.584540 0.000000 -0.013789 82.781206 0.000000 -0.191876 0.314724 
244 0.610077 0.000000 -0.037839 75.286579 0.000000 -0.294156 0.433184 
245 0.610077 0.000000 0.010260 81.567382 0.000000 -0.191273 0.334673 
246 0.737762 0.000000 0.058360 63.742753 0.000000 -0.430331 0.593668 
247 0.788836 0.000000 0.058360 66.778936 0.000000 -0.421662 0.554040 
248 0.737762 0.000000 0.106459 63.344040 0.000000 -0.507586 0.598727 
249 0.661151 0.000000 0.034310 70.456643 0.000000 -0.321700 0.503576 
250 0.635614 0.000000 0.034310 72.926376 0.000000 -0.298056 0.468165 
251 0.686688 0.000000 0.034310 62.271423 0.000000 -0.424425 0.612209 
252 0.661151 0.000000 0.058360 63.329131 0.000000 -0.438343 0.598923 
253 0.648382 0.000000 -0.001764 -8.500752 0.000000 -0.613899 0.992736 
254 0.635614 0.000000 -0.001764 2.631973 0.000000 -0.125448 0.999306 
255 0.648382 0.000000 -0.013789 72.051214 0.000000 -0.295708 0.480854 
256 0.661151 0.000000 -0.001764 16.268334 0.000000 -0.984592 0.973437 
257 0.648382 0.000000 0.010260 72.113828 0.000000 -0.294771 0.479951 
258 1.197428 0.000000 -1.047928 93.537807 0.000000 17.689088 0.093777 
259 1.197428 0.000000 -1.432724 94.613973 0.000000 18.615356 0.070166 
260 1.606020 0.000000 -1.047928 94.708759 0.000000 16.785910 0.074848 
261 0.993132 0.000000 -0.470734 83.852410 0.000000 -0.709527 0.296827 
262 0.993132 0.000000 -0.663132 83.779268 0.000000 -0.716160 0.298052 
263 1.197428 0.000000 -0.470734 84.779101 0.000000 -0.661459 0.281207 
264 0.890984 0.000000 -0.182137 83.169633 0.000000 -0.740919 0.308226 
265 0.890984 0.000000 -0.278336 83.222977 0.000000 -0.740071 0.307339 
266 0.993132 0.000000 -0.182137 84.005435 0.000000 -0.696118 0.294260 
267 0.839910 0.000000 -0.037839 79.553819 0.000000 -0.259956 0.367112 
268 0.839910 0.000000 -0.085938 74.076335 0.000000 -0.467213 0.451248 
269 0.890984 0.000000 -0.037839 84.746164 0.000000 -0.235109 0.281803 
270 0.839910 0.000000 0.010260 81.389134 0.000000 -0.189160 0.337577 
271 2.014612 0.000000 -0.278336 98.042405 0.000000 -0.045243 0.038768 
272 2.014612 0.000000 -0.663132 95.832001 0.000000 15.426944 0.057824 
273 2.423204 0.000000 -0.278336 96.755183 0.000000 14.935644 0.041536 
274 2.014612 0.000000 0.106459 97.900556 0.000000 -0.045761 0.041548 
275 1.401724 0.000000 -0.085938 86.209217 0.000000 -0.588561 0.256762 
276 1.401724 0.000000 -0.278336 85.826847 0.000000 -0.608289 0.263338 
277 1.606020 0.000000 -0.085938 96.312300 0.000000 -0.058178 0.072394 
278 1.401724 0.000000 0.106459 86.246390 0.000000 -0.586667 0.256122 
279 1.095280 0.000000 0.010260 89.579716 0.000000 -0.094015 0.197547 
280 1.095280 0.000000 -0.085938 84.893378 0.000000 -0.650077 0.279269 
281 1.197428 0.000000 0.010260 96.381778 0.000000 -0.068432 0.071055 
282 1.095280 0.000000 0.106459 84.921803 0.000000 -0.648419 0.278787 
283 0.942058 0.000000 -0.037839 89.134612 0.000000 -0.290362 0.205494 
284 0.942058 0.000000 -0.085938 84.964854 0.000000 -0.432148 0.278079 
285 0.993132 0.000000 -0.037839 88.920847 0.000000 -0.262182 0.209301 
286 0.942058 0.000000 0.010260 90.460106 0.000000 -0.231222 0.181692 
287 1.095280 0.000000 -0.182137 84.779597 0.000000 -0.656884 0.281199 
288 1.095280 0.000000 -0.278336 84.634996 0.000000 -0.665654 0.283647 
289 1.197428 0.000000 -0.182137 85.397375 0.000000 -0.626849 0.270690 
290 1.044206 0.000000 -0.037839 86.824744 0.000000 -0.346296 0.246134 
291 1.044206 0.000000 -0.085938 86.487277 0.000000 -0.432574 0.251976 
292 1.095280 0.000000 -0.037839 88.145205 0.000000 -0.174881 0.223039 
293 1.044206 0.000000 0.010260 90.347434 0.000000 -0.109598 0.183733 
294 0.890984 0.000000 0.202658 83.161054 0.000000 -0.740778 0.308369 
295 0.993132 0.000000 0.202658 84.027713 0.000000 -0.694440 0.293886 
296 0.890984 0.000000 0.298857 83.214086 0.000000 -0.739862 0.307487 
297 0.942058 0.000000 0.058360 88.417910 0.000000 -0.317134 0.218217 
298 0.890984 0.000000 0.058360 83.786957 0.000000 -0.305506 0.297965 
299 0.993132 0.000000 0.058360 86.682259 0.000000 -0.372458 0.248605 
300 0.942058 0.000000 0.106459 84.797813 0.000000 -0.449544 0.280913 
301 0.967595 0.000000 -0.013789 90.024713 0.000000 -0.213371 0.189551 
302 0.942058 0.000000 -0.013789 90.391887 0.000000 -0.233150 0.182925 
303 0.967595 0.000000 -0.037839 89.483186 0.000000 -0.235694 0.199270 
304 0.993132 0.000000 -0.013789 89.911113 0.000000 -0.215724 0.191595 
305 0.967595 0.000000 0.010260 90.089195 0.000000 -0.210737 0.188389 
306 0.916521 0.000000 -0.013789 91.534863 0.000000 -0.217216 0.162132 
307 0.890984 0.000000 -0.013789 86.205725 0.000000 -0.211634 0.256853 
308 0.916521 0.000000 -0.037839 89.409754 0.000000 -0.278989 0.200582 
309 0.916521 0.000000 0.010260 92.026270 0.000000 -0.203636 0.153112 
310 2.014612 0.000000 0.491255 101.337145 0.000000 11.234284 -0.039543 
311 2.423204 0.000000 0.491255 101.587924 0.000000 12.001912 -0.046415 
312 2.014612 0.000000 0.876051 100.597444 0.000000 17.585530 -0.042910 
313 1.401724 0.000000 0.298857 85.909355 0.000000 -0.604017 0.261922 
314 1.606020 0.000000 0.298857 93.669481 0.000000 -0.139696 0.122601 
315 1.401724 0.000000 0.491255 86.618363 0.000000 -0.369827 0.249712 
316 1.095280 0.000000 0.202658 84.828146 0.000000 -0.654029 0.280376 
317 1.197428 0.000000 0.202658 85.462133 0.000000 -0.623341 0.269584 
318 1.095280 0.000000 0.298857 84.692611 0.000000 -0.662228 0.282672 
319 1.044206 0.000000 0.058360 86.661967 0.000000 -0.403242 0.248954 
320 1.095280 0.000000 0.058360 85.635882 0.000000 -0.484817 0.266626 
321 1.044206 0.000000 0.106459 84.509394 0.000000 -0.668804 0.285772 
322 0.967595 0.000000 0.034310 89.556476 0.000000 -0.232925 0.197958 
323 0.942058 0.000000 0.034310 89.258019 0.000000 -0.286597 0.203292 
324 0.993132 0.000000 0.034310 89.023312 0.000000 -0.257100 0.207478 
325 0.967595 0.000000 0.058360 85.416079 0.000000 -0.415092 0.270392 
326 0.954826 0.000000 -0.001764 92.630163 0.000000 -0.165725 0.141963 
327 0.942058 0.000000 -0.001764 91.930114 0.000000 -0.189921 0.154882 
328 0.954826 0.000000 -0.013789 90.005796 0.000000 -0.220875 0.189891 
329 0.967595 0.000000 -0.001764 90.185632 0.000000 -0.206630 0.186651 
330 0.954826 0.000000 0.010260 91.707220 0.000000 -0.185052 0.158975 
331 1.299576 0.000000 0.010260 96.198173 0.000000 -0.088769 0.074590 
332 1.299576 0.000000 -0.085938 85.988311 0.000000 -0.598204 0.260565 
333 1.401724 0.000000 0.010260 96.707493 0.000000 -0.075854 0.064766 
334 1.299576 0.000000 0.106459 86.028276 0.000000 -0.596134 0.259878 
335 1.146354 0.000000 -0.037839 92.912305 0.000000 -0.177993 0.136727 
336 1.146354 0.000000 -0.085938 85.251737 0.000000 -0.632697 0.273174 
337 1.197428 0.000000 -0.037839 90.927941 0.000000 -0.316844 0.173201 
338 1.146354 0.000000 0.010260 95.260115 0.000000 -0.095241 0.092550 
339 1.401724 0.000000 -0.470734 88.392281 0.000000 -0.289227 0.218672 
340 1.401724 0.000000 -0.663132 96.673632 0.000000 -0.097699 0.065420 
341 1.606020 0.000000 -0.470734 96.725943 0.000000 -0.095586 0.064408 
342 1.299576 0.000000 -0.182137 85.816473 0.000000 -0.607187 0.263516 
343 1.299576 0.000000 -0.278336 85.589654 0.000000 -0.619176 0.267403 
344 1.401724 0.000000 -0.182137 86.046589 0.000000 -0.596908 0.259563 
345 1.248502 0.000000 -0.037839 91.974181 0.000000 -0.290070 0.154067 
346 1.248502 0.000000 -0.085938 85.800581 0.000000 -0.606793 0.263789 
347 1.299576 0.000000 -0.037839 94.334609 0.000000 -0.186229 0.110095 
348 1.248502 0.000000 0.010260 96.650237 0.000000 -0.070529 0.065873 
349 1.299576 0.000000 0.202658 85.886192 0.000000 -0.603549 0.262320 
350 1.401724 0.000000 0.202658 86.112552 0.000000 -0.593525 0.258428 
351 1.299576 0.000000 0.298857 85.674810 0.000000 -0.614682 0.265945 
352 1.248502 0.000000 0.058360 89.768518 0.000000 -0.403419 0.194145 
353 1.197428 0.000000 0.058360 89.062990 0.000000 -0.438716 0.206759 
354 1.299576 0.000000 0.058360 92.159512 0.000000 -0.296795 0.150654 
355 1.248502 0.000000 0.106459 85.840166 0.000000 -0.604713 0.263110 
356 1.222965 0.000000 -0.013789 96.560623 0.000000 -0.066955 0.067604 
357 1.197428 0.000000 -0.013789 96.277740 0.000000 -0.072931 0.073059 
358 1.222965 0.000000 -0.037839 91.718509 0.000000 -0.302888 0.158762 
359 1.248502 0.000000 -0.013789 94.851361 0.000000 -0.145243 0.100320 
360 1.222965 0.000000 0.010260 96.704456 0.000000 -0.061283 0.064824 
361 1.810316 0.000000 -0.085938 98.246559 0.000000 -0.021824 0.034761 
362 1.810316 0.000000 -0.278336 97.695614 0.000000 -0.056730 0.045556 
363 2.014612 0.000000 -0.085938 98.887992 0.000000 -0.007150 0.022116 
364 1.810316 0.000000 0.106459 97.262228 0.000000 -0.072850 0.054005 
365 21.218443 0.000000 -6.050272 97.875464 0.000000 20.391021 0.000460 
366 21.218443 0.000000 -12.207004 97.823798 0.000000 20.616352 0.000547 
367 27.755917 0.000000 -6.050272 97.869436 0.000000 20.474226 0.000238 
368 21.218443 0.000000 0.106459 98.127172 0.000000 19.269833 -0.000027 
369 11.412232 0.000000 -2.971906 97.984303 0.000000 19.576348 0.001584 
370 11.412232 0.000000 -6.050272 97.842128 0.000000 20.180232 0.001968 
371 14.680969 0.000000 -2.971906 97.981970 0.000000 19.800208 0.000749 
372 11.412232 0.000000 0.106459 98.534396 0.000000 17.232817 -0.000600 
373 6.509126 0.000000 -1.432724 98.193249 0.000000 17.806685 0.004101 
374 6.509126 0.000000 -2.971906 97.845729 0.000000 19.081955 0.006209 
375 8.143494 0.000000 -1.432724 98.199256 0.000000 18.286121 0.002252 
376 6.509126 0.000000 0.106459 99.358109 0.000000 13.530876 -0.005512 
377 4.057573 0.000000 -0.663132 97.756878 0.000000 14.405498 0.023607 
378 4.057573 0.000000 -1.432724 97.437743 0.000000 16.830529 0.022262 
379 4.874757 0.000000 -0.663132 98.403490 0.000000 15.111199 0.008840 
380 4.057573 0.000000 0.106459 98.637149 0.000000 8.899102 0.019152 
381 2.831796 0.000000 -0.278336 93.873784 0.000000 15.182726 0.095720 
382 2.831796 0.000000 -0.663132 95.591688 0.000000 15.436930 0.062393 
383 3.240389 0.000000 -0.278336 95.270266 0.000000 12.092128 0.077736 
384 2.831796 0.000000 0.106459 98.530889 0.000000 -0.000000 0.029166 
385 2.218908 0.000000 -0.085938 99.128074 0.000000 0.000000 0.017363 
386 2.218908 0.000000 -0.278336 97.041960 0.000000 14.063937 0.038506 
387 2.423204 0.000000 -0.085938 99.090291 0.000000 0.000000 0.018111 
388 2.218908 0.000000 0.106459 100.231496 0.000000 1.274930 -0.004798 
389 1.810316 0.000000 0.298857 97.255528 0.000000 -0.073103 0.054136 
390 2.014612 0.000000 0.298857 98.042405 0.000000 -0.045243 0.038768 
391 1.810316 0.000000 0.491255 97.840637 0.000000 -0.052014 0.042721 
392 1.912464 0.000000 0.010260 98.823172 0.000000 -0.002105 0.023398 
393 1.810316 0.000000 0.010260 98.559412 0.000000 -0.003623 0.028604 
394 1.912464 0.000000 -0.085938 98.640549 0.000000 -0.011941 0.027004 
395 2.014612 0.000000 0.010260 99.041026 0.000000 -0.000944 0.019088 
396 1.912464 0.000000 0.106459 97.841841 0.000000 -0.051942 0.042697 
397 21.218443 0.000000 6.263191 98.412385 0.000000 18.002265 -0.000908 
398 27.755917 0.000000 6.263191 98.948703 0.000000 15.460053 -0.002986 
399 21.218443 0.000000 12.419923 97.957508 0.000000 20.184402 -0.000308 
400 11.412232 0.000000 3.184825 98.450766 0.000000 17.897603 -0.001288 
401 14.680969 0.000000 3.184825 100.545702 0.000000 7.962534 -0.017284 
402 11.412232 0.000000 6.263191 98.210237 0.000000 19.180527 -0.001314 
403 6.509126 0.000000 1.645642 99.698528 0.000000 12.566512 -0.009771 
404 8.143494 0.000000 1.645642 101.135868 0.000000 5.427709 -0.025792 
405 6.509126 0.000000 3.184825 98.600322 0.000000 17.903960 -0.004258 
406 4.057573 0.000000 0.876051 101.080103 0.000000 8.183555 -0.028416 
407 4.874757 0.000000 0.876051 101.028701 0.000000 8.329884 -0.027619 
408 4.057573 0.000000 1.645642 99.085600 0.000000 17.162605 -0.011251 
409 2.831796 0.000000 0.491255 102.710337 0.000000 12.628739 -0.070890 
410 3.240389 0.000000 0.491255 102.019489 0.000000 12.603154 -0.056682 
411 2.831796 0.000000 0.876051 100.828979 0.000000 15.652586 -0.041149 
412 2.218908 0.000000 0.298857 100.571482 0.000000 10.338095 -0.022150 
413 2.423204 0.000000 0.298857 100.901444 0.000000 10.890625 -0.029971 
414 2.218908 0.000000 0.491255 101.328842 0.000000 11.485089 -0.039944 
415 2.116760 0.000000 0.010260 99.101218 0.000000 0.000000 0.017895 
416 2.116760 0.000000 -0.085938 99.093289 0.000000 0.000000 0.018052 
417 2.218908 0.000000 0.010260 99.105056 0.000000 0.000000 0.017819 
418 2.116760 0.000000 0.106459 100.167507 0.000000 0.825051 -0.003421 
419 2.627500 0.000000 -0.085938 97.014902 0.000000 12.737509 0.042586 
420 2.627500 0.000000 -0.278336 95.747072 0.000000 15.617174 0.058860 
421 2.831796 0.000000 -0.085938 98.541237 0.000000 -0.000000 0.028962 
422 2.627500 0.000000 0.106459 101.384717 0.000000 4.537342 -0.029945 
423 2.321056 0.000000 0.010260 99.074669 0.000000 0.000000 0.018421 
424 2.321056 0.000000 -0.085938 99.085463 0.000000 0.000000 0.018207 
425 2.423204 0.000000 0.010260 99.050972 0.000000 0.000000 0.018890 
426 2.321056 0.000000 0.106459 100.326781 0.000000 1.815441 -0.006876 
427 2.627500 0.000000 0.298857 101.874984 0.000000 11.075781 -0.050119 
428 2.831796 0.000000 0.298857 103.331370 0.000000 10.282820 -0.078311 
429 2.627500 0.000000 0.491255 102.130574 0.000000 12.463387 -0.058599 
430 2.525352 0.000000 0.010260 99.008267 0.000000 0.000000 0.019736 
431 2.525352 0.000000 -0.085938 99.032090 0.000000 0.000000 0.019265 
432 2.627500 0.000000 0.010260 98.948559 0.000000 0.000000 0.020918 
433 2.525352 0.000000 0.106459 100.793758 0.000000 3.380260 -0.017081 
434 3.648981 0.000000 -0.278336 97.347206 0.000000 12.581960 0.036522 
435 3.648981 0.000000 -0.663132 97.073707 0.000000 14.169502 0.037592 
436 4.057573 0.000000 -0.278336 98.085688 0.000000 12.912478 0.021247 
437 3.648981 0.000000 0.106459 98.480395 0.000000 5.358863 0.027289 
438 3.036093 0.000000 -0.085938 98.385948 0.000000 0.000000 0.032021 
439 3.036093 0.000000 -0.278336 93.606530 0.000000 13.060811 0.106723 
440 3.240389 0.000000 -0.085938 98.146399 0.000000 -0.000000 0.036728 
441 3.036093 0.000000 0.106459 98.404132 0.000000 -0.000000 0.031663 
442 2.729648 0.000000 0.010260 98.820665 0.000000 -0.000000 0.023448 
443 2.729648 0.000000 -0.085938 98.680935 0.000000 -0.000000 0.026207 
444 2.831796 0.000000 0.010260 98.688920 0.000000 -0.000000 0.026050 
445 2.729648 0.000000 0.106459 98.553116 0.000000 -0.000000 0.028728 
446 8.143494 0.000000 -18.363735 97.774186 0.000000 20.702887 0.001160 
447 8.143494 0.000000 -24.520467 97.788553 0.000000 20.744279 0.000707 
448 14.680969 0.000000 -18.363735 97.795149 0.000000 20.693676 0.000788 
449 4.874757 0.000000 -9.128638 97.661215 0.000000 20.457566 0.004378 
450 4.874757 0.000000 -12.207004 97.717609 0.000000 20.607688 0.002659 
451 8.143494 0.000000 -9.128638 97.737145 0.000000 20.425110 0.003027 
452 3.240389 0.000000 -4.511089 97.319185 0.000000 19.783880 0.013757 
453 3.240389 0.000000 -6.050272 97.469902 0.000000 20.178024 0.009247 
454 4.874757 0.000000 -4.511089 97.556782 0.000000 19.684756 0.009518 
455 2.423204 0.000000 -2.202315 96.470484 0.000000 18.463633 0.035254 
456 2.423204 0.000000 -2.971906 96.797062 0.000000 19.177034 0.026257 
457 3.240389 0.000000 -2.202315 96.943699 0.000000 18.190605 0.027102 
458 2.831796 0.000000 -1.047928 96.148311 0.000000 16.273947 0.049066 
459 2.423204 0.000000 -1.047928 95.950074 0.000000 16.524079 0.052054 
460 2.831796 0.000000 -1.432724 96.397197 0.000000 17.089413 0.041553 
461 3.240389 0.000000 -1.047928 96.516315 0.000000 15.901787 0.043173 
462 2.627500 0.000000 -0.470734 95.657201 0.000000 15.630661 0.060538 
463 2.423204 0.000000 -0.470734 96.214855 0.000000 15.545454 0.050104 
464 2.627500 0.000000 -0.663132 95.781364 0.000000 15.757565 0.057763 
465 2.831796 0.000000 -0.470734 94.981378 0.000000 15.159843 0.074872 
466 2.729648 0.000000 -0.182137 94.847900 0.000000 15.709388 0.075709 
467 2.627500 0.000000 -0.182137 96.143885 0.000000 15.220811 0.052468 
468 2.729648 0.000000 -0.278336 94.850925 0.000000 15.657895 0.075813 
469 2.831796 0.000000 -0.182137 98.545101 0.000000 -0.000000 0.028886 
470 2.678574 0.000000 -0.037839 98.876242 0.000000 -0.000000 0.022349 
471 2.627500 0.000000 -0.037839 98.941908 0.000000 0.000000 0.021050 
472 2.678574 0.000000 -0.085938 98.909673 0.000000 0.000000 0.021688 
473 2.729648 0.000000 -0.037839 98.803127 0.000000 -0.000000 0.023794 
474 2.678574 0.000000 0.010260 98.884436 0.000000 -0.000000 0.022187 
475 3.648981 0.000000 0.491255 100.542467 0.000000 14.223915 -0.031111 
476 4.057573 0.000000 0.491255 99.869195 0.000000 15.829219 -0.022442 
477 3.648981 0.000000 0.876051 101.147397 0.000000 9.677030 -0.032444 
478 3.444685 0.000000 -0.085938 98.100173 0.000000 -0.000000 0.037636 
479 3.444685 0.000000 -0.278336 96.611479 0.000000 12.284259 0.051532 
480 3.648981 0.000000 -0.085938 97.605389 0.000000 12.465163 0.031781 
481 3.444685 0.000000 0.106459 98.098536 0.000000 -0.000000 0.037668 
482 3.444685 0.000000 0.298857 100.369136 0.000000 9.144976 -0.015759 
483 3.240389 0.000000 0.298857 101.690276 0.000000 8.298626 -0.040978 
484 3.648981 0.000000 0.298857 99.739416 0.000000 10.177034 -0.005152 
485 3.444685 0.000000 0.491255 101.179392 0.000000 13.300016 -0.041416 
486 3.342537 0.000000 0.010260 98.121147 0.000000 -0.000000 0.037224 
487 3.240389 0.000000 0.010260 98.124907 0.000000 0.000000 0.037150 
488 3.342537 0.000000 -0.085938 98.116088 0.000000 -0.000000 0.037323 
489 3.444685 0.000000 0.010260 98.106421 0.000000 -0.000000 0.037513 
490 3.342537 0.000000 0.106459 98.116243 0.000000 -0.000000 0.037320 
491 3.036093 0.000000 0.298857 103.292362 0.000000 8.658423 -0.074428 
492 3.036093 0.000000 0.491255 102.707561 0.000000 12.452884 -0.070392 
493 3.138241 0.000000 0.010260 98.194381 0.000000 -0.000000 0.035786 
494 3.036093 0.000000 0.010260 98.394054 0.000000 0.000000 0.031861 
495 3.138241 0.000000 -0.085938 98.208757 0.000000 -0.000000 0.035504 
496 3.138241 0.000000 0.106459 98.209216 0.000000 -0.000000 0.035495 
497 4.057573 0.000000 -2.202315 97.355327 0.000000 18.119622 0.019362 
498 4.057573 0.000000 -2.971906 97.356932 0.000000 18.868774 0.016560 
499 4.874757 0.000000 -2.202315 97.678827 0.000000 18.211428 0.012719 
500 3.648981 0.000000 -1.047928 97.061589 0.000000 15.725293 0.033176 
501 3.648981 0.000000 -1.432724 97.098142 0.000000 16.806257 0.028950 
502 4.057573 0.000000 -1.047928 97.547127 0.000000 15.808885 0.023464 
503 3.444685 0.000000 -0.470734 96.494985 0.000000 13.191510 0.051470 
504 3.240389 0.000000 -0.470734 95.631279 0.000000 13.389040 0.067539 
505 3.444685 0.000000 -0.663132 96.562911 0.000000 14.193349 0.047415 
506 3.648981 0.000000 -0.470734 97.150536 0.000000 13.258859 0.038598 
507 3.342537 0.000000 -0.182137 98.102911 0.000000 -0.000000 0.037582 
508 3.240389 0.000000 -0.182137 98.124295 0.000000 -0.000000 0.037162 
509 3.342537 0.000000 -0.278336 96.033054 0.000000 12.122390 0.063070 
510 3.444685 0.000000 -0.182137 96.837721 0.000000 12.053488 0.047717 
511 3.291463 0.000000 -0.037839 98.127724 0.000000 -0.000000 0.037095 
512 3.240389 0.000000 -0.037839 98.144674 0.000000 -0.000000 0.036762 
513 3.291463 0.000000 -0.085938 98.128659 0.000000 -0.000000 0.037077 
514 3.342537 0.000000 -0.037839 98.121294 0.000000 -0.000000 0.037221 
515 3.291463 0.000000 0.010260 98.127452 0.000000 -0.000000 0.037100 
516 3.036093 0.000000 -0.470734 94.922632 0.000000 14.142904 0.078967 
517 3.036093 0.000000 -0.663132 95.635773 0.000000 14.892861 0.063200 
518 3.138241 0.000000 -0.182137 98.181200 0.000000 0.000000 0.036045 
519 3.036093 0.000000 -0.182137 98.395822 0.000000 0.000000 0.031826 
520 3.138241 0.000000 -0.278336 94.380884 0.000000 12.349485 0.093974 
521 3.189315 0.000000 -0.037839 98.173118 0.000000 -0.000000 0.036204 
522 3.138241 0.000000 -0.037839 98.212971 0.000000 -0.000000 0.035421 
523 3.189315 0.000000 -0.085938 98.175218 0.000000 -0.000000 0.036163 
524 3.189315 0.000000 0.010260 98.162349 0.000000 -0.000000 0.036415 
525 3.342537 0.000000 0.202658 100.387497 0.000000 2.567768 -0.008424 
526 3.240389 0.000000 0.202658 98.111621 0.000000 -0.000000 0.037411 
527 3.444685 0.000000 0.202658 99.753469 0.000000 3.362772 0.003794 
528 3.342537 0.000000 0.298857 100.938494 0.000000 8.638324 -0.026320 
529 3.291463 0.000000 0.058360 98.128078 0.000000 -0.000000 0.037088 
530 3.240389 0.000000 0.058360 98.145325 0.000000 -0.000000 0.036750 
531 3.342537 0.000000 0.058360 98.121490 0.000000 -0.000000 0.037217 
532 3.291463 0.000000 0.106459 98.122688 0.000000 -0.000000 0.037194 
533 3.265926 0.000000 -0.013789 98.142127 0.000000 -0.000000 0.036812 
534 3.240389 0.000000 -0.013789 98.126626 0.000000 0.000000 0.037117 
535 3.265926 0.000000 -0.037839 98.142643 0.000000 -0.000000 0.036802 
536 3.291463 0.000000 -0.013789 98.127470 0.000000 -0.000000 0.037100 
537 3.265926 0.000000 0.010260 98.142090 0.000000 -0.000000 0.036813 
538 3.138241 0.000000 0.202658 98.179191 0.000000 0.000000 0.036085 
539 3.036093 0.000000 0.202658 98.398532 0.000000 0.000000 0.031773 
540 3.138241 0.000000 0.298857 102.547677 0.000000 8.264822 -0.058433 
541 3.189315 0.000000 0.058360 98.173904 0.000000 -0.000000 0.036188 
542 3.138241 0.000000 0.058360 98.225721 0.000000 -0.000000 0.035171 
543 3.189315 0.000000 0.106459 98.176260 0.000000 -0.000000 0.036142 
544 3.214852 0.000000 -0.013789 98.144695 0.000000 0.000000 0.036762 
545 3.189315 0.000000 -0.013789 98.164424 0.000000 -0.000000 0.036375 
546 3.214852 0.000000 -0.037839 98.167798 0.000000 -0.000000 0.036308 
547 3.214852 0.000000 0.010260 98.143131 0.000000 0.000000 0.036793 
548 2.933944 0.000000 0.010260 98.498684 0.000000 -0.000000 0.029801 
549 2.933944 0.000000 -0.085938 98.476041 0.000000 -0.000000 0.030247 
550 2.933944 0.000000 0.106459 98.474696 0.000000 -0.000000 0.030273 
551 3.087167 0.000000 -0.037839 98.272290 0.000000 -0.000000 0.034256 
552 3.036093 0.000000 -0.037839 98.392945 0.000000 0.000000 0.031883 
553 3.087167 0.000000 -0.085938 98.279856 0.000000 -0.000000 0.034107 
554 3.087167 0.000000 0.010260 98.240439 0.000000 -0.000000 0.034882 
555 3.163778 0.000000 -0.013789 98.178306 0.000000 -0.000000 0.036102 
556 3.138241 0.000000 -0.013789 98.195568 0.000000 -0.000000 0.035763 
557 3.163778 0.000000 -0.037839 98.198732 0.000000 -0.000000 0.035701 
558 3.163778 0.000000 0.010260 98.175807 0.000000 -0.000000 0.036151 
559 2.933944 0.000000 -0.182137 98.519703 0.000000 -0.000000 0.029387 
560 2.933944 0.000000 -0.278336 93.350174 0.000000 14.154364 0.108540 
561 2.985019 0.000000 -0.037839 98.440759 0.000000 -0.000000 0.030942 
562 2.933944 0.000000 -0.037839 98.489751 0.000000 -0.000000 0.029977 
563 2.985019 0.000000 -0.085938 98.442307 0.000000 -0.000000 0.030911 
564 2.985019 0.000000 0.010260 98.461282 0.000000 0.000000 0.030538 
565 2.882870 0.000000 -0.037839 98.517762 0.000000 -0.000000 0.029425 
566 2.831796 0.000000 -0.037839 98.671798 0.000000 -0.000000 0.026388 
567 2.882870 0.000000 -0.085938 98.516190 0.000000 -0.000000 0.029456 
568 2.882870 0.000000 0.010260 98.529805 0.000000 -0.000000 0.029188 
569 2.933944 0.000000 0.202658 98.518513 0.000000 0.000000 0.029410 
570 2.831796 0.000000 0.202658 98.561430 0.000000 -0.000000 0.028564 
571 2.933944 0.000000 0.298857 103.610052 0.000000 9.441218 -0.082418 
572 2.882870 0.000000 0.058360 98.517173 0.000000 -0.000000 0.029437 
573 2.831796 0.000000 0.058360 98.665086 0.000000 -0.000000 0.026520 
574 2.933944 0.000000 0.058360 98.488963 0.000000 -0.000000 0.029992 
575 2.882870 0.000000 0.106459 98.522355 0.000000 -0.000000 0.029335 
576 2.908407 0.000000 -0.013789 98.510511 0.000000 -0.000000 0.029568 
577 2.882870 0.000000 -0.013789 98.522885 0.000000 -0.000000 0.029324 
578 2.908407 0.000000 -0.037839 98.494726 0.000000 -0.000000 0.029879 
579 2.933944 0.000000 -0.013789 98.498316 0.000000 -0.000000 0.029808 
580 2.908407 0.000000 0.010260 98.511212 0.000000 -0.000000 0.029554 
581 2.780722 0.000000 -0.037839 98.717774 0.000000 -0.000000 0.025480 
582 2.780722 0.000000 -0.085938 98.682006 0.000000 -0.000000 0.026186 
583 2.780722 0.000000 0.010260 98.746960 0.000000 -0.000000 0.024904 
584 2.857333 0.000000 -0.013789 98.641228 0.000000 -0.000000 0.026991 
585 2.831796 0.000000 -0.013789 98.688494 0.000000 -0.000000 0.026058 
586 2.857333 0.000000 -0.037839 98.631390 0.000000 -0.000000 0.027185 
587 2.857333 0.000000 0.010260 98.620712 0.000000 -0.000000 0.027396 
588 2.729648 0.000000 0.202658 103.052042 0.000000 5.942946 -0.065504 
589 2.627500 0.000000 0.202658 101.957699 0.000000 6.078275 -0.043232 
590 2.729648 0.000000 0.298857 102.631554 0.000000 10.856929 -0.065111 
591 2.780722 0.000000 0.058360 98.702961 0.000000 -0.000000 0.025773 
592 2.729648 0.000000 0.058360 98.780842 0.000000 -0.000000 0.024235 
593 2.780722 0.000000 0.106459 98.538438 0.000000 -0.000000 0.029018 
594 2.857333 0.000000 0.034310 98.631944 0.000000 -0.000000 0.027174 
595 2.831796 0.000000 0.034310 98.672882 0.000000 -0.000000 0.026366 
596 2.882870 0.000000 0.034310 98.517844 0.000000 -0.000000 0.029423 
597 2.857333 0.000000 0.058360 98.578089 0.000000 -0.000000 0.028236 
598 2.870102 0.000000 -0.001764 98.566240 0.000000 -0.000000 0.028470 
599 2.857333 0.000000 -0.001764 98.598588 0.000000 0.000000 0.027832 
600 2.870102 0.000000 -0.013789 98.568361 0.000000 -0.000000 0.028428 
601 2.882870 0.000000 -0.001764 98.530949 0.000000 -0.000000 0.029165 
602 2.870102 0.000000 0.010260 98.565095 0.000000 -0.000000 0.028492 
603 9.777863 0.000000 1.645642 98.988360 0.000000 15.295921 -0.003266 
604 9.777863 0.000000 0.106459 98.696722 0.000000 16.421111 -0.001070 
605 11.412232 0.000000 1.645642 99.726126 0.000000 11.773641 -0.008392 
606 9.777863 0.000000 3.184825 98.519875 0.000000 17.671097 -0.001843 
607 7.326310 0.000000 0.876051 98.993631 0.000000 16.042189 -0.005709 
608 6.509126 0.000000 0.876051 98.719317 0.000000 18.051265 -0.007135 
609 7.326310 0.000000 0.106459 98.960639 0.000000 14.496312 -0.000335 
610 8.143494 0.000000 0.876051 100.717141 0.000000 7.441033 -0.019931 
611 7.326310 0.000000 1.645642 100.612181 0.000000 8.114834 -0.018866 
612 9.777863 0.000000 -1.432724 98.181346 0.000000 18.633865 0.001320 
613 9.777863 0.000000 -2.971906 97.978401 0.000000 19.451083 0.002189 
614 11.412232 0.000000 -1.432724 98.151480 0.000000 18.895902 0.000923 
615 7.326310 0.000000 -0.663132 98.482657 0.000000 16.947555 0.001395 
616 6.509126 0.000000 -0.663132 98.572320 0.000000 16.504028 0.001111 
617 7.326310 0.000000 -1.432724 98.202904 0.000000 18.072311 0.002958 
618 8.143494 0.000000 -0.663132 98.434521 0.000000 17.289512 0.001172 
619 8.960679 0.000000 0.876051 101.450540 0.000000 3.608598 -0.030523 
620 8.960679 0.000000 0.106459 98.799291 0.000000 15.859831 -0.001283 
621 9.777863 0.000000 0.876051 100.151586 0.000000 9.710315 -0.012463 
622 8.960679 0.000000 1.645642 100.685871 0.000000 7.383011 -0.019215 
623 7.734902 0.000000 0.491255 97.499605 0.000000 17.691328 0.018084 
624 7.326310 0.000000 0.491255 100.934747 0.000000 5.955753 -0.022329 
625 7.734902 0.000000 0.106459 98.887406 0.000000 14.822152 0.000158 
626 8.143494 0.000000 0.491255 99.499689 0.000000 11.121389 -0.002387 
627 7.734902 0.000000 0.876051 99.749092 0.000000 12.419090 -0.010412 
628 5.691941 0.000000 0.876051 100.760123 0.000000 11.485782 -0.028453 
629 5.691941 0.000000 0.106459 99.805538 0.000000 10.903611 -0.008003 
630 5.691941 0.000000 1.645642 98.773734 0.000000 16.654032 -0.003361 
631 -18.006403 0.000000 -18.363735 97.795405 0.000000 20.797571 0.000352 
632 -24.543877 0.000000 -18.363735 97.803617 0.000000 20.798258 0.000189 
633 -18.006403 0.000000 -24.520467 97.798458 0.000000 20.792672 0.000313 
634 21.218443 0.000000 -18.363735 97.809299 0.000000 20.697908 0.000494 
635 21.218443 0.000000 -24.520467 97.805949 0.000000 20.735634 0.000403 
636 27.755917 0.000000 -18.363735 97.816823 0.000000 20.706223 0.000312 
637 -8.200191 0.000000 -9.128638 97.735495 0.000000 20.815477 0.001449 
638 -11.468929 0.000000 -9.128638 97.768692 0.000000 20.819731 0.000782 
639 -8.200191 0.000000 -12.207004 97.748399 0.000000 20.796407 0.001276 
640 11.412232 0.000000 -9.128638 97.795470 0.000000 20.446690 0.001798 
641 11.412232 0.000000 -12.207004 97.781542 0.000000 20.581242 0.001518 
642 14.680969 0.000000 -9.128638 97.820877 0.000000 20.477976 0.001173 
643 -3.297086 0.000000 -4.511089 97.499311 0.000000 20.881411 0.005785 
644 -4.931454 0.000000 -4.511089 97.626272 0.000000 20.898586 0.003236 
645 -3.297086 0.000000 -6.050272 97.551927 0.000000 20.801681 0.005091 
646 6.509126 0.000000 -4.511089 97.726630 0.000000 19.717536 0.006072 
647 6.509126 0.000000 -6.050272 97.694594 0.000000 20.081593 0.005250 
648 8.143494 0.000000 -4.511089 97.822157 0.000000 19.797140 0.003890 
649 -0.845533 0.000000 -2.202315 96.650531 0.000000 21.138148 0.021185 
650 -1.662717 0.000000 -2.202315 97.078884 0.000000 21.227965 0.012506 
651 -0.845533 0.000000 -2.971906 96.857219 0.000000 20.852751 0.018384 
652 -0.436941 0.000000 -1.047928 96.008690 0.000000 22.440631 0.027875 
653 -0.845533 0.000000 -1.047928 96.638054 0.000000 22.200337 0.016823 
654 -0.436941 0.000000 -1.432724 95.986868 0.000000 21.762778 0.031290 
655 0.175947 0.000000 -0.470734 66.214238 0.000000 -1.635027 0.561300 
656 -0.028349 0.000000 -0.470734 78.134099 0.000000 -2.206419 0.389019 
657 0.175947 0.000000 -0.663132 78.654005 0.000000 -2.190716 0.380875 
658 2.014612 0.000000 -1.047928 95.592855 0.000000 16.640385 0.058510 
659 2.014612 0.000000 -1.432724 95.695745 0.000000 17.502170 0.053600 
660 0.278096 0.000000 -0.182137 74.651774 0.000000 -1.197780 0.442568 
661 0.175947 0.000000 -0.182137 71.139107 0.000000 -1.377984 0.493733 
662 0.278096 0.000000 -0.278336 74.731300 0.000000 -1.190447 0.441382 
663 0.482392 0.000000 0.202658 81.104438 0.000000 -0.873684 0.342131 
664 0.380244 0.000000 0.202658 79.387784 0.000000 -0.962203 0.369665 
665 0.482392 0.000000 0.298857 81.308865 0.000000 -0.861189 0.338813 
666 0.533466 0.000000 0.058360 83.667470 0.000000 -0.331826 0.299964 
667 0.482392 0.000000 0.058360 86.721126 0.000000 -0.280082 0.247937 
668 0.533466 0.000000 0.106459 79.538770 0.000000 -0.467407 0.367337 
669 0.431318 0.000000 0.058360 91.209474 0.000000 -0.315451 0.168073 
670 0.380244 0.000000 0.058360 90.980121 0.000000 -0.341679 0.172250 
671 0.431318 0.000000 0.106459 88.701925 0.000000 -0.452550 0.213176 
672 0.278096 0.000000 0.202658 74.632262 0.000000 -1.199593 0.442859 
673 0.175947 0.000000 0.202658 71.133990 0.000000 -1.379046 0.493805 
674 0.278096 0.000000 0.298857 74.705769 0.000000 -1.192754 0.441763 
675 0.839910 0.000000 0.058360 77.757890 0.000000 -0.316893 0.395361 
676 0.839910 0.000000 0.106459 74.337091 0.000000 -0.484179 0.447376 
677 0.610077 0.000000 0.034310 75.768197 0.000000 -0.286664 0.425910 
678 0.584540 0.000000 0.034310 79.519144 0.000000 -0.249203 0.367664 
679 0.610077 0.000000 0.058360 73.524241 0.000000 -0.336505 0.459407 
680 1.810316 0.000000 -0.470734 97.905623 0.000000 -0.048821 0.041449 
681 1.810316 0.000000 -0.663132 95.328201 0.000000 15.083285 0.068503 
682 2.014612 0.000000 -0.470734 96.220234 0.000000 14.546436 0.053007 
683 2.218908 0.000000 -0.470734 96.397778 0.000000 15.116889 0.047895 
684 2.218908 0.000000 -0.663132 96.053524 0.000000 15.697456 0.052731 
685 1.146354 0.000000 0.058360 88.355815 0.000000 -0.441062 0.219306 
686 1.146354 0.000000 0.106459 85.285648 0.000000 -0.630816 0.272596 
687 0.916521 0.000000 0.034310 89.619893 0.000000 -0.272888 0.196820 
688 0.890984 0.000000 0.034310 84.938649 0.000000 -0.232053 0.278537 
689 0.916521 0.000000 0.058360 88.417553 0.000000 -0.313258 0.218224 
690 9.777863 0.000000 -4.511089 97.867918 0.000000 19.874323 0.002688 
691 9.777863 0.000000 -6.050272 97.811315 0.000000 20.135066 0.002753 
692 11.412232 0.000000 -4.511089 97.895125 0.000000 19.948672 0.001860 
693 5.691941 0.000000 -0.663132 98.617871 0.000000 15.846838 0.002339 
694 5.691941 0.000000 -1.432724 98.122169 0.000000 17.470302 0.006683 
695 2.525352 0.000000 -0.182137 96.868275 0.000000 14.552169 0.040477 
696 2.423204 0.000000 -0.182137 97.255408 0.000000 13.943820 0.034696 
697 2.525352 0.000000 -0.278336 96.372766 0.000000 15.301766 0.047815 
698 2.525352 0.000000 0.202658 101.236950 0.000000 6.044218 -0.028545 
699 2.423204 0.000000 0.202658 100.798022 0.000000 6.046777 -0.019680 
700 2.525352 0.000000 0.298857 101.287133 0.000000 11.028837 -0.038072 
701 2.678574 0.000000 0.058360 98.885209 0.000000 -0.000000 0.022172 
702 2.627500 0.000000 0.058360 98.946613 0.000000 0.000000 0.020957 
703 2.678574 0.000000 0.106459 101.884837 0.000000 5.222170 -0.040779 
704 3.087167 0.000000 0.058360 98.279945 0.000000 -0.000000 0.034105 
705 3.036093 0.000000 0.058360 98.386235 0.000000 0.000000 0.032015 
706 3.087167 0.000000 0.106459 98.275142 0.000000 -0.000000 0.034200 
707 2.985019 0.000000 0.058360 98.443511 0.000000 -0.000000 0.030888 
708 2.985019 0.000000 0.106459 98.441358 0.000000 -0.000000 0.030930 
709 2.908407 0.000000 0.034310 98.494868 0.000000 -0.000000 0.029876 
710 2.933944 0.000000 0.034310 98.489860 0.000000 -0.000000 0.029975 
711 2.908407 0.000000 0.058360 98.514523 0.000000 -0.000000 0.029489 
712 8.960679 0.000000 -0.663132 98.401809 0.000000 17.594821 0.000751 
713 8.960679 0.000000 -1.432724 98.192258 0.000000 18.470524 0.001712 
714 9.777863 0.000000 -0.663132 98.365526 0.000000 17.864349 0.000509 
715 5.691941 0.000000 -2.202315 97.872879 0.000000 18.387025 0.008282 
716 5.691941 0.000000 -2.971906 97.744773 0.000000 18.979258 0.008575 
717 6.509126 0.000000 -2.202315 97.975012 0.000000 18.572000 0.005598 
718 7.326310 0.000000 -2.202315 98.023948 0.000000 18.737304 0.004022 
719 7.326310 0.000000 -2.971906 97.906840 0.000000 19.185458 0.004617 
720 8.143494 0.000000 -2.202315 98.047312 0.000000 18.879677 0.003028 
721 2.321056 0.000000 -0.182137 97.449056 0.000000 13.327069 0.032607 
722 2.218908 0.000000 -0.182137 97.522148 0.000000 12.750687 0.032685 
723 2.321056 0.000000 -0.278336 96.965230 0.000000 14.518970 0.038694 
724 2.321056 0.000000 0.202658 100.539276 0.000000 6.010092 -0.014427 
725 2.218908 0.000000 0.202658 100.395106 0.000000 5.977030 -0.011490 
726 2.321056 0.000000 0.298857 100.673525 0.000000 10.655328 -0.024869 
727 8.960679 0.000000 -2.202315 98.058222 0.000000 19.004358 0.002342 
728 8.960679 0.000000 -2.971906 97.965020 0.000000 19.369156 0.002769 
729 9.777863 0.000000 -2.202315 98.062400 0.000000 19.118036 0.001827 
730 2.116760 0.000000 -0.182137 97.510789 0.000000 12.170405 0.034353 
731 2.014612 0.000000 -0.182137 97.952954 0.000000 -0.044776 0.040522 
732 2.116760 0.000000 -0.278336 97.026735 0.000000 13.626610 0.040013 
733 2.116760 0.000000 0.202658 100.318648 0.000000 5.895510 -0.009859 
734 2.014612 0.000000 0.202658 97.900498 0.000000 -0.045762 0.041549 
735 2.116760 0.000000 0.298857 100.549662 0.000000 9.994140 -0.021012 
1 19 21 9 22 
2 20 19 22 4 
3 28 29 3 30 
4 21 28 30 9 
5 35 37 21 38 
6 36 35 38 19 
7 44 45 28 46 
8 37 44 46 21 
9 51 53 37 54 
10 52 51 54 35 
11 60 61 44 62 
12 53 60 62 37 
13 67 69 53 70 
14 68 67 70 51 
15 11 78 76 77 
16 78 10 24 76 
17 76 24 14 79 
18 77 76 79 6 
19 24 82 80 81 
20 82 23 40 80 
21 80 40 27 83 
22 81 80 83 14 
23 40 86 84 85 
24 86 39 56 84 
25 84 56 43 87 
26 85 84 87 27 
27 56 90 88 89 
28 89 88 91 43 
29 92 93 60 94 
30 69 92 94 53 
31 95 97 69 98 
32 96 95 98 67 
33 6 79 112 113 
34 79 14 36 112 
35 112 36 19 114 
36 113 112 114 20 
37 14 83 115 116 
38 83 27 52 115 
39 115 52 35 117 
40 116 115 117 36 
41 27 87 118 119 
42 87 43 68 118 
43 118 68 51 120 
44 119 118 120 52 
45 43 91 121 122 
46 121 96 67 123 
47 122 121 123 68 
48 124 126 95 127 
49 125 124 127 96 
50 88 135 133 134 
51 135 72 100 133 
52 133 100 59 136 
53 134 133 136 91 
54 100 139 137 138 
55 138 137 140 59 
56 141 142 92 143 
57 97 141 143 69 
58 144 145 97 146 
59 126 144 146 95 
60 147 149 126 150 
61 148 147 150 124 
62 91 136 156 157 
63 136 59 125 156 
64 156 125 96 158 
65 157 156 158 121 
66 59 140 159 160 
67 159 148 124 161 
68 160 159 161 125 
69 137 164 162 163 
70 164 129 152 162 
71 162 152 103 165 
72 163 162 165 140 
73 12 168 166 167 
74 168 7 169 166 
75 166 169 13 25 
76 167 166 25 10 
77 25 172 170 171 
78 172 13 173 170 
79 170 173 26 41 
80 171 170 41 23 
81 41 176 174 175 
82 176 26 177 174 
83 174 177 42 57 
84 175 174 57 39 
85 57 180 178 179 
86 180 42 181 178 
87 178 181 58 73 
88 179 178 73 55 
89 55 184 182 183 
90 184 73 185 182 
91 182 185 71 101 
92 183 182 101 72 
93 101 188 186 187 
94 188 71 189 186 
95 186 189 102 130 
96 187 186 130 99 
97 99 192 190 191 
98 192 130 193 190 
99 190 193 128 153 
100 191 190 153 129 
101 129 196 194 195 
102 196 153 197 194 
103 194 197 151 198 
104 195 194 198 152 
105 130 208 207 193 
106 208 102 209 207 
107 207 209 131 204 
108 193 207 204 128 
109 128 212 210 211 
110 212 204 213 210 
111 215 216 144 217 
112 149 215 217 126 
113 204 223 222 213 
114 223 131 224 222 
115 222 224 205 225 
116 213 222 225 203 
117 132 206 226 227 
118 206 75 228 226 
119 226 228 149 229 
120 227 226 229 147 
121 230 232 206 233 
122 231 230 233 132 
123 210 236 234 235 
124 236 213 237 234 
125 234 237 203 238 
126 153 240 239 197 
127 240 128 211 239 
128 239 211 154 241 
129 197 239 241 151 
130 211 244 242 243 
131 244 210 235 242 
132 242 235 214 245 
133 243 242 245 154 
134 203 225 246 232 
135 225 205 247 246 
136 246 247 75 248 
137 232 246 248 206 
138 214 238 249 250 
139 238 203 251 249 
140 249 251 232 252 
141 250 249 252 230 
142 235 255 253 254 
143 255 234 256 253 
144 253 256 238 257 
145 254 253 257 214 
146 73 259 258 185 
147 259 58 260 258 
148 258 260 74 109 
149 185 258 109 71 
150 71 262 261 189 
151 262 109 263 261 
152 261 263 108 200 
153 189 261 200 102 
154 102 265 264 209 
155 265 200 266 264 
156 264 266 199 219 
157 209 264 219 131 
158 131 268 267 224 
159 268 219 269 267 
160 267 269 218 270 
161 224 267 270 205 
162 276 110 277 275 
163 275 277 5 278 
164 219 284 283 269 
165 284 199 285 283 
166 200 288 287 266 
167 288 108 289 287 
168 287 289 201 280 
169 266 287 280 199 
170 199 291 290 285 
171 291 280 292 290 
172 290 292 279 293 
173 285 290 293 220 
174 75 221 294 228 
175 221 202 295 294 
176 294 295 215 296 
177 228 294 296 149 
178 297 299 202 300 
179 298 297 300 221 
180 283 303 301 302 
181 303 285 304 301 
182 301 304 220 305 
183 269 308 306 307 
184 308 283 302 306 
185 306 302 286 309 
186 307 306 309 218 
187 310 311 141 312 
188 145 310 312 97 
189 278 5 314 313 
190 313 314 145 315 
191 216 313 315 144 
192 202 282 316 295 
193 282 111 317 316 
194 316 317 216 318 
195 295 316 318 215 
196 220 293 319 299 
197 293 279 320 319 
198 319 320 282 321 
199 299 319 321 202 
200 286 305 322 323 
201 305 220 324 322 
202 322 324 299 325 
203 323 322 325 297 
204 302 328 326 327 
205 328 301 329 326 
206 326 329 305 330 
207 327 326 330 286 
208 332 275 333 331 
209 331 333 278 334 
210 280 336 335 292 
211 336 201 337 335 
212 335 337 281 338 
213 292 335 338 279 
214 109 340 339 263 
215 340 74 341 339 
216 339 341 110 276 
217 263 339 276 108 
218 108 343 342 289 
219 343 276 344 342 
220 342 344 275 332 
221 289 342 332 201 
222 201 346 345 337 
223 346 332 347 345 
224 345 347 331 348 
225 111 334 349 317 
226 334 278 350 349 
227 349 350 313 351 
228 317 349 351 216 
229 281 348 352 353 
230 348 331 354 352 
231 352 354 334 355 
232 353 352 355 111 
233 337 358 356 357 
234 358 345 359 356 
235 356 359 348 360 
236 357 356 360 281 
237 110 362 361 277 
238 362 271 363 361 
239 277 361 364 5 
240 15 366 365 33 
241 366 17 367 365 
242 365 367 8 368 
243 33 365 368 18 
244 370 33 371 369 
245 369 371 18 372 
246 378 65 379 377 
247 377 379 50 380 
248 5 364 389 314 
249 364 274 390 389 
250 389 390 310 391 
251 314 389 391 145 
252 361 394 392 393 
253 394 363 395 392 
254 392 395 274 396 
255 393 392 396 364 
256 18 368 397 45 
257 368 8 398 397 
258 397 398 29 399 
259 45 397 399 28 
260 372 18 401 400 
261 400 401 45 402 
262 61 400 402 44 
263 403 404 61 405 
264 93 403 405 60 
265 380 50 407 406 
266 406 407 93 408 
267 142 406 408 92 
268 409 410 142 411 
269 311 409 411 141 
270 412 413 311 414 
271 390 412 414 310 
272 363 416 415 395 
273 416 385 417 415 
274 415 417 388 418 
275 395 415 418 274 
276 385 424 423 417 
277 424 387 425 423 
278 423 425 107 426 
279 417 423 426 388 
280 427 428 409 429 
281 413 427 429 311 
282 387 431 430 425 
283 431 419 432 430 
284 430 432 422 433 
285 425 430 433 107 
286 435 377 436 434 
287 434 436 380 437 
288 7 447 446 169 
289 447 16 448 446 
290 446 448 15 32 
291 169 446 32 13 
292 13 450 449 173 
293 450 32 451 449 
294 449 451 31 48 
295 173 449 48 26 
296 26 453 452 177 
297 453 48 454 452 
298 452 454 47 64 
299 177 452 64 42 
300 42 456 455 181 
301 456 64 457 455 
302 455 457 63 105 
303 181 455 105 58 
304 105 460 458 459 
305 460 63 461 458 
306 458 461 106 382 
307 459 458 382 104 
308 104 464 462 463 
309 464 382 465 462 
310 462 465 381 420 
311 463 462 420 273 
312 420 468 466 467 
313 468 381 469 466 
314 466 469 421 443 
315 467 466 443 419 
316 419 472 470 471 
317 472 443 473 470 
318 470 473 442 474 
319 471 470 474 432 
320 437 380 476 475 
321 475 476 406 477 
322 410 475 477 142 
323 479 434 480 478 
324 478 480 437 481 
325 481 437 484 482 
326 482 484 475 485 
327 483 482 485 410 
328 488 478 489 486 
329 486 489 481 490 
330 491 483 410 492 
331 428 491 492 409 
332 64 498 497 457 
333 498 47 499 497 
334 497 499 65 378 
335 457 497 378 63 
336 63 501 500 461 
337 501 378 502 500 
338 500 502 377 435 
339 461 500 435 106 
340 106 505 503 504 
341 505 435 506 503 
342 503 506 434 479 
343 504 503 479 383 
344 383 509 507 508 
345 509 479 510 507 
346 507 510 478 488 
347 508 507 488 440 
348 440 513 511 512 
349 513 488 514 511 
350 511 514 486 515 
351 382 517 516 465 
352 517 106 504 516 
353 516 504 383 439 
354 465 516 439 381 
355 439 520 518 519 
356 520 383 508 518 
357 518 508 440 495 
358 519 518 495 438 
359 495 523 521 522 
360 523 440 512 521 
361 66 490 525 526 
362 490 481 527 525 
363 525 527 482 528 
364 526 525 528 483 
365 487 515 529 530 
366 515 486 531 529 
367 529 531 490 532 
368 530 529 532 66 
369 512 535 533 534 
370 535 511 536 533 
371 533 536 515 537 
372 534 533 537 487 
373 441 496 538 539 
374 496 66 526 538 
375 538 526 483 540 
376 539 538 540 491 
377 493 524 541 542 
378 524 487 530 541 
379 541 530 66 543 
380 542 541 543 496 
381 521 546 544 545 
382 546 512 534 544 
383 544 534 487 547 
384 545 544 547 524 
385 438 553 551 552 
386 553 495 522 551 
387 551 522 493 554 
388 552 551 554 494 
389 522 557 555 556 
390 557 521 545 555 
391 555 545 524 558 
392 556 555 558 493 
393 381 560 559 469 
394 560 439 519 559 
395 559 519 438 549 
396 469 559 549 421 
397 549 563 561 562 
398 563 438 552 561 
399 561 552 494 564 
400 562 561 564 548 
401 421 567 565 566 
402 567 549 562 565 
403 384 550 569 570 
404 550 441 539 569 
405 569 539 491 571 
406 570 569 571 428 
407 572 574 550 575 
408 573 572 575 384 
409 565 578 576 577 
410 578 562 579 576 
411 576 579 548 580 
412 577 576 580 568 
413 443 582 581 473 
414 582 421 566 581 
415 581 566 444 583 
416 473 581 583 442 
417 566 586 584 585 
418 586 565 577 584 
419 585 584 587 444 
420 422 445 588 589 
421 445 384 570 588 
422 588 570 428 590 
423 589 588 590 427 
424 442 583 591 592 
425 583 444 573 591 
426 591 573 384 593 
427 592 591 593 445 
428 444 587 594 595 
429 587 568 596 594 
430 594 596 572 597 
431 595 594 597 573 
432 584 600 598 599 
433 600 577 601 598 
434 598 601 568 602 
435 599 598 602 587 
436 604 372 605 603 
437 603 605 400 606 
438 404 603 606 61 
439 376 609 607 608 
440 607 610 404 611 
441 608 607 611 403 
442 613 369 614 612 
443 612 614 372 604 
444 373 617 615 616 
445 617 375 618 615 
446 615 618 34 609 
447 616 615 609 376 
448 34 620 619 610 
449 620 604 621 619 
450 619 621 603 622 
451 610 619 622 404 
452 609 625 623 624 
453 625 34 626 623 
454 623 626 610 627 
455 624 623 627 607 
456 50 629 628 407 
457 629 376 608 628 
458 628 608 403 630 
459 407 628 630 93 
460 1 633 631 632 
461 633 12 167 631 
462 631 167 10 78 
463 632 631 78 11 
464 16 635 634 448 
465 635 2 636 634 
466 634 636 17 366 
467 448 634 366 15 
468 10 639 637 638 
469 639 25 171 637 
470 637 171 23 82 
471 638 637 82 24 
472 32 641 640 451 
473 641 15 642 640 
474 640 642 33 370 
475 451 640 370 31 
476 23 645 643 644 
477 645 41 175 643 
478 643 175 39 86 
479 644 643 86 40 
480 48 647 646 454 
481 647 31 648 646 
482 646 648 49 374 
483 454 646 374 47 
484 39 651 649 650 
485 651 57 179 649 
486 649 179 55 90 
487 650 649 90 56 
488 90 654 652 653 
489 654 55 183 652 
490 652 183 72 135 
491 653 652 135 88 
492 72 657 655 656 
493 657 101 187 655 
494 655 187 99 139 
495 656 655 139 100 
496 58 659 658 260 
497 659 105 459 658 
498 658 459 104 272 
499 260 658 272 74 
500 139 662 660 661 
501 662 99 191 660 
502 660 191 129 164 
503 661 660 164 137 
504 103 155 663 664 
505 155 132 227 663 
506 663 227 147 665 
507 664 663 665 148 
508 151 241 666 667 
509 241 154 231 666 
510 666 231 132 668 
511 667 666 668 155 
512 152 198 669 670 
513 198 151 667 669 
514 669 667 155 671 
515 670 669 671 103 
516 140 165 672 673 
517 165 103 664 672 
518 672 664 148 674 
519 673 672 674 159 
520 205 270 675 247 
521 270 218 298 675 
522 675 298 221 676 
523 247 675 676 75 
524 154 245 677 678 
525 245 214 250 677 
526 677 250 230 679 
527 678 677 679 231 
528 74 681 680 341 
529 681 272 682 680 
530 680 682 271 362 
531 341 680 362 110 
532 272 684 683 682 
533 684 104 463 683 
534 683 463 273 386 
535 682 683 386 271 
536 279 338 685 320 
537 338 281 353 685 
538 685 353 111 686 
539 320 685 686 282 
540 218 309 687 688 
541 309 286 323 687 
542 687 323 297 689 
543 688 687 689 298 
544 31 691 690 648 
545 691 370 692 690 
546 690 692 369 613 
547 648 690 613 49 
548 65 694 693 379 
549 694 373 616 693 
550 693 616 376 629 
551 379 693 629 50 
552 273 697 695 696 
553 697 420 467 695 
554 695 467 419 431 
555 696 695 431 387 
556 107 433 698 699 
557 433 422 589 698 
558 698 589 427 700 
559 699 698 700 413 
560 432 474 701 702 
561 474 442 592 701 
562 701 592 445 703 
563 702 701 703 422 
564 494 554 704 705 
565 554 493 542 704 
566 704 542 496 706 
567 705 704 706 441 
568 548 564 707 574 
569 564 494 705 707 
570 707 705 441 708 
571 574 707 708 550 
572 568 580 709 596 
573 580 548 710 709 
574 709 710 574 711 
575 596 709 711 572 
576 375 713 712 618 
577 713 612 714 712 
578 712 714 604 620 
579 618 712 620 34 
580 47 716 715 499 
581 716 374 717 715 
582 715 717 373 694 
583 499 715 694 65 
584 374 719 718 717 
585 719 49 720 718 
586 718 720 375 617 
587 717 718 617 373 
588 386 723 721 722 
589 723 273 696 721 
590 721 696 387 424 
591 722 721 424 385 
592 388 426 724 725 
593 426 107 699 724 
594 724 699 413 726 
595 725 724 726 412 
596 49 728 727 720 
597 728 613 729 727 
598 727 729 612 713 
599 720 727 713 375 
600 271 732 730 731 
601 732 386 722 730 
602 730 722 385 416 
603 731 730 416 363 
604 274 418 733 734 
605 418 388 725 733 
606 733 725 412 735 
607 734 733 735 390 
