2 0.000000 100.000000 473.401889
762 637 
1 -23.525554 0.000000 -23.504561 96.106943 0.000000 27.571304 0.000328 
2 28.046526 0.000000 -23.504561 96.124420 0.000000 27.471459 0.000541 
3 28.046526 0.000000 23.856739 96.232509 0.000000 27.242174 -0.000283 
4 -23.525554 0.000000 23.856739 96.156755 0.000000 27.566849 -0.000605 
5 2.260486 0.000000 0.176089 96.675576 0.000000 -0.260900 0.065376 
6 -23.525554 0.000000 0.176089 96.135386 0.000000 27.597271 -0.000362 
7 2.260486 0.000000 -23.504561 96.067761 0.000000 27.502748 0.001458 
8 28.046526 0.000000 0.176089 96.471016 0.000000 26.306141 0.000133 
9 2.260486 0.000000 23.856739 96.228333 0.000000 27.459781 -0.001393 
10 -10.632534 0.000000 -11.664236 96.045287 0.000000 27.593345 0.001391 
11 -23.525554 0.000000 -11.664236 96.110345 0.000000 27.586401 0.000179 
12 -10.632534 0.000000 -23.504561 96.082615 0.000000 27.556666 0.000876 
13 2.260486 0.000000 -11.664236 95.899221 0.000000 27.307367 0.005765 
14 -10.632534 0.000000 0.176089 96.163520 0.000000 27.704120 -0.001494 
15 15.153506 0.000000 -11.664236 96.122148 0.000000 27.210326 0.002013 
16 15.153506 0.000000 -23.504561 96.098877 0.000000 27.464563 0.001070 
17 28.046526 0.000000 -11.664236 96.163856 0.000000 27.323253 0.000595 
18 15.153506 0.000000 0.176089 97.069812 0.000000 24.077276 -0.000226 
19 -10.632534 0.000000 12.016414 96.253039 0.000000 27.574961 -0.002503 
20 -23.525554 0.000000 12.016414 96.157858 0.000000 27.582873 -0.000715 
21 2.260486 0.000000 12.016414 96.522640 0.000000 27.145197 -0.005348 
22 -10.632534 0.000000 23.856739 96.192285 0.000000 27.543168 -0.001158 
23 -4.186024 0.000000 -5.744073 95.784000 0.000000 27.660152 0.006034 
24 -10.632534 0.000000 -5.744073 96.057289 0.000000 27.657626 0.000805 
25 -4.186024 0.000000 -11.664236 95.948028 0.000000 27.528306 0.003617 
26 2.260486 0.000000 -5.744073 95.323035 0.000000 26.636880 0.020400 
27 -4.186024 0.000000 0.176089 96.263226 0.000000 28.143768 -0.005868 
28 15.153506 0.000000 12.016414 96.490624 0.000000 26.459133 -0.001053 
29 28.046526 0.000000 12.016414 96.853409 0.000000 25.050749 -0.000812 
30 15.153506 0.000000 23.856739 96.224941 0.000000 27.353589 -0.000746 
31 8.706996 0.000000 -5.744073 96.113203 0.000000 26.317579 0.006964 
32 8.706996 0.000000 -11.664236 96.035314 0.000000 27.176695 0.003865 
33 15.153506 0.000000 -5.744073 96.268385 0.000000 26.702111 0.001940 
34 8.706996 0.000000 0.176089 98.016840 0.000000 20.901236 -0.004416 
35 -4.186024 0.000000 6.096252 96.644934 0.000000 27.587612 -0.010132 
36 -10.632534 0.000000 6.096252 96.259161 0.000000 27.642971 -0.002996 
37 2.260486 0.000000 6.096252 97.432632 0.000000 26.189256 -0.017899 
38 -4.186024 0.000000 12.016414 96.393754 0.000000 27.475438 -0.004666 
39 -0.962769 0.000000 -2.783992 94.695109 0.000000 27.959572 0.025110 
40 -4.186024 0.000000 -2.783992 95.820949 0.000000 27.927115 0.003842 
41 -0.962769 0.000000 -5.744073 95.417995 0.000000 27.391988 0.014509 
42 2.260486 0.000000 -2.783992 93.765189 0.000000 24.783929 0.059385 
43 -0.962769 0.000000 0.176089 96.269771 0.000000 30.024802 -0.016936 
44 8.706996 0.000000 6.096252 97.077319 0.000000 24.681336 -0.003317 
45 15.153506 0.000000 6.096252 97.449756 0.000000 23.012171 -0.002601 
46 8.706996 0.000000 12.016414 96.476944 0.000000 26.789302 -0.002547 
47 5.483741 0.000000 -2.783992 95.971082 0.000000 23.968430 0.021507 
48 5.483741 0.000000 -5.744073 95.784551 0.000000 26.217354 0.013797 
49 8.706996 0.000000 -2.783992 96.541347 0.000000 24.931662 0.005818 
50 5.483741 0.000000 0.176089 98.039495 0.000000 16.740057 0.010803 
51 -0.962769 0.000000 3.136170 98.025469 0.000000 27.740859 -0.037855 
52 -4.186024 0.000000 3.136170 96.670085 0.000000 27.873682 -0.012205 
53 2.260486 0.000000 3.136170 99.535789 0.000000 24.258299 -0.049584 
54 -0.962769 0.000000 6.096252 97.140093 0.000000 27.213643 -0.017678 
55 0.648858 0.000000 -1.303952 90.330708 0.000000 27.729659 0.107143 
56 -0.962769 0.000000 -1.303952 94.733869 0.000000 29.104541 0.017842 
57 0.648858 0.000000 -2.783992 93.588303 0.000000 26.839777 0.052086 
58 2.260486 0.000000 -1.303952 91.418037 0.000000 20.445905 0.122471 
59 0.648858 0.000000 0.176089 92.592561 0.000000 -0.722013 0.142610 
60 5.483741 0.000000 3.136170 97.897385 0.000000 22.240393 -0.007853 
61 8.706996 0.000000 3.136170 97.684974 0.000000 22.135249 -0.003232 
62 5.483741 0.000000 6.096252 97.183412 0.000000 25.277938 -0.008359 
63 3.872114 0.000000 -1.303952 95.050083 0.000000 19.864614 0.057088 
64 3.872114 0.000000 -2.783992 95.002146 0.000000 23.866803 0.040497 
65 5.483741 0.000000 -1.303952 96.738296 0.000000 20.909910 0.020448 
66 3.872114 0.000000 0.176089 97.819953 0.000000 -0.000000 0.043126 
67 0.648858 0.000000 1.656130 102.246144 0.000000 27.978292 -0.123706 
68 -0.962769 0.000000 1.656130 98.129248 0.000000 28.937540 -0.046673 
69 2.260486 0.000000 1.656130 102.180000 0.000000 21.828807 -0.091725 
70 0.648858 0.000000 3.136170 99.378473 0.000000 26.530362 -0.057994 
71 1.454672 0.000000 -0.563931 90.947748 0.000000 -1.182510 0.172711 
72 0.648858 0.000000 -0.563931 85.171565 0.000000 27.956235 0.196425 
73 1.454672 0.000000 -1.303952 89.322375 0.000000 23.557565 0.146655 
74 2.260486 0.000000 -0.563931 97.840896 0.000000 -0.305986 0.042707 
75 1.454672 0.000000 0.176089 88.358366 0.000000 -0.830620 0.219211 
76 -17.079044 0.000000 -5.744073 96.107755 0.000000 27.615019 0.000071 
77 -23.525554 0.000000 -5.744073 96.120267 0.000000 27.594437 -0.000056 
78 -17.079044 0.000000 -11.664236 96.091764 0.000000 27.593851 0.000495 
79 -17.079044 0.000000 0.176089 96.142685 0.000000 27.624625 -0.000654 
80 -7.409279 0.000000 -2.783992 96.038980 0.000000 27.784646 0.000453 
81 -10.632534 0.000000 -2.783992 96.098696 0.000000 27.692992 -0.000186 
82 -7.409279 0.000000 -5.744073 95.978185 0.000000 27.682517 0.002187 
83 -7.409279 0.000000 0.176089 96.193707 0.000000 27.829068 -0.002769 
84 -2.574397 0.000000 -1.303952 95.718306 0.000000 28.442988 0.002900 
85 -4.186024 0.000000 -1.303952 95.989628 0.000000 28.083680 -0.000270 
86 -2.574397 0.000000 -2.783992 95.474601 0.000000 28.037292 0.009851 
87 -2.574397 0.000000 0.176089 96.336465 0.000000 28.688502 -0.010374 
88 -0.156955 0.000000 -0.563931 93.970979 0.000000 31.873201 0.015355 
89 -0.962769 0.000000 -0.563931 95.403032 0.000000 29.755879 0.001285 
90 -0.156955 0.000000 -1.303952 93.115246 0.000000 29.385970 0.046602 
91 -0.156955 0.000000 0.176089 95.661960 0.000000 31.121649 -0.011977 
92 3.872114 0.000000 1.656130 99.116495 0.000000 20.823049 -0.025768 
93 5.483741 0.000000 1.656130 99.427397 0.000000 15.829984 -0.013640 
94 3.872114 0.000000 3.136170 98.621064 0.000000 22.808385 -0.024634 
95 1.454672 0.000000 0.916109 108.928972 0.000000 24.349838 -0.245844 
96 0.648858 0.000000 0.916109 104.673452 0.000000 31.820357 -0.196907 
97 2.260486 0.000000 0.916109 104.089647 0.000000 17.570210 -0.114337 
98 1.454672 0.000000 1.656130 103.561641 0.000000 24.682095 -0.133422 
99 1.051765 0.000000 -0.193921 87.462276 0.000000 -1.095074 0.234915 
100 0.648858 0.000000 -0.193921 91.933311 0.000000 -0.883404 0.154749 
101 1.051765 0.000000 -0.563931 88.372734 0.000000 -1.619548 0.218764 
102 1.454672 0.000000 -0.193921 88.405622 0.000000 -0.823184 0.218377 
103 1.051765 0.000000 0.176089 87.814069 0.000000 -1.071580 0.228754 
104 3.066300 0.000000 -0.563931 94.242992 0.000000 13.618652 0.093279 
105 3.066300 0.000000 -1.303952 93.681304 0.000000 19.713233 0.083520 
106 3.872114 0.000000 -0.563931 95.634173 0.000000 14.755033 0.063639 
107 3.066300 0.000000 0.176089 97.663638 0.000000 0.000000 0.046181 
108 1.857579 0.000000 -0.193921 92.905579 0.000000 -0.680022 0.136809 
109 1.857579 0.000000 -0.563931 96.399461 0.000000 -0.396995 0.070699 
110 2.260486 0.000000 -0.193921 96.640626 0.000000 -0.261235 0.066052 
111 1.857579 0.000000 0.176089 91.298167 0.000000 -0.585973 0.166430 
112 -17.079044 0.000000 6.096252 96.175384 0.000000 27.610296 -0.001203 
113 -23.525554 0.000000 6.096252 96.149780 0.000000 27.592390 -0.000612 
114 -17.079044 0.000000 12.016414 96.186283 0.000000 27.586446 -0.001281 
115 -7.409279 0.000000 3.136170 96.338635 0.000000 27.762290 -0.005188 
116 -10.632534 0.000000 3.136170 96.225152 0.000000 27.684681 -0.002572 
117 -7.409279 0.000000 6.096252 96.381299 0.000000 27.654909 -0.005415 
118 -2.574397 0.000000 1.656130 96.935312 0.000000 28.383146 -0.020206 
119 -4.186024 0.000000 1.656130 96.527348 0.000000 28.052671 -0.010448 
120 -2.574397 0.000000 3.136170 97.123809 0.000000 27.937527 -0.021354 
121 -0.156955 0.000000 0.916109 99.171371 0.000000 31.662995 -0.083751 
122 -0.962769 0.000000 0.916109 97.479048 0.000000 29.817611 -0.039125 
123 -0.156955 0.000000 1.656130 99.771356 0.000000 29.155030 -0.080434 
124 1.051765 0.000000 0.546099 88.917924 0.000000 -1.521147 0.209129 
125 0.648858 0.000000 0.546099 86.756512 0.000000 -2.004719 0.246929 
126 1.454672 0.000000 0.546099 92.744759 0.000000 -0.967393 0.139747 
127 1.051765 0.000000 0.916109 107.989510 0.000000 29.199284 -0.251433 
128 1.253219 0.000000 -0.008916 46.713187 0.000000 -0.249610 0.781782 
129 1.051765 0.000000 -0.008916 78.445237 0.000000 -0.319171 0.384624 
130 1.253219 0.000000 -0.193921 78.542655 0.000000 -0.973785 0.383010 
131 1.454672 0.000000 -0.008916 75.562417 0.000000 -0.424587 0.429014 
132 1.253219 0.000000 0.176089 79.256617 0.000000 -0.964752 0.371746 
133 3.066300 0.000000 0.916109 101.489494 0.000000 14.672376 -0.051540 
134 3.872114 0.000000 0.916109 101.053175 0.000000 12.736659 -0.037397 
135 3.066300 0.000000 1.656130 100.269983 0.000000 21.004903 -0.049528 
136 1.857579 0.000000 0.546099 94.698961 0.000000 -0.674034 0.103165 
137 2.260486 0.000000 0.546099 97.374764 0.000000 -0.323285 0.051805 
138 1.857579 0.000000 0.916109 106.762103 0.000000 20.147040 -0.180405 
139 1.656126 0.000000 -0.008916 86.431740 0.000000 -0.408608 0.252939 
140 1.656126 0.000000 -0.193921 91.001269 0.000000 -0.745908 0.171821 
141 1.857579 0.000000 -0.008916 90.372266 0.000000 -0.325287 0.183275 
142 1.656126 0.000000 0.176089 91.056279 0.000000 -0.739551 0.170821 
143 2.663393 0.000000 -0.193921 97.702899 0.000000 -0.180282 0.045411 
144 2.663393 0.000000 -0.563931 92.720294 0.000000 13.084066 0.123175 
145 3.066300 0.000000 -0.193921 97.663638 0.000000 0.000000 0.046181 
146 2.663393 0.000000 0.176089 97.696011 0.000000 -0.177276 0.045546 
147 2.663393 0.000000 0.546099 98.402703 0.000000 -0.326153 0.031680 
148 3.066300 0.000000 0.546099 101.545398 0.000000 5.553673 -0.034231 
149 2.663393 0.000000 0.916109 102.359711 0.000000 15.901208 -0.073036 
150 2.461939 0.000000 -0.008916 97.022703 0.000000 -0.070265 0.058659 
151 2.260486 0.000000 -0.008916 96.122706 0.000000 -0.111526 0.076041 
152 2.461939 0.000000 -0.193921 97.380615 0.000000 -0.213173 0.051697 
153 2.663393 0.000000 -0.008916 97.278835 0.000000 -0.029266 0.053683 
154 2.461939 0.000000 0.176089 97.386766 0.000000 -0.212120 0.051577 
155 21.600016 0.000000 -5.744073 96.255668 0.000000 26.942833 0.000893 
156 21.600016 0.000000 -11.664236 96.155446 0.000000 27.271415 0.001040 
157 28.046526 0.000000 -5.744073 96.234302 0.000000 27.095369 0.000480 
158 21.600016 0.000000 0.176089 96.664109 0.000000 25.594827 0.000095 
159 11.930251 0.000000 -2.783992 96.534070 0.000000 25.578087 0.002693 
160 11.930251 0.000000 -5.744073 96.229684 0.000000 26.512025 0.003696 
161 15.153506 0.000000 -2.783992 96.486968 0.000000 26.017950 0.001333 
162 11.930251 0.000000 0.176089 97.454038 0.000000 22.641008 -0.000990 
163 7.095369 0.000000 -1.303952 97.183526 0.000000 22.384171 0.005431 
164 7.095369 0.000000 -2.783992 96.411009 0.000000 24.457660 0.010674 
165 8.706996 0.000000 -1.303952 97.088314 0.000000 23.400016 0.002630 
166 7.095369 0.000000 0.176089 98.649299 0.000000 20.272830 -0.014267 
167 4.677927 0.000000 -0.563931 97.450216 0.000000 17.505889 0.019700 
168 4.677927 0.000000 -1.303952 96.080920 0.000000 20.238993 0.035884 
169 5.483741 0.000000 -0.563931 97.623748 0.000000 18.642452 0.012206 
170 4.677927 0.000000 0.176089 103.538001 0.000000 -13.087713 -0.089141 
171 3.469207 0.000000 -0.193921 97.756065 0.000000 0.000000 0.044375 
172 3.469207 0.000000 -0.563931 95.065030 0.000000 14.275294 0.075886 
173 3.872114 0.000000 -0.193921 97.819987 0.000000 -0.000000 0.043125 
174 3.469207 0.000000 0.176089 97.809683 0.000000 0.000000 0.043327 
175 2.864846 0.000000 -0.008916 97.513269 0.000000 -0.011064 0.049116 
176 2.864846 0.000000 -0.193921 97.678429 0.000000 -0.061143 0.045892 
177 3.066300 0.000000 -0.008916 97.631595 0.000000 0.000000 0.046807 
178 2.864846 0.000000 0.176089 97.867797 0.000000 -0.124452 0.042188 
179 21.600016 0.000000 6.096252 99.847188 0.000000 14.589008 -0.018230 
180 28.046526 0.000000 6.096252 97.735840 0.000000 21.937954 -0.003357 
181 21.600016 0.000000 12.016414 96.607817 0.000000 25.946584 -0.000630 
182 11.930251 0.000000 3.136170 99.876737 0.000000 14.466868 -0.018465 
183 15.153506 0.000000 3.136170 100.921882 0.000000 10.795426 -0.030177 
184 11.930251 0.000000 6.096252 97.219577 0.000000 23.933020 -0.002444 
185 7.095369 0.000000 1.656130 100.754202 0.000000 11.017415 -0.027279 
186 8.706996 0.000000 1.656130 100.419223 0.000000 12.449095 -0.023900 
187 7.095369 0.000000 3.136170 97.651913 0.000000 22.216591 -0.002947 
188 4.677927 0.000000 0.916109 100.535836 0.000000 11.430847 -0.023812 
189 5.483741 0.000000 0.916109 100.119048 0.000000 13.325657 -0.020140 
190 4.677927 0.000000 1.656130 98.807144 0.000000 19.289541 -0.013494 
191 3.469207 0.000000 0.546099 101.061103 0.000000 7.339127 -0.026721 
192 3.872114 0.000000 0.546099 100.670714 0.000000 8.484471 -0.020658 
193 3.469207 0.000000 0.916109 101.090783 0.000000 14.399420 -0.042669 
194 3.267753 0.000000 -0.008916 97.785990 0.000000 0.000000 0.043790 
195 3.267753 0.000000 -0.193921 97.867848 0.000000 0.000000 0.042188 
196 3.469207 0.000000 -0.008916 97.784773 0.000000 -0.000000 0.043814 
197 3.267753 0.000000 0.176089 97.867848 0.000000 0.000000 0.042188 
198 2.059033 0.000000 -0.008916 92.843346 0.000000 -0.181620 0.138008 
199 2.059033 0.000000 -0.193921 94.510386 0.000000 -0.350252 0.106766 
200 2.059033 0.000000 0.176089 94.527598 0.000000 -0.339456 0.106442 
201 2.059033 0.000000 0.361094 96.226822 0.000000 -0.432533 0.074021 
202 1.857579 0.000000 0.361094 93.914530 0.000000 -0.799182 0.117942 
203 2.260486 0.000000 0.361094 97.131785 0.000000 -0.343881 0.056530 
204 2.059033 0.000000 0.546099 96.580630 0.000000 -0.385730 0.067203 
205 2.159759 0.000000 0.083587 94.359753 0.000000 -0.180416 0.109620 
206 2.059033 0.000000 0.083587 95.579971 0.000000 -0.256461 0.086440 
207 2.159759 0.000000 -0.008916 94.621180 0.000000 -0.104736 0.104682 
208 2.260486 0.000000 0.083587 96.240791 0.000000 -0.132263 0.073769 
209 2.159759 0.000000 0.176089 96.100481 0.000000 -0.330276 0.076459 
210 1.958306 0.000000 0.083587 93.435932 0.000000 -0.326312 0.126962 
211 1.857579 0.000000 0.083587 92.103228 0.000000 -0.360394 0.151687 
212 1.958306 0.000000 -0.008916 89.552014 0.000000 -0.146139 0.198042 
213 1.958306 0.000000 0.176089 93.107390 0.000000 -0.621797 0.133063 
214 -4.186024 0.000000 -17.584399 96.031796 0.000000 27.525521 0.002024 
215 -10.632534 0.000000 -17.584399 96.064819 0.000000 27.565419 0.001170 
216 -4.186024 0.000000 -23.504561 96.069810 0.000000 27.534114 0.001246 
217 2.260486 0.000000 -17.584399 96.023210 0.000000 27.454211 0.002581 
218 -0.962769 0.000000 -8.704155 95.741856 0.000000 27.386327 0.008349 
219 -4.186024 0.000000 -8.704155 95.869568 0.000000 27.559312 0.004951 
220 -0.962769 0.000000 -11.664236 95.902419 0.000000 27.434580 0.005007 
221 2.260486 0.000000 -8.704155 95.746874 0.000000 27.108420 0.009767 
222 0.648858 0.000000 -4.264033 94.758107 0.000000 26.884751 0.029811 
223 -0.962769 0.000000 -4.264033 95.111169 0.000000 27.504552 0.019737 
224 0.648858 0.000000 -5.744073 95.281627 0.000000 27.045506 0.018995 
225 2.260486 0.000000 -4.264033 94.830236 0.000000 26.052709 0.032848 
226 1.454672 0.000000 -2.043972 92.063614 0.000000 25.096710 0.089445 
227 0.648858 0.000000 -2.043972 92.455103 0.000000 27.031693 0.072134 
228 1.454672 0.000000 -2.783992 93.427742 0.000000 25.783202 0.060648 
229 2.260486 0.000000 -2.043972 92.782609 0.000000 23.377310 0.084489 
230 1.857579 0.000000 -0.933941 88.475287 0.000000 19.020583 0.181034 
231 1.454672 0.000000 -0.933941 86.851158 0.000000 21.742138 0.198416 
232 1.857579 0.000000 -1.303952 90.138244 0.000000 21.666341 0.140567 
233 2.260486 0.000000 -0.933941 90.664566 0.000000 17.631785 0.146906 
234 2.059033 0.000000 -0.378926 96.576429 0.000000 -0.385974 0.067284 
235 1.857579 0.000000 -0.378926 94.690056 0.000000 -0.675168 0.103334 
236 2.059033 0.000000 -0.563931 97.302172 0.000000 -0.324457 0.053218 
237 2.260486 0.000000 -0.378926 97.372908 0.000000 -0.323311 0.051841 
238 2.159759 0.000000 -0.101419 94.429018 0.000000 -0.160432 0.108313 
239 2.059033 0.000000 -0.101419 93.567954 0.000000 -0.250857 0.124498 
240 2.159759 0.000000 -0.193921 96.340075 0.000000 -0.292145 0.071850 
241 2.260486 0.000000 -0.101419 96.246304 0.000000 -0.134867 0.073663 
242 2.109396 0.000000 0.037335 97.085346 0.000000 -0.288203 0.057435 
243 2.059033 0.000000 0.037335 96.231823 0.000000 -0.253625 0.073937 
244 2.109396 0.000000 -0.008916 93.934282 0.000000 -0.159750 0.117633 
245 2.159759 0.000000 0.037335 94.540937 0.000000 -0.130595 0.106199 
246 2.109396 0.000000 0.083587 94.082218 0.000000 -0.186608 0.114850 
247 2.461939 0.000000 0.361094 97.670707 0.000000 -0.310768 0.046034 
248 2.663393 0.000000 0.361094 98.067865 0.000000 -0.308699 0.038260 
249 2.461939 0.000000 0.546099 97.863490 0.000000 -0.306744 0.042264 
250 2.361213 0.000000 0.083587 96.619348 0.000000 -0.111376 0.066469 
251 2.361213 0.000000 -0.008916 96.595944 0.000000 -0.087227 0.066922 
252 2.461939 0.000000 0.083587 97.104333 0.000000 -0.094471 0.057074 
253 2.361213 0.000000 0.176089 97.252121 0.000000 -0.233126 0.054197 
254 2.210123 0.000000 0.037335 95.440232 0.000000 -0.108707 0.089115 
255 2.210123 0.000000 -0.008916 95.364743 0.000000 -0.086536 0.090556 
256 2.260486 0.000000 0.037335 96.156699 0.000000 -0.117056 0.075388 
257 2.210123 0.000000 0.083587 96.047748 0.000000 -0.151889 0.077481 
258 2.159759 0.000000 0.268592 96.745362 0.000000 -0.376366 0.064019 
259 2.059033 0.000000 0.268592 95.949448 0.000000 -0.486423 0.079347 
260 2.260486 0.000000 0.268592 97.154033 0.000000 -0.343051 0.056098 
261 2.159759 0.000000 0.361094 96.711301 0.000000 -0.378376 0.064678 
262 2.109396 0.000000 0.129838 94.165100 0.000000 -0.230170 0.113288 
263 2.059033 0.000000 0.129838 93.837177 0.000000 -0.270444 0.119451 
264 2.159759 0.000000 0.129838 95.207719 0.000000 -0.227489 0.093544 
265 2.109396 0.000000 0.176089 96.096696 0.000000 -0.339050 0.076531 
266 2.134578 0.000000 0.060461 96.455064 0.000000 -0.267270 0.069635 
267 2.109396 0.000000 0.060461 97.238341 0.000000 -0.296249 0.054462 
268 2.134578 0.000000 0.037335 94.196702 0.000000 -0.157506 0.112696 
269 2.159759 0.000000 0.060461 94.511400 0.000000 -0.148420 0.106757 
270 2.134578 0.000000 0.083587 94.229895 0.000000 -0.183172 0.112069 
271 1.958306 0.000000 -0.101419 90.761728 0.000000 -0.386539 0.176216 
272 1.857579 0.000000 -0.101419 89.351046 0.000000 -0.454144 0.201618 
273 1.958306 0.000000 -0.193921 93.595084 0.000000 -0.519275 0.123969 
274 2.008669 0.000000 0.037335 95.213569 0.000000 -0.265413 0.093431 
275 1.958306 0.000000 0.037335 93.988966 0.000000 -0.267748 0.116600 
276 2.008669 0.000000 -0.008916 91.667389 0.000000 -0.242155 0.159703 
277 2.008669 0.000000 0.083587 94.846077 0.000000 -0.283010 0.100414 
278 2.084214 0.000000 0.060461 96.905077 0.000000 -0.282614 0.060933 
279 2.059033 0.000000 0.060461 96.504553 0.000000 -0.267726 0.068680 
280 2.084214 0.000000 0.037335 96.492434 0.000000 -0.268817 0.068914 
281 2.084214 0.000000 0.083587 93.834353 0.000000 -0.220439 0.119507 
282 2.109396 0.000000 -0.055167 93.964036 0.000000 -0.171427 0.117073 
283 2.059033 0.000000 -0.055167 92.783766 0.000000 -0.207432 0.139113 
284 2.109396 0.000000 -0.101419 94.061658 0.000000 -0.190583 0.115237 
285 2.159759 0.000000 -0.055167 94.580060 0.000000 -0.122001 0.105460 
286 2.134578 0.000000 0.014210 94.209570 0.000000 -0.147332 0.112454 
287 2.109396 0.000000 0.014210 93.944226 0.000000 -0.160875 0.117446 
288 2.134578 0.000000 -0.008916 94.206237 0.000000 -0.145632 0.112516 
289 2.159759 0.000000 0.014210 94.609941 0.000000 -0.108983 0.104895 
290 2.121987 0.000000 0.048898 98.139965 0.000000 -0.338336 0.036843 
291 2.109396 0.000000 0.048898 97.466068 0.000000 -0.303903 0.050027 
292 2.121987 0.000000 0.037335 96.683130 0.000000 -0.276013 0.065230 
293 2.134578 0.000000 0.048898 96.646002 0.000000 -0.272765 0.065948 
294 2.121987 0.000000 0.060461 97.276217 0.000000 -0.299534 0.053725 
295 1.656126 0.000000 0.361094 93.307852 0.000000 -0.880628 0.129287 
296 1.454672 0.000000 0.361094 92.635143 0.000000 -0.979924 0.141777 
297 1.656126 0.000000 0.546099 93.268382 0.000000 -0.890598 0.130022 
298 1.756852 0.000000 0.083587 90.688977 0.000000 -0.392870 0.177536 
299 1.656126 0.000000 0.083587 88.233643 0.000000 -0.447755 0.221462 
300 1.756852 0.000000 -0.008916 87.010581 0.000000 -0.299415 0.242907 
301 1.756852 0.000000 0.176089 91.248222 0.000000 -0.689830 0.167329 
302 1.656126 0.000000 -0.378926 93.257263 0.000000 -0.892187 0.130229 
303 1.454672 0.000000 -0.378926 92.733565 0.000000 -0.969069 0.139955 
304 1.656126 0.000000 -0.563931 93.223166 0.000000 -0.900510 0.130863 
305 1.756852 0.000000 -0.101419 87.767730 0.000000 -0.439752 0.229663 
306 1.656126 0.000000 -0.101419 84.366888 0.000000 -0.466705 0.288201 
307 1.756852 0.000000 -0.193921 91.166319 0.000000 -0.702587 0.168821 
308 1.807216 0.000000 0.037335 91.979942 0.000000 -0.343759 0.153957 
309 1.756852 0.000000 0.037335 89.028167 0.000000 -0.331529 0.207388 
310 1.807216 0.000000 -0.008916 89.067863 0.000000 -0.357543 0.206679 
311 1.857579 0.000000 0.037335 92.230570 0.000000 -0.335501 0.149341 
312 1.807216 0.000000 0.083587 91.475621 0.000000 -0.370735 0.163207 
313 1.555399 0.000000 0.083587 86.596635 0.000000 -0.526336 0.250075 
314 1.454672 0.000000 0.083587 81.291989 0.000000 -0.635800 0.339121 
315 1.555399 0.000000 -0.008916 83.880807 0.000000 -0.465608 0.296379 
316 1.555399 0.000000 0.176089 88.832582 0.000000 -0.785781 0.210815 
317 1.555399 0.000000 -0.101419 82.363882 0.000000 -0.494474 0.321595 
318 1.454672 0.000000 -0.101419 74.621693 0.000000 -0.521188 0.443133 
319 1.555399 0.000000 -0.193921 88.816163 0.000000 -0.785462 0.211107 
320 1.605762 0.000000 0.037335 87.080355 0.000000 -0.445758 0.241681 
321 1.555399 0.000000 0.037335 86.336593 0.000000 -0.497088 0.254575 
322 1.605762 0.000000 -0.008916 85.063948 0.000000 -0.417992 0.276395 
323 1.656126 0.000000 0.037335 88.065410 0.000000 -0.417349 0.224431 
324 1.605762 0.000000 0.083587 88.403336 0.000000 -0.503702 0.218460 
325 1.253219 0.000000 0.361094 90.840168 0.000000 -1.214316 0.174659 
326 1.051765 0.000000 0.361094 89.341791 0.000000 -1.451475 0.201594 
327 1.253219 0.000000 0.546099 90.588832 0.000000 -1.245347 0.179211 
328 1.353946 0.000000 0.083587 77.165117 0.000000 -0.836188 0.404485 
329 1.253219 0.000000 0.083587 75.631371 0.000000 -0.989394 0.427892 
330 1.353946 0.000000 -0.008916 69.942069 0.000000 -0.592909 0.510776 
331 1.353946 0.000000 0.176089 80.705428 0.000000 -0.783081 0.348602 
332 1.051765 0.000000 -0.933941 86.838652 0.000000 25.244518 0.182176 
333 0.648858 0.000000 -0.933941 88.450582 0.000000 28.333551 0.137370 
334 1.051765 0.000000 -1.303952 89.384343 0.000000 25.784599 0.134559 
335 1.253219 0.000000 -0.378926 90.580598 0.000000 -1.246819 0.179360 
336 1.051765 0.000000 -0.378926 88.913366 0.000000 -1.522061 0.209210 
337 1.253219 0.000000 -0.563931 89.700197 0.000000 -1.382872 0.195196 
338 1.353946 0.000000 -0.101419 68.858633 0.000000 -0.544979 0.525819 
339 1.253219 0.000000 -0.101419 65.537689 0.000000 -0.629625 0.570441 
340 1.353946 0.000000 -0.193921 82.562600 0.000000 -0.870274 0.318266 
341 1.404309 0.000000 0.037335 80.347896 0.000000 -0.721402 0.354370 
342 1.353946 0.000000 0.037335 76.768569 0.000000 -0.833820 0.410589 
343 1.404309 0.000000 -0.008916 76.819829 0.000000 -0.604462 0.409835 
344 1.454672 0.000000 0.037335 80.905838 0.000000 -0.571018 0.345392 
345 1.404309 0.000000 0.083587 80.083847 0.000000 -0.698708 0.358609 
346 0.245952 0.000000 -0.193921 98.264097 0.000000 0.000000 0.034417 
347 -0.156955 0.000000 -0.193921 97.242446 0.000000 31.458828 -0.044575 
348 0.245952 0.000000 -0.563931 89.582195 0.000000 31.945736 0.095450 
349 0.245952 0.000000 0.176089 97.786976 0.000000 0.000000 0.043771 
350 0.850312 0.000000 -0.008916 90.094475 0.000000 -0.439919 0.188279 
351 0.648858 0.000000 -0.008916 94.204022 0.000000 -0.304021 0.112551 
352 0.850312 0.000000 -0.193921 90.185838 0.000000 -1.163464 0.186516 
353 0.850312 0.000000 0.176089 90.994554 0.000000 -0.925691 0.171913 
354 1.152492 0.000000 0.083587 72.940139 0.000000 -0.592375 0.467939 
355 1.051765 0.000000 0.083587 76.161135 0.000000 -0.570718 0.419916 
356 1.152492 0.000000 -0.008916 67.386976 0.000000 -0.477285 0.545877 
357 1.152492 0.000000 0.176089 79.205450 0.000000 -0.908784 0.372567 
358 1.303582 0.000000 0.037335 76.820028 0.000000 -0.974138 0.409773 
359 1.253219 0.000000 0.037335 75.450785 0.000000 -1.087599 0.430600 
360 1.303582 0.000000 -0.008916 63.751694 0.000000 -0.580807 0.593538 
361 1.303582 0.000000 0.083587 74.601094 0.000000 -0.869064 0.443392 
362 1.152492 0.000000 -0.101419 73.240493 0.000000 -0.592608 0.463548 
363 1.051765 0.000000 -0.101419 81.170412 0.000000 -0.647787 0.341094 
364 1.152492 0.000000 -0.193921 79.051915 0.000000 -0.884984 0.375001 
365 1.202855 0.000000 0.037335 79.234010 0.000000 -1.370768 0.372009 
366 1.152492 0.000000 0.037335 75.255536 0.000000 -1.195325 0.433518 
367 1.202855 0.000000 -0.008916 61.965909 0.000000 -0.481679 0.615999 
368 1.202855 0.000000 0.083587 74.519357 0.000000 -1.072776 0.444571 
369 0.245952 0.000000 0.546099 101.474065 0.000000 34.068249 -0.145763 
370 -0.156955 0.000000 0.546099 97.627816 0.000000 33.133759 -0.062904 
371 0.245952 0.000000 0.916109 101.478999 0.000000 32.364264 -0.134543 
372 0.850312 0.000000 0.361094 88.207534 0.000000 -1.654007 0.221670 
373 0.648858 0.000000 0.361094 87.133909 0.000000 -1.896011 0.240409 
374 0.850312 0.000000 0.546099 87.643786 0.000000 -1.762220 0.231546 
375 0.951039 0.000000 0.083587 87.732026 0.000000 -0.511652 0.230283 
376 0.850312 0.000000 0.083587 89.729150 0.000000 -0.526979 0.194840 
377 0.951039 0.000000 -0.008916 87.335286 0.000000 -0.434423 0.237236 
378 0.951039 0.000000 0.176089 88.557796 0.000000 -0.934589 0.215664 
379 1.102129 0.000000 0.037335 74.290047 0.000000 -0.518344 0.448072 
380 1.051765 0.000000 0.037335 76.719827 0.000000 -0.447302 0.411387 
381 1.102129 0.000000 -0.008916 73.664364 0.000000 -0.498845 0.457331 
382 1.102129 0.000000 0.083587 74.910598 0.000000 -0.580112 0.438807 
383 1.152492 0.000000 0.268592 90.224517 0.000000 -1.310412 0.185782 
384 1.051765 0.000000 0.268592 89.726375 0.000000 -1.390854 0.194724 
385 1.253219 0.000000 0.268592 91.114596 0.000000 -1.182205 0.169673 
386 1.152492 0.000000 0.361094 90.297226 0.000000 -1.297503 0.184473 
387 1.202855 0.000000 0.129838 73.747986 0.000000 -0.710419 0.456073 
388 1.152492 0.000000 0.129838 74.120540 0.000000 -0.719498 0.450563 
389 1.253219 0.000000 0.129838 71.213138 0.000000 -0.784545 0.492807 
390 1.202855 0.000000 0.176089 78.776838 0.000000 -1.012740 0.379318 
391 1.177674 0.000000 0.060461 80.262328 0.000000 -1.588267 0.355544 
392 1.152492 0.000000 0.060461 75.963443 0.000000 -1.242050 0.422801 
393 1.177674 0.000000 0.037335 79.298899 0.000000 -1.517841 0.370938 
394 1.202855 0.000000 0.060461 80.874657 0.000000 -1.448975 0.345719 
395 1.177674 0.000000 0.083587 67.751609 0.000000 -0.582227 0.540938 
396 4.275020 0.000000 -0.193921 96.904291 0.000000 -0.000000 0.060956 
397 4.275020 0.000000 -0.563931 96.998573 0.000000 15.788567 0.034200 
398 4.677927 0.000000 -0.193921 99.125299 0.000000 20.238315 -0.023541 
399 4.275020 0.000000 0.176089 96.903629 0.000000 -0.000000 0.060969 
400 6.289555 0.000000 -0.563931 97.942927 0.000000 19.690594 0.001946 
401 6.289555 0.000000 -1.303952 97.087410 0.000000 21.690638 0.010355 
402 7.095369 0.000000 -0.563931 97.904222 0.000000 20.733296 -0.001511 
403 6.289555 0.000000 0.176089 98.571069 0.000000 19.932019 -0.011354 
404 5.080834 0.000000 -0.193921 97.590146 0.000000 19.155370 0.010924 
405 5.080834 0.000000 -0.563931 97.425473 0.000000 18.200454 0.017702 
406 5.483741 0.000000 -0.193921 97.885930 0.000000 18.672626 0.006968 
407 5.080834 0.000000 0.176089 99.846611 0.000000 3.413120 0.001900 
408 4.275020 0.000000 0.546099 98.881098 0.000000 12.036515 0.007765 
409 4.677927 0.000000 0.546099 98.467178 0.000000 15.305904 0.006994 
410 4.275020 0.000000 0.916109 100.346423 0.000000 13.854903 -0.026136 
411 4.476474 0.000000 -0.008916 96.991653 0.000000 -0.000000 0.059262 
412 4.275020 0.000000 -0.008916 96.921969 0.000000 0.000000 0.060613 
413 4.476474 0.000000 -0.193921 96.999344 0.000000 0.000000 0.059113 
414 4.677927 0.000000 -0.008916 96.971484 0.000000 0.000000 0.059653 
415 4.476474 0.000000 0.176089 96.918927 0.000000 -0.000000 0.060672 
416 4.073567 0.000000 -0.008916 97.674125 0.000000 0.000000 0.045977 
417 3.872114 0.000000 -0.008916 97.835215 0.000000 -0.000000 0.042827 
418 4.073567 0.000000 -0.193921 97.581831 0.000000 0.000000 0.047779 
419 4.073567 0.000000 0.176089 97.614086 0.000000 0.000000 0.047149 
420 6.289555 0.000000 0.916109 100.187781 0.000000 15.748921 -0.028562 
421 7.095369 0.000000 0.916109 100.686749 0.000000 13.469020 -0.031924 
422 6.289555 0.000000 1.656130 99.963983 0.000000 13.071521 -0.016366 
423 5.080834 0.000000 0.546099 98.928386 0.000000 16.211632 -0.004964 
424 5.483741 0.000000 0.546099 99.413526 0.000000 15.792625 -0.013246 
425 5.080834 0.000000 0.916109 100.231664 0.000000 12.679290 -0.020715 
426 4.476474 0.000000 0.361094 96.286955 0.000000 14.829735 0.050890 
427 4.275020 0.000000 0.361094 96.564092 0.000000 11.899587 0.053378 
428 4.677927 0.000000 0.361094 97.503705 0.000000 16.477735 0.022151 
429 4.476474 0.000000 0.546099 98.396013 0.000000 13.954404 0.012350 
430 4.375747 0.000000 0.083587 96.983269 0.000000 -0.000000 0.059425 
431 4.275020 0.000000 0.083587 96.981349 0.000000 -0.000000 0.059462 
432 4.375747 0.000000 -0.008916 97.185562 0.000000 -0.000000 0.055497 
433 4.476474 0.000000 0.083587 96.937770 0.000000 -0.000000 0.060307 
434 4.375747 0.000000 0.176089 96.840557 0.000000 -0.000000 0.062191 
435 4.073567 0.000000 0.361094 98.321588 0.000000 9.962031 0.023362 
436 3.872114 0.000000 0.361094 99.535847 0.000000 9.225266 0.000751 
437 4.073567 0.000000 0.546099 99.833345 0.000000 10.138444 -0.006948 
438 4.174294 0.000000 0.083587 97.213637 0.000000 -0.000000 0.054951 
439 4.073567 0.000000 0.083587 97.550003 0.000000 0.000000 0.048400 
440 4.174294 0.000000 -0.008916 96.989714 0.000000 0.000000 0.059300 
441 4.174294 0.000000 0.176089 97.111473 0.000000 -0.000000 0.056936 
442 8.706996 0.000000 -17.584399 96.057160 0.000000 27.398829 0.002233 
443 8.706996 0.000000 -23.504561 96.080341 0.000000 27.476259 0.001362 
444 15.153506 0.000000 -17.584399 96.098204 0.000000 27.388134 0.001503 
445 5.483741 0.000000 -8.704155 95.863396 0.000000 26.921674 0.008543 
446 5.483741 0.000000 -11.664236 95.963817 0.000000 27.211210 0.005050 
447 8.706996 0.000000 -8.704155 96.031493 0.000000 26.891021 0.005483 
448 3.872114 0.000000 -4.264033 95.300436 0.000000 25.527427 0.026618 
449 3.872114 0.000000 -5.744073 95.530944 0.000000 26.335544 0.018028 
450 5.483741 0.000000 -4.264033 95.785676 0.000000 25.432161 0.017831 
451 4.677927 0.000000 -2.043972 95.684547 0.000000 22.426910 0.034150 
452 3.872114 0.000000 -2.043972 94.928553 0.000000 22.322341 0.049028 
453 4.677927 0.000000 -2.783992 95.530456 0.000000 23.806640 0.030718 
454 5.483741 0.000000 -2.043972 96.231559 0.000000 22.736422 0.022254 
455 4.275020 0.000000 -0.933941 95.940280 0.000000 18.224817 0.046332 
456 3.872114 0.000000 -0.933941 95.249126 0.000000 17.963009 0.060493 
457 4.275020 0.000000 -1.303952 95.586999 0.000000 19.981527 0.046386 
458 4.677927 0.000000 -0.933941 96.534973 0.000000 18.786193 0.032808 
459 4.476474 0.000000 -0.378926 98.970855 0.000000 16.462374 -0.006624 
460 4.275020 0.000000 -0.378926 98.672493 0.000000 14.177145 0.006275 
461 4.476474 0.000000 -0.563931 97.415094 0.000000 16.746421 0.022986 
462 4.677927 0.000000 -0.378926 98.258459 0.000000 17.783817 0.002901 
463 4.375747 0.000000 -0.101419 96.888327 0.000000 -0.000000 0.061265 
464 4.275020 0.000000 -0.101419 96.984245 0.000000 -0.000000 0.059406 
465 4.375747 0.000000 -0.193921 96.838920 0.000000 -0.000000 0.062222 
466 4.476474 0.000000 -0.101419 96.934713 0.000000 -0.000000 0.060366 
467 4.325384 0.000000 0.037335 97.087990 0.000000 -0.000000 0.057392 
468 4.275020 0.000000 0.037335 97.033086 0.000000 -0.000000 0.058458 
469 4.325384 0.000000 -0.008916 96.962686 0.000000 -0.000000 0.059824 
470 4.375747 0.000000 0.037335 97.082527 0.000000 -0.000000 0.057498 
471 4.325384 0.000000 0.083587 96.912955 0.000000 -0.000000 0.060788 
472 4.073567 0.000000 -0.378926 97.133733 0.000000 12.586039 0.040663 
473 3.872114 0.000000 -0.378926 95.994373 0.000000 12.013524 0.064076 
474 4.073567 0.000000 -0.563931 96.261168 0.000000 15.124260 0.050504 
475 4.174294 0.000000 -0.101419 97.170877 0.000000 -0.000000 0.055782 
476 4.073567 0.000000 -0.101419 97.548463 0.000000 0.000000 0.048430 
477 4.174294 0.000000 -0.193921 97.182980 0.000000 0.000000 0.055547 
478 4.224657 0.000000 0.037335 97.036839 0.000000 -0.000000 0.058385 
479 4.174294 0.000000 0.037335 97.105684 0.000000 -0.000000 0.057049 
480 4.224657 0.000000 -0.008916 96.948876 0.000000 -0.000000 0.060092 
481 4.224657 0.000000 0.083587 97.072257 0.000000 -0.000000 0.057698 
482 4.325384 0.000000 -0.055167 97.082454 0.000000 -0.000000 0.057500 
483 4.275020 0.000000 -0.055167 97.036210 0.000000 -0.000000 0.058397 
484 4.325384 0.000000 -0.101419 96.894320 0.000000 -0.000000 0.061149 
485 4.375747 0.000000 -0.055167 97.053086 0.000000 -0.000000 0.058070 
486 4.300202 0.000000 0.014210 96.975969 0.000000 -0.000000 0.059566 
487 4.275020 0.000000 0.014210 96.939301 0.000000 0.000000 0.060277 
488 4.300202 0.000000 -0.008916 96.951873 0.000000 0.000000 0.060033 
489 4.325384 0.000000 0.014210 97.084268 0.000000 -0.000000 0.057464 
490 4.300202 0.000000 0.037335 97.062498 0.000000 -0.000000 0.057887 
491 4.224657 0.000000 -0.055167 97.117800 0.000000 -0.000000 0.056813 
492 4.174294 0.000000 -0.055167 97.211238 0.000000 -0.000000 0.054998 
493 4.224657 0.000000 -0.101419 97.075072 0.000000 -0.000000 0.057643 
494 4.300202 0.000000 -0.032042 97.063380 0.000000 -0.000000 0.057870 
495 4.275020 0.000000 -0.032042 97.032350 0.000000 -0.000000 0.058472 
496 4.300202 0.000000 -0.055167 97.059491 0.000000 -0.000000 0.057946 
497 4.325384 0.000000 -0.032042 97.089564 0.000000 -0.000000 0.057362 
498 4.879381 0.000000 -0.008916 96.858764 0.000000 21.745317 0.014552 
499 4.879381 0.000000 -0.193921 97.717666 0.000000 19.684223 0.006379 
500 5.080834 0.000000 -0.008916 97.113945 0.000000 20.909189 0.013169 
501 4.879381 0.000000 0.176089 104.371282 0.000000 -19.467939 -0.127237 
502 4.577201 0.000000 0.083587 96.971847 0.000000 0.000000 0.059646 
503 4.577201 0.000000 -0.008916 96.973362 0.000000 0.000000 0.059617 
504 4.677927 0.000000 0.083587 96.941367 0.000000 0.000000 0.060237 
505 4.577201 0.000000 0.176089 96.941411 0.000000 0.000000 0.060236 
506 4.426110 0.000000 0.037335 97.067593 0.000000 -0.000000 0.057788 
507 4.426110 0.000000 -0.008916 97.090250 0.000000 -0.000000 0.057348 
508 4.476474 0.000000 0.037335 96.947861 0.000000 -0.000000 0.060111 
509 4.426110 0.000000 0.083587 96.988199 0.000000 -0.000000 0.059329 
510 4.350565 0.000000 0.014210 97.090363 0.000000 -0.000000 0.057346 
511 4.350565 0.000000 -0.008916 97.093961 0.000000 -0.000000 0.057276 
512 4.375747 0.000000 0.014210 97.149092 0.000000 -0.000000 0.056205 
513 4.350565 0.000000 0.037335 97.069469 0.000000 -0.000000 0.057752 
514 4.312793 0.000000 0.002647 96.904876 0.000000 -0.000000 0.060944 
515 4.300202 0.000000 0.002647 96.894565 0.000000 0.000000 0.061144 
516 4.312793 0.000000 -0.008916 96.949927 0.000000 -0.000000 0.060071 
517 4.325384 0.000000 0.002647 96.877151 0.000000 -0.000000 0.061482 
518 4.312793 0.000000 0.014210 97.084986 0.000000 -0.000000 0.057451 
519 4.249839 0.000000 0.014210 96.935078 0.000000 -0.000000 0.060359 
520 4.224657 0.000000 0.014210 96.957426 0.000000 -0.000000 0.059926 
521 4.249839 0.000000 -0.008916 96.905969 0.000000 -0.000000 0.060923 
522 4.249839 0.000000 0.037335 97.047589 0.000000 -0.000000 0.058177 
523 3.670660 0.000000 -0.008916 97.833939 0.000000 -0.000000 0.042852 
524 3.670660 0.000000 -0.193921 97.756065 0.000000 0.000000 0.044375 
525 3.670660 0.000000 0.176089 97.756065 0.000000 0.000000 0.044375 
526 3.972840 0.000000 0.083587 97.774823 0.000000 -0.000000 0.044008 
527 3.872114 0.000000 0.083587 97.856425 0.000000 -0.000000 0.042412 
528 3.972840 0.000000 -0.008916 97.797372 0.000000 -0.000000 0.043567 
529 3.972840 0.000000 0.176089 97.816793 0.000000 -0.000000 0.043188 
530 4.123930 0.000000 0.037335 97.458142 0.000000 -0.000000 0.050191 
531 4.073567 0.000000 0.037335 97.593516 0.000000 0.000000 0.047551 
532 4.123930 0.000000 -0.008916 97.461648 0.000000 0.000000 0.050123 
533 4.123930 0.000000 0.083587 97.337008 0.000000 -0.000000 0.052551 
534 3.972840 0.000000 -0.101419 97.773822 0.000000 -0.000000 0.044028 
535 3.872114 0.000000 -0.101419 97.855413 0.000000 -0.000000 0.042432 
536 3.972840 0.000000 -0.193921 97.816740 0.000000 -0.000000 0.043189 
537 4.023204 0.000000 0.037335 97.696891 0.000000 -0.000000 0.045532 
538 3.972840 0.000000 0.037335 97.771060 0.000000 -0.000000 0.044082 
539 4.023204 0.000000 -0.008916 97.749076 0.000000 0.000000 0.044512 
540 4.023204 0.000000 0.083587 97.636605 0.000000 -0.000000 0.046709 
541 3.670660 0.000000 0.361094 99.838870 0.000000 8.626299 -0.004221 
542 3.469207 0.000000 0.361094 99.964422 0.000000 7.612965 -0.005084 
543 3.670660 0.000000 0.546099 101.028036 0.000000 7.547628 -0.026363 
544 3.771387 0.000000 0.083587 97.864557 0.000000 -0.000000 0.042253 
545 3.670660 0.000000 0.083587 97.831412 0.000000 -0.000000 0.042901 
546 3.771387 0.000000 -0.008916 97.923933 0.000000 -0.000000 0.041090 
547 3.771387 0.000000 0.176089 97.815772 0.000000 -0.000000 0.043207 
548 3.922477 0.000000 0.037335 97.823139 0.000000 -0.000000 0.043063 
549 3.872114 0.000000 0.037335 97.855998 0.000000 -0.000000 0.042420 
550 3.922477 0.000000 -0.008916 97.827252 0.000000 -0.000000 0.042983 
551 3.922477 0.000000 0.083587 97.835227 0.000000 -0.000000 0.042827 
552 3.066300 0.000000 -2.043972 93.936204 0.000000 22.528109 0.066847 
553 3.066300 0.000000 -2.783992 94.380006 0.000000 24.147035 0.050934 
554 3.469207 0.000000 -0.933941 94.628909 0.000000 17.697382 0.073217 
555 3.066300 0.000000 -0.933941 93.798227 0.000000 17.390245 0.089947 
556 3.469207 0.000000 -1.303952 94.426561 0.000000 19.747343 0.069367 
557 3.670660 0.000000 -0.378926 95.639730 0.000000 11.715941 0.071578 
558 3.469207 0.000000 -0.378926 95.423050 0.000000 11.300361 0.076674 
559 3.670660 0.000000 -0.563931 95.312311 0.000000 14.527044 0.070453 
560 3.771387 0.000000 -0.101419 97.853226 0.000000 -0.000000 0.042475 
561 3.670660 0.000000 -0.101419 97.832213 0.000000 -0.000000 0.042886 
562 3.771387 0.000000 -0.193921 97.813028 0.000000 -0.000000 0.043261 
563 3.821750 0.000000 0.037335 97.870916 0.000000 -0.000000 0.042128 
564 3.771387 0.000000 0.037335 97.880497 0.000000 -0.000000 0.041941 
565 3.821750 0.000000 -0.008916 97.874795 0.000000 -0.000000 0.042052 
566 3.821750 0.000000 0.083587 97.865872 0.000000 -0.000000 0.042227 
567 3.922477 0.000000 -0.055167 97.808706 0.000000 -0.000000 0.043346 
568 3.872114 0.000000 -0.055167 97.854846 0.000000 -0.000000 0.042443 
569 3.922477 0.000000 -0.101419 97.834680 0.000000 -0.000000 0.042838 
570 3.972840 0.000000 -0.055167 97.749090 0.000000 -0.000000 0.044512 
571 3.897295 0.000000 0.014210 97.836046 0.000000 -0.000000 0.042811 
572 3.872114 0.000000 0.014210 97.839154 0.000000 -0.000000 0.042750 
573 3.897295 0.000000 -0.008916 97.833025 0.000000 -0.000000 0.042870 
574 3.922477 0.000000 0.014210 97.826647 0.000000 -0.000000 0.042995 
575 3.897295 0.000000 0.037335 97.851810 0.000000 -0.000000 0.042502 
576 3.821750 0.000000 -0.055167 97.867938 0.000000 -0.000000 0.042187 
577 3.771387 0.000000 -0.055167 97.871280 0.000000 -0.000000 0.042121 
578 3.821750 0.000000 -0.101419 97.863618 0.000000 -0.000000 0.042271 
579 3.846932 0.000000 0.014210 97.866442 0.000000 -0.000000 0.042216 
580 3.821750 0.000000 0.014210 97.874336 0.000000 -0.000000 0.042061 
581 3.846932 0.000000 -0.008916 97.866622 0.000000 -0.000000 0.042212 
582 3.846932 0.000000 0.037335 97.864265 0.000000 -0.000000 0.042259 
583 3.846932 0.000000 -0.032042 97.864735 0.000000 -0.000000 0.042249 
584 3.821750 0.000000 -0.032042 97.871808 0.000000 -0.000000 0.042111 
585 3.846932 0.000000 -0.055167 97.862493 0.000000 -0.000000 0.042293 
586 3.872114 0.000000 -0.032042 97.856295 0.000000 -0.000000 0.042415 
587 3.859523 0.000000 0.002647 97.820795 0.000000 0.000000 0.043109 
588 3.846932 0.000000 0.002647 97.866731 0.000000 -0.000000 0.042210 
589 3.859523 0.000000 -0.008916 97.832776 0.000000 0.000000 0.042875 
590 3.872114 0.000000 0.002647 97.824537 0.000000 0.000000 0.043036 
591 3.859523 0.000000 0.014210 97.862828 0.000000 -0.000000 0.042287 
592 -17.079044 0.000000 -17.584399 96.091342 0.000000 27.577091 0.000596 
593 -23.525554 0.000000 -17.584399 96.106654 0.000000 27.577851 0.000297 
594 -17.079044 0.000000 -23.504561 96.096522 0.000000 27.567603 0.000549 
595 21.600016 0.000000 -17.584399 96.123617 0.000000 27.401634 0.000940 
596 21.600016 0.000000 -23.504561 96.114333 0.000000 27.465090 0.000770 
597 28.046526 0.000000 -17.584399 96.135988 0.000000 27.420653 0.000598 
598 -7.409279 0.000000 -8.704155 95.979270 0.000000 27.614086 0.002544 
599 -10.632534 0.000000 -8.704155 96.042949 0.000000 27.620874 0.001284 
600 -7.409279 0.000000 -11.664236 96.002497 0.000000 27.576579 0.002305 
601 11.930251 0.000000 -8.704155 96.130341 0.000000 26.955456 0.003236 
602 11.930251 0.000000 -11.664236 96.090481 0.000000 27.185451 0.002757 
603 15.153506 0.000000 -8.704155 96.170684 0.000000 27.031316 0.002051 
604 -2.574397 0.000000 -4.264033 95.513557 0.000000 27.730334 0.010819 
605 -4.186024 0.000000 -4.264033 95.769701 0.000000 27.771182 0.005693 
606 -2.574397 0.000000 -5.744073 95.620281 0.000000 27.575609 0.009635 
607 7.095369 0.000000 -4.264033 96.101778 0.000000 25.578350 0.011020 
608 7.095369 0.000000 -5.744073 95.988874 0.000000 26.238144 0.009770 
609 8.706996 0.000000 -4.264033 96.259870 0.000000 25.791464 0.006884 
610 -0.156955 0.000000 -2.043972 93.622159 0.000000 28.118496 0.044424 
611 -0.962769 0.000000 -2.043972 94.613567 0.000000 28.390794 0.024224 
612 -0.156955 0.000000 -2.783992 94.172130 0.000000 27.573142 0.037133 
613 0.245952 0.000000 -0.933941 90.927975 0.000000 30.189280 0.082071 
614 -0.156955 0.000000 -0.933941 93.164498 0.000000 30.461648 0.039246 
615 0.245952 0.000000 -1.303952 91.750153 0.000000 28.953785 0.074359 
616 0.850312 0.000000 -0.378926 87.641924 0.000000 -1.762625 0.231579 
617 0.648858 0.000000 -0.378926 86.755737 0.000000 -2.004820 0.246942 
618 0.850312 0.000000 -0.563931 86.780611 0.000000 -2.001579 0.246512 
619 2.663393 0.000000 -0.933941 92.508616 0.000000 17.251991 0.114452 
620 2.663393 0.000000 -1.303952 92.667761 0.000000 19.862087 0.101818 
621 2.461939 0.000000 -0.378926 97.862832 0.000000 -0.306721 0.042277 
622 2.461939 0.000000 -0.563931 98.249505 0.000000 -0.314909 0.034694 
623 2.663393 0.000000 -0.378926 98.402668 0.000000 -0.326146 0.031681 
624 2.864846 0.000000 -0.378926 93.890290 0.000000 10.201673 0.108054 
625 2.864846 0.000000 -0.563931 93.581845 0.000000 13.312493 0.106522 
626 3.066300 0.000000 -0.378926 94.572312 0.000000 10.547649 0.094482 
627 2.864846 0.000000 0.361094 98.482921 0.000000 -0.354378 0.030099 
628 3.066300 0.000000 0.361094 100.619927 0.000000 4.777289 -0.014719 
629 2.864846 0.000000 0.546099 102.300988 0.000000 3.631780 -0.047868 
630 2.361213 0.000000 -0.101419 96.614769 0.000000 -0.114546 0.066557 
631 2.361213 0.000000 -0.193921 97.234661 0.000000 -0.233655 0.054537 
632 2.461939 0.000000 -0.101419 97.113295 0.000000 -0.097889 0.056900 
633 6.289555 0.000000 -2.043972 96.552556 0.000000 23.167485 0.014087 
634 6.289555 0.000000 -2.783992 96.243752 0.000000 24.198462 0.015157 
635 7.095369 0.000000 -2.043972 96.711187 0.000000 23.592227 0.009035 
636 5.080834 0.000000 -0.933941 96.891058 0.000000 19.301911 0.023956 
637 5.080834 0.000000 -1.303952 96.466409 0.000000 20.581183 0.027065 
638 5.483741 0.000000 -0.933941 97.145013 0.000000 19.752813 0.017267 
639 3.267753 0.000000 -0.378926 95.076615 0.000000 10.908097 0.084145 
640 3.267753 0.000000 -0.563931 94.718012 0.000000 13.940794 0.083415 
641 3.267753 0.000000 0.361094 100.185040 0.000000 6.317517 -0.007695 
642 3.267753 0.000000 0.546099 101.098429 0.000000 6.898293 -0.026848 
643 1.958306 0.000000 0.268592 94.237065 0.000000 -0.757417 0.111880 
644 1.857579 0.000000 0.268592 93.986944 0.000000 -0.787847 0.116583 
645 1.958306 0.000000 0.361094 95.011098 0.000000 -0.633786 0.097249 
646 2.210123 0.000000 0.129838 96.079393 0.000000 -0.193446 0.076871 
647 2.260486 0.000000 0.129838 96.491847 0.000000 -0.166947 0.068930 
648 2.210123 0.000000 0.176089 96.394601 0.000000 -0.287054 0.070800 
649 1.907942 0.000000 0.037335 92.693818 0.000000 -0.308474 0.140776 
650 1.907942 0.000000 -0.008916 90.309852 0.000000 -0.308024 0.184404 
651 1.907942 0.000000 0.083587 92.597343 0.000000 -0.340354 0.142562 
652 2.008669 0.000000 0.129838 93.342935 0.000000 -0.359745 0.128697 
653 1.958306 0.000000 0.129838 92.184383 0.000000 -0.521512 0.150177 
654 2.008669 0.000000 0.176089 93.803319 0.000000 -0.501101 0.120069 
655 1.907942 0.000000 0.129838 91.506583 0.000000 -0.431944 0.162636 
656 1.857579 0.000000 0.129838 91.242916 0.000000 -0.440596 0.167454 
657 1.907942 0.000000 0.176089 93.054749 0.000000 -0.639136 0.134041 
658 2.210123 0.000000 -0.055167 95.465138 0.000000 -0.118846 0.088639 
659 2.210123 0.000000 -0.101419 96.062323 0.000000 -0.156988 0.077201 
660 2.260486 0.000000 -0.055167 96.172982 0.000000 -0.120294 0.075074 
661 2.084214 0.000000 0.014210 93.136103 0.000000 -0.180270 0.132563 
662 2.059033 0.000000 0.014210 94.598188 0.000000 -0.219964 0.105113 
663 2.084214 0.000000 -0.008916 93.123196 0.000000 -0.179272 0.132804 
664 2.361213 0.000000 0.268592 97.435406 0.000000 -0.322560 0.050624 
665 2.461939 0.000000 0.268592 97.678656 0.000000 -0.310866 0.045878 
666 2.361213 0.000000 0.361094 97.421376 0.000000 -0.322741 0.050897 
667 2.008669 0.000000 -0.055167 92.168027 0.000000 -0.236037 0.150500 
668 1.958306 0.000000 -0.055167 90.243287 0.000000 -0.325516 0.185604 
669 2.008669 0.000000 -0.101419 92.594202 0.000000 -0.266284 0.142624 
670 1.907942 0.000000 -0.055167 89.103918 0.000000 -0.357536 0.206036 
671 1.857579 0.000000 -0.055167 88.774829 0.000000 -0.382045 0.211888 
672 1.907942 0.000000 -0.101419 89.466179 0.000000 -0.403573 0.199564 
673 1.756852 0.000000 0.268592 93.677249 0.000000 -0.827889 0.122389 
674 1.656126 0.000000 0.268592 93.325579 0.000000 -0.876029 0.128957 
675 1.756852 0.000000 0.361094 93.629567 0.000000 -0.836394 0.123280 
676 1.706489 0.000000 0.037335 88.541359 0.000000 -0.340391 0.216031 
677 1.706489 0.000000 -0.008916 83.864205 0.000000 -0.261421 0.296673 
678 1.706489 0.000000 0.083587 88.673261 0.000000 -0.383940 0.213691 
679 1.807216 0.000000 0.129838 90.970464 0.000000 -0.459291 0.172416 
680 1.756852 0.000000 0.129838 90.809655 0.000000 -0.461502 0.175339 
681 1.807216 0.000000 0.176089 91.060644 0.000000 -0.602391 0.170760 
682 1.706489 0.000000 0.129838 90.568361 0.000000 -0.548578 0.179707 
683 1.656126 0.000000 0.129838 87.671116 0.000000 -0.511851 0.231351 
684 1.706489 0.000000 0.176089 91.082312 0.000000 -0.709609 0.170351 
685 1.807216 0.000000 -0.055167 87.538361 0.000000 -0.390723 0.233688 
686 1.756852 0.000000 -0.055167 85.553941 0.000000 -0.352238 0.268040 
687 1.807216 0.000000 -0.101419 88.100453 0.000000 -0.427754 0.223813 
688 1.706489 0.000000 -0.055167 85.128666 0.000000 -0.358861 0.275298 
689 1.656126 0.000000 -0.055167 83.594016 0.000000 -0.424550 0.301186 
690 1.706489 0.000000 -0.101419 86.416644 0.000000 -0.494370 0.253192 
691 1.505036 0.000000 0.037335 82.385737 0.000000 -0.467941 0.321237 
692 1.505036 0.000000 -0.008916 75.823666 0.000000 -0.289509 0.425069 
693 1.505036 0.000000 0.083587 84.123639 0.000000 -0.545533 0.292292 
694 1.555399 0.000000 0.268592 92.953479 0.000000 -0.929766 0.135879 
695 1.454672 0.000000 0.268592 92.586270 0.000000 -0.985456 0.142681 
696 1.555399 0.000000 0.361094 92.968842 0.000000 -0.929561 0.135593 
697 1.605762 0.000000 0.129838 87.102193 0.000000 -0.557579 0.241290 
698 1.555399 0.000000 0.129838 86.828288 0.000000 -0.573958 0.246052 
699 1.605762 0.000000 0.176089 88.052025 0.000000 -0.680357 0.224638 
700 1.505036 0.000000 0.129838 86.780919 0.000000 -0.683889 0.246860 
701 1.454672 0.000000 0.129838 79.319709 0.000000 -0.592509 0.370803 
702 1.505036 0.000000 0.176089 88.459880 0.000000 -0.803432 0.217420 
703 1.605762 0.000000 -0.055167 81.838814 0.000000 -0.415076 0.330224 
704 1.555399 0.000000 -0.055167 81.077893 0.000000 -0.447767 0.342617 
705 1.605762 0.000000 -0.101419 84.426219 0.000000 -0.525230 0.287194 
706 1.505036 0.000000 -0.055167 77.046500 0.000000 -0.399948 0.406368 
707 1.454672 0.000000 -0.055167 73.147202 0.000000 -0.462432 0.464927 
708 1.505036 0.000000 -0.101419 82.343460 0.000000 -0.555750 0.321925 
709 1.353946 0.000000 0.268592 92.252256 0.000000 -1.038326 0.148844 
710 1.353946 0.000000 0.361094 92.331221 0.000000 -1.027625 0.147389 
711 1.404309 0.000000 0.129838 78.514455 0.000000 -0.720613 0.383496 
712 1.353946 0.000000 0.129838 74.691529 0.000000 -0.646530 0.442076 
713 1.404309 0.000000 0.176089 81.549840 0.000000 -0.764945 0.334904 
714 1.303582 0.000000 0.129838 70.208016 0.000000 -0.663244 0.507039 
715 1.303582 0.000000 0.176089 81.567369 0.000000 -0.893234 0.334597 
716 1.404309 0.000000 -0.055167 71.769762 0.000000 -0.493976 0.484886 
717 1.353946 0.000000 -0.055167 66.659353 0.000000 -0.503160 0.555628 
718 1.404309 0.000000 -0.101419 73.367111 0.000000 -0.534920 0.461698 
719 1.303582 0.000000 -0.055167 62.655455 0.000000 -0.490440 0.607405 
720 1.253219 0.000000 -0.055167 60.215188 0.000000 -0.442613 0.637394 
721 1.303582 0.000000 -0.101419 66.687495 0.000000 -0.555280 0.555247 
722 0.951039 0.000000 -0.101419 87.826913 0.000000 -0.517333 0.228617 
723 0.850312 0.000000 -0.101419 89.666469 0.000000 -0.538734 0.195963 
724 0.951039 0.000000 -0.193921 86.929771 0.000000 -1.143725 0.244191 
725 1.102129 0.000000 0.129838 75.871049 0.000000 -0.644944 0.424317 
726 1.051765 0.000000 0.129838 86.337546 0.000000 -0.849942 0.254511 
727 1.102129 0.000000 0.176089 88.002726 0.000000 -1.091713 0.225433 
728 1.202855 0.000000 -0.055167 64.337283 0.000000 -0.523094 0.586044 
729 1.152492 0.000000 -0.055167 68.087690 0.000000 -0.499292 0.536382 
730 1.202855 0.000000 -0.101419 67.228510 0.000000 -0.580959 0.547999 
731 1.102129 0.000000 -0.055167 73.813304 0.000000 -0.533685 0.455131 
732 1.051765 0.000000 -0.055167 76.220140 0.000000 -0.491813 0.419025 
733 1.102129 0.000000 -0.101419 74.401541 0.000000 -0.590734 0.446406 
734 0.951039 0.000000 0.268592 89.237601 0.000000 -1.471669 0.203448 
735 0.850312 0.000000 0.268592 88.724347 0.000000 -1.559847 0.212556 
736 0.951039 0.000000 0.361094 88.781342 0.000000 -1.548502 0.211548 
737 4.879381 0.000000 -0.378926 97.754175 0.000000 18.138703 0.011511 
738 4.879381 0.000000 -0.563931 97.410117 0.000000 17.957956 0.018878 
739 5.080834 0.000000 -0.378926 97.653453 0.000000 18.229717 0.013148 
740 4.577201 0.000000 -0.101419 96.971686 0.000000 0.000000 0.059649 
741 4.577201 0.000000 -0.193921 97.083040 0.000000 0.000000 0.057488 
742 4.677927 0.000000 -0.101419 96.999325 0.000000 0.000000 0.059113 
743 4.879381 0.000000 0.361094 98.627640 0.000000 16.195364 0.001030 
744 5.080834 0.000000 0.361094 99.509372 0.000000 14.347985 -0.010798 
745 4.879381 0.000000 0.546099 98.707813 0.000000 16.003277 0.000066 
746 4.426110 0.000000 -0.055167 97.032780 0.000000 -0.000000 0.058464 
747 4.426110 0.000000 -0.101419 96.919727 0.000000 -0.000000 0.060657 
748 4.476474 0.000000 -0.055167 96.943591 0.000000 -0.000000 0.060194 
749 4.123930 0.000000 -0.055167 97.338368 0.000000 -0.000000 0.052524 
750 4.073567 0.000000 -0.055167 97.511874 0.000000 0.000000 0.049143 
751 4.123930 0.000000 -0.101419 97.305585 0.000000 -0.000000 0.053162 
752 4.350565 0.000000 -0.032042 97.074243 0.000000 -0.000000 0.057659 
753 4.350565 0.000000 -0.055167 97.055601 0.000000 -0.000000 0.058021 
754 4.375747 0.000000 -0.032042 97.091665 0.000000 -0.000000 0.057321 
755 4.249839 0.000000 -0.032042 96.974426 0.000000 -0.000000 0.059596 
756 4.224657 0.000000 -0.032042 97.029540 0.000000 -0.000000 0.058527 
757 4.249839 0.000000 -0.055167 97.050294 0.000000 -0.000000 0.058124 
758 4.023204 0.000000 -0.055167 97.640634 0.000000 -0.000000 0.046631 
759 4.023204 0.000000 -0.101419 97.690860 0.000000 -0.000000 0.045650 
760 3.897295 0.000000 -0.032042 97.851993 0.000000 -0.000000 0.042499 
761 3.897295 0.000000 -0.055167 97.851098 0.000000 -0.000000 0.042516 
762 3.922477 0.000000 -0.032042 97.825196 0.000000 -0.000000 0.043023 
1 19 21 9 22 
2 20 19 22 4 
3 28 29 3 30 
4 21 28 30 9 
5 35 37 21 38 
6 36 35 38 19 
7 44 45 28 46 
8 37 44 46 21 
9 51 53 37 54 
10 52 51 54 35 
11 60 61 44 62 
12 53 60 62 37 
13 67 69 53 70 
14 68 67 70 51 
15 11 78 76 77 
16 78 10 24 76 
17 76 24 14 79 
18 77 76 79 6 
19 24 82 80 81 
20 82 23 40 80 
21 80 40 27 83 
22 81 80 83 14 
23 40 86 84 85 
24 86 39 56 84 
25 84 56 43 87 
26 85 84 87 27 
27 56 90 88 89 
28 89 88 91 43 
29 92 93 60 94 
30 69 92 94 53 
31 95 97 69 98 
32 96 95 98 67 
33 6 79 112 113 
34 79 14 36 112 
35 112 36 19 114 
36 113 112 114 20 
37 14 83 115 116 
38 83 27 52 115 
39 115 52 35 117 
40 116 115 117 36 
41 27 87 118 119 
42 87 43 68 118 
43 118 68 51 120 
44 119 118 120 52 
45 43 91 121 122 
46 121 96 67 123 
47 122 121 123 68 
48 124 126 95 127 
49 125 124 127 96 
50 133 134 92 135 
51 97 133 135 69 
52 136 137 97 138 
53 126 136 138 95 
54 147 148 133 149 
55 137 147 149 97 
56 152 143 153 150 
57 150 153 146 154 
58 15 156 155 33 
59 156 17 157 155 
60 155 157 8 158 
61 33 155 158 18 
62 31 160 159 49 
63 160 33 161 159 
64 159 161 18 162 
65 49 159 162 34 
66 164 49 165 163 
67 163 165 34 166 
68 143 176 175 153 
69 176 145 177 175 
70 175 177 107 178 
71 153 175 178 146 
72 18 158 179 45 
73 158 8 180 179 
74 179 180 29 181 
75 45 179 181 28 
76 34 162 182 61 
77 162 18 183 182 
78 182 183 45 184 
79 61 182 184 44 
80 166 34 186 185 
81 185 186 61 187 
82 93 185 187 60 
83 188 189 93 190 
84 134 188 190 92 
85 191 192 134 193 
86 148 191 193 133 
87 145 195 194 177 
88 195 171 196 194 
89 194 196 174 197 
90 177 194 197 107 
91 201 203 137 204 
92 202 201 204 136 
93 12 216 214 215 
94 216 7 217 214 
95 214 217 13 25 
96 215 214 25 10 
97 25 220 218 219 
98 220 13 221 218 
99 218 221 26 41 
100 219 218 41 23 
101 41 224 222 223 
102 224 26 225 222 
103 222 225 42 57 
104 223 222 57 39 
105 57 228 226 227 
106 228 42 229 226 
107 226 229 58 73 
108 227 226 73 55 
109 73 232 230 231 
110 232 58 233 230 
111 230 233 74 109 
112 231 230 109 71 
113 109 236 234 235 
114 236 74 237 234 
115 234 237 110 199 
116 235 234 199 108 
117 199 240 238 239 
118 240 110 241 238 
119 154 146 248 247 
120 247 248 147 249 
121 203 247 249 137 
122 151 251 250 208 
123 251 150 252 250 
124 250 252 154 253 
125 208 250 253 5 
126 207 255 254 245 
127 255 151 256 254 
128 254 256 208 257 
129 245 254 257 205 
130 200 209 258 259 
131 209 5 260 258 
132 258 260 203 261 
133 259 258 261 201 
134 206 246 262 263 
135 246 205 264 262 
136 262 264 209 265 
137 263 262 265 200 
138 268 245 269 266 
139 266 269 205 270 
140 267 266 270 246 
141 108 273 271 272 
142 273 199 239 271 
143 212 276 274 275 
144 276 198 243 274 
145 274 243 206 277 
146 275 274 277 210 
147 243 280 278 279 
148 280 242 267 278 
149 278 267 246 281 
150 279 278 281 206 
151 239 284 282 283 
152 284 238 285 282 
153 282 285 207 244 
154 283 282 244 198 
155 244 288 286 287 
156 288 207 289 286 
157 286 289 245 268 
158 287 286 268 242 
159 242 292 290 291 
160 292 268 293 290 
161 290 293 266 294 
162 291 290 294 267 
163 295 202 136 297 
164 296 295 297 126 
165 71 304 302 303 
166 304 109 235 302 
167 302 235 108 140 
168 303 302 140 102 
169 140 307 305 306 
170 307 108 272 305 
171 300 310 308 309 
172 310 141 311 308 
173 308 311 211 312 
174 309 308 312 298 
175 102 319 317 318 
176 319 140 306 317 
177 315 322 320 321 
178 322 139 323 320 
179 320 323 299 324 
180 321 320 324 313 
181 325 296 126 327 
182 326 325 327 124 
183 55 334 332 333 
184 334 73 231 332 
185 332 231 71 101 
186 333 332 101 72 
187 101 337 335 336 
188 337 71 303 335 
189 335 303 102 130 
190 336 335 130 99 
191 130 340 338 339 
192 340 102 318 338 
193 330 343 341 342 
194 343 131 344 341 
195 341 344 314 345 
196 342 341 345 328 
197 88 348 346 347 
198 348 72 100 346 
199 346 100 59 349 
200 347 346 349 91 
201 100 352 350 351 
202 351 350 353 59 
203 128 360 358 359 
204 360 330 342 358 
205 358 342 328 361 
206 359 358 361 329 
207 99 364 362 363 
208 364 130 339 362 
209 356 367 365 366 
210 367 128 359 365 
211 365 359 329 368 
212 91 349 369 370 
213 349 59 125 369 
214 369 125 96 371 
215 370 369 371 121 
216 59 353 372 373 
217 372 326 124 374 
218 373 372 374 125 
219 350 377 375 376 
220 377 129 355 375 
221 375 355 103 378 
222 376 375 378 353 
223 129 381 379 380 
224 381 356 366 379 
225 379 366 354 382 
226 380 379 382 355 
227 103 357 383 384 
228 357 132 385 383 
229 383 385 325 386 
230 384 383 386 326 
231 354 368 387 388 
232 368 329 389 387 
233 387 389 132 390 
234 388 387 390 357 
235 366 393 391 392 
236 393 365 394 391 
237 391 394 368 395 
238 392 391 395 354 
239 65 401 400 169 
240 401 163 402 400 
241 400 402 166 403 
242 169 400 403 50 
243 405 169 406 404 
244 404 406 50 407 
245 408 409 188 410 
246 192 408 410 134 
247 50 403 420 189 
248 403 166 421 420 
249 420 421 185 422 
250 189 420 422 93 
251 407 50 424 423 
252 423 424 189 425 
253 409 423 425 188 
254 399 415 426 427 
255 415 170 428 426 
256 426 428 409 429 
257 427 426 429 408 
258 430 433 415 434 
259 431 430 434 399 
260 66 419 435 436 
261 419 399 427 435 
262 435 427 408 437 
263 436 435 437 192 
264 438 431 399 441 
265 439 438 441 419 
266 7 443 442 217 
267 443 16 444 442 
268 442 444 15 32 
269 217 442 32 13 
270 13 446 445 221 
271 446 32 447 445 
272 445 447 31 48 
273 221 445 48 26 
274 26 449 448 225 
275 449 48 450 448 
276 448 450 47 64 
277 225 448 64 42 
278 64 453 451 452 
279 453 47 454 451 
280 451 454 65 168 
281 452 451 168 63 
282 63 457 455 456 
283 457 168 458 455 
284 455 458 167 397 
285 456 455 397 106 
286 397 461 459 460 
287 461 167 462 459 
288 459 462 398 413 
289 460 459 413 396 
290 396 465 463 464 
291 465 413 466 463 
292 467 470 430 471 
293 468 467 471 431 
294 106 474 472 473 
295 474 397 460 472 
296 472 460 396 418 
297 473 472 418 173 
298 418 477 475 476 
299 477 396 464 475 
300 440 480 478 479 
301 478 468 431 481 
302 479 478 481 438 
303 464 484 482 483 
304 484 463 485 482 
305 412 488 486 487 
306 486 489 467 490 
307 487 486 490 468 
308 475 493 491 492 
309 493 464 483 491 
310 492 491 480 440 
311 483 496 494 495 
312 496 482 497 494 
313 494 497 469 488 
314 495 494 488 412 
315 398 499 498 414 
316 499 404 500 498 
317 498 500 407 501 
318 414 498 501 170 
319 411 503 502 433 
320 503 414 504 502 
321 502 504 170 505 
322 433 502 505 415 
323 432 507 506 470 
324 507 411 508 506 
325 506 508 433 509 
326 470 506 509 430 
327 469 511 510 489 
328 511 432 512 510 
329 510 512 470 513 
330 489 510 513 467 
331 488 516 514 515 
332 516 469 517 514 
333 514 517 489 518 
334 515 514 518 486 
335 480 521 519 520 
336 521 412 487 519 
337 519 487 468 522 
338 520 519 522 478 
339 171 524 523 196 
340 196 523 525 174 
341 526 439 419 529 
342 527 526 529 66 
343 416 532 530 531 
344 532 440 479 530 
345 530 479 438 533 
346 531 530 533 439 
347 173 536 534 535 
348 536 418 476 534 
349 528 539 537 538 
350 539 416 531 537 
351 537 531 439 540 
352 538 537 540 526 
353 174 525 541 542 
354 525 66 436 541 
355 541 436 192 543 
356 542 541 543 191 
357 523 546 544 545 
358 544 527 66 547 
359 545 544 547 525 
360 550 528 538 548 
361 548 538 526 551 
362 549 548 551 527 
363 42 553 552 229 
364 553 64 452 552 
365 552 452 63 105 
366 229 552 105 58 
367 105 556 554 555 
368 556 63 456 554 
369 554 456 106 172 
370 555 554 172 104 
371 172 559 557 558 
372 559 106 473 557 
373 557 473 173 524 
374 558 557 524 171 
375 524 562 560 561 
376 562 173 535 560 
377 561 560 546 523 
378 546 565 563 564 
379 563 549 527 566 
380 564 563 566 544 
381 535 569 567 568 
382 569 534 570 567 
383 567 570 528 550 
384 417 573 571 572 
385 573 550 574 571 
386 571 574 548 575 
387 572 571 575 549 
388 560 578 576 577 
389 578 535 568 576 
390 577 576 565 546 
391 565 581 579 580 
392 579 572 549 582 
393 580 579 582 563 
394 576 585 583 584 
395 585 568 586 583 
396 583 586 417 581 
397 584 583 581 565 
398 581 589 587 588 
399 589 417 590 587 
400 587 590 572 591 
401 588 587 591 579 
402 1 594 592 593 
403 594 12 215 592 
404 592 215 10 78 
405 593 592 78 11 
406 16 596 595 444 
407 596 2 597 595 
408 595 597 17 156 
409 444 595 156 15 
410 10 600 598 599 
411 600 25 219 598 
412 598 219 23 82 
413 599 598 82 24 
414 32 602 601 447 
415 602 15 603 601 
416 601 603 33 160 
417 447 601 160 31 
418 23 606 604 605 
419 606 41 223 604 
420 604 223 39 86 
421 605 604 86 40 
422 48 608 607 450 
423 608 31 609 607 
424 607 609 49 164 
425 450 607 164 47 
426 39 612 610 611 
427 612 57 227 610 
428 610 227 55 90 
429 611 610 90 56 
430 90 615 613 614 
431 615 55 333 613 
432 613 333 72 348 
433 614 613 348 88 
434 72 618 616 617 
435 618 101 336 616 
436 616 336 99 352 
437 617 616 352 100 
438 58 620 619 233 
439 620 105 555 619 
440 619 555 104 144 
441 233 619 144 74 
442 74 622 621 237 
443 622 144 623 621 
444 621 623 143 152 
445 237 621 152 110 
446 144 625 624 623 
447 625 104 626 624 
448 624 626 145 176 
449 623 624 176 143 
450 146 178 627 248 
451 178 107 628 627 
452 627 628 148 629 
453 248 627 629 147 
454 110 631 630 241 
455 631 152 632 630 
456 630 632 150 251 
457 241 630 251 151 
458 47 634 633 454 
459 634 164 635 633 
460 633 635 163 401 
461 454 633 401 65 
462 168 637 636 458 
463 637 65 638 636 
464 636 638 169 405 
465 458 636 405 167 
466 104 640 639 626 
467 640 172 558 639 
468 639 558 171 195 
469 626 639 195 145 
470 107 197 641 628 
471 197 174 542 641 
472 641 542 191 642 
473 628 641 642 148 
474 111 213 643 644 
475 213 200 259 643 
476 643 259 201 645 
477 644 643 645 202 
478 205 257 646 264 
479 257 208 647 646 
480 646 647 5 648 
481 264 646 648 209 
482 141 650 649 311 
483 650 212 275 649 
484 649 275 210 651 
485 311 649 651 211 
486 210 277 652 653 
487 277 206 263 652 
488 652 263 200 654 
489 653 652 654 213 
490 211 651 655 656 
491 651 210 653 655 
492 655 653 213 657 
493 656 655 657 111 
494 238 659 658 285 
495 659 241 660 658 
496 658 660 151 255 
497 285 658 255 207 
498 198 663 661 662 
499 663 244 287 661 
500 661 287 242 280 
501 662 661 280 243 
502 5 253 664 260 
503 253 154 665 664 
504 664 665 247 666 
505 260 664 666 203 
506 271 669 667 668 
507 669 239 283 667 
508 667 283 198 276 
509 668 667 276 212 
510 272 672 670 671 
511 672 271 668 670 
512 670 668 212 650 
513 671 670 650 141 
514 142 301 673 674 
515 301 111 644 673 
516 673 644 202 675 
517 674 673 675 295 
518 139 677 676 323 
519 677 300 309 676 
520 676 309 298 678 
521 323 676 678 299 
522 298 312 679 680 
523 312 211 656 679 
524 679 656 111 681 
525 680 679 681 301 
526 299 678 682 683 
527 678 298 680 682 
528 682 680 301 684 
529 683 682 684 142 
530 305 687 685 686 
531 687 272 671 685 
532 685 671 141 310 
533 686 685 310 300 
534 306 690 688 689 
535 690 305 686 688 
536 688 686 300 677 
537 689 688 677 139 
538 131 692 691 344 
539 692 315 321 691 
540 691 321 313 693 
541 344 691 693 314 
542 75 316 694 695 
543 316 142 674 694 
544 694 674 295 696 
545 695 694 696 296 
546 313 324 697 698 
547 324 299 683 697 
548 697 683 142 699 
549 698 697 699 316 
550 314 693 700 701 
551 693 313 698 700 
552 700 698 316 702 
553 701 700 702 75 
554 317 705 703 704 
555 705 306 689 703 
556 703 689 139 322 
557 704 703 322 315 
558 318 708 706 707 
559 708 317 704 706 
560 706 704 315 692 
561 707 706 692 131 
562 132 331 709 385 
563 331 75 695 709 
564 709 695 296 710 
565 385 709 710 325 
566 328 345 711 712 
567 345 314 701 711 
568 711 701 75 713 
569 712 711 713 331 
570 329 361 714 389 
571 361 328 712 714 
572 714 712 331 715 
573 389 714 715 132 
574 338 718 716 717 
575 718 318 707 716 
576 716 707 131 343 
577 717 716 343 330 
578 339 721 719 720 
579 721 338 717 719 
580 719 717 330 360 
581 720 719 360 128 
582 352 724 722 723 
583 724 99 363 722 
584 722 363 129 377 
585 723 722 377 350 
586 355 382 725 726 
587 382 354 388 725 
588 725 388 357 727 
589 726 725 727 103 
590 362 730 728 729 
591 730 339 720 728 
592 728 720 128 367 
593 729 728 367 356 
594 363 733 731 732 
595 733 362 729 731 
596 731 729 356 381 
597 732 731 381 129 
598 353 378 734 735 
599 378 103 384 734 
600 734 384 326 736 
601 735 734 736 372 
602 167 738 737 462 
603 738 405 739 737 
604 737 739 404 499 
605 462 737 499 398 
606 413 741 740 466 
607 741 398 742 740 
608 740 742 414 503 
609 466 740 503 411 
610 170 501 743 428 
611 501 407 744 743 
612 743 744 423 745 
613 428 743 745 409 
614 463 747 746 485 
615 747 466 748 746 
616 746 748 411 507 
617 485 746 507 432 
618 476 751 749 750 
619 751 475 492 749 
620 749 492 440 532 
621 750 749 532 416 
622 482 753 752 497 
623 753 485 754 752 
624 752 754 432 511 
625 497 752 511 469 
626 491 757 755 756 
627 757 483 495 755 
628 755 495 412 521 
629 756 755 521 480 
630 534 759 758 570 
631 759 476 750 758 
632 758 750 416 539 
633 570 758 539 528 
634 568 761 760 586 
635 761 567 762 760 
636 760 762 550 573 
637 586 760 573 417 
