2 0.000000 100.000000 473.401889
767 640 
1 -23.525554 0.000000 -23.504561 97.013603 0.000000 24.198168 0.000281 
2 28.046526 0.000000 -23.504561 97.026777 0.000000 24.112792 0.000438 
3 28.046526 0.000000 23.856739 97.100627 0.000000 23.957856 -0.000251 
4 -23.525554 0.000000 23.856739 97.053661 0.000000 24.194998 -0.000481 
5 2.260486 0.000000 0.176089 97.886651 0.000000 0.601966 0.041784 
6 -23.525554 0.000000 0.176089 97.036134 0.000000 24.219154 -0.000258 
7 2.260486 0.000000 -23.504561 96.980652 0.000000 24.141804 0.001193 
8 28.046526 0.000000 0.176089 97.331887 0.000000 22.933769 0.000055 
9 2.260486 0.000000 23.856739 97.109572 0.000000 24.111037 -0.001161 
10 -10.632534 0.000000 -11.664236 96.963332 0.000000 24.215646 0.001171 
11 -23.525554 0.000000 -11.664236 97.016205 0.000000 24.210323 0.000172 
12 -10.632534 0.000000 -23.504561 96.993590 0.000000 24.186176 0.000727 
13 2.260486 0.000000 -11.664236 96.838970 0.000000 23.986406 0.004687 
14 -10.632534 0.000000 0.176089 97.056020 0.000000 24.304510 -0.001058 
15 15.153506 0.000000 -11.664236 97.019583 0.000000 23.890312 0.001645 
16 15.153506 0.000000 -23.504561 97.005416 0.000000 24.108706 0.000872 
17 28.046526 0.000000 -11.664236 97.058052 0.000000 23.978570 0.000476 
18 15.153506 0.000000 0.176089 97.808473 0.000000 20.905750 -0.000355 
19 -10.632534 0.000000 12.016414 97.128739 0.000000 24.202625 -0.001976 
20 -23.525554 0.000000 12.016414 97.054259 0.000000 24.207830 -0.000555 
21 2.260486 0.000000 12.016414 97.340730 0.000000 23.870547 -0.004502 
22 -10.632534 0.000000 23.856739 97.081701 0.000000 24.176528 -0.000936 
23 -4.186024 0.000000 -5.744073 96.755146 0.000000 24.273402 0.004924 
24 -10.632534 0.000000 -5.744073 96.972676 0.000000 24.266718 0.000743 
25 -4.186024 0.000000 -11.664236 96.883938 0.000000 24.164922 0.002956 
26 2.260486 0.000000 -5.744073 96.366333 0.000000 23.477677 0.016233 
27 -4.186024 0.000000 0.176089 97.124532 0.000000 24.646375 -0.004062 
28 15.153506 0.000000 12.016414 97.278000 0.000000 23.375549 -0.000943 
29 28.046526 0.000000 12.016414 97.435438 0.000000 22.592748 -0.000410 
30 15.153506 0.000000 23.856739 97.103011 0.000000 24.030613 -0.000647 
31 8.706996 0.000000 -5.744073 96.986136 0.000000 23.147309 0.005789 
32 8.706996 0.000000 -11.664236 96.945247 0.000000 23.872140 0.003174 
33 15.153506 0.000000 -5.744073 97.130550 0.000000 23.436137 0.001640 
34 8.706996 0.000000 0.176089 98.266787 0.000000 18.490512 0.000174 
35 -4.186024 0.000000 6.096252 97.429783 0.000000 24.222279 -0.007928 
36 -10.632534 0.000000 6.096252 97.132159 0.000000 24.256415 -0.002303 
37 2.260486 0.000000 6.096252 98.049524 0.000000 23.156039 -0.014991 
38 -4.186024 0.000000 12.016414 97.239010 0.000000 24.126094 -0.003749 
39 -0.962769 0.000000 -2.783992 95.959837 0.000000 24.535441 0.018972 
40 -4.186024 0.000000 -2.783992 96.787264 0.000000 24.481732 0.003287 
41 -0.962769 0.000000 -5.744073 96.465328 0.000000 24.070125 0.011507 
42 2.260486 0.000000 -2.783992 95.109698 0.000000 22.297271 0.045698 
43 -0.962769 0.000000 0.176089 96.971792 0.000000 25.857163 -0.007212 
44 8.706996 0.000000 6.096252 97.708675 0.000000 22.016164 -0.003170 
45 15.153506 0.000000 6.096252 97.847883 0.000000 20.999364 -0.001518 
46 8.706996 0.000000 12.016414 97.293955 0.000000 23.598211 -0.002299 
47 5.483741 0.000000 -2.783992 96.755810 0.000000 21.325559 0.018353 
48 5.483741 0.000000 -5.744073 96.713694 0.000000 23.104908 0.011262 
49 8.706996 0.000000 -2.783992 97.290145 0.000000 21.952817 0.005270 
50 5.483741 0.000000 0.176089 101.724464 0.000000 5.077305 -0.037365 
51 -0.962769 0.000000 3.136170 98.450813 0.000000 24.392572 -0.028756 
52 -4.186024 0.000000 3.136170 97.440591 0.000000 24.444845 -0.009222 
53 2.260486 0.000000 3.136170 99.668089 0.000000 21.881343 -0.041252 
54 -0.962769 0.000000 6.096252 97.814479 0.000000 23.942320 -0.014091 
55 0.648858 0.000000 -1.303952 93.009923 0.000000 24.862702 0.073100 
56 -0.962769 0.000000 -1.303952 96.089379 0.000000 25.349455 0.012424 
57 0.648858 0.000000 -2.783992 95.153798 0.000000 23.769084 0.038079 
58 2.260486 0.000000 -1.303952 93.092351 0.000000 20.169454 0.092701 
59 0.648858 0.000000 0.176089 93.017234 0.000000 -0.411021 0.134763 
60 5.483741 0.000000 3.136170 98.393790 0.000000 20.298137 -0.009335 
61 8.706996 0.000000 3.136170 98.014911 0.000000 20.512311 -0.002768 
62 5.483741 0.000000 6.096252 97.843891 0.000000 22.444944 -0.007720 
63 3.872114 0.000000 -1.303952 95.582000 0.000000 18.740090 0.051289 
64 3.872114 0.000000 -2.783992 95.962259 0.000000 21.407539 0.033296 
65 5.483741 0.000000 -1.303952 97.187465 0.000000 18.953563 0.019536 
66 3.872114 0.000000 0.176089 97.734047 0.000000 -0.000000 0.044806 
67 0.648858 0.000000 1.656130 101.351185 0.000000 25.099631 -0.090205 
68 -0.962769 0.000000 1.656130 98.417352 0.000000 25.318002 -0.032698 
69 2.260486 0.000000 1.656130 101.683135 0.000000 21.079373 -0.078380 
70 0.648858 0.000000 3.136170 99.471937 0.000000 23.554707 -0.044949 
71 1.454672 0.000000 -0.563931 90.748867 0.000000 -0.218708 0.176460 
72 0.648858 0.000000 -0.563931 89.751462 0.000000 25.473728 0.129576 
73 1.454672 0.000000 -1.303952 92.162181 0.000000 22.402402 0.100426 
74 2.260486 0.000000 -0.563931 100.014185 0.000000 0.801193 -0.000348 
75 1.454672 0.000000 0.176089 90.139319 0.000000 -0.008015 0.187490 
76 -17.079044 0.000000 -5.744073 97.013631 0.000000 24.233132 0.000111 
77 -23.525554 0.000000 -5.744073 97.024082 0.000000 24.216802 -0.000013 
78 -17.079044 0.000000 -11.664236 97.001012 0.000000 24.216188 0.000438 
79 -17.079044 0.000000 0.176089 97.041320 0.000000 24.240950 -0.000464 
80 -7.409279 0.000000 -2.783992 96.956798 0.000000 24.368221 0.000557 
81 -10.632534 0.000000 -2.783992 97.005190 0.000000 24.294736 -0.000024 
82 -7.409279 0.000000 -5.744073 96.909714 0.000000 24.286636 0.001867 
83 -7.409279 0.000000 0.176089 97.077158 0.000000 24.405028 -0.001958 
84 -2.574397 0.000000 -1.303952 96.717907 0.000000 24.871716 0.002704 
85 -4.186024 0.000000 -1.303952 96.917417 0.000000 24.599607 0.000187 
86 -2.574397 0.000000 -2.783992 96.527282 0.000000 24.570328 0.007878 
87 -2.574397 0.000000 0.176089 97.167312 0.000000 25.039481 -0.006846 
88 -0.156955 0.000000 -0.563931 96.107267 0.000000 27.568767 0.000336 
89 -0.962769 0.000000 -0.563931 96.588325 0.000000 25.711321 0.000962 
90 -0.156955 0.000000 -1.303952 94.989206 0.000000 25.757007 0.031363 
91 -0.156955 0.000000 0.176089 95.356723 0.000000 25.712323 0.024597 
92 3.872114 0.000000 1.656130 99.392520 0.000000 20.281642 -0.029022 
93 5.483741 0.000000 1.656130 98.969612 0.000000 17.504058 -0.010138 
94 3.872114 0.000000 3.136170 98.989067 0.000000 20.744171 -0.022916 
95 1.454672 0.000000 0.916109 105.436366 0.000000 25.331020 -0.175849 
96 0.648858 0.000000 0.916109 102.474659 0.000000 28.744140 -0.132728 
97 2.260486 0.000000 0.916109 103.317802 0.000000 20.930187 -0.111264 
98 1.454672 0.000000 1.656130 102.432821 0.000000 23.058431 -0.102417 
99 1.051765 0.000000 -0.193921 88.169344 0.000000 -0.435532 0.222598 
100 0.648858 0.000000 -0.193921 92.424868 0.000000 -0.537075 0.145736 
101 1.051765 0.000000 -0.563931 87.922276 0.000000 -0.818256 0.226900 
102 1.454672 0.000000 -0.193921 90.224495 0.000000 0.000165 0.185954 
103 1.051765 0.000000 0.176089 88.569092 0.000000 -0.384985 0.215537 
104 3.066300 0.000000 -0.563931 94.173075 0.000000 16.667433 0.085363 
105 3.066300 0.000000 -1.303952 94.553756 0.000000 19.129028 0.069367 
106 3.872114 0.000000 -0.563931 95.116578 0.000000 15.685546 0.070680 
107 3.066300 0.000000 0.176089 92.859902 0.000000 0.000000 0.137704 
108 1.857579 0.000000 -0.193921 93.896208 0.000000 0.190213 0.118347 
109 1.857579 0.000000 -0.563931 97.359822 0.000000 0.732239 0.052053 
110 2.260486 0.000000 -0.193921 97.822021 0.000000 0.600921 0.043049 
111 1.857579 0.000000 0.176089 92.885918 0.000000 0.187972 0.137217 
112 -17.079044 0.000000 6.096252 97.067455 0.000000 24.229819 -0.000917 
113 -23.525554 0.000000 6.096252 97.047678 0.000000 24.215362 -0.000464 
114 -17.079044 0.000000 12.016414 97.076493 0.000000 24.210958 -0.001002 
115 -7.409279 0.000000 3.136170 97.191261 0.000000 24.354014 -0.003926 
116 -10.632534 0.000000 3.136170 97.104776 0.000000 24.288987 -0.001929 
117 -7.409279 0.000000 6.096252 97.226465 0.000000 24.268014 -0.004192 
118 -2.574397 0.000000 1.656130 97.618149 0.000000 24.840003 -0.014633 
119 -4.186024 0.000000 1.656130 97.326758 0.000000 24.580141 -0.007668 
120 -2.574397 0.000000 3.136170 97.779519 0.000000 24.505029 -0.016133 
121 -0.156955 0.000000 0.916109 98.722531 0.000000 27.675196 -0.051205 
122 -0.962769 0.000000 0.916109 97.818966 0.000000 25.892253 -0.023896 
123 -0.156955 0.000000 1.656130 99.567452 0.000000 25.670002 -0.057263 
124 1.051765 0.000000 0.546099 88.385149 0.000000 -0.680417 0.218760 
125 0.648858 0.000000 0.546099 86.999934 0.000000 -1.271750 0.242939 
126 1.454672 0.000000 0.546099 93.157377 0.000000 0.016741 0.132170 
127 1.051765 0.000000 0.916109 104.673018 0.000000 27.620278 -0.171932 
128 1.253219 0.000000 -0.008916 59.610727 0.000000 -0.051344 0.644656 
129 1.051765 0.000000 -0.008916 82.977853 0.000000 -0.114760 0.311466 
130 1.253219 0.000000 -0.193921 81.989945 0.000000 -0.215690 0.327760 
131 1.454672 0.000000 -0.008916 81.050870 0.000000 0.046327 0.343075 
132 1.253219 0.000000 0.176089 82.626000 0.000000 -0.197951 0.317290 
133 3.066300 0.000000 0.916109 101.491221 0.000000 17.565989 -0.060903 
134 3.872114 0.000000 0.916109 101.174406 0.000000 15.377610 -0.047273 
135 3.066300 0.000000 1.656130 100.365093 0.000000 20.352980 -0.048740 
136 1.857579 0.000000 0.546099 95.348304 0.000000 0.370895 0.090856 
137 2.260486 0.000000 0.546099 99.021026 0.000000 0.820630 0.019416 
138 1.857579 0.000000 0.916109 104.675196 0.000000 23.084110 -0.148977 
139 1.656126 0.000000 -0.008916 88.956209 0.000000 0.277489 0.208672 
140 1.656126 0.000000 -0.193921 92.336892 0.000000 0.105679 0.147389 
141 1.857579 0.000000 -0.008916 92.764969 0.000000 0.371441 0.139452 
142 1.656126 0.000000 0.176089 92.370756 0.000000 0.116643 0.146763 
143 2.663393 0.000000 -0.193921 98.400941 0.000000 0.445009 0.031706 
144 2.663393 0.000000 -0.563931 92.936588 0.000000 16.979900 0.107447 
145 3.066300 0.000000 -0.193921 92.859902 0.000000 0.000000 0.137704 
146 2.663393 0.000000 0.176089 98.356421 0.000000 0.436812 0.032582 
147 2.663393 0.000000 0.546099 100.819625 0.000000 0.691480 -0.016507 
148 3.066300 0.000000 0.546099 102.205003 0.000000 10.086685 -0.054760 
149 2.663393 0.000000 0.916109 102.117536 0.000000 19.091578 -0.079248 
150 2.461939 0.000000 -0.008916 96.820558 0.000000 0.184220 0.062575 
151 2.260486 0.000000 -0.008916 96.653333 0.000000 0.257313 0.065807 
152 2.461939 0.000000 -0.193921 98.508396 0.000000 0.560764 0.029578 
153 2.663393 0.000000 -0.008916 96.042632 0.000000 0.072114 0.077581 
154 2.461939 0.000000 0.176089 98.510645 0.000000 0.556087 0.029534 
155 21.600016 0.000000 -5.744073 97.130819 0.000000 23.631506 0.000716 
156 21.600016 0.000000 -11.664236 97.049453 0.000000 23.936987 0.000842 
157 28.046526 0.000000 -5.744073 97.116963 0.000000 23.760105 0.000375 
158 21.600016 0.000000 0.176089 97.489978 0.000000 22.266904 -0.000011 
159 11.930251 0.000000 -2.783992 97.331050 0.000000 22.443341 0.002296 
160 11.930251 0.000000 -5.744073 97.093846 0.000000 23.288951 0.003041 
161 15.153506 0.000000 -2.783992 97.310293 0.000000 22.804392 0.001067 
162 11.930251 0.000000 0.176089 98.089920 0.000000 19.673782 -0.000869 
163 7.095369 0.000000 -1.303952 97.662760 0.000000 19.911319 0.006552 
164 7.095369 0.000000 -2.783992 97.148349 0.000000 21.624437 0.009458 
165 8.706996 0.000000 -1.303952 97.684596 0.000000 20.596405 0.003351 
166 7.095369 0.000000 0.176089 98.197114 0.000000 19.794608 -0.003450 
167 4.677927 0.000000 -0.563931 97.255579 0.000000 16.552892 0.026735 
168 4.677927 0.000000 -1.303952 96.515950 0.000000 18.610258 0.033833 
169 5.483741 0.000000 -0.563931 97.756470 0.000000 17.368713 0.014200 
170 4.677927 0.000000 0.176089 96.244960 0.000000 20.230926 0.032762 
171 3.469207 0.000000 -0.193921 96.903459 0.000000 0.000000 0.060972 
172 3.469207 0.000000 -0.563931 94.651414 0.000000 16.305441 0.077524 
173 3.872114 0.000000 -0.193921 97.733999 0.000000 -0.000000 0.044807 
174 3.469207 0.000000 0.176089 96.042711 0.000000 0.000000 0.077580 
175 2.864846 0.000000 -0.008916 94.695639 0.000000 0.021384 0.103274 
176 2.864846 0.000000 -0.193921 95.460377 0.000000 0.105020 0.088731 
177 3.066300 0.000000 -0.008916 93.520553 0.000000 0.000000 0.125391 
178 2.864846 0.000000 0.176089 96.760695 0.000000 0.240535 0.063731 
179 21.600016 0.000000 6.096252 97.882866 0.000000 20.784417 -0.001305 
180 28.046526 0.000000 6.096252 98.188998 0.000000 19.537501 -0.002279 
181 21.600016 0.000000 12.016414 97.326370 0.000000 23.072436 -0.000476 
182 11.930251 0.000000 3.136170 99.261237 0.000000 15.287243 -0.008649 
183 15.153506 0.000000 3.136170 99.249821 0.000000 15.270568 -0.008372 
184 11.930251 0.000000 6.096252 97.747595 0.000000 21.546113 -0.001883 
185 7.095369 0.000000 1.656130 100.089643 0.000000 12.479201 -0.017367 
186 8.706996 0.000000 1.656130 99.110741 0.000000 15.969174 -0.007795 
187 7.095369 0.000000 3.136170 98.140971 0.000000 20.271114 -0.004257 
188 4.677927 0.000000 0.916109 100.469967 0.000000 13.589396 -0.027889 
189 5.483741 0.000000 0.916109 99.993551 0.000000 13.732233 -0.018728 
190 4.677927 0.000000 1.656130 98.756615 0.000000 19.825143 -0.014591 
191 3.469207 0.000000 0.546099 102.122683 0.000000 9.778738 -0.052467 
192 3.872114 0.000000 0.546099 101.481174 0.000000 11.753577 -0.043658 
193 3.469207 0.000000 0.916109 101.396126 0.000000 16.078599 -0.053970 
194 3.267753 0.000000 -0.008916 94.609075 0.000000 0.000000 0.104912 
195 3.267753 0.000000 -0.193921 95.108976 0.000000 0.000000 0.095428 
196 3.469207 0.000000 -0.008916 96.283426 0.000000 -0.000000 0.072950 
197 3.267753 0.000000 0.176089 95.108976 0.000000 0.000000 0.095428 
198 2.059033 0.000000 -0.008916 94.258899 0.000000 0.228564 0.111521 
199 2.059033 0.000000 -0.193921 95.835321 0.000000 0.546132 0.081529 
200 2.059033 0.000000 0.176089 95.679021 0.000000 0.427527 0.084534 
201 2.059033 0.000000 0.361094 97.224982 0.000000 0.675286 0.054685 
202 1.857579 0.000000 0.361094 94.601206 0.000000 0.225304 0.105056 
203 2.260486 0.000000 0.361094 98.552467 0.000000 0.791122 0.028679 
204 2.059033 0.000000 0.546099 97.678953 0.000000 0.741170 0.045827 
205 2.159759 0.000000 0.083587 95.480651 0.000000 0.293290 0.088336 
206 2.059033 0.000000 0.083587 97.464510 0.000000 0.539246 0.050038 
207 2.159759 0.000000 -0.008916 95.439681 0.000000 0.169641 0.089124 
208 2.260486 0.000000 0.083587 96.844164 0.000000 0.305280 0.062111 
209 2.159759 0.000000 0.176089 97.054752 0.000000 0.535183 0.058009 
210 1.958306 0.000000 0.083587 95.295553 0.000000 0.482515 0.091852 
211 1.857579 0.000000 0.083587 94.143501 0.000000 0.485268 0.113677 
212 1.958306 0.000000 -0.008916 91.844733 0.000000 0.136061 0.156453 
213 1.958306 0.000000 0.176089 94.238626 0.000000 0.237603 0.111902 
214 -4.186024 0.000000 -17.584399 96.951809 0.000000 24.160907 0.001660 
215 -10.632534 0.000000 -17.584399 96.979110 0.000000 24.193245 0.000974 
216 -4.186024 0.000000 -23.504561 96.982854 0.000000 24.167730 0.001025 
217 2.260486 0.000000 -17.584399 96.943521 0.000000 24.102395 0.002103 
218 -0.962769 0.000000 -8.704155 96.715678 0.000000 24.056288 0.006737 
219 -4.186024 0.000000 -8.704155 96.821888 0.000000 24.190018 0.004036 
220 -0.962769 0.000000 -11.664236 96.845404 0.000000 24.090127 0.004063 
221 2.260486 0.000000 -8.704155 96.712267 0.000000 23.833165 0.007872 
222 0.648858 0.000000 -4.264033 95.945579 0.000000 23.714061 0.023209 
223 -0.962769 0.000000 -4.264033 96.236128 0.000000 24.171618 0.015434 
224 0.648858 0.000000 -5.744073 96.349028 0.000000 23.803801 0.015024 
225 2.260486 0.000000 -4.264033 95.965746 0.000000 23.064688 0.025860 
226 1.454672 0.000000 -2.043972 93.944488 0.000000 22.775221 0.065572 
227 0.648858 0.000000 -2.043972 94.338513 0.000000 24.074012 0.052069 
228 1.454672 0.000000 -2.783992 94.933691 0.000000 23.051240 0.045623 
229 2.260486 0.000000 -2.043972 94.305077 0.000000 21.488771 0.064479 
230 1.857579 0.000000 -0.933941 91.229512 0.000000 20.729065 0.124748 
231 1.454672 0.000000 -0.933941 90.873817 0.000000 22.174287 0.125025 
232 1.857579 0.000000 -1.303952 92.448209 0.000000 21.188002 0.100440 
233 2.260486 0.000000 -0.933941 92.173966 0.000000 19.249893 0.113340 
234 2.059033 0.000000 -0.378926 97.671531 0.000000 0.741013 0.045972 
235 1.857579 0.000000 -0.378926 95.335894 0.000000 0.369507 0.091093 
236 2.059033 0.000000 -0.563931 98.882761 0.000000 0.826937 0.022152 
237 2.260486 0.000000 -0.378926 99.017525 0.000000 0.820801 0.019486 
238 2.159759 0.000000 -0.101419 95.622193 0.000000 0.318203 0.085630 
239 2.059033 0.000000 -0.101419 94.833239 0.000000 0.310521 0.100656 
240 2.159759 0.000000 -0.193921 97.361542 0.000000 0.575225 0.052040 
241 2.260486 0.000000 -0.101419 96.848922 0.000000 0.310801 0.062019 
242 2.109396 0.000000 0.037335 99.145844 0.000000 0.523856 0.016983 
243 2.059033 0.000000 0.037335 98.251151 0.000000 0.577013 0.034638 
244 2.109396 0.000000 -0.008916 95.105836 0.000000 0.257569 0.095481 
245 2.159759 0.000000 0.037335 95.447834 0.000000 0.212090 0.088967 
246 2.109396 0.000000 0.083587 95.282189 0.000000 0.302046 0.092121 
247 2.461939 0.000000 0.361094 99.653063 0.000000 0.817327 0.006860 
248 2.663393 0.000000 0.361094 100.342040 0.000000 0.761907 -0.006911 
249 2.461939 0.000000 0.546099 100.046198 0.000000 0.796663 -0.000988 
250 2.361213 0.000000 0.083587 97.047808 0.000000 0.281036 0.058164 
251 2.361213 0.000000 -0.008916 96.810830 0.000000 0.220173 0.062761 
252 2.461939 0.000000 0.083587 97.106976 0.000000 0.247554 0.057017 
253 2.361213 0.000000 0.176089 98.282251 0.000000 0.588409 0.034025 
254 2.210123 0.000000 0.037335 96.084273 0.000000 0.217127 0.076777 
255 2.210123 0.000000 -0.008916 95.962940 0.000000 0.172628 0.079108 
256 2.260486 0.000000 0.037335 96.706647 0.000000 0.270152 0.064775 
257 2.210123 0.000000 0.083587 96.649607 0.000000 0.303516 0.065876 
258 2.159759 0.000000 0.268592 97.969951 0.000000 0.746802 0.040133 
259 2.059033 0.000000 0.268592 96.886509 0.000000 0.602980 0.061264 
260 2.260486 0.000000 0.268592 98.594901 0.000000 0.790622 0.027842 
261 2.159759 0.000000 0.361094 97.909753 0.000000 0.745437 0.041312 
262 2.109396 0.000000 0.129838 95.422869 0.000000 0.372256 0.089434 
263 2.059033 0.000000 0.129838 95.083519 0.000000 0.342032 0.095901 
264 2.159759 0.000000 0.129838 96.200115 0.000000 0.369533 0.074540 
265 2.109396 0.000000 0.176089 97.044478 0.000000 0.546919 0.058207 
266 2.134578 0.000000 0.060461 98.245462 0.000000 0.451368 0.034763 
267 2.109396 0.000000 0.060461 99.341042 0.000000 0.539480 0.013107 
268 2.134578 0.000000 0.037335 95.297969 0.000000 0.255322 0.091823 
269 2.159759 0.000000 0.060461 95.471292 0.000000 0.241210 0.088517 
270 2.134578 0.000000 0.083587 95.387796 0.000000 0.297228 0.090108 
271 1.958306 0.000000 -0.101419 92.560355 0.000000 0.139541 0.143256 
272 1.857579 0.000000 -0.101419 91.546879 0.000000 0.137565 0.161915 
273 1.958306 0.000000 -0.193921 94.717969 0.000000 0.343210 0.102839 
274 2.008669 0.000000 0.037335 97.050535 0.000000 0.575272 0.058086 
275 1.958306 0.000000 0.037335 95.896140 0.000000 0.550606 0.080363 
276 2.008669 0.000000 -0.008916 93.296201 0.000000 0.178728 0.129579 
277 2.008669 0.000000 0.083587 96.559287 0.000000 0.524031 0.067603 
278 2.084214 0.000000 0.060461 98.992851 0.000000 0.564648 0.020010 
279 2.059033 0.000000 0.060461 98.597067 0.000000 0.614937 0.027824 
280 2.084214 0.000000 0.037335 98.573503 0.000000 0.534464 0.028298 
281 2.084214 0.000000 0.083587 95.033005 0.000000 0.280853 0.096865 
282 2.109396 0.000000 -0.055167 95.149046 0.000000 0.275162 0.094658 
283 2.059033 0.000000 -0.055167 94.236103 0.000000 0.259187 0.111949 
284 2.109396 0.000000 -0.101419 95.254456 0.000000 0.304116 0.092650 
285 2.159759 0.000000 -0.055167 95.566923 0.000000 0.242674 0.086690 
286 2.134578 0.000000 0.014210 95.279619 0.000000 0.238549 0.092174 
287 2.109396 0.000000 0.014210 95.117868 0.000000 0.259809 0.095252 
288 2.134578 0.000000 -0.008916 95.270913 0.000000 0.235422 0.092340 
289 2.159759 0.000000 0.014210 95.443434 0.000000 0.176791 0.089052 
290 2.121987 0.000000 0.048898 100.434068 0.000000 0.586006 -0.008735 
291 2.109396 0.000000 0.048898 99.633337 0.000000 0.555983 0.007289 
292 2.121987 0.000000 0.037335 98.557716 0.000000 0.467520 0.028616 
293 2.134578 0.000000 0.048898 98.485998 0.000000 0.461772 0.030030 
294 2.121987 0.000000 0.060461 99.351704 0.000000 0.530424 0.012896 
295 1.656126 0.000000 0.361094 93.811318 0.000000 0.126466 0.119942 
296 1.454672 0.000000 0.361094 92.997165 0.000000 0.001865 0.135153 
297 1.656126 0.000000 0.546099 93.792083 0.000000 0.112405 0.120303 
298 1.756852 0.000000 0.083587 92.529609 0.000000 0.449838 0.143807 
299 1.656126 0.000000 0.083587 90.035355 0.000000 0.360425 0.189350 
300 1.756852 0.000000 -0.008916 90.013809 0.000000 0.295093 0.189743 
301 1.756852 0.000000 0.176089 92.698903 0.000000 0.168068 0.140689 
302 1.656126 0.000000 -0.378926 93.778299 0.000000 0.110437 0.120562 
303 1.454672 0.000000 -0.378926 93.144072 0.000000 0.014647 0.132418 
304 1.656126 0.000000 -0.563931 93.759779 0.000000 0.098833 0.120909 
305 1.756852 0.000000 -0.101419 90.411482 0.000000 0.101415 0.182575 
306 1.656126 0.000000 -0.101419 87.980830 0.000000 0.070191 0.225937 
307 1.756852 0.000000 -0.193921 92.616078 0.000000 0.150418 0.142224 
308 1.807216 0.000000 0.037335 94.028150 0.000000 0.588444 0.115836 
309 1.756852 0.000000 0.037335 91.454163 0.000000 0.423560 0.163596 
310 1.807216 0.000000 -0.008916 91.601315 0.000000 0.303156 0.160911 
311 1.857579 0.000000 0.037335 94.341194 0.000000 0.519572 0.109947 
312 1.807216 0.000000 0.083587 93.590102 0.000000 0.498461 0.124064 
313 1.555399 0.000000 0.083587 88.394198 0.000000 0.214085 0.218642 
314 1.454672 0.000000 0.083587 84.194538 0.000000 0.045123 0.291128 
315 1.555399 0.000000 -0.008916 86.835577 0.000000 0.156065 0.245956 
316 1.555399 0.000000 0.176089 90.622403 0.000000 0.055664 0.178758 
317 1.555399 0.000000 -0.101419 86.455649 0.000000 0.034249 0.252542 
318 1.454672 0.000000 -0.101419 80.510575 0.000000 -0.003179 0.351805 
319 1.555399 0.000000 -0.193921 90.642300 0.000000 0.053777 0.178397 
320 1.605762 0.000000 0.037335 88.860818 0.000000 0.322517 0.210365 
321 1.555399 0.000000 0.037335 88.118171 0.000000 0.242299 0.223513 
322 1.605762 0.000000 -0.008916 87.881883 0.000000 0.240206 0.227672 
323 1.656126 0.000000 0.037335 89.928332 0.000000 0.385422 0.191275 
324 1.605762 0.000000 0.083587 89.800759 0.000000 0.328355 0.193572 
325 1.253219 0.000000 0.361094 90.724569 0.000000 -0.267558 0.176898 
326 1.051765 0.000000 0.361094 88.881771 0.000000 -0.576464 0.209970 
327 1.253219 0.000000 0.546099 90.370229 0.000000 -0.302439 0.183313 
328 1.353946 0.000000 0.083587 80.734632 0.000000 -0.208062 0.348188 
329 1.253219 0.000000 0.083587 79.844396 0.000000 -0.438347 0.362468 
330 1.353946 0.000000 -0.008916 76.117276 0.000000 -0.070093 0.420616 
331 1.353946 0.000000 0.176089 84.405388 0.000000 -0.060843 0.287573 
332 1.051765 0.000000 -0.933941 90.934061 0.000000 23.762819 0.116632 
333 0.648858 0.000000 -0.933941 91.874516 0.000000 25.520876 0.090776 
334 1.051765 0.000000 -1.303952 92.330569 0.000000 23.705882 0.091310 
335 1.253219 0.000000 -0.378926 90.361950 0.000000 -0.304379 0.183463 
336 1.051765 0.000000 -0.378926 88.381947 0.000000 -0.681547 0.218817 
337 1.253219 0.000000 -0.563931 89.178072 0.000000 -0.487179 0.204703 
338 1.353946 0.000000 -0.101419 75.983786 0.000000 -0.038249 0.422646 
339 1.253219 0.000000 -0.101419 72.968320 0.000000 -0.124290 0.467561 
340 1.353946 0.000000 -0.193921 85.578204 0.000000 -0.050794 0.267637 
341 1.404309 0.000000 0.037335 82.966045 0.000000 -0.053087 0.311663 
342 1.353946 0.000000 0.037335 80.325109 0.000000 -0.214277 0.354783 
343 1.404309 0.000000 -0.008916 81.111780 0.000000 -0.017088 0.342088 
344 1.454672 0.000000 0.037335 84.013277 0.000000 0.065416 0.294176 
345 1.404309 0.000000 0.083587 83.043962 0.000000 -0.032358 0.310370 
346 0.245952 0.000000 -0.193921 98.765618 0.000000 0.000000 0.024535 
347 -0.156955 0.000000 -0.193921 99.280806 0.000000 26.136618 -0.053980 
348 0.245952 0.000000 -0.563931 92.865460 0.000000 28.141642 0.058405 
349 0.245952 0.000000 0.176089 98.335410 0.000000 0.000000 0.033015 
350 0.850312 0.000000 -0.008916 91.510025 0.000000 -0.206346 0.162587 
351 0.648858 0.000000 -0.008916 94.929019 0.000000 -0.173078 0.098845 
352 0.850312 0.000000 -0.193921 90.273819 0.000000 -0.604132 0.185027 
353 0.850312 0.000000 0.176089 91.212095 0.000000 -0.434091 0.168017 
354 1.152492 0.000000 0.083587 78.405611 0.000000 -0.181504 0.385253 
355 1.051765 0.000000 0.083587 80.800073 0.000000 -0.206317 0.347131 
356 1.152492 0.000000 -0.008916 74.483244 0.000000 -0.145091 0.445223 
357 1.152492 0.000000 0.176089 82.523071 0.000000 -0.275917 0.318987 
358 1.303582 0.000000 0.037335 80.270262 0.000000 -0.382105 0.355654 
359 1.253219 0.000000 0.037335 79.593505 0.000000 -0.542833 0.366458 
360 1.303582 0.000000 -0.008916 71.762392 0.000000 -0.164327 0.485013 
361 1.303582 0.000000 0.083587 79.210736 0.000000 -0.292076 0.372557 
362 1.152492 0.000000 -0.101419 78.626629 0.000000 -0.176010 0.381782 
363 1.051765 0.000000 -0.101419 84.374545 0.000000 -0.229245 0.288088 
364 1.152492 0.000000 -0.193921 82.448756 0.000000 -0.253976 0.320214 
365 1.202855 0.000000 0.037335 82.212507 0.000000 -0.776428 0.324050 
366 1.152492 0.000000 0.037335 79.527480 0.000000 -0.686456 0.367491 
367 1.202855 0.000000 -0.008916 70.499384 0.000000 -0.122841 0.502982 
368 1.202855 0.000000 0.083587 79.084962 0.000000 -0.536510 0.374528 
369 0.245952 0.000000 0.546099 99.742612 0.000000 30.112776 -0.085537 
370 -0.156955 0.000000 0.546099 97.122532 0.000000 28.731014 -0.025826 
371 0.245952 0.000000 0.916109 100.277089 0.000000 28.622869 -0.087476 
372 0.850312 0.000000 0.361094 87.817166 0.000000 -0.858542 0.228741 
373 0.648858 0.000000 0.361094 87.121605 0.000000 -1.152640 0.240850 
374 0.850312 0.000000 0.546099 87.405218 0.000000 -0.996135 0.235934 
375 0.951039 0.000000 0.083587 89.540891 0.000000 -0.212096 0.198238 
376 0.850312 0.000000 0.083587 91.054437 0.000000 -0.247587 0.170903 
377 0.951039 0.000000 -0.008916 89.393739 0.000000 -0.179502 0.200873 
378 0.951039 0.000000 0.176089 89.370792 0.000000 -0.385987 0.201271 
379 1.102129 0.000000 0.037335 79.544272 0.000000 -0.162980 0.367268 
380 1.051765 0.000000 0.037335 81.444474 0.000000 -0.161497 0.336677 
381 1.102129 0.000000 -0.008916 79.072399 0.000000 -0.176636 0.374752 
382 1.102129 0.000000 0.083587 79.896212 0.000000 -0.182732 0.361656 
383 1.152492 0.000000 0.268592 90.001940 0.000000 -0.388280 0.189950 
384 1.051765 0.000000 0.268592 89.398582 0.000000 -0.491466 0.200765 
385 1.253219 0.000000 0.268592 91.102602 0.000000 -0.232247 0.170026 
386 1.152492 0.000000 0.361094 90.076871 0.000000 -0.371137 0.188602 
387 1.202855 0.000000 0.129838 78.870055 0.000000 -0.182486 0.377948 
388 1.152492 0.000000 0.129838 79.078251 0.000000 -0.219909 0.374658 
389 1.253219 0.000000 0.129838 77.019432 0.000000 -0.140702 0.406799 
390 1.202855 0.000000 0.176089 82.096867 0.000000 -0.257819 0.326004 
391 1.177674 0.000000 0.060461 82.807000 0.000000 -0.969769 0.314206 
392 1.152492 0.000000 0.060461 79.993954 0.000000 -0.716759 0.360045 
393 1.177674 0.000000 0.037335 82.173868 0.000000 -0.918487 0.324661 
394 1.202855 0.000000 0.060461 83.335695 0.000000 -0.831126 0.305447 
395 1.177674 0.000000 0.083587 74.632514 0.000000 -0.153970 0.442996 
396 4.275020 0.000000 -0.193921 96.539919 0.000000 -0.000000 0.068004 
397 4.275020 0.000000 -0.563931 96.465144 0.000000 15.700878 0.044796 
398 4.677927 0.000000 -0.193921 98.781604 0.000000 16.167499 -0.001919 
399 4.275020 0.000000 0.176089 96.539053 0.000000 -0.000000 0.068021 
400 6.289555 0.000000 -0.563931 98.082628 0.000000 18.013740 0.005530 
401 6.289555 0.000000 -1.303952 97.540148 0.000000 19.464468 0.010705 
402 7.095369 0.000000 -0.563931 98.106867 0.000000 18.629690 0.002798 
403 6.289555 0.000000 0.176089 98.714556 0.000000 19.266982 -0.011578 
404 5.080834 0.000000 -0.193921 97.853373 0.000000 17.299090 0.012546 
405 5.080834 0.000000 -0.563931 97.502649 0.000000 17.047020 0.020263 
406 5.483741 0.000000 -0.193921 97.959027 0.000000 17.494439 0.009797 
407 5.080834 0.000000 0.176089 99.590923 0.000000 13.332790 -0.009612 
408 4.275020 0.000000 0.546099 99.964578 0.000000 12.819769 -0.015726 
409 4.677927 0.000000 0.546099 98.948789 0.000000 15.840786 -0.004179 
410 4.275020 0.000000 0.916109 100.716806 0.000000 14.542537 -0.035536 
411 4.476474 0.000000 -0.008916 96.483424 0.000000 -0.000000 0.069095 
412 4.275020 0.000000 -0.008916 96.519455 0.000000 0.000000 0.068399 
413 4.476474 0.000000 -0.193921 96.306259 0.000000 0.000000 0.072510 
414 4.677927 0.000000 -0.008916 96.439802 0.000000 0.000000 0.069936 
415 4.476474 0.000000 0.176089 96.318696 0.000000 -0.000000 0.072271 
416 4.073567 0.000000 -0.008916 97.509014 0.000000 0.000000 0.049199 
417 3.872114 0.000000 -0.008916 97.662265 0.000000 -0.000000 0.046208 
418 4.073567 0.000000 -0.193921 97.400487 0.000000 0.000000 0.051315 
419 4.073567 0.000000 0.176089 97.444799 0.000000 0.000000 0.050451 
420 6.289555 0.000000 0.916109 99.381186 0.000000 17.155573 -0.017093 
421 7.095369 0.000000 0.916109 98.846197 0.000000 19.745669 -0.016046 
422 6.289555 0.000000 1.656130 99.537630 0.000000 14.795866 -0.012666 
423 5.080834 0.000000 0.546099 98.607222 0.000000 18.710401 -0.007346 
424 5.483741 0.000000 0.546099 98.367706 0.000000 20.504966 -0.009666 
425 5.080834 0.000000 0.916109 99.650770 0.000000 16.643218 -0.020727 
426 4.476474 0.000000 0.361094 97.176590 0.000000 17.547101 0.024881 
427 4.275020 0.000000 0.361094 98.006514 0.000000 15.109617 0.016642 
428 4.677927 0.000000 0.361094 97.415467 0.000000 19.337443 0.013629 
429 4.476474 0.000000 0.546099 99.286147 0.000000 14.228843 -0.006020 
430 4.375747 0.000000 0.083587 96.468717 0.000000 -0.000000 0.069379 
431 4.275020 0.000000 0.083587 96.635194 0.000000 -0.000000 0.066164 
432 4.375747 0.000000 -0.008916 96.513826 0.000000 -0.000000 0.068508 
433 4.476474 0.000000 0.083587 96.448442 0.000000 -0.000000 0.069770 
434 4.375747 0.000000 0.176089 96.453377 0.000000 -0.000000 0.069675 
435 4.073567 0.000000 0.361094 99.839052 0.000000 13.606318 -0.015297 
436 3.872114 0.000000 0.361094 101.068953 0.000000 13.102981 -0.038662 
437 4.073567 0.000000 0.546099 100.824365 0.000000 12.135608 -0.031283 
438 4.174294 0.000000 0.083587 96.930945 0.000000 -0.000000 0.060439 
439 4.073567 0.000000 0.083587 97.371367 0.000000 0.000000 0.051882 
440 4.174294 0.000000 -0.008916 96.667310 0.000000 0.000000 0.065543 
441 4.174294 0.000000 0.176089 96.799293 0.000000 -0.000000 0.062990 
442 8.706996 0.000000 -17.584399 96.969903 0.000000 24.055123 0.001819 
443 8.706996 0.000000 -23.504561 96.990417 0.000000 24.119345 0.001112 
444 15.153506 0.000000 -17.584399 97.003391 0.000000 24.043749 0.001224 
445 5.483741 0.000000 -8.704155 96.799152 0.000000 23.672714 0.006953 
446 5.483741 0.000000 -11.664236 96.879716 0.000000 23.903730 0.004293 
447 8.706996 0.000000 -8.704155 96.933520 0.000000 23.634642 0.004530 
448 3.872114 0.000000 -4.264033 96.302441 0.000000 22.611313 0.021457 
449 3.872114 0.000000 -5.744073 96.516974 0.000000 23.222507 0.014519 
450 5.483741 0.000000 -4.264033 96.682269 0.000000 22.480665 0.014716 
451 4.677927 0.000000 -2.043972 96.402604 0.000000 20.237454 0.029698 
452 3.872114 0.000000 -2.043972 95.759411 0.000000 20.317277 0.041734 
453 4.677927 0.000000 -2.783992 96.377678 0.000000 21.267275 0.025905 
454 5.483741 0.000000 -2.043972 96.886452 0.000000 20.360864 0.019845 
455 4.275020 0.000000 -0.933941 96.098836 0.000000 17.397811 0.046233 
456 3.872114 0.000000 -0.933941 95.425698 0.000000 17.565252 0.058540 
457 4.275020 0.000000 -1.303952 96.063162 0.000000 18.647724 0.042413 
458 4.677927 0.000000 -0.933941 96.729836 0.000000 17.515843 0.033653 
459 4.476474 0.000000 -0.378926 97.981890 0.000000 15.699929 0.015306 
460 4.275020 0.000000 -0.378926 97.345499 0.000000 14.334679 0.031837 
461 4.476474 0.000000 -0.563931 97.018340 0.000000 16.183551 0.032553 
462 4.677927 0.000000 -0.378926 97.819043 0.000000 16.536492 0.015798 
463 4.375747 0.000000 -0.101419 96.420771 0.000000 -0.000000 0.070303 
464 4.275020 0.000000 -0.101419 96.638852 0.000000 -0.000000 0.066093 
465 4.375747 0.000000 -0.193921 96.448707 0.000000 -0.000000 0.069765 
466 4.476474 0.000000 -0.101419 96.446050 0.000000 -0.000000 0.069816 
467 4.325384 0.000000 0.037335 96.521598 0.000000 -0.000000 0.068358 
468 4.275020 0.000000 0.037335 96.700188 0.000000 -0.000000 0.064907 
469 4.325384 0.000000 -0.008916 96.470655 0.000000 -0.000000 0.069341 
470 4.375747 0.000000 0.037335 96.489616 0.000000 -0.000000 0.068975 
471 4.325384 0.000000 0.083587 96.510615 0.000000 -0.000000 0.068570 
472 4.073567 0.000000 -0.378926 95.860668 0.000000 13.701872 0.062299 
473 3.872114 0.000000 -0.378926 94.827887 0.000000 13.993627 0.081185 
474 4.073567 0.000000 -0.563931 95.706877 0.000000 15.531357 0.059897 
475 4.174294 0.000000 -0.101419 96.875381 0.000000 -0.000000 0.061516 
476 4.073567 0.000000 -0.101419 97.369646 0.000000 0.000000 0.051915 
477 4.174294 0.000000 -0.193921 96.891134 0.000000 0.000000 0.061211 
478 4.224657 0.000000 0.037335 96.710208 0.000000 -0.000000 0.064714 
479 4.174294 0.000000 0.037335 96.805749 0.000000 -0.000000 0.062865 
480 4.224657 0.000000 -0.008916 96.599914 0.000000 -0.000000 0.066846 
481 4.224657 0.000000 0.083587 96.750048 0.000000 -0.000000 0.063943 
482 4.325384 0.000000 -0.055167 96.524493 0.000000 -0.000000 0.068302 
483 4.275020 0.000000 -0.055167 96.704131 0.000000 -0.000000 0.064831 
484 4.325384 0.000000 -0.101419 96.526500 0.000000 -0.000000 0.068263 
485 4.375747 0.000000 -0.055167 96.484801 0.000000 -0.000000 0.069068 
486 4.300202 0.000000 0.014210 96.516119 0.000000 -0.000000 0.068464 
487 4.275020 0.000000 0.014210 96.534291 0.000000 0.000000 0.068113 
488 4.300202 0.000000 -0.008916 96.503590 0.000000 0.000000 0.068706 
489 4.325384 0.000000 0.014210 96.509509 0.000000 -0.000000 0.068591 
490 4.300202 0.000000 0.037335 96.566756 0.000000 -0.000000 0.067486 
491 4.224657 0.000000 -0.055167 96.808284 0.000000 -0.000000 0.062816 
492 4.174294 0.000000 -0.055167 96.927961 0.000000 -0.000000 0.060497 
493 4.224657 0.000000 -0.101419 96.753533 0.000000 -0.000000 0.063875 
494 4.300202 0.000000 -0.032042 96.565230 0.000000 -0.000000 0.067516 
495 4.275020 0.000000 -0.032042 96.699259 0.000000 -0.000000 0.064925 
496 4.300202 0.000000 -0.055167 96.572257 0.000000 -0.000000 0.067380 
497 4.325384 0.000000 -0.032042 96.520807 0.000000 -0.000000 0.068373 
498 4.879381 0.000000 -0.008916 100.731815 0.000000 6.832955 -0.019359 
499 4.879381 0.000000 -0.193921 98.003199 0.000000 16.935736 0.010855 
500 5.080834 0.000000 -0.008916 99.306707 0.000000 12.620856 -0.002111 
501 4.879381 0.000000 0.176089 98.043327 0.000000 18.222332 0.005545 
502 4.577201 0.000000 0.083587 96.445799 0.000000 0.000000 0.069821 
503 4.577201 0.000000 -0.008916 96.459365 0.000000 0.000000 0.069559 
504 4.677927 0.000000 0.083587 96.291315 0.000000 0.000000 0.072798 
505 4.577201 0.000000 0.176089 96.291333 0.000000 0.000000 0.072798 
506 4.426110 0.000000 0.037335 96.492062 0.000000 -0.000000 0.068928 
507 4.426110 0.000000 -0.008916 96.506837 0.000000 -0.000000 0.068643 
508 4.476474 0.000000 0.037335 96.462633 0.000000 -0.000000 0.069496 
509 4.426110 0.000000 0.083587 96.463886 0.000000 -0.000000 0.069472 
510 4.350565 0.000000 0.014210 96.493196 0.000000 -0.000000 0.068906 
511 4.350565 0.000000 -0.008916 96.493901 0.000000 -0.000000 0.068893 
512 4.375747 0.000000 0.014210 96.504693 0.000000 -0.000000 0.068684 
513 4.350565 0.000000 0.037335 96.489695 0.000000 -0.000000 0.068974 
514 4.312793 0.000000 0.002647 96.467971 0.000000 -0.000000 0.069393 
515 4.300202 0.000000 0.002647 96.475341 0.000000 0.000000 0.069251 
516 4.312793 0.000000 -0.008916 96.481508 0.000000 -0.000000 0.069132 
517 4.325384 0.000000 0.002647 96.445968 0.000000 -0.000000 0.069818 
518 4.312793 0.000000 0.014210 96.522413 0.000000 -0.000000 0.068342 
519 4.249839 0.000000 0.014210 96.576970 0.000000 -0.000000 0.067289 
520 4.224657 0.000000 0.014210 96.610304 0.000000 -0.000000 0.066645 
521 4.249839 0.000000 -0.008916 96.542122 0.000000 -0.000000 0.067962 
522 4.249839 0.000000 0.037335 96.718804 0.000000 -0.000000 0.064547 
523 3.670660 0.000000 -0.008916 97.228192 0.000000 -0.000000 0.054668 
524 3.670660 0.000000 -0.193921 96.903459 0.000000 0.000000 0.060972 
525 3.670660 0.000000 0.176089 96.903459 0.000000 0.000000 0.060972 
526 3.972840 0.000000 0.083587 97.662229 0.000000 -0.000000 0.046209 
527 3.872114 0.000000 0.083587 97.583135 0.000000 -0.000000 0.047753 
528 3.972840 0.000000 -0.008916 97.656167 0.000000 -0.000000 0.046327 
529 3.972840 0.000000 0.176089 97.716784 0.000000 -0.000000 0.045143 
530 4.123930 0.000000 0.037335 97.235556 0.000000 -0.000000 0.054525 
531 4.073567 0.000000 0.037335 97.417132 0.000000 0.000000 0.050990 
532 4.123930 0.000000 -0.008916 97.239359 0.000000 0.000000 0.054451 
533 4.123930 0.000000 0.083587 97.091504 0.000000 -0.000000 0.057324 
534 3.972840 0.000000 -0.101419 97.660923 0.000000 -0.000000 0.046234 
535 3.872114 0.000000 -0.101419 97.587210 0.000000 -0.000000 0.047674 
536 3.972840 0.000000 -0.193921 97.716707 0.000000 -0.000000 0.045145 
537 4.023204 0.000000 0.037335 97.554133 0.000000 -0.000000 0.048319 
538 3.972840 0.000000 0.037335 97.604955 0.000000 -0.000000 0.047327 
539 4.023204 0.000000 -0.008916 97.612051 0.000000 0.000000 0.047189 
540 4.023204 0.000000 0.083587 97.484323 0.000000 -0.000000 0.049681 
541 3.670660 0.000000 0.361094 101.517306 0.000000 12.781795 -0.046914 
542 3.469207 0.000000 0.361094 101.631343 0.000000 12.277944 -0.047968 
543 3.670660 0.000000 0.546099 101.866045 0.000000 10.985455 -0.049737 
544 3.771387 0.000000 0.083587 97.411019 0.000000 -0.000000 0.051109 
545 3.670660 0.000000 0.083587 97.212157 0.000000 -0.000000 0.054980 
546 3.771387 0.000000 -0.008916 97.268783 0.000000 -0.000000 0.053878 
547 3.771387 0.000000 0.176089 97.739505 0.000000 -0.000000 0.044699 
548 3.922477 0.000000 0.037335 97.578421 0.000000 -0.000000 0.047845 
549 3.872114 0.000000 0.037335 97.574791 0.000000 -0.000000 0.047916 
550 3.922477 0.000000 -0.008916 97.663248 0.000000 -0.000000 0.046189 
551 3.922477 0.000000 0.083587 97.651265 0.000000 -0.000000 0.046423 
552 3.066300 0.000000 -2.043972 95.050209 0.000000 20.708575 0.053661 
553 3.066300 0.000000 -2.783992 95.484643 0.000000 21.717803 0.041102 
554 3.469207 0.000000 -0.933941 94.935996 0.000000 17.807305 0.067006 
555 3.066300 0.000000 -0.933941 94.344883 0.000000 18.021120 0.077428 
556 3.469207 0.000000 -1.303952 95.086794 0.000000 18.910102 0.060091 
557 3.670660 0.000000 -0.378926 94.453048 0.000000 14.610630 0.086515 
558 3.469207 0.000000 -0.378926 94.314205 0.000000 15.173184 0.087461 
559 3.670660 0.000000 -0.563931 94.824048 0.000000 15.996407 0.075251 
560 3.771387 0.000000 -0.101419 97.411958 0.000000 -0.000000 0.051091 
561 3.670660 0.000000 -0.101419 97.156887 0.000000 -0.000000 0.056054 
562 3.771387 0.000000 -0.193921 97.740733 0.000000 -0.000000 0.044675 
563 3.821750 0.000000 0.037335 97.485468 0.000000 -0.000000 0.049658 
564 3.771387 0.000000 0.037335 97.383608 0.000000 -0.000000 0.051643 
565 3.821750 0.000000 -0.008916 97.472441 0.000000 -0.000000 0.049912 
566 3.821750 0.000000 0.083587 97.548965 0.000000 -0.000000 0.048420 
567 3.922477 0.000000 -0.055167 97.617553 0.000000 -0.000000 0.047081 
568 3.872114 0.000000 -0.055167 97.579016 0.000000 -0.000000 0.047834 
569 3.922477 0.000000 -0.101419 97.652931 0.000000 -0.000000 0.046391 
570 3.972840 0.000000 -0.055167 97.561232 0.000000 -0.000000 0.048181 
571 3.897295 0.000000 0.014210 97.669266 0.000000 -0.000000 0.046071 
572 3.872114 0.000000 0.014210 97.645759 0.000000 -0.000000 0.046531 
573 3.897295 0.000000 -0.008916 97.681735 0.000000 -0.000000 0.045828 
574 3.922477 0.000000 0.014210 97.648161 0.000000 -0.000000 0.046484 
575 3.897295 0.000000 0.037335 97.590445 0.000000 -0.000000 0.047610 
576 3.821750 0.000000 -0.055167 97.495467 0.000000 -0.000000 0.049463 
577 3.771387 0.000000 -0.055167 97.408639 0.000000 -0.000000 0.051156 
578 3.821750 0.000000 -0.101419 97.557943 0.000000 -0.000000 0.048245 
579 3.846932 0.000000 0.014210 97.540424 0.000000 -0.000000 0.048587 
580 3.821750 0.000000 0.014210 97.473986 0.000000 -0.000000 0.049882 
581 3.846932 0.000000 -0.008916 97.539725 0.000000 -0.000000 0.048600 
582 3.846932 0.000000 0.037335 97.552203 0.000000 -0.000000 0.048357 
583 3.846932 0.000000 -0.032042 97.550342 0.000000 -0.000000 0.048393 
584 3.821750 0.000000 -0.032042 97.482474 0.000000 -0.000000 0.049717 
585 3.846932 0.000000 -0.055167 97.559227 0.000000 -0.000000 0.048220 
586 3.872114 0.000000 -0.032042 97.573694 0.000000 -0.000000 0.047937 
587 3.859523 0.000000 0.002647 97.705379 0.000000 0.000000 0.045366 
588 3.846932 0.000000 0.002647 97.539302 0.000000 -0.000000 0.048608 
589 3.859523 0.000000 -0.008916 97.661105 0.000000 0.000000 0.046231 
590 3.872114 0.000000 0.002647 97.700229 0.000000 0.000000 0.045467 
591 3.859523 0.000000 0.014210 97.557566 0.000000 -0.000000 0.048252 
592 2.864846 0.000000 0.361094 100.863768 0.000000 0.608686 -0.017387 
593 3.066300 0.000000 0.361094 101.691447 0.000000 11.388091 -0.047084 
594 2.864846 0.000000 0.546099 102.457522 0.000000 11.148476 -0.062183 
595 2.965573 0.000000 0.083587 94.043899 0.000000 0.000000 0.115575 
596 2.864846 0.000000 0.083587 95.262250 0.000000 0.067905 0.092510 
597 2.965573 0.000000 -0.008916 94.018983 0.000000 0.000000 0.116043 
598 3.066300 0.000000 0.083587 93.726903 0.000000 0.000000 0.121527 
599 2.965573 0.000000 0.176089 93.643164 0.000000 0.000000 0.123096 
600 -17.079044 0.000000 -17.584399 97.000786 0.000000 24.202747 0.000507 
601 -23.525554 0.000000 -17.584399 97.013309 0.000000 24.203442 0.000261 
602 -17.079044 0.000000 -23.504561 97.005048 0.000000 24.195112 0.000462 
603 21.600016 0.000000 -17.584399 97.024873 0.000000 24.052998 0.000763 
604 21.600016 0.000000 -23.504561 97.018231 0.000000 24.108212 0.000626 
605 28.046526 0.000000 -17.584399 97.035718 0.000000 24.067635 0.000482 
606 -7.409279 0.000000 -8.704155 96.910073 0.000000 24.232914 0.002120 
607 -10.632534 0.000000 -8.704155 96.961408 0.000000 24.237578 0.001103 
608 -7.409279 0.000000 -11.664236 96.928706 0.000000 24.202241 0.001908 
609 11.930251 0.000000 -8.704155 97.017458 0.000000 23.677248 0.002700 
610 11.930251 0.000000 -11.664236 96.991567 0.000000 23.873394 0.002270 
611 15.153506 0.000000 -8.704155 97.055422 0.000000 23.732419 0.001702 
612 -2.574397 0.000000 -4.264033 96.547598 0.000000 24.334719 0.008638 
613 -4.186024 0.000000 -4.264033 96.745947 0.000000 24.360803 0.004677 
614 -2.574397 0.000000 -5.744073 96.626127 0.000000 24.210445 0.007725 
615 7.095369 0.000000 -4.264033 96.946369 0.000000 22.554297 0.009271 
616 7.095369 0.000000 -5.744073 96.879900 0.000000 23.099791 0.008068 
617 8.706996 0.000000 -4.264033 97.088864 0.000000 22.697494 0.005858 
618 -0.156955 0.000000 -2.043972 95.256430 0.000000 24.710292 0.031561 
619 -0.962769 0.000000 -2.043972 95.927306 0.000000 24.868432 0.017951 
620 -0.156955 0.000000 -2.783992 95.569167 0.000000 24.282450 0.027690 
621 0.245952 0.000000 -0.933941 93.593697 0.000000 26.630144 0.053106 
622 -0.156955 0.000000 -0.933941 95.180032 0.000000 26.577287 0.023441 
623 0.245952 0.000000 -1.303952 94.017954 0.000000 25.582243 0.050617 
624 0.850312 0.000000 -0.378926 87.404147 0.000000 -0.996583 0.235952 
625 0.648858 0.000000 -0.378926 86.999367 0.000000 -1.271848 0.242949 
626 0.850312 0.000000 -0.563931 87.017554 0.000000 -1.268703 0.242634 
627 2.663393 0.000000 -0.933941 93.402483 0.000000 18.375639 0.093831 
628 2.663393 0.000000 -1.303952 93.866422 0.000000 19.493852 0.080908 
629 2.461939 0.000000 -0.378926 100.045266 0.000000 0.796796 -0.000969 
630 2.461939 0.000000 -0.563931 100.582141 0.000000 0.729743 -0.011730 
631 2.663393 0.000000 -0.378926 100.819582 0.000000 0.691501 -0.016507 
632 2.864846 0.000000 -0.378926 93.592140 0.000000 16.271897 0.097574 
633 2.864846 0.000000 -0.563931 93.690644 0.000000 16.796435 0.093994 
634 3.066300 0.000000 -0.378926 94.016633 0.000000 16.067146 0.090272 
635 2.361213 0.000000 -0.101419 97.069251 0.000000 0.289369 0.057748 
636 2.361213 0.000000 -0.193921 98.251237 0.000000 0.590907 0.034635 
637 2.461939 0.000000 -0.101419 97.144213 0.000000 0.256997 0.056294 
638 6.289555 0.000000 -2.043972 97.189366 0.000000 20.627593 0.012873 
639 6.289555 0.000000 -2.783992 96.994536 0.000000 21.456971 0.013166 
640 7.095369 0.000000 -2.043972 97.349350 0.000000 20.906256 0.008603 
641 5.080834 0.000000 -0.933941 97.159997 0.000000 17.834670 0.024186 
642 5.080834 0.000000 -1.303952 96.912238 0.000000 18.782318 0.025524 
643 5.483741 0.000000 -0.933941 97.445524 0.000000 18.097539 0.017685 
644 3.267753 0.000000 -0.378926 94.207943 0.000000 15.695226 0.087852 
645 3.267753 0.000000 -0.563931 94.454815 0.000000 16.511442 0.080566 
646 3.267753 0.000000 0.361094 101.609179 0.000000 11.815625 -0.046403 
647 3.267753 0.000000 0.546099 102.134721 0.000000 9.296453 -0.051793 
648 1.958306 0.000000 0.268592 95.028558 0.000000 0.274755 0.096950 
649 1.857579 0.000000 0.268592 94.686034 0.000000 0.239969 0.103450 
650 1.958306 0.000000 0.361094 95.781507 0.000000 0.420487 0.082573 
651 2.210123 0.000000 0.129838 96.885899 0.000000 0.386419 0.061297 
652 2.260486 0.000000 0.129838 97.153479 0.000000 0.385302 0.056105 
653 2.210123 0.000000 0.176089 97.460047 0.000000 0.572749 0.050121 
654 1.907942 0.000000 0.037335 94.850677 0.000000 0.514944 0.100308 
655 1.907942 0.000000 -0.008916 92.621056 0.000000 0.275277 0.142126 
656 1.907942 0.000000 0.083587 94.699531 0.000000 0.484776 0.103176 
657 2.008669 0.000000 0.129838 94.563559 0.000000 0.267951 0.105766 
658 1.958306 0.000000 0.129838 93.591717 0.000000 0.201984 0.124055 
659 2.008669 0.000000 0.176089 94.989598 0.000000 0.370377 0.097684 
660 1.907942 0.000000 0.129838 93.517979 0.000000 0.338917 0.125427 
661 1.857579 0.000000 0.129838 93.287377 0.000000 0.325394 0.129736 
662 1.907942 0.000000 0.176089 94.132935 0.000000 0.226126 0.113894 
663 2.210123 0.000000 -0.055167 96.124668 0.000000 0.236611 0.075999 
664 2.210123 0.000000 -0.101419 96.657208 0.000000 0.311726 0.065729 
665 2.260486 0.000000 -0.055167 96.727974 0.000000 0.277404 0.064362 
666 2.084214 0.000000 0.014210 94.476858 0.000000 0.228862 0.107407 
667 2.059033 0.000000 0.014210 96.353536 0.000000 0.397658 0.071584 
668 2.084214 0.000000 -0.008916 94.463578 0.000000 0.227009 0.107658 
669 2.361213 0.000000 0.268592 99.134556 0.000000 0.814776 0.017168 
670 2.461939 0.000000 0.268592 99.666293 0.000000 0.816023 0.006596 
671 2.361213 0.000000 0.361094 99.108190 0.000000 0.816100 0.017690 
672 2.008669 0.000000 -0.055167 93.716856 0.000000 0.225139 0.121710 
673 1.958306 0.000000 -0.055167 92.190609 0.000000 0.121209 0.150088 
674 2.008669 0.000000 -0.101419 94.040194 0.000000 0.250687 0.115638 
675 1.907942 0.000000 -0.055167 91.413580 0.000000 0.123222 0.164354 
676 1.857579 0.000000 -0.055167 91.164504 0.000000 0.119371 0.168902 
677 1.907942 0.000000 -0.101419 91.664810 0.000000 0.134816 0.159754 
678 1.756852 0.000000 0.268592 94.272802 0.000000 0.192218 0.111260 
679 1.656126 0.000000 0.268592 93.819101 0.000000 0.133008 0.119796 
680 1.756852 0.000000 0.361094 94.224041 0.000000 0.180799 0.112180 
681 1.706489 0.000000 0.037335 90.700296 0.000000 0.465413 0.177324 
682 1.706489 0.000000 -0.008916 87.686536 0.000000 0.177687 0.231104 
683 1.706489 0.000000 0.083587 90.866794 0.000000 0.426951 0.174304 
684 1.807216 0.000000 0.129838 92.856389 0.000000 0.333982 0.137758 
685 1.756852 0.000000 0.129838 92.537444 0.000000 0.405401 0.143666 
686 1.807216 0.000000 0.176089 92.650743 0.000000 0.170948 0.141581 
687 1.706489 0.000000 0.129838 92.007063 0.000000 0.317815 0.153460 
688 1.656126 0.000000 0.129838 89.988904 0.000000 0.263511 0.190193 
689 1.706489 0.000000 0.176089 92.490553 0.000000 0.142836 0.144548 
690 1.807216 0.000000 -0.055167 90.315511 0.000000 0.108018 0.184310 
691 1.756852 0.000000 -0.055167 88.944941 0.000000 0.083642 0.208879 
692 1.807216 0.000000 -0.101419 90.682171 0.000000 0.114715 0.177673 
693 1.706489 0.000000 -0.055167 88.491446 0.000000 0.180132 0.216923 
694 1.656126 0.000000 -0.055167 87.482536 0.000000 0.065406 0.234680 
695 1.706489 0.000000 -0.101419 89.441162 0.000000 0.094456 0.200027 
696 1.505036 0.000000 0.037335 85.525931 0.000000 0.146852 0.268529 
697 1.505036 0.000000 -0.008916 81.614991 0.000000 0.075756 0.333899 
698 1.505036 0.000000 0.083587 86.604170 0.000000 0.158763 0.249969 
699 1.555399 0.000000 0.268592 93.358578 0.000000 0.065636 0.128417 
700 1.454672 0.000000 0.268592 92.924926 0.000000 -0.004775 0.136496 
701 1.555399 0.000000 0.361094 93.392475 0.000000 0.065321 0.127784 
702 1.605762 0.000000 0.129838 89.183576 0.000000 0.173368 0.204626 
703 1.555399 0.000000 0.129838 88.933842 0.000000 0.155163 0.209075 
704 1.605762 0.000000 0.176089 90.261351 0.000000 0.077506 0.185288 
705 1.505036 0.000000 0.129838 88.774439 0.000000 0.079806 0.211909 
706 1.454672 0.000000 0.129838 83.380787 0.000000 0.050720 0.304764 
707 1.505036 0.000000 0.176089 90.288063 0.000000 0.023603 0.184807 
708 1.605762 0.000000 -0.055167 86.222490 0.000000 0.046298 0.256568 
709 1.555399 0.000000 -0.055167 85.604150 0.000000 0.031213 0.267193 
710 1.605762 0.000000 -0.101419 87.902631 0.000000 0.057517 0.227312 
711 1.505036 0.000000 -0.055167 82.681304 0.000000 0.011768 0.316380 
712 1.454672 0.000000 -0.055167 79.554281 0.000000 -0.003945 0.367112 
713 1.505036 0.000000 -0.101419 86.328780 0.000000 0.016939 0.254734 
714 1.353946 0.000000 0.268592 92.549245 0.000000 -0.071636 0.143463 
715 1.353946 0.000000 0.361094 92.652500 0.000000 -0.058319 0.141551 
716 1.404309 0.000000 0.129838 82.308772 0.000000 -0.065925 0.322526 
717 1.353946 0.000000 0.129838 80.177317 0.000000 -0.051807 0.357160 
718 1.404309 0.000000 0.176089 85.094245 0.000000 -0.034832 0.275897 
719 1.303582 0.000000 0.129838 76.669884 0.000000 -0.071973 0.412172 
720 1.303582 0.000000 0.176089 84.750055 0.000000 -0.094421 0.281742 
721 1.404309 0.000000 -0.055167 78.396054 0.000000 -0.021474 0.385406 
722 1.353946 0.000000 -0.055167 74.410023 0.000000 -0.037658 0.446315 
723 1.404309 0.000000 -0.101419 79.505709 0.000000 -0.021306 0.367884 
724 1.303582 0.000000 -0.055167 71.337197 0.000000 -0.061751 0.491100 
725 1.253219 0.000000 -0.055167 69.364444 0.000000 -0.089466 0.518857 
726 1.303582 0.000000 -0.101419 74.256428 0.000000 -0.067091 0.448598 
727 0.951039 0.000000 -0.101419 89.595044 0.000000 -0.211737 0.197268 
728 0.850312 0.000000 -0.101419 90.976855 0.000000 -0.251470 0.172315 
729 0.951039 0.000000 -0.193921 87.687923 0.000000 -0.527838 0.231055 
730 1.102129 0.000000 0.129838 80.495830 0.000000 -0.202668 0.352038 
731 1.051765 0.000000 0.129838 87.845908 0.000000 -0.306744 0.228300 
732 1.102129 0.000000 0.176089 88.661672 0.000000 -0.386230 0.213896 
733 1.202855 0.000000 -0.055167 72.192694 0.000000 -0.131634 0.478820 
734 1.152492 0.000000 -0.055167 74.964267 0.000000 -0.150282 0.438034 
735 1.202855 0.000000 -0.101419 74.244998 0.000000 -0.143591 0.448766 
736 1.102129 0.000000 -0.055167 79.116791 0.000000 -0.187650 0.374050 
737 1.051765 0.000000 -0.055167 80.987590 0.000000 -0.175639 0.344098 
738 1.102129 0.000000 -0.101419 79.446297 0.000000 -0.205768 0.368824 
739 0.951039 0.000000 0.268592 88.801406 0.000000 -0.601798 0.211395 
740 0.850312 0.000000 0.268592 88.250623 0.000000 -0.727766 0.221130 
741 0.951039 0.000000 0.361094 88.289577 0.000000 -0.714110 0.220444 
742 4.879381 0.000000 -0.378926 97.671572 0.000000 16.890945 0.017496 
743 4.879381 0.000000 -0.563931 97.390590 0.000000 16.855026 0.023098 
744 5.080834 0.000000 -0.378926 97.697953 0.000000 17.079331 0.016341 
745 4.577201 0.000000 -0.101419 96.443556 0.000000 0.000000 0.069864 
746 4.577201 0.000000 -0.193921 96.388739 0.000000 0.000000 0.070921 
747 4.677927 0.000000 -0.101419 96.306241 0.000000 0.000000 0.072511 
748 4.879381 0.000000 0.361094 97.704759 0.000000 20.356226 0.003940 
749 5.080834 0.000000 0.361094 97.866501 0.000000 20.924613 -0.001569 
750 4.879381 0.000000 0.546099 98.749042 0.000000 17.418626 -0.005478 
751 4.426110 0.000000 -0.055167 96.457281 0.000000 -0.000000 0.069599 
752 4.426110 0.000000 -0.101419 96.446228 0.000000 -0.000000 0.069813 
753 4.476474 0.000000 -0.055167 96.455359 0.000000 -0.000000 0.069636 
754 4.123930 0.000000 -0.055167 97.093112 0.000000 -0.000000 0.057293 
755 4.073567 0.000000 -0.055167 97.321318 0.000000 0.000000 0.052856 
756 4.123930 0.000000 -0.101419 97.049492 0.000000 -0.000000 0.058140 
757 4.350565 0.000000 -0.032042 96.490391 0.000000 -0.000000 0.068960 
758 4.350565 0.000000 -0.055167 96.477154 0.000000 -0.000000 0.069216 
759 4.375747 0.000000 -0.032042 96.491385 0.000000 -0.000000 0.068941 
760 4.249839 0.000000 -0.032042 96.626571 0.000000 -0.000000 0.066331 
761 4.224657 0.000000 -0.032042 96.701359 0.000000 -0.000000 0.064885 
762 4.249839 0.000000 -0.055167 96.722190 0.000000 -0.000000 0.064482 
763 4.023204 0.000000 -0.055167 97.489203 0.000000 -0.000000 0.049586 
764 4.023204 0.000000 -0.101419 97.554008 0.000000 -0.000000 0.048322 
765 3.897295 0.000000 -0.032042 97.589795 0.000000 -0.000000 0.047623 
766 3.897295 0.000000 -0.055167 97.592959 0.000000 -0.000000 0.047561 
767 3.922477 0.000000 -0.032042 97.621722 0.000000 -0.000000 0.047000 
1 19 21 9 22 
2 20 19 22 4 
3 28 29 3 30 
4 21 28 30 9 
5 35 37 21 38 
6 36 35 38 19 
7 44 45 28 46 
8 37 44 46 21 
9 51 53 37 54 
10 52 51 54 35 
11 60 61 44 62 
12 53 60 62 37 
13 67 69 53 70 
14 68 67 70 51 
15 11 78 76 77 
16 78 10 24 76 
17 76 24 14 79 
18 77 76 79 6 
19 24 82 80 81 
20 82 23 40 80 
21 80 40 27 83 
22 81 80 83 14 
23 40 86 84 85 
24 86 39 56 84 
25 84 56 43 87 
26 85 84 87 27 
27 56 90 88 89 
28 89 88 91 43 
29 92 93 60 94 
30 69 92 94 53 
31 95 97 69 98 
32 96 95 98 67 
33 6 79 112 113 
34 79 14 36 112 
35 112 36 19 114 
36 113 112 114 20 
37 14 83 115 116 
38 83 27 52 115 
39 115 52 35 117 
40 116 115 117 36 
41 27 87 118 119 
42 87 43 68 118 
43 118 68 51 120 
44 119 118 120 52 
45 43 91 121 122 
46 121 96 67 123 
47 122 121 123 68 
48 124 126 95 127 
49 125 124 127 96 
50 133 134 92 135 
51 97 133 135 69 
52 136 137 97 138 
53 126 136 138 95 
54 147 148 133 149 
55 137 147 149 97 
56 152 143 153 150 
57 150 153 146 154 
58 15 156 155 33 
59 156 17 157 155 
60 155 157 8 158 
61 33 155 158 18 
62 31 160 159 49 
63 160 33 161 159 
64 159 161 18 162 
65 49 159 162 34 
66 164 49 165 163 
67 163 165 34 166 
68 143 176 175 153 
69 176 145 177 175 
70 153 175 178 146 
71 18 158 179 45 
72 158 8 180 179 
73 179 180 29 181 
74 45 179 181 28 
75 34 162 182 61 
76 162 18 183 182 
77 182 183 45 184 
78 61 182 184 44 
79 166 34 186 185 
80 185 186 61 187 
81 93 185 187 60 
82 188 189 93 190 
83 134 188 190 92 
84 191 192 134 193 
85 148 191 193 133 
86 145 195 194 177 
87 195 171 196 194 
88 194 196 174 197 
89 177 194 197 107 
90 201 203 137 204 
91 202 201 204 136 
92 12 216 214 215 
93 216 7 217 214 
94 214 217 13 25 
95 215 214 25 10 
96 25 220 218 219 
97 220 13 221 218 
98 218 221 26 41 
99 219 218 41 23 
100 41 224 222 223 
101 224 26 225 222 
102 222 225 42 57 
103 223 222 57 39 
104 57 228 226 227 
105 228 42 229 226 
106 226 229 58 73 
107 227 226 73 55 
108 73 232 230 231 
109 232 58 233 230 
110 230 233 74 109 
111 231 230 109 71 
112 109 236 234 235 
113 236 74 237 234 
114 234 237 110 199 
115 235 234 199 108 
116 199 240 238 239 
117 240 110 241 238 
118 154 146 248 247 
119 247 248 147 249 
120 203 247 249 137 
121 151 251 250 208 
122 251 150 252 250 
123 250 252 154 253 
124 208 250 253 5 
125 207 255 254 245 
126 255 151 256 254 
127 254 256 208 257 
128 245 254 257 205 
129 200 209 258 259 
130 209 5 260 258 
131 258 260 203 261 
132 259 258 261 201 
133 206 246 262 263 
134 246 205 264 262 
135 262 264 209 265 
136 263 262 265 200 
137 268 245 269 266 
138 266 269 205 270 
139 267 266 270 246 
140 108 273 271 272 
141 273 199 239 271 
142 212 276 274 275 
143 276 198 243 274 
144 274 243 206 277 
145 275 274 277 210 
146 243 280 278 279 
147 280 242 267 278 
148 278 267 246 281 
149 279 278 281 206 
150 239 284 282 283 
151 284 238 285 282 
152 282 285 207 244 
153 283 282 244 198 
154 244 288 286 287 
155 288 207 289 286 
156 286 289 245 268 
157 287 286 268 242 
158 242 292 290 291 
159 292 268 293 290 
160 290 293 266 294 
161 291 290 294 267 
162 295 202 136 297 
163 296 295 297 126 
164 71 304 302 303 
165 304 109 235 302 
166 302 235 108 140 
167 303 302 140 102 
168 140 307 305 306 
169 307 108 272 305 
170 300 310 308 309 
171 310 141 311 308 
172 308 311 211 312 
173 309 308 312 298 
174 102 319 317 318 
175 319 140 306 317 
176 315 322 320 321 
177 322 139 323 320 
178 320 323 299 324 
179 321 320 324 313 
180 325 296 126 327 
181 326 325 327 124 
182 55 334 332 333 
183 334 73 231 332 
184 332 231 71 101 
185 333 332 101 72 
186 101 337 335 336 
187 337 71 303 335 
188 335 303 102 130 
189 336 335 130 99 
190 130 340 338 339 
191 340 102 318 338 
192 330 343 341 342 
193 343 131 344 341 
194 341 344 314 345 
195 342 341 345 328 
196 88 348 346 347 
197 348 72 100 346 
198 346 100 59 349 
199 347 346 349 91 
200 100 352 350 351 
201 351 350 353 59 
202 128 360 358 359 
203 360 330 342 358 
204 358 342 328 361 
205 359 358 361 329 
206 99 364 362 363 
207 364 130 339 362 
208 356 367 365 366 
209 367 128 359 365 
210 365 359 329 368 
211 91 349 369 370 
212 349 59 125 369 
213 369 125 96 371 
214 370 369 371 121 
215 59 353 372 373 
216 372 326 124 374 
217 373 372 374 125 
218 350 377 375 376 
219 377 129 355 375 
220 375 355 103 378 
221 376 375 378 353 
222 129 381 379 380 
223 381 356 366 379 
224 379 366 354 382 
225 380 379 382 355 
226 103 357 383 384 
227 357 132 385 383 
228 383 385 325 386 
229 384 383 386 326 
230 354 368 387 388 
231 368 329 389 387 
232 387 389 132 390 
233 388 387 390 357 
234 366 393 391 392 
235 393 365 394 391 
236 391 394 368 395 
237 392 391 395 354 
238 65 401 400 169 
239 401 163 402 400 
240 400 402 166 403 
241 169 400 403 50 
242 405 169 406 404 
243 404 406 50 407 
244 408 409 188 410 
245 192 408 410 134 
246 50 403 420 189 
247 403 166 421 420 
248 420 421 185 422 
249 189 420 422 93 
250 407 50 424 423 
251 423 424 189 425 
252 409 423 425 188 
253 399 415 426 427 
254 415 170 428 426 
255 426 428 409 429 
256 427 426 429 408 
257 430 433 415 434 
258 431 430 434 399 
259 66 419 435 436 
260 419 399 427 435 
261 435 427 408 437 
262 436 435 437 192 
263 438 431 399 441 
264 439 438 441 419 
265 7 443 442 217 
266 443 16 444 442 
267 442 444 15 32 
268 217 442 32 13 
269 13 446 445 221 
270 446 32 447 445 
271 445 447 31 48 
272 221 445 48 26 
273 26 449 448 225 
274 449 48 450 448 
275 448 450 47 64 
276 225 448 64 42 
277 64 453 451 452 
278 453 47 454 451 
279 451 454 65 168 
280 452 451 168 63 
281 63 457 455 456 
282 457 168 458 455 
283 455 458 167 397 
284 456 455 397 106 
285 397 461 459 460 
286 461 167 462 459 
287 459 462 398 413 
288 460 459 413 396 
289 396 465 463 464 
290 465 413 466 463 
291 467 470 430 471 
292 468 467 471 431 
293 106 474 472 473 
294 474 397 460 472 
295 472 460 396 418 
296 473 472 418 173 
297 418 477 475 476 
298 477 396 464 475 
299 440 480 478 479 
300 478 468 431 481 
301 479 478 481 438 
302 464 484 482 483 
303 484 463 485 482 
304 412 488 486 487 
305 486 489 467 490 
306 487 486 490 468 
307 475 493 491 492 
308 493 464 483 491 
309 492 491 480 440 
310 483 496 494 495 
311 496 482 497 494 
312 494 497 469 488 
313 495 494 488 412 
314 398 499 498 414 
315 499 404 500 498 
316 498 500 407 501 
317 414 498 501 170 
318 411 503 502 433 
319 503 414 504 502 
320 502 504 170 505 
321 433 502 505 415 
322 432 507 506 470 
323 507 411 508 506 
324 506 508 433 509 
325 470 506 509 430 
326 469 511 510 489 
327 511 432 512 510 
328 510 512 470 513 
329 489 510 513 467 
330 488 516 514 515 
331 516 469 517 514 
332 514 517 489 518 
333 515 514 518 486 
334 480 521 519 520 
335 521 412 487 519 
336 519 487 468 522 
337 520 519 522 478 
338 171 524 523 196 
339 196 523 525 174 
340 526 439 419 529 
341 527 526 529 66 
342 416 532 530 531 
343 532 440 479 530 
344 530 479 438 533 
345 531 530 533 439 
346 173 536 534 535 
347 536 418 476 534 
348 528 539 537 538 
349 539 416 531 537 
350 537 531 439 540 
351 538 537 540 526 
352 174 525 541 542 
353 525 66 436 541 
354 541 436 192 543 
355 542 541 543 191 
356 523 546 544 545 
357 544 527 66 547 
358 545 544 547 525 
359 550 528 538 548 
360 548 538 526 551 
361 549 548 551 527 
362 42 553 552 229 
363 553 64 452 552 
364 552 452 63 105 
365 229 552 105 58 
366 105 556 554 555 
367 556 63 456 554 
368 554 456 106 172 
369 555 554 172 104 
370 172 559 557 558 
371 559 106 473 557 
372 557 473 173 524 
373 558 557 524 171 
374 524 562 560 561 
375 562 173 535 560 
376 561 560 546 523 
377 546 565 563 564 
378 563 549 527 566 
379 564 563 566 544 
380 535 569 567 568 
381 569 534 570 567 
382 567 570 528 550 
383 417 573 571 572 
384 573 550 574 571 
385 571 574 548 575 
386 572 571 575 549 
387 560 578 576 577 
388 578 535 568 576 
389 577 576 565 546 
390 565 581 579 580 
391 579 572 549 582 
392 580 579 582 563 
393 576 585 583 584 
394 585 568 586 583 
395 583 586 417 581 
396 584 583 581 565 
397 581 589 587 588 
398 589 417 590 587 
399 587 590 572 591 
400 588 587 591 579 
401 146 178 592 248 
402 178 107 593 592 
403 592 593 148 594 
404 248 592 594 147 
405 175 597 595 596 
406 597 177 598 595 
407 595 598 107 599 
408 596 595 599 178 
409 1 602 600 601 
410 602 12 215 600 
411 600 215 10 78 
412 601 600 78 11 
413 16 604 603 444 
414 604 2 605 603 
415 603 605 17 156 
416 444 603 156 15 
417 10 608 606 607 
418 608 25 219 606 
419 606 219 23 82 
420 607 606 82 24 
421 32 610 609 447 
422 610 15 611 609 
423 609 611 33 160 
424 447 609 160 31 
425 23 614 612 613 
426 614 41 223 612 
427 612 223 39 86 
428 613 612 86 40 
429 48 616 615 450 
430 616 31 617 615 
431 615 617 49 164 
432 450 615 164 47 
433 39 620 618 619 
434 620 57 227 618 
435 618 227 55 90 
436 619 618 90 56 
437 90 623 621 622 
438 623 55 333 621 
439 621 333 72 348 
440 622 621 348 88 
441 72 626 624 625 
442 626 101 336 624 
443 624 336 99 352 
444 625 624 352 100 
445 58 628 627 233 
446 628 105 555 627 
447 627 555 104 144 
448 233 627 144 74 
449 74 630 629 237 
450 630 144 631 629 
451 629 631 143 152 
452 237 629 152 110 
453 144 633 632 631 
454 633 104 634 632 
455 632 634 145 176 
456 631 632 176 143 
457 110 636 635 241 
458 636 152 637 635 
459 635 637 150 251 
460 241 635 251 151 
461 47 639 638 454 
462 639 164 640 638 
463 638 640 163 401 
464 454 638 401 65 
465 168 642 641 458 
466 642 65 643 641 
467 641 643 169 405 
468 458 641 405 167 
469 104 645 644 634 
470 645 172 558 644 
471 644 558 171 195 
472 634 644 195 145 
473 107 197 646 593 
474 197 174 542 646 
475 646 542 191 647 
476 593 646 647 148 
477 111 213 648 649 
478 213 200 259 648 
479 648 259 201 650 
480 649 648 650 202 
481 205 257 651 264 
482 257 208 652 651 
483 651 652 5 653 
484 264 651 653 209 
485 141 655 654 311 
486 655 212 275 654 
487 654 275 210 656 
488 311 654 656 211 
489 210 277 657 658 
490 277 206 263 657 
491 657 263 200 659 
492 658 657 659 213 
493 211 656 660 661 
494 656 210 658 660 
495 660 658 213 662 
496 661 660 662 111 
497 238 664 663 285 
498 664 241 665 663 
499 663 665 151 255 
500 285 663 255 207 
501 198 668 666 667 
502 668 244 287 666 
503 666 287 242 280 
504 667 666 280 243 
505 5 253 669 260 
506 253 154 670 669 
507 669 670 247 671 
508 260 669 671 203 
509 271 674 672 673 
510 674 239 283 672 
511 672 283 198 276 
512 673 672 276 212 
513 272 677 675 676 
514 677 271 673 675 
515 675 673 212 655 
516 676 675 655 141 
517 142 301 678 679 
518 301 111 649 678 
519 678 649 202 680 
520 679 678 680 295 
521 139 682 681 323 
522 682 300 309 681 
523 681 309 298 683 
524 323 681 683 299 
525 298 312 684 685 
526 312 211 661 684 
527 684 661 111 686 
528 685 684 686 301 
529 299 683 687 688 
530 683 298 685 687 
531 687 685 301 689 
532 688 687 689 142 
533 305 692 690 691 
534 692 272 676 690 
535 690 676 141 310 
536 691 690 310 300 
537 306 695 693 694 
538 695 305 691 693 
539 693 691 300 682 
540 694 693 682 139 
541 131 697 696 344 
542 697 315 321 696 
543 696 321 313 698 
544 344 696 698 314 
545 75 316 699 700 
546 316 142 679 699 
547 699 679 295 701 
548 700 699 701 296 
549 313 324 702 703 
550 324 299 688 702 
551 702 688 142 704 
552 703 702 704 316 
553 314 698 705 706 
554 698 313 703 705 
555 705 703 316 707 
556 706 705 707 75 
557 317 710 708 709 
558 710 306 694 708 
559 708 694 139 322 
560 709 708 322 315 
561 318 713 711 712 
562 713 317 709 711 
563 711 709 315 697 
564 712 711 697 131 
565 132 331 714 385 
566 331 75 700 714 
567 714 700 296 715 
568 385 714 715 325 
569 328 345 716 717 
570 345 314 706 716 
571 716 706 75 718 
572 717 716 718 331 
573 329 361 719 389 
574 361 328 717 719 
575 719 717 331 720 
576 389 719 720 132 
577 338 723 721 722 
578 723 318 712 721 
579 721 712 131 343 
580 722 721 343 330 
581 339 726 724 725 
582 726 338 722 724 
583 724 722 330 360 
584 725 724 360 128 
585 352 729 727 728 
586 729 99 363 727 
587 727 363 129 377 
588 728 727 377 350 
589 355 382 730 731 
590 382 354 388 730 
591 730 388 357 732 
592 731 730 732 103 
593 362 735 733 734 
594 735 339 725 733 
595 733 725 128 367 
596 734 733 367 356 
597 363 738 736 737 
598 738 362 734 736 
599 736 734 356 381 
600 737 736 381 129 
601 353 378 739 740 
602 378 103 384 739 
603 739 384 326 741 
604 740 739 741 372 
605 167 743 742 462 
606 743 405 744 742 
607 742 744 404 499 
608 462 742 499 398 
609 413 746 745 466 
610 746 398 747 745 
611 745 747 414 503 
612 466 745 503 411 
613 170 501 748 428 
614 501 407 749 748 
615 748 749 423 750 
616 428 748 750 409 
617 463 752 751 485 
618 752 466 753 751 
619 751 753 411 507 
620 485 751 507 432 
621 476 756 754 755 
622 756 475 492 754 
623 754 492 440 532 
624 755 754 532 416 
625 482 758 757 497 
626 758 485 759 757 
627 757 759 432 511 
628 497 757 511 469 
629 491 762 760 761 
630 762 483 495 760 
631 760 495 412 521 
632 761 760 521 480 
633 534 764 763 570 
634 764 476 755 763 
635 763 755 416 539 
636 570 763 539 528 
637 568 766 765 586 
638 766 567 767 765 
639 765 767 550 573 
640 586 765 573 417 
