2 0.000000 100.000000 473.401889
714 595 
1 -24.546622 0.000000 -24.525629 99.752637 0.000000 6.976609 0.000074 
2 28.387594 0.000000 -24.525629 99.754000 0.000000 6.954189 0.000078 
3 28.387594 0.000000 24.787434 99.761823 0.000000 6.946296 -0.000067 
4 -24.546622 0.000000 24.787434 99.760682 0.000000 6.976411 -0.000086 
5 1.920486 0.000000 0.130903 104.114060 0.000000 -0.585757 -0.084008 
6 -24.546622 0.000000 0.130903 99.756816 0.000000 6.981099 -0.000016 
7 1.920486 0.000000 -24.525629 99.744958 0.000000 6.963869 0.000245 
8 28.387594 0.000000 0.130903 99.791800 0.000000 6.458775 -0.000012 
9 1.920486 0.000000 24.787434 99.769723 0.000000 6.961850 -0.000247 
10 -11.313068 0.000000 -12.197363 99.741158 0.000000 6.979526 0.000299 
11 -24.546622 0.000000 -12.197363 99.752917 0.000000 6.979121 0.000065 
12 -11.313068 0.000000 -24.525629 99.748214 0.000000 6.973806 0.000166 
13 1.920486 0.000000 -12.197363 99.706349 0.000000 6.926967 0.001066 
14 -11.313068 0.000000 0.130903 99.758061 0.000000 6.996831 -0.000063 
15 15.154040 0.000000 -12.197363 99.746205 0.000000 6.894313 0.000316 
16 15.154040 0.000000 -24.525629 99.749537 0.000000 6.955263 0.000165 
17 28.387594 0.000000 -12.197363 99.757527 0.000000 6.905661 0.000075 
18 15.154040 0.000000 0.130903 99.336230 0.000000 12.938877 -0.003510 
19 -11.313068 0.000000 12.459169 99.773867 0.000000 6.978686 -0.000353 
20 -24.546622 0.000000 12.459169 99.760607 0.000000 6.978970 -0.000088 
21 1.920486 0.000000 12.459169 99.815459 0.000000 6.918757 -0.001100 
22 -11.313068 0.000000 24.787434 99.765623 0.000000 6.973175 -0.000180 
23 -4.696291 0.000000 -6.033230 99.692333 0.000000 6.988758 0.001260 
24 -11.313068 0.000000 -6.033230 99.742309 0.000000 6.989798 0.000261 
25 -4.696291 0.000000 -12.197363 99.722689 0.000000 6.968789 0.000682 
26 1.920486 0.000000 -6.033230 99.596522 0.000000 6.804367 0.003423 
27 -4.696291 0.000000 0.130903 99.760229 0.000000 7.059907 -0.000195 
28 15.154040 0.000000 12.459169 99.778257 0.000000 6.865291 -0.000283 
29 28.387594 0.000000 12.459169 99.767825 0.000000 6.852275 -0.000057 
30 15.154040 0.000000 24.787434 99.765861 0.000000 6.950654 -0.000154 
31 8.537263 0.000000 -6.033230 99.734294 0.000000 6.717816 0.000794 
32 8.537263 0.000000 -12.197363 99.727283 0.000000 6.893094 0.000695 
33 15.154040 0.000000 -6.033230 99.757356 0.000000 6.744941 0.000298 
34 8.537263 0.000000 0.130903 99.526672 0.000000 9.831096 -0.000221 
35 -4.696291 0.000000 6.295036 99.830037 0.000000 6.986661 -0.001485 
36 -11.313068 0.000000 6.295036 99.773551 0.000000 6.989236 -0.000361 
37 1.920486 0.000000 6.295036 99.940125 0.000000 6.782370 -0.003403 
38 -4.696291 0.000000 12.459169 99.795062 0.000000 6.966324 -0.000758 
39 -1.387902 0.000000 -2.951164 99.546680 0.000000 7.055755 0.004067 
40 -4.696291 0.000000 -2.951164 99.699865 0.000000 7.027811 0.001055 
41 -1.387902 0.000000 -6.033230 99.631347 0.000000 6.944209 0.002537 
42 1.920486 0.000000 -2.951164 99.221046 0.000000 6.480385 0.011319 
43 -1.387902 0.000000 0.130903 99.644249 0.000000 7.161664 0.001973 
44 8.537263 0.000000 6.295036 99.813479 0.000000 6.646304 -0.000690 
45 15.154040 0.000000 6.295036 99.793147 0.000000 6.618538 -0.000248 
46 8.537263 0.000000 12.459169 99.796833 0.000000 6.875027 -0.000667 
47 5.228874 0.000000 -2.951164 99.711735 0.000000 6.221717 0.001886 
48 5.228874 0.000000 -6.033230 99.674845 0.000000 6.708670 0.001992 
49 8.537263 0.000000 -2.951164 99.787908 0.000000 6.449081 0.000078 
50 5.228874 0.000000 0.130903 101.212533 0.000000 7.146242 -0.029505 
51 -1.387902 0.000000 3.212969 99.995415 0.000000 7.054404 -0.004885 
52 -4.696291 0.000000 3.212969 99.822747 0.000000 7.030481 -0.001401 
53 1.920486 0.000000 3.212969 100.338574 0.000000 6.461709 -0.010958 
54 -1.387902 0.000000 6.295036 99.896716 0.000000 6.935274 -0.002745 
55 0.266292 0.000000 -1.410130 98.901221 0.000000 7.732065 0.015876 
56 -1.387902 0.000000 -1.410130 99.633614 0.000000 7.231462 0.002085 
57 0.266292 0.000000 -2.951164 99.298324 0.000000 6.938287 0.009170 
58 1.920486 0.000000 -1.410130 98.388997 0.000000 5.650280 0.028768 
59 0.266292 0.000000 0.130903 99.947377 0.000000 -0.000000 0.001052 
60 5.228874 0.000000 3.212969 99.867239 0.000000 6.164066 -0.001146 
61 8.537263 0.000000 3.212969 99.792688 0.000000 6.367725 0.000087 
62 5.228874 0.000000 6.295036 99.869742 0.000000 6.664598 -0.001838 
63 3.574680 0.000000 -1.410130 99.496484 0.000000 5.366996 0.007164 
64 3.574680 0.000000 -2.951164 99.483830 0.000000 6.208421 0.006442 
65 5.228874 0.000000 -1.410130 99.950675 0.000000 5.698880 -0.002261 
66 3.574680 0.000000 0.130903 102.010071 0.000000 -0.000000 -0.040605 
67 0.266292 0.000000 1.671936 100.636298 0.000000 7.687765 -0.018677 
68 -1.387902 0.000000 1.671936 99.911209 0.000000 7.281208 -0.003527 
69 1.920486 0.000000 1.671936 101.175136 0.000000 5.867009 -0.027083 
70 0.266292 0.000000 3.212969 100.252029 0.000000 6.918654 -0.009834 
71 1.093389 0.000000 -0.639614 100.021979 0.000000 -1.102277 -0.000561 
72 0.266292 0.000000 -0.639614 99.002999 0.000000 10.418948 0.008985 
73 1.093389 0.000000 -1.410130 98.067666 0.000000 6.823277 0.033618 
74 1.920486 0.000000 -0.639614 109.922377 0.000000 -0.994110 -0.208392 
75 1.093389 0.000000 0.130903 99.205664 0.000000 -0.818576 0.015757 
76 3.574680 0.000000 1.671936 100.106025 0.000000 5.514383 -0.005162 
77 5.228874 0.000000 1.671936 99.573710 0.000000 5.931355 0.004990 
78 3.574680 0.000000 3.212969 100.089227 0.000000 6.171613 -0.005594 
79 2.747583 0.000000 -0.639614 99.311003 0.000000 4.781735 0.011446 
80 2.747583 0.000000 -1.410130 99.065177 0.000000 5.295202 0.015805 
81 3.574680 0.000000 -0.639614 99.962880 0.000000 5.828418 -0.002655 
82 2.747583 0.000000 0.130903 101.407999 0.000000 0.000000 -0.028358 
83 1.093389 0.000000 0.901420 98.508252 0.000000 -1.037886 0.029505 
84 0.266292 0.000000 0.901420 100.347675 0.000000 9.978410 -0.016922 
85 1.920486 0.000000 0.901420 113.836967 0.000000 -0.553849 -0.295916 
86 1.093389 0.000000 1.671936 101.374092 0.000000 6.970303 -0.032529 
87 1.506937 0.000000 -0.254355 104.856188 0.000000 -1.035064 -0.099589 
88 1.093389 0.000000 -0.254355 103.813064 0.000000 -1.043726 -0.077824 
89 1.506937 0.000000 -0.639614 104.831658 0.000000 -1.030788 -0.099074 
90 1.920486 0.000000 -0.254355 105.863146 0.000000 -1.010557 -0.120803 
91 1.506937 0.000000 0.130903 103.190308 0.000000 -0.840482 -0.064895 
92 -17.929845 0.000000 -6.033230 99.751723 0.000000 6.983628 0.000082 
93 -24.546622 0.000000 -6.033230 99.754413 0.000000 6.980515 0.000033 
94 -17.929845 0.000000 -12.197363 99.749444 0.000000 6.980094 0.000133 
95 -17.929845 0.000000 0.130903 99.757149 0.000000 6.985430 -0.000029 
96 -8.004679 0.000000 -2.951164 99.735456 0.000000 7.011188 0.000368 
97 -11.313068 0.000000 -2.951164 99.748372 0.000000 6.995490 0.000133 
98 -8.004679 0.000000 -6.033230 99.726598 0.000000 6.994767 0.000568 
99 -8.004679 0.000000 0.130903 99.759199 0.000000 7.019114 -0.000117 
100 -3.042097 0.000000 -1.410130 99.692980 0.000000 7.085853 0.001110 
101 -4.696291 0.000000 -1.410130 99.724279 0.000000 7.051027 0.000535 
102 -3.042097 0.000000 -2.951164 99.654355 0.000000 7.041759 0.001942 
103 -3.042097 0.000000 0.130903 99.755197 0.000000 7.104714 -0.000158 
104 -0.560805 0.000000 -0.639614 100.355741 0.000000 7.425514 -0.012641 
105 -1.387902 0.000000 -0.639614 99.737956 0.000000 7.190036 0.000064 
106 -0.560805 0.000000 -1.410130 99.563629 0.000000 7.473235 0.003123 
107 -0.560805 0.000000 0.130903 98.685742 0.000000 6.244988 0.022212 
108 0.679840 0.000000 -0.254355 99.115211 0.000000 -1.050581 0.017507 
109 0.266292 0.000000 -0.254355 99.219191 0.000000 12.760111 -0.000727 
110 0.679840 0.000000 -0.639614 96.436657 0.000000 9.310924 0.061328 
111 0.679840 0.000000 0.130903 99.686582 0.000000 -0.514129 0.006232 
112 2.747583 0.000000 0.901420 100.374321 0.000000 5.121926 -0.010124 
113 3.574680 0.000000 0.901420 99.743646 0.000000 5.829404 0.001722 
114 2.747583 0.000000 1.671936 100.539153 0.000000 5.471037 -0.013805 
115 1.506937 0.000000 0.516161 104.854682 0.000000 -1.033462 -0.099557 
116 1.093389 0.000000 0.516161 103.950957 0.000000 -1.042033 -0.080689 
117 1.920486 0.000000 0.516161 106.995812 0.000000 -1.003941 -0.144911 
118 1.506937 0.000000 0.901420 105.030336 0.000000 -1.287137 -0.103303 
119 1.300163 0.000000 -0.061726 92.264204 0.000000 -0.442789 0.148712 
120 1.093389 0.000000 -0.061726 91.581076 0.000000 -0.413360 0.161274 
121 1.300163 0.000000 -0.254355 104.225113 0.000000 -1.041881 -0.086396 
122 1.506937 0.000000 -0.061726 100.771917 0.000000 -0.491958 -0.015522 
123 1.300163 0.000000 0.130903 99.168256 0.000000 -0.839022 0.016495 
124 2.334035 0.000000 -0.254355 111.679889 0.000000 -0.889378 -0.247319 
125 2.334035 0.000000 -0.639614 98.732509 0.000000 4.420221 0.023235 
126 2.747583 0.000000 -0.254355 100.055437 0.000000 4.659976 -0.003281 
127 2.334035 0.000000 0.130903 104.888182 0.000000 -0.328562 -0.100164 
128 1.713712 0.000000 -0.061726 102.625669 0.000000 -0.474144 -0.053225 
129 1.713712 0.000000 -0.254355 105.478615 0.000000 -1.022548 -0.112678 
130 1.920486 0.000000 -0.061726 103.356366 0.000000 -0.437581 -0.068273 
131 1.713712 0.000000 0.130903 103.869942 0.000000 -0.704013 -0.078946 
132 2.334035 0.000000 0.516161 111.664585 0.000000 -0.891685 -0.246977 
133 2.747583 0.000000 0.516161 100.046323 0.000000 1.254864 -0.001084 
134 2.334035 0.000000 0.901420 101.035926 0.000000 4.896846 -0.023224 
135 2.127260 0.000000 -0.061726 103.965061 0.000000 -0.318124 -0.080884 
136 2.127260 0.000000 -0.254355 109.461600 0.000000 -0.988410 -0.198282 
137 2.334035 0.000000 -0.061726 103.756423 0.000000 -0.220684 -0.076544 
138 2.127260 0.000000 0.130903 104.857379 0.000000 -0.468011 -0.099529 
139 21.770817 0.000000 -6.033230 99.765199 0.000000 6.776409 0.000099 
140 21.770817 0.000000 -12.197363 99.754687 0.000000 6.900606 0.000138 
141 28.387594 0.000000 -6.033230 99.766415 0.000000 6.795618 0.000048 
142 21.770817 0.000000 0.130903 99.745593 0.000000 7.109962 0.000027 
143 11.845651 0.000000 -2.951164 99.776180 0.000000 6.500692 0.000245 
144 11.845651 0.000000 -6.033230 99.750963 0.000000 6.731525 0.000443 
145 15.154040 0.000000 -2.951164 99.777572 0.000000 6.523015 0.000189 
146 11.845651 0.000000 0.130903 97.167926 0.000000 43.883515 -0.136737 
147 6.883069 0.000000 -1.410130 100.016322 0.000000 6.316255 -0.004316 
148 6.883069 0.000000 -2.951164 99.797206 0.000000 6.361338 0.000005 
149 8.537263 0.000000 -1.410130 99.821737 0.000000 6.389089 -0.000520 
150 6.883069 0.000000 0.130903 100.074182 0.000000 1.584513 -0.001735 
151 4.401777 0.000000 -0.639614 100.091843 0.000000 6.900683 -0.006600 
152 4.401777 0.000000 -1.410130 99.737597 0.000000 5.518763 0.002195 
153 5.228874 0.000000 -0.639614 100.367735 0.000000 7.866221 -0.013556 
154 4.401777 0.000000 0.130903 101.611899 0.000000 14.152723 -0.052528 
155 3.161132 0.000000 -0.254355 100.667334 0.000000 6.146443 -0.017169 
156 3.161132 0.000000 -0.639614 99.702424 0.000000 5.251153 0.003185 
157 3.574680 0.000000 -0.254355 101.407940 0.000000 8.407779 -0.035426 
158 3.161132 0.000000 0.130903 101.844626 0.000000 -0.000000 -0.037233 
159 2.540809 0.000000 -0.061726 103.442602 0.000000 -0.113532 -0.070038 
160 2.540809 0.000000 -0.254355 114.306746 0.000000 -0.415238 -0.306620 
161 2.747583 0.000000 -0.061726 101.407805 0.000000 0.000000 -0.028354 
162 2.540809 0.000000 0.130903 104.135391 0.000000 -0.153955 -0.084420 
163 21.770817 0.000000 6.295036 99.786225 0.000000 6.595537 -0.000079 
164 28.387594 0.000000 6.295036 99.787054 0.000000 6.557588 -0.000046 
165 21.770817 0.000000 12.459169 99.770035 0.000000 6.859939 -0.000112 
166 11.845651 0.000000 3.212969 99.803547 0.000000 6.399503 -0.000170 
167 15.154040 0.000000 3.212969 99.801234 0.000000 6.415921 -0.000145 
168 11.845651 0.000000 6.295036 99.798210 0.000000 6.632550 -0.000367 
169 6.883069 0.000000 1.671936 99.495664 0.000000 6.880874 0.005327 
170 8.537263 0.000000 1.671936 99.691981 0.000000 7.249547 0.000895 
171 6.883069 0.000000 3.212969 99.784335 0.000000 6.291277 0.000351 
172 4.401777 0.000000 0.901420 99.594008 0.000000 6.118676 0.004360 
173 5.228874 0.000000 0.901420 99.324734 0.000000 5.461827 0.010477 
174 4.401777 0.000000 1.671936 99.835741 0.000000 5.675278 0.000062 
175 3.161132 0.000000 0.516161 99.710844 0.000000 1.578730 0.005526 
176 3.574680 0.000000 0.516161 99.613909 0.000000 1.816145 0.007377 
177 3.161132 0.000000 0.901420 99.962859 0.000000 5.466481 -0.002246 
178 2.954357 0.000000 -0.061726 101.393991 0.000000 -0.000000 -0.028074 
179 2.954357 0.000000 -0.254355 100.336402 0.000000 5.374935 -0.009628 
180 3.161132 0.000000 -0.061726 101.821324 0.000000 -0.000000 -0.036758 
181 2.954357 0.000000 0.130903 101.445573 0.000000 -0.000000 -0.029120 
182 2.540809 0.000000 0.323532 113.849747 0.000000 -0.549809 -0.296207 
183 2.334035 0.000000 0.323532 110.903509 0.000000 -0.942223 -0.230048 
184 2.747583 0.000000 0.323532 99.961180 0.000000 -10.217403 -0.009663 
185 2.540809 0.000000 0.516161 100.375467 0.000000 1.093042 -0.007643 
186 2.644196 0.000000 0.034588 101.643729 0.000000 -0.004763 -0.033145 
187 2.540809 0.000000 0.034588 102.975835 0.000000 -0.090133 -0.060403 
188 2.644196 0.000000 -0.061726 101.357168 0.000000 0.000000 -0.027328 
189 2.747583 0.000000 0.034588 101.284701 0.000000 0.000000 -0.025859 
190 2.644196 0.000000 0.130903 103.002767 0.000000 -0.028036 -0.060957 
191 3.988229 0.000000 -0.254355 101.254305 0.000000 11.349967 -0.038126 
192 3.988229 0.000000 -0.639614 100.031353 0.000000 6.407666 -0.004733 
193 4.401777 0.000000 -0.254355 101.129946 0.000000 13.668005 -0.041408 
194 3.988229 0.000000 0.130903 98.628750 0.000000 18.792401 -0.008078 
195 3.988229 0.000000 0.516161 99.845989 0.000000 2.348749 0.002526 
196 4.401777 0.000000 0.516161 100.140955 0.000000 3.377491 -0.003962 
197 3.988229 0.000000 0.901420 99.638479 0.000000 6.087590 0.003511 
198 3.781455 0.000000 -0.061726 103.723543 0.000000 -0.000000 -0.075857 
199 3.574680 0.000000 -0.061726 102.010663 0.000000 -0.000000 -0.040618 
200 3.781455 0.000000 -0.254355 101.442776 0.000000 9.950048 -0.038964 
201 3.988229 0.000000 -0.061726 103.170559 0.000000 0.000000 -0.064416 
202 3.781455 0.000000 0.130903 103.661999 0.000000 0.000000 -0.074581 
203 1.713712 0.000000 0.323532 105.562549 0.000000 -1.021864 -0.114450 
204 1.506937 0.000000 0.323532 104.867431 0.000000 -1.036180 -0.099825 
205 1.920486 0.000000 0.323532 105.970501 0.000000 -1.008266 -0.123076 
206 1.713712 0.000000 0.516161 105.380975 0.000000 -1.023129 -0.110620 
207 1.817099 0.000000 0.034588 102.839141 0.000000 -0.419426 -0.057606 
208 1.713712 0.000000 0.034588 106.744839 0.000000 -0.912207 -0.139529 
209 1.817099 0.000000 -0.061726 102.979558 0.000000 -0.455142 -0.060500 
210 1.920486 0.000000 0.034588 103.238754 0.000000 -0.409345 -0.065841 
211 1.817099 0.000000 0.130903 104.259850 0.000000 -0.684672 -0.087058 
212 1.610325 0.000000 0.034588 103.606096 0.000000 -0.932285 -0.073509 
213 1.506937 0.000000 0.034588 101.200051 0.000000 -0.824040 -0.024213 
214 1.610325 0.000000 -0.061726 101.649478 0.000000 -0.489878 -0.033286 
215 1.610325 0.000000 0.130903 102.533850 0.000000 -0.643492 -0.051360 
216 2.127260 0.000000 0.323532 108.895379 0.000000 -0.989760 -0.185918 
217 2.127260 0.000000 0.516161 109.406363 0.000000 -0.992164 -0.197074 
218 1.817099 0.000000 0.227217 105.906258 0.000000 -1.012712 -0.121716 
219 1.713712 0.000000 0.227217 105.639596 0.000000 -1.021306 -0.116077 
220 1.920486 0.000000 0.227217 106.068679 0.000000 -1.006092 -0.125158 
221 1.817099 0.000000 0.323532 105.811056 0.000000 -1.014287 -0.119701 
222 1.765405 0.000000 0.082746 103.309047 0.000000 -0.553840 -0.067307 
223 1.713712 0.000000 0.082746 105.092438 0.000000 -0.801422 -0.104506 
224 1.765405 0.000000 0.034588 108.287691 0.000000 -0.719575 -0.172674 
225 1.817099 0.000000 0.082746 103.196831 0.000000 -0.492867 -0.064983 
226 1.765405 0.000000 0.130903 103.646798 0.000000 -0.616426 -0.074304 
227 -4.696291 0.000000 -18.361496 99.738784 0.000000 6.967952 0.000362 
228 -11.313068 0.000000 -18.361496 99.744904 0.000000 6.975101 0.000230 
229 -4.696291 0.000000 -24.525629 99.745756 0.000000 6.969711 0.000221 
230 1.920486 0.000000 -18.361496 99.736244 0.000000 6.954834 0.000431 
231 -1.387902 0.000000 -9.115296 99.679622 0.000000 6.942284 0.001578 
232 -4.696291 0.000000 -9.115296 99.705709 0.000000 6.974714 0.001013 
233 -1.387902 0.000000 -12.197363 99.712162 0.000000 6.949777 0.000919 
234 1.920486 0.000000 -9.115296 99.672039 0.000000 6.887230 0.001805 
235 0.266292 0.000000 -4.492197 99.502975 0.000000 6.867165 0.005200 
236 -1.387902 0.000000 -4.492197 99.584347 0.000000 6.967774 0.003441 
237 0.266292 0.000000 -6.033230 99.599499 0.000000 6.884215 0.003255 
238 1.920486 0.000000 -4.492197 99.488493 0.000000 6.697784 0.005718 
239 1.093389 0.000000 -2.180647 98.843121 0.000000 6.719138 0.018489 
240 0.266292 0.000000 -2.180647 99.108346 0.000000 7.116868 0.012689 
241 1.093389 0.000000 -2.951164 99.200650 0.000000 6.729243 0.011395 
242 1.920486 0.000000 -2.180647 98.919385 0.000000 6.219854 0.017627 
243 1.506937 0.000000 -1.024872 97.380786 0.000000 5.771648 0.048367 
244 1.093389 0.000000 -1.024872 97.179434 0.000000 6.943371 0.050795 
245 1.506937 0.000000 -1.410130 98.102249 0.000000 6.150308 0.033812 
246 1.920486 0.000000 -1.024872 98.018248 0.000000 5.098423 0.036643 
247 1.713712 0.000000 -0.446985 105.302043 0.000000 -1.023748 -0.108957 
248 1.506937 0.000000 -0.446985 104.842320 0.000000 -1.032564 -0.099298 
249 1.713712 0.000000 -0.639614 107.696488 0.000000 -1.017279 -0.159957 
250 1.920486 0.000000 -0.446985 108.003944 0.000000 -1.005718 -0.166586 
251 1.817099 0.000000 -0.158041 104.918234 0.000000 -0.821882 -0.100851 
252 1.713712 0.000000 -0.158041 104.465699 0.000000 -0.836970 -0.091378 
253 1.817099 0.000000 -0.254355 105.708089 0.000000 -1.015960 -0.117523 
254 1.920486 0.000000 -0.158041 105.015089 0.000000 -0.810140 -0.102883 
255 1.765405 0.000000 -0.013569 102.521346 0.000000 -0.407557 -0.051079 
256 1.713712 0.000000 -0.013569 102.262580 0.000000 -0.414226 -0.045781 
257 1.765405 0.000000 -0.061726 103.086936 0.000000 -0.518685 -0.062719 
258 1.817099 0.000000 -0.013569 102.702109 0.000000 -0.391583 -0.054788 
259 2.023873 0.000000 0.034588 103.166794 0.000000 -0.309611 -0.064348 
260 2.023873 0.000000 -0.061726 103.626167 0.000000 -0.371264 -0.073852 
261 2.127260 0.000000 0.034588 103.736900 0.000000 -0.309538 -0.076144 
262 2.023873 0.000000 0.130903 105.588458 0.000000 -0.740773 -0.114947 
263 1.868792 0.000000 0.082746 103.363554 0.000000 -0.472561 -0.068425 
264 1.868792 0.000000 0.034588 102.711015 0.000000 -0.333128 -0.054966 
265 1.920486 0.000000 0.082746 103.550522 0.000000 -0.471006 -0.072293 
266 1.868792 0.000000 0.130903 104.955787 0.000000 -0.785569 -0.101633 
267 1.791252 0.000000 0.058667 110.630872 0.000000 -0.570208 -0.223951 
268 1.765405 0.000000 0.058667 109.564521 0.000000 -0.798706 -0.200502 
269 1.791252 0.000000 0.034588 109.597921 0.000000 -0.557601 -0.201202 
270 1.817099 0.000000 0.058667 110.437372 0.000000 -0.318193 -0.219651 
271 1.791252 0.000000 0.082746 103.358228 0.000000 -0.548457 -0.068322 
272 -17.929845 0.000000 6.295036 99.762491 0.000000 6.983437 -0.000132 
273 -24.546622 0.000000 6.295036 99.759190 0.000000 6.980430 -0.000062 
274 -17.929845 0.000000 12.459169 99.764552 0.000000 6.979773 -0.000168 
275 -8.004679 0.000000 3.212969 99.782948 0.000000 7.010376 -0.000578 
276 -11.313068 0.000000 3.212969 99.767736 0.000000 6.995209 -0.000253 
277 -8.004679 0.000000 6.295036 99.792325 0.000000 6.995233 -0.000744 
278 -3.042097 0.000000 1.671936 99.829290 0.000000 7.092868 -0.001620 
279 -4.696291 0.000000 1.671936 99.797426 0.000000 7.051937 -0.000926 
280 -3.042097 0.000000 3.212969 99.874348 0.000000 7.042129 -0.002448 
281 -0.560805 0.000000 0.901420 99.312962 0.000000 7.932450 0.007401 
282 -1.387902 0.000000 0.901420 99.706415 0.000000 7.303359 0.000529 
283 -0.560805 0.000000 1.671936 100.045580 0.000000 7.515430 -0.006560 
284 0.679840 0.000000 0.516161 99.125470 0.000000 -1.050641 0.017304 
285 0.266292 0.000000 0.516161 99.557135 0.000000 11.800708 -0.005088 
286 0.679840 0.000000 0.901420 102.129732 0.000000 9.886110 -0.052822 
287 1.300163 0.000000 0.323532 104.162850 0.000000 -1.043322 -0.085099 
288 1.093389 0.000000 0.323532 103.720948 0.000000 -1.044794 -0.075913 
289 1.300163 0.000000 0.516161 104.320599 0.000000 -1.039759 -0.088387 
290 1.610325 0.000000 0.227217 105.282078 0.000000 -1.030153 -0.108538 
291 1.506937 0.000000 0.227217 104.872135 0.000000 -1.037427 -0.099924 
292 1.610325 0.000000 0.323532 105.237273 0.000000 -1.029639 -0.107594 
293 1.662018 0.000000 0.082746 103.980959 0.000000 -0.828117 -0.081273 
294 1.610325 0.000000 0.082746 103.684071 0.000000 -0.927124 -0.075125 
295 1.662018 0.000000 0.034588 104.473417 0.000000 -0.883753 -0.091548 
296 1.662018 0.000000 0.130903 104.291006 0.000000 -0.819152 -0.087729 
297 1.739559 0.000000 0.058667 108.374209 0.000000 -0.951093 -0.174587 
298 1.713712 0.000000 0.058667 107.388156 0.000000 -1.004612 -0.153323 
299 1.739559 0.000000 0.034588 107.401956 0.000000 -0.882454 -0.153596 
300 1.739559 0.000000 0.082746 106.271821 0.000000 -0.764459 -0.129428 
301 1.403550 0.000000 0.034588 98.924414 0.000000 -0.761388 0.021338 
302 1.300163 0.000000 0.034588 95.365410 0.000000 -0.692357 0.090496 
303 1.403550 0.000000 -0.061726 97.011730 0.000000 -0.501809 0.058847 
304 1.403550 0.000000 0.130903 98.405894 0.000000 -0.653239 0.031585 
305 1.403550 0.000000 0.227217 104.460367 0.000000 -1.042228 -0.091305 
306 1.300163 0.000000 0.227217 104.095213 0.000000 -1.044746 -0.083690 
307 1.403550 0.000000 0.323532 104.495546 0.000000 -1.040721 -0.092040 
308 1.455244 0.000000 0.082746 100.917641 0.000000 -0.819444 -0.018504 
309 1.403550 0.000000 0.082746 99.198890 0.000000 -0.780083 0.015897 
310 1.455244 0.000000 0.034588 99.792191 0.000000 -0.761730 0.004094 
311 1.506937 0.000000 0.082746 101.976380 0.000000 -0.845271 -0.039990 
312 1.455244 0.000000 0.130903 102.969246 0.000000 -0.837703 -0.060337 
313 0.886615 0.000000 -0.061726 98.660388 0.000000 -0.393473 0.026597 
314 0.679840 0.000000 -0.061726 99.770387 0.000000 -0.271173 0.004580 
315 0.886615 0.000000 -0.254355 100.859015 0.000000 -1.143560 -0.017385 
316 0.886615 0.000000 0.130903 100.123717 0.000000 -0.691246 -0.002524 
317 1.196776 0.000000 0.034588 95.307970 0.000000 -0.794229 0.091576 
318 1.093389 0.000000 0.034588 90.446745 0.000000 -0.355899 0.181926 
319 1.196776 0.000000 -0.061726 91.587827 0.000000 -0.488569 0.161143 
320 1.196776 0.000000 0.130903 94.991809 0.000000 -0.637610 0.097615 
321 0.886615 0.000000 0.323532 100.823567 0.000000 -1.141974 -0.016670 
322 0.679840 0.000000 0.323532 99.464786 0.000000 -1.070028 0.010561 
323 0.886615 0.000000 0.516161 100.382405 0.000000 -1.125358 -0.007789 
324 1.196776 0.000000 0.227217 103.812297 0.000000 -1.045703 -0.077809 
325 1.093389 0.000000 0.227217 103.626983 0.000000 -1.045775 -0.073965 
326 1.196776 0.000000 0.323532 103.900005 0.000000 -1.044498 -0.079630 
327 1.248470 0.000000 0.082746 94.633975 0.000000 -0.679356 0.104395 
328 1.196776 0.000000 0.082746 93.561624 0.000000 -0.572547 0.124589 
329 1.248470 0.000000 0.034588 94.484320 0.000000 -0.698730 0.107222 
330 1.300163 0.000000 0.082746 96.312185 0.000000 -0.688873 0.072349 
331 1.248470 0.000000 0.130903 98.959536 0.000000 -0.836051 0.020631 
332 0.990002 0.000000 0.034588 95.449052 0.000000 -0.400855 0.088932 
333 0.886615 0.000000 0.034588 97.581102 0.000000 -0.299533 0.047784 
334 0.990002 0.000000 -0.061726 95.742860 0.000000 -0.419831 0.083313 
335 0.990002 0.000000 0.130903 98.164079 0.000000 -0.601433 0.036345 
336 1.145082 0.000000 0.082746 92.566143 0.000000 -0.514367 0.143124 
337 1.093389 0.000000 0.082746 93.496614 0.000000 -0.495179 0.125814 
338 1.145082 0.000000 0.034588 91.361641 0.000000 -0.453941 0.165284 
339 1.145082 0.000000 0.130903 94.885772 0.000000 -0.630965 0.099629 
340 1.300163 0.000000 -0.446985 104.376366 0.000000 -1.038332 -0.089550 
341 1.093389 0.000000 -0.446985 102.285400 0.000000 -1.147281 -0.046362 
342 1.300163 0.000000 -0.639614 102.599140 0.000000 -1.154647 -0.052792 
343 1.196776 0.000000 -0.158041 99.609170 0.000000 -0.862942 0.007727 
344 1.093389 0.000000 -0.158041 99.698899 0.000000 -0.837725 0.005943 
345 1.196776 0.000000 -0.254355 103.983782 0.000000 -1.043225 -0.081372 
346 1.300163 0.000000 -0.158041 99.636025 0.000000 -0.853904 0.007193 
347 1.248470 0.000000 -0.013569 88.317502 0.000000 -0.336989 0.219991 
348 1.196776 0.000000 -0.013569 90.698464 0.000000 -0.449437 0.177359 
349 1.248470 0.000000 -0.061726 90.940683 0.000000 -0.437985 0.172960 
350 1.300163 0.000000 -0.013569 89.493941 0.000000 -0.343574 0.199072 
351 1.222623 0.000000 0.058667 96.278039 0.000000 -0.828567 0.072985 
352 1.196776 0.000000 0.058667 96.016736 0.000000 -0.844641 0.078007 
353 1.222623 0.000000 0.034588 95.211343 0.000000 -0.759952 0.093422 
354 1.248470 0.000000 0.058667 95.874473 0.000000 -0.773529 0.080749 
355 1.222623 0.000000 0.082746 94.395632 0.000000 -0.686222 0.108899 
356 1.145082 0.000000 -0.013569 91.011477 0.000000 -0.435706 0.171672 
357 1.093389 0.000000 -0.013569 88.877012 0.000000 -0.274814 0.210080 
358 1.145082 0.000000 -0.061726 91.876918 0.000000 -0.478911 0.155840 
359 1.170929 0.000000 0.058667 96.631419 0.000000 -0.916829 0.066153 
360 1.145082 0.000000 0.058667 91.924998 0.000000 -0.482466 0.154956 
361 1.170929 0.000000 0.034588 95.555576 0.000000 -0.832360 0.086844 
362 1.170929 0.000000 0.082746 93.547714 0.000000 -0.568962 0.124850 
363 3.367906 0.000000 -0.061726 102.006499 0.000000 -0.000000 -0.040533 
364 3.367906 0.000000 -0.254355 101.041279 0.000000 7.117968 -0.026001 
365 3.367906 0.000000 0.130903 101.996795 0.000000 -0.000000 -0.040335 
366 3.781455 0.000000 0.323532 99.243162 0.000000 7.921460 0.008805 
367 3.574680 0.000000 0.323532 99.140475 0.000000 3.555372 0.015853 
368 3.988229 0.000000 0.323532 99.545470 0.000000 11.214491 -0.003507 
369 3.781455 0.000000 0.516161 99.697662 0.000000 2.034070 0.005624 
370 3.678067 0.000000 0.034588 102.874091 0.000000 -0.000000 -0.058308 
371 3.574680 0.000000 0.034588 102.010670 0.000000 -0.000000 -0.040618 
372 3.678067 0.000000 -0.061726 102.662648 0.000000 -0.000000 -0.053962 
373 3.781455 0.000000 0.034588 103.865476 0.000000 -0.000000 -0.078804 
374 3.678067 0.000000 0.130903 101.997204 0.000000 -0.000000 -0.040343 
375 3.367906 0.000000 0.323532 99.289260 0.000000 -1.627003 0.013900 
376 3.161132 0.000000 0.323532 99.548548 0.000000 -7.297029 0.003684 
377 3.367906 0.000000 0.516161 99.625288 0.000000 1.669397 0.007202 
378 3.471293 0.000000 0.034588 102.005660 0.000000 -0.000000 -0.040515 
379 3.367906 0.000000 0.034588 102.017016 0.000000 -0.000000 -0.040747 
380 3.471293 0.000000 -0.061726 102.005178 0.000000 -0.000000 -0.040506 
381 3.471293 0.000000 0.130903 102.018955 0.000000 0.000000 -0.040787 
382 8.537263 0.000000 -18.361496 99.740972 0.000000 6.943127 0.000353 
383 8.537263 0.000000 -24.525629 99.746635 0.000000 6.958446 0.000219 
384 15.154040 0.000000 -18.361496 99.747675 0.000000 6.938491 0.000226 
385 5.228874 0.000000 -9.115296 99.698351 0.000000 6.847418 0.001335 
386 5.228874 0.000000 -12.197363 99.715506 0.000000 6.904369 0.000915 
387 8.537263 0.000000 -9.115296 99.718449 0.000000 6.831105 0.000957 
388 3.574680 0.000000 -4.492197 99.570666 0.000000 6.571820 0.004249 
389 3.574680 0.000000 -6.033230 99.629054 0.000000 6.738799 0.002864 
390 5.228874 0.000000 -4.492197 99.669003 0.000000 6.542852 0.002328 
391 4.401777 0.000000 -2.180647 99.643226 0.000000 5.879214 0.003666 
392 3.574680 0.000000 -2.180647 99.452629 0.000000 5.853749 0.007491 
393 4.401777 0.000000 -2.951164 99.607826 0.000000 6.184674 0.004003 
394 5.228874 0.000000 -2.180647 99.789665 0.000000 5.959536 0.000651 
395 3.988229 0.000000 -1.024872 99.741747 0.000000 5.425108 0.002215 
396 3.574680 0.000000 -1.024872 99.618839 0.000000 5.243752 0.004859 
397 3.988229 0.000000 -1.410130 99.627956 0.000000 5.440051 0.004468 
398 4.401777 0.000000 -1.024872 99.840169 0.000000 5.584271 0.000076 
399 3.781455 0.000000 -0.446985 100.448621 0.000000 7.533311 -0.014668 
400 3.574680 0.000000 -0.446985 100.405554 0.000000 6.880689 -0.012862 
401 3.781455 0.000000 -0.639614 100.023269 0.000000 6.137199 -0.004232 
402 3.988229 0.000000 -0.446985 100.419941 0.000000 8.129281 -0.015025 
403 3.678067 0.000000 -0.158041 101.991489 0.000000 -0.000000 -0.040226 
404 3.574680 0.000000 -0.158041 102.008262 0.000000 -0.000000 -0.040569 
405 3.678067 0.000000 -0.254355 101.476679 0.000000 9.181587 -0.038182 
406 3.781455 0.000000 -0.158041 102.855777 0.000000 0.000000 -0.057931 
407 3.626374 0.000000 -0.013569 102.667305 0.000000 -0.000000 -0.054058 
408 3.574680 0.000000 -0.013569 102.114048 0.000000 -0.000000 -0.042728 
409 3.626374 0.000000 -0.061726 102.645557 0.000000 -0.000000 -0.053611 
410 3.678067 0.000000 -0.013569 102.970384 0.000000 -0.000000 -0.060290 
411 3.626374 0.000000 0.034588 102.665352 0.000000 -0.000000 -0.054017 
412 2.747583 0.000000 -2.180647 99.195432 0.000000 5.933768 0.012506 
413 2.747583 0.000000 -2.951164 99.339598 0.000000 6.296219 0.009200 
414 3.161132 0.000000 -1.024872 99.408444 0.000000 5.051537 0.009244 
415 2.747583 0.000000 -1.024872 99.090067 0.000000 4.911826 0.015703 
416 3.161132 0.000000 -1.410130 99.312177 0.000000 5.303573 0.010896 
417 3.367906 0.000000 -0.446985 100.253231 0.000000 6.276412 -0.009010 
418 3.161132 0.000000 -0.446985 100.037831 0.000000 5.776916 -0.004094 
419 3.367906 0.000000 -0.639614 99.843017 0.000000 5.522516 0.000087 
420 3.471293 0.000000 -0.158041 102.025817 0.000000 0.000000 -0.040927 
421 3.367906 0.000000 -0.158041 101.992283 0.000000 -0.000000 -0.040243 
422 3.471293 0.000000 -0.254355 101.240260 0.000000 7.711498 -0.030906 
423 3.522987 0.000000 -0.013569 102.021400 0.000000 0.000000 -0.040837 
424 3.471293 0.000000 -0.013569 102.018917 0.000000 -0.000000 -0.040786 
425 3.522987 0.000000 -0.061726 102.011978 0.000000 -0.000000 -0.040644 
426 3.522987 0.000000 0.034588 102.010801 0.000000 -0.000000 -0.040620 
427 3.678067 0.000000 0.227217 98.261545 0.000000 11.568802 0.021083 
428 3.574680 0.000000 0.227217 98.045799 0.000000 10.415284 0.027854 
429 3.781455 0.000000 0.227217 98.591883 0.000000 12.450207 0.012463 
430 3.678067 0.000000 0.323532 99.155606 0.000000 5.870010 0.013371 
431 3.626374 0.000000 0.082746 102.467833 0.000000 -0.000000 -0.049966 
432 3.574680 0.000000 0.082746 102.010667 0.000000 -0.000000 -0.040618 
433 3.678067 0.000000 0.082746 102.650657 0.000000 -0.000000 -0.053716 
434 3.626374 0.000000 0.130903 102.003157 0.000000 -0.000000 -0.040464 
435 3.600527 0.000000 0.010510 102.290512 0.000000 0.000000 -0.046335 
436 3.574680 0.000000 0.010510 102.106840 0.000000 -0.000000 -0.042581 
437 3.600527 0.000000 -0.013569 102.316247 0.000000 0.000000 -0.046861 
438 3.626374 0.000000 0.010510 102.670390 0.000000 -0.000000 -0.054121 
439 3.600527 0.000000 0.034588 102.577453 0.000000 -0.000000 -0.052213 
440 3.626374 0.000000 -0.109884 102.005931 0.000000 -0.000000 -0.040521 
441 3.574680 0.000000 -0.109884 102.010070 0.000000 -0.000000 -0.040605 
442 3.626374 0.000000 -0.158041 101.998705 0.000000 -0.000000 -0.040374 
443 3.678067 0.000000 -0.109884 102.636324 0.000000 -0.000000 -0.053421 
444 3.600527 0.000000 -0.037648 102.574710 0.000000 -0.000000 -0.052157 
445 3.574680 0.000000 -0.037648 102.010669 0.000000 -0.000000 -0.040618 
446 3.600527 0.000000 -0.061726 102.281952 0.000000 -0.000000 -0.046160 
447 3.626374 0.000000 -0.037648 102.659968 0.000000 -0.000000 -0.053907 
448 6.055972 0.000000 -0.639614 100.721843 0.000000 8.978739 -0.022551 
449 6.055972 0.000000 -1.410130 100.106030 0.000000 6.021925 -0.005748 
450 6.883069 0.000000 -0.639614 100.006865 0.000000 9.152414 -0.008514 
451 6.055972 0.000000 0.130903 100.258245 0.000000 -2.217848 -0.005663 
452 4.815326 0.000000 -0.254355 101.475052 0.000000 16.377714 -0.056542 
453 4.815326 0.000000 -0.639614 100.206237 0.000000 7.372640 -0.009565 
454 5.228874 0.000000 -0.254355 101.741039 0.000000 20.323968 -0.076430 
455 4.815326 0.000000 0.130903 101.337527 0.000000 9.707998 -0.036354 
456 4.195003 0.000000 -0.061726 103.488152 0.000000 25.118901 -0.134076 
457 4.195003 0.000000 -0.254355 101.129117 0.000000 12.574318 -0.038521 
458 4.401777 0.000000 -0.061726 104.078091 0.000000 32.806375 -0.190851 
459 4.195003 0.000000 0.130903 100.952557 0.000000 18.175182 -0.052176 
460 3.884842 0.000000 0.034588 104.263907 0.000000 0.000000 -0.087096 
461 3.884842 0.000000 -0.061726 104.186005 0.000000 0.000000 -0.085472 
462 3.988229 0.000000 0.034588 104.103304 0.000000 0.000000 -0.083750 
463 3.884842 0.000000 0.130903 104.107787 0.000000 0.000000 -0.083843 
464 3.729761 0.000000 -0.013569 103.361272 0.000000 -0.000000 -0.068355 
465 3.729761 0.000000 -0.061726 103.304692 0.000000 -0.000000 -0.067186 
466 3.781455 0.000000 -0.013569 103.984953 0.000000 -0.000000 -0.081287 
467 3.729761 0.000000 0.034588 103.339944 0.000000 -0.000000 -0.067914 
468 3.652221 0.000000 0.010510 102.789622 0.000000 -0.000000 -0.056571 
469 3.652221 0.000000 -0.013569 102.785563 0.000000 -0.000000 -0.056487 
470 3.678067 0.000000 0.010510 102.981636 0.000000 -0.000000 -0.060522 
471 3.652221 0.000000 0.034588 102.741021 0.000000 -0.000000 -0.055572 
472 3.613450 0.000000 -0.001530 102.204225 0.000000 0.000000 -0.044570 
473 3.600527 0.000000 -0.001530 102.132510 0.000000 0.000000 -0.043105 
474 3.613450 0.000000 -0.013569 102.455150 0.000000 -0.000000 -0.049706 
475 3.626374 0.000000 -0.001530 102.173417 0.000000 -0.000000 -0.043941 
476 3.613450 0.000000 0.010510 102.307017 0.000000 0.000000 -0.046673 
477 3.471293 0.000000 0.227217 97.952537 0.000000 9.076994 0.032291 
478 3.367906 0.000000 0.227217 97.908510 0.000000 7.597353 0.035620 
479 3.471293 0.000000 0.323532 99.192775 0.000000 1.037822 0.015972 
480 3.522987 0.000000 0.082746 102.011666 0.000000 -0.000000 -0.040638 
481 3.471293 0.000000 0.082746 102.004732 0.000000 -0.000000 -0.040497 
482 3.522987 0.000000 0.130903 102.012649 0.000000 -0.000000 -0.040658 
483 3.548833 0.000000 0.010510 102.023597 0.000000 -0.000000 -0.040881 
484 3.522987 0.000000 0.010510 102.022876 0.000000 0.000000 -0.040867 
485 3.548833 0.000000 -0.013569 102.022954 0.000000 -0.000000 -0.040868 
486 3.548833 0.000000 0.034588 102.012103 0.000000 -0.000000 -0.040647 
487 3.264519 0.000000 0.034588 101.996378 0.000000 -0.000000 -0.040326 
488 3.161132 0.000000 0.034588 101.817871 0.000000 -0.000000 -0.036688 
489 3.264519 0.000000 -0.061726 101.988791 0.000000 -0.000000 -0.040171 
490 3.264519 0.000000 0.130903 102.015318 0.000000 -0.000000 -0.040713 
491 3.419600 0.000000 -0.013569 102.018505 0.000000 -0.000000 -0.040778 
492 3.367906 0.000000 -0.013569 102.011814 0.000000 -0.000000 -0.040641 
493 3.419600 0.000000 -0.061726 102.007885 0.000000 0.000000 -0.040561 
494 3.419600 0.000000 0.034588 102.011388 0.000000 -0.000000 -0.040632 
495 3.419600 0.000000 0.082746 102.006976 0.000000 -0.000000 -0.040542 
496 3.367906 0.000000 0.082746 102.006467 0.000000 -0.000000 -0.040532 
497 3.419600 0.000000 0.130903 102.005237 0.000000 -0.000000 -0.040507 
498 3.445446 0.000000 0.010510 102.020663 0.000000 0.000000 -0.040822 
499 3.419600 0.000000 0.010510 102.018930 0.000000 -0.000000 -0.040786 
500 3.445446 0.000000 -0.013569 102.019028 0.000000 0.000000 -0.040788 
501 3.471293 0.000000 0.010510 102.019489 0.000000 -0.000000 -0.040798 
502 3.445446 0.000000 0.034588 102.015170 0.000000 0.000000 -0.040709 
503 3.264519 0.000000 -0.158041 101.973257 0.000000 -0.000000 -0.039855 
504 3.161132 0.000000 -0.158041 101.503621 0.000000 -0.000000 -0.030299 
505 3.264519 0.000000 -0.254355 100.848751 0.000000 6.601327 -0.021405 
506 3.316212 0.000000 -0.013569 102.001571 0.000000 -0.000000 -0.040432 
507 3.264519 0.000000 -0.013569 102.002464 0.000000 -0.000000 -0.040450 
508 3.316212 0.000000 -0.061726 102.018980 0.000000 -0.000000 -0.040787 
509 3.316212 0.000000 0.034588 102.000592 0.000000 -0.000000 -0.040412 
510 2.954357 0.000000 0.323532 99.766011 0.000000 -9.242559 -0.003868 
511 2.954357 0.000000 0.516161 99.812379 0.000000 1.429865 0.003544 
512 3.264519 0.000000 0.227217 97.952895 0.000000 5.998475 0.036925 
513 3.161132 0.000000 0.227217 98.753965 0.000000 5.273073 0.021985 
514 3.264519 0.000000 0.323532 99.430732 0.000000 -4.345693 0.009464 
515 3.316212 0.000000 0.082746 102.018510 0.000000 -0.000000 -0.040778 
516 3.264519 0.000000 0.082746 101.995859 0.000000 -0.000000 -0.040316 
517 3.316212 0.000000 0.130903 101.990784 0.000000 -0.000000 -0.040212 
518 3.342059 0.000000 0.010510 102.004243 0.000000 -0.000000 -0.040487 
519 3.316212 0.000000 0.010510 101.990758 0.000000 -0.000000 -0.040211 
520 3.342059 0.000000 -0.013569 102.005202 0.000000 -0.000000 -0.040506 
521 3.367906 0.000000 0.010510 102.011519 0.000000 -0.000000 -0.040635 
522 3.342059 0.000000 0.034588 102.017627 0.000000 -0.000000 -0.040760 
523 3.316212 0.000000 -0.109884 102.016980 0.000000 -0.000000 -0.040746 
524 3.264519 0.000000 -0.109884 102.017586 0.000000 -0.000000 -0.040759 
525 3.316212 0.000000 -0.158041 101.985886 0.000000 -0.000000 -0.040112 
526 3.367906 0.000000 -0.109884 102.000067 0.000000 -0.000000 -0.040401 
527 3.342059 0.000000 -0.037648 102.017621 0.000000 -0.000000 -0.040760 
528 3.316212 0.000000 -0.037648 102.000403 0.000000 -0.000000 -0.040408 
529 3.342059 0.000000 -0.061726 102.017605 0.000000 -0.000000 -0.040759 
530 3.367906 0.000000 -0.037648 102.017037 0.000000 -0.000000 -0.040748 
531 3.393753 0.000000 0.010510 102.013591 0.000000 -0.000000 -0.040677 
532 3.393753 0.000000 -0.013569 102.013475 0.000000 -0.000000 -0.040675 
533 3.393753 0.000000 0.034588 102.009617 0.000000 -0.000000 -0.040596 
534 3.354983 0.000000 -0.001530 102.003452 0.000000 -0.000000 -0.040470 
535 3.342059 0.000000 -0.001530 102.001617 0.000000 -0.000000 -0.040433 
536 3.354983 0.000000 -0.013569 102.010112 0.000000 -0.000000 -0.040606 
537 3.367906 0.000000 -0.001530 102.010905 0.000000 -0.000000 -0.040622 
538 3.354983 0.000000 0.010510 102.009651 0.000000 -0.000000 -0.040597 
539 3.057745 0.000000 0.034588 101.500424 0.000000 -0.000000 -0.030234 
540 2.954357 0.000000 0.034588 101.398114 0.000000 -0.000000 -0.028158 
541 3.057745 0.000000 -0.061726 101.497441 0.000000 -0.000000 -0.030173 
542 3.057745 0.000000 0.130903 101.354934 0.000000 -0.000000 -0.027282 
543 3.212825 0.000000 -0.013569 102.010480 0.000000 -0.000000 -0.040614 
544 3.161132 0.000000 -0.013569 101.824302 0.000000 -0.000000 -0.036819 
545 3.212825 0.000000 -0.061726 101.949093 0.000000 -0.000000 -0.039362 
546 3.212825 0.000000 0.034588 101.971122 0.000000 -0.000000 -0.039811 
547 3.290366 0.000000 0.010510 102.005639 0.000000 -0.000000 -0.040515 
548 3.264519 0.000000 0.010510 102.003073 0.000000 -0.000000 -0.040463 
549 3.290366 0.000000 -0.013569 102.005483 0.000000 -0.000000 -0.040512 
550 3.290366 0.000000 0.034588 102.002219 0.000000 -0.000000 -0.040445 
551 3.290366 0.000000 -0.037648 102.001846 0.000000 -0.000000 -0.040438 
552 3.264519 0.000000 -0.037648 101.995421 0.000000 -0.000000 -0.040307 
553 3.290366 0.000000 -0.061726 101.998746 0.000000 -0.000000 -0.040374 
554 3.303289 0.000000 -0.001530 101.941637 0.000000 -0.000000 -0.039210 
555 3.290366 0.000000 -0.001530 102.005873 0.000000 -0.000000 -0.040520 
556 3.303289 0.000000 -0.013569 102.003135 0.000000 -0.000000 -0.040464 
557 3.316212 0.000000 -0.001530 101.980913 0.000000 0.000000 -0.040011 
558 3.303289 0.000000 0.010510 102.003241 0.000000 -0.000000 -0.040466 
559 -17.929845 0.000000 -18.361496 99.749666 0.000000 6.977358 0.000132 
560 -24.546622 0.000000 -18.361496 99.752456 0.000000 6.977685 0.000076 
561 -17.929845 0.000000 -24.525629 99.750745 0.000000 6.975844 0.000113 
562 21.770817 0.000000 -18.361496 99.752254 0.000000 6.938298 0.000135 
563 21.770817 0.000000 -24.525629 99.752153 0.000000 6.954154 0.000115 
564 28.387594 0.000000 -18.361496 99.754809 0.000000 6.939599 0.000082 
565 -8.004679 0.000000 -9.115296 99.729157 0.000000 6.981603 0.000535 
566 -11.313068 0.000000 -9.115296 99.740429 0.000000 6.983930 0.000307 
567 -8.004679 0.000000 -12.197363 99.733642 0.000000 6.976449 0.000453 
568 11.845651 0.000000 -9.115296 99.739324 0.000000 6.834817 0.000535 
569 11.845651 0.000000 -12.197363 99.738904 0.000000 6.893667 0.000463 
570 15.154040 0.000000 -9.115296 99.748751 0.000000 6.844779 0.000334 
571 -3.042097 0.000000 -4.492197 99.649137 0.000000 7.003142 0.002101 
572 -4.696291 0.000000 -4.492197 99.690956 0.000000 7.006080 0.001263 
573 -3.042097 0.000000 -6.033230 99.663009 0.000000 6.975080 0.001863 
574 6.883069 0.000000 -4.492197 99.728743 0.000000 6.570782 0.001100 
575 6.883069 0.000000 -6.033230 99.711586 0.000000 6.707008 0.001262 
576 8.537263 0.000000 -4.492197 99.750912 0.000000 6.604946 0.000613 
577 -0.560805 0.000000 -2.180647 99.387946 0.000000 7.202762 0.007016 
578 -1.387902 0.000000 -2.180647 99.560663 0.000000 7.141749 0.003667 
579 -0.560805 0.000000 -2.951164 99.436426 0.000000 7.039241 0.006285 
580 0.679840 0.000000 -1.024872 97.758995 0.000000 8.109645 0.037741 
581 0.266292 0.000000 -1.024872 98.855952 0.000000 8.577464 0.015393 
582 0.679840 0.000000 -1.410130 98.380290 0.000000 7.435221 0.026604 
583 2.334035 0.000000 -1.024872 98.631483 0.000000 4.878732 0.024803 
584 2.334035 0.000000 -1.410130 98.744897 0.000000 5.381811 0.022048 
585 0.886615 0.000000 -0.446985 99.933783 0.000000 -1.098577 0.001203 
586 0.679840 0.000000 -0.446985 98.796213 0.000000 -1.039788 0.023823 
587 0.886615 0.000000 -0.639614 98.812850 0.000000 -1.039480 0.023494 
588 1.403550 0.000000 -0.158041 103.058306 0.000000 -0.865252 -0.062176 
589 1.403550 0.000000 -0.254355 104.524541 0.000000 -1.039275 -0.092646 
590 1.506937 0.000000 -0.158041 103.307176 0.000000 -0.853802 -0.067310 
591 2.127260 0.000000 -0.446985 110.058906 0.000000 -0.982094 -0.211393 
592 2.127260 0.000000 -0.639614 113.209727 0.000000 -0.690582 -0.281692 
593 2.334035 0.000000 -0.446985 113.222245 0.000000 -0.687453 -0.281975 
594 2.540809 0.000000 -0.446985 99.301787 0.000000 4.577730 0.011820 
595 2.540809 0.000000 -0.639614 99.049929 0.000000 4.589012 0.016805 
596 2.747583 0.000000 -0.446985 99.576387 0.000000 4.938932 0.006015 
597 1.610325 0.000000 -0.158041 104.236393 0.000000 -0.850804 -0.086595 
598 1.610325 0.000000 -0.254355 105.185830 0.000000 -1.029279 -0.106512 
599 2.023873 0.000000 -0.158041 106.223731 0.000000 -0.743531 -0.128403 
600 2.023873 0.000000 -0.254355 108.233541 0.000000 -0.995734 -0.171549 
601 2.127260 0.000000 -0.158041 106.858650 0.000000 -0.713065 -0.141928 
602 6.055972 0.000000 -2.180647 99.875721 0.000000 6.106978 -0.001245 
603 6.055972 0.000000 -2.951164 99.773767 0.000000 6.289483 0.000564 
604 6.883069 0.000000 -2.180647 99.878639 0.000000 6.251038 -0.001482 
605 4.815326 0.000000 -1.024872 99.952093 0.000000 5.731442 -0.002327 
606 4.815326 0.000000 -1.410130 99.842911 0.000000 5.600924 0.000002 
607 5.228874 0.000000 -1.024872 100.093502 0.000000 5.897718 -0.005349 
608 2.954357 0.000000 -0.446985 99.810954 0.000000 5.340980 0.000925 
609 2.954357 0.000000 -0.639614 99.520310 0.000000 5.006694 0.007064 
610 6.055972 0.000000 0.901420 98.970801 0.000000 4.454715 0.018494 
611 6.883069 0.000000 0.901420 99.497634 0.000000 3.928911 0.008478 
612 6.055972 0.000000 1.671936 99.391621 0.000000 6.422365 0.008006 
613 4.815326 0.000000 0.516161 99.965739 0.000000 4.567424 -0.001401 
614 5.228874 0.000000 0.516161 99.551445 0.000000 6.767669 0.004371 
615 4.815326 0.000000 0.901420 99.489964 0.000000 5.902670 0.006691 
616 3.057745 0.000000 -0.158041 101.503621 0.000000 -0.000000 -0.030299 
617 2.954357 0.000000 -0.158041 101.445882 0.000000 -0.000000 -0.029127 
618 3.057745 0.000000 -0.254355 100.496716 0.000000 5.738843 -0.013252 
619 2.850970 0.000000 0.034588 101.357432 0.000000 -0.000000 -0.027333 
620 2.850970 0.000000 -0.061726 101.349906 0.000000 -0.000000 -0.027180 
621 2.850970 0.000000 0.130903 101.384303 0.000000 0.000000 -0.027878 
622 4.195003 0.000000 -0.446985 100.388914 0.000000 8.641622 -0.015261 
623 4.195003 0.000000 -0.639614 100.049170 0.000000 6.652517 -0.005409 
624 4.401777 0.000000 -0.446985 100.411829 0.000000 9.134128 -0.016597 
625 4.195003 0.000000 0.323532 99.845440 0.000000 13.433865 -0.014958 
626 4.401777 0.000000 0.323532 99.925972 0.000000 15.622227 -0.022925 
627 4.195003 0.000000 0.516161 100.061782 0.000000 2.763686 -0.002000 
628 3.884842 0.000000 -0.158041 103.169959 0.000000 0.000000 -0.064404 
629 3.884842 0.000000 -0.254355 101.350184 0.000000 10.680896 -0.038594 
630 3.988229 0.000000 -0.158041 102.072016 0.000000 13.616006 -0.060409 
631 1.868792 0.000000 -0.013569 102.172313 0.000000 -0.225555 -0.043923 
632 1.868792 0.000000 -0.061726 103.109540 0.000000 -0.426915 -0.063176 
633 1.920486 0.000000 -0.013569 103.132970 0.000000 -0.390174 -0.063656 
634 1.662018 0.000000 -0.013569 100.696420 0.000000 -0.241244 -0.013983 
635 1.610325 0.000000 -0.013569 102.036146 0.000000 -0.613935 -0.041175 
636 1.662018 0.000000 -0.061726 102.085958 0.000000 -0.461886 -0.042176 
637 1.558631 0.000000 0.082746 102.982838 0.000000 -0.931853 -0.060633 
638 1.558631 0.000000 0.034588 102.538429 0.000000 -0.884026 -0.051491 
639 1.558631 0.000000 0.130903 102.321529 0.000000 -0.645948 -0.047011 
640 2.023873 0.000000 0.227217 107.350015 0.000000 -0.992111 -0.152501 
641 2.127260 0.000000 0.227217 108.940798 0.000000 -0.987198 -0.186907 
642 2.023873 0.000000 0.323532 107.769097 0.000000 -0.993074 -0.161516 
643 1.351857 0.000000 0.082746 98.551530 0.000000 -0.794258 0.028697 
644 1.351857 0.000000 0.034588 97.348010 0.000000 -0.752334 0.052280 
645 1.351857 0.000000 0.130903 97.846257 0.000000 -0.650990 0.042569 
646 0.990002 0.000000 -0.158041 99.665719 0.000000 -0.720279 0.006623 
647 0.886615 0.000000 -0.158041 100.297213 0.000000 -0.831254 -0.006022 
648 0.990002 0.000000 -0.254355 102.638061 0.000000 -1.116827 -0.053582 
649 0.990002 0.000000 0.227217 103.532756 0.000000 -1.045388 -0.072012 
650 0.886615 0.000000 0.227217 101.335597 0.000000 -1.146991 -0.027022 
651 0.990002 0.000000 0.323532 103.621794 0.000000 -1.044592 -0.073857 
652 3.884842 0.000000 0.227217 98.988349 0.000000 13.047454 0.003107 
653 3.988229 0.000000 0.227217 99.393302 0.000000 13.351345 -0.005729 
654 3.884842 0.000000 0.323532 99.381227 0.000000 9.702631 0.002923 
655 3.729761 0.000000 0.082746 103.261862 0.000000 -0.000000 -0.066301 
656 3.781455 0.000000 0.082746 103.678699 0.000000 -0.000000 -0.074927 
657 3.729761 0.000000 0.130903 102.670654 0.000000 -0.000000 -0.054126 
658 3.729761 0.000000 -0.109884 102.960133 0.000000 -0.000000 -0.060079 
659 3.729761 0.000000 -0.158041 101.948562 0.000000 -0.000000 -0.039351 
660 3.781455 0.000000 -0.109884 103.783750 0.000000 -0.000000 -0.077107 
661 3.652221 0.000000 -0.037648 102.733334 0.000000 -0.000000 -0.055414 
662 3.652221 0.000000 -0.061726 102.674777 0.000000 -0.000000 -0.054211 
663 3.678067 0.000000 -0.037648 102.860700 0.000000 -0.000000 -0.058032 
664 3.522987 0.000000 -0.109884 102.012446 0.000000 -0.000000 -0.040654 
665 3.471293 0.000000 -0.109884 102.010978 0.000000 0.000000 -0.040624 
666 3.522987 0.000000 -0.158041 102.027868 0.000000 0.000000 -0.040969 
667 3.419600 0.000000 -0.109884 102.005325 0.000000 -0.000000 -0.040509 
668 3.419600 0.000000 -0.158041 102.002482 0.000000 -0.000000 -0.040451 
669 3.548833 0.000000 -0.037648 102.012083 0.000000 -0.000000 -0.040647 
670 3.522987 0.000000 -0.037648 102.010764 0.000000 -0.000000 -0.040620 
671 3.548833 0.000000 -0.061726 102.011898 0.000000 -0.000000 -0.040643 
672 3.497140 0.000000 0.010510 102.021374 0.000000 -0.000000 -0.040836 
673 3.497140 0.000000 -0.013569 102.020539 0.000000 -0.000000 -0.040819 
674 3.497140 0.000000 0.034588 102.012881 0.000000 -0.000000 -0.040663 
675 3.212825 0.000000 0.082746 101.918731 0.000000 -0.000000 -0.038743 
676 3.161132 0.000000 0.082746 101.885142 0.000000 -0.000000 -0.038058 
677 3.212825 0.000000 0.130903 102.027979 0.000000 -0.000000 -0.040971 
678 3.393753 0.000000 -0.037648 102.009619 0.000000 -0.000000 -0.040596 
679 3.393753 0.000000 -0.061726 102.008717 0.000000 -0.000000 -0.040578 
680 3.419600 0.000000 -0.037648 102.011383 0.000000 -0.000000 -0.040632 
681 3.445446 0.000000 -0.037648 102.010411 0.000000 0.000000 -0.040612 
682 3.445446 0.000000 -0.061726 102.010124 0.000000 0.000000 -0.040607 
683 3.471293 0.000000 -0.037648 102.005614 0.000000 -0.000000 -0.040515 
684 3.212825 0.000000 -0.109884 101.929924 0.000000 -0.000000 -0.038971 
685 3.161132 0.000000 -0.109884 101.849489 0.000000 -0.000000 -0.037332 
686 3.212825 0.000000 -0.158041 101.942856 0.000000 -0.000000 -0.039235 
687 3.057745 0.000000 0.227217 99.620873 0.000000 3.437822 0.006386 
688 2.954357 0.000000 0.227217 100.515271 0.000000 -0.628619 -0.010371 
689 3.057745 0.000000 0.323532 99.786457 0.000000 -8.868576 -0.003599 
690 3.329136 0.000000 -0.001530 101.994160 0.000000 -0.000000 -0.040281 
691 3.329136 0.000000 -0.013569 102.006854 0.000000 -0.000000 -0.040540 
692 3.329136 0.000000 0.010510 102.005268 0.000000 -0.000000 -0.040507 
693 2.850970 0.000000 -0.158041 101.384303 0.000000 0.000000 -0.027878 
694 2.747583 0.000000 -0.158041 101.407962 0.000000 0.000000 -0.028357 
695 2.850970 0.000000 -0.254355 100.192904 0.000000 5.016162 -0.006378 
696 1.558631 0.000000 -0.013569 100.876173 0.000000 -0.464883 -0.017622 
697 1.506937 0.000000 -0.013569 99.800331 0.000000 -0.527029 0.003962 
698 1.558631 0.000000 -0.061726 101.141202 0.000000 -0.501351 -0.022979 
699 1.351857 0.000000 -0.013569 95.159271 0.000000 -0.573639 0.094438 
700 1.351857 0.000000 -0.061726 94.604751 0.000000 -0.502619 0.104969 
701 1.403550 0.000000 -0.013569 96.572295 0.000000 -0.458560 0.067358 
702 1.455244 0.000000 -0.013569 97.771547 0.000000 -0.410642 0.044056 
703 1.455244 0.000000 -0.061726 97.773849 0.000000 -0.444473 0.044008 
704 3.497140 0.000000 -0.037648 102.006102 0.000000 -0.000000 -0.040524 
705 3.497140 0.000000 -0.061726 102.005623 0.000000 -0.000000 -0.040515 
706 2.850970 0.000000 0.227217 100.750457 0.000000 -4.134217 -0.016775 
707 2.747583 0.000000 0.227217 100.908534 0.000000 -7.765334 -0.024283 
708 2.850970 0.000000 0.323532 99.866684 0.000000 -9.754939 -0.006851 
709 2.644196 0.000000 -0.158041 101.432106 0.000000 0.000000 -0.028847 
710 2.540809 0.000000 -0.158041 105.000877 0.000000 -0.155963 -0.102521 
711 2.644196 0.000000 -0.254355 99.913449 0.000000 4.305264 -0.000123 
712 2.644196 0.000000 0.227217 101.050196 0.000000 -11.228872 -0.033723 
713 2.540809 0.000000 0.227217 113.232301 0.000000 -0.684929 -0.282202 
714 2.644196 0.000000 0.323532 100.073368 0.000000 -10.681588 -0.012878 
1 19 21 9 22 
2 20 19 22 4 
3 28 29 3 30 
4 21 28 30 9 
5 35 37 21 38 
6 36 35 38 19 
7 44 45 28 46 
8 37 44 46 21 
9 51 53 37 54 
10 52 51 54 35 
11 60 61 44 62 
12 53 60 62 37 
13 67 69 53 70 
14 68 67 70 51 
15 76 77 60 78 
16 69 76 78 53 
17 83 85 69 86 
18 84 83 86 67 
19 11 94 92 93 
20 94 10 24 92 
21 92 24 14 95 
22 93 92 95 6 
23 24 98 96 97 
24 98 23 40 96 
25 96 40 27 99 
26 97 96 99 14 
27 40 102 100 101 
28 102 39 56 100 
29 100 56 43 103 
30 101 100 103 27 
31 56 106 104 105 
32 106 55 72 104 
33 104 72 59 107 
34 105 104 107 43 
35 72 110 108 109 
36 109 108 111 59 
37 112 113 76 114 
38 85 112 114 69 
39 115 117 85 118 
40 116 115 118 83 
41 132 133 112 134 
42 117 132 134 85 
43 136 124 137 135 
44 135 137 127 138 
45 15 140 139 33 
46 140 17 141 139 
47 139 141 8 142 
48 33 139 142 18 
49 31 144 143 49 
50 144 33 145 143 
51 143 145 18 146 
52 49 143 146 34 
53 148 49 149 147 
54 147 149 34 150 
55 124 160 159 137 
56 137 159 162 127 
57 18 142 163 45 
58 142 8 164 163 
59 163 164 29 165 
60 45 163 165 28 
61 34 146 166 61 
62 146 18 167 166 
63 166 167 45 168 
64 61 166 168 44 
65 150 34 170 169 
66 169 170 61 171 
67 77 169 171 60 
68 172 173 77 174 
69 113 172 174 76 
70 175 176 113 177 
71 133 175 177 112 
72 127 162 182 183 
73 182 184 133 185 
74 183 182 185 132 
75 159 188 186 187 
76 188 161 189 186 
77 186 189 82 190 
78 187 186 190 162 
79 195 196 172 197 
80 176 195 197 113 
81 203 205 117 206 
82 204 203 206 115 
83 138 127 183 216 
84 216 183 132 217 
85 205 216 217 117 
86 131 211 218 219 
87 211 5 220 218 
88 218 220 205 221 
89 219 218 221 203 
90 222 225 211 226 
91 223 222 226 131 
92 12 229 227 228 
93 229 7 230 227 
94 227 230 13 25 
95 228 227 25 10 
96 25 233 231 232 
97 233 13 234 231 
98 231 234 26 41 
99 232 231 41 23 
100 41 237 235 236 
101 237 26 238 235 
102 235 238 42 57 
103 236 235 57 39 
104 57 241 239 240 
105 241 42 242 239 
106 239 242 58 73 
107 240 239 73 55 
108 73 245 243 244 
109 245 58 246 243 
110 243 246 74 89 
111 244 243 89 71 
112 89 249 247 248 
113 249 74 250 247 
114 247 250 90 129 
115 248 247 129 87 
116 129 253 251 252 
117 253 90 254 251 
118 251 254 130 209 
119 252 251 209 128 
120 128 257 255 256 
121 257 209 258 255 
122 255 258 207 224 
123 256 255 224 208 
124 130 260 259 210 
125 260 135 261 259 
126 259 261 138 262 
127 210 259 262 5 
128 207 264 263 225 
129 264 210 265 263 
130 263 265 5 266 
131 225 263 266 211 
132 224 269 267 268 
133 269 207 270 267 
134 267 270 225 271 
135 268 267 271 222 
136 6 95 272 273 
137 95 14 36 272 
138 272 36 19 274 
139 273 272 274 20 
140 14 99 275 276 
141 99 27 52 275 
142 275 52 35 277 
143 276 275 277 36 
144 27 103 278 279 
145 103 43 68 278 
146 278 68 51 280 
147 279 278 280 52 
148 43 107 281 282 
149 107 59 84 281 
150 281 84 67 283 
151 282 281 283 68 
152 59 111 284 285 
153 284 116 83 286 
154 285 284 286 84 
155 287 204 115 289 
156 288 287 289 116 
157 91 215 290 291 
158 215 131 219 290 
159 290 219 203 292 
160 291 290 292 204 
161 212 295 293 294 
162 295 208 223 293 
163 293 223 131 296 
164 294 293 296 215 
165 208 299 297 298 
166 299 224 268 297 
167 297 268 222 300 
168 298 297 300 223 
169 123 304 305 306 
170 304 91 291 305 
171 305 291 204 307 
172 306 305 307 287 
173 301 310 308 309 
174 310 213 311 308 
175 308 311 91 312 
176 309 308 312 304 
177 108 315 313 314 
178 314 313 316 111 
179 111 316 321 322 
180 321 288 116 323 
181 322 321 323 284 
182 75 320 324 325 
183 320 123 306 324 
184 324 306 287 326 
185 325 324 326 288 
186 329 302 330 327 
187 327 330 123 331 
188 328 327 331 320 
189 313 334 332 333 
190 334 120 318 332 
191 332 318 75 335 
192 333 332 335 316 
193 318 338 336 337 
194 336 328 320 339 
195 337 336 339 75 
196 71 342 340 341 
197 342 89 248 340 
198 340 248 87 121 
199 341 340 121 88 
200 88 345 343 344 
201 345 121 346 343 
202 343 346 119 319 
203 344 343 319 120 
204 319 349 347 348 
205 349 119 350 347 
206 347 350 302 329 
207 348 347 329 317 
208 317 353 351 352 
209 353 329 354 351 
210 351 354 327 355 
211 352 351 355 328 
212 120 358 356 357 
213 358 319 348 356 
214 356 348 317 338 
215 357 356 338 318 
216 338 361 359 360 
217 361 317 352 359 
218 359 352 328 362 
219 360 359 362 336 
220 366 368 195 369 
221 367 366 369 176 
222 375 367 176 377 
223 376 375 377 175 
224 7 383 382 230 
225 383 16 384 382 
226 382 384 15 32 
227 230 382 32 13 
228 13 386 385 234 
229 386 32 387 385 
230 385 387 31 48 
231 234 385 48 26 
232 26 389 388 238 
233 389 48 390 388 
234 388 390 47 64 
235 238 388 64 42 
236 64 393 391 392 
237 393 47 394 391 
238 391 394 65 152 
239 392 391 152 63 
240 63 397 395 396 
241 397 152 398 395 
242 395 398 151 192 
243 396 395 192 81 
244 81 401 399 400 
245 401 192 402 399 
246 399 402 191 200 
247 400 399 200 157 
248 157 405 403 404 
249 405 200 406 403 
250 42 413 412 242 
251 413 64 392 412 
252 412 392 63 80 
253 242 412 80 58 
254 80 416 414 415 
255 416 63 396 414 
256 414 396 81 156 
257 415 414 156 79 
258 156 419 417 418 
259 419 81 400 417 
260 417 400 157 364 
261 418 417 364 155 
262 364 422 420 421 
263 422 157 404 420 
264 66 374 427 428 
265 374 202 429 427 
266 427 429 366 430 
267 428 427 430 367 
268 371 411 431 432 
269 411 370 433 431 
270 431 433 374 434 
271 432 431 434 66 
272 408 437 435 436 
273 435 438 411 439 
274 436 435 439 371 
275 404 442 440 441 
276 442 403 443 440 
277 440 443 372 409 
278 441 440 409 199 
279 199 446 444 445 
280 446 409 447 444 
281 444 447 407 437 
282 445 444 437 408 
283 65 449 448 153 
284 449 147 450 448 
285 448 450 150 451 
286 153 448 451 50 
287 151 453 452 193 
288 453 153 454 452 
289 452 454 50 455 
290 193 452 455 154 
291 191 457 456 201 
292 457 193 458 456 
293 456 458 154 459 
294 201 456 459 194 
295 198 461 460 373 
296 461 201 462 460 
297 460 462 194 463 
298 373 460 463 202 
299 372 465 464 410 
300 465 198 466 464 
301 464 466 373 467 
302 410 464 467 370 
303 407 469 468 438 
304 469 410 470 468 
305 468 470 370 471 
306 438 468 471 411 
307 437 474 472 473 
308 474 407 475 472 
309 472 475 438 476 
310 473 472 476 435 
311 365 381 477 478 
312 381 66 428 477 
313 477 428 367 479 
314 478 477 479 375 
315 378 426 480 481 
316 426 371 432 480 
317 480 432 66 482 
318 481 480 482 381 
319 423 485 483 484 
320 485 408 436 483 
321 483 436 371 486 
322 484 483 486 426 
323 379 494 495 496 
324 494 378 481 495 
325 495 481 381 497 
326 496 495 497 365 
327 491 500 498 499 
328 500 424 501 498 
329 498 501 378 502 
330 499 498 502 494 
331 155 505 503 504 
332 505 364 421 503 
333 510 376 175 511 
334 184 510 511 133 
335 158 490 512 513 
336 490 365 478 512 
337 512 478 375 514 
338 513 512 514 376 
339 487 509 515 516 
340 509 379 496 515 
341 515 496 365 517 
342 516 515 517 490 
343 518 521 379 522 
344 519 518 522 509 
345 503 525 523 524 
346 525 421 526 523 
347 523 526 363 508 
348 524 523 508 489 
349 508 529 527 528 
350 529 363 530 527 
351 527 530 492 520 
352 528 527 520 506 
353 492 532 531 521 
354 532 491 499 531 
355 531 499 494 533 
356 521 531 533 379 
357 520 536 534 535 
358 536 492 537 534 
359 534 537 521 538 
360 535 534 538 518 
361 178 541 539 540 
362 541 180 488 539 
363 539 488 158 542 
364 540 539 542 181 
365 180 545 543 544 
366 545 489 507 543 
367 543 507 487 546 
368 544 543 546 488 
369 507 549 547 548 
370 547 519 509 550 
371 548 547 550 487 
372 489 553 551 552 
373 553 508 528 551 
374 551 528 506 549 
375 552 551 549 507 
376 549 556 554 555 
377 556 506 557 554 
378 554 557 519 558 
379 555 554 558 547 
380 1 561 559 560 
381 561 12 228 559 
382 559 228 10 94 
383 560 559 94 11 
384 16 563 562 384 
385 563 2 564 562 
386 562 564 17 140 
387 384 562 140 15 
388 10 567 565 566 
389 567 25 232 565 
390 565 232 23 98 
391 566 565 98 24 
392 32 569 568 387 
393 569 15 570 568 
394 568 570 33 144 
395 387 568 144 31 
396 23 573 571 572 
397 573 41 236 571 
398 571 236 39 102 
399 572 571 102 40 
400 48 575 574 390 
401 575 31 576 574 
402 574 576 49 148 
403 390 574 148 47 
404 39 579 577 578 
405 579 57 240 577 
406 577 240 55 106 
407 578 577 106 56 
408 55 582 580 581 
409 582 73 244 580 
410 580 244 71 110 
411 581 580 110 72 
412 58 584 583 246 
413 584 80 415 583 
414 583 415 79 125 
415 246 583 125 74 
416 110 587 585 586 
417 587 71 341 585 
418 585 341 88 315 
419 586 585 315 108 
420 121 589 588 346 
421 589 87 590 588 
422 588 590 122 303 
423 346 588 303 119 
424 74 592 591 250 
425 592 125 593 591 
426 591 593 124 136 
427 250 591 136 90 
428 125 595 594 593 
429 595 79 596 594 
430 594 596 126 160 
431 593 594 160 124 
432 87 598 597 590 
433 598 129 252 597 
434 597 252 128 214 
435 590 597 214 122 
436 90 600 599 254 
437 600 136 601 599 
438 599 601 135 260 
439 254 599 260 130 
440 47 603 602 394 
441 603 148 604 602 
442 602 604 147 449 
443 394 602 449 65 
444 152 606 605 398 
445 606 65 607 605 
446 605 607 153 453 
447 398 605 453 151 
448 79 609 608 596 
449 609 156 418 608 
450 608 418 155 179 
451 596 608 179 126 
452 50 451 610 173 
453 451 150 611 610 
454 610 611 169 612 
455 173 610 612 77 
456 154 455 613 196 
457 455 50 614 613 
458 613 614 173 615 
459 196 613 615 172 
460 179 618 616 617 
461 618 155 504 616 
462 616 504 180 541 
463 617 616 541 178 
464 161 620 619 189 
465 620 178 540 619 
466 619 540 181 621 
467 189 619 621 82 
468 192 623 622 402 
469 623 151 624 622 
470 622 624 193 457 
471 402 622 457 191 
472 194 459 625 368 
473 459 154 626 625 
474 625 626 196 627 
475 368 625 627 195 
476 200 629 628 406 
477 629 191 630 628 
478 628 630 201 461 
479 406 628 461 198 
480 209 632 631 258 
481 632 130 633 631 
482 631 633 210 264 
483 258 631 264 207 
484 214 636 634 635 
485 636 128 256 634 
486 634 256 208 295 
487 635 634 295 212 
488 213 638 637 311 
489 638 212 294 637 
490 637 294 215 639 
491 311 637 639 91 
492 5 262 640 220 
493 262 138 641 640 
494 640 641 216 642 
495 220 640 642 205 
496 302 644 643 330 
497 644 301 309 643 
498 643 309 304 645 
499 330 643 645 123 
500 315 648 646 647 
501 648 88 344 646 
502 646 344 120 334 
503 647 646 334 313 
504 316 335 649 650 
505 335 75 325 649 
506 649 325 288 651 
507 650 649 651 321 
508 202 463 652 429 
509 463 194 653 652 
510 652 653 368 654 
511 429 652 654 366 
512 370 467 655 433 
513 467 373 656 655 
514 655 656 202 657 
515 433 655 657 374 
516 403 659 658 443 
517 659 406 660 658 
518 658 660 198 465 
519 443 658 465 372 
520 409 662 661 447 
521 662 372 663 661 
522 661 663 410 469 
523 447 661 469 407 
524 420 666 664 665 
525 666 404 441 664 
526 664 441 199 425 
527 665 664 425 380 
528 421 668 667 526 
529 668 420 665 667 
530 667 665 380 493 
531 526 667 493 363 
532 425 671 669 670 
533 671 199 445 669 
534 669 445 408 485 
535 670 669 485 423 
536 424 673 672 501 
537 673 423 484 672 
538 672 484 426 674 
539 501 672 674 378 
540 488 546 675 676 
541 546 487 516 675 
542 675 516 490 677 
543 676 675 677 158 
544 363 679 678 530 
545 679 493 680 678 
546 678 680 491 532 
547 530 678 532 492 
548 493 682 681 680 
549 682 380 683 681 
550 681 683 424 500 
551 680 681 500 491 
552 504 686 684 685 
553 686 503 524 684 
554 684 524 489 545 
555 685 684 545 180 
556 181 542 687 688 
557 542 158 513 687 
558 687 513 376 689 
559 688 687 689 510 
560 506 691 690 557 
561 691 520 535 690 
562 690 535 518 692 
563 557 690 692 519 
564 126 695 693 694 
565 695 179 617 693 
566 693 617 178 620 
567 694 693 620 161 
568 122 698 696 697 
569 698 214 635 696 
570 696 635 212 638 
571 697 696 638 213 
572 119 700 699 350 
573 700 303 701 699 
574 699 701 301 644 
575 350 699 644 302 
576 303 703 702 701 
577 703 122 697 702 
578 702 697 213 310 
579 701 702 310 301 
580 380 705 704 683 
581 705 425 670 704 
582 704 670 423 673 
583 683 704 673 424 
584 82 621 706 707 
585 621 181 688 706 
586 706 688 510 708 
587 707 706 708 184 
588 160 711 709 710 
589 711 126 694 709 
590 709 694 161 188 
591 710 709 188 159 
592 162 190 712 713 
593 190 82 707 712 
594 712 707 184 714 
595 713 712 714 182 
