2 0.000000 100.000000 473.401889
663 544 
1 -21.528055 0.000000 -21.507062 99.751605 0.000000 6.976972 0.000094 
2 25.349027 0.000000 -21.507062 99.753176 0.000000 6.947559 0.000104 
3 25.349027 0.000000 21.810991 99.763685 0.000000 6.936543 -0.000091 
4 -21.528055 0.000000 21.810991 99.761908 0.000000 6.976691 -0.000111 
5 1.910486 0.000000 0.151964 102.629749 0.000000 -0.539191 -0.053316 
6 -21.528055 0.000000 0.151964 99.756980 0.000000 6.982589 -0.000021 
7 1.910486 0.000000 -21.507062 99.741360 0.000000 6.960656 0.000321 
8 25.349027 0.000000 0.151964 99.752006 0.000000 7.026267 0.000017 
9 1.910486 0.000000 21.810991 99.774044 0.000000 6.957770 -0.000327 
10 -9.808784 0.000000 -10.677549 99.737372 0.000000 6.981059 0.000372 
11 -21.528055 0.000000 -10.677549 99.752054 0.000000 6.980153 0.000081 
12 -9.808784 0.000000 -21.507062 99.745864 0.000000 6.973502 0.000213 
13 1.910486 0.000000 -10.677549 99.693713 0.000000 6.914612 0.001335 
14 -9.808784 0.000000 0.151964 99.758823 0.000000 7.004755 -0.000089 
15 13.629756 0.000000 -10.677549 99.742612 0.000000 6.870979 0.000420 
16 13.629756 0.000000 -21.507062 99.747218 0.000000 6.949104 0.000220 
17 25.349027 0.000000 -10.677549 99.757721 0.000000 6.884923 0.000100 
18 13.629756 0.000000 0.151964 98.338675 0.000000 27.207485 -0.041074 
19 -9.808784 0.000000 10.981478 99.778582 0.000000 6.979840 -0.000448 
20 -21.528055 0.000000 10.981478 99.761752 0.000000 6.979937 -0.000113 
21 1.910486 0.000000 10.981478 99.832857 0.000000 6.903929 -0.001426 
22 -9.808784 0.000000 21.810991 99.768374 0.000000 6.972599 -0.000235 
23 -3.949149 0.000000 -5.262792 99.679180 0.000000 6.996064 0.001512 
24 -9.808784 0.000000 -5.262792 99.739322 0.000000 6.993787 0.000315 
25 -3.949149 0.000000 -10.677549 99.714042 0.000000 6.968294 0.000855 
26 1.910486 0.000000 -5.262792 99.551301 0.000000 6.774220 0.004365 
27 -3.949149 0.000000 0.151964 99.761293 0.000000 7.076721 -0.000240 
28 13.629756 0.000000 10.981478 99.785973 0.000000 6.829013 -0.000388 
29 25.349027 0.000000 10.981478 99.771870 0.000000 6.809856 -0.000080 
30 13.629756 0.000000 21.810991 99.769128 0.000000 6.942577 -0.000208 
31 7.770121 0.000000 -5.262792 99.721935 0.000000 6.651076 0.001130 
32 7.770121 0.000000 -10.677549 99.721040 0.000000 6.872357 0.000848 
33 13.629756 0.000000 -5.262792 99.757772 0.000000 6.687442 0.000367 
34 7.770121 0.000000 0.151964 99.700207 0.000000 8.353579 -0.000991 
35 -3.949149 0.000000 5.566721 99.847460 0.000000 6.992129 -0.001841 
36 -9.808784 0.000000 5.566721 99.777839 0.000000 6.992979 -0.000452 
37 1.910486 0.000000 5.566721 99.995761 0.000000 6.739560 -0.004457 
38 -3.949149 0.000000 10.981478 99.805591 0.000000 6.964567 -0.000966 
39 -1.019332 0.000000 -2.555414 99.519795 0.000000 7.101104 0.004538 
40 -3.949149 0.000000 -2.555414 99.691983 0.000000 7.042653 0.001191 
41 -1.019332 0.000000 -5.262792 99.601778 0.000000 6.946067 0.003124 
42 1.910486 0.000000 -2.555414 99.103370 0.000000 6.437301 0.013708 
43 -1.019332 0.000000 0.151964 99.466980 0.000000 7.009623 0.005718 
44 7.770121 0.000000 5.566721 99.842609 0.000000 6.539035 -0.001131 
45 13.629756 0.000000 5.566721 99.806206 0.000000 6.496131 -0.000348 
46 7.770121 0.000000 10.981478 99.808807 0.000000 6.845979 -0.000867 
47 4.840304 0.000000 -2.555414 99.665891 0.000000 6.095187 0.002956 
48 4.840304 0.000000 -5.262792 99.643722 0.000000 6.647168 0.002694 
49 7.770121 0.000000 -2.555414 99.789583 0.000000 6.365648 0.000152 
50 4.840304 0.000000 0.151964 104.834882 0.000000 14.079141 -0.118857 
51 -1.019332 0.000000 2.859343 100.042903 0.000000 7.092271 -0.005888 
52 -3.949149 0.000000 2.859343 99.836846 0.000000 7.042787 -0.001700 
53 1.910486 0.000000 2.859343 100.478697 0.000000 6.399400 -0.013692 
54 -1.019332 0.000000 5.566721 99.934551 0.000000 6.932217 -0.003497 
55 0.445577 0.000000 -1.201725 98.618785 0.000000 8.015758 0.021008 
56 -1.019332 0.000000 -1.201725 99.708547 0.000000 7.308843 0.000479 
57 0.445577 0.000000 -2.555414 99.179918 0.000000 6.984148 0.011457 
58 1.910486 0.000000 -1.201725 98.213395 0.000000 5.590688 0.032287 
59 0.445577 0.000000 0.151964 99.071986 0.000000 -0.306334 0.018465 
60 4.840304 0.000000 2.859343 99.963101 0.000000 5.986941 -0.002847 
61 7.770121 0.000000 2.859343 99.839536 0.000000 6.135280 -0.000557 
62 4.840304 0.000000 5.566721 99.915903 0.000000 6.579737 -0.002648 
63 3.375395 0.000000 -1.201725 99.329251 0.000000 5.278247 0.010584 
64 3.375395 0.000000 -2.555414 99.393543 0.000000 6.102112 0.008369 
65 4.840304 0.000000 -1.201725 99.962943 0.000000 5.706076 -0.002515 
66 3.375395 0.000000 0.151964 102.848694 0.000000 -0.000000 -0.057785 
67 0.445577 0.000000 1.505654 100.866747 0.000000 7.919400 -0.023682 
68 -1.019332 0.000000 1.505654 99.874205 0.000000 7.392223 -0.002950 
69 1.910486 0.000000 1.505654 101.401738 0.000000 5.837779 -0.031639 
70 0.445577 0.000000 2.859343 100.389589 0.000000 6.943194 -0.012628 
71 1.178032 0.000000 -0.524880 99.424711 0.000000 -1.339776 0.011293 
72 0.445577 0.000000 -0.524880 97.467016 0.000000 10.584511 0.038815 
73 1.178032 0.000000 -1.201725 97.769895 0.000000 6.801830 0.039478 
74 1.910486 0.000000 -0.524880 105.181860 0.000000 -0.315602 -0.106332 
75 1.178032 0.000000 0.151964 95.976693 0.000000 -0.745024 0.078792 
76 -15.668420 0.000000 -5.262792 99.750694 0.000000 6.985845 0.000100 
77 -21.528055 0.000000 -5.262792 99.753967 0.000000 6.981878 0.000040 
78 -15.668420 0.000000 -10.677549 99.747730 0.000000 6.981481 0.000165 
79 -15.668420 0.000000 0.151964 99.757456 0.000000 6.988022 -0.000038 
80 -6.878967 0.000000 -2.555414 99.732367 0.000000 7.017737 0.000421 
81 -9.808784 0.000000 -2.555414 99.746653 0.000000 7.001838 0.000158 
82 -6.878967 0.000000 -5.262792 99.720805 0.000000 7.000454 0.000675 
83 -6.878967 0.000000 0.151964 99.760386 0.000000 7.026958 -0.000151 
84 -2.484240 0.000000 -1.201725 99.694028 0.000000 7.106620 0.001060 
85 -3.949149 0.000000 -1.201725 99.721373 0.000000 7.067180 0.000570 
86 -2.484240 0.000000 -2.555414 99.642442 0.000000 7.064340 0.002148 
87 -2.484240 0.000000 0.151964 99.749189 0.000000 7.121063 -0.000061 
88 -0.286877 0.000000 -0.524880 101.345473 0.000000 7.913266 -0.033352 
89 -1.019332 0.000000 -0.524880 99.870735 0.000000 7.109467 -0.002471 
90 -0.286877 0.000000 -1.201725 99.636930 0.000000 7.761883 0.001224 
91 -0.286877 0.000000 0.151964 97.001616 0.000000 4.707591 0.056853 
92 3.375395 0.000000 1.505654 100.253110 0.000000 5.510064 -0.008105 
93 4.840304 0.000000 1.505654 99.782038 0.000000 5.813452 0.000975 
94 3.375395 0.000000 2.859343 100.207109 0.000000 6.042898 -0.007798 
95 1.178032 0.000000 0.828809 104.003792 0.000000 7.976731 -0.088042 
96 0.445577 0.000000 0.828809 101.000489 0.000000 10.463853 -0.031059 
97 1.910486 0.000000 0.828809 102.272753 0.000000 4.864477 -0.048338 
98 1.178032 0.000000 1.505654 101.659432 0.000000 7.026512 -0.038401 
99 0.811804 0.000000 -0.186458 98.307518 0.000000 -1.048224 0.033453 
100 0.445577 0.000000 -0.186458 100.858461 0.000000 0.000000 -0.017243 
101 0.811804 0.000000 -0.524880 95.597832 0.000000 -1.738352 0.085803 
102 1.178032 0.000000 -0.186458 101.070910 0.000000 -1.032042 -0.021639 
103 0.811804 0.000000 0.151964 98.963233 0.000000 -0.817742 0.020561 
104 2.642940 0.000000 -0.524880 99.174399 0.000000 4.670291 0.014263 
105 2.642940 0.000000 -1.201725 98.898848 0.000000 5.259341 0.019136 
106 3.375395 0.000000 -0.524880 99.665417 0.000000 5.714829 0.003415 
107 2.642940 0.000000 0.151964 101.097887 0.000000 0.000000 -0.022078 
108 1.544259 0.000000 -0.186458 102.109471 0.000000 -0.850447 -0.042707 
109 1.544259 0.000000 -0.524880 102.023594 0.000000 -0.857677 -0.040955 
110 1.910486 0.000000 -0.186458 103.835081 0.000000 -0.573973 -0.078205 
111 1.544259 0.000000 0.151964 100.534170 0.000000 -0.637827 -0.010753 
112 -15.668420 0.000000 5.566721 99.764098 0.000000 6.985570 -0.000167 
113 -21.528055 0.000000 5.566721 99.759952 0.000000 6.981757 -0.000079 
114 -15.668420 0.000000 10.981478 99.766748 0.000000 6.981018 -0.000214 
115 -6.878967 0.000000 2.859343 99.788418 0.000000 7.016876 -0.000696 
116 -9.808784 0.000000 2.859343 99.770891 0.000000 7.001410 -0.000325 
117 -6.878967 0.000000 5.566721 99.799333 0.000000 6.998901 -0.000889 
118 -2.484240 0.000000 1.505654 99.831430 0.000000 7.122218 -0.001704 
119 -3.949149 0.000000 1.505654 99.803930 0.000000 7.069350 -0.001080 
120 -2.484240 0.000000 2.859343 99.895829 0.000000 7.065692 -0.002910 
121 -0.286877 0.000000 0.828809 99.011664 0.000000 8.581935 0.012304 
122 -1.019332 0.000000 0.828809 99.528103 0.000000 7.396937 0.003944 
123 -0.286877 0.000000 1.505654 100.080023 0.000000 7.766689 -0.007633 
124 0.811804 0.000000 0.490387 97.468770 0.000000 -1.560234 0.049740 
125 0.445577 0.000000 0.490387 101.303715 0.000000 11.349215 -0.039125 
126 1.178032 0.000000 0.490387 100.539789 0.000000 -1.160947 -0.010960 
127 0.811804 0.000000 0.828809 102.794096 0.000000 9.863026 -0.066391 
128 0.994918 0.000000 -0.017247 95.186957 0.000000 -0.419795 0.093927 
129 0.811804 0.000000 -0.017247 98.933825 0.000000 -0.349695 0.021198 
130 0.994918 0.000000 -0.186458 99.565028 0.000000 -1.312819 0.008508 
131 1.178032 0.000000 -0.017247 89.977054 0.000000 -0.456876 0.190392 
132 0.994918 0.000000 0.151964 97.594227 0.000000 -0.832241 0.047467 
133 2.642940 0.000000 0.828809 100.519633 0.000000 4.983928 -0.012904 
134 3.375395 0.000000 0.828809 99.574274 0.000000 6.210308 0.004640 
135 2.642940 0.000000 1.505654 100.719400 0.000000 5.437756 -0.017397 
136 2.276713 0.000000 -0.186458 104.068781 0.000000 -0.169106 -0.083034 
137 2.276713 0.000000 -0.524880 104.949834 0.000000 -0.086847 -0.101448 
138 2.642940 0.000000 -0.186458 101.097887 0.000000 0.000000 -0.022078 
139 2.276713 0.000000 0.151964 103.964121 0.000000 -0.160727 -0.080856 
140 1.544259 0.000000 0.490387 102.071766 0.000000 -0.853242 -0.041937 
141 1.910486 0.000000 0.490387 104.447616 0.000000 -0.480103 -0.090954 
142 1.544259 0.000000 0.828809 103.560551 0.000000 5.851228 -0.075902 
143 1.727372 0.000000 -0.017247 100.625425 0.000000 -0.348087 -0.012560 
144 1.544259 0.000000 -0.017247 99.519611 0.000000 -0.456210 0.009564 
145 1.727372 0.000000 -0.186458 102.506048 0.000000 -0.775955 -0.050809 
146 1.910486 0.000000 -0.017247 101.668191 0.000000 -0.272170 -0.033650 
147 1.727372 0.000000 0.151964 101.953674 0.000000 -0.639379 -0.039496 
148 2.276713 0.000000 0.490387 105.280368 0.000000 -0.204799 -0.108400 
149 2.642940 0.000000 0.490387 100.217287 0.000000 0.169098 -0.004353 
150 2.276713 0.000000 0.828809 101.219360 0.000000 4.747308 -0.026790 
151 2.093600 0.000000 -0.017247 102.389626 0.000000 -0.109093 -0.048365 
152 2.093600 0.000000 -0.186458 104.206796 0.000000 -0.263354 -0.085913 
153 2.276713 0.000000 -0.017247 102.082927 0.000000 -0.045131 -0.042093 
154 2.093600 0.000000 0.151964 104.020746 0.000000 -0.294283 -0.082040 
155 19.489392 0.000000 -5.262792 99.767120 0.000000 6.723555 0.000132 
156 19.489392 0.000000 -10.677549 99.753819 0.000000 6.878367 0.000186 
157 25.349027 0.000000 -5.262792 99.768957 0.000000 6.747469 0.000063 
158 19.489392 0.000000 0.151964 99.606995 0.000000 9.090032 -0.000418 
159 10.699939 0.000000 -2.555414 99.777022 0.000000 6.431542 0.000318 
160 10.699939 0.000000 -5.262792 99.746918 0.000000 6.668003 0.000609 
161 13.629756 0.000000 -2.555414 99.780428 0.000000 6.453678 0.000222 
162 10.699939 0.000000 0.151964 97.720039 0.000000 36.041592 -0.084820 
163 6.305212 0.000000 -1.201725 100.074542 0.000000 6.606539 -0.005856 
164 6.305212 0.000000 -2.555414 99.785626 0.000000 6.251609 0.000375 
165 7.770121 0.000000 -1.201725 99.842031 0.000000 6.742463 -0.001389 
166 6.305212 0.000000 0.151964 100.693729 0.000000 -0.775957 -0.013983 
167 4.107849 0.000000 -0.524880 100.286861 0.000000 6.889169 -0.010492 
168 4.107849 0.000000 -1.201725 99.671463 0.000000 5.416821 0.003626 
169 4.840304 0.000000 -0.524880 100.922463 0.000000 9.164398 -0.026933 
170 4.107849 0.000000 0.151964 106.881388 0.000000 24.401683 -0.201907 
171 3.009168 0.000000 -0.186458 104.250449 0.000000 -0.000000 -0.086816 
172 3.009168 0.000000 -0.524880 99.470110 0.000000 5.187867 0.007878 
173 3.375395 0.000000 -0.186458 102.727025 0.000000 0.000000 -0.055284 
174 3.009168 0.000000 0.151964 104.250449 0.000000 -0.000000 -0.086816 
175 2.459827 0.000000 -0.017247 101.596992 0.000000 -0.018066 -0.032195 
176 2.459827 0.000000 -0.186458 103.337441 0.000000 -0.070962 -0.067863 
177 2.642940 0.000000 -0.017247 101.101146 0.000000 0.000000 -0.022144 
178 2.459827 0.000000 0.151964 103.399201 0.000000 -0.089107 -0.069140 
179 19.489392 0.000000 5.566721 99.797349 0.000000 6.459413 -0.000123 
180 25.349027 0.000000 5.566721 99.798270 0.000000 6.405970 -0.000073 
181 19.489392 0.000000 10.981478 99.775051 0.000000 6.820425 -0.000158 
182 10.699939 0.000000 2.859343 99.829374 0.000000 6.156231 -0.000380 
183 13.629756 0.000000 2.859343 99.821876 0.000000 6.166092 -0.000243 
184 10.699939 0.000000 5.566721 99.817031 0.000000 6.514866 -0.000588 
185 6.305212 0.000000 1.505654 99.601476 0.000000 6.585397 0.003618 
186 7.770121 0.000000 1.505654 99.750830 0.000000 6.918596 0.000190 
187 6.305212 0.000000 2.859343 99.854706 0.000000 6.076629 -0.000789 
188 4.107849 0.000000 0.828809 99.886178 0.000000 7.309242 -0.003067 
189 4.840304 0.000000 0.828809 99.835120 0.000000 6.026005 -0.000336 
190 4.107849 0.000000 1.505654 100.011799 0.000000 5.667969 -0.003449 
191 3.009168 0.000000 0.490387 99.243497 0.000000 0.575616 0.015040 
192 3.375395 0.000000 0.490387 97.729661 0.000000 3.238632 0.043842 
193 3.009168 0.000000 0.828809 99.984630 0.000000 5.454222 -0.002667 
194 2.826054 0.000000 -0.017247 101.684482 0.000000 -0.000000 -0.033973 
195 2.826054 0.000000 -0.186458 101.511568 0.000000 0.000000 -0.030460 
196 3.009168 0.000000 -0.017247 103.676437 0.000000 -0.000000 -0.074880 
197 2.826054 0.000000 0.151964 101.511568 0.000000 0.000000 -0.030460 
198 3.741622 0.000000 -0.186458 101.302151 0.000000 10.916307 -0.038129 
199 3.741622 0.000000 -0.524880 99.937566 0.000000 6.229538 -0.002632 
200 4.107849 0.000000 -0.186458 102.179748 0.000000 13.942739 -0.063510 
201 3.741622 0.000000 0.151964 102.159672 0.000000 -0.000000 -0.043660 
202 1.727372 0.000000 0.321176 102.529074 0.000000 -0.772195 -0.051281 
203 1.544259 0.000000 0.321176 102.120043 0.000000 -0.849308 -0.042922 
204 1.910486 0.000000 0.321176 103.849618 0.000000 -0.570575 -0.078507 
205 1.727372 0.000000 0.490387 102.394920 0.000000 -0.793512 -0.048535 
206 1.818929 0.000000 0.067359 103.439147 0.000000 -0.241880 -0.069972 
207 1.727372 0.000000 0.067359 103.398069 0.000000 -0.387147 -0.069131 
208 1.818929 0.000000 -0.017247 100.893404 0.000000 -0.265078 -0.017955 
209 1.910486 0.000000 0.067359 101.725637 0.000000 -0.339642 -0.034822 
210 1.818929 0.000000 0.151964 102.312496 0.000000 -0.601090 -0.046821 
211 -3.949149 0.000000 -16.092305 99.733728 0.000000 6.966371 0.000465 
212 -9.808784 0.000000 -16.092305 99.741776 0.000000 6.975303 0.000292 
213 -3.949149 0.000000 -21.507062 99.742568 0.000000 6.968274 0.000286 
214 1.910486 0.000000 -16.092305 99.729994 0.000000 6.949460 0.000563 
215 -1.019332 0.000000 -7.970170 99.660564 0.000000 6.937803 0.001964 
216 -3.949149 0.000000 -7.970170 99.695736 0.000000 6.974461 0.001212 
217 -1.019332 0.000000 -10.677549 99.699083 0.000000 6.945802 0.001185 
218 1.910486 0.000000 -7.970170 99.650606 0.000000 6.869862 0.002256 
219 0.445577 0.000000 -3.909103 99.443127 0.000000 6.864326 0.006395 
220 -1.019332 0.000000 -3.909103 99.549365 0.000000 6.981075 0.004119 
221 0.445577 0.000000 -5.262792 99.559900 0.000000 6.872970 0.004059 
222 1.910486 0.000000 -3.909103 99.417413 0.000000 6.657883 0.007185 
223 1.178032 0.000000 -1.878569 98.681068 0.000000 6.739495 0.021663 
224 0.445577 0.000000 -1.878569 98.971407 0.000000 7.230742 0.015238 
225 1.178032 0.000000 -2.555414 99.066388 0.000000 6.727905 0.014059 
226 1.910486 0.000000 -1.878569 98.755595 0.000000 6.163149 0.020935 
227 1.544259 0.000000 -0.863302 97.180506 0.000000 5.586680 0.052474 
228 1.178032 0.000000 -0.863302 96.824560 0.000000 6.725584 0.057977 
229 1.544259 0.000000 -1.201725 97.871611 0.000000 6.087847 0.038409 
230 1.910486 0.000000 -0.863302 97.882020 0.000000 5.010904 0.039400 
231 1.727372 0.000000 -0.355669 102.371684 0.000000 -0.797282 -0.048060 
232 1.544259 0.000000 -0.355669 102.061122 0.000000 -0.854480 -0.041720 
233 1.727372 0.000000 -0.524880 104.342532 0.000000 -0.513151 -0.088763 
234 1.910486 0.000000 -0.355669 104.728415 0.000000 -0.424524 -0.096822 
235 1.818929 0.000000 -0.101852 101.303451 0.000000 -0.428178 -0.026257 
236 1.727372 0.000000 -0.101852 101.140141 0.000000 -0.450539 -0.022953 
237 1.818929 0.000000 -0.186458 102.230887 0.000000 -0.629457 -0.045155 
238 1.910486 0.000000 -0.101852 102.268833 0.000000 -0.334912 -0.045903 
239 2.093600 0.000000 0.321176 105.019235 0.000000 -0.348538 -0.102916 
240 2.276713 0.000000 0.321176 105.262664 0.000000 -0.247979 -0.108029 
241 2.093600 0.000000 0.490387 105.183212 0.000000 -0.303781 -0.106360 
242 2.002043 0.000000 0.067359 102.464776 0.000000 -0.181246 -0.049906 
243 2.002043 0.000000 -0.017247 102.233919 0.000000 -0.137393 -0.045179 
244 2.093600 0.000000 0.067359 102.724979 0.000000 -0.145514 -0.055244 
245 2.002043 0.000000 0.151964 103.907768 0.000000 -0.346706 -0.079694 
246 1.864708 0.000000 0.025056 101.084868 0.000000 -0.234091 -0.021821 
247 1.818929 0.000000 0.025056 102.321095 0.000000 -0.251261 -0.046967 
248 1.864708 0.000000 -0.017247 100.961902 0.000000 -0.207016 -0.019335 
249 1.910486 0.000000 0.025056 101.700603 0.000000 -0.276898 -0.034309 
250 1.864708 0.000000 0.067359 103.052160 0.000000 -0.214053 -0.061979 
251 7.770121 0.000000 -16.092305 99.735807 0.000000 6.933844 0.000469 
252 7.770121 0.000000 -21.507062 99.743427 0.000000 6.953434 0.000290 
253 13.629756 0.000000 -16.092305 99.744605 0.000000 6.927372 0.000303 
254 4.840304 0.000000 -7.970170 99.679185 0.000000 6.816112 0.001760 
255 4.840304 0.000000 -10.677549 99.705113 0.000000 6.887283 0.001146 
256 7.770121 0.000000 -7.970170 99.705942 0.000000 6.792824 0.001258 
257 3.375395 0.000000 -3.909103 99.510693 0.000000 6.498264 0.005539 
258 3.375395 0.000000 -5.262792 99.588129 0.000000 6.689724 0.003745 
259 4.840304 0.000000 -3.909103 99.629153 0.000000 6.452099 0.003240 
260 2.642940 0.000000 -1.878569 99.057529 0.000000 5.843646 0.015346 
261 2.642940 0.000000 -2.555414 99.229134 0.000000 6.214661 0.011496 
262 3.375395 0.000000 -1.878569 99.333365 0.000000 5.739442 0.009994 
263 2.276713 0.000000 -0.863302 98.502608 0.000000 4.875711 0.027346 
264 2.276713 0.000000 -1.201725 98.580427 0.000000 5.340619 0.025338 
265 2.642940 0.000000 -0.863302 98.924334 0.000000 4.940448 0.018957 
266 2.093600 0.000000 -0.355669 105.183059 0.000000 -0.304772 -0.106357 
267 2.093600 0.000000 -0.524880 105.287957 0.000000 -0.208132 -0.108560 
268 2.276713 0.000000 -0.355669 105.221922 0.000000 -0.165207 -0.107168 
269 2.002043 0.000000 -0.101852 102.745476 0.000000 -0.222104 -0.055668 
270 2.002043 0.000000 -0.186458 104.096672 0.000000 -0.316415 -0.083622 
271 2.093600 0.000000 -0.101852 103.123555 0.000000 -0.151429 -0.063449 
272 1.956264 0.000000 0.025056 102.270900 0.000000 -0.244970 -0.045940 
273 1.956264 0.000000 -0.017247 102.121982 0.000000 -0.221615 -0.042895 
274 2.002043 0.000000 0.025056 102.258449 0.000000 -0.141205 -0.045681 
275 1.956264 0.000000 0.067359 102.404242 0.000000 -0.269486 -0.048670 
276 1.818929 0.000000 0.236570 102.728696 0.000000 -0.732423 -0.055372 
277 1.727372 0.000000 0.236570 102.587764 0.000000 -0.762809 -0.052483 
278 1.910486 0.000000 0.236570 103.513351 0.000000 -0.613172 -0.071539 
279 1.818929 0.000000 0.321176 102.663268 0.000000 -0.743937 -0.054030 
280 1.864708 0.000000 0.109662 102.028609 0.000000 -0.475268 -0.041006 
281 1.818929 0.000000 0.109662 101.774302 0.000000 -0.487095 -0.035825 
282 1.910486 0.000000 0.109662 102.191800 0.000000 -0.379150 -0.044331 
283 1.864708 0.000000 0.151964 102.333328 0.000000 -0.586402 -0.047245 
284 1.887597 0.000000 0.046207 103.749026 0.000000 -0.134501 -0.076388 
285 1.864708 0.000000 0.046207 104.281654 0.000000 -0.137479 -0.087468 
286 1.887597 0.000000 0.025056 101.264383 0.000000 -0.263638 -0.025454 
287 1.910486 0.000000 0.046207 101.776361 0.000000 -0.292150 -0.035851 
288 1.887597 0.000000 0.067359 101.681939 0.000000 -0.341245 -0.033933 
289 1.361145 0.000000 -0.017247 93.025818 0.000000 -0.480991 0.134597 
290 1.361145 0.000000 -0.186458 101.626072 0.000000 -0.930984 -0.032873 
291 1.361145 0.000000 0.151964 97.234781 0.000000 -0.708385 0.054490 
292 1.635816 0.000000 0.067359 102.490663 0.000000 -0.472768 -0.050456 
293 1.544259 0.000000 0.067359 101.920155 0.000000 -0.619964 -0.038810 
294 1.635816 0.000000 -0.017247 100.087579 0.000000 -0.311998 -0.001762 
295 1.635816 0.000000 0.151964 101.744500 0.000000 -0.668237 -0.035239 
296 1.773151 0.000000 0.025056 102.558342 0.000000 -0.324629 -0.051832 
297 1.727372 0.000000 0.025056 102.823553 0.000000 -0.352969 -0.057281 
298 1.773151 0.000000 -0.017247 100.915561 0.000000 -0.340373 -0.018407 
299 1.773151 0.000000 0.067359 103.619386 0.000000 -0.322268 -0.073708 
300 1.841818 0.000000 0.046207 104.384904 0.000000 -0.172140 -0.089624 
301 1.818929 0.000000 0.046207 103.765761 0.000000 -0.222726 -0.076738 
302 1.841818 0.000000 0.025056 102.177056 0.000000 -0.206098 -0.044019 
303 1.841818 0.000000 0.067359 103.596382 0.000000 -0.237018 -0.073227 
304 1.361145 0.000000 0.321176 101.618143 0.000000 -0.932839 -0.032712 
305 1.178032 0.000000 0.321176 101.207096 0.000000 -0.994829 -0.024387 
306 1.361145 0.000000 0.490387 101.692269 0.000000 -0.917047 -0.034216 
307 1.452702 0.000000 0.067359 99.666078 0.000000 -0.662403 0.006623 
308 1.361145 0.000000 0.067359 97.371164 0.000000 -0.816592 0.051819 
309 1.452702 0.000000 -0.017247 95.524764 0.000000 -0.341360 0.087490 
310 1.452702 0.000000 0.151964 100.436512 0.000000 -0.750789 -0.008806 
311 1.635816 0.000000 -0.101852 100.640829 0.000000 -0.533211 -0.012886 
312 1.544259 0.000000 -0.101852 99.482830 0.000000 -0.506203 0.010291 
313 1.635816 0.000000 -0.186458 101.712207 0.000000 -0.687671 -0.034585 
314 1.590037 0.000000 0.025056 101.466313 0.000000 -0.485257 -0.029565 
315 1.544259 0.000000 0.025056 100.979990 0.000000 -0.555495 -0.019727 
316 1.590037 0.000000 -0.017247 100.068725 0.000000 -0.435906 -0.001394 
317 1.635816 0.000000 0.025056 101.247923 0.000000 -0.373087 -0.025128 
318 1.590037 0.000000 0.067359 102.001877 0.000000 -0.543156 -0.040468 
319 1.269588 0.000000 0.067359 95.224232 0.000000 -0.936267 0.093147 
320 1.178032 0.000000 0.067359 94.000654 0.000000 -1.037444 0.116280 
321 1.269588 0.000000 -0.017247 84.468289 0.000000 -0.270977 0.286503 
322 1.269588 0.000000 0.151964 96.927779 0.000000 -0.817940 0.060434 
323 1.361145 0.000000 -0.355669 101.698953 0.000000 -0.915422 -0.034352 
324 1.178032 0.000000 -0.355669 100.555387 0.000000 -1.158741 -0.011273 
325 1.361145 0.000000 -0.524880 100.878835 0.000000 -1.114912 -0.017778 
326 1.452702 0.000000 -0.101852 97.568138 0.000000 -0.531008 0.048018 
327 1.361145 0.000000 -0.101852 94.516579 0.000000 -0.555369 0.106631 
328 1.452702 0.000000 -0.186458 100.541229 0.000000 -0.756590 -0.010911 
329 1.406924 0.000000 0.025056 97.625225 0.000000 -0.663569 0.046888 
330 1.361145 0.000000 0.025056 96.586863 0.000000 -0.765011 0.067039 
331 1.406924 0.000000 -0.017247 95.407685 0.000000 -0.521863 0.089710 
332 1.452702 0.000000 0.025056 97.440674 0.000000 -0.514752 0.050505 
333 1.406924 0.000000 0.067359 98.530182 0.000000 -0.740355 0.029126 
334 1.269588 0.000000 -0.101852 92.337762 0.000000 -0.567449 0.147342 
335 1.178032 0.000000 -0.101852 92.918504 0.000000 -0.574645 0.136582 
336 1.269588 0.000000 -0.186458 97.339085 0.000000 -0.812783 0.052444 
337 1.315367 0.000000 0.025056 92.878538 0.000000 -0.664803 0.137314 
338 1.269588 0.000000 0.025056 91.249285 0.000000 -0.691557 0.167309 
339 1.315367 0.000000 -0.017247 89.062783 0.000000 -0.389949 0.206767 
340 1.315367 0.000000 0.067359 96.088094 0.000000 -0.895764 0.076628 
341 0.994918 0.000000 0.321176 99.549073 0.000000 -1.314682 0.008825 
342 0.811804 0.000000 0.321176 98.576667 0.000000 -1.439465 0.028057 
343 0.994918 0.000000 0.490387 99.214597 0.000000 -1.363070 0.015461 
344 1.086475 0.000000 0.067359 91.923178 0.000000 -0.458733 0.154992 
345 0.994918 0.000000 0.067359 96.164485 0.000000 -0.570098 0.075207 
346 1.086475 0.000000 -0.017247 90.657128 0.000000 -0.298680 0.178120 
347 1.086475 0.000000 0.151964 97.945691 0.000000 -0.920307 0.040579 
348 1.223810 0.000000 0.025056 91.629397 0.000000 -0.765589 0.160347 
349 1.178032 0.000000 0.025056 90.111528 0.000000 -0.465383 0.187970 
350 1.223810 0.000000 -0.017247 87.996641 0.000000 -0.387295 0.225644 
351 1.223810 0.000000 0.067359 94.945342 0.000000 -1.026771 0.098433 
352 0.811804 0.000000 -0.863302 97.198821 0.000000 8.061591 0.048740 
353 0.445577 0.000000 -0.863302 98.292624 0.000000 8.988820 0.025776 
354 0.811804 0.000000 -1.201725 98.037628 0.000000 7.539491 0.033178 
355 0.994918 0.000000 -0.355669 99.227202 0.000000 -1.361664 0.015211 
356 0.811804 0.000000 -0.355669 97.473019 0.000000 -1.559806 0.049658 
357 0.994918 0.000000 -0.524880 97.531012 0.000000 -1.553968 0.048529 
358 1.086475 0.000000 -0.101852 94.316328 0.000000 -0.703528 0.110394 
359 0.994918 0.000000 -0.101852 96.229072 0.000000 -0.615576 0.073959 
360 1.086475 0.000000 -0.186458 97.944807 0.000000 -0.953966 0.040590 
361 1.132253 0.000000 0.025056 91.335861 0.000000 -0.453377 0.165755 
362 1.086475 0.000000 0.025056 90.950819 0.000000 -0.338238 0.172783 
363 1.132253 0.000000 -0.017247 91.227374 0.000000 -0.442982 0.167737 
364 1.132253 0.000000 0.067359 92.241390 0.000000 -0.499306 0.149128 
365 1.086475 0.000000 0.236570 100.213015 0.000000 -1.203900 -0.004410 
366 0.994918 0.000000 0.236570 99.496302 0.000000 -1.320815 0.009874 
367 1.178032 0.000000 0.236570 101.133159 0.000000 -1.007146 -0.022893 
368 1.086475 0.000000 0.321176 100.280312 0.000000 -1.194975 -0.005757 
369 1.132253 0.000000 0.109662 93.520396 0.000000 -0.606374 0.125357 
370 1.086475 0.000000 0.109662 94.952120 0.000000 -0.725717 0.098357 
371 1.178032 0.000000 0.109662 93.339317 0.000000 -0.606884 0.128740 
372 1.132253 0.000000 0.151964 98.660667 0.000000 -0.876031 0.026531 
373 1.155142 0.000000 0.046207 94.410225 0.000000 -1.643066 0.108401 
374 1.132253 0.000000 0.046207 91.862627 0.000000 -0.471002 0.156104 
375 1.155142 0.000000 0.025056 91.399346 0.000000 -0.462109 0.164595 
376 1.178032 0.000000 0.046207 94.516378 0.000000 -1.394081 0.106471 
377 1.155142 0.000000 0.067359 92.452455 0.000000 -0.549873 0.145224 
378 1.269588 0.000000 0.236570 101.331783 0.000000 -0.978370 -0.026909 
379 1.361145 0.000000 0.236570 101.584966 0.000000 -0.939885 -0.032039 
380 1.269588 0.000000 0.321176 101.389658 0.000000 -0.967973 -0.028080 
381 1.223810 0.000000 0.109662 93.267220 0.000000 -0.608941 0.130085 
382 1.269588 0.000000 0.109662 92.902956 0.000000 -0.600244 0.136868 
383 1.223810 0.000000 0.151964 96.891316 0.000000 -0.833919 0.061138 
384 1.200921 0.000000 0.046207 94.579121 0.000000 -1.222654 0.105329 
385 1.200921 0.000000 0.025056 93.240821 0.000000 -1.003063 0.130514 
386 1.223810 0.000000 0.046207 96.633920 0.000000 -1.282570 0.066024 
387 1.200921 0.000000 0.067359 94.962937 0.000000 -1.157551 0.098070 
388 1.155142 0.000000 0.088510 92.937196 0.000000 -0.578611 0.136234 
389 1.132253 0.000000 0.088510 93.069451 0.000000 -0.576956 0.133774 
390 1.178032 0.000000 0.088510 92.801844 0.000000 -0.579466 0.138748 
391 1.155142 0.000000 0.109662 93.421617 0.000000 -0.606440 0.127203 
392 1.166587 0.000000 0.056783 94.502817 0.000000 -1.457614 0.106709 
393 1.155142 0.000000 0.056783 94.304227 0.000000 -1.561401 0.110427 
394 1.166587 0.000000 0.046207 94.616768 0.000000 -1.551100 0.104526 
395 1.178032 0.000000 0.056783 94.535681 0.000000 -1.379170 0.106110 
396 1.166587 0.000000 0.067359 93.691182 0.000000 -1.167835 0.122060 
397 3.741622 0.000000 0.490387 97.963626 0.000000 9.330423 0.031607 
398 4.107849 0.000000 0.490387 101.372221 0.000000 9.526841 -0.036709 
399 3.741622 0.000000 0.828809 99.548724 0.000000 7.111868 0.003947 
400 3.558508 0.000000 -0.017247 102.148194 0.000000 -0.000000 -0.043425 
401 3.375395 0.000000 -0.017247 102.813692 0.000000 -0.000000 -0.057066 
402 3.558508 0.000000 -0.186458 102.087904 0.000000 0.000000 -0.042194 
403 3.741622 0.000000 -0.017247 102.309397 0.000000 -0.000000 -0.046721 
404 3.558508 0.000000 0.151964 102.093505 0.000000 -0.000000 -0.042308 
405 5.572758 0.000000 -0.524880 101.581097 0.000000 12.931633 -0.048595 
406 5.572758 0.000000 -1.201725 100.158289 0.000000 6.188278 -0.006998 
407 6.305212 0.000000 -0.524880 100.016105 0.000000 14.506966 -0.021367 
408 5.572758 0.000000 0.151964 102.131064 0.000000 3.263602 -0.044141 
409 4.474076 0.000000 -0.186458 103.554754 0.000000 19.277661 -0.109522 
410 4.474076 0.000000 -0.524880 100.608142 0.000000 7.895569 -0.018434 
411 4.840304 0.000000 -0.186458 104.685243 0.000000 26.778161 -0.167607 
412 4.474076 0.000000 0.151964 106.622087 0.000000 20.947498 -0.180707 
413 3.924736 0.000000 -0.017247 102.472781 0.000000 0.000000 -0.050067 
414 3.924736 0.000000 -0.186458 101.507951 0.000000 12.266116 -0.045432 
415 4.107849 0.000000 -0.017247 104.710363 0.000000 20.258994 -0.137469 
416 3.924736 0.000000 0.151964 105.122741 0.000000 23.514714 -0.160373 
417 3.558508 0.000000 0.321176 90.415345 0.000000 19.253811 0.145436 
418 3.375395 0.000000 0.321176 92.909662 0.000000 -5.705088 0.133525 
419 3.741622 0.000000 0.321176 96.267983 0.000000 29.888240 -0.016083 
420 3.558508 0.000000 0.490387 97.275797 0.000000 6.126159 0.049989 
421 3.650065 0.000000 0.067359 102.094943 0.000000 -0.000000 -0.042338 
422 3.558508 0.000000 0.067359 102.133506 0.000000 -0.000000 -0.043125 
423 3.650065 0.000000 -0.017247 102.089214 0.000000 -0.000000 -0.042221 
424 3.741622 0.000000 0.067359 102.267042 0.000000 -0.000000 -0.045855 
425 3.650065 0.000000 0.151964 101.998602 0.000000 -0.000000 -0.040371 
426 3.192281 0.000000 -0.017247 103.867810 0.000000 -0.000000 -0.078852 
427 3.192281 0.000000 -0.186458 101.099399 0.000000 5.932912 -0.025629 
428 3.192281 0.000000 0.151964 103.080896 0.000000 -0.000000 -0.062567 
429 3.466952 0.000000 0.067359 102.385618 0.000000 -0.000000 -0.048281 
430 3.375395 0.000000 0.067359 102.748032 0.000000 -0.000000 -0.055716 
431 3.466952 0.000000 -0.017247 102.403680 0.000000 0.000000 -0.048651 
432 3.466952 0.000000 0.151964 102.386136 0.000000 0.000000 -0.048292 
433 4.107849 0.000000 -1.878569 99.562216 0.000000 5.747787 0.005433 
434 4.107849 0.000000 -2.555414 99.538729 0.000000 6.061643 0.005530 
435 4.840304 0.000000 -1.878569 99.747032 0.000000 5.834251 0.001649 
436 3.741622 0.000000 -0.863302 99.626983 0.000000 5.327173 0.004609 
437 3.375395 0.000000 -0.863302 99.411315 0.000000 5.175682 0.009060 
438 3.741622 0.000000 -1.201725 99.504527 0.000000 5.328105 0.007046 
439 4.107849 0.000000 -0.863302 99.827328 0.000000 5.535992 0.000386 
440 3.558508 0.000000 -0.355669 100.174909 0.000000 7.155975 -0.008622 
441 3.375395 0.000000 -0.355669 100.046208 0.000000 6.566158 -0.005236 
442 3.558508 0.000000 -0.524880 99.786467 0.000000 5.955664 0.000719 
443 3.741622 0.000000 -0.355669 100.339648 0.000000 7.768545 -0.012840 
444 3.650065 0.000000 -0.101852 102.030288 0.000000 -0.000000 -0.041018 
445 3.558508 0.000000 -0.101852 102.136134 0.000000 -0.000000 -0.043179 
446 3.650065 0.000000 -0.186458 101.919805 0.000000 -0.000000 -0.038765 
447 3.741622 0.000000 -0.101852 102.275686 0.000000 -0.000000 -0.046032 
448 3.604287 0.000000 0.025056 102.078952 0.000000 -0.000000 -0.042011 
449 3.558508 0.000000 0.025056 102.152093 0.000000 -0.000000 -0.043505 
450 3.604287 0.000000 -0.017247 102.045228 0.000000 -0.000000 -0.041323 
451 3.650065 0.000000 0.025056 102.089927 0.000000 -0.000000 -0.042235 
452 3.604287 0.000000 0.067359 102.073113 0.000000 -0.000000 -0.041892 
453 3.466952 0.000000 -0.101852 102.409737 0.000000 0.000000 -0.048775 
454 3.375395 0.000000 -0.101852 102.745649 0.000000 -0.000000 -0.055667 
455 3.466952 0.000000 -0.186458 102.370127 0.000000 0.000000 -0.047964 
456 3.604287 0.000000 -0.059549 102.072235 0.000000 -0.000000 -0.041874 
457 3.558508 0.000000 -0.059549 102.132951 0.000000 -0.000000 -0.043114 
458 3.604287 0.000000 -0.101852 102.077141 0.000000 -0.000000 -0.041974 
459 3.650065 0.000000 -0.059549 102.077877 0.000000 -0.000000 -0.041989 
460 5.572758 0.000000 0.828809 99.281519 0.000000 4.619360 0.012184 
461 6.305212 0.000000 0.828809 99.600111 0.000000 4.270501 0.006158 
462 5.572758 0.000000 1.505654 99.554578 0.000000 6.171383 0.005080 
463 4.474076 0.000000 0.490387 101.480470 0.000000 8.216664 -0.036580 
464 4.840304 0.000000 0.490387 100.859994 0.000000 8.142303 -0.023904 
465 4.474076 0.000000 0.828809 99.994741 0.000000 6.773072 -0.004482 
466 3.924736 0.000000 0.321176 103.085267 0.000000 28.962608 -0.146540 
467 4.107849 0.000000 0.321176 104.217619 0.000000 25.554377 -0.151434 
468 3.924736 0.000000 0.490387 100.115918 0.000000 10.360133 -0.013053 
469 3.833179 0.000000 0.067359 102.476616 0.000000 0.000000 -0.050146 
470 3.833179 0.000000 -0.017247 102.501457 0.000000 0.000000 -0.050655 
471 3.924736 0.000000 0.067359 102.471567 0.000000 0.000000 -0.050042 
472 3.833179 0.000000 0.151964 102.415870 0.000000 0.000000 -0.048901 
473 3.695844 0.000000 0.025056 102.180766 0.000000 -0.000000 -0.044091 
474 3.695844 0.000000 -0.017247 102.188844 0.000000 -0.000000 -0.044256 
475 3.741622 0.000000 0.025056 102.305731 0.000000 -0.000000 -0.046646 
476 3.695844 0.000000 0.067359 102.198198 0.000000 -0.000000 -0.044447 
477 3.627176 0.000000 0.003905 101.988340 0.000000 -0.000000 -0.040162 
478 3.604287 0.000000 0.003905 102.021805 0.000000 0.000000 -0.040845 
479 3.627176 0.000000 -0.017247 102.084616 0.000000 -0.000000 -0.042127 
480 3.650065 0.000000 0.003905 101.913913 0.000000 -0.000000 -0.038645 
481 3.627176 0.000000 0.025056 102.085583 0.000000 -0.000000 -0.042147 
482 3.924736 0.000000 -0.355669 100.561613 0.000000 8.379578 -0.018286 
483 3.924736 0.000000 -0.524880 100.110096 0.000000 6.528630 -0.006465 
484 4.107849 0.000000 -0.355669 100.877381 0.000000 9.151342 -0.025999 
485 3.833179 0.000000 -0.101852 102.472566 0.000000 0.000000 -0.050063 
486 3.833179 0.000000 -0.186458 101.336359 0.000000 11.607956 -0.040380 
487 3.924736 0.000000 -0.101852 102.470676 0.000000 0.000000 -0.050024 
488 3.695844 0.000000 -0.059549 102.224632 0.000000 -0.000000 -0.044988 
489 3.695844 0.000000 -0.101852 102.128017 0.000000 -0.000000 -0.043013 
490 3.741622 0.000000 -0.059549 102.269161 0.000000 -0.000000 -0.045898 
491 3.627176 0.000000 -0.038398 102.087421 0.000000 -0.000000 -0.042184 
492 3.604287 0.000000 -0.038398 102.057874 0.000000 -0.000000 -0.041581 
493 3.627176 0.000000 -0.059549 102.100606 0.000000 -0.000000 -0.042453 
494 3.650065 0.000000 -0.038398 102.078515 0.000000 -0.000000 -0.042002 
495 3.672954 0.000000 0.003905 102.128449 0.000000 -0.000000 -0.043022 
496 3.672954 0.000000 -0.017247 102.126057 0.000000 -0.000000 -0.042973 
497 3.695844 0.000000 0.003905 102.218507 0.000000 -0.000000 -0.044862 
498 3.672954 0.000000 0.025056 102.124346 0.000000 -0.000000 -0.042938 
499 3.638621 0.000000 -0.006671 102.006570 0.000000 -0.000000 -0.040534 
500 3.627176 0.000000 -0.006671 102.017139 0.000000 0.000000 -0.040750 
501 3.638621 0.000000 -0.017247 102.085794 0.000000 -0.000000 -0.042151 
502 3.650065 0.000000 -0.006671 102.088425 0.000000 -0.000000 -0.042205 
503 3.638621 0.000000 0.003905 101.988746 0.000000 -0.000000 -0.040170 
504 3.512730 0.000000 0.025056 102.243844 0.000000 -0.000000 -0.045380 
505 3.466952 0.000000 0.025056 102.407949 0.000000 0.000000 -0.048739 
506 3.512730 0.000000 -0.017247 102.241964 0.000000 0.000000 -0.045342 
507 3.512730 0.000000 0.067359 102.252648 0.000000 -0.000000 -0.045560 
508 3.581398 0.000000 0.003905 102.059515 0.000000 -0.000000 -0.041614 
509 3.558508 0.000000 0.003905 102.119160 0.000000 -0.000000 -0.042832 
510 3.581398 0.000000 -0.017247 102.079734 0.000000 -0.000000 -0.042027 
511 3.581398 0.000000 0.025056 102.086933 0.000000 -0.000000 -0.042174 
512 3.192281 0.000000 0.321176 97.091834 0.000000 -17.221476 0.027660 
513 3.009168 0.000000 0.321176 99.006891 0.000000 -18.987319 -0.016288 
514 3.192281 0.000000 0.490387 98.491528 0.000000 1.435916 0.029736 
515 3.283838 0.000000 0.067359 103.239738 0.000000 -0.000000 -0.065844 
516 3.192281 0.000000 0.067359 103.672599 0.000000 -0.000000 -0.074801 
517 3.283838 0.000000 -0.017247 103.180077 0.000000 -0.000000 -0.064613 
518 3.283838 0.000000 0.151964 102.973246 0.000000 -0.000000 -0.060349 
519 3.421173 0.000000 0.025056 102.580427 0.000000 0.000000 -0.052274 
520 3.375395 0.000000 0.025056 102.832888 0.000000 -0.000000 -0.057460 
521 3.421173 0.000000 -0.017247 102.571226 0.000000 0.000000 -0.052086 
522 3.421173 0.000000 0.067359 102.618409 0.000000 0.000000 -0.053054 
523 3.009168 0.000000 -0.863302 99.191723 0.000000 5.071501 0.013528 
524 3.009168 0.000000 -1.201725 99.141023 0.000000 5.259576 0.014339 
525 3.192281 0.000000 -0.355669 99.982290 0.000000 5.927661 -0.003160 
526 3.009168 0.000000 -0.355669 99.880736 0.000000 5.247798 -0.000370 
527 3.192281 0.000000 -0.524880 99.564828 0.000000 5.466485 0.005696 
528 3.283838 0.000000 -0.101852 103.133187 0.000000 -0.000000 -0.063645 
529 3.192281 0.000000 -0.101852 103.626118 0.000000 -0.000000 -0.073837 
530 3.283838 0.000000 -0.186458 103.053664 0.000000 -0.000000 -0.062006 
531 3.329616 0.000000 0.025056 102.962848 0.000000 -0.000000 -0.060135 
532 3.283838 0.000000 0.025056 103.266667 0.000000 -0.000000 -0.066400 
533 3.329616 0.000000 -0.017247 102.946387 0.000000 -0.000000 -0.059796 
534 3.329616 0.000000 0.067359 103.011857 0.000000 -0.000000 -0.061144 
535 3.100724 0.000000 0.067359 103.807192 0.000000 -0.000000 -0.077593 
536 3.009168 0.000000 0.067359 103.174549 0.000000 -0.000000 -0.064499 
537 3.100724 0.000000 -0.017247 103.865424 0.000000 -0.000000 -0.078803 
538 3.100724 0.000000 0.151964 104.250449 0.000000 -0.000000 -0.086816 
539 3.238060 0.000000 0.025056 103.502607 0.000000 -0.000000 -0.071279 
540 3.192281 0.000000 0.025056 103.787698 0.000000 -0.000000 -0.077189 
541 3.238060 0.000000 -0.017247 103.512475 0.000000 -0.000000 -0.071483 
542 3.238060 0.000000 0.067359 103.441180 0.000000 -0.000000 -0.070008 
543 3.329616 0.000000 -0.059549 103.014361 0.000000 -0.000000 -0.061196 
544 3.283838 0.000000 -0.059549 103.245170 0.000000 -0.000000 -0.065957 
545 3.329616 0.000000 -0.101852 103.049665 0.000000 -0.000000 -0.061923 
546 3.375395 0.000000 -0.059549 102.748513 0.000000 -0.000000 -0.055726 
547 3.306727 0.000000 0.003905 103.050283 0.000000 -0.000000 -0.061936 
548 3.283838 0.000000 0.003905 103.116935 0.000000 -0.000000 -0.063310 
549 3.306727 0.000000 -0.017247 103.112922 0.000000 -0.000000 -0.063227 
550 3.329616 0.000000 0.003905 102.933308 0.000000 -0.000000 -0.059527 
551 3.306727 0.000000 0.025056 103.046216 0.000000 -0.000000 -0.061852 
552 3.100724 0.000000 -0.101852 103.821436 0.000000 -0.000000 -0.077889 
553 3.009168 0.000000 -0.101852 103.375880 0.000000 -0.000000 -0.068657 
554 3.100724 0.000000 -0.186458 104.250449 0.000000 -0.000000 -0.086816 
555 3.238060 0.000000 -0.059549 103.451463 0.000000 -0.000000 -0.070221 
556 3.192281 0.000000 -0.059549 103.636885 0.000000 -0.000000 -0.074060 
557 3.238060 0.000000 -0.101852 103.374225 0.000000 -0.000000 -0.068623 
558 3.260949 0.000000 0.003905 103.200908 0.000000 0.000000 -0.065043 
559 3.238060 0.000000 0.003905 103.522264 0.000000 -0.000000 -0.071686 
560 3.260949 0.000000 -0.017247 103.432040 0.000000 -0.000000 -0.069819 
561 3.260949 0.000000 0.025056 103.427921 0.000000 -0.000000 -0.069733 
562 3.260949 0.000000 -0.038398 103.418750 0.000000 -0.000000 -0.069544 
563 3.238060 0.000000 -0.038398 103.482701 0.000000 -0.000000 -0.070867 
564 3.260949 0.000000 -0.059549 103.333110 0.000000 -0.000000 -0.067773 
565 3.283838 0.000000 -0.038398 103.259342 0.000000 -0.000000 -0.066249 
566 3.272393 0.000000 -0.006671 103.147384 0.000000 -0.000000 -0.063938 
567 3.260949 0.000000 -0.006671 103.220785 0.000000 0.000000 -0.065453 
568 3.272393 0.000000 -0.017247 103.298146 0.000000 -0.000000 -0.067051 
569 3.283838 0.000000 -0.006671 103.126474 0.000000 -0.000000 -0.063507 
570 3.272393 0.000000 0.003905 103.132016 0.000000 -0.000000 -0.063621 
571 2.459827 0.000000 0.321176 105.136337 0.000000 -0.131555 -0.105367 
572 2.642940 0.000000 0.321176 100.328504 0.000000 -14.071549 -0.026382 
573 2.459827 0.000000 0.490387 104.949311 0.000000 -0.086773 -0.101437 
574 2.551384 0.000000 0.067359 101.770733 0.000000 -0.016626 -0.035728 
575 2.459827 0.000000 0.067359 101.796299 0.000000 -0.027506 -0.036249 
576 2.551384 0.000000 -0.017247 101.507947 0.000000 -0.012158 -0.030386 
577 2.642940 0.000000 0.067359 101.039996 0.000000 0.000000 -0.020908 
578 2.551384 0.000000 0.151964 102.345553 0.000000 -0.032247 -0.047461 
579 -15.668420 0.000000 -16.092305 99.747882 0.000000 6.978016 0.000167 
580 -21.528055 0.000000 -16.092305 99.751422 0.000000 6.978349 0.000096 
581 -15.668420 0.000000 -21.507062 99.749168 0.000000 6.976046 0.000144 
582 19.489392 0.000000 -16.092305 99.750756 0.000000 6.926939 0.000180 
583 19.489392 0.000000 -21.507062 99.750700 0.000000 6.947551 0.000153 
584 25.349027 0.000000 -16.092305 99.754210 0.000000 6.928599 0.000109 
585 -6.878967 0.000000 -7.970170 99.722035 0.000000 6.986294 0.000671 
586 -9.808784 0.000000 -7.970170 99.736721 0.000000 6.986591 0.000377 
587 -6.878967 0.000000 -10.677549 99.727881 0.000000 6.977505 0.000566 
588 10.699939 0.000000 -7.970170 99.733930 0.000000 6.798286 0.000693 
589 10.699939 0.000000 -10.677549 99.735413 0.000000 6.871295 0.000563 
590 13.629756 0.000000 -7.970170 99.747840 0.000000 6.809906 0.000399 
591 -2.484240 0.000000 -3.909103 99.630036 0.000000 7.016690 0.002462 
592 -3.949149 0.000000 -3.909103 99.679361 0.000000 7.016912 0.001479 
593 -2.484240 0.000000 -5.262792 99.643409 0.000000 6.981394 0.002245 
594 6.305212 0.000000 -3.909103 99.707438 0.000000 6.477584 0.001647 
595 6.305212 0.000000 -5.262792 99.690914 0.000000 6.640315 0.001763 
596 7.770121 0.000000 -3.909103 99.741383 0.000000 6.517228 0.000918 
597 -0.286877 0.000000 -1.878569 99.369850 0.000000 7.315502 0.007212 
598 -1.019332 0.000000 -1.878569 99.539903 0.000000 7.234046 0.003948 
599 -0.286877 0.000000 -2.555414 99.355933 0.000000 7.105007 0.007792 
600 2.459827 0.000000 -0.355669 104.854977 0.000000 -0.073141 -0.099457 
601 2.459827 0.000000 -0.524880 98.961707 0.000000 4.429142 0.018696 
602 2.642940 0.000000 -0.355669 99.487948 0.000000 4.178303 0.008469 
603 5.572758 0.000000 -1.878569 99.863694 0.000000 6.012137 -0.000890 
604 5.572758 0.000000 -2.555414 99.746964 0.000000 6.168519 0.001249 
605 6.305212 0.000000 -1.878569 99.886204 0.000000 6.189030 -0.001556 
606 4.474076 0.000000 -0.863302 100.028261 0.000000 5.823643 -0.003957 
607 4.474076 0.000000 -1.201725 99.823848 0.000000 5.543947 0.000446 
608 4.840304 0.000000 -0.863302 100.223976 0.000000 6.184231 -0.008309 
609 2.826054 0.000000 -0.355669 99.702076 0.000000 4.645854 0.003791 
610 2.826054 0.000000 -0.524880 99.348444 0.000000 4.909995 0.010578 
611 2.826054 0.000000 0.321176 99.906660 0.000000 -16.102880 -0.024064 
612 2.826054 0.000000 0.490387 99.789690 0.000000 0.263153 0.004195 
613 1.635816 0.000000 0.236570 102.389157 0.000000 -0.802219 -0.048418 
614 1.544259 0.000000 0.236570 102.142155 0.000000 -0.847571 -0.043374 
615 1.635816 0.000000 0.321176 102.345153 0.000000 -0.808195 -0.047518 
616 1.773151 0.000000 0.109662 101.349686 0.000000 -0.448621 -0.027196 
617 1.727372 0.000000 0.109662 102.287238 0.000000 -0.449944 -0.046288 
618 1.773151 0.000000 0.151964 101.813021 0.000000 -0.549261 -0.036619 
619 2.002043 0.000000 0.236570 104.528374 0.000000 -0.451774 -0.092638 
620 2.093600 0.000000 0.236570 104.785573 0.000000 -0.396545 -0.098017 
621 2.002043 0.000000 0.321176 104.510490 0.000000 -0.457874 -0.092265 
622 1.956264 0.000000 0.109662 102.567682 0.000000 -0.300232 -0.052022 
623 2.002043 0.000000 0.109662 102.838436 0.000000 -0.230003 -0.057580 
624 1.956264 0.000000 0.151964 103.001664 0.000000 -0.381086 -0.060949 
625 1.681594 0.000000 0.025056 101.944654 0.000000 -0.350325 -0.039284 
626 1.681594 0.000000 -0.017247 99.789201 0.000000 -0.272824 0.004204 
627 1.681594 0.000000 0.067359 102.629676 0.000000 -0.401819 -0.053301 
628 1.681594 0.000000 0.109662 102.403543 0.000000 -0.501103 -0.048674 
629 1.635816 0.000000 0.109662 102.021995 0.000000 -0.548470 -0.040879 
630 1.681594 0.000000 0.151964 101.833019 0.000000 -0.648988 -0.037039 
631 1.590037 0.000000 0.109662 101.657926 0.000000 -0.553275 -0.033464 
632 1.544259 0.000000 0.109662 100.824080 0.000000 -0.570733 -0.016582 
633 1.590037 0.000000 0.151964 101.685930 0.000000 -0.697411 -0.034051 
634 1.452702 0.000000 0.236570 101.865297 0.000000 -0.894897 -0.037734 
635 1.452702 0.000000 0.321176 101.870136 0.000000 -0.892102 -0.037832 
636 1.498480 0.000000 0.025056 99.353828 0.000000 -0.518521 0.012855 
637 1.498480 0.000000 -0.017247 97.635893 0.000000 -0.416057 0.046706 
638 1.498480 0.000000 0.067359 100.965484 0.000000 -0.615613 -0.019441 
639 1.498480 0.000000 0.109662 100.489518 0.000000 -0.621341 -0.009853 
640 1.452702 0.000000 0.109662 99.513277 0.000000 -0.684822 0.009664 
641 1.498480 0.000000 0.151964 100.596136 0.000000 -0.733028 -0.012012 
642 1.406924 0.000000 0.109662 97.042280 0.000000 -0.682572 0.058233 
643 1.361145 0.000000 0.109662 96.410297 0.000000 -0.679860 0.070459 
644 1.406924 0.000000 0.151964 100.372195 0.000000 -0.778030 -0.007518 
645 1.315367 0.000000 0.109662 95.861622 0.000000 -0.748091 0.080999 
646 1.315367 0.000000 0.151964 97.269865 0.000000 -0.810774 0.053792 
647 1.200921 0.000000 0.088510 92.668684 0.000000 -0.579421 0.141218 
648 1.223810 0.000000 0.088510 94.369982 0.000000 -0.870447 0.109355 
649 1.200921 0.000000 0.109662 93.281642 0.000000 -0.607590 0.129817 
650 3.512730 0.000000 -0.059549 102.252262 0.000000 -0.000000 -0.045553 
651 3.466952 0.000000 -0.059549 102.385730 0.000000 -0.000000 -0.048284 
652 3.512730 0.000000 -0.101852 102.208267 0.000000 -0.000000 -0.044653 
653 3.421173 0.000000 -0.059549 102.618328 0.000000 0.000000 -0.053052 
654 3.421173 0.000000 -0.101852 102.661584 0.000000 -0.000000 -0.053940 
655 3.581398 0.000000 -0.038398 102.117298 0.000000 -0.000000 -0.042794 
656 3.558508 0.000000 -0.038398 102.170462 0.000000 -0.000000 -0.043880 
657 3.581398 0.000000 -0.059549 102.119698 0.000000 -0.000000 -0.042843 
658 3.672954 0.000000 -0.038398 102.134615 0.000000 -0.000000 -0.043148 
659 3.672954 0.000000 -0.059549 102.143918 0.000000 -0.000000 -0.043338 
660 3.695844 0.000000 -0.038398 102.174228 0.000000 -0.000000 -0.043957 
661 3.306727 0.000000 -0.038398 103.095853 0.000000 -0.000000 -0.062875 
662 3.306727 0.000000 -0.059549 103.086653 0.000000 -0.000000 -0.062686 
663 3.329616 0.000000 -0.038398 103.020533 0.000000 -0.000000 -0.061323 
1 19 21 9 22 
2 20 19 22 4 
3 28 29 3 30 
4 21 28 30 9 
5 35 37 21 38 
6 36 35 38 19 
7 44 45 28 46 
8 37 44 46 21 
9 51 53 37 54 
10 52 51 54 35 
11 60 61 44 62 
12 53 60 62 37 
13 67 69 53 70 
14 68 67 70 51 
15 11 78 76 77 
16 78 10 24 76 
17 76 24 14 79 
18 77 76 79 6 
19 24 82 80 81 
20 82 23 40 80 
21 80 40 27 83 
22 81 80 83 14 
23 40 86 84 85 
24 86 39 56 84 
25 84 56 43 87 
26 85 84 87 27 
27 56 90 88 89 
28 90 55 72 88 
29 88 72 59 91 
30 89 88 91 43 
31 92 93 60 94 
32 69 92 94 53 
33 95 97 69 98 
34 96 95 98 67 
35 72 101 99 100 
36 100 99 103 59 
37 6 79 112 113 
38 79 14 36 112 
39 112 36 19 114 
40 113 112 114 20 
41 14 83 115 116 
42 83 27 52 115 
43 115 52 35 117 
44 116 115 117 36 
45 27 87 118 119 
46 87 43 68 118 
47 118 68 51 120 
48 119 118 120 52 
49 43 91 121 122 
50 91 59 96 121 
51 121 96 67 123 
52 122 121 123 68 
53 59 103 124 125 
54 124 126 95 127 
55 125 124 127 96 
56 99 130 128 129 
57 129 128 132 103 
58 133 134 92 135 
59 97 133 135 69 
60 140 141 97 142 
61 126 140 142 95 
62 148 149 133 150 
63 141 148 150 97 
64 152 136 153 151 
65 151 153 139 154 
66 15 156 155 33 
67 156 17 157 155 
68 155 157 8 158 
69 33 155 158 18 
70 31 160 159 49 
71 160 33 161 159 
72 159 161 18 162 
73 49 159 162 34 
74 164 49 165 163 
75 163 165 34 166 
76 136 176 175 153 
77 176 138 177 175 
78 153 175 178 139 
79 18 158 179 45 
80 158 8 180 179 
81 179 180 29 181 
82 45 179 181 28 
83 34 162 182 61 
84 162 18 183 182 
85 182 183 45 184 
86 61 182 184 44 
87 166 34 186 185 
88 185 186 61 187 
89 93 185 187 60 
90 188 189 93 190 
91 134 188 190 92 
92 191 192 134 193 
93 149 191 193 133 
94 138 195 194 177 
95 195 171 196 194 
96 194 196 174 197 
97 177 194 197 107 
98 202 204 141 205 
99 203 202 205 140 
100 12 213 211 212 
101 213 7 214 211 
102 211 214 13 25 
103 212 211 25 10 
104 25 217 215 216 
105 217 13 218 215 
106 215 218 26 41 
107 216 215 41 23 
108 41 221 219 220 
109 221 26 222 219 
110 219 222 42 57 
111 220 219 57 39 
112 57 225 223 224 
113 225 42 226 223 
114 223 226 58 73 
115 224 223 73 55 
116 73 229 227 228 
117 229 58 230 227 
118 227 230 74 109 
119 228 227 109 71 
120 109 233 231 232 
121 233 74 234 231 
122 231 234 110 145 
123 232 231 145 108 
124 145 237 235 236 
125 237 110 238 235 
126 235 238 146 208 
127 236 235 208 143 
128 154 139 240 239 
129 239 240 148 241 
130 204 239 241 141 
131 243 151 244 242 
132 242 244 154 245 
133 208 248 246 247 
134 248 146 249 246 
135 7 252 251 214 
136 252 16 253 251 
137 251 253 15 32 
138 214 251 32 13 
139 13 255 254 218 
140 255 32 256 254 
141 254 256 31 48 
142 218 254 48 26 
143 26 258 257 222 
144 258 48 259 257 
145 257 259 47 64 
146 222 257 64 42 
147 42 261 260 226 
148 261 64 262 260 
149 260 262 63 105 
150 226 260 105 58 
151 58 264 263 230 
152 264 105 265 263 
153 263 265 104 137 
154 230 263 137 74 
155 74 267 266 234 
156 267 137 268 266 
157 266 268 136 152 
158 234 266 152 110 
159 110 270 269 238 
160 270 152 271 269 
161 269 271 151 243 
162 238 269 243 146 
163 146 273 272 249 
164 273 243 274 272 
165 272 274 242 275 
166 249 272 275 209 
167 147 210 276 277 
168 210 5 278 276 
169 276 278 204 279 
170 277 276 279 202 
171 206 250 280 281 
172 250 209 282 280 
173 280 282 5 283 
174 281 280 283 210 
175 246 286 284 285 
176 286 249 287 284 
177 284 287 209 288 
178 285 284 288 250 
179 143 298 296 297 
180 298 208 247 296 
181 296 247 206 299 
182 297 296 299 207 
183 247 302 300 301 
184 302 246 285 300 
185 300 285 250 303 
186 301 300 303 206 
187 304 203 140 306 
188 305 304 306 126 
189 108 313 311 312 
190 313 145 236 311 
191 311 236 143 294 
192 312 311 294 144 
193 144 316 314 315 
194 316 294 317 314 
195 314 317 292 318 
196 315 314 318 293 
197 71 325 323 324 
198 325 109 232 323 
199 323 232 108 290 
200 324 323 290 102 
201 290 328 326 327 
202 328 108 312 326 
203 326 312 144 309 
204 327 326 309 289 
205 289 331 329 330 
206 331 309 332 329 
207 329 332 307 333 
208 330 329 333 308 
209 102 336 334 335 
210 336 290 327 334 
211 334 327 289 321 
212 335 334 321 131 
213 321 339 337 338 
214 339 289 330 337 
215 337 330 308 340 
216 338 337 340 319 
217 103 132 341 342 
218 341 305 126 343 
219 342 341 343 124 
220 128 346 344 345 
221 345 344 347 132 
222 131 350 348 349 
223 350 321 338 348 
224 348 338 319 351 
225 55 354 352 353 
226 354 73 228 352 
227 352 228 71 101 
228 353 352 101 72 
229 101 357 355 356 
230 357 71 324 355 
231 355 324 102 130 
232 356 355 130 99 
233 130 360 358 359 
234 360 102 335 358 
235 358 335 131 346 
236 359 358 346 128 
237 346 363 361 362 
238 363 131 349 361 
239 362 361 364 344 
240 132 347 365 366 
241 347 75 367 365 
242 365 367 305 368 
243 366 365 368 341 
244 344 364 369 370 
245 369 371 75 372 
246 370 369 372 347 
247 361 375 373 374 
248 375 349 376 373 
249 374 373 377 364 
250 75 322 378 367 
251 322 291 379 378 
252 378 379 304 380 
253 367 378 380 305 
254 351 319 382 381 
255 381 382 322 383 
256 371 381 383 75 
257 349 385 384 376 
258 385 348 386 384 
259 384 386 351 387 
260 376 384 387 320 
261 364 377 388 389 
262 377 320 390 388 
263 388 390 371 391 
264 389 388 391 369 
265 373 394 392 393 
266 394 376 395 392 
267 392 395 320 396 
268 393 392 396 377 
269 397 398 188 399 
270 192 397 399 134 
271 65 406 405 169 
272 406 163 407 405 
273 405 407 166 408 
274 169 405 408 50 
275 167 410 409 200 
276 410 169 411 409 
277 409 411 50 412 
278 200 409 412 170 
279 414 200 415 413 
280 413 415 170 416 
281 66 404 417 418 
282 404 201 419 417 
283 417 419 397 420 
284 418 417 420 192 
285 421 424 201 425 
286 422 421 425 404 
287 429 422 404 432 
288 430 429 432 66 
289 64 434 433 262 
290 434 47 435 433 
291 433 435 65 168 
292 262 433 168 63 
293 63 438 436 437 
294 438 168 439 436 
295 436 439 167 199 
296 437 436 199 106 
297 106 442 440 441 
298 442 199 443 440 
299 440 443 198 402 
300 441 440 402 173 
301 402 446 444 445 
302 446 198 447 444 
303 448 451 421 452 
304 449 448 452 422 
305 173 455 453 454 
306 455 402 445 453 
307 445 458 456 457 
308 458 444 459 456 
309 50 408 460 189 
310 408 166 461 460 
311 460 461 185 462 
312 189 460 462 93 
313 170 412 463 398 
314 412 50 464 463 
315 463 464 189 465 
316 398 463 465 188 
317 201 416 466 419 
318 416 170 467 466 
319 466 467 398 468 
320 419 466 468 397 
321 403 470 469 424 
322 470 413 471 469 
323 469 471 416 472 
324 424 469 472 201 
325 474 403 475 473 
326 473 475 424 476 
327 451 473 476 421 
328 450 479 477 478 
329 477 480 451 481 
330 478 477 481 448 
331 199 483 482 443 
332 483 167 484 482 
333 482 484 200 414 
334 443 482 414 198 
335 198 486 485 447 
336 486 414 487 485 
337 485 487 413 470 
338 447 485 470 403 
339 444 489 488 459 
340 489 447 490 488 
341 488 490 403 474 
342 456 493 491 492 
343 493 459 494 491 
344 491 494 423 479 
345 492 491 479 450 
346 423 496 495 480 
347 496 474 497 495 
348 495 497 473 498 
349 480 495 498 451 
350 479 501 499 500 
351 501 423 502 499 
352 499 502 480 503 
353 500 499 503 477 
354 431 506 504 505 
355 506 400 449 504 
356 504 449 422 507 
357 505 504 507 429 
358 400 510 508 509 
359 510 450 478 508 
360 508 478 448 511 
361 509 508 511 449 
362 174 428 512 513 
363 428 66 418 512 
364 512 418 192 514 
365 513 512 514 191 
366 515 430 66 518 
367 516 515 518 428 
368 401 521 519 520 
369 521 431 505 519 
370 519 505 429 522 
371 520 519 522 430 
372 105 524 523 265 
373 524 63 437 523 
374 523 437 106 172 
375 265 523 172 104 
376 172 527 525 526 
377 527 106 441 525 
378 525 441 173 427 
379 526 525 427 171 
380 427 530 528 529 
381 530 173 454 528 
382 533 401 520 531 
383 531 520 430 534 
384 532 531 534 515 
385 196 537 535 536 
386 537 426 516 535 
387 535 516 428 538 
388 536 535 538 174 
389 426 541 539 540 
390 539 532 515 542 
391 540 539 542 516 
392 528 545 543 544 
393 545 454 546 543 
394 543 546 401 533 
395 517 549 547 548 
396 549 533 550 547 
397 547 550 531 551 
398 548 547 551 532 
399 171 554 552 553 
400 554 427 529 552 
401 552 529 426 537 
402 553 552 537 196 
403 529 557 555 556 
404 557 528 544 555 
405 556 555 541 426 
406 541 560 558 559 
407 558 548 532 561 
408 559 558 561 539 
409 555 564 562 563 
410 564 544 565 562 
411 562 565 517 560 
412 563 562 560 541 
413 560 568 566 567 
414 568 517 569 566 
415 566 569 548 570 
416 567 566 570 558 
417 139 178 571 240 
418 178 107 572 571 
419 571 572 149 573 
420 240 571 573 148 
421 175 576 574 575 
422 576 177 577 574 
423 574 577 107 578 
424 575 574 578 178 
425 1 581 579 580 
426 581 12 212 579 
427 579 212 10 78 
428 580 579 78 11 
429 16 583 582 253 
430 583 2 584 582 
431 582 584 17 156 
432 253 582 156 15 
433 10 587 585 586 
434 587 25 216 585 
435 585 216 23 82 
436 586 585 82 24 
437 32 589 588 256 
438 589 15 590 588 
439 588 590 33 160 
440 256 588 160 31 
441 23 593 591 592 
442 593 41 220 591 
443 591 220 39 86 
444 592 591 86 40 
445 48 595 594 259 
446 595 31 596 594 
447 594 596 49 164 
448 259 594 164 47 
449 39 599 597 598 
450 599 57 224 597 
451 597 224 55 90 
452 598 597 90 56 
453 137 601 600 268 
454 601 104 602 600 
455 600 602 138 176 
456 268 600 176 136 
457 47 604 603 435 
458 604 164 605 603 
459 603 605 163 406 
460 435 603 406 65 
461 168 607 606 439 
462 607 65 608 606 
463 606 608 169 410 
464 439 606 410 167 
465 104 610 609 602 
466 610 172 526 609 
467 609 526 171 195 
468 602 609 195 138 
469 107 197 611 572 
470 197 174 513 611 
471 611 513 191 612 
472 572 611 612 149 
473 111 295 613 614 
474 295 147 277 613 
475 613 277 202 615 
476 614 613 615 203 
477 207 299 616 617 
478 299 206 281 616 
479 616 281 210 618 
480 617 616 618 147 
481 5 245 619 278 
482 245 154 620 619 
483 619 620 239 621 
484 278 619 621 204 
485 209 275 622 282 
486 275 242 623 622 
487 622 623 245 624 
488 282 622 624 5 
489 294 626 625 317 
490 626 143 297 625 
491 625 297 207 627 
492 317 625 627 292 
493 292 627 628 629 
494 627 207 617 628 
495 628 617 147 630 
496 629 628 630 295 
497 293 318 631 632 
498 318 292 629 631 
499 631 629 295 633 
500 632 631 633 111 
501 291 310 634 379 
502 310 111 614 634 
503 634 614 203 635 
504 379 634 635 304 
505 309 637 636 332 
506 637 144 315 636 
507 636 315 293 638 
508 332 636 638 307 
509 307 638 639 640 
510 638 293 632 639 
511 639 632 111 641 
512 640 639 641 310 
513 308 333 642 643 
514 333 307 640 642 
515 642 640 310 644 
516 643 642 644 291 
517 319 340 645 382 
518 340 308 643 645 
519 645 643 291 646 
520 382 645 646 322 
521 320 387 647 390 
522 387 351 648 647 
523 647 648 381 649 
524 390 647 649 371 
525 453 652 650 651 
526 652 445 457 650 
527 650 457 400 506 
528 651 650 506 431 
529 454 654 653 546 
530 654 453 651 653 
531 653 651 431 521 
532 546 653 521 401 
533 457 657 655 656 
534 657 456 492 655 
535 655 492 450 510 
536 656 655 510 400 
537 459 659 658 494 
538 659 488 660 658 
539 658 660 474 496 
540 494 658 496 423 
541 544 662 661 565 
542 662 543 663 661 
543 661 663 533 549 
544 565 661 549 517 
