2 0.000000 100.000000 473.401889
658 544 
1 -23.298078 0.000000 -23.277085 99.943035 0.000000 -3.490751 -0.000080 
2 27.019050 0.000000 -23.277085 99.943422 0.000000 -3.464229 -0.000069 
3 27.019050 0.000000 23.522868 99.936091 0.000000 -3.467246 0.000076 
4 -23.298078 0.000000 23.522868 99.935312 0.000000 -3.490808 0.000075 
5 1.860486 0.000000 0.122891 102.448139 0.000000 0.542313 -0.049592 
6 -23.298078 0.000000 0.122891 99.939206 0.000000 -3.495202 -0.000006 
7 1.860486 0.000000 -23.277085 99.951281 0.000000 -3.477505 -0.000235 
8 27.019050 0.000000 0.122891 99.971680 0.000000 -2.547947 -0.000083 
9 1.860486 0.000000 23.522868 99.927594 0.000000 -3.478112 0.000238 
10 -10.718796 0.000000 -11.577097 99.955182 0.000000 -3.493005 -0.000324 
11 -23.298078 0.000000 -11.577097 99.942901 0.000000 -3.493193 -0.000079 
12 -10.718796 0.000000 -23.277085 99.947592 0.000000 -3.487795 -0.000169 
13 1.860486 0.000000 -11.577097 99.982580 0.000000 -3.445220 -0.000839 
14 -10.718796 0.000000 0.122891 99.939290 0.000000 -3.512805 -0.000020 
15 14.439768 0.000000 -11.577097 99.955087 0.000000 -3.397656 -0.000256 
16 14.439768 0.000000 -23.277085 99.947533 0.000000 -3.467492 -0.000153 
17 27.019050 0.000000 -11.577097 99.945558 0.000000 -3.390589 -0.000061 
18 14.439768 0.000000 0.122891 99.860937 0.000000 -5.662376 -0.000427 
19 -10.718796 0.000000 11.822879 99.923625 0.000000 -3.493163 0.000307 
20 -23.298078 0.000000 11.822879 99.935494 0.000000 -3.493228 0.000069 
21 1.860486 0.000000 11.822879 99.897001 0.000000 -3.447373 0.000870 
22 -10.718796 0.000000 23.522868 99.930935 0.000000 -3.487970 0.000164 
23 -4.429155 0.000000 -5.727103 100.003780 0.000000 -3.503957 -0.001303 
24 -10.718796 0.000000 -5.727103 99.954966 0.000000 -3.503183 -0.000327 
25 -4.429155 0.000000 -11.577097 99.972820 0.000000 -3.480760 -0.000668 
26 1.860486 0.000000 -5.727103 100.090762 0.000000 -3.335934 -0.002929 
27 -4.429155 0.000000 0.122891 99.937082 0.000000 -3.590027 -0.000031 
28 14.439768 0.000000 11.822879 99.927297 0.000000 -3.405502 0.000294 
29 27.019050 0.000000 11.822879 99.938166 0.000000 -3.410636 0.000073 
30 14.439768 0.000000 23.522868 99.931725 0.000000 -3.469085 0.000162 
31 8.150127 0.000000 -5.727103 99.997518 0.000000 -3.201046 -0.000975 
32 8.150127 0.000000 -11.577097 99.968300 0.000000 -3.412774 -0.000531 
33 14.439768 0.000000 -5.727103 99.959275 0.000000 -3.192242 -0.000205 
34 8.150127 0.000000 0.122891 100.078510 0.000000 0.840989 -0.001642 
35 -4.429155 0.000000 5.972885 99.876205 0.000000 -3.503995 0.001247 
36 -10.718796 0.000000 5.972885 99.923932 0.000000 -3.503209 0.000294 
37 1.860486 0.000000 5.972885 99.794346 0.000000 -3.345910 0.002989 
38 -4.429155 0.000000 11.822879 99.906689 0.000000 -3.481372 0.000653 
39 -1.284334 0.000000 -2.802106 100.209221 0.000000 -3.495400 -0.005411 
40 -4.429155 0.000000 -2.802106 100.006945 0.000000 -3.546170 -0.001396 
41 -1.284334 0.000000 -5.727103 100.065071 0.000000 -3.454051 -0.002495 
42 1.860486 0.000000 -2.802106 100.312432 0.000000 -3.048043 -0.007187 
43 -1.284334 0.000000 0.122891 99.795579 0.000000 -4.134298 0.002375 
44 8.150127 0.000000 5.972885 99.893015 0.000000 -3.226601 0.001097 
45 14.439768 0.000000 5.972885 99.935559 0.000000 -3.243149 0.000237 
46 8.150127 0.000000 11.822879 99.912612 0.000000 -3.417343 0.000579 
47 5.005306 0.000000 -2.802106 100.133758 0.000000 -2.699820 -0.003406 
48 5.005306 0.000000 -5.727103 100.045787 0.000000 -3.237101 -0.001964 
49 8.150127 0.000000 -2.802106 100.015542 0.000000 -2.635081 -0.001005 
50 5.005306 0.000000 0.122891 99.463204 0.000000 6.464861 0.006528 
51 -1.284334 0.000000 3.047888 99.691190 0.000000 -3.493641 0.004946 
52 -4.429155 0.000000 3.047888 99.872190 0.000000 -3.544207 0.001298 
53 1.860486 0.000000 3.047888 99.605827 0.000000 -3.149100 0.006876 
54 -1.284334 0.000000 5.972885 99.817878 0.000000 -3.456668 0.002444 
55 0.288076 0.000000 -1.339607 100.825001 0.000000 -2.658236 -0.017275 
56 -1.284334 0.000000 -1.339607 100.362902 0.000000 -3.667671 -0.008616 
57 0.288076 0.000000 -2.802106 100.324162 0.000000 -3.277636 -0.007568 
58 1.860486 0.000000 -1.339607 100.597884 0.000000 -2.285203 -0.012516 
59 0.288076 0.000000 0.122891 103.086197 0.000000 0.000000 -0.062676 
60 5.005306 0.000000 3.047888 99.763646 0.000000 -2.919478 0.003869 
61 8.150127 0.000000 3.047888 99.897223 0.000000 -2.875792 0.001227 
62 5.005306 0.000000 5.972885 99.841148 0.000000 -3.254717 0.002115 
63 3.432896 0.000000 -1.339607 100.742397 0.000000 -1.188828 -0.015044 
64 3.432896 0.000000 -2.802106 100.248821 0.000000 -2.838890 -0.005789 
65 5.005306 0.000000 -1.339607 100.361034 0.000000 -0.167978 -0.007237 
66 3.432896 0.000000 0.122891 101.705908 0.000000 -0.000000 -0.034409 
67 0.288076 0.000000 1.585390 99.272779 0.000000 -2.949670 0.013621 
68 -1.284334 0.000000 1.585390 99.550101 0.000000 -3.604955 0.007678 
69 1.860486 0.000000 1.585390 99.533130 0.000000 -2.967039 0.008435 
70 0.288076 0.000000 3.047888 99.593522 0.000000 -3.324108 0.007008 
71 1.074281 0.000000 -0.608358 102.826192 0.000000 0.826570 -0.057391 
72 0.288076 0.000000 -0.608358 101.824274 0.000000 -0.340900 -0.036830 
73 1.074281 0.000000 -1.339607 100.559231 0.000000 -2.407252 -0.011795 
74 1.860486 0.000000 -0.608358 102.021443 0.000000 0.980198 -0.040934 
75 1.074281 0.000000 0.122891 101.703501 0.000000 0.586202 -0.034395 
76 3.432896 0.000000 1.585390 99.486168 0.000000 -2.792026 0.009471 
77 5.005306 0.000000 1.585390 99.631771 0.000000 -2.438914 0.006756 
78 3.432896 0.000000 3.047888 99.674218 0.000000 -3.013047 0.005597 
79 2.646691 0.000000 -0.608358 101.802365 0.000000 0.975790 -0.036467 
80 2.646691 0.000000 -1.339607 100.734270 0.000000 -1.852108 -0.015082 
81 3.432896 0.000000 -0.608358 101.895051 0.000000 2.836729 -0.039065 
82 2.646691 0.000000 0.122891 101.633568 0.000000 0.000000 -0.032938 
83 1.074281 0.000000 0.854141 102.875761 0.000000 0.765581 -0.058401 
84 0.288076 0.000000 0.854141 98.724282 0.000000 -1.601068 0.025095 
85 1.860486 0.000000 0.854141 101.841035 0.000000 0.973925 -0.037254 
86 1.074281 0.000000 1.585390 99.479317 0.000000 -2.852274 0.009573 
87 1.467383 0.000000 -0.242733 102.422032 0.000000 0.903053 -0.049109 
88 1.074281 0.000000 -0.242733 102.495931 0.000000 0.884895 -0.050620 
89 1.467383 0.000000 -0.608358 102.419674 0.000000 0.901611 -0.049060 
90 1.860486 0.000000 -0.242733 102.339404 0.000000 0.916292 -0.047419 
91 1.467383 0.000000 0.122891 102.248676 0.000000 0.632547 -0.045519 
92 -17.008437 0.000000 -5.727103 99.944522 0.000000 -3.497527 -0.000114 
93 -23.298078 0.000000 -5.727103 99.941512 0.000000 -3.494583 -0.000052 
94 -17.008437 0.000000 -11.577097 99.946554 0.000000 -3.494004 -0.000152 
95 -17.008437 0.000000 0.122891 99.939276 0.000000 -3.499423 -0.000010 
96 -7.573975 0.000000 -2.802106 99.962318 0.000000 -3.526043 -0.000490 
97 -10.718796 0.000000 -2.802106 99.949231 0.000000 -3.509210 -0.000216 
98 -7.573975 0.000000 -5.727103 99.969069 0.000000 -3.506625 -0.000611 
99 -7.573975 0.000000 0.122891 99.939118 0.000000 -3.534520 -0.000032 
100 -2.856745 0.000000 -1.339607 100.051600 0.000000 -3.638127 -0.002356 
101 -4.429155 0.000000 -1.339607 99.983263 0.000000 -3.576513 -0.000944 
102 -2.856745 0.000000 -2.802106 100.075551 0.000000 -3.555633 -0.002776 
103 -2.856745 0.000000 0.122891 99.927716 0.000000 -3.690466 0.000083 
104 -0.498129 0.000000 -0.608358 101.727561 0.000000 -3.984445 -0.036437 
105 -1.284334 0.000000 -0.608358 100.306137 0.000000 -3.967901 -0.007707 
106 -0.498129 0.000000 -1.339607 100.770792 0.000000 -3.376422 -0.016615 
107 -0.498129 0.000000 0.122891 98.664272 0.000000 -6.225476 0.022660 
108 0.681178 0.000000 -0.242733 102.852562 0.000000 0.803292 -0.057929 
109 0.288076 0.000000 -0.242733 102.356598 0.000000 -0.191038 -0.047691 
110 0.681178 0.000000 -0.608358 100.574951 0.000000 -0.337855 -0.011543 
111 0.681178 0.000000 0.122891 102.733842 0.000000 0.395911 -0.055440 
112 2.646691 0.000000 0.854141 99.425306 0.000000 -3.880892 0.009955 
113 3.432896 0.000000 0.854141 99.187096 0.000000 -3.521464 0.014952 
114 2.646691 0.000000 1.585390 99.491582 0.000000 -2.948189 0.009273 
115 1.467383 0.000000 0.488516 102.420873 0.000000 0.902663 -0.049085 
116 1.074281 0.000000 0.488516 102.562102 0.000000 0.879183 -0.051976 
117 1.860486 0.000000 0.488516 102.304921 0.000000 0.936600 -0.046717 
118 1.467383 0.000000 0.854141 102.535709 0.000000 0.960652 -0.051449 
119 1.270832 0.000000 -0.059921 100.406139 0.000000 0.419506 -0.008157 
120 1.074281 0.000000 -0.059921 101.063842 0.000000 0.353284 -0.021403 
121 1.270832 0.000000 -0.242733 102.468405 0.000000 0.892688 -0.050057 
122 1.467383 0.000000 -0.059921 102.188885 0.000000 0.435567 -0.044276 
123 1.270832 0.000000 0.122891 101.158997 0.000000 0.615591 -0.023352 
124 2.253589 0.000000 -0.242733 101.943373 0.000000 0.978724 -0.039341 
125 2.253589 0.000000 -0.608358 101.494285 0.000000 0.154270 -0.030111 
126 2.646691 0.000000 -0.242733 102.291132 0.000000 -1.503411 -0.046574 
127 2.253589 0.000000 0.122891 101.809632 0.000000 0.373810 -0.036534 
128 1.663935 0.000000 -0.059921 102.690650 0.000000 0.433623 -0.054556 
129 1.663935 0.000000 -0.242733 102.372603 0.000000 0.911699 -0.048098 
130 1.860486 0.000000 -0.059921 102.550416 0.000000 0.411162 -0.051676 
131 1.663935 0.000000 0.122891 102.627470 0.000000 0.566652 -0.053272 
132 2.253589 0.000000 0.488516 101.886323 0.000000 0.976596 -0.038178 
133 2.646691 0.000000 0.488516 99.434203 0.000000 -8.083893 0.004749 
134 2.253589 0.000000 0.854141 99.626641 0.000000 -3.801893 0.006008 
135 2.057037 0.000000 -0.059921 101.967083 0.000000 0.337883 -0.039740 
136 2.057037 0.000000 -0.242733 102.117917 0.000000 0.974155 -0.042902 
137 2.253589 0.000000 -0.059921 101.808207 0.000000 0.258100 -0.036498 
138 2.057037 0.000000 0.122891 101.974987 0.000000 0.468535 -0.039912 
139 20.729409 0.000000 -5.727103 99.953843 0.000000 -3.173422 -0.000084 
140 20.729409 0.000000 -11.577097 99.948429 0.000000 -3.392940 -0.000120 
141 27.019050 0.000000 -5.727103 99.952326 0.000000 -3.156474 -0.000043 
142 20.729409 0.000000 0.122891 99.886759 0.000000 -4.960703 -0.000197 
143 11.294947 0.000000 -2.802106 99.984758 0.000000 -2.595573 -0.000369 
144 11.294947 0.000000 -5.727103 99.972682 0.000000 -3.192517 -0.000473 
145 14.439768 0.000000 -2.802106 99.976780 0.000000 -2.549794 -0.000186 
146 11.294947 0.000000 0.122891 99.920889 0.000000 -3.836976 0.000109 
147 6.577717 0.000000 -1.339607 100.111135 0.000000 0.196000 -0.002228 
148 6.577717 0.000000 -2.802106 100.051642 0.000000 -2.655859 -0.001738 
149 8.150127 0.000000 -1.339607 100.096634 0.000000 0.435464 -0.001953 
150 6.577717 0.000000 0.122891 100.099645 0.000000 3.799942 -0.003438 
151 4.219101 0.000000 -0.608358 101.091385 0.000000 3.504080 -0.023175 
152 4.219101 0.000000 -1.339607 100.557625 0.000000 -0.584697 -0.011218 
153 5.005306 0.000000 -0.608358 100.671489 0.000000 3.462139 -0.014674 
154 4.219101 0.000000 0.122891 98.044021 0.000000 3.009203 0.037831 
155 3.039794 0.000000 -0.242733 102.685221 0.000000 -1.469704 -0.054641 
156 3.039794 0.000000 -0.608358 102.019070 0.000000 1.903931 -0.041152 
157 3.432896 0.000000 -0.242733 102.573538 0.000000 0.286857 -0.052141 
158 3.039794 0.000000 0.122891 102.274795 0.000000 -0.000000 -0.046013 
159 2.450140 0.000000 -0.059921 101.686412 0.000000 0.146150 -0.034015 
160 2.450140 0.000000 -0.242733 101.777832 0.000000 0.967801 -0.035966 
161 2.646691 0.000000 -0.059921 101.632429 0.000000 0.000000 -0.032915 
162 2.450140 0.000000 0.122891 101.685264 0.000000 0.256526 -0.033996 
163 20.729409 0.000000 5.972885 99.941964 0.000000 -3.253851 0.000102 
164 27.019050 0.000000 5.972885 99.944378 0.000000 -3.267547 0.000044 
165 20.729409 0.000000 11.822879 99.934930 0.000000 -3.407389 0.000140 
166 11.294947 0.000000 3.047888 99.937117 0.000000 -2.907084 0.000412 
167 14.439768 0.000000 3.047888 99.949914 0.000000 -2.947565 0.000133 
168 11.294947 0.000000 5.972885 99.921032 0.000000 -3.231353 0.000535 
169 6.577717 0.000000 1.585390 99.827323 0.000000 -2.272048 0.002934 
170 8.150127 0.000000 1.585390 99.921659 0.000000 -2.298372 0.001038 
171 6.577717 0.000000 3.047888 99.845517 0.000000 -2.875447 0.002260 
172 4.219101 0.000000 0.854141 99.335793 0.000000 -3.122735 0.012265 
173 5.005306 0.000000 0.854141 99.426849 0.000000 -2.792410 0.010650 
174 4.219101 0.000000 1.585390 99.552912 0.000000 -2.600539 0.008245 
175 3.039794 0.000000 0.488516 98.913556 0.000000 -7.709722 0.015667 
176 3.432896 0.000000 0.488516 98.709908 0.000000 -6.441934 0.021486 
177 3.039794 0.000000 0.854141 99.245736 0.000000 -3.768196 0.013608 
178 2.843242 0.000000 -0.059921 101.946747 0.000000 0.000000 -0.039314 
179 2.843242 0.000000 -0.242733 102.491651 0.000000 -1.499696 -0.050679 
180 3.039794 0.000000 -0.059921 102.088832 0.000000 -0.000000 -0.042213 
181 2.843242 0.000000 0.122891 101.975103 0.000000 0.000000 -0.039892 
182 3.825999 0.000000 -0.242733 101.316585 0.000000 0.462628 -0.026526 
183 3.825999 0.000000 -0.608358 101.475627 0.000000 3.366888 -0.030864 
184 4.219101 0.000000 -0.242733 100.737232 0.000000 -0.404222 -0.014815 
185 3.825999 0.000000 0.122891 101.426154 0.000000 0.000000 -0.028726 
186 3.825999 0.000000 0.488516 98.973018 0.000000 -5.100984 0.017832 
187 4.219101 0.000000 0.488516 99.124486 0.000000 -4.393776 0.015503 
188 3.825999 0.000000 0.854141 99.258297 0.000000 -3.297689 0.013692 
189 3.629448 0.000000 -0.059921 101.550001 0.000000 0.000000 -0.031240 
190 3.432896 0.000000 -0.059921 101.761817 0.000000 -0.000000 -0.035547 
191 3.629448 0.000000 -0.242733 101.855245 0.000000 0.577570 -0.037482 
192 3.825999 0.000000 -0.059921 101.506561 0.000000 0.000000 -0.030358 
193 3.629448 0.000000 0.122891 101.548249 0.000000 0.000000 -0.031205 
194 1.663935 0.000000 0.305704 102.366421 0.000000 0.913144 -0.047972 
195 1.467383 0.000000 0.305704 102.422416 0.000000 0.903548 -0.049117 
196 1.860486 0.000000 0.305704 102.330452 0.000000 0.917860 -0.047236 
197 1.663935 0.000000 0.488516 102.378741 0.000000 0.910186 -0.048224 
198 1.762210 0.000000 0.031485 102.276875 0.000000 0.678616 -0.046102 
199 1.663935 0.000000 0.031485 102.389737 0.000000 0.681535 -0.048412 
200 1.762210 0.000000 -0.059921 102.746131 0.000000 0.422240 -0.055695 
201 1.860486 0.000000 0.031485 102.579487 0.000000 0.383940 -0.052270 
202 1.762210 0.000000 0.122891 102.603839 0.000000 0.624779 -0.052794 
203 2.057037 0.000000 0.305704 102.113283 0.000000 0.974186 -0.042807 
204 2.253589 0.000000 0.305704 101.942113 0.000000 0.978651 -0.039315 
205 2.057037 0.000000 0.488516 102.067926 0.000000 0.978321 -0.041882 
206 1.958762 0.000000 0.031485 102.238063 0.000000 0.311336 -0.045272 
207 1.958762 0.000000 -0.059921 102.308361 0.000000 0.376067 -0.046714 
208 2.057037 0.000000 0.031485 101.957567 0.000000 0.313254 -0.039544 
209 1.958762 0.000000 0.122891 102.252190 0.000000 0.591158 -0.045586 
210 1.762210 0.000000 0.214298 102.338055 0.000000 0.917447 -0.047392 
211 1.663935 0.000000 0.214298 102.361226 0.000000 0.914360 -0.047866 
212 1.860486 0.000000 0.214298 102.322937 0.000000 0.919147 -0.047083 
213 1.762210 0.000000 0.305704 102.345007 0.000000 0.916115 -0.047534 
214 1.811348 0.000000 0.077188 102.684659 0.000000 0.437664 -0.054433 
215 1.762210 0.000000 0.077188 102.713774 0.000000 0.453753 -0.055033 
216 1.811348 0.000000 0.031485 102.758771 0.000000 0.306546 -0.055946 
217 1.860486 0.000000 0.077188 102.527018 0.000000 0.439509 -0.051198 
218 1.811348 0.000000 0.122891 102.528938 0.000000 0.718004 -0.051270 
219 1.565659 0.000000 0.031485 102.408995 0.000000 0.669856 -0.048805 
220 1.467383 0.000000 0.031485 102.199617 0.000000 0.609051 -0.044513 
221 1.565659 0.000000 -0.059921 102.408954 0.000000 0.438108 -0.048779 
222 1.565659 0.000000 0.122891 102.355566 0.000000 0.569965 -0.047699 
223 1.713073 0.000000 0.077188 102.421682 0.000000 0.676617 -0.049066 
224 1.663935 0.000000 0.077188 102.374681 0.000000 0.707806 -0.048108 
225 1.713073 0.000000 0.031485 102.284895 0.000000 0.739997 -0.046275 
226 1.713073 0.000000 0.122891 102.633744 0.000000 0.559774 -0.053400 
227 -4.429155 0.000000 -17.427091 99.957332 0.000000 -3.481498 -0.000359 
228 -10.718796 0.000000 -17.427091 99.951043 0.000000 -3.488908 -0.000238 
229 -4.429155 0.000000 -23.277085 99.950193 0.000000 -3.483575 -0.000218 
230 1.860486 0.000000 -17.427091 99.960400 0.000000 -3.468052 -0.000411 
231 -1.284334 0.000000 -8.652100 100.007252 0.000000 -3.460101 -0.001342 
232 -4.429155 0.000000 -8.652100 99.984849 0.000000 -3.486058 -0.000912 
233 -1.284334 0.000000 -11.577097 99.979712 0.000000 -3.467556 -0.000797 
234 1.860486 0.000000 -8.652100 100.012967 0.000000 -3.412897 -0.001424 
235 0.288076 0.000000 -4.264604 100.167078 0.000000 -3.367695 -0.004478 
236 -1.284334 0.000000 -4.264604 100.118823 0.000000 -3.463286 -0.003577 
237 0.288076 0.000000 -5.727103 100.088019 0.000000 -3.399992 -0.002917 
238 1.860486 0.000000 -4.264604 100.169973 0.000000 -3.251244 -0.004459 
239 1.074281 0.000000 -2.070856 100.440239 0.000000 -2.958339 -0.009699 
240 0.288076 0.000000 -2.070856 100.480455 0.000000 -3.138386 -0.010617 
241 1.074281 0.000000 -2.802106 100.327060 0.000000 -3.155945 -0.007548 
242 1.860486 0.000000 -2.070856 100.427237 0.000000 -2.821387 -0.009359 
243 1.467383 0.000000 -0.973983 100.597879 0.000000 -1.798823 -0.012317 
244 1.074281 0.000000 -0.973983 100.539888 0.000000 -1.768311 -0.011140 
245 1.467383 0.000000 -1.339607 100.548613 0.000000 -2.371325 -0.011565 
246 1.860486 0.000000 -0.973983 100.760249 0.000000 -1.638993 -0.015531 
247 1.663935 0.000000 -0.425546 102.384497 0.000000 0.908797 -0.048341 
248 1.467383 0.000000 -0.425546 102.420673 0.000000 0.902212 -0.049081 
249 1.663935 0.000000 -0.608358 102.219823 0.000000 0.965702 -0.044982 
250 1.860486 0.000000 -0.425546 102.243374 0.000000 0.957553 -0.045462 
251 1.762210 0.000000 -0.151327 102.514757 0.000000 0.745341 -0.050983 
252 1.663935 0.000000 -0.151327 102.463850 0.000000 0.750652 -0.049940 
253 1.762210 0.000000 -0.242733 102.353206 0.000000 0.914519 -0.047702 
254 1.860486 0.000000 -0.151327 102.508263 0.000000 0.741413 -0.050849 
255 1.811348 0.000000 -0.014218 102.896681 0.000000 0.219398 -0.058778 
256 1.762210 0.000000 -0.014218 102.790673 0.000000 0.336581 -0.056604 
257 1.811348 0.000000 -0.059921 102.725950 0.000000 0.399428 -0.055278 
258 1.860486 0.000000 -0.014218 102.597250 0.000000 0.368027 -0.052633 
259 1.786779 0.000000 0.054337 101.983633 0.000000 0.838967 -0.040137 
260 1.762210 0.000000 0.054337 102.044685 0.000000 0.837725 -0.041382 
261 1.786779 0.000000 0.031485 102.809593 0.000000 0.321769 -0.056992 
262 1.811348 0.000000 0.054337 102.110968 0.000000 0.750223 -0.042721 
263 1.786779 0.000000 0.077188 102.705091 0.000000 0.408223 -0.054850 
264 1.713073 0.000000 -0.014218 102.745809 0.000000 0.406883 -0.055687 
265 1.663935 0.000000 -0.014218 102.719825 0.000000 0.384280 -0.055151 
266 1.713073 0.000000 -0.059921 102.703368 0.000000 0.476289 -0.054821 
267 1.786779 0.000000 0.008634 102.903252 0.000000 0.252539 -0.058914 
268 1.762210 0.000000 0.008634 102.793754 0.000000 0.334432 -0.056667 
269 1.786779 0.000000 -0.014218 102.882247 0.000000 0.267513 -0.058483 
270 1.811348 0.000000 0.008634 102.965598 0.000000 0.177434 -0.060195 
271 1.958762 0.000000 0.214298 102.272539 0.000000 0.940140 -0.046056 
272 2.057037 0.000000 0.214298 102.159913 0.000000 0.967850 -0.043758 
273 1.958762 0.000000 0.305704 102.250589 0.000000 0.949777 -0.045608 
274 1.909624 0.000000 0.077188 102.422442 0.000000 0.474793 -0.049058 
275 1.909624 0.000000 0.031485 102.404253 0.000000 0.387767 -0.048678 
276 1.958762 0.000000 0.077188 102.328766 0.000000 0.413289 -0.047135 
277 1.909624 0.000000 0.122891 102.413275 0.000000 0.531158 -0.048876 
278 1.835917 0.000000 0.054337 102.639164 0.000000 0.369881 -0.053493 
279 1.835917 0.000000 0.031485 102.691039 0.000000 0.331846 -0.054556 
280 1.860486 0.000000 0.054337 102.552026 0.000000 0.410652 -0.051709 
281 1.835917 0.000000 0.077188 102.554364 0.000000 0.442194 -0.051759 
282 1.799064 0.000000 0.042911 102.045896 0.000000 0.785849 -0.041398 
283 1.786779 0.000000 0.042911 102.072125 0.000000 0.784557 -0.041933 
284 1.799064 0.000000 0.031485 102.825631 0.000000 0.308016 -0.057321 
285 1.811348 0.000000 0.042911 102.175440 0.000000 0.682649 -0.044029 
286 1.799064 0.000000 0.054337 101.964708 0.000000 0.840038 -0.039751 
287 1.737641 0.000000 0.054337 102.052396 0.000000 0.864954 -0.041544 
288 1.713073 0.000000 0.054337 102.211835 0.000000 0.793360 -0.044789 
289 1.737641 0.000000 0.031485 102.299417 0.000000 0.710001 -0.046567 
290 1.737641 0.000000 0.077188 102.359557 0.000000 0.690995 -0.047796 
291 -17.008437 0.000000 5.972885 99.934029 0.000000 -3.497556 0.000096 
292 -23.298078 0.000000 5.972885 99.936896 0.000000 -3.494601 0.000040 
293 -17.008437 0.000000 11.822879 99.931969 0.000000 -3.494069 0.000139 
294 -7.573975 0.000000 3.047888 99.916460 0.000000 -3.525295 0.000427 
295 -10.718796 0.000000 3.047888 99.929616 0.000000 -3.509183 0.000176 
296 -7.573975 0.000000 5.972885 99.909989 0.000000 -3.506603 0.000570 
297 -2.856745 0.000000 1.585390 99.820737 0.000000 -3.625900 0.002267 
298 -4.429155 0.000000 1.585390 99.893058 0.000000 -3.574022 0.000860 
299 -2.856745 0.000000 3.047888 99.807069 0.000000 -3.550922 0.002594 
300 -0.498129 0.000000 0.854141 98.587826 0.000000 -3.430074 0.026868 
301 -1.284334 0.000000 0.854141 99.493450 0.000000 -3.815303 0.008650 
302 -0.498129 0.000000 1.585390 99.292895 0.000000 -3.367066 0.012958 
303 0.681178 0.000000 0.488516 102.867824 0.000000 0.784277 -0.058240 
304 0.288076 0.000000 0.488516 98.385930 0.000000 -0.805985 0.031956 
305 0.681178 0.000000 0.854141 99.522596 0.000000 -1.582474 0.009275 
306 1.270832 0.000000 0.305704 102.474542 0.000000 0.891768 -0.050183 
307 1.074281 0.000000 0.305704 102.503714 0.000000 0.883151 -0.050779 
308 1.270832 0.000000 0.488516 102.460786 0.000000 0.893876 -0.049901 
309 1.369108 0.000000 0.031485 101.878329 0.000000 0.639306 -0.037960 
310 1.270832 0.000000 0.031485 101.364124 0.000000 0.581424 -0.027502 
311 1.369108 0.000000 -0.059921 101.231281 0.000000 0.434143 -0.024796 
312 1.369108 0.000000 0.122891 101.383227 0.000000 0.561214 -0.027887 
313 1.565659 0.000000 0.214298 102.390750 0.000000 0.909789 -0.048469 
314 1.467383 0.000000 0.214298 102.423129 0.000000 0.903935 -0.049131 
315 1.565659 0.000000 0.305704 102.393202 0.000000 0.908889 -0.048519 
316 1.516521 0.000000 0.077188 102.395021 0.000000 0.698909 -0.048523 
317 1.467383 0.000000 0.077188 102.380097 0.000000 0.681667 -0.048215 
318 1.516521 0.000000 0.031485 102.366287 0.000000 0.673285 -0.047931 
319 1.565659 0.000000 0.077188 102.394355 0.000000 0.696735 -0.048509 
320 1.516521 0.000000 0.122891 102.334200 0.000000 0.566734 -0.047261 
321 0.877730 0.000000 -0.059921 102.075541 0.000000 0.293020 -0.041950 
322 0.681178 0.000000 -0.059921 102.767859 0.000000 0.212037 -0.056128 
323 0.877730 0.000000 -0.242733 102.754394 0.000000 0.846509 -0.055918 
324 0.877730 0.000000 0.122891 102.594469 0.000000 0.596053 -0.052598 
325 1.172557 0.000000 0.031485 101.284432 0.000000 0.530154 -0.025882 
326 1.074281 0.000000 0.031485 101.026041 0.000000 0.312922 -0.020636 
327 1.172557 0.000000 -0.059921 100.403156 0.000000 0.413403 -0.008096 
328 1.172557 0.000000 0.122891 101.090052 0.000000 0.536548 -0.021949 
329 1.369108 0.000000 0.214298 102.454201 0.000000 0.897347 -0.049767 
330 1.270832 0.000000 0.214298 102.480334 0.000000 0.890863 -0.050301 
331 1.369108 0.000000 0.305704 102.450560 0.000000 0.897606 -0.049692 
332 1.319970 0.000000 0.077188 101.909321 0.000000 0.694858 -0.038599 
333 1.270832 0.000000 0.077188 101.684788 0.000000 0.642962 -0.034021 
334 1.319970 0.000000 0.031485 101.692496 0.000000 0.653967 -0.034179 
335 1.369108 0.000000 0.077188 101.832888 0.000000 0.640231 -0.037035 
336 1.319970 0.000000 0.122891 101.277165 0.000000 0.554617 -0.025737 
337 0.877730 0.000000 0.305704 102.756276 0.000000 0.845248 -0.055957 
338 0.681178 0.000000 0.305704 102.852584 0.000000 0.802800 -0.057930 
339 0.877730 0.000000 0.488516 102.794676 0.000000 0.836483 -0.056745 
340 1.172557 0.000000 0.214298 102.499300 0.000000 0.885386 -0.050689 
341 1.074281 0.000000 0.214298 102.510682 0.000000 0.881534 -0.050922 
342 1.172557 0.000000 0.305704 102.492416 0.000000 0.886778 -0.050548 
343 1.221694 0.000000 0.077188 101.584202 0.000000 0.619364 -0.031973 
344 1.172557 0.000000 0.077188 100.823588 0.000000 0.481145 -0.016563 
345 1.221694 0.000000 0.031485 101.240157 0.000000 0.547654 -0.024987 
346 1.221694 0.000000 0.122891 101.403339 0.000000 0.703227 -0.028313 
347 0.976005 0.000000 0.031485 101.845433 0.000000 0.348854 -0.037261 
348 0.877730 0.000000 0.031485 102.097742 0.000000 0.250745 -0.042401 
349 0.976005 0.000000 -0.059921 101.880479 0.000000 0.370935 -0.037977 
350 0.976005 0.000000 0.122891 102.111778 0.000000 0.490040 -0.042706 
351 1.123419 0.000000 0.077188 100.970182 0.000000 0.473412 -0.019520 
352 1.074281 0.000000 0.077188 101.071729 0.000000 0.420308 -0.021567 
353 1.123419 0.000000 0.031485 100.809446 0.000000 0.388227 -0.016270 
354 1.123419 0.000000 0.122891 101.153950 0.000000 0.527320 -0.023240 
355 1.270832 0.000000 -0.425546 102.455177 0.000000 0.894691 -0.049786 
356 1.074281 0.000000 -0.425546 102.646535 0.000000 0.869608 -0.053707 
357 1.270832 0.000000 -0.608358 102.626579 0.000000 0.876654 -0.053298 
358 1.172557 0.000000 -0.151327 101.547252 0.000000 0.727200 -0.031237 
359 1.074281 0.000000 -0.151327 102.184090 0.000000 0.707736 -0.044209 
360 1.172557 0.000000 -0.242733 102.484915 0.000000 0.888242 -0.050395 
361 1.270832 0.000000 -0.151327 101.527091 0.000000 0.730389 -0.030828 
362 1.221694 0.000000 -0.014218 99.192553 0.000000 0.247886 0.016078 
363 1.172557 0.000000 -0.014218 100.193501 0.000000 0.376057 -0.003888 
364 1.221694 0.000000 -0.059921 100.124611 0.000000 0.371549 -0.002508 
365 1.270832 0.000000 -0.014218 99.868993 0.000000 0.324255 0.002608 
366 1.197125 0.000000 0.054337 102.054568 0.000000 0.651020 -0.041556 
367 1.172557 0.000000 0.054337 102.218617 0.000000 0.649176 -0.044907 
368 1.197125 0.000000 0.031485 101.500091 0.000000 0.563995 -0.030259 
369 1.221694 0.000000 0.054337 102.098927 0.000000 0.671184 -0.042464 
370 1.197125 0.000000 0.077188 101.290888 0.000000 0.557934 -0.026016 
371 3.236345 0.000000 -0.059921 101.850892 0.000000 -0.000000 -0.037360 
372 3.236345 0.000000 -0.242733 103.121707 0.000000 -0.702376 -0.063458 
373 3.236345 0.000000 0.122891 101.835750 0.000000 -0.000000 -0.037052 
374 3.629448 0.000000 0.305704 99.788387 0.000000 -6.493766 0.000011 
375 3.432896 0.000000 0.305704 99.877708 0.000000 -8.117995 -0.004146 
376 3.825999 0.000000 0.305704 99.490331 0.000000 -5.969835 0.006604 
377 3.629448 0.000000 0.488516 98.814446 0.000000 -5.712549 0.020307 
378 3.531172 0.000000 0.031485 101.743191 0.000000 -0.000000 -0.035168 
379 3.432896 0.000000 0.031485 101.746634 0.000000 -0.000000 -0.035238 
380 3.531172 0.000000 -0.059921 101.629178 0.000000 -0.000000 -0.032849 
381 3.629448 0.000000 0.031485 101.565638 0.000000 0.000000 -0.031558 
382 3.531172 0.000000 0.122891 101.578937 0.000000 -0.000000 -0.031828 
383 3.236345 0.000000 0.305704 100.210661 0.000000 -13.242406 -0.021754 
384 3.039794 0.000000 0.305704 100.622951 0.000000 -19.752965 -0.051516 
385 3.236345 0.000000 0.488516 98.726196 0.000000 -7.170120 0.020173 
386 3.334621 0.000000 0.031485 101.736363 0.000000 -0.000000 -0.035029 
387 3.236345 0.000000 0.031485 101.851834 0.000000 -0.000000 -0.037380 
388 3.334621 0.000000 -0.059921 101.733524 0.000000 -0.000000 -0.034971 
389 3.334621 0.000000 0.122891 101.734288 0.000000 0.000000 -0.034987 
390 8.150127 0.000000 -17.427091 99.956798 0.000000 -3.455149 -0.000330 
391 8.150127 0.000000 -23.277085 99.950044 0.000000 -3.471558 -0.000206 
392 14.439768 0.000000 -17.427091 99.950922 0.000000 -3.448199 -0.000208 
393 5.005306 0.000000 -8.652100 100.002803 0.000000 -3.369945 -0.001192 
394 5.005306 0.000000 -11.577097 99.976756 0.000000 -3.424668 -0.000708 
395 8.150127 0.000000 -8.652100 99.982807 0.000000 -3.347625 -0.000777 
396 3.432896 0.000000 -4.264604 100.133605 0.000000 -3.149698 -0.003666 
397 3.432896 0.000000 -5.727103 100.073369 0.000000 -3.278180 -0.002543 
398 5.005306 0.000000 -4.264604 100.080214 0.000000 -3.083800 -0.002556 
399 4.219101 0.000000 -2.070856 100.295250 0.000000 -2.240537 -0.006416 
400 3.432896 0.000000 -2.070856 100.388209 0.000000 -2.436179 -0.008373 
401 4.219101 0.000000 -2.802106 100.195240 0.000000 -2.752936 -0.004666 
402 5.005306 0.000000 -2.070856 100.189694 0.000000 -2.119492 -0.004247 
403 3.825999 0.000000 -0.973983 101.030950 0.000000 1.055173 -0.020837 
404 3.432896 0.000000 -0.973983 101.183390 0.000000 0.479250 -0.023831 
405 3.825999 0.000000 -1.339607 100.663530 0.000000 -0.860996 -0.013389 
406 4.219101 0.000000 -0.973983 100.844069 0.000000 1.486613 -0.017174 
407 3.629448 0.000000 -0.425546 101.847852 0.000000 3.061570 -0.038236 
408 3.432896 0.000000 -0.425546 102.219668 0.000000 2.833442 -0.045689 
409 3.629448 0.000000 -0.608358 101.696693 0.000000 3.168023 -0.035225 
410 3.825999 0.000000 -0.425546 101.506016 0.000000 3.071706 -0.031291 
411 3.531172 0.000000 -0.151327 101.775618 0.000000 0.000000 -0.035828 
412 3.432896 0.000000 -0.151327 101.642454 0.000000 -0.000000 -0.033119 
413 3.531172 0.000000 -0.242733 102.184561 0.000000 0.493728 -0.044193 
414 3.629448 0.000000 -0.151327 101.967988 0.000000 0.000000 -0.039747 
415 3.482034 0.000000 -0.014218 101.748572 0.000000 -0.000000 -0.035277 
416 3.432896 0.000000 -0.014218 101.717989 0.000000 -0.000000 -0.034655 
417 3.482034 0.000000 -0.059921 101.718374 0.000000 -0.000000 -0.034663 
418 3.531172 0.000000 -0.014218 101.758926 0.000000 -0.000000 -0.035488 
419 3.482034 0.000000 0.031485 101.738268 0.000000 -0.000000 -0.035068 
420 2.646691 0.000000 -2.070856 100.423618 0.000000 -2.651491 -0.009193 
421 2.646691 0.000000 -2.802106 100.288547 0.000000 -2.942673 -0.006645 
422 3.039794 0.000000 -0.973983 101.211072 0.000000 -0.176738 -0.024371 
423 2.646691 0.000000 -0.973983 101.112518 0.000000 -0.812682 -0.022440 
424 3.039794 0.000000 -1.339607 100.766737 0.000000 -1.539689 -0.015631 
425 3.236345 0.000000 -0.425546 102.454586 0.000000 2.371001 -0.050256 
426 3.039794 0.000000 -0.425546 102.432526 0.000000 1.894355 -0.049601 
427 3.236345 0.000000 -0.608358 102.013838 0.000000 2.394191 -0.041256 
428 3.334621 0.000000 -0.151327 101.746062 0.000000 0.000000 -0.035226 
429 3.236345 0.000000 -0.151327 101.838512 0.000000 0.000000 -0.037108 
430 3.334621 0.000000 -0.242733 102.939947 0.000000 -0.123372 -0.059665 
431 3.383758 0.000000 -0.014218 101.710512 0.000000 -0.000000 -0.034503 
432 3.334621 0.000000 -0.014218 101.738171 0.000000 0.000000 -0.035066 
433 3.383758 0.000000 -0.059921 101.691997 0.000000 -0.000000 -0.034126 
434 3.383758 0.000000 0.031485 101.691583 0.000000 -0.000000 -0.034118 
435 3.531172 0.000000 0.214298 99.016587 0.000000 -16.741946 -0.008458 
436 3.432896 0.000000 0.214298 98.781429 0.000000 -18.197829 -0.008893 
437 3.629448 0.000000 0.214298 99.096204 0.000000 -15.388718 -0.005687 
438 3.531172 0.000000 0.305704 99.832394 0.000000 -7.030192 -0.001593 
439 3.482034 0.000000 0.077188 101.615416 0.000000 -0.000000 -0.032569 
440 3.432896 0.000000 0.077188 101.688724 0.000000 -0.000000 -0.034060 
441 3.531172 0.000000 0.077188 101.613570 0.000000 -0.000000 -0.032532 
442 3.482034 0.000000 0.122891 101.685785 0.000000 -0.000000 -0.034000 
443 3.457465 0.000000 0.008634 101.707463 0.000000 -0.000000 -0.034441 
444 3.432896 0.000000 0.008634 101.700276 0.000000 0.000000 -0.034295 
445 3.457465 0.000000 -0.014218 101.742601 0.000000 -0.000000 -0.035156 
446 3.482034 0.000000 0.008634 101.750618 0.000000 -0.000000 -0.035319 
447 3.457465 0.000000 0.031485 101.733890 0.000000 -0.000000 -0.034978 
448 3.334621 0.000000 0.214298 98.534535 0.000000 -19.876850 -0.010414 
449 3.236345 0.000000 0.214298 98.500324 0.000000 -21.714374 -0.017383 
450 3.334621 0.000000 0.305704 99.990806 0.000000 -10.132399 -0.010083 
451 3.383758 0.000000 0.077188 101.692312 0.000000 -0.000000 -0.034133 
452 3.334621 0.000000 0.077188 101.724275 0.000000 -0.000000 -0.034783 
453 3.383758 0.000000 0.122891 101.681838 0.000000 -0.000000 -0.033920 
454 3.408327 0.000000 0.008634 101.717903 0.000000 -0.000000 -0.034653 
455 3.383758 0.000000 0.008634 101.707622 0.000000 -0.000000 -0.034444 
456 3.408327 0.000000 -0.014218 101.724477 0.000000 -0.000000 -0.034787 
457 3.408327 0.000000 0.031485 101.777955 0.000000 -0.000000 -0.035875 
458 3.482034 0.000000 -0.105624 101.640997 0.000000 -0.000000 -0.033089 
459 3.432896 0.000000 -0.105624 101.717770 0.000000 -0.000000 -0.034650 
460 3.482034 0.000000 -0.151327 101.751669 0.000000 -0.000000 -0.035340 
461 3.531172 0.000000 -0.105624 101.587824 0.000000 -0.000000 -0.032009 
462 3.457465 0.000000 -0.037069 101.730552 0.000000 -0.000000 -0.034911 
463 3.432896 0.000000 -0.037069 101.745053 0.000000 -0.000000 -0.035206 
464 3.457465 0.000000 -0.059921 101.717192 0.000000 -0.000000 -0.034639 
465 3.482034 0.000000 -0.037069 101.734310 0.000000 -0.000000 -0.034987 
466 3.445181 0.000000 -0.002792 101.671359 0.000000 0.000000 -0.033707 
467 3.432896 0.000000 -0.002792 101.678996 0.000000 0.000000 -0.033862 
468 3.445181 0.000000 -0.014218 101.735202 0.000000 -0.000000 -0.035005 
469 3.457465 0.000000 -0.002792 101.659929 0.000000 -0.000000 -0.033474 
470 3.445181 0.000000 0.008634 101.684699 0.000000 0.000000 -0.033978 
471 3.138069 0.000000 0.031485 101.997927 0.000000 -0.000000 -0.040358 
472 3.039794 0.000000 0.031485 102.100473 0.000000 -0.000000 -0.042451 
473 3.138069 0.000000 -0.059921 101.988022 0.000000 -0.000000 -0.040156 
474 3.138069 0.000000 0.122891 101.862608 0.000000 -0.000000 -0.037599 
475 3.285483 0.000000 -0.014218 101.783954 0.000000 0.000000 -0.035997 
476 3.236345 0.000000 -0.014218 101.837506 0.000000 -0.000000 -0.037088 
477 3.285483 0.000000 -0.059921 101.789612 0.000000 0.000000 -0.036113 
478 3.285483 0.000000 0.031485 101.786596 0.000000 0.000000 -0.036051 
479 3.359190 0.000000 0.008634 101.719662 0.000000 0.000000 -0.034689 
480 3.334621 0.000000 0.008634 101.738557 0.000000 0.000000 -0.035073 
481 3.359190 0.000000 -0.014218 101.716269 0.000000 0.000000 -0.034620 
482 3.359190 0.000000 0.031485 101.716498 0.000000 -0.000000 -0.034625 
483 3.138069 0.000000 -0.151327 101.868602 0.000000 -0.000000 -0.037721 
484 3.039794 0.000000 -0.151327 102.293507 0.000000 0.000000 -0.046396 
485 3.138069 0.000000 -0.242733 102.981740 0.000000 -1.251951 -0.060681 
486 3.187207 0.000000 -0.014218 101.890604 0.000000 -0.000000 -0.038170 
487 3.138069 0.000000 -0.014218 102.004908 0.000000 -0.000000 -0.040500 
488 3.187207 0.000000 -0.059921 101.880326 0.000000 -0.000000 -0.037960 
489 3.187207 0.000000 0.031485 101.917030 0.000000 -0.000000 -0.038708 
490 3.285483 0.000000 0.077188 101.798808 0.000000 0.000000 -0.036300 
491 3.236345 0.000000 0.077188 101.859730 0.000000 -0.000000 -0.037540 
492 3.285483 0.000000 0.122891 101.797768 0.000000 0.000000 -0.036279 
493 3.260914 0.000000 0.008634 101.814852 0.000000 -0.000000 -0.036626 
494 3.236345 0.000000 0.008634 101.836468 0.000000 -0.000000 -0.037067 
495 3.260914 0.000000 -0.014218 101.816792 0.000000 -0.000000 -0.036666 
496 3.285483 0.000000 0.008634 101.783161 0.000000 0.000000 -0.035981 
497 3.260914 0.000000 0.031485 101.828043 0.000000 -0.000000 -0.036895 
498 2.843242 0.000000 0.305704 100.694695 0.000000 -21.308896 -0.059349 
499 2.646691 0.000000 0.305704 100.587169 0.000000 -19.150199 -0.048451 
500 2.843242 0.000000 0.488516 99.137686 0.000000 -8.011347 0.010754 
501 3.138069 0.000000 0.214298 98.900091 0.000000 -23.428535 -0.033012 
502 3.039794 0.000000 0.214298 99.495894 0.000000 -24.504113 -0.049988 
503 3.138069 0.000000 0.305704 100.475742 0.000000 -16.887328 -0.038056 
504 3.187207 0.000000 0.077188 101.878721 0.000000 -0.000000 -0.037927 
505 3.138069 0.000000 0.077188 101.978094 0.000000 -0.000000 -0.039953 
506 3.187207 0.000000 0.122891 101.847451 0.000000 -0.000000 -0.037290 
507 3.211776 0.000000 0.008634 101.855246 0.000000 -0.000000 -0.037449 
508 3.187207 0.000000 0.008634 101.887015 0.000000 -0.000000 -0.038096 
509 3.211776 0.000000 -0.014218 101.856308 0.000000 -0.000000 -0.037471 
510 3.211776 0.000000 0.031485 101.868086 0.000000 -0.000000 -0.037711 
511 2.941518 0.000000 0.031485 102.137678 0.000000 -0.000000 -0.043211 
512 2.843242 0.000000 0.031485 101.903284 0.000000 0.000000 -0.038428 
513 2.941518 0.000000 -0.059921 102.148995 0.000000 -0.000000 -0.043442 
514 2.941518 0.000000 0.122891 102.116012 0.000000 0.000000 -0.042768 
515 3.088932 0.000000 -0.014218 102.093023 0.000000 -0.000000 -0.042299 
516 3.039794 0.000000 -0.014218 102.086582 0.000000 -0.000000 -0.042167 
517 3.088932 0.000000 -0.059921 102.041992 0.000000 -0.000000 -0.041257 
518 3.088932 0.000000 0.031485 102.064493 0.000000 -0.000000 -0.041716 
519 3.162638 0.000000 0.008634 101.922915 0.000000 -0.000000 -0.038828 
520 3.138069 0.000000 0.008634 102.006504 0.000000 -0.000000 -0.040533 
521 3.162638 0.000000 -0.014218 101.954520 0.000000 -0.000000 -0.039472 
522 3.162638 0.000000 0.031485 101.952141 0.000000 -0.000000 -0.039424 
523 3.088932 0.000000 0.077188 102.034597 0.000000 -0.000000 -0.041106 
524 3.039794 0.000000 0.077188 102.071638 0.000000 -0.000000 -0.041862 
525 3.088932 0.000000 0.122891 102.036815 0.000000 -0.000000 -0.041151 
526 3.113500 0.000000 0.008634 102.079406 0.000000 -0.000000 -0.042021 
527 3.088932 0.000000 0.008634 102.105142 0.000000 -0.000000 -0.042546 
528 3.113500 0.000000 -0.014218 102.066687 0.000000 -0.000000 -0.041761 
529 3.113500 0.000000 0.031485 102.037335 0.000000 -0.000000 -0.041162 
530 3.187207 0.000000 -0.105624 101.886104 0.000000 -0.000000 -0.038078 
531 3.138069 0.000000 -0.105624 101.898875 0.000000 -0.000000 -0.038338 
532 3.187207 0.000000 -0.151327 101.862402 0.000000 -0.000000 -0.037595 
533 3.236345 0.000000 -0.105624 101.825949 0.000000 -0.000000 -0.036852 
534 3.162638 0.000000 -0.037069 101.951179 0.000000 -0.000000 -0.039404 
535 3.138069 0.000000 -0.037069 101.995632 0.000000 -0.000000 -0.040311 
536 3.162638 0.000000 -0.059921 101.957313 0.000000 -0.000000 -0.039529 
537 3.187207 0.000000 -0.037069 101.916514 0.000000 -0.000000 -0.038698 
538 3.150354 0.000000 -0.002792 101.855703 0.000000 -0.000000 -0.037458 
539 3.138069 0.000000 -0.002792 102.007417 0.000000 -0.000000 -0.040551 
540 3.150354 0.000000 -0.014218 101.988864 0.000000 -0.000000 -0.040173 
541 3.162638 0.000000 -0.002792 101.905755 0.000000 0.000000 -0.038478 
542 3.150354 0.000000 0.008634 101.989547 0.000000 -0.000000 -0.040187 
543 -17.008437 0.000000 -17.427091 99.946155 0.000000 -3.491355 -0.000142 
544 -23.298078 0.000000 -17.427091 99.943274 0.000000 -3.491789 -0.000085 
545 -17.008437 0.000000 -23.277085 99.944981 0.000000 -3.489923 -0.000118 
546 20.729409 0.000000 -17.427091 99.946652 0.000000 -3.445410 -0.000120 
547 20.729409 0.000000 -23.277085 99.945150 0.000000 -3.465311 -0.000104 
548 27.019050 0.000000 -17.427091 99.944199 0.000000 -3.444157 -0.000071 
549 -7.573975 0.000000 -8.652100 99.967981 0.000000 -3.495148 -0.000581 
550 -10.718796 0.000000 -8.652100 99.956323 0.000000 -3.497263 -0.000350 
551 -7.573975 0.000000 -11.577097 99.962898 0.000000 -3.489465 -0.000476 
552 11.294947 0.000000 -8.652100 99.963585 0.000000 -3.343843 -0.000390 
553 11.294947 0.000000 -11.577097 99.961353 0.000000 -3.401783 -0.000384 
554 14.439768 0.000000 -8.652100 99.957560 0.000000 -3.334613 -0.000263 
555 -2.856745 0.000000 -4.264604 100.054751 0.000000 -3.508106 -0.002326 
556 -4.429155 0.000000 -4.264604 100.010088 0.000000 -3.522067 -0.001442 
557 -2.856745 0.000000 -5.727103 100.030985 0.000000 -3.486441 -0.001835 
558 6.577717 0.000000 -4.264604 100.034930 0.000000 -3.053456 -0.001631 
559 6.577717 0.000000 -5.727103 100.018822 0.000000 -3.213220 -0.001409 
560 8.150127 0.000000 -4.264604 100.005349 0.000000 -3.040438 -0.001031 
561 -0.498129 0.000000 -2.070856 100.421447 0.000000 -3.381411 -0.009590 
562 -1.284334 0.000000 -2.070856 100.278253 0.000000 -3.540350 -0.006826 
563 -0.498129 0.000000 -2.802106 100.282924 0.000000 -3.401925 -0.006824 
564 0.681178 0.000000 -0.973983 100.733646 0.000000 -1.701256 -0.015016 
565 0.288076 0.000000 -0.973983 101.188401 0.000000 -1.935170 -0.024284 
566 0.681178 0.000000 -1.339607 100.663953 0.000000 -2.464567 -0.013931 
567 2.253589 0.000000 -0.973983 100.944007 0.000000 -1.308785 -0.019141 
568 2.253589 0.000000 -1.339607 100.664766 0.000000 -2.109938 -0.013785 
569 0.877730 0.000000 -0.425546 102.828114 0.000000 0.822927 -0.057430 
570 0.681178 0.000000 -0.425546 102.874095 0.000000 0.764093 -0.058366 
571 0.877730 0.000000 -0.608358 102.874974 0.000000 0.764873 -0.058385 
572 1.369108 0.000000 -0.151327 102.292320 0.000000 0.743368 -0.046427 
573 1.369108 0.000000 -0.242733 102.446897 0.000000 0.897820 -0.049617 
574 1.467383 0.000000 -0.151327 102.266544 0.000000 0.745982 -0.045900 
575 2.057037 0.000000 -0.425546 102.011240 0.000000 0.979812 -0.040725 
576 2.057037 0.000000 -0.608358 101.839911 0.000000 0.973814 -0.037232 
577 2.253589 0.000000 -0.425546 101.838639 0.000000 0.973688 -0.037206 
578 2.450140 0.000000 -0.425546 102.003815 0.000000 0.921427 -0.040563 
579 2.450140 0.000000 -0.608358 101.653892 0.000000 0.555092 -0.033382 
580 2.646691 0.000000 -0.425546 102.168765 0.000000 1.229183 -0.043997 
581 1.565659 0.000000 -0.151327 102.483876 0.000000 0.750847 -0.050351 
582 1.565659 0.000000 -0.242733 102.396331 0.000000 0.907815 -0.048583 
583 2.450140 0.000000 0.305704 101.803325 0.000000 0.970562 -0.036486 
584 2.450140 0.000000 0.488516 101.746740 0.000000 0.963501 -0.035333 
585 1.958762 0.000000 -0.151327 102.162578 0.000000 0.727250 -0.043772 
586 1.958762 0.000000 -0.242733 102.220673 0.000000 0.958941 -0.044999 
587 2.057037 0.000000 -0.151327 102.048100 0.000000 0.707375 -0.041432 
588 2.843242 0.000000 -0.425546 102.320506 0.000000 1.530618 -0.047183 
589 2.843242 0.000000 -0.608358 101.925828 0.000000 1.434016 -0.039093 
590 2.941518 0.000000 -0.151327 102.293507 0.000000 0.000000 -0.046396 
591 2.843242 0.000000 -0.151327 101.973815 0.000000 0.000000 -0.039866 
592 2.941518 0.000000 -0.242733 102.543924 0.000000 -1.468051 -0.051741 
593 1.909624 0.000000 -0.014218 102.406114 0.000000 0.376410 -0.048715 
594 1.909624 0.000000 -0.059921 102.428841 0.000000 0.447138 -0.049187 
595 1.958762 0.000000 -0.014218 102.210314 0.000000 0.282193 -0.044703 
596 1.614797 0.000000 0.077188 102.411783 0.000000 0.689137 -0.048865 
597 1.614797 0.000000 0.031485 102.472640 0.000000 0.600355 -0.050100 
598 1.614797 0.000000 0.122891 102.482582 0.000000 0.728081 -0.050321 
599 1.835917 0.000000 0.008634 102.745481 0.000000 0.296346 -0.055672 
600 1.835917 0.000000 -0.014218 102.736262 0.000000 0.301592 -0.055483 
601 1.860486 0.000000 0.008634 102.599326 0.000000 0.366793 -0.052676 
602 1.737641 0.000000 0.008634 102.766668 0.000000 0.395115 -0.056114 
603 1.713073 0.000000 0.008634 102.553635 0.000000 0.548239 -0.051755 
604 1.737641 0.000000 -0.014218 102.766233 0.000000 0.395593 -0.056106 
605 1.319970 0.000000 -0.014218 100.568257 0.000000 0.404721 -0.011414 
606 1.319970 0.000000 -0.059921 100.967231 0.000000 0.473659 -0.019461 
607 1.369108 0.000000 -0.014218 101.464081 0.000000 0.488829 -0.029520 
608 1.418246 0.000000 0.077188 102.205701 0.000000 0.670000 -0.044645 
609 1.418246 0.000000 0.031485 101.939566 0.000000 0.565903 -0.039200 
610 1.418246 0.000000 0.122891 102.258686 0.000000 0.721528 -0.045736 
611 0.976005 0.000000 -0.151327 102.250588 0.000000 0.569638 -0.045551 
612 0.877730 0.000000 -0.151327 102.630650 0.000000 0.604586 -0.053342 
613 0.976005 0.000000 -0.242733 102.660674 0.000000 0.864062 -0.053996 
614 1.123419 0.000000 -0.014218 100.772903 0.000000 0.376832 -0.015532 
615 1.074281 0.000000 -0.014218 100.998886 0.000000 0.282276 -0.020085 
616 1.123419 0.000000 -0.059921 100.876772 0.000000 0.446659 -0.017632 
617 0.976005 0.000000 0.214298 102.586631 0.000000 0.871641 -0.052478 
618 0.877730 0.000000 0.214298 102.713466 0.000000 0.852986 -0.055078 
619 0.976005 0.000000 0.305704 102.621792 0.000000 0.868317 -0.053199 
620 3.383758 0.000000 -0.105624 101.681825 0.000000 -0.000000 -0.033919 
621 3.334621 0.000000 -0.105624 101.735599 0.000000 0.000000 -0.035013 
622 3.383758 0.000000 -0.151327 101.691116 0.000000 0.000000 -0.034108 
623 3.285483 0.000000 -0.105624 101.809432 0.000000 0.000000 -0.036516 
624 3.285483 0.000000 -0.151327 101.790403 0.000000 0.000000 -0.036129 
625 3.408327 0.000000 -0.037069 101.775996 0.000000 -0.000000 -0.035835 
626 3.383758 0.000000 -0.037069 101.691649 0.000000 -0.000000 -0.034119 
627 3.408327 0.000000 -0.059921 101.716530 0.000000 -0.000000 -0.034625 
628 3.310052 0.000000 0.008634 101.757626 0.000000 -0.000000 -0.035461 
629 3.310052 0.000000 -0.014218 101.757602 0.000000 -0.000000 -0.035461 
630 3.310052 0.000000 0.031485 101.755450 0.000000 -0.000000 -0.035417 
631 3.088932 0.000000 -0.105624 102.011563 0.000000 -0.000000 -0.040636 
632 3.039794 0.000000 -0.105624 102.274710 0.000000 -0.000000 -0.046012 
633 3.088932 0.000000 -0.151327 102.964185 0.000000 -6.416309 -0.064279 
634 3.211776 0.000000 -0.037069 101.867779 0.000000 -0.000000 -0.037704 
635 3.211776 0.000000 -0.059921 101.866305 0.000000 -0.000000 -0.037674 
636 3.236345 0.000000 -0.037069 101.851680 0.000000 -0.000000 -0.037376 
637 2.941518 0.000000 0.214298 99.652774 0.000000 -25.224779 -0.056696 
638 2.843242 0.000000 0.214298 99.898410 0.000000 -26.256884 -0.066912 
639 2.941518 0.000000 0.305704 100.958553 0.000000 -20.910081 -0.062986 
640 3.113500 0.000000 -0.037069 102.031289 0.000000 -0.000000 -0.041038 
641 3.088932 0.000000 -0.037069 102.058396 0.000000 -0.000000 -0.041592 
642 3.113500 0.000000 -0.059921 102.015798 0.000000 -0.000000 -0.040722 
643 1.614797 0.000000 -0.014218 102.731111 0.000000 0.233508 -0.055374 
644 1.565659 0.000000 -0.014218 102.423668 0.000000 0.491160 -0.049085 
645 1.614797 0.000000 -0.059921 102.592480 0.000000 0.418052 -0.052539 
646 1.418246 0.000000 -0.014218 101.608998 0.000000 0.315835 -0.032449 
647 1.418246 0.000000 -0.059921 101.793787 0.000000 0.417819 -0.036215 
648 1.467383 0.000000 -0.014218 102.028129 0.000000 0.441689 -0.040993 
649 3.359190 0.000000 -0.037069 101.716784 0.000000 -0.000000 -0.034630 
650 3.334621 0.000000 -0.037069 101.733579 0.000000 -0.000000 -0.034972 
651 3.359190 0.000000 -0.059921 101.707969 0.000000 -0.000000 -0.034451 
652 3.260914 0.000000 -0.037069 101.834643 0.000000 -0.000000 -0.037029 
653 3.260914 0.000000 -0.059921 101.834437 0.000000 -0.000000 -0.037025 
654 3.285483 0.000000 -0.037069 101.789798 0.000000 0.000000 -0.036116 
655 3.310052 0.000000 -0.037069 101.755381 0.000000 -0.000000 -0.035416 
656 3.310052 0.000000 -0.059921 101.765684 0.000000 0.000000 -0.035625 
657 1.516521 0.000000 -0.014218 102.298910 0.000000 0.520465 -0.046534 
658 1.516521 0.000000 -0.059921 102.314651 0.000000 0.484638 -0.046852 
1 19 21 9 22 
2 20 19 22 4 
3 28 29 3 30 
4 21 28 30 9 
5 35 37 21 38 
6 36 35 38 19 
7 44 45 28 46 
8 37 44 46 21 
9 51 53 37 54 
10 52 51 54 35 
11 60 61 44 62 
12 53 60 62 37 
13 67 69 53 70 
14 68 67 70 51 
15 76 77 60 78 
16 69 76 78 53 
17 83 85 69 86 
18 84 83 86 67 
19 11 94 92 93 
20 94 10 24 92 
21 92 24 14 95 
22 93 92 95 6 
23 24 98 96 97 
24 98 23 40 96 
25 96 40 27 99 
26 97 96 99 14 
27 40 102 100 101 
28 102 39 56 100 
29 100 56 43 103 
30 101 100 103 27 
31 56 106 104 105 
32 106 55 72 104 
33 104 72 59 107 
34 105 104 107 43 
35 72 110 108 109 
36 109 108 111 59 
37 112 113 76 114 
38 85 112 114 69 
39 115 117 85 118 
40 116 115 118 83 
41 132 133 112 134 
42 117 132 134 85 
43 136 124 137 135 
44 135 137 127 138 
45 15 140 139 33 
46 140 17 141 139 
47 139 141 8 142 
48 33 139 142 18 
49 31 144 143 49 
50 144 33 145 143 
51 143 145 18 146 
52 49 143 146 34 
53 47 148 147 65 
54 148 49 149 147 
55 147 149 34 150 
56 65 147 150 50 
57 152 65 153 151 
58 151 153 50 154 
59 124 160 159 137 
60 160 126 161 159 
61 159 161 82 162 
62 137 159 162 127 
63 18 142 163 45 
64 142 8 164 163 
65 163 164 29 165 
66 45 163 165 28 
67 34 146 166 61 
68 146 18 167 166 
69 166 167 45 168 
70 61 166 168 44 
71 50 150 169 77 
72 150 34 170 169 
73 169 170 61 171 
74 77 169 171 60 
75 154 50 173 172 
76 172 173 77 174 
77 113 172 174 76 
78 175 176 113 177 
79 133 175 177 112 
80 126 179 178 161 
81 161 178 181 82 
82 183 151 184 182 
83 182 184 154 185 
84 185 154 187 186 
85 186 187 172 188 
86 176 186 188 113 
87 191 182 192 189 
88 189 192 185 193 
89 194 196 117 197 
90 195 194 197 115 
91 138 127 204 203 
92 203 204 132 205 
93 196 203 205 117 
94 207 135 208 206 
95 206 208 138 209 
96 131 202 210 211 
97 202 5 212 210 
98 210 212 196 213 
99 211 210 213 194 
100 214 217 5 218 
101 215 214 218 202 
102 199 225 223 224 
103 223 215 202 226 
104 224 223 226 131 
105 12 229 227 228 
106 229 7 230 227 
107 227 230 13 25 
108 228 227 25 10 
109 25 233 231 232 
110 233 13 234 231 
111 231 234 26 41 
112 232 231 41 23 
113 41 237 235 236 
114 237 26 238 235 
115 235 238 42 57 
116 236 235 57 39 
117 57 241 239 240 
118 241 42 242 239 
119 239 242 58 73 
120 240 239 73 55 
121 73 245 243 244 
122 245 58 246 243 
123 243 246 74 89 
124 244 243 89 71 
125 89 249 247 248 
126 249 74 250 247 
127 247 250 90 129 
128 248 247 129 87 
129 129 253 251 252 
130 253 90 254 251 
131 251 254 130 200 
132 252 251 200 128 
133 200 257 255 256 
134 257 130 258 255 
135 198 261 259 260 
136 259 262 214 263 
137 260 259 263 215 
138 128 266 264 265 
139 266 200 256 264 
140 265 264 225 199 
141 256 269 267 268 
142 269 255 270 267 
143 267 270 216 261 
144 268 267 261 198 
145 5 209 271 212 
146 209 138 272 271 
147 271 272 203 273 
148 212 271 273 196 
149 201 275 274 217 
150 275 206 276 274 
151 274 276 209 277 
152 217 274 277 5 
153 216 279 278 262 
154 279 201 280 278 
155 278 280 217 281 
156 262 278 281 214 
157 261 284 282 283 
158 284 216 285 282 
159 282 285 262 286 
160 283 282 286 259 
161 225 289 287 288 
162 289 198 260 287 
163 287 260 215 290 
164 288 287 290 223 
165 6 95 291 292 
166 95 14 36 291 
167 291 36 19 293 
168 292 291 293 20 
169 14 99 294 295 
170 99 27 52 294 
171 294 52 35 296 
172 295 294 296 36 
173 27 103 297 298 
174 103 43 68 297 
175 297 68 51 299 
176 298 297 299 52 
177 43 107 300 301 
178 107 59 84 300 
179 300 84 67 302 
180 301 300 302 68 
181 59 111 303 304 
182 303 116 83 305 
183 304 303 305 84 
184 306 195 115 308 
185 307 306 308 116 
186 91 222 313 314 
187 222 131 211 313 
188 313 211 194 315 
189 314 313 315 195 
190 220 318 316 317 
191 318 219 319 316 
192 316 319 222 320 
193 317 316 320 91 
194 108 323 321 322 
195 322 321 324 111 
196 123 312 329 330 
197 312 91 314 329 
198 329 314 195 331 
199 330 329 331 306 
200 310 334 332 333 
201 334 309 335 332 
202 332 335 312 336 
203 333 332 336 123 
204 111 324 337 338 
205 337 307 116 339 
206 338 337 339 303 
207 75 328 340 341 
208 328 123 330 340 
209 340 330 306 342 
210 341 340 342 307 
211 345 310 333 343 
212 343 333 123 346 
213 344 343 346 328 
214 321 349 347 348 
215 349 120 326 347 
216 347 326 75 350 
217 348 347 350 324 
218 326 353 351 352 
219 353 325 344 351 
220 351 344 328 354 
221 352 351 354 75 
222 71 357 355 356 
223 357 89 248 355 
224 355 248 87 121 
225 356 355 121 88 
226 88 360 358 359 
227 360 121 361 358 
228 358 361 119 327 
229 359 358 327 120 
230 327 364 362 363 
231 364 119 365 362 
232 362 365 310 345 
233 363 362 345 325 
234 325 368 366 367 
235 368 345 369 366 
236 366 369 343 370 
237 367 366 370 344 
238 193 185 376 374 
239 374 376 186 377 
240 375 374 377 176 
241 380 189 381 378 
242 378 381 193 382 
243 383 375 176 385 
244 384 383 385 175 
245 7 391 390 230 
246 391 16 392 390 
247 390 392 15 32 
248 230 390 32 13 
249 13 394 393 234 
250 394 32 395 393 
251 393 395 31 48 
252 234 393 48 26 
253 26 397 396 238 
254 397 48 398 396 
255 396 398 47 64 
256 238 396 64 42 
257 64 401 399 400 
258 401 47 402 399 
259 399 402 65 152 
260 400 399 152 63 
261 63 405 403 404 
262 405 152 406 403 
263 403 406 151 183 
264 404 403 183 81 
265 81 409 407 408 
266 409 183 410 407 
267 407 410 182 191 
268 408 407 191 157 
269 157 413 411 412 
270 413 191 414 411 
271 411 414 189 380 
272 417 380 418 415 
273 415 418 378 419 
274 42 421 420 242 
275 421 64 400 420 
276 420 400 63 80 
277 242 420 80 58 
278 80 424 422 423 
279 424 63 404 422 
280 422 404 81 156 
281 423 422 156 79 
282 156 427 425 426 
283 427 81 408 425 
284 425 408 157 372 
285 426 425 372 155 
286 372 430 428 429 
287 430 157 412 428 
288 66 382 435 436 
289 382 193 437 435 
290 435 437 374 438 
291 436 435 438 375 
292 379 419 439 440 
293 419 378 441 439 
294 439 441 382 442 
295 440 439 442 66 
296 445 415 446 443 
297 443 446 419 447 
298 444 443 447 379 
299 373 389 448 449 
300 389 66 436 448 
301 448 436 375 450 
302 449 448 450 383 
303 386 434 451 452 
304 434 379 440 451 
305 451 440 66 453 
306 452 451 453 389 
307 431 456 454 455 
308 456 416 444 454 
309 454 444 379 457 
310 455 454 457 434 
311 412 460 458 459 
312 460 411 461 458 
313 458 461 380 417 
314 459 458 417 190 
315 190 464 462 463 
316 464 417 465 462 
317 462 465 415 445 
318 463 462 445 416 
319 416 468 466 467 
320 468 445 469 466 
321 466 469 443 470 
322 467 466 470 444 
323 432 481 479 480 
324 481 431 455 479 
325 479 455 434 482 
326 480 479 482 386 
327 155 485 483 484 
328 485 372 429 483 
329 387 478 490 491 
330 478 386 452 490 
331 490 452 389 492 
332 491 490 492 373 
333 476 495 493 494 
334 495 475 496 493 
335 493 496 478 497 
336 494 493 497 387 
337 82 181 498 499 
338 498 384 175 500 
339 499 498 500 133 
340 158 474 501 502 
341 474 373 449 501 
342 501 449 383 503 
343 502 501 503 384 
344 471 489 504 505 
345 489 387 491 504 
346 504 491 373 506 
347 505 504 506 474 
348 486 509 507 508 
349 509 476 494 507 
350 507 494 387 510 
351 508 507 510 489 
352 178 513 511 512 
353 513 180 472 511 
354 511 472 158 514 
355 512 511 514 181 
356 180 517 515 516 
357 516 515 518 472 
358 521 486 508 519 
359 519 508 489 522 
360 520 519 522 471 
361 472 518 523 524 
362 518 471 505 523 
363 523 505 474 525 
364 524 523 525 158 
365 515 528 526 527 
366 528 487 520 526 
367 526 520 471 529 
368 527 526 529 518 
369 483 532 530 531 
370 532 429 533 530 
371 530 533 371 488 
372 531 530 488 473 
373 473 536 534 535 
374 536 488 537 534 
375 534 537 486 521 
376 535 534 521 487 
377 487 540 538 539 
378 540 521 541 538 
379 538 541 519 542 
380 539 538 542 520 
381 1 545 543 544 
382 545 12 228 543 
383 543 228 10 94 
384 544 543 94 11 
385 16 547 546 392 
386 547 2 548 546 
387 546 548 17 140 
388 392 546 140 15 
389 10 551 549 550 
390 551 25 232 549 
391 549 232 23 98 
392 550 549 98 24 
393 32 553 552 395 
394 553 15 554 552 
395 552 554 33 144 
396 395 552 144 31 
397 23 557 555 556 
398 557 41 236 555 
399 555 236 39 102 
400 556 555 102 40 
401 48 559 558 398 
402 559 31 560 558 
403 558 560 49 148 
404 398 558 148 47 
405 39 563 561 562 
406 563 57 240 561 
407 561 240 55 106 
408 562 561 106 56 
409 55 566 564 565 
410 566 73 244 564 
411 564 244 71 110 
412 565 564 110 72 
413 58 568 567 246 
414 568 80 423 567 
415 567 423 79 125 
416 246 567 125 74 
417 110 571 569 570 
418 571 71 356 569 
419 569 356 88 323 
420 570 569 323 108 
421 121 573 572 361 
422 573 87 574 572 
423 572 574 122 311 
424 361 572 311 119 
425 74 576 575 250 
426 576 125 577 575 
427 575 577 124 136 
428 250 575 136 90 
429 125 579 578 577 
430 579 79 580 578 
431 578 580 126 160 
432 577 578 160 124 
433 87 582 581 574 
434 582 129 252 581 
435 581 252 128 221 
436 574 581 221 122 
437 127 162 583 204 
438 162 82 499 583 
439 583 499 133 584 
440 204 583 584 132 
441 90 586 585 254 
442 586 136 587 585 
443 585 587 135 207 
444 254 585 207 130 
445 79 589 588 580 
446 589 156 426 588 
447 588 426 155 179 
448 580 588 179 126 
449 179 592 590 591 
450 592 155 484 590 
451 590 484 180 513 
452 591 590 513 178 
453 130 594 593 258 
454 594 207 595 593 
455 593 595 206 275 
456 258 593 275 201 
457 219 597 596 319 
458 597 199 224 596 
459 596 224 131 598 
460 319 596 598 222 
461 255 600 599 270 
462 600 258 601 599 
463 599 601 201 279 
464 270 599 279 216 
465 264 604 602 603 
466 604 256 268 602 
467 602 268 198 289 
468 603 602 289 225 
469 119 606 605 365 
470 606 311 607 605 
471 605 607 309 334 
472 365 605 334 310 
473 309 609 608 335 
474 609 220 317 608 
475 608 317 91 610 
476 335 608 610 312 
477 323 613 611 612 
478 613 88 359 611 
479 611 359 120 349 
480 612 611 349 321 
481 120 616 614 615 
482 616 327 363 614 
483 614 363 325 353 
484 615 614 353 326 
485 324 350 617 618 
486 350 75 341 617 
487 617 341 307 619 
488 618 617 619 337 
489 428 622 620 621 
490 622 412 459 620 
491 620 459 190 433 
492 621 620 433 388 
493 429 624 623 533 
494 624 428 621 623 
495 623 621 388 477 
496 533 623 477 371 
497 433 627 625 626 
498 627 190 463 625 
499 625 463 416 456 
500 626 625 456 431 
501 475 629 628 496 
502 629 432 480 628 
503 628 480 386 630 
504 496 628 630 478 
505 484 633 631 632 
506 633 483 531 631 
507 631 531 473 517 
508 632 631 517 180 
509 488 635 634 537 
510 635 371 636 634 
511 634 636 476 509 
512 537 634 509 486 
513 181 514 637 638 
514 514 158 502 637 
515 637 502 384 639 
516 638 637 639 498 
517 517 642 640 641 
518 642 473 535 640 
519 640 535 487 528 
520 641 640 528 515 
521 221 645 643 644 
522 645 128 265 643 
523 643 265 199 597 
524 644 643 597 219 
525 311 647 646 607 
526 647 122 648 646 
527 646 648 220 609 
528 607 646 609 309 
529 388 651 649 650 
530 651 433 626 649 
531 649 626 431 481 
532 650 649 481 432 
533 371 653 652 636 
534 653 477 654 652 
535 652 654 475 495 
536 636 652 495 476 
537 477 656 655 654 
538 656 388 650 655 
539 655 650 432 629 
540 654 655 629 475 
541 122 658 657 648 
542 658 221 644 657 
543 657 644 219 318 
544 648 657 318 220 
