2 0.000000 100.000000 473.401889
725 598 
1 -24.543877 0.000000 -24.520467 96.112242 0.000000 27.569104 0.000238 
2 27.755917 0.000000 -24.520467 96.123931 0.000000 27.498297 0.000403 
3 27.755917 0.000000 24.733386 96.200839 0.000000 27.341456 -0.000216 
4 -24.543877 0.000000 24.733386 96.148335 0.000000 27.565833 -0.000438 
5 1.606020 0.000000 0.106459 86.890913 0.000000 -0.128620 0.244995 
6 -24.543877 0.000000 0.106459 96.132955 0.000000 27.588330 -0.000266 
7 1.606020 0.000000 -24.520467 96.084839 0.000000 27.522121 0.001024 
8 27.755917 0.000000 0.106459 96.376844 0.000000 26.647824 0.000140 
9 1.606020 0.000000 24.733386 96.198450 0.000000 27.491930 -0.000995 
10 -11.468929 0.000000 -12.207004 96.068639 0.000000 27.584846 0.000989 
11 -24.543877 0.000000 -12.207004 96.114517 0.000000 27.580179 0.000133 
12 -11.468929 0.000000 -24.520467 96.095365 0.000000 27.558836 0.000619 
13 1.606020 0.000000 -12.207004 95.970451 0.000000 27.393573 0.003926 
14 -11.468929 0.000000 0.106459 96.153626 0.000000 27.664907 -0.001087 
15 14.680969 0.000000 -12.207004 96.118132 0.000000 27.314156 0.001524 
16 14.680969 0.000000 -24.520467 96.105560 0.000000 27.494713 0.000776 
17 27.755917 0.000000 -12.207004 96.151745 0.000000 27.391116 0.000457 
18 14.680969 0.000000 0.106459 96.812958 0.000000 25.029078 0.000080 
19 -11.468929 0.000000 12.419923 96.216858 0.000000 27.571425 -0.001787 
20 -24.543877 0.000000 12.419923 96.149432 0.000000 27.577551 -0.000523 
21 1.606020 0.000000 12.419923 96.407889 0.000000 27.281065 -0.003874 
22 -11.468929 0.000000 24.733386 96.173127 0.000000 27.549130 -0.000823 
23 -4.931454 0.000000 -6.050272 95.888308 0.000000 27.638218 0.004156 
24 -11.468929 0.000000 -6.050272 96.076807 0.000000 27.631072 0.000577 
25 -4.931454 0.000000 -12.207004 96.001805 0.000000 27.541729 0.002511 
26 1.606020 0.000000 -6.050272 95.560769 0.000000 26.971712 0.014067 
27 -4.931454 0.000000 0.106459 96.226978 0.000000 27.980260 -0.004253 
28 14.680969 0.000000 12.419923 96.387089 0.000000 26.793553 -0.000837 
29 27.755917 0.000000 12.419923 96.628799 0.000000 25.830422 -0.000434 
30 14.680969 0.000000 24.733386 96.196814 0.000000 27.417833 -0.000556 
31 8.143494 0.000000 -6.050272 96.094165 0.000000 26.702083 0.005291 
32 8.143494 0.000000 -12.207004 96.051893 0.000000 27.297915 0.002886 
33 14.680969 0.000000 -6.050272 96.217813 0.000000 26.946178 0.001604 
34 8.143494 0.000000 0.106459 97.733203 0.000000 21.392230 -0.000941 
35 -4.931454 0.000000 6.263191 96.491100 0.000000 27.586596 -0.007155 
36 -11.468929 0.000000 6.263191 96.222232 0.000000 27.620338 -0.002160 
37 1.606020 0.000000 6.263191 97.048845 0.000000 26.659851 -0.012923 
38 -4.931454 0.000000 12.419923 96.313894 0.000000 27.503089 -0.003279 
39 -1.662717 0.000000 -2.971906 95.194975 0.000000 27.851879 0.016219 
40 -4.931454 0.000000 -2.971906 95.915803 0.000000 27.827965 0.002576 
41 -1.662717 0.000000 -6.050272 95.649999 0.000000 27.459467 0.009706 
42 1.606020 0.000000 -2.971906 94.465984 0.000000 25.873738 0.040673 
43 -1.662717 0.000000 0.106459 96.407013 0.000000 29.323817 -0.015420 
44 8.143494 0.000000 6.263191 96.848150 0.000000 25.504025 -0.003002 
45 14.680969 0.000000 6.263191 97.130618 0.000000 24.131799 -0.001670 
46 8.143494 0.000000 12.419923 96.384759 0.000000 27.026944 -0.002048 
47 4.874757 0.000000 -2.971906 95.899506 0.000000 25.083183 0.017412 
48 4.874757 0.000000 -6.050272 95.850953 0.000000 26.657394 0.010198 
49 8.143494 0.000000 -2.971906 96.367563 0.000000 25.695338 0.005304 
50 4.874757 0.000000 0.106459 99.056216 0.000000 14.789773 -0.003087 
51 -1.662717 0.000000 3.184825 97.421751 0.000000 27.703043 -0.025846 
52 -4.931454 0.000000 3.184825 96.510416 0.000000 27.787772 -0.008642 
53 1.606020 0.000000 3.184825 98.533225 0.000000 25.419335 -0.035494 
54 -1.662717 0.000000 6.263191 96.823952 0.000000 27.338200 -0.012225 
55 -0.028349 0.000000 -1.432724 92.517070 0.000000 28.173522 0.064684 
56 -1.662717 0.000000 -1.432724 95.209339 0.000000 28.615891 0.011631 
57 -0.028349 0.000000 -2.971906 94.475605 0.000000 27.192354 0.033494 
58 1.606020 0.000000 -1.432724 92.752720 0.000000 23.485663 0.084536 
59 -0.028349 0.000000 0.106459 53.700677 0.000000 -2.413317 0.711041 
60 4.874757 0.000000 3.184825 97.652102 0.000000 23.614931 -0.009360 
61 8.143494 0.000000 3.184825 97.506136 0.000000 22.996395 -0.003628 
62 4.874757 0.000000 6.263191 96.923233 0.000000 25.991507 -0.006967 
63 3.240389 0.000000 -1.432724 94.756646 0.000000 22.222126 0.052736 
64 3.240389 0.000000 -2.971906 95.212386 0.000000 25.121368 0.030352 
65 4.874757 0.000000 -1.432724 96.431857 0.000000 22.678353 0.018659 
66 3.240389 0.000000 0.106459 97.945204 0.000000 -0.000000 0.040674 
67 -0.028349 0.000000 1.645642 100.216072 0.000000 27.909055 -0.082218 
68 -1.662717 0.000000 1.645642 97.518768 0.000000 28.485581 -0.032134 
69 1.606020 0.000000 1.645642 100.576076 0.000000 23.694498 -0.067698 
70 -0.028349 0.000000 3.184825 98.288616 0.000000 26.926799 -0.038570 
71 0.788836 0.000000 -0.663132 75.584672 0.000000 -0.918712 0.428611 
72 -0.028349 0.000000 -0.663132 90.708013 0.000000 30.771501 0.082517 
73 0.788836 0.000000 -1.432724 91.564396 0.000000 25.616515 0.095976 
74 1.606020 0.000000 -0.663132 96.405329 0.000000 0.071115 0.070601 
75 0.788836 0.000000 0.106459 55.600550 0.000000 -0.552212 0.690827 
76 -18.006403 0.000000 -6.050272 96.112676 0.000000 27.600970 0.000054 
77 -24.543877 0.000000 -6.050272 96.121761 0.000000 27.586189 -0.000039 
78 -18.006403 0.000000 -12.207004 96.101202 0.000000 27.585378 0.000361 
79 -18.006403 0.000000 0.106459 96.138309 0.000000 27.608122 -0.000478 
80 -8.200191 0.000000 -2.971906 96.065331 0.000000 27.720186 0.000304 
81 -11.468929 0.000000 -2.971906 96.106761 0.000000 27.655629 -0.000134 
82 -8.200191 0.000000 -6.050272 96.017192 0.000000 27.654540 0.001593 
83 -8.200191 0.000000 0.106459 96.175478 0.000000 27.745838 -0.001955 
84 -3.297086 0.000000 -1.432724 95.852781 0.000000 28.182203 0.001801 
85 -4.931454 0.000000 -1.432724 96.033835 0.000000 27.938214 -0.000304 
86 -3.297086 0.000000 -2.971906 95.690151 0.000000 27.893989 0.006532 
87 -3.297086 0.000000 0.106459 96.283869 0.000000 28.322256 -0.007273 
88 -0.845533 0.000000 -0.663132 94.725816 0.000000 30.114720 0.012012 
89 -1.662717 0.000000 -0.663132 95.628543 0.000000 29.130513 0.000660 
90 -0.845533 0.000000 -1.432724 94.248097 0.000000 28.834882 0.028585 
91 -0.845533 0.000000 0.106459 96.460627 0.000000 30.863723 -0.025722 
92 3.240389 0.000000 1.645642 98.962626 0.000000 22.260940 -0.028915 
93 4.874757 0.000000 1.645642 98.538356 0.000000 19.584868 -0.009337 
94 3.240389 0.000000 3.184825 98.072072 0.000000 24.262559 -0.020680 
95 0.788836 0.000000 0.876051 104.976268 0.000000 25.638727 -0.167736 
96 -0.028349 0.000000 0.876051 101.668318 0.000000 30.403597 -0.126083 
97 1.606020 0.000000 0.876051 101.369666 0.000000 22.595226 -0.078635 
98 0.788836 0.000000 1.645642 101.269448 0.000000 25.723086 -0.091718 
99 0.380244 0.000000 -0.278336 67.813787 0.000000 -1.334118 0.539951 
100 -0.028349 0.000000 -0.278336 57.452236 0.000000 -2.578680 0.669259 
101 0.380244 0.000000 -0.663132 51.830363 0.000000 -2.164530 0.730893 
102 0.788836 0.000000 -0.278336 74.855491 0.000000 -0.950704 0.439575 
103 0.380244 0.000000 0.106459 82.507802 0.000000 -0.632563 0.319206 
104 2.423204 0.000000 -0.663132 93.706776 0.000000 20.871707 0.078341 
105 2.423204 0.000000 -1.432724 93.923955 0.000000 22.799356 0.065848 
106 3.240389 0.000000 -0.663132 93.644925 0.000000 18.235225 0.089810 
107 2.423204 0.000000 0.106459 100.391341 0.000000 11.256450 -0.020513 
108 1.197428 0.000000 -0.278336 78.579172 0.000000 -0.750055 0.382475 
109 1.197428 0.000000 -0.663132 78.995154 0.000000 -0.419950 0.375959 
110 1.606020 0.000000 -0.278336 90.322259 0.000000 -0.038500 0.184189 
111 1.197428 0.000000 0.106459 79.139804 0.000000 -0.718949 0.373637 
112 -18.006403 0.000000 6.263191 96.162229 0.000000 27.597436 -0.000879 
113 -24.543877 0.000000 6.263191 96.143592 0.000000 27.584655 -0.000450 
114 -18.006403 0.000000 12.419923 96.169852 0.000000 27.579899 -0.000929 
115 -8.200191 0.000000 3.184825 96.278642 0.000000 27.705482 -0.003717 
116 -11.468929 0.000000 3.184825 96.198242 0.000000 27.649340 -0.001859 
117 -8.200191 0.000000 6.263191 96.312554 0.000000 27.634025 -0.003975 
118 -3.297086 0.000000 1.645642 96.693204 0.000000 28.132974 -0.014104 
119 -4.931454 0.000000 1.645642 96.412058 0.000000 27.914526 -0.007451 
120 -3.297086 0.000000 3.184825 96.815249 0.000000 27.826944 -0.014753 
121 -0.845533 0.000000 0.876051 98.236210 0.000000 29.935297 -0.054647 
122 -1.662717 0.000000 0.876051 97.162854 0.000000 29.046999 -0.028435 
123 -0.845533 0.000000 1.645642 98.540682 0.000000 28.587110 -0.052749 
124 0.380244 0.000000 0.491255 64.166999 0.000000 -1.502534 0.588034 
125 -0.028349 0.000000 0.491255 69.911219 0.000000 -2.865541 0.510421 
126 0.788836 0.000000 0.491255 75.222526 0.000000 -0.934465 0.434070 
127 0.380244 0.000000 0.876051 104.123755 0.000000 28.623273 -0.166105 
128 0.584540 0.000000 -0.085938 57.520130 0.000000 -0.559947 0.669112 
129 0.380244 0.000000 -0.085938 82.725910 0.000000 -0.622484 0.315604 
130 0.584540 0.000000 -0.278336 73.547501 0.000000 -1.037163 0.458969 
131 0.788836 0.000000 -0.085938 54.869399 0.000000 -0.531280 0.698907 
132 0.584540 0.000000 0.106459 58.007063 0.000000 -0.583410 0.663484 
133 -0.436941 0.000000 -0.278336 94.812978 0.000000 31.857161 -0.000438 
134 -0.845533 0.000000 -0.278336 95.475776 0.000000 30.655696 -0.005540 
135 -0.436941 0.000000 -0.663132 93.549080 0.000000 30.759566 0.030242 
136 -0.436941 0.000000 0.106459 96.395238 0.000000 32.271575 -0.033350 
137 0.175947 0.000000 -0.085938 79.023024 0.000000 -0.829660 0.375467 
138 -0.028349 0.000000 -0.085938 85.340549 0.000000 -0.694167 0.271651 
139 0.175947 0.000000 -0.278336 58.814014 0.000000 -1.797041 0.653768 
140 0.175947 0.000000 0.106459 73.784095 0.000000 -1.082526 0.455474 
141 2.423204 0.000000 0.876051 100.604199 0.000000 21.074382 -0.056533 
142 3.240389 0.000000 0.876051 102.112423 0.000000 14.479618 -0.063661 
143 2.423204 0.000000 1.645642 99.631975 0.000000 22.809252 -0.044679 
144 1.197428 0.000000 0.491255 78.102008 0.000000 -0.777386 0.389947 
145 1.606020 0.000000 0.491255 94.902569 0.000000 0.025821 0.099350 
146 1.197428 0.000000 0.876051 103.475086 0.000000 23.205357 -0.124558 
147 0.584540 0.000000 0.298857 73.448881 0.000000 -1.042748 0.460417 
148 0.380244 0.000000 0.298857 67.751182 0.000000 -1.338693 0.540799 
149 0.788836 0.000000 0.298857 74.797588 0.000000 -0.953016 0.440441 
150 0.584540 0.000000 0.491255 74.129792 0.000000 -1.004072 0.450377 
151 0.482392 0.000000 0.010260 84.729077 0.000000 -0.258841 0.282092 
152 0.380244 0.000000 0.010260 90.765410 0.000000 -0.233340 0.176159 
153 0.482392 0.000000 -0.085938 73.454506 0.000000 -0.553288 0.460413 
154 0.584540 0.000000 0.010260 76.927548 0.000000 -0.227869 0.408210 
155 0.482392 0.000000 0.106459 81.934028 0.000000 -0.637231 0.328641 
156 -0.436941 0.000000 0.491255 98.460185 0.000000 31.918947 -0.071323 
157 -0.845533 0.000000 0.491255 97.506869 0.000000 30.607837 -0.044443 
158 -0.436941 0.000000 0.876051 99.475211 0.000000 30.497331 -0.082540 
159 0.175947 0.000000 0.298857 58.805491 0.000000 -1.798994 0.653868 
160 -0.028349 0.000000 0.298857 53.656518 0.000000 -2.411791 0.711516 
161 0.175947 0.000000 0.491255 55.736670 0.000000 -1.952162 0.688961 
162 0.278096 0.000000 0.010260 92.858571 0.000000 -0.168935 0.137726 
163 0.175947 0.000000 0.010260 93.183125 0.000000 -0.178666 0.131687 
164 0.278096 0.000000 -0.085938 82.958140 0.000000 -0.630319 0.311755 
165 0.278096 0.000000 0.106459 82.194477 0.000000 -0.666618 0.324362 
166 -4.931454 0.000000 -18.363735 96.060088 0.000000 27.537891 0.001412 
167 -11.468929 0.000000 -18.363735 96.082714 0.000000 27.565023 0.000828 
168 -4.931454 0.000000 -24.520467 96.086560 0.000000 27.543466 0.000873 
169 1.606020 0.000000 -18.363735 96.053392 0.000000 27.489643 0.001807 
170 -1.662717 0.000000 -9.128638 95.860838 0.000000 27.451471 0.005712 
171 -4.931454 0.000000 -9.128638 95.941154 0.000000 27.567057 0.003535 
172 -1.662717 0.000000 -12.207004 95.969979 0.000000 27.479239 0.003465 
173 1.606020 0.000000 -9.128638 95.852184 0.000000 27.267350 0.006885 
174 -0.028349 0.000000 -4.511089 95.203274 0.000000 27.162160 0.019855 
175 -1.662717 0.000000 -4.511089 95.444881 0.000000 27.549714 0.013129 
176 -0.028349 0.000000 -6.050272 95.548244 0.000000 27.242599 0.012837 
177 1.606020 0.000000 -4.511089 95.213953 0.000000 26.619089 0.022573 
178 0.788836 0.000000 -2.202315 93.373833 0.000000 26.233890 0.059311 
179 -0.028349 0.000000 -2.202315 93.737777 0.000000 27.417947 0.046149 
180 0.788836 0.000000 -2.971906 94.320645 0.000000 26.535878 0.039946 
181 1.606020 0.000000 -2.202315 93.752173 0.000000 25.091663 0.058094 
182 0.380244 0.000000 -1.047928 90.232833 0.000000 27.304316 0.111251 
183 -0.028349 0.000000 -1.047928 91.735232 0.000000 29.037361 0.074148 
184 0.380244 0.000000 -1.432724 91.773556 0.000000 27.054937 0.084564 
185 0.788836 0.000000 -1.047928 89.810942 0.000000 24.863341 0.131581 
186 0.584540 0.000000 -0.470734 74.221259 0.000000 -0.999060 0.449021 
187 0.380244 0.000000 -0.470734 64.210821 0.000000 -1.498844 0.587472 
188 0.584540 0.000000 -0.663132 64.754561 0.000000 -1.450130 0.580474 
189 0.788836 0.000000 -0.470734 75.269213 0.000000 -0.932641 0.433368 
190 0.482392 0.000000 -0.182137 76.566177 0.000000 -0.904107 0.413680 
191 0.380244 0.000000 -0.182137 74.348330 0.000000 -1.022878 0.447128 
192 0.482392 0.000000 -0.278336 73.239272 0.000000 -1.061165 0.463488 
193 0.584540 0.000000 -0.182137 76.295199 0.000000 -0.895232 0.417824 
194 0.431318 0.000000 -0.037839 88.317979 0.000000 -0.340362 0.219982 
195 0.380244 0.000000 -0.037839 89.451582 0.000000 -0.294046 0.199833 
196 0.431318 0.000000 -0.085938 84.142639 0.000000 -0.539305 0.291973 
197 0.482392 0.000000 -0.037839 83.383249 0.000000 -0.293717 0.304715 
198 0.431318 0.000000 0.010260 91.518552 0.000000 -0.189683 0.162432 
199 0.993132 0.000000 -0.085938 80.331301 0.000000 -0.569387 0.354656 
200 0.993132 0.000000 -0.278336 76.833959 0.000000 -0.838738 0.409584 
201 1.197428 0.000000 -0.085938 79.086991 0.000000 -0.721822 0.374473 
202 0.993132 0.000000 0.106459 80.062846 0.000000 -0.587001 0.358960 
203 0.686688 0.000000 0.010260 -18.450327 0.000000 -1.113836 0.965834 
204 0.686688 0.000000 -0.085938 50.915059 0.000000 -0.553623 0.740735 
205 0.788836 0.000000 0.010260 37.788014 0.000000 -0.577575 0.857173 
206 0.686688 0.000000 0.106459 52.259194 0.000000 -0.576112 0.726864 
207 0.686688 0.000000 -0.182137 59.414415 0.000000 -0.869241 0.646917 
208 0.686688 0.000000 -0.278336 74.083244 0.000000 -0.999814 0.451067 
209 0.788836 0.000000 -0.182137 73.487537 0.000000 -0.825491 0.459890 
210 0.635614 0.000000 -0.037839 62.610100 0.000000 -0.372068 0.607984 
211 0.584540 0.000000 -0.037839 71.335904 0.000000 -0.315804 0.491109 
212 0.635614 0.000000 -0.085938 54.406738 0.000000 -0.561372 0.703959 
213 0.686688 0.000000 -0.037839 48.427855 0.000000 -0.522895 0.765447 
214 0.635614 0.000000 0.010260 64.606783 0.000000 -0.337204 0.582585 
215 0.993132 0.000000 0.298857 76.870888 0.000000 -0.835862 0.409017 
216 1.197428 0.000000 0.298857 78.688035 0.000000 -0.744003 0.380764 
217 0.993132 0.000000 0.491255 76.732818 0.000000 -0.848691 0.411135 
218 0.890984 0.000000 0.010260 80.447286 0.000000 -0.214709 0.352819 
219 0.890984 0.000000 -0.085938 77.837478 0.000000 -0.533824 0.394104 
220 0.993132 0.000000 0.010260 86.447271 0.000000 -0.187481 0.252683 
221 0.890984 0.000000 0.106459 77.649249 0.000000 -0.555678 0.397029 
222 0.737762 0.000000 -0.037839 57.072740 0.000000 -0.668197 0.674226 
223 0.737762 0.000000 -0.085938 51.450214 0.000000 -0.544201 0.735258 
224 0.788836 0.000000 -0.037839 53.863232 0.000000 -0.501467 0.709850 
225 0.737762 0.000000 0.010260 59.342436 0.000000 -0.772034 0.647788 
226 0.686688 0.000000 0.202658 73.716875 0.000000 -1.018783 0.456478 
227 0.584540 0.000000 0.202658 73.146530 0.000000 -1.060314 0.464846 
228 0.788836 0.000000 0.202658 74.596169 0.000000 -0.961741 0.443449 
229 0.686688 0.000000 0.298857 73.995942 0.000000 -1.004222 0.452359 
230 0.635614 0.000000 0.058360 61.594494 0.000000 -0.404226 0.620595 
231 0.584540 0.000000 0.058360 65.141027 0.000000 -0.417788 0.575647 
232 0.686688 0.000000 0.058360 49.474783 0.000000 -0.538038 0.755196 
233 0.635614 0.000000 0.106459 51.560918 0.000000 -0.641758 0.734106 
234 0.661151 0.000000 -0.013789 8.060567 0.000000 -1.048087 0.993393 
235 0.635614 0.000000 -0.013789 64.399833 0.000000 -0.339827 0.585255 
236 0.661151 0.000000 -0.037839 59.458910 0.000000 -0.398231 0.646448 
237 0.686688 0.000000 -0.013789 -16.842464 0.000000 -1.077692 0.971517 
238 0.661151 0.000000 0.010260 3.200376 0.000000 -1.110588 0.998852 
239 0.533466 0.000000 -0.037839 80.801630 0.000000 -0.310660 0.347100 
240 0.533466 0.000000 -0.085938 71.550128 0.000000 -0.556810 0.488027 
241 0.533466 0.000000 0.010260 84.625782 0.000000 -0.223613 0.283843 
242 0.610077 0.000000 -0.013789 73.070374 0.000000 -0.258890 0.466065 
243 0.584540 0.000000 -0.013789 76.260493 0.000000 -0.237968 0.418428 
244 0.610077 0.000000 -0.037839 66.068630 0.000000 -0.364367 0.563480 
245 0.610077 0.000000 0.010260 74.656700 0.000000 -0.236983 0.442632 
246 0.737762 0.000000 0.058360 50.260311 0.000000 -0.528790 0.747362 
247 0.788836 0.000000 0.058360 54.310858 0.000000 -0.515739 0.705006 
248 0.737762 0.000000 0.106459 49.614624 0.000000 -0.623545 0.753800 
249 0.661151 0.000000 0.034310 59.507340 0.000000 -0.397506 0.645872 
250 0.635614 0.000000 0.034310 62.865026 0.000000 -0.368822 0.604785 
251 0.686688 0.000000 0.034310 48.352856 0.000000 -0.523581 0.766173 
252 0.661151 0.000000 0.058360 49.756300 0.000000 -0.541600 0.752402 
253 0.648382 0.000000 -0.001764 -45.598057 0.000000 -0.810581 0.792016 
254 0.635614 0.000000 -0.001764 -30.694496 0.000000 -0.155227 0.905782 
255 0.648382 0.000000 -0.013789 61.694639 0.000000 -0.365631 0.619364 
256 0.661151 0.000000 -0.001764 -12.684930 0.000000 -1.303034 0.983739 
257 0.648382 0.000000 0.010260 61.780400 0.000000 -0.364501 0.618305 
258 1.197428 0.000000 -1.047928 90.727243 0.000000 22.834272 0.124716 
259 1.197428 0.000000 -1.432724 91.983259 0.000000 24.312535 0.094798 
260 1.606020 0.000000 -1.047928 92.228996 0.000000 21.908242 0.101384 
261 0.993132 0.000000 -0.470734 76.696874 0.000000 -0.851441 0.411686 
262 0.993132 0.000000 -0.663132 76.597115 0.000000 -0.860933 0.413214 
263 1.197428 0.000000 -0.470734 77.999204 0.000000 -0.783266 0.391551 
264 0.890984 0.000000 -0.182137 75.732978 0.000000 -0.895919 0.426371 
265 0.890984 0.000000 -0.278336 75.810042 0.000000 -0.894754 0.425204 
266 0.993132 0.000000 -0.182137 76.905989 0.000000 -0.832223 0.408478 
267 0.839910 0.000000 -0.037839 71.003063 0.000000 -0.284076 0.495848 
268 0.839910 0.000000 -0.085938 63.958766 0.000000 -0.568273 0.590895 
269 0.890984 0.000000 -0.037839 78.223288 0.000000 -0.250816 0.388105 
270 0.839910 0.000000 0.010260 73.214286 0.000000 -0.181170 0.463964 
271 2.014612 0.000000 -0.278336 96.638265 0.000000 0.072285 0.066104 
272 2.014612 0.000000 -0.663132 93.695308 0.000000 20.216392 0.081249 
273 2.423204 0.000000 -0.278336 94.696604 0.000000 20.429001 0.061521 
274 2.014612 0.000000 0.106459 96.492272 0.000000 0.077643 0.068924 
275 1.401724 0.000000 -0.085938 80.010347 0.000000 -0.680035 0.359788 
276 1.401724 0.000000 -0.278336 79.472869 0.000000 -0.707983 0.368356 
277 1.606020 0.000000 -0.085938 94.598691 0.000000 -0.037114 0.105109 
278 1.401724 0.000000 0.106459 80.062623 0.000000 -0.677354 0.358952 
279 1.095280 0.000000 0.010260 85.775082 0.000000 -0.057862 0.264263 
280 1.095280 0.000000 -0.085938 78.154004 0.000000 -0.766840 0.389136 
281 1.197428 0.000000 0.010260 94.744867 0.000000 -0.034499 0.102341 
282 1.095280 0.000000 0.106459 78.193759 0.000000 -0.764475 0.388515 
283 0.942058 0.000000 -0.037839 84.370935 0.000000 -0.327832 0.288144 
284 0.942058 0.000000 -0.085938 78.677616 0.000000 -0.519396 0.380956 
285 0.993132 0.000000 -0.037839 84.650040 0.000000 -0.274615 0.283430 
286 0.942058 0.000000 0.010260 86.414591 0.000000 -0.236089 0.253246 
287 1.095280 0.000000 -0.182137 77.995058 0.000000 -0.776552 0.391617 
288 1.095280 0.000000 -0.278336 77.793188 0.000000 -0.789061 0.394760 
289 1.197428 0.000000 -0.182137 78.865478 0.000000 -0.734045 0.377970 
290 1.044206 0.000000 -0.037839 81.533724 0.000000 -0.410756 0.335208 
291 1.044206 0.000000 -0.085938 80.910447 0.000000 -0.513358 0.345324 
292 1.095280 0.000000 -0.037839 83.713480 0.000000 -0.173033 0.299202 
293 1.044206 0.000000 0.010260 86.818056 0.000000 -0.068918 0.246262 
294 0.890984 0.000000 0.202658 75.720277 0.000000 -0.895705 0.426564 
295 0.993132 0.000000 0.202658 76.936725 0.000000 -0.829821 0.408005 
296 0.890984 0.000000 0.298857 75.796817 0.000000 -0.894443 0.425404 
297 0.942058 0.000000 0.058360 83.383785 0.000000 -0.363344 0.304701 
298 0.890984 0.000000 0.058360 77.198476 0.000000 -0.351969 0.404027 
299 0.993132 0.000000 0.058360 81.261867 0.000000 -0.444604 0.339631 
300 0.942058 0.000000 0.106459 78.416752 0.000000 -0.540224 0.385052 
301 0.967595 0.000000 -0.013789 86.090468 0.000000 -0.207758 0.258839 
302 0.942058 0.000000 -0.013789 86.323249 0.000000 -0.238735 0.254824 
303 0.967595 0.000000 -0.037839 85.253798 0.000000 -0.243994 0.273173 
304 0.993132 0.000000 -0.013789 86.143752 0.000000 -0.201577 0.257921 
305 0.967595 0.000000 0.010260 86.193512 0.000000 -0.203158 0.257064 
306 0.916521 0.000000 -0.013789 87.607991 0.000000 -0.226482 0.232479 
307 0.890984 0.000000 -0.013789 80.189253 0.000000 -0.217918 0.356964 
308 0.916521 0.000000 -0.037839 84.733264 0.000000 -0.312379 0.282018 
309 0.916521 0.000000 0.010260 88.270636 0.000000 -0.207405 0.220825 
310 2.014612 0.000000 0.491255 101.457498 0.000000 14.358346 -0.049979 
311 2.423204 0.000000 0.491255 102.030694 0.000000 15.307413 -0.064458 
312 2.014612 0.000000 0.876051 100.238725 0.000000 22.519809 -0.055494 
313 1.401724 0.000000 0.298857 79.588831 0.000000 -0.701930 0.366513 
314 1.606020 0.000000 0.298857 90.358193 0.000000 -0.037893 0.183540 
315 1.401724 0.000000 0.491255 80.441840 0.000000 -0.377305 0.352897 
316 1.095280 0.000000 0.202658 78.062931 0.000000 -0.772482 0.390558 
317 1.197428 0.000000 0.202658 78.956340 0.000000 -0.729059 0.376536 
318 1.095280 0.000000 0.298857 77.873695 0.000000 -0.784179 0.393507 
319 1.044206 0.000000 0.058360 81.224619 0.000000 -0.478199 0.340233 
320 1.095280 0.000000 0.058360 79.623861 0.000000 -0.571346 0.365971 
321 1.044206 0.000000 0.106459 77.613005 0.000000 -0.793377 0.397559 
322 0.967595 0.000000 0.034310 85.364314 0.000000 -0.239554 0.271288 
323 0.942058 0.000000 0.034310 84.538566 0.000000 -0.322658 0.285313 
324 0.993132 0.000000 0.034310 84.805030 0.000000 -0.266777 0.280804 
325 0.967595 0.000000 0.058360 79.325054 0.000000 -0.497143 0.370729 
326 0.954826 0.000000 -0.001764 89.680646 0.000000 -0.121845 0.195737 
327 0.942058 0.000000 -0.001764 88.591849 0.000000 -0.163906 0.215146 
328 0.954826 0.000000 -0.013789 85.956370 0.000000 -0.222935 0.261145 
329 0.967595 0.000000 -0.001764 86.348728 0.000000 -0.196037 0.254386 
330 0.954826 0.000000 0.010260 88.371124 0.000000 -0.157315 0.219052 
331 1.299576 0.000000 0.010260 94.614228 0.000000 -0.102763 0.104814 
332 1.299576 0.000000 -0.085938 79.698082 0.000000 -0.693560 0.364773 
333 1.401724 0.000000 0.010260 95.358088 0.000000 -0.087518 0.090683 
334 1.299576 0.000000 0.106459 79.754255 0.000000 -0.690625 0.363878 
335 1.146354 0.000000 -0.037839 89.921762 0.000000 -0.180166 0.191404 
336 1.146354 0.000000 -0.085938 78.658987 0.000000 -0.742236 0.381221 
337 1.197428 0.000000 -0.037839 87.001821 0.000000 -0.369575 0.243055 
338 1.146354 0.000000 0.010260 93.184689 0.000000 -0.065845 0.131661 
339 1.401724 0.000000 -0.470734 82.910472 0.000000 -0.258319 0.312579 
340 1.401724 0.000000 -0.663132 94.823273 0.000000 0.023298 0.100855 
341 1.606020 0.000000 -0.470734 94.895030 0.000000 0.025581 0.099493 
342 1.299576 0.000000 -0.182137 79.456641 0.000000 -0.706303 0.368614 
343 1.299576 0.000000 -0.278336 79.138090 0.000000 -0.723315 0.373664 
344 1.401724 0.000000 -0.182137 79.781704 0.000000 -0.691857 0.363440 
345 1.248502 0.000000 -0.037839 88.445587 0.000000 -0.336993 0.217726 
346 1.248502 0.000000 -0.085938 79.433069 0.000000 -0.705654 0.368989 
347 1.299576 0.000000 -0.037839 91.904985 0.000000 -0.215694 0.155343 
348 1.248502 0.000000 0.010260 95.054238 0.000000 -0.044958 0.096469 
349 1.299576 0.000000 0.202658 79.554604 0.000000 -0.701143 0.367057 
350 1.401724 0.000000 0.202658 79.874445 0.000000 -0.687066 0.361960 
351 1.299576 0.000000 0.298857 79.257691 0.000000 -0.716938 0.371770 
352 1.248502 0.000000 0.058360 85.216870 0.000000 -0.468491 0.273787 
353 1.197428 0.000000 0.058360 84.196233 0.000000 -0.511540 0.291073 
354 1.299576 0.000000 0.058360 88.724313 0.000000 -0.343614 0.212788 
355 1.248502 0.000000 0.106459 79.488680 0.000000 -0.702701 0.368106 
356 1.222965 0.000000 -0.013789 94.952622 0.000000 -0.031078 0.098400 
357 1.197428 0.000000 -0.013789 94.599542 0.000000 -0.041189 0.105092 
358 1.222965 0.000000 -0.037839 88.075283 0.000000 -0.352548 0.224262 
359 1.248502 0.000000 -0.013789 92.631048 0.000000 -0.168685 0.141946 
360 1.222965 0.000000 0.010260 95.148778 0.000000 -0.022275 0.094671 
361 1.810316 0.000000 -0.085938 97.271765 0.000000 0.015926 0.053820 
362 1.810316 0.000000 -0.278336 96.232875 0.000000 0.069267 0.073923 
363 2.014612 0.000000 -0.085938 97.897143 0.000000 0.012131 0.041615 
364 1.810316 0.000000 0.106459 95.665408 0.000000 0.053208 0.084813 
365 21.218443 0.000000 -6.050272 96.216417 0.000000 27.117166 0.000706 
366 21.218443 0.000000 -12.207004 96.144348 0.000000 27.354995 0.000797 
367 27.755917 0.000000 -6.050272 96.202968 0.000000 27.225557 0.000376 
368 21.218443 0.000000 0.106459 96.515005 0.000000 26.136447 0.000174 
369 11.412232 0.000000 -2.971906 96.396566 0.000000 26.137956 0.002451 
370 11.412232 0.000000 -6.050272 96.187956 0.000000 26.817608 0.002869 
371 14.680969 0.000000 -2.971906 96.375897 0.000000 26.451715 0.001199 
372 11.412232 0.000000 0.106459 97.122481 0.000000 23.840101 -0.000113 
373 6.509126 0.000000 -1.432724 96.785354 0.000000 23.794337 0.006642 
374 6.509126 0.000000 -2.971906 96.246637 0.000000 25.384082 0.009223 
375 8.143494 0.000000 -1.432724 96.760099 0.000000 24.535760 0.003548 
376 6.509126 0.000000 0.106459 98.408285 0.000000 19.195605 -0.005266 
377 4.057573 0.000000 -0.663132 96.494846 0.000000 18.535504 0.034518 
378 4.057573 0.000000 -1.432724 95.792770 0.000000 22.187665 0.033145 
379 4.874757 0.000000 -0.663132 97.309554 0.000000 20.006868 0.013058 
380 4.057573 0.000000 0.106459 98.936571 0.000000 11.932534 0.006917 
381 2.831796 0.000000 -0.278336 89.108436 0.000000 19.867478 0.166497 
382 2.831796 0.000000 -0.663132 92.886561 0.000000 20.098431 0.096814 
383 3.240389 0.000000 -0.278336 92.203897 0.000000 12.586205 0.134003 
384 2.831796 0.000000 0.106459 97.798192 0.000000 -0.000000 0.043551 
385 2.218908 0.000000 -0.085938 98.104405 0.000000 0.000000 0.037553 
386 2.218908 0.000000 -0.278336 95.307452 0.000000 19.175882 0.054878 
387 2.423204 0.000000 -0.085938 98.019908 0.000000 0.000000 0.039210 
388 2.218908 0.000000 0.106459 100.201569 0.000000 7.550577 -0.009737 
389 1.810316 0.000000 0.298857 95.656787 0.000000 0.052985 0.084978 
390 2.014612 0.000000 0.298857 96.638266 0.000000 0.072285 0.066104 
391 1.810316 0.000000 0.491255 96.407387 0.000000 0.071187 0.070561 
392 1.912464 0.000000 0.010260 97.959190 0.000000 0.002574 0.040400 
393 1.810316 0.000000 0.010260 97.798199 0.000000 0.002648 0.043551 
394 1.912464 0.000000 -0.085938 97.660646 0.000000 0.016375 0.046240 
395 2.014612 0.000000 0.010260 98.091894 0.000000 0.001602 0.037798 
396 1.912464 0.000000 0.106459 96.408892 0.000000 0.071239 0.070532 
397 21.218443 0.000000 6.263191 98.891035 0.000000 17.926863 -0.010081 
398 27.755917 0.000000 6.263191 98.503045 0.000000 19.267596 -0.007409 
399 21.218443 0.000000 12.419923 96.462032 0.000000 26.444386 -0.000423 
400 11.412232 0.000000 3.184825 100.508793 0.000000 12.302443 -0.025337 
401 14.680969 0.000000 3.184825 102.263923 0.000000 6.143103 -0.049565 
402 11.412232 0.000000 6.263191 96.940092 0.000000 24.912950 -0.001804 
403 6.509126 0.000000 1.645642 101.098102 0.000000 10.481334 -0.033068 
404 8.143494 0.000000 1.645642 98.438242 0.000000 19.435453 -0.006782 
405 6.509126 0.000000 3.184825 97.529032 0.000000 23.217357 -0.005096 
406 4.057573 0.000000 0.876051 100.502907 0.000000 15.061477 -0.032768 
407 4.874757 0.000000 0.876051 99.407518 0.000000 19.165838 -0.024918 
408 4.057573 0.000000 1.645642 98.224946 0.000000 22.014266 -0.013277 
409 2.831796 0.000000 0.491255 104.045499 0.000000 14.560944 -0.103749 
410 3.240389 0.000000 0.491255 102.793365 0.000000 11.622708 -0.070156 
411 2.831796 0.000000 0.876051 101.818221 0.000000 17.698723 -0.068019 
412 2.218908 0.000000 0.298857 101.001608 0.000000 10.894162 -0.032001 
413 2.423204 0.000000 0.298857 101.897457 0.000000 10.614843 -0.049577 
414 2.218908 0.000000 0.491255 101.559145 0.000000 14.699756 -0.053034 
415 2.116760 0.000000 0.010260 98.084923 0.000000 0.000000 0.037935 
416 2.116760 0.000000 -0.085938 98.089332 0.000000 0.000000 0.037848 
417 2.218908 0.000000 0.010260 98.049951 0.000000 0.000000 0.038621 
418 2.116760 0.000000 0.106459 100.232738 0.000000 5.910110 -0.008153 
419 2.627500 0.000000 -0.085938 94.461540 0.000000 19.567819 0.069412 
420 2.627500 0.000000 -0.278336 92.764309 0.000000 21.391433 0.093719 
421 2.831796 0.000000 -0.085938 97.801296 0.000000 -0.000000 0.043491 
422 2.627500 0.000000 0.106459 102.088408 0.000000 15.585320 -0.066495 
423 2.321056 0.000000 0.010260 97.988447 0.000000 0.000000 0.039826 
424 2.321056 0.000000 -0.085938 98.004864 0.000000 0.000000 0.039505 
425 2.423204 0.000000 0.010260 97.965734 0.000000 0.000000 0.040272 
426 2.321056 0.000000 0.106459 100.222900 0.000000 9.322934 -0.013155 
427 2.627500 0.000000 0.298857 104.132276 0.000000 9.277065 -0.092959 
428 2.831796 0.000000 0.298857 107.162180 0.000000 5.589337 -0.151497 
429 2.627500 0.000000 0.491255 103.000656 0.000000 15.489229 -0.084905 
430 2.525352 0.000000 0.010260 97.932162 0.000000 0.000000 0.040929 
431 2.525352 0.000000 -0.085938 97.940219 0.000000 0.000000 0.040771 
432 2.627500 0.000000 0.010260 97.907668 0.000000 0.000000 0.041409 
433 2.525352 0.000000 0.106459 100.881877 0.000000 13.279812 -0.035351 
434 3.648981 0.000000 -0.278336 96.396621 0.000000 14.062354 0.050994 
435 3.648981 0.000000 -0.663132 95.429659 0.000000 17.925762 0.057185 
436 4.057573 0.000000 -0.278336 97.473005 0.000000 15.660620 0.025376 
437 3.648981 0.000000 0.106459 99.127143 0.000000 9.523519 0.008311 
438 3.036093 0.000000 -0.085938 97.846322 0.000000 0.000000 0.042610 
439 3.036093 0.000000 -0.278336 88.764683 0.000000 14.900518 0.189881 
440 3.240389 0.000000 -0.085938 97.945788 0.000000 -0.000000 0.040662 
441 3.036093 0.000000 0.106459 97.838794 0.000000 -0.000000 0.042757 
442 2.729648 0.000000 0.010260 97.874960 0.000000 -0.000000 0.042049 
443 2.729648 0.000000 -0.085938 97.848893 0.000000 -0.000000 0.042559 
444 2.831796 0.000000 0.010260 97.851822 0.000000 -0.000000 0.042502 
445 2.729648 0.000000 0.106459 97.791181 0.000000 -0.000000 0.043688 
446 8.143494 0.000000 -18.363735 96.075315 0.000000 27.450471 0.001601 
447 8.143494 0.000000 -24.520467 96.092953 0.000000 27.503593 0.000970 
448 14.680969 0.000000 -18.363735 96.103769 0.000000 27.440895 0.001106 
449 4.874757 0.000000 -9.128638 95.936787 0.000000 27.129774 0.006011 
450 4.874757 0.000000 -12.207004 96.004193 0.000000 27.326062 0.003648 
451 8.143494 0.000000 -9.128638 96.039924 0.000000 27.096537 0.004211 
452 3.240389 0.000000 -4.511089 95.495461 0.000000 26.231082 0.019255 
453 3.240389 0.000000 -6.050272 95.684895 0.000000 26.757901 0.012842 
454 4.874757 0.000000 -4.511089 95.823167 0.000000 26.120014 0.013567 
455 2.423204 0.000000 -2.202315 94.390479 0.000000 24.406414 0.049476 
456 2.423204 0.000000 -2.971906 94.810727 0.000000 25.391846 0.036618 
457 3.240389 0.000000 -2.202315 95.037054 0.000000 24.055643 0.038928 
458 2.831796 0.000000 -1.047928 93.907686 0.000000 21.355442 0.072529 
459 2.423204 0.000000 -1.047928 93.713770 0.000000 21.757776 0.074433 
460 2.831796 0.000000 -1.432724 94.304288 0.000000 22.513770 0.059983 
461 3.240389 0.000000 -1.047928 94.435391 0.000000 20.734480 0.065204 
462 2.627500 0.000000 -0.470734 92.909600 0.000000 20.739674 0.093767 
463 2.423204 0.000000 -0.470734 93.960379 0.000000 20.661990 0.074453 
464 2.627500 0.000000 -0.663132 93.266910 0.000000 20.747303 0.087083 
465 2.831796 0.000000 -0.470734 91.658762 0.000000 19.654330 0.121238 
466 2.729648 0.000000 -0.182137 90.582415 0.000000 22.193148 0.130229 
467 2.627500 0.000000 -0.182137 93.224907 0.000000 21.692472 0.083855 
468 2.729648 0.000000 -0.278336 91.016309 0.000000 21.185159 0.126722 
469 2.831796 0.000000 -0.182137 97.792257 0.000000 -0.000000 0.043667 
470 2.678574 0.000000 -0.037839 97.879207 0.000000 -0.000000 0.041966 
471 2.627500 0.000000 -0.037839 97.900797 0.000000 0.000000 0.041543 
472 2.678574 0.000000 -0.085938 97.881629 0.000000 0.000000 0.041919 
473 2.729648 0.000000 -0.037839 97.866717 0.000000 -0.000000 0.042211 
474 2.678574 0.000000 0.010260 97.883351 0.000000 -0.000000 0.041885 
475 3.648981 0.000000 0.491255 100.439088 0.000000 11.093995 -0.021109 
476 4.057573 0.000000 0.491255 99.927151 0.000000 9.837651 -0.008221 
477 3.648981 0.000000 0.876051 101.442909 0.000000 13.535870 -0.047388 
478 3.444685 0.000000 -0.085938 97.989595 0.000000 -0.000000 0.039804 
479 3.444685 0.000000 -0.278336 94.998302 0.000000 13.028082 0.080559 
480 3.648981 0.000000 -0.085938 97.601756 0.000000 11.999201 0.032992 
481 3.444685 0.000000 0.106459 97.990964 0.000000 -0.000000 0.039777 
482 3.444685 0.000000 0.298857 101.864245 0.000000 -2.573990 -0.038295 
483 3.240389 0.000000 0.298857 104.236868 0.000000 -2.549482 -0.087182 
484 3.648981 0.000000 0.298857 100.780506 0.000000 -1.642472 -0.015941 
485 3.444685 0.000000 0.491255 101.381740 0.000000 11.200969 -0.040372 
486 3.342537 0.000000 0.010260 97.964265 0.000000 -0.000000 0.040300 
487 3.240389 0.000000 0.010260 97.962683 0.000000 0.000000 0.040331 
488 3.342537 0.000000 -0.085938 97.970324 0.000000 -0.000000 0.040182 
489 3.444685 0.000000 0.010260 97.982027 0.000000 -0.000000 0.039952 
490 3.342537 0.000000 0.106459 97.970137 0.000000 -0.000000 0.040185 
491 3.036093 0.000000 0.298857 107.117018 0.000000 0.237656 -0.147411 
492 3.036093 0.000000 0.491255 104.016377 0.000000 12.859383 -0.098477 
493 3.138241 0.000000 0.010260 97.908258 0.000000 -0.000000 0.041397 
494 3.036093 0.000000 0.010260 97.851824 0.000000 0.000000 0.042502 
495 3.138241 0.000000 -0.085938 97.919658 0.000000 -0.000000 0.041174 
496 3.138241 0.000000 0.106459 97.919753 0.000000 -0.000000 0.041172 
497 4.057573 0.000000 -2.202315 95.611830 0.000000 23.992798 0.028272 
498 4.057573 0.000000 -2.971906 95.582980 0.000000 25.016460 0.023807 
499 4.874757 0.000000 -2.202315 96.058739 0.000000 24.171094 0.018848 
500 3.648981 0.000000 -1.047928 95.290325 0.000000 20.469672 0.050075 
501 3.648981 0.000000 -1.432724 95.296854 0.000000 22.103439 0.042995 
502 4.057573 0.000000 -1.047928 96.022793 0.000000 20.697666 0.035123 
503 3.444685 0.000000 -0.470734 94.552063 0.000000 15.802694 0.081018 
504 3.240389 0.000000 -0.470734 92.949726 0.000000 16.113445 0.110071 
505 3.444685 0.000000 -0.663132 94.572210 0.000000 17.871421 0.073671 
506 3.648981 0.000000 -0.470734 95.712488 0.000000 16.124218 0.057913 
507 3.342537 0.000000 -0.182137 97.986219 0.000000 -0.000000 0.039870 
508 3.240389 0.000000 -0.182137 97.960484 0.000000 -0.000000 0.040374 
509 3.342537 0.000000 -0.278336 93.804130 0.000000 12.620851 0.104150 
510 3.444685 0.000000 -0.182137 95.651518 0.000000 11.436834 0.071999 
511 3.291463 0.000000 -0.037839 97.956583 0.000000 -0.000000 0.040451 
512 3.240389 0.000000 -0.037839 97.947012 0.000000 -0.000000 0.040638 
513 3.291463 0.000000 -0.085938 97.955476 0.000000 -0.000000 0.040472 
514 3.342537 0.000000 -0.037839 97.964088 0.000000 -0.000000 0.040304 
515 3.291463 0.000000 0.010260 97.956905 0.000000 -0.000000 0.040444 
516 3.036093 0.000000 -0.470734 91.591721 0.000000 17.585935 0.130169 
517 3.036093 0.000000 -0.663132 92.959075 0.000000 19.087030 0.099430 
518 3.138241 0.000000 -0.182137 97.916621 0.000000 0.000000 0.041234 
519 3.036093 0.000000 -0.182137 97.841669 0.000000 0.000000 0.042701 
520 3.138241 0.000000 -0.278336 90.370458 0.000000 13.259362 0.165737 
521 3.189315 0.000000 -0.037839 97.934450 0.000000 -0.000000 0.040884 
522 3.138241 0.000000 -0.037839 97.907934 0.000000 -0.000000 0.041404 
523 3.189315 0.000000 -0.085938 97.933763 0.000000 -0.000000 0.040898 
524 3.189315 0.000000 0.010260 97.932617 0.000000 -0.000000 0.040920 
525 3.342537 0.000000 0.202658 102.228424 0.000000 2.678376 -0.045782 
526 3.240389 0.000000 0.202658 97.975632 0.000000 -0.000000 0.040078 
527 3.444685 0.000000 0.202658 101.021672 0.000000 3.815534 -0.021994 
528 3.342537 0.000000 0.298857 102.875015 0.000000 -2.778641 -0.059099 
529 3.291463 0.000000 0.058360 97.956163 0.000000 -0.000000 0.040459 
530 3.240389 0.000000 0.058360 97.946546 0.000000 -0.000000 0.040647 
531 3.342537 0.000000 0.058360 97.963852 0.000000 -0.000000 0.040308 
532 3.291463 0.000000 0.106459 97.962413 0.000000 -0.000000 0.040337 
533 3.265926 0.000000 -0.013789 97.949257 0.000000 -0.000000 0.040594 
534 3.240389 0.000000 -0.013789 97.961305 0.000000 0.000000 0.040358 
535 3.265926 0.000000 -0.037839 97.948855 0.000000 -0.000000 0.040602 
536 3.291463 0.000000 -0.013789 97.956884 0.000000 -0.000000 0.040445 
537 3.265926 0.000000 0.010260 97.949286 0.000000 -0.000000 0.040594 
538 3.138241 0.000000 0.202658 97.895896 0.000000 0.000000 0.041639 
539 3.036093 0.000000 0.202658 97.849175 0.000000 0.000000 0.042554 
540 3.138241 0.000000 0.298857 105.785097 0.000000 -1.607912 -0.119307 
541 3.189315 0.000000 0.058360 97.934195 0.000000 -0.000000 0.040889 
542 3.138241 0.000000 0.058360 97.912765 0.000000 -0.000000 0.041309 
543 3.189315 0.000000 0.106459 97.933418 0.000000 -0.000000 0.040905 
544 3.214852 0.000000 -0.013789 97.947431 0.000000 0.000000 0.040630 
545 3.189315 0.000000 -0.013789 97.932030 0.000000 -0.000000 0.040932 
546 3.214852 0.000000 -0.037839 97.937824 0.000000 -0.000000 0.040818 
547 3.214852 0.000000 0.010260 97.948341 0.000000 0.000000 0.040612 
548 2.933944 0.000000 0.010260 97.809481 0.000000 -0.000000 0.043331 
549 2.933944 0.000000 -0.085938 97.815697 0.000000 -0.000000 0.043209 
550 2.933944 0.000000 0.106459 97.816087 0.000000 -0.000000 0.043201 
551 3.087167 0.000000 -0.037839 97.882550 0.000000 -0.000000 0.041901 
552 3.036093 0.000000 -0.037839 97.851166 0.000000 0.000000 0.042515 
553 3.087167 0.000000 -0.085938 97.891211 0.000000 -0.000000 0.041731 
554 3.087167 0.000000 0.010260 97.881177 0.000000 -0.000000 0.041928 
555 3.163778 0.000000 -0.013789 97.919528 0.000000 -0.000000 0.041177 
556 3.138241 0.000000 -0.013789 97.908788 0.000000 -0.000000 0.041387 
557 3.163778 0.000000 -0.037839 97.923813 0.000000 -0.000000 0.041093 
558 3.163778 0.000000 0.010260 97.919997 0.000000 -0.000000 0.041167 
559 2.933944 0.000000 -0.182137 97.804533 0.000000 -0.000000 0.043427 
560 2.933944 0.000000 -0.278336 88.149373 0.000000 17.408136 0.192664 
561 2.985019 0.000000 -0.037839 97.831748 0.000000 -0.000000 0.042895 
562 2.933944 0.000000 -0.037839 97.815470 0.000000 -0.000000 0.043213 
563 2.985019 0.000000 -0.085938 97.826017 0.000000 -0.000000 0.043007 
564 2.985019 0.000000 0.010260 97.828128 0.000000 0.000000 0.042966 
565 2.882870 0.000000 -0.037839 97.808739 0.000000 -0.000000 0.043345 
566 2.831796 0.000000 -0.037839 97.839457 0.000000 -0.000000 0.042744 
567 2.882870 0.000000 -0.085938 97.809450 0.000000 -0.000000 0.043331 
568 2.882870 0.000000 0.010260 97.794714 0.000000 -0.000000 0.043619 
569 2.933944 0.000000 0.202658 97.798830 0.000000 0.000000 0.043539 
570 2.831796 0.000000 0.202658 97.792287 0.000000 -0.000000 0.043667 
571 2.933944 0.000000 0.298857 107.653279 0.000000 2.865717 -0.159744 
572 2.882870 0.000000 0.058360 97.809010 0.000000 -0.000000 0.043340 
573 2.831796 0.000000 0.058360 97.837443 0.000000 -0.000000 0.042783 
574 2.933944 0.000000 0.058360 97.815752 0.000000 -0.000000 0.043208 
575 2.882870 0.000000 0.106459 97.803206 0.000000 -0.000000 0.043453 
576 2.908407 0.000000 -0.013789 97.803409 0.000000 -0.000000 0.043449 
577 2.882870 0.000000 -0.013789 97.799523 0.000000 -0.000000 0.043525 
578 2.908407 0.000000 -0.037839 97.814084 0.000000 -0.000000 0.043241 
579 2.933944 0.000000 -0.013789 97.809726 0.000000 -0.000000 0.043326 
580 2.908407 0.000000 0.010260 97.802960 0.000000 -0.000000 0.043458 
581 2.780722 0.000000 -0.037839 97.852248 0.000000 -0.000000 0.042494 
582 2.780722 0.000000 -0.085938 97.847156 0.000000 -0.000000 0.042593 
583 2.780722 0.000000 0.010260 97.868343 0.000000 -0.000000 0.042179 
584 2.857333 0.000000 -0.013789 97.835652 0.000000 -0.000000 0.042819 
585 2.831796 0.000000 -0.013789 97.851156 0.000000 -0.000000 0.042515 
586 2.857333 0.000000 -0.037839 97.835785 0.000000 -0.000000 0.042816 
587 2.857333 0.000000 0.010260 97.822931 0.000000 -0.000000 0.043067 
588 2.729648 0.000000 0.202658 106.354278 0.000000 10.536563 -0.142225 
589 2.627500 0.000000 0.202658 104.138372 0.000000 9.257349 -0.093050 
590 2.729648 0.000000 0.298857 105.813813 0.000000 7.803518 -0.125746 
591 2.780722 0.000000 0.058360 97.846183 0.000000 -0.000000 0.042612 
592 2.729648 0.000000 0.058360 97.859557 0.000000 -0.000000 0.042351 
593 2.780722 0.000000 0.106459 97.794599 0.000000 -0.000000 0.043622 
594 2.857333 0.000000 0.034310 97.835946 0.000000 -0.000000 0.042813 
595 2.831796 0.000000 0.034310 97.839797 0.000000 -0.000000 0.042737 
596 2.882870 0.000000 0.034310 97.808701 0.000000 -0.000000 0.043346 
597 2.857333 0.000000 0.058360 97.820538 0.000000 -0.000000 0.043114 
598 2.870102 0.000000 -0.001764 97.800445 0.000000 -0.000000 0.043507 
599 2.857333 0.000000 -0.001764 97.808585 0.000000 0.000000 0.043348 
600 2.870102 0.000000 -0.013789 97.810933 0.000000 -0.000000 0.043302 
601 2.882870 0.000000 -0.001764 97.793287 0.000000 -0.000000 0.043647 
602 2.870102 0.000000 0.010260 97.807910 0.000000 -0.000000 0.043361 
603 5.691941 0.000000 0.876051 99.971958 0.000000 18.128713 -0.032304 
604 5.691941 0.000000 0.106459 99.023812 0.000000 17.207677 -0.010182 
605 6.509126 0.000000 0.876051 101.589035 0.000000 9.078515 -0.040275 
606 5.691941 0.000000 1.645642 100.133874 0.000000 13.990506 -0.022253 
607 5.691941 0.000000 -0.663132 97.461478 0.000000 21.231631 0.005048 
608 5.691941 0.000000 -1.432724 96.706815 0.000000 23.279698 0.010585 
609 6.509126 0.000000 -0.663132 97.362976 0.000000 22.210411 0.002715 
610 9.777863 0.000000 1.645642 101.858064 0.000000 7.483736 -0.043107 
611 9.777863 0.000000 0.106459 97.379942 0.000000 22.867824 -0.000579 
612 11.412232 0.000000 1.645642 98.616916 0.000000 18.772154 -0.007769 
613 9.777863 0.000000 3.184825 97.794801 0.000000 21.835548 -0.004061 
614 7.326310 0.000000 0.876051 100.396252 0.000000 12.277506 -0.023014 
615 7.326310 0.000000 0.106459 97.978178 0.000000 20.431701 -0.001718 
616 8.143494 0.000000 0.876051 98.885447 0.000000 17.523285 -0.008540 
617 7.326310 0.000000 1.645642 99.618358 0.000000 15.455700 -0.016270 
618 6.100534 0.000000 0.491255 100.485377 0.000000 13.293307 -0.027402 
619 5.691941 0.000000 0.491255 102.258121 0.000000 4.589086 -0.047778 
620 6.100534 0.000000 0.106459 98.729525 0.000000 18.341365 -0.008392 
621 6.509126 0.000000 0.491255 99.372986 0.000000 16.292895 -0.014045 
622 6.100534 0.000000 0.876051 100.185054 0.000000 15.496055 -0.027717 
623 -18.006403 0.000000 -18.363735 96.101103 0.000000 27.573226 0.000430 
624 -24.543877 0.000000 -18.363735 96.111928 0.000000 27.573869 0.000218 
625 -18.006403 0.000000 -24.520467 96.104951 0.000000 27.566439 0.000393 
626 21.218443 0.000000 -18.363735 96.122399 0.000000 27.448920 0.000704 
627 21.218443 0.000000 -24.520467 96.116522 0.000000 27.494325 0.000568 
628 27.755917 0.000000 -18.363735 96.131888 0.000000 27.461662 0.000452 
629 -8.200191 0.000000 -9.128638 96.022692 0.000000 27.599708 0.001790 
630 -11.468929 0.000000 -9.128638 96.066761 0.000000 27.604544 0.000917 
631 -8.200191 0.000000 -12.207004 96.039226 0.000000 27.573275 0.001618 
632 11.412232 0.000000 -9.128638 96.115958 0.000000 27.134699 0.002543 
633 11.412232 0.000000 -12.207004 96.090203 0.000000 27.299083 0.002143 
634 14.680969 0.000000 -9.128638 96.148651 0.000000 27.184575 0.001644 
635 -3.297086 0.000000 -4.511089 95.708270 0.000000 27.692375 0.007306 
636 -4.931454 0.000000 -4.511089 95.879435 0.000000 27.716129 0.003895 
637 -3.297086 0.000000 -6.050272 95.778631 0.000000 27.584239 0.006556 
638 6.509126 0.000000 -4.511089 96.053787 0.000000 26.188807 0.008782 
639 6.509126 0.000000 -6.050272 95.993887 0.000000 26.652837 0.007480 
640 8.143494 0.000000 -4.511089 96.179399 0.000000 26.317977 0.005689 
641 -0.845533 0.000000 -2.202315 94.535210 0.000000 27.997584 0.027923 
642 -1.662717 0.000000 -2.202315 95.117596 0.000000 28.164600 0.015940 
643 -0.845533 0.000000 -2.971906 94.828355 0.000000 27.639258 0.024365 
644 -0.436941 0.000000 -1.047928 93.293408 0.000000 29.565735 0.042221 
645 -0.845533 0.000000 -1.047928 94.310610 0.000000 29.461236 0.023754 
646 -0.436941 0.000000 -1.432724 93.458555 0.000000 28.707824 0.044136 
647 0.175947 0.000000 -0.470734 52.023292 0.000000 -2.176302 0.728884 
648 -0.028349 0.000000 -0.470734 69.604046 0.000000 -2.924099 0.514673 
649 0.175947 0.000000 -0.663132 70.298508 0.000000 -2.903808 0.504969 
650 2.014612 0.000000 -1.047928 93.308684 0.000000 21.819611 0.081739 
651 2.014612 0.000000 -1.432724 93.404866 0.000000 23.025310 0.074537 
652 0.278096 0.000000 -0.182137 63.785526 0.000000 -1.540870 0.592903 
653 0.175947 0.000000 -0.182137 58.788095 0.000000 -1.803237 0.654071 
654 0.278096 0.000000 -0.278336 63.894111 0.000000 -1.530363 0.591520 
655 0.482392 0.000000 0.202658 72.858248 0.000000 -1.084749 0.469050 
656 0.380244 0.000000 0.202658 70.452439 0.000000 -1.208536 0.503499 
657 0.482392 0.000000 0.298857 73.143494 0.000000 -1.066990 0.464889 
658 0.533466 0.000000 0.058360 77.184617 0.000000 -0.412235 0.404236 
659 0.482392 0.000000 0.058360 81.335808 0.000000 -0.348339 0.338437 
660 0.533466 0.000000 0.106459 71.439714 0.000000 -0.580471 0.489603 
661 0.431318 0.000000 0.058360 87.228299 0.000000 -0.392578 0.239107 
662 0.380244 0.000000 0.058360 86.833935 0.000000 -0.427484 0.245969 
663 0.431318 0.000000 0.106459 83.659876 0.000000 -0.563026 0.300071 
664 0.278096 0.000000 0.202658 63.758898 0.000000 -1.543469 0.593242 
665 0.175947 0.000000 0.202658 58.781904 0.000000 -1.804743 0.654143 
666 0.278096 0.000000 0.298857 63.859203 0.000000 -1.533670 0.591965 
667 0.839910 0.000000 0.058360 68.565276 0.000000 -0.358095 0.529867 
668 0.839910 0.000000 0.106459 64.283892 0.000000 -0.588958 0.586723 
669 0.610077 0.000000 0.034310 66.726814 0.000000 -0.355172 0.554741 
670 0.584540 0.000000 0.034310 71.800466 0.000000 -0.309093 0.484460 
671 0.610077 0.000000 0.058360 63.634980 0.000000 -0.416896 0.595042 
672 1.810316 0.000000 -0.470734 96.487159 0.000000 0.073109 0.069022 
673 1.810316 0.000000 -0.663132 93.133354 0.000000 19.722978 0.093718 
674 2.014612 0.000000 -0.470734 94.288772 0.000000 19.218136 0.074029 
675 2.218908 0.000000 -0.470734 94.391952 0.000000 20.033619 0.068881 
676 2.218908 0.000000 -0.663132 93.900056 0.000000 20.657689 0.075604 
677 1.146354 0.000000 0.058360 83.283422 0.000000 -0.516823 0.306360 
678 1.146354 0.000000 0.106459 78.706522 0.000000 -0.739558 0.380474 
679 0.916521 0.000000 0.034310 85.017713 0.000000 -0.303905 0.277190 
680 0.890984 0.000000 0.034310 78.480323 0.000000 -0.246473 0.384078 
681 0.916521 0.000000 0.058360 83.375978 0.000000 -0.358594 0.304832 
682 9.777863 0.000000 -1.432724 96.697721 0.000000 25.049122 0.002209 
683 9.777863 0.000000 -2.971906 96.400942 0.000000 25.951800 0.003336 
684 11.412232 0.000000 -1.432724 96.632079 0.000000 25.417557 0.001619 
685 5.691941 0.000000 -2.202315 96.317964 0.000000 24.455381 0.012478 
686 5.691941 0.000000 -2.971906 96.112952 0.000000 25.219999 0.012625 
687 6.509126 0.000000 -2.202315 96.448850 0.000000 24.744036 0.008535 
688 7.326310 0.000000 -0.663132 97.223994 0.000000 22.902121 0.002299 
689 7.326310 0.000000 -1.432724 96.784244 0.000000 24.204983 0.004693 
690 8.143494 0.000000 -0.663132 97.117285 0.000000 23.435652 0.001900 
691 2.525352 0.000000 -0.182137 94.648095 0.000000 20.705113 0.061304 
692 2.423204 0.000000 -0.182137 95.393577 0.000000 19.819356 0.050726 
693 2.525352 0.000000 -0.278336 93.963460 0.000000 20.967644 0.073123 
694 2.525352 0.000000 0.202658 102.810020 0.000000 7.739693 -0.062980 
695 2.423204 0.000000 0.202658 102.014720 0.000000 6.723712 -0.045221 
696 2.525352 0.000000 0.298857 102.799939 0.000000 10.093725 -0.066971 
697 2.678574 0.000000 0.058360 97.882562 0.000000 -0.000000 0.041900 
698 2.627500 0.000000 0.058360 97.905606 0.000000 0.000000 0.041449 
699 2.678574 0.000000 0.106459 103.234029 0.000000 16.790616 -0.093919 
700 3.087167 0.000000 0.058360 97.890867 0.000000 -0.000000 0.041738 
701 3.036093 0.000000 0.058360 97.846217 0.000000 0.000000 0.042612 
702 3.087167 0.000000 0.106459 97.891582 0.000000 -0.000000 0.041724 
703 2.985019 0.000000 0.058360 97.825737 0.000000 -0.000000 0.043013 
704 2.985019 0.000000 0.106459 97.826242 0.000000 -0.000000 0.043003 
705 2.908407 0.000000 0.034310 97.814034 0.000000 -0.000000 0.043241 
706 2.933944 0.000000 0.034310 97.815430 0.000000 -0.000000 0.043214 
707 2.908407 0.000000 0.058360 97.809719 0.000000 -0.000000 0.043326 
708 9.777863 0.000000 -4.511089 96.235948 0.000000 26.439736 0.003958 
709 9.777863 0.000000 -6.050272 96.144926 0.000000 26.752527 0.004046 
710 11.412232 0.000000 -4.511089 96.262549 0.000000 26.546731 0.002879 
711 7.326310 0.000000 -2.202315 96.506441 0.000000 25.000385 0.006149 
712 7.326310 0.000000 -2.971906 96.324488 0.000000 25.546286 0.006898 
713 8.143494 0.000000 -2.202315 96.527433 0.000000 25.220164 0.004640 
714 2.321056 0.000000 -0.182137 95.774852 0.000000 18.966739 0.046744 
715 2.218908 0.000000 -0.182137 95.950987 0.000000 18.209517 0.046182 
716 2.321056 0.000000 -0.278336 95.112898 0.000000 19.825994 0.056047 
717 2.321056 0.000000 0.202658 101.501221 0.000000 6.167975 -0.034054 
718 2.218908 0.000000 0.202658 101.142680 0.000000 6.037634 -0.026629 
719 2.321056 0.000000 0.298857 101.327976 0.000000 10.864728 -0.038540 
720 2.116760 0.000000 -0.182137 95.999553 0.000000 17.450767 0.047956 
721 2.014612 0.000000 -0.182137 96.548774 0.000000 0.076768 0.067833 
722 2.116760 0.000000 -0.278336 95.357836 0.000000 18.560639 0.056239 
723 2.116760 0.000000 0.202658 100.878489 0.000000 6.081429 -0.021345 
724 2.014612 0.000000 0.202658 96.492210 0.000000 0.077645 0.068925 
725 2.116760 0.000000 0.298857 100.821716 0.000000 10.835037 -0.028242 
1 19 21 9 22 
2 20 19 22 4 
3 28 29 3 30 
4 21 28 30 9 
5 35 37 21 38 
6 36 35 38 19 
7 44 45 28 46 
8 37 44 46 21 
9 51 53 37 54 
10 52 51 54 35 
11 60 61 44 62 
12 53 60 62 37 
13 67 69 53 70 
14 68 67 70 51 
15 11 78 76 77 
16 78 10 24 76 
17 76 24 14 79 
18 77 76 79 6 
19 24 82 80 81 
20 82 23 40 80 
21 80 40 27 83 
22 81 80 83 14 
23 40 86 84 85 
24 86 39 56 84 
25 84 56 43 87 
26 85 84 87 27 
27 56 90 88 89 
28 89 88 91 43 
29 92 93 60 94 
30 69 92 94 53 
31 95 97 69 98 
32 96 95 98 67 
33 6 79 112 113 
34 79 14 36 112 
35 112 36 19 114 
36 113 112 114 20 
37 14 83 115 116 
38 83 27 52 115 
39 115 52 35 117 
40 116 115 117 36 
41 27 87 118 119 
42 87 43 68 118 
43 118 68 51 120 
44 119 118 120 52 
45 43 91 121 122 
46 121 96 67 123 
47 122 121 123 68 
48 124 126 95 127 
49 125 124 127 96 
50 88 135 133 134 
51 135 72 100 133 
52 133 100 59 136 
53 134 133 136 91 
54 100 139 137 138 
55 138 137 140 59 
56 141 142 92 143 
57 97 141 143 69 
58 144 145 97 146 
59 126 144 146 95 
60 147 149 126 150 
61 148 147 150 124 
62 91 136 156 157 
63 136 59 125 156 
64 156 125 96 158 
65 157 156 158 121 
66 59 140 159 160 
67 159 148 124 161 
68 160 159 161 125 
69 137 164 162 163 
70 164 129 152 162 
71 162 152 103 165 
72 163 162 165 140 
73 12 168 166 167 
74 168 7 169 166 
75 166 169 13 25 
76 167 166 25 10 
77 25 172 170 171 
78 172 13 173 170 
79 170 173 26 41 
80 171 170 41 23 
81 41 176 174 175 
82 176 26 177 174 
83 174 177 42 57 
84 175 174 57 39 
85 57 180 178 179 
86 180 42 181 178 
87 178 181 58 73 
88 179 178 73 55 
89 55 184 182 183 
90 184 73 185 182 
91 182 185 71 101 
92 183 182 101 72 
93 101 188 186 187 
94 188 71 189 186 
95 186 189 102 130 
96 187 186 130 99 
97 99 192 190 191 
98 192 130 193 190 
99 190 193 128 153 
100 191 190 153 129 
101 129 196 194 195 
102 196 153 197 194 
103 194 197 151 198 
104 195 194 198 152 
105 130 208 207 193 
106 208 102 209 207 
107 207 209 131 204 
108 193 207 204 128 
109 128 212 210 211 
110 212 204 213 210 
111 215 216 144 217 
112 149 215 217 126 
113 204 223 222 213 
114 223 131 224 222 
115 222 224 205 225 
116 213 222 225 203 
117 132 206 226 227 
118 206 75 228 226 
119 226 228 149 229 
120 227 226 229 147 
121 230 232 206 233 
122 231 230 233 132 
123 210 236 234 235 
124 236 213 237 234 
125 234 237 203 238 
126 153 240 239 197 
127 240 128 211 239 
128 239 211 154 241 
129 197 239 241 151 
130 211 244 242 243 
131 244 210 235 242 
132 242 235 214 245 
133 243 242 245 154 
134 203 225 246 232 
135 225 205 247 246 
136 246 247 75 248 
137 232 246 248 206 
138 214 238 249 250 
139 238 203 251 249 
140 249 251 232 252 
141 250 249 252 230 
142 235 255 253 254 
143 255 234 256 253 
144 253 256 238 257 
145 254 253 257 214 
146 73 259 258 185 
147 259 58 260 258 
148 258 260 74 109 
149 185 258 109 71 
150 71 262 261 189 
151 262 109 263 261 
152 261 263 108 200 
153 189 261 200 102 
154 102 265 264 209 
155 265 200 266 264 
156 264 266 199 219 
157 209 264 219 131 
158 131 268 267 224 
159 268 219 269 267 
160 267 269 218 270 
161 224 267 270 205 
162 276 110 277 275 
163 275 277 5 278 
164 219 284 283 269 
165 284 199 285 283 
166 200 288 287 266 
167 288 108 289 287 
168 287 289 201 280 
169 266 287 280 199 
170 199 291 290 285 
171 291 280 292 290 
172 290 292 279 293 
173 285 290 293 220 
174 75 221 294 228 
175 221 202 295 294 
176 294 295 215 296 
177 228 294 296 149 
178 297 299 202 300 
179 298 297 300 221 
180 283 303 301 302 
181 303 285 304 301 
182 301 304 220 305 
183 269 308 306 307 
184 308 283 302 306 
185 306 302 286 309 
186 307 306 309 218 
187 310 311 141 312 
188 145 310 312 97 
189 278 5 314 313 
190 313 314 145 315 
191 216 313 315 144 
192 202 282 316 295 
193 282 111 317 316 
194 316 317 216 318 
195 295 316 318 215 
196 220 293 319 299 
197 293 279 320 319 
198 319 320 282 321 
199 299 319 321 202 
200 286 305 322 323 
201 305 220 324 322 
202 322 324 299 325 
203 323 322 325 297 
204 302 328 326 327 
205 328 301 329 326 
206 326 329 305 330 
207 327 326 330 286 
208 332 275 333 331 
209 331 333 278 334 
210 280 336 335 292 
211 336 201 337 335 
212 335 337 281 338 
213 292 335 338 279 
214 109 340 339 263 
215 340 74 341 339 
216 339 341 110 276 
217 263 339 276 108 
218 108 343 342 289 
219 343 276 344 342 
220 342 344 275 332 
221 289 342 332 201 
222 201 346 345 337 
223 346 332 347 345 
224 345 347 331 348 
225 111 334 349 317 
226 334 278 350 349 
227 349 350 313 351 
228 317 349 351 216 
229 281 348 352 353 
230 348 331 354 352 
231 352 354 334 355 
232 353 352 355 111 
233 337 358 356 357 
234 358 345 359 356 
235 356 359 348 360 
236 357 356 360 281 
237 110 362 361 277 
238 362 271 363 361 
239 277 361 364 5 
240 15 366 365 33 
241 366 17 367 365 
242 365 367 8 368 
243 33 365 368 18 
244 370 33 371 369 
245 369 371 18 372 
246 378 65 379 377 
247 377 379 50 380 
248 5 364 389 314 
249 364 274 390 389 
250 389 390 310 391 
251 314 389 391 145 
252 361 394 392 393 
253 394 363 395 392 
254 392 395 274 396 
255 393 392 396 364 
256 18 368 397 45 
257 368 8 398 397 
258 397 398 29 399 
259 45 397 399 28 
260 372 18 401 400 
261 400 401 45 402 
262 61 400 402 44 
263 403 404 61 405 
264 93 403 405 60 
265 380 50 407 406 
266 406 407 93 408 
267 142 406 408 92 
268 409 410 142 411 
269 311 409 411 141 
270 412 413 311 414 
271 390 412 414 310 
272 363 416 415 395 
273 416 385 417 415 
274 415 417 388 418 
275 395 415 418 274 
276 385 424 423 417 
277 424 387 425 423 
278 423 425 107 426 
279 417 423 426 388 
280 427 428 409 429 
281 413 427 429 311 
282 387 431 430 425 
283 431 419 432 430 
284 430 432 422 433 
285 425 430 433 107 
286 435 377 436 434 
287 434 436 380 437 
288 7 447 446 169 
289 447 16 448 446 
290 446 448 15 32 
291 169 446 32 13 
292 13 450 449 173 
293 450 32 451 449 
294 449 451 31 48 
295 173 449 48 26 
296 26 453 452 177 
297 453 48 454 452 
298 452 454 47 64 
299 177 452 64 42 
300 42 456 455 181 
301 456 64 457 455 
302 455 457 63 105 
303 181 455 105 58 
304 105 460 458 459 
305 460 63 461 458 
306 458 461 106 382 
307 459 458 382 104 
308 104 464 462 463 
309 464 382 465 462 
310 462 465 381 420 
311 463 462 420 273 
312 420 468 466 467 
313 468 381 469 466 
314 466 469 421 443 
315 467 466 443 419 
316 419 472 470 471 
317 472 443 473 470 
318 470 473 442 474 
319 471 470 474 432 
320 437 380 476 475 
321 475 476 406 477 
322 410 475 477 142 
323 479 434 480 478 
324 478 480 437 481 
325 481 437 484 482 
326 482 484 475 485 
327 483 482 485 410 
328 488 478 489 486 
329 486 489 481 490 
330 491 483 410 492 
331 428 491 492 409 
332 64 498 497 457 
333 498 47 499 497 
334 497 499 65 378 
335 457 497 378 63 
336 63 501 500 461 
337 501 378 502 500 
338 500 502 377 435 
339 461 500 435 106 
340 106 505 503 504 
341 505 435 506 503 
342 503 506 434 479 
343 504 503 479 383 
344 383 509 507 508 
345 509 479 510 507 
346 507 510 478 488 
347 508 507 488 440 
348 440 513 511 512 
349 513 488 514 511 
350 511 514 486 515 
351 382 517 516 465 
352 517 106 504 516 
353 516 504 383 439 
354 465 516 439 381 
355 439 520 518 519 
356 520 383 508 518 
357 518 508 440 495 
358 519 518 495 438 
359 495 523 521 522 
360 523 440 512 521 
361 66 490 525 526 
362 490 481 527 525 
363 525 527 482 528 
364 526 525 528 483 
365 487 515 529 530 
366 515 486 531 529 
367 529 531 490 532 
368 530 529 532 66 
369 512 535 533 534 
370 535 511 536 533 
371 533 536 515 537 
372 534 533 537 487 
373 441 496 538 539 
374 496 66 526 538 
375 538 526 483 540 
376 539 538 540 491 
377 493 524 541 542 
378 524 487 530 541 
379 541 530 66 543 
380 542 541 543 496 
381 521 546 544 545 
382 546 512 534 544 
383 544 534 487 547 
384 545 544 547 524 
385 438 553 551 552 
386 553 495 522 551 
387 551 522 493 554 
388 552 551 554 494 
389 522 557 555 556 
390 557 521 545 555 
391 555 545 524 558 
392 556 555 558 493 
393 381 560 559 469 
394 560 439 519 559 
395 559 519 438 549 
396 469 559 549 421 
397 549 563 561 562 
398 563 438 552 561 
399 561 552 494 564 
400 562 561 564 548 
401 421 567 565 566 
402 567 549 562 565 
403 384 550 569 570 
404 550 441 539 569 
405 569 539 491 571 
406 570 569 571 428 
407 572 574 550 575 
408 573 572 575 384 
409 565 578 576 577 
410 578 562 579 576 
411 576 579 548 580 
412 577 576 580 568 
413 443 582 581 473 
414 582 421 566 581 
415 581 566 444 583 
416 473 581 583 442 
417 566 586 584 585 
418 586 565 577 584 
419 585 584 587 444 
420 422 445 588 589 
421 445 384 570 588 
422 588 570 428 590 
423 589 588 590 427 
424 442 583 591 592 
425 583 444 573 591 
426 591 573 384 593 
427 592 591 593 445 
428 444 587 594 595 
429 587 568 596 594 
430 594 596 572 597 
431 595 594 597 573 
432 584 600 598 599 
433 600 577 601 598 
434 598 601 568 602 
435 599 598 602 587 
436 50 604 603 407 
437 603 605 403 606 
438 407 603 606 93 
439 65 608 607 379 
440 608 373 609 607 
441 607 609 376 604 
442 379 607 604 50 
443 34 611 610 404 
444 611 372 612 610 
445 610 612 400 613 
446 404 610 613 61 
447 376 615 614 605 
448 615 34 616 614 
449 614 616 404 617 
450 605 614 617 403 
451 604 620 618 619 
452 620 376 621 618 
453 618 621 605 622 
454 619 618 622 603 
455 1 625 623 624 
456 625 12 167 623 
457 623 167 10 78 
458 624 623 78 11 
459 16 627 626 448 
460 627 2 628 626 
461 626 628 17 366 
462 448 626 366 15 
463 10 631 629 630 
464 631 25 171 629 
465 629 171 23 82 
466 630 629 82 24 
467 32 633 632 451 
468 633 15 634 632 
469 632 634 33 370 
470 451 632 370 31 
471 23 637 635 636 
472 637 41 175 635 
473 635 175 39 86 
474 636 635 86 40 
475 48 639 638 454 
476 639 31 640 638 
477 638 640 49 374 
478 454 638 374 47 
479 39 643 641 642 
480 643 57 179 641 
481 641 179 55 90 
482 642 641 90 56 
483 90 646 644 645 
484 646 55 183 644 
485 644 183 72 135 
486 645 644 135 88 
487 72 649 647 648 
488 649 101 187 647 
489 647 187 99 139 
490 648 647 139 100 
491 58 651 650 260 
492 651 105 459 650 
493 650 459 104 272 
494 260 650 272 74 
495 139 654 652 653 
496 654 99 191 652 
497 652 191 129 164 
498 653 652 164 137 
499 103 155 655 656 
500 155 132 227 655 
501 655 227 147 657 
502 656 655 657 148 
503 151 241 658 659 
504 241 154 231 658 
505 658 231 132 660 
506 659 658 660 155 
507 152 198 661 662 
508 198 151 659 661 
509 661 659 155 663 
510 662 661 663 103 
511 140 165 664 665 
512 165 103 656 664 
513 664 656 148 666 
514 665 664 666 159 
515 205 270 667 247 
516 270 218 298 667 
517 667 298 221 668 
518 247 667 668 75 
519 154 245 669 670 
520 245 214 250 669 
521 669 250 230 671 
522 670 669 671 231 
523 74 673 672 341 
524 673 272 674 672 
525 672 674 271 362 
526 341 672 362 110 
527 272 676 675 674 
528 676 104 463 675 
529 675 463 273 386 
530 674 675 386 271 
531 279 338 677 320 
532 338 281 353 677 
533 677 353 111 678 
534 320 677 678 282 
535 218 309 679 680 
536 309 286 323 679 
537 679 323 297 681 
538 680 679 681 298 
539 49 683 682 375 
540 683 369 684 682 
541 682 684 372 611 
542 375 682 611 34 
543 47 686 685 499 
544 686 374 687 685 
545 685 687 373 608 
546 499 685 608 65 
547 373 689 688 609 
548 689 375 690 688 
549 688 690 34 615 
550 609 688 615 376 
551 273 693 691 692 
552 693 420 467 691 
553 691 467 419 431 
554 692 691 431 387 
555 107 433 694 695 
556 433 422 589 694 
557 694 589 427 696 
558 695 694 696 413 
559 432 474 697 698 
560 474 442 592 697 
561 697 592 445 699 
562 698 697 699 422 
563 494 554 700 701 
564 554 493 542 700 
565 700 542 496 702 
566 701 700 702 441 
567 548 564 703 574 
568 564 494 701 703 
569 703 701 441 704 
570 574 703 704 550 
571 568 580 705 596 
572 580 548 706 705 
573 705 706 574 707 
574 596 705 707 572 
575 31 709 708 640 
576 709 370 710 708 
577 708 710 369 683 
578 640 708 683 49 
579 374 712 711 687 
580 712 49 713 711 
581 711 713 375 689 
582 687 711 689 373 
583 386 716 714 715 
584 716 273 692 714 
585 714 692 387 424 
586 715 714 424 385 
587 388 426 717 718 
588 426 107 695 717 
589 717 695 413 719 
590 718 717 719 412 
591 271 722 720 721 
592 722 386 715 720 
593 720 715 385 416 
594 721 720 416 363 
595 274 418 723 724 
596 418 388 718 723 
597 723 718 412 725 
598 724 723 725 390 
