2 0.000000 100.000000 473.401889
669 553 
1 -37.468793 0.000000 -37.625251 96.092822 0.000000 27.577435 0.000565 
2 44.010151 0.000000 -37.625251 96.120410 0.000000 27.396460 0.001030 
3 44.010151 0.000000 37.902022 96.309189 0.000000 27.021006 -0.000559 
4 -37.468793 0.000000 37.902022 96.178610 0.000000 27.570065 -0.001043 
5 3.270679 0.000000 0.138385 112.107647 0.000000 0.236371 -0.256818 
6 -37.468793 0.000000 0.138385 96.141514 0.000000 27.621427 -0.000613 
7 3.270679 0.000000 -37.625251 96.020843 0.000000 27.461313 0.002587 
8 44.010151 0.000000 0.138385 96.791438 0.000000 25.132064 -0.000020 
9 3.270679 0.000000 37.902022 96.304537 0.000000 27.393673 -0.002498 
10 -17.099057 0.000000 -18.743433 95.991412 0.000000 27.618122 0.002289 
11 -37.468793 0.000000 -18.743433 96.099069 0.000000 27.603258 0.000303 
12 -17.099057 0.000000 -37.625251 96.050674 0.000000 27.553607 0.001507 
13 3.270679 0.000000 -18.743433 95.698604 0.000000 27.160002 0.010411 
14 -17.099057 0.000000 0.138385 96.185584 0.000000 27.795880 -0.002428 
15 23.640415 0.000000 -18.743433 96.100447 0.000000 26.916676 0.004020 
16 23.640415 0.000000 -37.625251 96.072559 0.000000 27.388013 0.001996 
17 44.010151 0.000000 -18.743433 96.192090 0.000000 27.117664 0.001171 
18 23.640415 0.000000 0.138385 97.905025 0.000000 20.880812 -0.002140 
19 -17.099057 0.000000 19.020204 96.333647 0.000000 27.589157 -0.004133 
20 -37.468793 0.000000 19.020204 96.179683 0.000000 27.597391 -0.001215 
21 3.270679 0.000000 19.020204 96.815484 0.000000 26.930168 -0.009847 
22 -17.099057 0.000000 37.902022 96.238923 0.000000 27.532062 -0.001994 
23 -6.914189 0.000000 -9.302524 95.561759 0.000000 27.792097 0.009555 
24 -17.099057 0.000000 -9.302524 96.015624 0.000000 27.722425 0.001247 
25 -6.914189 0.000000 -18.743433 95.825576 0.000000 27.522620 0.005996 
26 3.270679 0.000000 -9.302524 94.654336 0.000000 26.148603 0.035681 
27 -6.914189 0.000000 0.138385 96.347713 0.000000 28.447469 -0.009214 
28 23.640415 0.000000 19.020204 96.745828 0.000000 25.762596 -0.002347 
29 44.010151 0.000000 19.020204 97.244718 0.000000 23.709866 -0.001869 
30 23.640415 0.000000 37.902022 96.301365 0.000000 27.208396 -0.001425 
31 13.455547 0.000000 -9.302524 96.002336 0.000000 25.301157 0.014340 
32 13.455547 0.000000 -18.743433 95.917113 0.000000 26.880791 0.007733 
33 23.640415 0.000000 -9.302524 96.357288 0.000000 25.914413 0.004372 
34 13.455547 0.000000 0.138385 99.388726 0.000000 13.433991 -0.005859 
35 -6.914189 0.000000 9.579295 96.951435 0.000000 27.678286 -0.016567 
36 -17.099057 0.000000 9.579295 96.337865 0.000000 27.698568 -0.004819 
37 3.270679 0.000000 9.579295 98.275957 0.000000 25.637510 -0.031545 
38 -6.914189 0.000000 19.020204 96.562348 0.000000 27.443163 -0.007741 
39 -1.821755 0.000000 -4.582069 94.148360 0.000000 28.359482 0.033183 
40 -6.914189 0.000000 -4.582069 95.681116 0.000000 28.165625 0.005182 
41 -1.821755 0.000000 -9.302524 94.984526 0.000000 27.375384 0.022853 
42 3.270679 0.000000 -4.582069 91.636726 0.000000 23.823531 0.103515 
43 -1.821755 0.000000 0.138385 96.786291 0.000000 30.864372 -0.032020 
44 13.455547 0.000000 9.579295 97.737444 0.000000 23.100528 -0.008624 
45 23.640415 0.000000 9.579295 98.065856 0.000000 20.957772 -0.005614 
46 13.455547 0.000000 19.020204 96.759019 0.000000 26.303812 -0.005420 
47 8.363113 0.000000 -4.582069 95.240301 0.000000 21.301226 0.047554 
48 8.363113 0.000000 -9.302524 95.349611 0.000000 25.242300 0.027128 
49 13.455547 0.000000 -4.582069 96.630239 0.000000 22.602813 0.015171 
50 8.363113 0.000000 0.138385 99.015082 0.000000 6.958797 0.014759 
51 -1.821755 0.000000 4.858840 98.767028 0.000000 27.965255 -0.053698 
52 -6.914189 0.000000 4.858840 96.934063 0.000000 28.065052 -0.018386 
53 3.270679 0.000000 4.858840 101.630239 0.000000 23.506785 -0.088127 
54 -1.821755 0.000000 9.579295 97.673982 0.000000 27.136865 -0.027662 
55 0.724462 0.000000 -2.221842 88.950169 0.000000 30.351146 0.116668 
56 -1.821755 0.000000 -2.221842 94.502971 0.000000 29.946322 0.017241 
57 0.724462 0.000000 -4.582069 92.237056 0.000000 27.180636 0.075354 
58 3.270679 0.000000 -2.221842 85.957261 0.000000 18.805163 0.225772 
59 0.724462 0.000000 0.138385 101.234888 0.000000 0.175396 -0.024853 
60 8.363113 0.000000 4.858840 99.399070 0.000000 19.720085 -0.026906 
61 13.455547 0.000000 4.858840 98.431004 0.000000 19.757871 -0.007904 
62 8.363113 0.000000 9.579295 98.006735 0.000000 24.091689 -0.018573 
63 5.816896 0.000000 -2.221842 92.836331 0.000000 15.206298 0.115018 
64 5.816896 0.000000 -4.582069 93.490825 0.000000 21.562456 0.079453 
65 8.363113 0.000000 -2.221842 96.147814 0.000000 16.460535 0.048465 
66 5.816896 0.000000 0.138385 98.663963 0.000000 0.078619 0.026542 
67 0.724462 0.000000 2.498613 103.668571 0.000000 29.115903 -0.159491 
68 -1.821755 0.000000 2.498613 98.805938 0.000000 29.505335 -0.063318 
69 3.270679 0.000000 2.498613 106.464140 0.000000 21.481214 -0.179606 
70 0.724462 0.000000 4.858840 100.695299 0.000000 26.635998 -0.084902 
71 1.997570 0.000000 -1.041728 100.039120 0.000000 1.222828 -0.000932 
72 0.724462 0.000000 -1.041728 87.630207 0.000000 35.862620 0.103482 
73 1.997570 0.000000 -2.221842 84.813866 0.000000 25.435362 0.215965 
74 3.270679 0.000000 -1.041728 98.479830 0.000000 0.734250 0.030118 
75 1.997570 0.000000 0.138385 137.669189 0.000000 0.379605 -0.895295 
76 -27.283925 0.000000 -9.302524 96.095500 0.000000 27.651220 0.000106 
77 -37.468793 0.000000 -9.302524 96.116019 0.000000 27.616733 -0.000097 
78 -27.283925 0.000000 -18.743433 96.068129 0.000000 27.616372 0.000825 
79 -27.283925 0.000000 0.138385 96.153187 0.000000 27.666603 -0.001088 
80 -12.006623 0.000000 -4.582069 95.998520 0.000000 27.915431 0.000501 
81 -17.099057 0.000000 -4.582069 96.083494 0.000000 27.776683 -0.000358 
82 -12.006623 0.000000 -9.302524 95.891891 0.000000 27.772989 0.003341 
83 -12.006623 0.000000 0.138385 96.231234 0.000000 28.013706 -0.004522 
84 -4.367972 0.000000 -2.221842 95.628571 0.000000 28.873487 0.002150 
85 -6.914189 0.000000 -2.221842 95.947947 0.000000 28.378040 -0.001132 
86 -4.367972 0.000000 -4.582069 95.212036 0.000000 28.341171 0.013145 
87 -4.367972 0.000000 0.138385 96.492027 0.000000 29.082922 -0.015653 
88 -0.548647 0.000000 -1.041728 94.592012 0.000000 32.939987 -0.003269 
89 -1.821755 0.000000 -1.041728 95.498258 0.000000 30.721199 -0.006371 
90 -0.548647 0.000000 -2.221842 92.793256 0.000000 30.716368 0.044592 
91 -0.548647 0.000000 0.138385 96.557040 0.000000 31.925267 -0.034248 
92 5.816896 0.000000 2.498613 102.070091 0.000000 17.634606 -0.072928 
93 8.363113 0.000000 2.498613 100.423452 0.000000 13.666544 -0.027164 
94 5.816896 0.000000 4.858840 100.620376 0.000000 20.846970 -0.055906 
95 1.997570 0.000000 1.318499 112.437985 0.000000 27.825761 -0.341657 
96 0.724462 0.000000 1.318499 105.164233 0.000000 33.738687 -0.219781 
97 3.270679 0.000000 1.318499 111.611058 0.000000 16.549293 -0.273091 
98 1.997570 0.000000 2.498613 106.498890 0.000000 25.851045 -0.201029 
99 1.361016 0.000000 -0.451671 100.205236 0.000000 1.307510 -0.004280 
100 0.724462 0.000000 -0.451671 100.277347 0.000000 1.476633 -0.005773 
101 1.361016 0.000000 -1.041728 100.295437 0.000000 1.361495 -0.006103 
102 1.997570 0.000000 -0.451671 99.925254 0.000000 1.188696 0.001353 
103 1.361016 0.000000 0.138385 108.311582 0.000000 0.269515 -0.173147 
104 4.543787 0.000000 -1.041728 97.674367 0.000000 0.723237 0.045920 
105 4.543787 0.000000 -2.221842 89.720191 0.000000 15.775004 0.170144 
106 5.816896 0.000000 -1.041728 97.512526 0.000000 0.775828 0.049071 
107 4.543787 0.000000 0.138385 102.975308 0.000000 0.222260 -0.060396 
108 2.634124 0.000000 -0.451671 99.293879 0.000000 0.935357 0.013985 
109 2.634124 0.000000 -1.041728 99.621674 0.000000 1.082440 0.007435 
110 3.270679 0.000000 -0.451671 98.429545 0.000000 0.742191 0.031107 
111 2.634124 0.000000 0.138385 120.977791 0.000000 0.330446 -0.463574 
112 -27.283925 0.000000 9.579295 96.207097 0.000000 27.643348 -0.001996 
113 -37.468793 0.000000 9.579295 96.165789 0.000000 27.613301 -0.001035 
114 -27.283925 0.000000 19.020204 96.226170 0.000000 27.604278 -0.002147 
115 -12.006623 0.000000 4.858840 96.455588 0.000000 27.912212 -0.008277 
116 -17.099057 0.000000 4.858840 96.282563 0.000000 27.762519 -0.004109 
117 -12.006623 0.000000 9.579295 96.516273 0.000000 27.723989 -0.008401 
118 -4.367972 0.000000 2.498613 97.276477 0.000000 28.721903 -0.028766 
119 -6.914189 0.000000 2.498613 96.722755 0.000000 28.314345 -0.015699 
120 -4.367972 0.000000 4.858840 97.548518 0.000000 28.140857 -0.030762 
121 -0.548647 0.000000 1.318499 99.607884 0.000000 32.236660 -0.096093 
122 -1.821755 0.000000 1.318499 98.043449 0.000000 30.437791 -0.053898 
123 -0.548647 0.000000 2.498613 100.587491 0.000000 29.819442 -0.100704 
124 1.361016 0.000000 0.728442 100.295510 0.000000 1.360864 -0.006104 
125 0.724462 0.000000 0.728442 107.078284 0.000000 32.935912 -0.255053 
126 1.997570 0.000000 0.728442 100.036629 0.000000 1.221492 -0.000882 
127 1.361016 0.000000 1.318499 109.186291 0.000000 32.038201 -0.294809 
128 1.679293 0.000000 -0.156643 127.647886 0.000000 0.345671 -0.629410 
129 1.361016 0.000000 -0.156643 107.637852 0.000000 0.361857 -0.158604 
130 1.679293 0.000000 -0.451671 100.079573 0.000000 1.250585 -0.001748 
131 1.997570 0.000000 -0.156643 122.335162 0.000000 0.746922 -0.496645 
132 1.679293 0.000000 0.138385 128.707332 0.000000 0.315340 -0.656568 
133 4.543787 0.000000 1.318499 107.146469 0.000000 10.330962 -0.158709 
134 5.816896 0.000000 1.318499 104.011473 0.000000 8.728238 -0.089457 
135 4.543787 0.000000 2.498613 104.289990 0.000000 18.775758 -0.122893 
136 2.634124 0.000000 0.728442 99.620157 0.000000 1.082389 0.007465 
137 3.270679 0.000000 0.728442 98.479099 0.000000 0.734235 0.030133 
138 2.634124 0.000000 1.318499 113.087497 0.000000 22.034102 -0.327428 
139 2.315847 0.000000 -0.156643 117.681690 0.000000 0.598393 -0.384934 
140 2.315847 0.000000 -0.451671 99.797284 0.000000 1.075351 0.003935 
141 2.634124 0.000000 -0.156643 112.454839 0.000000 0.521882 -0.264636 
142 2.315847 0.000000 0.138385 128.229084 0.000000 0.381349 -0.644284 
143 3.907233 0.000000 -0.451671 97.893359 0.000000 0.700307 0.041640 
144 3.907233 0.000000 -1.041728 97.877013 0.000000 0.698960 0.041960 
145 4.543787 0.000000 -0.451671 97.704397 0.000000 0.720311 0.045333 
146 3.907233 0.000000 0.138385 106.674451 0.000000 0.230909 -0.137949 
147 2.952401 0.000000 -0.156643 109.144847 0.000000 0.472788 -0.191282 
148 2.952401 0.000000 -0.451671 98.931265 0.000000 0.865699 0.021186 
149 3.270679 0.000000 -0.156643 107.697129 0.000000 0.391425 -0.159882 
150 2.952401 0.000000 0.138385 115.310289 0.000000 0.313536 -0.329656 
151 3.907233 0.000000 0.728442 97.876268 0.000000 0.699099 0.041975 
152 4.543787 0.000000 0.728442 97.674248 0.000000 0.723288 0.045922 
153 3.907233 0.000000 1.318499 109.358877 0.000000 12.614401 -0.211849 
154 3.588956 0.000000 -0.156643 105.585375 0.000000 0.364403 -0.114840 
155 3.588956 0.000000 -0.451671 98.098248 0.000000 0.702586 0.037624 
156 3.907233 0.000000 -0.156643 104.224856 0.000000 0.354101 -0.086295 
157 3.588956 0.000000 0.138385 109.283660 0.000000 0.215226 -0.194296 
158 33.825283 0.000000 -9.302524 96.361814 0.000000 26.387581 0.001810 
159 33.825283 0.000000 -18.743433 96.171993 0.000000 27.022367 0.002074 
160 44.010151 0.000000 -9.302524 96.326594 0.000000 26.680247 0.000935 
161 33.825283 0.000000 0.138385 97.162870 0.000000 23.748621 -0.000462 
162 18.547981 0.000000 -4.582069 96.813250 0.000000 23.739730 0.006362 
163 18.547981 0.000000 -9.302524 96.253840 0.000000 25.602300 0.007972 
164 23.640415 0.000000 -4.582069 96.769753 0.000000 24.547399 0.003304 
165 18.547981 0.000000 0.138385 98.561115 0.000000 18.223668 -0.004640 
166 10.909330 0.000000 -2.221842 97.222941 0.000000 18.211010 0.021606 
167 10.909330 0.000000 -4.582069 96.227934 0.000000 21.906150 0.026031 
168 13.455547 0.000000 -2.221842 97.509847 0.000000 19.691341 0.010408 
169 10.909330 0.000000 0.138385 99.330966 0.000000 10.396585 0.002527 
170 7.090004 0.000000 -1.041728 96.119935 0.000000 10.731972 0.064578 
171 7.090004 0.000000 -2.221842 94.900987 0.000000 15.611481 0.075008 
172 8.363113 0.000000 -1.041728 97.327939 0.000000 12.513233 0.037069 
173 7.090004 0.000000 0.138385 99.091682 0.000000 3.424666 0.016911 
174 5.180341 0.000000 -0.451671 97.623121 0.000000 0.736044 0.046918 
175 5.180341 0.000000 -1.041728 97.603350 0.000000 0.741413 0.047304 
176 5.816896 0.000000 -0.451671 98.418452 0.000000 0.227596 0.031376 
177 5.180341 0.000000 0.138385 99.360076 0.000000 0.148324 0.012755 
178 33.825283 0.000000 9.579295 99.874569 0.000000 14.495815 -0.018506 
179 44.010151 0.000000 9.579295 100.661218 0.000000 11.729088 -0.027025 
180 33.825283 0.000000 19.020204 96.901410 0.000000 24.989650 -0.001437 
181 18.547981 0.000000 4.858840 100.188643 0.000000 13.331499 -0.021549 
182 23.640415 0.000000 4.858840 99.992082 0.000000 13.970505 -0.019359 
183 18.547981 0.000000 9.579295 97.833799 0.000000 22.084968 -0.005920 
184 10.909330 0.000000 2.498613 100.493435 0.000000 11.051782 -0.022107 
185 13.455547 0.000000 2.498613 99.167200 0.000000 15.877842 -0.008624 
186 10.909330 0.000000 4.858840 98.722106 0.000000 19.513961 -0.012685 
187 7.090004 0.000000 1.318499 101.881725 0.000000 7.307287 -0.043328 
188 8.363113 0.000000 1.318499 100.407555 0.000000 9.957480 -0.018083 
189 7.090004 0.000000 2.498613 100.666706 0.000000 16.291243 -0.039919 
190 5.180341 0.000000 0.728442 97.603459 0.000000 0.741373 0.047302 
191 5.816896 0.000000 0.728442 97.512528 0.000000 0.775827 0.049071 
192 5.180341 0.000000 1.318499 105.488867 0.000000 8.754386 -0.120454 
193 4.862064 0.000000 -0.156643 100.152298 0.000000 0.342016 -0.003060 
194 4.543787 0.000000 -0.156643 101.127888 0.000000 0.392561 -0.022700 
195 4.862064 0.000000 -0.451671 97.655516 0.000000 0.728417 0.046287 
196 5.180341 0.000000 -0.156643 99.316455 0.000000 0.177453 0.013621 
197 4.862064 0.000000 0.138385 101.003640 0.000000 0.209183 -0.020178 
198 6.453450 0.000000 -0.451671 98.595934 0.000000 -0.000000 0.027884 
199 6.453450 0.000000 -1.041728 94.895326 0.000000 9.826738 0.089831 
200 7.090004 0.000000 -0.451671 97.360254 0.000000 7.729037 0.046124 
201 6.453450 0.000000 0.138385 98.606354 0.000000 -0.000000 0.027679 
202 13.455547 0.000000 -28.184342 95.992818 0.000000 27.277501 0.004132 
203 3.270679 0.000000 -28.184342 95.940109 0.000000 27.382762 0.004568 
204 13.455547 0.000000 -37.625251 96.040297 0.000000 27.412309 0.002483 
205 23.640415 0.000000 -28.184342 96.066562 0.000000 27.249024 0.002871 
206 8.363113 0.000000 -14.022978 95.597579 0.000000 26.468077 0.016054 
207 3.270679 0.000000 -14.022978 95.404809 0.000000 26.846522 0.017719 
208 8.363113 0.000000 -18.743433 95.774309 0.000000 26.969230 0.009994 
209 13.455547 0.000000 -14.022978 95.868540 0.000000 26.348076 0.011500 
210 5.816896 0.000000 -6.942296 94.375447 0.000000 24.227055 0.050632 
211 3.270679 0.000000 -6.942296 93.692294 0.000000 25.372009 0.057802 
212 5.816896 0.000000 -9.302524 94.930955 0.000000 25.550106 0.033531 
213 8.363113 0.000000 -6.942296 95.220088 0.000000 23.857504 0.036395 
214 4.543787 0.000000 -3.401955 91.174818 0.000000 20.000611 0.128713 
215 3.270679 0.000000 -3.401955 89.530934 0.000000 22.206989 0.149106 
216 4.543787 0.000000 -4.582069 92.426551 0.000000 22.378901 0.095652 
217 5.816896 0.000000 -3.401955 92.991256 0.000000 19.049338 0.098975 
218 5.180341 0.000000 -1.631785 91.355763 0.000000 12.378822 0.150089 
219 4.543787 0.000000 -1.631785 89.173844 0.000000 12.521239 0.189124 
220 5.180341 0.000000 -2.221842 91.417985 0.000000 15.333059 0.140765 
221 5.816896 0.000000 -1.631785 92.997310 0.000000 12.563890 0.119365 
222 4.862064 0.000000 -0.746700 97.660131 0.000000 0.727183 0.046197 
223 4.543787 0.000000 -0.746700 97.708749 0.000000 0.719728 0.045248 
224 4.862064 0.000000 -1.041728 97.634787 0.000000 0.732157 0.046691 
225 5.180341 0.000000 -0.746700 97.626559 0.000000 0.734902 0.046851 
226 5.498618 0.000000 -0.156643 98.768204 0.000000 0.126403 0.024483 
227 5.498618 0.000000 -0.451671 98.365675 0.000000 0.312674 0.032410 
228 5.816896 0.000000 -0.156643 98.636544 0.000000 0.096068 0.027082 
229 5.498618 0.000000 0.138385 98.884603 0.000000 0.087155 0.022183 
230 5.021203 0.000000 -0.304157 98.482085 0.000000 0.529830 0.030100 
231 4.862064 0.000000 -0.304157 97.587147 0.000000 0.748708 0.047619 
232 5.021203 0.000000 -0.451671 97.625493 0.000000 0.735211 0.046872 
233 5.180341 0.000000 -0.304157 98.575501 0.000000 0.446354 0.028267 
234 5.021203 0.000000 -0.156643 99.261002 0.000000 0.339008 0.014714 
235 4.225510 0.000000 -0.156643 102.869310 0.000000 0.352478 -0.058222 
236 4.225510 0.000000 -0.451671 97.783556 0.000000 0.703133 0.043788 
237 4.225510 0.000000 0.138385 104.789306 0.000000 0.227618 -0.098085 
238 4.702926 0.000000 -0.304157 98.230156 0.000000 0.660677 0.035040 
239 4.543787 0.000000 -0.304157 97.692005 0.000000 0.713225 0.045576 
240 4.702926 0.000000 -0.451671 97.662290 0.000000 0.726360 0.046155 
241 4.702926 0.000000 -0.156643 99.870794 0.000000 0.467944 0.002561 
242 4.862064 0.000000 0.433414 97.660480 0.000000 0.727098 0.046190 
243 4.543787 0.000000 0.433414 97.672500 0.000000 0.723607 0.045956 
244 5.180341 0.000000 0.433414 97.626855 0.000000 0.734805 0.046846 
245 4.862064 0.000000 0.728442 97.634861 0.000000 0.732137 0.046690 
246 5.021203 0.000000 -0.009129 100.561199 0.000000 0.110586 -0.011257 
247 4.862064 0.000000 -0.009129 101.247258 0.000000 0.175284 -0.025104 
248 5.180341 0.000000 -0.009129 99.482548 0.000000 0.124851 0.010321 
249 5.021203 0.000000 0.138385 99.426038 0.000000 0.298732 0.011437 
250 4.941634 0.000000 -0.230400 98.146514 0.000000 0.653600 0.036683 
251 4.862064 0.000000 -0.230400 98.182729 0.000000 0.656878 0.035972 
252 4.941634 0.000000 -0.304157 97.779680 0.000000 0.707022 0.043863 
253 5.021203 0.000000 -0.230400 98.229857 0.000000 0.596412 0.035054 
254 4.941634 0.000000 -0.156643 100.387329 0.000000 0.249327 -0.007768 
255 4.702926 0.000000 -0.009129 103.367493 0.000000 0.064188 -0.068484 
256 4.543787 0.000000 -0.009129 103.362333 0.000000 0.186450 -0.068381 
257 4.702926 0.000000 0.138385 101.138240 0.000000 0.323093 -0.022905 
258 4.782495 0.000000 -0.230400 98.245902 0.000000 0.664126 0.034730 
259 4.702926 0.000000 -0.230400 98.705819 0.000000 0.605056 0.025680 
260 4.782495 0.000000 -0.304157 98.161723 0.000000 0.671919 0.036382 
261 4.782495 0.000000 -0.156643 99.736407 0.000000 0.438798 0.005246 
262 -6.914189 0.000000 -28.184342 95.962674 0.000000 27.505144 0.003463 
263 -17.099057 0.000000 -28.184342 96.021415 0.000000 27.569855 0.001979 
264 -6.914189 0.000000 -37.625251 96.027217 0.000000 27.515850 0.002165 
265 -1.821755 0.000000 -14.022978 95.461197 0.000000 27.327439 0.014037 
266 -6.914189 0.000000 -14.022978 95.684241 0.000000 27.600084 0.008276 
267 -1.821755 0.000000 -18.743433 95.736912 0.000000 27.374152 0.008510 
268 0.724462 0.000000 -6.942296 93.865226 0.000000 26.749967 0.047376 
269 -1.821755 0.000000 -6.942296 94.563178 0.000000 27.623611 0.029474 
270 0.724462 0.000000 -9.302524 94.693259 0.000000 26.849753 0.031228 
271 1.997570 0.000000 -3.401955 89.282891 0.000000 25.435112 0.138162 
272 0.724462 0.000000 -3.401955 90.854503 0.000000 27.997654 0.096159 
273 1.997570 0.000000 -4.582069 91.552434 0.000000 25.630935 0.096121 
274 2.634124 0.000000 -1.631785 80.767182 0.000000 19.475525 0.309737 
275 1.997570 0.000000 -1.631785 80.404241 0.000000 25.478158 0.288602 
276 2.634124 0.000000 -2.221842 84.708048 0.000000 21.806649 0.234902 
277 3.270679 0.000000 -1.631785 83.445110 0.000000 15.474407 0.279746 
278 2.315847 0.000000 -0.746700 99.711445 0.000000 1.113818 0.005639 
279 1.997570 0.000000 -0.746700 99.905538 0.000000 1.180633 0.001749 
280 2.315847 0.000000 -1.041728 99.842527 0.000000 1.151339 0.003014 
281 2.634124 0.000000 -0.746700 99.489956 0.000000 1.046654 0.010065 
282 2.156709 0.000000 -0.304157 105.178171 0.000000 1.022623 -0.106349 
283 1.997570 0.000000 -0.304157 100.351132 0.000000 1.260658 -0.007194 
284 2.156709 0.000000 -0.451671 99.774545 0.000000 1.138017 0.004375 
285 2.315847 0.000000 -0.304157 99.793980 0.000000 1.013167 0.004013 
286 2.156709 0.000000 -0.156643 116.864763 0.000000 0.745587 -0.365793 
287 1.361016 0.000000 -1.631785 83.715630 0.000000 30.637549 0.205303 
288 0.724462 0.000000 -1.631785 88.028295 0.000000 32.698823 0.118181 
289 1.361016 0.000000 -2.221842 86.516880 0.000000 28.570391 0.169856 
290 1.679293 0.000000 -0.746700 100.068037 0.000000 1.242878 -0.001516 
291 1.361016 0.000000 -0.746700 100.202137 0.000000 1.303113 -0.004217 
292 1.679293 0.000000 -1.041728 100.195605 0.000000 1.293486 -0.004083 
293 1.838432 0.000000 -0.304157 106.953867 0.000000 1.205634 -0.144058 
294 1.679293 0.000000 -0.304157 116.459185 0.000000 0.892580 -0.356354 
295 1.838432 0.000000 -0.451671 99.943747 0.000000 1.200734 0.000981 
296 1.838432 0.000000 -0.156643 133.148672 0.000000 0.493660 -0.772881 
297 0.087907 0.000000 -0.451671 94.518984 0.000000 37.008306 -0.030345 
298 -0.548647 0.000000 -0.451671 96.673234 0.000000 32.767855 -0.041945 
299 0.087907 0.000000 -1.041728 92.366291 0.000000 35.037837 0.024082 
300 0.087907 0.000000 0.138385 102.924668 0.000000 -0.000000 -0.059349 
301 1.042739 0.000000 -0.156643 102.909057 0.000000 0.328208 -0.059038 
302 0.724462 0.000000 -0.156643 101.175907 0.000000 0.192962 -0.023660 
303 1.042739 0.000000 -0.451671 100.294415 0.000000 1.366464 -0.006084 
304 1.042739 0.000000 0.138385 102.810727 0.000000 0.262586 -0.057011 
305 1.520154 0.000000 -0.304157 104.814533 0.000000 0.862833 -0.098683 
306 1.361016 0.000000 -0.304157 105.512143 0.000000 0.845293 -0.113353 
307 1.520154 0.000000 -0.451671 100.082115 0.000000 1.254010 -0.001800 
308 1.520154 0.000000 -0.156643 116.378285 0.000000 0.448094 -0.354411 
309 1.679293 0.000000 0.433414 100.064892 0.000000 1.240788 -0.001452 
310 1.361016 0.000000 0.433414 100.201245 0.000000 1.301876 -0.004198 
311 1.997570 0.000000 0.433414 99.900115 0.000000 1.178313 0.001858 
312 1.679293 0.000000 0.728442 100.194597 0.000000 1.292344 -0.004063 
313 1.838432 0.000000 -0.009129 144.790873 0.000000 0.247421 -1.096446 
314 1.679293 0.000000 -0.009129 131.794311 0.000000 0.257360 -0.736981 
315 1.997570 0.000000 -0.009129 142.229322 0.000000 0.283936 -1.022926 
316 1.838432 0.000000 0.138385 138.703004 0.000000 0.371276 -0.923866 
317 1.758862 0.000000 -0.230400 126.223255 0.000000 0.649998 -0.593273 
318 1.679293 0.000000 -0.230400 118.414069 0.000000 0.657205 -0.402232 
319 1.758862 0.000000 -0.304157 115.652372 0.000000 0.875791 -0.337624 
320 1.838432 0.000000 -0.230400 105.748383 0.000000 1.319230 -0.118446 
321 1.758862 0.000000 -0.156643 128.361048 0.000000 0.486253 -0.647680 
322 1.838432 0.000000 -0.599186 99.934052 0.000000 1.196143 0.001175 
323 1.679293 0.000000 -0.599186 100.074301 0.000000 1.247013 -0.001642 
324 1.838432 0.000000 -0.746700 100.060792 0.000000 1.236636 -0.001369 
325 1.997570 0.000000 -0.599186 99.916121 0.000000 1.184943 0.001536 
326 1.758862 0.000000 -0.377914 100.078794 0.000000 1.248961 -0.001732 
327 1.679293 0.000000 -0.377914 100.081553 0.000000 1.251949 -0.001788 
328 1.758862 0.000000 -0.451671 100.076731 0.000000 1.247612 -0.001691 
329 1.838432 0.000000 -0.377914 99.947410 0.000000 1.202491 0.000907 
330 1.918001 0.000000 -0.230400 107.657515 0.000000 1.187151 -0.159155 
331 1.918001 0.000000 -0.304157 100.340804 0.000000 1.352268 -0.007011 
332 1.997570 0.000000 -0.230400 107.039130 0.000000 1.130809 -0.145865 
333 1.918001 0.000000 -0.156643 127.436645 0.000000 0.648127 -0.624052 
334 1.798647 0.000000 -0.267279 103.449393 0.000000 1.383306 -0.070369 
335 1.758862 0.000000 -0.267279 117.092786 0.000000 0.845603 -0.371144 
336 1.798647 0.000000 -0.304157 115.502176 0.000000 0.877473 -0.334152 
337 1.838432 0.000000 -0.267279 103.014421 0.000000 1.392054 -0.061391 
338 1.798647 0.000000 -0.230400 106.618131 0.000000 1.298566 -0.136911 
339 1.918001 0.000000 -0.377914 99.939375 0.000000 1.196932 0.001069 
340 1.918001 0.000000 -0.451671 99.935735 0.000000 1.195298 0.001142 
341 1.997570 0.000000 -0.377914 99.928739 0.000000 1.190135 0.001283 
342 1.878216 0.000000 -0.267279 102.882328 0.000000 1.352444 -0.058660 
343 1.878216 0.000000 -0.304157 104.843582 0.000000 1.258123 -0.099376 
344 1.918001 0.000000 -0.267279 104.120279 0.000000 1.277238 -0.084266 
345 1.878216 0.000000 -0.230400 103.470183 0.000000 1.333371 -0.070786 
346 1.520154 0.000000 -0.009129 120.283846 0.000000 0.240567 -0.446826 
347 1.361016 0.000000 -0.009129 109.356483 0.000000 0.209950 -0.195888 
348 1.520154 0.000000 0.138385 120.562196 0.000000 0.332421 -0.453535 
349 1.758862 0.000000 -0.082886 134.530166 0.000000 0.318683 -0.809847 
350 1.679293 0.000000 -0.082886 130.100315 0.000000 0.291170 -0.692618 
351 1.838432 0.000000 -0.082886 140.828543 0.000000 0.329079 -0.983279 
352 1.758862 0.000000 -0.009129 144.108011 0.000000 0.179068 -1.076715 
353 1.798647 0.000000 -0.193522 127.994367 0.000000 0.611459 -0.638293 
354 1.758862 0.000000 -0.193522 128.136217 0.000000 0.609481 -0.641926 
355 1.838432 0.000000 -0.193522 114.994626 0.000000 1.008968 -0.322478 
356 1.798647 0.000000 -0.156643 130.306881 0.000000 0.562518 -0.698020 
357 1.818539 0.000000 -0.248839 100.454579 0.000000 1.514202 -0.009342 
358 1.798647 0.000000 -0.248839 103.036949 0.000000 1.404448 -0.061859 
359 1.818539 0.000000 -0.267279 102.574869 0.000000 1.418399 -0.052362 
360 1.838432 0.000000 -0.248839 102.740346 0.000000 1.406918 -0.055756 
361 1.818539 0.000000 -0.230400 105.189819 0.000000 1.345876 -0.106671 
362 6.453450 0.000000 0.728442 101.326260 0.000000 7.918330 -0.032971 
363 7.090004 0.000000 0.728442 100.034001 0.000000 9.157165 -0.009065 
364 6.453450 0.000000 1.318499 102.800574 0.000000 7.410832 -0.062288 
365 6.135173 0.000000 -0.156643 98.594652 0.000000 0.034201 0.027909 
366 6.135173 0.000000 -0.451671 98.454052 0.000000 0.121664 0.030678 
367 6.453450 0.000000 -0.156643 98.606471 0.000000 -0.000000 0.027676 
368 6.135173 0.000000 0.138385 98.596519 0.000000 0.032843 0.027873 
369 9.636221 0.000000 -1.041728 97.833656 0.000000 13.869627 0.023621 
370 9.636221 0.000000 -2.221842 96.832961 0.000000 17.345432 0.032251 
371 10.909330 0.000000 -1.041728 98.092814 0.000000 15.077772 0.015046 
372 9.636221 0.000000 0.138385 99.149265 0.000000 8.757845 0.009272 
373 7.726558 0.000000 -0.451671 97.833135 0.000000 9.009736 0.034750 
374 7.726558 0.000000 -1.041728 96.856424 0.000000 11.662769 0.048281 
375 8.363113 0.000000 -0.451671 98.130120 0.000000 10.020054 0.027008 
376 7.726558 0.000000 0.138385 98.993778 0.000000 5.576225 0.016914 
377 6.771727 0.000000 -0.156643 98.594797 0.000000 -0.000000 0.027907 
378 6.771727 0.000000 -0.451671 97.009012 0.000000 6.918403 0.054139 
379 7.090004 0.000000 -0.156643 98.165790 0.000000 6.355091 0.032309 
380 6.771727 0.000000 0.138385 98.594788 0.000000 -0.000000 0.027907 
381 6.135173 0.000000 0.433414 98.629163 0.000000 0.000000 0.027229 
382 5.816896 0.000000 0.433414 98.534725 0.000000 0.156079 0.029088 
383 6.453450 0.000000 0.433414 98.597899 0.000000 -0.000000 0.027845 
384 6.135173 0.000000 0.728442 102.460018 0.000000 7.260775 -0.055077 
385 6.294311 0.000000 -0.009129 98.611978 0.000000 -0.000000 0.027568 
386 6.135173 0.000000 -0.009129 98.613859 0.000000 0.009521 0.027531 
387 6.294311 0.000000 -0.156643 98.616307 0.000000 -0.000000 0.027482 
388 6.453450 0.000000 -0.009129 98.607193 0.000000 -0.000000 0.027662 
389 6.294311 0.000000 0.138385 98.616177 0.000000 -0.000000 0.027485 
390 9.636221 0.000000 1.318499 99.148372 0.000000 14.590830 -0.004329 
391 10.909330 0.000000 1.318499 99.135803 0.000000 13.332380 -0.000566 
392 9.636221 0.000000 2.498613 100.451543 0.000000 11.683380 -0.022701 
393 7.726558 0.000000 0.728442 99.546189 0.000000 9.553913 -0.000072 
394 8.363113 0.000000 0.728442 99.404024 0.000000 9.377015 0.003091 
395 7.726558 0.000000 1.318499 100.951747 0.000000 9.002720 -0.027230 
396 6.771727 0.000000 0.433414 100.067125 0.000000 -1.801925 -0.001668 
397 7.090004 0.000000 0.433414 100.480389 0.000000 -4.705137 -0.011845 
398 6.771727 0.000000 0.728442 100.519839 0.000000 8.626677 -0.017866 
399 6.612588 0.000000 -0.009129 98.597722 0.000000 -0.000000 0.027849 
400 6.612588 0.000000 -0.156643 98.597870 0.000000 -0.000000 0.027846 
401 6.771727 0.000000 -0.009129 98.594755 0.000000 -0.000000 0.027907 
402 6.612588 0.000000 0.138385 98.597841 0.000000 -0.000000 0.027847 
403 6.294311 0.000000 0.285900 98.609299 0.000000 -0.000000 0.027621 
404 6.135173 0.000000 0.285900 98.602912 0.000000 0.023139 0.027747 
405 6.453450 0.000000 0.285900 98.602032 0.000000 -0.000000 0.027764 
406 6.294311 0.000000 0.433414 98.604702 0.000000 -0.000000 0.027711 
407 6.373881 0.000000 0.064628 98.613454 0.000000 -0.000000 0.027539 
408 6.294311 0.000000 0.064628 98.614023 0.000000 -0.000000 0.027527 
409 6.373881 0.000000 -0.009129 98.600438 0.000000 0.000000 0.027795 
410 6.453450 0.000000 0.064628 98.605984 0.000000 -0.000000 0.027686 
411 6.373881 0.000000 0.138385 98.607391 0.000000 -0.000000 0.027658 
412 7.090004 0.000000 -3.401955 94.479277 0.000000 18.953427 0.071443 
413 7.090004 0.000000 -4.582069 94.485507 0.000000 21.284880 0.061944 
414 8.363113 0.000000 -3.401955 95.519819 0.000000 19.261798 0.050495 
415 6.453450 0.000000 -1.631785 94.309744 0.000000 12.897220 0.093933 
416 6.453450 0.000000 -2.221842 93.972430 0.000000 15.313386 0.093468 
417 7.090004 0.000000 -1.631785 95.372121 0.000000 13.405658 0.072445 
418 6.135173 0.000000 -0.746700 94.402242 0.000000 7.532143 0.103148 
419 5.816896 0.000000 -0.746700 97.552015 0.000000 0.760214 0.048303 
420 6.135173 0.000000 -1.041728 94.106884 0.000000 9.499639 0.105365 
421 6.453450 0.000000 -0.746700 95.384871 0.000000 7.962890 0.083832 
422 6.294311 0.000000 -0.304157 98.609347 0.000000 -0.000000 0.027620 
423 6.135173 0.000000 -0.304157 98.568319 0.000000 0.047137 0.028428 
424 6.294311 0.000000 -0.451671 98.602044 0.000000 0.000000 0.027764 
425 6.453450 0.000000 -0.304157 98.602086 0.000000 -0.000000 0.027763 
426 6.373881 0.000000 -0.082886 98.613565 0.000000 -0.000000 0.027536 
427 6.294311 0.000000 -0.082886 98.615846 0.000000 -0.000000 0.027491 
428 6.373881 0.000000 -0.156643 98.607486 0.000000 -0.000000 0.027656 
429 6.453450 0.000000 -0.082886 98.606056 0.000000 -0.000000 0.027685 
430 6.612588 0.000000 0.285900 98.596573 0.000000 -0.000000 0.027872 
431 6.771727 0.000000 0.285900 98.592314 0.000000 -0.000000 0.027956 
432 6.612588 0.000000 0.433414 98.590040 0.000000 -0.000000 0.028000 
433 6.533019 0.000000 0.064628 98.600945 0.000000 -0.000000 0.027785 
434 6.533019 0.000000 -0.009129 98.600883 0.000000 -0.000000 0.027787 
435 6.612588 0.000000 0.064628 98.597750 0.000000 -0.000000 0.027848 
436 6.533019 0.000000 0.138385 98.601142 0.000000 -0.000000 0.027781 
437 6.413665 0.000000 0.027750 98.606375 0.000000 -0.000000 0.027678 
438 6.373881 0.000000 0.027750 98.602686 0.000000 0.000000 0.027751 
439 6.413665 0.000000 -0.009129 98.592145 0.000000 -0.000000 0.027959 
440 6.453450 0.000000 0.027750 98.613935 0.000000 -0.000000 0.027529 
441 6.413665 0.000000 0.064628 98.606465 0.000000 -0.000000 0.027677 
442 6.771727 0.000000 -0.746700 96.146130 0.000000 8.612295 0.068175 
443 6.771727 0.000000 -1.041728 95.580426 0.000000 10.266518 0.075898 
444 7.090004 0.000000 -0.746700 96.665485 0.000000 9.238700 0.057043 
445 6.612588 0.000000 -0.304157 98.596593 0.000000 -0.000000 0.027871 
446 6.612588 0.000000 -0.451671 96.754414 0.000000 6.390061 0.059775 
447 6.771727 0.000000 -0.304157 98.590037 0.000000 -0.000000 0.028000 
448 6.533019 0.000000 -0.082886 98.600984 0.000000 -0.000000 0.027785 
449 6.533019 0.000000 -0.156643 98.601204 0.000000 -0.000000 0.027780 
450 6.612588 0.000000 -0.082886 98.597768 0.000000 -0.000000 0.027848 
451 6.413665 0.000000 -0.046007 98.606411 0.000000 -0.000000 0.027678 
452 6.373881 0.000000 -0.046007 98.613365 0.000000 -0.000000 0.027540 
453 6.413665 0.000000 -0.082886 98.606532 0.000000 -0.000000 0.027675 
454 6.453450 0.000000 -0.046007 98.612256 0.000000 -0.000000 0.027562 
455 6.493234 0.000000 0.027750 98.613461 0.000000 -0.000000 0.027539 
456 6.493234 0.000000 -0.009129 98.614125 0.000000 -0.000000 0.027525 
457 6.533019 0.000000 0.027750 98.600894 0.000000 -0.000000 0.027786 
458 6.493234 0.000000 0.064628 98.601116 0.000000 -0.000000 0.027782 
459 6.433558 0.000000 0.009311 98.601816 0.000000 -0.000000 0.027768 
460 6.413665 0.000000 0.009311 98.592186 0.000000 -0.000000 0.027958 
461 6.433558 0.000000 -0.009129 98.601769 0.000000 -0.000000 0.027769 
462 6.453450 0.000000 0.009311 98.607215 0.000000 -0.000000 0.027662 
463 6.433558 0.000000 0.027750 98.613460 0.000000 -0.000000 0.027539 
464 5.976034 0.000000 -0.009129 98.651209 0.000000 0.028098 0.026794 
465 5.816896 0.000000 -0.009129 98.715646 0.000000 0.018920 0.025522 
466 5.976034 0.000000 -0.156643 98.633581 0.000000 0.061780 0.027141 
467 5.976034 0.000000 0.138385 98.655590 0.000000 0.047113 0.026707 
468 6.214742 0.000000 0.064628 98.603679 0.000000 0.010958 0.027731 
469 6.135173 0.000000 0.064628 98.613479 0.000000 0.020977 0.027538 
470 6.214742 0.000000 -0.009129 98.603548 0.000000 0.003570 0.027734 
471 6.214742 0.000000 0.138385 98.603788 0.000000 0.017035 0.027729 
472 6.334096 0.000000 0.027750 98.608477 0.000000 0.000000 0.027637 
473 6.294311 0.000000 0.027750 98.612976 0.000000 -0.000000 0.027548 
474 6.334096 0.000000 -0.009129 98.606437 0.000000 0.000000 0.027677 
475 6.334096 0.000000 0.064628 98.614509 0.000000 -0.000000 0.027518 
476 5.498618 0.000000 0.433414 98.446676 0.000000 0.265567 0.030818 
477 5.498618 0.000000 0.728442 97.552722 0.000000 0.759935 0.048289 
478 5.657757 0.000000 -0.009129 98.826257 0.000000 0.020725 0.023337 
479 5.498618 0.000000 -0.009129 98.947251 0.000000 0.067980 0.020944 
480 5.657757 0.000000 -0.156643 98.638685 0.000000 0.112460 0.027040 
481 5.657757 0.000000 0.138385 98.648414 0.000000 0.106918 0.026848 
482 5.976034 0.000000 0.285900 98.609364 0.000000 0.069081 0.027619 
483 5.816896 0.000000 0.285900 98.643442 0.000000 0.090920 0.026946 
484 5.976034 0.000000 0.433414 98.509583 0.000000 0.120832 0.029585 
485 5.896465 0.000000 0.064628 98.663197 0.000000 0.046170 0.026557 
486 5.816896 0.000000 0.064628 98.689289 0.000000 0.048957 0.026042 
487 5.896465 0.000000 -0.009129 98.680361 0.000000 0.025436 0.026219 
488 5.976034 0.000000 0.064628 98.661098 0.000000 0.027747 0.026599 
489 5.896465 0.000000 0.138385 98.650513 0.000000 0.068028 0.026807 
490 5.657757 0.000000 0.285900 98.615268 0.000000 0.132722 0.027501 
491 5.498618 0.000000 0.285900 98.538413 0.000000 0.199582 0.029014 
492 5.657757 0.000000 0.433414 98.552665 0.000000 0.187843 0.028734 
493 5.737326 0.000000 0.064628 98.696247 0.000000 0.062578 0.025905 
494 5.657757 0.000000 0.064628 98.720102 0.000000 0.068416 0.025434 
495 5.737326 0.000000 -0.009129 98.744553 0.000000 0.025392 0.024951 
496 5.737326 0.000000 0.138385 98.649838 0.000000 0.101271 0.026820 
497 5.339480 0.000000 -0.009129 99.233466 0.000000 0.057606 0.015272 
498 5.339480 0.000000 -0.156643 98.934716 0.000000 0.157591 0.021190 
499 5.339480 0.000000 0.138385 98.986903 0.000000 0.135037 0.020157 
500 5.578188 0.000000 0.064628 98.889913 0.000000 0.072249 0.022078 
501 5.498618 0.000000 0.064628 98.927900 0.000000 0.073696 0.021327 
502 5.578188 0.000000 -0.009129 98.905073 0.000000 0.026827 0.021779 
503 5.578188 0.000000 0.138385 98.875257 0.000000 0.073013 0.022368 
504 5.339480 0.000000 0.285900 98.444684 0.000000 0.261894 0.030858 
505 5.180341 0.000000 0.285900 98.667312 0.000000 0.420146 0.026459 
506 5.339480 0.000000 0.433414 97.950754 0.000000 0.551964 0.040535 
507 5.419049 0.000000 0.064628 98.955770 0.000000 0.081209 0.020775 
508 5.339480 0.000000 0.064628 99.166007 0.000000 0.090299 0.016610 
509 5.419049 0.000000 -0.009129 98.995920 0.000000 0.071808 0.019980 
510 5.419049 0.000000 0.138385 98.809259 0.000000 0.130296 0.023671 
511 5.498618 0.000000 -0.746700 97.575517 0.000000 0.751221 0.047845 
512 5.498618 0.000000 -1.041728 97.576658 0.000000 0.750779 0.047823 
513 5.657757 0.000000 -0.304157 98.596088 0.000000 0.143925 0.027879 
514 5.498618 0.000000 -0.304157 98.509985 0.000000 0.215820 0.029574 
515 5.657757 0.000000 -0.451671 98.520829 0.000000 0.206136 0.029360 
516 5.816896 0.000000 -0.304157 98.606783 0.000000 0.122520 0.027669 
517 5.578188 0.000000 -0.082886 98.879833 0.000000 0.075926 0.022277 
518 5.498618 0.000000 -0.082886 98.914123 0.000000 0.078587 0.021599 
519 5.578188 0.000000 -0.156643 98.694218 0.000000 0.126479 0.025944 
520 5.657757 0.000000 -0.082886 98.653062 0.000000 0.104860 0.026756 
521 5.538403 0.000000 0.027750 98.926439 0.000000 0.043184 0.021356 
522 5.498618 0.000000 0.027750 98.943925 0.000000 0.068876 0.021009 
523 5.538403 0.000000 -0.009129 98.938764 0.000000 0.022773 0.021112 
524 5.578188 0.000000 0.027750 98.896064 0.000000 0.044617 0.021957 
525 5.538403 0.000000 0.064628 98.908103 0.000000 0.070769 0.021718 
526 5.339480 0.000000 -0.304157 98.334762 0.000000 0.333224 0.033016 
527 5.339480 0.000000 -0.451671 97.598126 0.000000 0.743338 0.047405 
528 5.419049 0.000000 -0.082886 98.935236 0.000000 0.087538 0.021181 
529 5.339480 0.000000 -0.082886 99.123889 0.000000 0.107929 0.017444 
530 5.419049 0.000000 -0.156643 98.783408 0.000000 0.140386 0.024182 
531 5.458834 0.000000 0.027750 98.953044 0.000000 0.071516 0.020829 
532 5.419049 0.000000 0.027750 98.987015 0.000000 0.073687 0.020157 
533 5.458834 0.000000 -0.009129 98.956589 0.000000 0.070706 0.020759 
534 5.458834 0.000000 0.064628 98.935640 0.000000 0.076229 0.021173 
535 5.538403 0.000000 -0.046007 98.914811 0.000000 0.069205 0.021586 
536 5.498618 0.000000 -0.046007 98.935272 0.000000 0.071832 0.021181 
537 5.538403 0.000000 -0.082886 98.895727 0.000000 0.075080 0.021963 
538 5.578188 0.000000 -0.046007 98.892711 0.000000 0.051910 0.022023 
539 5.518511 0.000000 0.009311 98.949900 0.000000 0.021442 0.020892 
540 5.498618 0.000000 0.009311 98.947583 0.000000 0.067812 0.020937 
541 5.518511 0.000000 -0.009129 98.949878 0.000000 0.021305 0.020892 
542 5.538403 0.000000 0.009311 98.938849 0.000000 0.022796 0.021110 
543 5.518511 0.000000 0.027750 98.938667 0.000000 0.068325 0.021114 
544 16.001764 0.000000 2.498613 100.793931 0.000000 10.642426 -0.027268 
545 16.001764 0.000000 0.138385 99.005852 0.000000 16.187300 -0.006419 
546 18.547981 0.000000 2.498613 100.774469 0.000000 10.899925 -0.027430 
547 16.001764 0.000000 4.858840 99.152965 0.000000 17.009345 -0.012063 
548 12.182438 0.000000 1.318499 101.505302 0.000000 5.713909 -0.033598 
549 12.182438 0.000000 0.138385 99.398617 0.000000 11.937568 -0.002259 
550 13.455547 0.000000 1.318499 101.318836 0.000000 7.368001 -0.031979 
551 12.182438 0.000000 2.498613 100.324770 0.000000 11.530819 -0.019802 
552 -27.283925 0.000000 -28.184342 96.066602 0.000000 27.588016 0.001011 
553 -37.468793 0.000000 -28.184342 96.092542 0.000000 27.588725 0.000509 
554 -27.283925 0.000000 -37.625251 96.074904 0.000000 27.571515 0.000942 
555 33.825283 0.000000 -28.184342 96.115736 0.000000 27.268675 0.001818 
556 33.825283 0.000000 -37.625251 96.101090 0.000000 27.386344 0.001457 
557 44.010151 0.000000 -28.184342 96.140758 0.000000 27.301710 0.001157 
558 -12.006623 0.000000 -14.022978 95.886492 0.000000 27.660180 0.004069 
559 -17.099057 0.000000 -14.022978 95.989859 0.000000 27.663646 0.002067 
560 -12.006623 0.000000 -18.743433 95.920182 0.000000 27.593978 0.003789 
561 18.547981 0.000000 -14.022978 96.066501 0.000000 26.421866 0.007311 
562 18.547981 0.000000 -18.743433 96.026755 0.000000 26.878828 0.005639 
563 23.640415 0.000000 -14.022978 96.179158 0.000000 26.564834 0.004388 
564 -4.367972 0.000000 -6.942296 95.193045 0.000000 27.905534 0.015957 
565 -6.914189 0.000000 -6.942296 95.576536 0.000000 27.940501 0.008445 
566 -4.367972 0.000000 -9.302524 95.310655 0.000000 27.656692 0.015099 
567 10.909330 0.000000 -6.942296 95.836098 0.000000 23.972064 0.024078 
568 10.909330 0.000000 -9.302524 95.726462 0.000000 25.194377 0.020169 
569 13.455547 0.000000 -6.942296 96.194796 0.000000 24.265093 0.015777 
570 -0.548647 0.000000 -3.401955 92.749709 0.000000 29.037084 0.055434 
571 -1.821755 0.000000 -3.401955 94.102284 0.000000 29.073831 0.029947 
572 -0.548647 0.000000 -4.582069 93.270084 0.000000 28.034075 0.051478 
573 0.087907 0.000000 -1.631785 91.332962 0.000000 32.691256 0.058957 
574 -0.548647 0.000000 -1.631785 93.325444 0.000000 31.872917 0.027448 
575 0.087907 0.000000 -2.221842 91.180423 0.000000 30.859114 0.073385 
576 1.042739 0.000000 -0.746700 100.323463 0.000000 1.424949 -0.006683 
577 0.724462 0.000000 -0.746700 100.180835 0.000000 1.512980 -0.003849 
578 1.042739 0.000000 -1.041728 100.278425 0.000000 1.476248 -0.005794 
579 3.907233 0.000000 -1.631785 86.467927 0.000000 13.373154 0.234446 
580 3.907233 0.000000 -2.221842 87.817386 0.000000 16.844246 0.200438 
581 2.952401 0.000000 -0.746700 99.258372 0.000000 0.985498 0.014680 
582 2.952401 0.000000 -1.041728 99.231542 0.000000 0.918357 0.015226 
583 3.270679 0.000000 -0.746700 98.738431 0.000000 0.806697 0.025007 
584 0.087907 0.000000 0.728442 100.555739 0.000000 35.561183 -0.137605 
585 -0.548647 0.000000 0.728442 97.915555 0.000000 33.185478 -0.068873 
586 0.087907 0.000000 1.318499 101.716723 0.000000 33.526245 -0.147030 
587 1.042739 0.000000 0.433414 100.323768 0.000000 1.424719 -0.006689 
588 0.724462 0.000000 0.433414 100.109075 0.000000 1.529402 -0.002417 
589 1.042739 0.000000 0.728442 100.180992 0.000000 1.512944 -0.003852 
590 2.315847 0.000000 0.433414 99.706003 0.000000 1.112308 0.005748 
591 2.634124 0.000000 0.433414 99.486965 0.000000 1.046386 0.010125 
592 2.315847 0.000000 0.728442 99.839642 0.000000 1.150443 0.003072 
593 2.952401 0.000000 0.433414 99.258614 0.000000 0.986234 0.014675 
594 3.270679 0.000000 0.433414 98.574319 0.000000 0.764613 0.028252 
595 2.952401 0.000000 0.728442 99.080056 0.000000 0.860333 0.018240 
596 2.156709 0.000000 -0.009129 140.025403 0.000000 0.246352 -0.960717 
597 2.315847 0.000000 -0.009129 132.792432 0.000000 0.287192 -0.763391 
598 2.156709 0.000000 0.138385 132.350459 0.000000 0.385931 -0.751679 
599 3.588956 0.000000 -0.746700 98.198378 0.000000 0.720457 0.035656 
600 3.588956 0.000000 -1.041728 98.110328 0.000000 0.699072 0.037387 
601 3.907233 0.000000 -0.746700 97.899754 0.000000 0.716385 0.041512 
602 4.225510 0.000000 -0.746700 97.783936 0.000000 0.714744 0.043779 
603 4.225510 0.000000 -1.041728 97.729771 0.000000 0.715723 0.044838 
604 3.588956 0.000000 0.433414 98.198025 0.000000 0.720655 0.035663 
605 3.907233 0.000000 0.433414 97.815666 0.000000 0.711291 0.043159 
606 3.588956 0.000000 0.728442 98.169996 0.000000 0.697686 0.036217 
607 4.225510 0.000000 0.433414 97.729381 0.000000 0.715405 0.044846 
608 4.225510 0.000000 0.728442 97.729268 0.000000 0.715873 0.044848 
609 16.001764 0.000000 -2.221842 97.520825 0.000000 20.899584 0.005290 
610 16.001764 0.000000 -4.582069 96.787660 0.000000 23.241131 0.009200 
611 18.547981 0.000000 -2.221842 97.425139 0.000000 21.862895 0.003036 
612 9.636221 0.000000 -3.401955 96.189527 0.000000 19.772523 0.035662 
613 9.636221 0.000000 -4.582069 95.852941 0.000000 21.562594 0.034727 
614 10.909330 0.000000 -3.401955 96.621274 0.000000 20.344163 0.025044 
615 12.182438 0.000000 -1.041728 98.224197 0.000000 16.225388 0.008874 
616 12.182438 0.000000 -2.221842 97.417477 0.000000 18.991065 0.014917 
617 13.455547 0.000000 -1.041728 98.253857 0.000000 17.253996 0.004848 
618 7.726558 0.000000 -1.631785 96.140357 0.000000 14.039560 0.055992 
619 7.726558 0.000000 -2.221842 95.600316 0.000000 15.992745 0.060481 
620 8.363113 0.000000 -1.631785 96.647040 0.000000 14.626899 0.044540 
621 5.021203 0.000000 0.285900 98.633478 0.000000 0.492703 0.027119 
622 4.862064 0.000000 0.285900 99.661746 0.000000 0.417273 0.006736 
623 5.021203 0.000000 0.433414 97.629084 0.000000 0.734037 0.046802 
624 2.156709 0.000000 -0.599186 99.889531 0.000000 1.170191 0.002071 
625 2.156709 0.000000 -0.746700 99.881332 0.000000 1.167554 0.002236 
626 2.315847 0.000000 -0.599186 99.720523 0.000000 1.115732 0.005457 
627 1.520154 0.000000 -0.599186 100.077463 0.000000 1.250641 -0.001706 
628 1.361016 0.000000 -0.599186 100.203859 0.000000 1.305516 -0.004252 
629 1.520154 0.000000 -0.746700 100.201559 0.000000 1.301492 -0.004205 
630 1.918001 0.000000 -0.082886 141.022202 0.000000 0.316757 -0.988736 
631 1.997570 0.000000 -0.082886 140.637534 0.000000 0.318946 -0.977902 
632 1.918001 0.000000 -0.009129 142.595224 0.000000 0.283128 -1.033348 
633 1.878216 0.000000 -0.193522 113.723683 0.000000 1.036815 -0.293415 
634 1.918001 0.000000 -0.193522 113.525723 0.000000 1.030812 -0.288915 
635 1.878216 0.000000 -0.156643 136.848410 0.000000 0.410520 -0.872766 
636 5.976034 0.000000 -0.304157 98.574518 0.000000 0.092417 0.028306 
637 5.976034 0.000000 -0.451671 98.424606 0.000000 0.177757 0.031257 
638 6.214742 0.000000 -0.082886 98.604154 0.000000 0.016533 0.027722 
639 6.135173 0.000000 -0.082886 98.612614 0.000000 0.022830 0.027555 
640 6.214742 0.000000 -0.156643 98.602884 0.000000 0.017759 0.027747 
641 6.334096 0.000000 -0.046007 98.609341 0.000000 0.000000 0.027620 
642 6.294311 0.000000 -0.046007 98.613595 0.000000 -0.000000 0.027536 
643 6.334096 0.000000 -0.082886 98.614607 0.000000 -0.000000 0.027516 
644 6.493234 0.000000 -0.046007 98.612710 0.000000 -0.000000 0.027553 
645 6.493234 0.000000 -0.082886 98.601155 0.000000 -0.000000 0.027781 
646 6.533019 0.000000 -0.046007 98.600914 0.000000 -0.000000 0.027786 
647 6.055603 0.000000 0.064628 98.631179 0.000000 0.025505 0.027189 
648 6.055603 0.000000 -0.009129 98.634068 0.000000 0.019658 0.027132 
649 6.055603 0.000000 0.138385 98.611993 0.000000 0.047371 0.027567 
650 5.737326 0.000000 -0.082886 98.651513 0.000000 0.093579 0.026787 
651 5.737326 0.000000 -0.156643 98.641403 0.000000 0.106233 0.026986 
652 5.816896 0.000000 -0.082886 98.669126 0.000000 0.063178 0.026440 
653 5.458834 0.000000 -0.046007 98.943668 0.000000 0.074476 0.021015 
654 5.419049 0.000000 -0.046007 98.970146 0.000000 0.078202 0.020490 
655 5.458834 0.000000 -0.082886 98.920537 0.000000 0.081292 0.021472 
656 16.001764 0.000000 -6.942296 96.387671 0.000000 24.599698 0.010427 
657 16.001764 0.000000 -9.302524 96.137848 0.000000 25.410294 0.011183 
658 18.547981 0.000000 -6.942296 96.458663 0.000000 24.862574 0.007758 
659 12.182438 0.000000 -3.401955 96.858854 0.000000 20.879504 0.018241 
660 12.182438 0.000000 -4.582069 96.472883 0.000000 22.258993 0.019752 
661 13.455547 0.000000 -3.401955 96.994939 0.000000 21.371457 0.013524 
662 4.702926 0.000000 0.285900 99.518947 0.000000 0.511211 0.009572 
663 4.543787 0.000000 0.285900 97.706642 0.000000 0.720041 0.045289 
664 4.702926 0.000000 0.433414 97.665925 0.000000 0.725488 0.046084 
665 5.896465 0.000000 -0.082886 98.660146 0.000000 0.050155 0.026617 
666 5.896465 0.000000 -0.156643 98.645843 0.000000 0.071011 0.026899 
667 5.976034 0.000000 -0.082886 98.648052 0.000000 0.038093 0.026856 
668 6.055603 0.000000 -0.082886 98.632248 0.000000 0.032766 0.027168 
669 6.055603 0.000000 -0.156643 98.609297 0.000000 0.049294 0.027620 
1 19 21 9 22 
2 20 19 22 4 
3 28 29 3 30 
4 21 28 30 9 
5 35 37 21 38 
6 36 35 38 19 
7 44 45 28 46 
8 37 44 46 21 
9 51 53 37 54 
10 52 51 54 35 
11 60 61 44 62 
12 53 60 62 37 
13 67 69 53 70 
14 68 67 70 51 
15 11 78 76 77 
16 78 10 24 76 
17 76 24 14 79 
18 77 76 79 6 
19 24 82 80 81 
20 82 23 40 80 
21 80 40 27 83 
22 81 80 83 14 
23 40 86 84 85 
24 86 39 56 84 
25 84 56 43 87 
26 85 84 87 27 
27 56 90 88 89 
28 89 88 91 43 
29 92 93 60 94 
30 69 92 94 53 
31 95 97 69 98 
32 96 95 98 67 
33 6 79 112 113 
34 79 14 36 112 
35 112 36 19 114 
36 113 112 114 20 
37 14 83 115 116 
38 83 27 52 115 
39 115 52 35 117 
40 116 115 117 36 
41 27 87 118 119 
42 87 43 68 118 
43 118 68 51 120 
44 119 118 120 52 
45 43 91 121 122 
46 121 96 67 123 
47 122 121 123 68 
48 124 126 95 127 
49 125 124 127 96 
50 133 134 92 135 
51 97 133 135 69 
52 136 137 97 138 
53 126 136 138 95 
54 140 108 141 139 
55 139 141 111 142 
56 108 148 147 141 
57 148 110 149 147 
58 147 149 5 150 
59 141 147 150 111 
60 151 152 133 153 
61 137 151 153 97 
62 110 155 154 149 
63 155 143 156 154 
64 154 156 146 157 
65 149 154 157 5 
66 15 159 158 33 
67 159 17 160 158 
68 158 160 8 161 
69 33 158 161 18 
70 163 33 164 162 
71 162 164 18 165 
72 18 161 178 45 
73 161 8 179 178 
74 178 179 29 180 
75 45 178 180 28 
76 165 18 182 181 
77 181 182 45 183 
78 61 181 183 44 
79 184 185 61 186 
80 93 184 186 60 
81 187 188 93 189 
82 134 187 189 92 
83 190 191 134 192 
84 152 190 192 133 
85 7 204 202 203 
86 204 16 205 202 
87 202 205 15 32 
88 203 202 32 13 
89 13 208 206 207 
90 208 32 209 206 
91 206 209 31 48 
92 207 206 48 26 
93 26 212 210 211 
94 212 48 213 210 
95 210 213 47 64 
96 211 210 64 42 
97 42 216 214 215 
98 216 64 217 214 
99 214 217 63 105 
100 215 214 105 58 
101 105 220 218 219 
102 220 63 221 218 
103 218 221 106 175 
104 219 218 175 104 
105 104 224 222 223 
106 224 175 225 222 
107 222 225 174 195 
108 223 222 195 145 
109 195 232 230 231 
110 232 174 233 230 
111 230 233 196 234 
112 143 236 235 156 
113 236 145 194 235 
114 235 194 107 237 
115 156 235 237 146 
116 145 240 238 239 
117 240 195 231 238 
118 239 238 241 194 
119 242 244 190 245 
120 243 242 245 152 
121 193 234 246 247 
122 234 196 248 246 
123 246 248 177 249 
124 247 246 249 197 
125 231 252 250 251 
126 252 230 253 250 
127 250 253 234 254 
128 251 250 254 193 
129 194 241 255 256 
130 241 193 247 255 
131 255 247 197 257 
132 256 255 257 107 
133 238 260 258 259 
134 260 231 251 258 
135 258 251 193 261 
136 259 258 261 241 
137 12 264 262 263 
138 264 7 203 262 
139 262 203 13 25 
140 263 262 25 10 
141 25 267 265 266 
142 267 13 207 265 
143 265 207 26 41 
144 266 265 41 23 
145 41 270 268 269 
146 270 26 211 268 
147 268 211 42 57 
148 269 268 57 39 
149 57 273 271 272 
150 273 42 215 271 
151 271 215 58 73 
152 272 271 73 55 
153 73 276 274 275 
154 276 58 277 274 
155 274 277 74 109 
156 275 274 109 71 
157 71 280 278 279 
158 280 109 281 278 
159 278 281 108 140 
160 102 284 282 283 
161 284 140 285 282 
162 282 285 139 286 
163 283 282 286 131 
164 55 289 287 288 
165 289 73 275 287 
166 287 275 71 101 
167 288 287 101 72 
168 101 292 290 291 
169 292 71 279 290 
170 88 299 297 298 
171 299 72 100 297 
172 297 100 59 300 
173 298 297 300 91 
174 100 303 301 302 
175 303 99 129 301 
176 301 129 103 304 
177 302 301 304 59 
178 99 307 305 306 
179 307 130 294 305 
180 305 294 128 308 
181 306 305 308 129 
182 103 132 309 310 
183 132 75 311 309 
184 309 311 126 312 
185 310 309 312 124 
186 313 315 75 316 
187 314 313 316 132 
188 294 319 317 318 
189 318 317 321 128 
190 290 324 322 323 
191 324 279 325 322 
192 322 325 102 295 
193 323 322 295 130 
194 130 328 326 327 
195 328 295 329 326 
196 326 329 293 319 
197 327 326 319 294 
198 331 283 332 330 
199 330 332 131 333 
200 319 336 334 335 
201 336 293 337 334 
202 335 334 338 317 
203 295 340 339 329 
204 340 102 341 339 
205 339 341 283 331 
206 329 339 331 293 
207 293 343 342 337 
208 343 331 344 342 
209 342 344 330 345 
210 337 342 345 320 
211 129 308 346 347 
212 308 128 314 346 
213 346 314 132 348 
214 347 346 348 103 
215 128 321 349 350 
216 321 296 351 349 
217 349 351 313 352 
218 350 349 352 314 
219 317 338 353 354 
220 338 320 355 353 
221 353 355 296 356 
222 354 353 356 321 
223 334 359 357 358 
224 359 337 360 357 
225 357 360 320 361 
226 358 357 361 338 
227 362 363 187 364 
228 191 362 364 134 
229 65 370 369 172 
230 370 166 371 369 
231 369 371 169 372 
232 172 369 372 50 
233 170 374 373 200 
234 374 172 375 373 
235 373 375 50 376 
236 200 373 376 173 
237 378 200 379 377 
238 377 379 173 380 
239 381 383 362 384 
240 382 381 384 191 
241 50 372 390 188 
242 372 169 391 390 
243 390 391 184 392 
244 188 390 392 93 
245 173 376 393 363 
246 376 50 394 393 
247 393 394 188 395 
248 363 393 395 187 
249 380 173 397 396 
250 396 397 363 398 
251 383 396 398 362 
252 400 377 401 399 
253 399 401 380 402 
254 368 389 403 404 
255 389 201 405 403 
256 403 405 383 406 
257 404 403 406 381 
258 407 410 201 411 
259 408 407 411 389 
260 64 413 412 217 
261 413 47 414 412 
262 412 414 65 171 
263 217 412 171 63 
264 63 416 415 221 
265 416 171 417 415 
266 415 417 170 199 
267 221 415 199 106 
268 106 420 418 419 
269 420 199 421 418 
270 418 421 198 366 
271 419 418 366 176 
272 366 424 422 423 
273 424 198 425 422 
274 422 425 367 387 
275 423 422 387 365 
276 387 428 426 427 
277 428 367 429 426 
278 201 402 430 405 
279 402 380 431 430 
280 430 431 396 432 
281 405 430 432 383 
282 434 399 435 433 
283 433 435 402 436 
284 410 433 436 201 
285 409 439 437 438 
286 437 440 410 441 
287 438 437 441 407 
288 199 443 442 421 
289 443 170 444 442 
290 442 444 200 378 
291 421 442 378 198 
292 198 446 445 425 
293 446 378 447 445 
294 445 447 377 400 
295 425 445 400 367 
296 367 449 448 429 
297 449 400 450 448 
298 448 450 399 434 
299 426 453 451 452 
300 453 429 454 451 
301 451 454 388 439 
302 452 451 439 409 
303 388 456 455 440 
304 456 434 457 455 
305 455 457 433 458 
306 440 455 458 410 
307 439 461 459 460 
308 461 388 462 459 
309 459 462 440 463 
310 460 459 463 437 
311 386 470 468 469 
312 470 385 408 468 
313 468 408 389 471 
314 469 468 471 368 
315 385 474 472 473 
316 474 409 438 472 
317 472 438 407 475 
318 473 472 475 408 
319 476 382 191 477 
320 244 476 477 190 
321 66 467 482 483 
322 467 368 404 482 
323 482 404 381 484 
324 483 482 484 382 
325 465 487 485 486 
326 487 464 488 485 
327 485 488 467 489 
328 486 485 489 66 
329 229 481 490 491 
330 481 66 483 490 
331 490 483 382 492 
332 491 490 492 476 
333 478 495 493 494 
334 495 465 486 493 
335 493 486 66 496 
336 494 493 496 481 
337 196 498 497 248 
338 248 497 499 177 
339 502 478 494 500 
340 500 494 481 503 
341 501 500 503 229 
342 177 499 504 505 
343 499 229 491 504 
344 504 491 476 506 
345 505 504 506 244 
346 497 509 507 508 
347 507 501 229 510 
348 508 507 510 499 
349 175 512 511 225 
350 512 106 419 511 
351 511 419 176 227 
352 225 511 227 174 
353 227 515 513 514 
354 515 176 516 513 
355 513 516 228 480 
356 514 513 480 226 
357 226 519 517 518 
358 519 480 520 517 
359 517 520 478 502 
360 523 502 524 521 
361 521 524 500 525 
362 522 521 525 501 
363 174 527 526 233 
364 527 227 514 526 
365 526 514 226 498 
366 233 526 498 196 
367 498 530 528 529 
368 530 226 518 528 
369 529 528 509 497 
370 509 533 531 532 
371 533 479 522 531 
372 531 522 501 534 
373 532 531 534 507 
374 518 537 535 536 
375 537 517 538 535 
376 535 538 502 523 
377 536 535 523 479 
378 479 541 539 540 
379 541 523 542 539 
380 539 542 521 543 
381 540 539 543 522 
382 34 545 544 185 
383 545 165 546 544 
384 544 546 181 547 
385 185 544 547 61 
386 169 549 548 391 
387 549 34 550 548 
388 548 550 185 551 
389 391 548 551 184 
390 1 554 552 553 
391 554 12 263 552 
392 552 263 10 78 
393 553 552 78 11 
394 16 556 555 205 
395 556 2 557 555 
396 555 557 17 159 
397 205 555 159 15 
398 10 560 558 559 
399 560 25 266 558 
400 558 266 23 82 
401 559 558 82 24 
402 32 562 561 209 
403 562 15 563 561 
404 561 563 33 163 
405 209 561 163 31 
406 23 566 564 565 
407 566 41 269 564 
408 564 269 39 86 
409 565 564 86 40 
410 48 568 567 213 
411 568 31 569 567 
412 567 569 49 167 
413 213 567 167 47 
414 39 572 570 571 
415 572 57 272 570 
416 570 272 55 90 
417 571 570 90 56 
418 90 575 573 574 
419 575 55 288 573 
420 573 288 72 299 
421 574 573 299 88 
422 72 578 576 577 
423 578 101 291 576 
424 576 291 99 303 
425 577 576 303 100 
426 58 580 579 277 
427 580 105 219 579 
428 579 219 104 144 
429 277 579 144 74 
430 109 582 581 281 
431 582 74 583 581 
432 581 583 110 148 
433 281 581 148 108 
434 91 300 584 585 
435 300 59 125 584 
436 584 125 96 586 
437 585 584 586 121 
438 59 304 587 588 
439 304 103 310 587 
440 587 310 124 589 
441 588 587 589 125 
442 75 142 590 311 
443 142 111 591 590 
444 590 591 136 592 
445 311 590 592 126 
446 111 150 593 591 
447 150 5 594 593 
448 593 594 137 595 
449 591 593 595 136 
450 131 286 596 315 
451 286 139 597 596 
452 596 597 142 598 
453 315 596 598 75 
454 74 600 599 583 
455 600 144 601 599 
456 599 601 143 155 
457 583 599 155 110 
458 144 603 602 601 
459 603 104 223 602 
460 602 223 145 236 
461 601 602 236 143 
462 5 157 604 594 
463 157 146 605 604 
464 604 605 151 606 
465 594 604 606 137 
466 146 237 607 605 
467 237 107 243 607 
468 607 243 152 608 
469 605 607 608 151 
470 49 610 609 168 
471 610 162 611 609 
472 609 611 165 545 
473 168 609 545 34 
474 47 613 612 414 
475 613 167 614 612 
476 612 614 166 370 
477 414 612 370 65 
478 166 616 615 371 
479 616 168 617 615 
480 615 617 34 549 
481 371 615 549 169 
482 171 619 618 417 
483 619 65 620 618 
484 618 620 172 374 
485 417 618 374 170 
486 197 249 621 622 
487 249 177 505 621 
488 621 505 244 623 
489 622 621 623 242 
490 279 625 624 325 
491 625 278 626 624 
492 624 626 140 284 
493 325 624 284 102 
494 291 629 627 628 
495 629 290 323 627 
496 627 323 130 307 
497 628 627 307 99 
498 296 333 630 351 
499 333 131 631 630 
500 630 631 315 632 
501 351 630 632 313 
502 320 345 633 355 
503 345 330 634 633 
504 633 634 333 635 
505 355 633 635 296 
506 176 637 636 516 
507 637 366 423 636 
508 636 423 365 466 
509 516 636 466 228 
510 365 640 638 639 
511 640 387 427 638 
512 638 427 385 470 
513 639 638 470 386 
514 427 643 641 642 
515 643 426 452 641 
516 641 452 409 474 
517 642 641 474 385 
518 429 645 644 454 
519 645 448 646 644 
520 644 646 434 456 
521 454 644 456 388 
522 464 648 647 488 
523 648 386 469 647 
524 647 469 368 649 
525 488 647 649 467 
526 480 651 650 520 
527 651 228 652 650 
528 650 652 465 495 
529 520 650 495 478 
530 528 655 653 654 
531 655 518 536 653 
532 653 536 479 533 
533 654 653 533 509 
534 31 657 656 569 
535 657 163 658 656 
536 656 658 162 610 
537 569 656 610 49 
538 167 660 659 614 
539 660 49 661 659 
540 659 661 168 616 
541 614 659 616 166 
542 107 257 662 663 
543 257 197 622 662 
544 662 622 242 664 
545 663 662 664 243 
546 228 666 665 652 
547 666 466 667 665 
548 665 667 464 487 
549 652 665 487 465 
550 466 669 668 667 
551 669 365 639 668 
552 668 639 386 648 
553 667 668 648 464 
