2 0.000000 100.000000 473.401889
961 811 
1 -26.291479 0.000000 -26.268069 99.446879 0.000000 10.454343 0.000102 
2 29.503519 0.000000 -26.268069 99.448851 0.000000 10.423059 0.000129 
3 29.503519 0.000000 26.499305 99.462272 0.000000 10.406536 -0.000104 
4 -26.291479 0.000000 26.499305 99.458563 0.000000 10.453915 -0.000129 
5 1.606020 0.000000 0.115618 94.154786 0.000000 -0.778034 0.113427 
6 -26.291479 0.000000 0.115618 99.453072 0.000000 10.460805 -0.000034 
7 1.606020 0.000000 -26.268069 99.435965 0.000000 10.437082 0.000356 
8 29.503519 0.000000 0.115618 99.604653 0.000000 8.988375 -0.000188 
9 1.606020 0.000000 26.499305 99.472241 0.000000 10.433187 -0.000358 
10 -12.342730 0.000000 -13.076225 99.431173 0.000000 10.458801 0.000406 
11 -26.291479 0.000000 -13.076225 99.447353 0.000000 10.457976 0.000085 
12 -12.342730 0.000000 -26.268069 99.440735 0.000000 10.450567 0.000233 
13 1.606020 0.000000 -13.076225 99.388564 0.000000 10.393629 0.001389 
14 -12.342730 0.000000 0.115618 99.455814 0.000000 10.484648 -0.000139 
15 15.554770 0.000000 -13.076225 99.437757 0.000000 10.341007 0.000520 
16 15.554770 0.000000 -26.268069 99.442061 0.000000 10.424654 0.000260 
17 29.503519 0.000000 -13.076225 99.455349 0.000000 10.357615 0.000135 
18 15.554770 0.000000 0.115618 99.920191 0.000000 5.953524 -0.001949 
19 -12.342730 0.000000 13.307462 99.477554 0.000000 10.457020 -0.000513 
20 -26.291479 0.000000 13.307462 99.458534 0.000000 10.457633 -0.000136 
21 1.606020 0.000000 13.307462 99.531577 0.000000 10.378681 -0.001425 
22 -12.342730 0.000000 26.499305 99.465718 0.000000 10.449294 -0.000262 
23 -5.368355 0.000000 -6.480304 99.369005 0.000000 10.476945 0.001603 
24 -12.342730 0.000000 -6.480304 99.432987 0.000000 10.473339 0.000339 
25 -5.368355 0.000000 -13.076225 99.407756 0.000000 10.444170 0.000902 
26 1.606020 0.000000 -6.480304 99.234905 0.000000 10.256217 0.004724 
27 -5.368355 0.000000 0.115618 99.465915 0.000000 10.585432 -0.000552 
28 15.554770 0.000000 13.307462 99.491419 0.000000 10.283280 -0.000429 
29 29.503519 0.000000 13.307462 99.478936 0.000000 10.240635 -0.000093 
30 15.554770 0.000000 26.499305 99.467914 0.000000 10.415404 -0.000235 
31 8.580395 0.000000 -6.480304 99.397782 0.000000 10.076410 0.001855 
32 8.580395 0.000000 -13.076225 99.412333 0.000000 10.348780 0.001009 
33 15.554770 0.000000 -6.480304 99.462346 0.000000 10.127099 0.000468 
34 8.580395 0.000000 0.115618 100.799101 0.000000 -3.517072 -0.017283 
35 -5.368355 0.000000 6.711540 99.552308 0.000000 10.469451 -0.002027 
36 -12.342730 0.000000 6.711540 99.477578 0.000000 10.471916 -0.000545 
37 1.606020 0.000000 6.711540 99.711574 0.000000 10.213725 -0.004672 
38 -5.368355 0.000000 13.307462 99.505114 0.000000 10.439081 -0.001024 
39 -1.881167 0.000000 -3.182343 99.164504 0.000000 10.551717 0.005506 
40 -5.368355 0.000000 -3.182343 99.375344 0.000000 10.539197 0.001347 
41 -1.881167 0.000000 -6.480304 99.283020 0.000000 10.426502 0.003417 
42 1.606020 0.000000 -3.182343 98.829157 0.000000 9.995493 0.013289 
43 -1.881167 0.000000 0.115618 99.479676 0.000000 10.898553 -0.001498 
44 8.580395 0.000000 6.711540 99.581424 0.000000 9.942674 -0.001532 
45 15.554770 0.000000 6.711540 99.531205 0.000000 9.851985 -0.000352 
46 8.580395 0.000000 13.307462 99.513730 0.000000 10.314732 -0.000938 
47 5.093207 0.000000 -3.182343 99.196799 0.000000 9.441548 0.007085 
48 5.093207 0.000000 -6.480304 99.308726 0.000000 10.107078 0.003562 
49 8.580395 0.000000 -3.182343 99.444686 0.000000 9.490838 0.002068 
50 5.093207 0.000000 0.115618 99.882240 0.000000 8.124465 -0.004247 
51 -1.881167 0.000000 3.413579 99.793427 0.000000 10.526991 -0.006955 
52 -5.368355 0.000000 3.413579 99.552501 0.000000 10.532930 -0.002164 
53 1.606020 0.000000 3.413579 100.146016 0.000000 9.930747 -0.012784 
54 -1.881167 0.000000 6.711540 99.649186 0.000000 10.407812 -0.003828 
55 -0.137574 0.000000 -1.533362 98.550429 0.000000 10.960953 0.016767 
56 -1.881167 0.000000 -1.533362 99.203920 0.000000 10.761174 0.004278 
57 -0.137574 0.000000 -3.182343 98.927956 0.000000 10.398112 0.010514 
58 1.606020 0.000000 -1.533362 98.197514 0.000000 9.739976 0.026238 
59 -0.137574 0.000000 0.115618 86.334281 0.000000 -1.864088 0.254292 
60 5.093207 0.000000 3.413579 99.827906 0.000000 9.383157 -0.005365 
61 8.580395 0.000000 3.413579 99.646146 0.000000 9.285063 -0.001557 
62 5.093207 0.000000 6.711540 99.654687 0.000000 10.030106 -0.003166 
63 3.349614 0.000000 -1.533362 98.386299 0.000000 8.677103 0.024484 
64 3.349614 0.000000 -3.182343 98.971550 0.000000 9.628783 0.011192 
65 5.093207 0.000000 -1.533362 99.117012 0.000000 7.962814 0.011241 
66 3.349614 0.000000 0.115618 96.286814 0.000000 -0.000000 0.072885 
67 -0.137574 0.000000 1.764599 100.467561 0.000000 10.833841 -0.021110 
68 -1.881167 0.000000 1.764599 99.775302 0.000000 10.746523 -0.007060 
69 1.606020 0.000000 1.764599 100.779848 0.000000 9.692695 -0.025053 
70 -0.137574 0.000000 3.413579 100.043703 0.000000 10.347647 -0.011582 
71 0.734223 0.000000 -0.708872 92.313516 0.000000 -1.078785 0.147705 
72 -0.137574 0.000000 -0.708872 99.006761 0.000000 12.265702 0.004721 
73 0.734223 0.000000 -1.533362 98.030687 0.000000 10.428531 0.028123 
74 1.606020 0.000000 -0.708872 98.958780 0.000000 -0.392772 0.020701 
75 0.734223 0.000000 0.115618 83.321416 0.000000 -0.690020 0.305707 
76 -19.317104 0.000000 -6.480304 99.445890 0.000000 10.464487 0.000101 
77 -26.291479 0.000000 -6.480304 99.449556 0.000000 10.459987 0.000037 
78 -19.317104 0.000000 -13.076225 99.442539 0.000000 10.459425 0.000178 
79 -19.317104 0.000000 0.115618 99.453779 0.000000 10.467018 -0.000061 
80 -8.855542 0.000000 -3.182343 99.425961 0.000000 10.502491 0.000418 
81 -12.342730 0.000000 -3.182343 99.441747 0.000000 10.481338 0.000148 
82 -8.855542 0.000000 -6.480304 99.411912 0.000000 10.481685 0.000741 
83 -8.855542 0.000000 0.115618 99.458731 0.000000 10.510790 -0.000252 
84 -3.624761 0.000000 -1.533362 99.357378 0.000000 10.638666 0.001493 
85 -5.368355 0.000000 -1.533362 99.410319 0.000000 10.572010 0.000582 
86 -3.624761 0.000000 -3.182343 99.306646 0.000000 10.560148 0.002667 
87 -3.624761 0.000000 0.115618 99.473939 0.000000 10.676824 -0.000906 
88 -1.009371 0.000000 -0.708872 99.251509 0.000000 11.131886 0.002522 
89 -1.881167 0.000000 -0.708872 99.325063 0.000000 10.858872 0.001662 
90 -1.009371 0.000000 -1.533362 99.032503 0.000000 10.874981 0.007430 
91 -1.009371 0.000000 0.115618 99.391887 0.000000 11.154682 -0.000317 
92 3.349614 0.000000 1.764599 100.384732 0.000000 9.002555 -0.015814 
93 5.093207 0.000000 1.764599 99.809098 0.000000 8.992155 -0.004271 
94 3.349614 0.000000 3.413579 100.011125 0.000000 9.569673 -0.009380 
95 0.734223 0.000000 0.940108 102.115492 0.000000 10.735775 -0.054283 
96 -0.137574 0.000000 0.940108 100.415958 0.000000 11.975255 -0.022677 
97 1.606020 0.000000 0.940108 101.062332 0.000000 9.536721 -0.030454 
98 0.734223 0.000000 1.764599 100.900984 0.000000 10.327136 -0.028766 
99 0.298325 0.000000 -0.296627 89.376310 0.000000 -1.396536 0.200992 
100 -0.137574 0.000000 -0.296627 87.882497 0.000000 -1.934090 0.227293 
101 0.298325 0.000000 -0.708872 85.494911 0.000000 -1.737501 0.268760 
102 0.734223 0.000000 -0.296627 92.055210 0.000000 -1.103561 0.152462 
103 0.298325 0.000000 0.115618 94.573538 0.000000 -0.780524 0.105524 
104 2.477817 0.000000 -0.708872 97.742277 0.000000 9.837289 0.034967 
105 2.477817 0.000000 -1.533362 98.308151 0.000000 9.286686 0.024926 
106 3.349614 0.000000 -0.708872 96.948444 0.000000 7.263317 0.054824 
107 2.477817 0.000000 0.115618 99.192845 0.000000 -20.451646 -0.025749 
108 1.170122 0.000000 -0.296627 93.145381 0.000000 -0.991925 0.132295 
109 1.170122 0.000000 -0.708872 92.881333 0.000000 -1.019782 0.137202 
110 1.606020 0.000000 -0.296627 95.842302 0.000000 -0.671803 0.081380 
111 1.170122 0.000000 0.115618 93.291648 0.000000 -0.976915 0.129571 
112 -19.317104 0.000000 6.711540 99.461441 0.000000 10.464025 -0.000207 
113 -26.291479 0.000000 6.711540 99.456516 0.000000 10.459787 -0.000101 
114 -19.317104 0.000000 13.307462 99.464281 0.000000 10.458706 -0.000253 
115 -8.855542 0.000000 3.413579 99.490630 0.000000 10.500482 -0.000865 
116 -12.342730 0.000000 3.413579 99.469583 0.000000 10.480511 -0.000404 
117 -8.855542 0.000000 6.711540 99.502596 0.000000 10.478761 -0.001057 
118 -3.624761 0.000000 1.764599 99.588685 0.000000 10.632043 -0.003095 
119 -5.368355 0.000000 1.764599 99.520487 0.000000 10.568746 -0.001603 
120 -3.624761 0.000000 3.413579 99.632772 0.000000 10.548868 -0.003797 
121 -1.009371 0.000000 0.940108 99.788671 0.000000 11.198906 -0.008319 
122 -1.881167 0.000000 0.940108 99.649864 0.000000 10.859488 -0.004802 
123 -1.009371 0.000000 1.764599 99.990748 0.000000 10.829839 -0.011544 
124 0.298325 0.000000 0.527863 88.015351 0.000000 -1.493063 0.225107 
125 -0.137574 0.000000 0.527863 99.510252 0.000000 13.061479 -0.007289 
126 0.734223 0.000000 0.527863 92.185669 0.000000 -1.091045 0.150061 
127 0.298325 0.000000 0.940108 101.476199 0.000000 11.830101 -0.043737 
128 0.516274 0.000000 -0.090504 91.385623 0.000000 -0.581308 0.164833 
129 0.298325 0.000000 -0.090504 96.371066 0.000000 -0.600440 0.071226 
130 0.516274 0.000000 -0.296627 91.738913 0.000000 -1.140035 0.158267 
131 0.734223 0.000000 -0.090504 82.723773 0.000000 -0.660408 0.315634 
132 0.516274 0.000000 0.115618 91.295055 0.000000 -0.610667 0.166484 
133 -0.573472 0.000000 -0.296627 99.697142 0.000000 11.105583 -0.006285 
134 -1.009371 0.000000 -0.296627 99.371585 0.000000 11.124981 0.000152 
135 -0.573472 0.000000 -0.708872 99.291839 0.000000 11.473268 0.000949 
136 -0.573472 0.000000 0.115618 99.020923 0.000000 10.988580 0.007411 
137 0.080376 0.000000 -0.090504 99.059295 0.000000 -0.571904 0.018693 
138 -0.137574 0.000000 -0.090504 86.333683 0.000000 -1.864068 0.254302 
139 0.080376 0.000000 -0.296627 86.428002 0.000000 -1.639367 0.252751 
140 0.080376 0.000000 0.115618 87.258345 0.000000 -1.554368 0.238357 
141 2.477817 0.000000 0.940108 100.841734 0.000000 9.678811 -0.026273 
142 3.349614 0.000000 0.940108 100.751012 0.000000 8.850536 -0.022910 
143 2.477817 0.000000 1.764599 100.579865 0.000000 9.324238 -0.020325 
144 1.170122 0.000000 0.527863 93.020617 0.000000 -1.004975 0.134615 
145 1.606020 0.000000 0.527863 97.753029 0.000000 -0.559786 0.044403 
146 1.170122 0.000000 0.940108 101.708888 0.000000 9.782549 -0.044040 
147 0.516274 0.000000 0.321741 91.713363 0.000000 -1.142734 0.158735 
148 0.298325 0.000000 0.321741 89.939417 0.000000 -1.327717 0.190914 
149 0.734223 0.000000 0.321741 92.036340 0.000000 -1.105316 0.152809 
150 0.516274 0.000000 0.527863 91.911056 0.000000 -1.121839 0.155110 
151 0.407299 0.000000 0.012557 98.440418 0.000000 -0.264561 0.030941 
152 0.298325 0.000000 0.012557 99.605128 0.000000 -0.219866 0.007877 
153 0.407299 0.000000 -0.090504 96.130414 0.000000 -0.559773 0.075863 
154 0.516274 0.000000 0.012557 96.835236 0.000000 -0.202668 0.062290 
155 0.407299 0.000000 0.115618 95.525455 0.000000 -0.655155 0.087446 
156 0.952172 0.000000 -0.090504 94.120872 0.000000 -0.624327 0.114087 
157 0.952172 0.000000 -0.296627 92.602258 0.000000 -1.046207 0.142373 
158 1.170122 0.000000 -0.090504 93.278616 0.000000 -0.978239 0.129814 
159 0.952172 0.000000 0.115618 94.107884 0.000000 -0.724228 0.114318 
160 0.625249 0.000000 0.012557 89.764487 0.000000 -0.320476 0.194223 
161 0.625249 0.000000 -0.090504 84.933552 0.000000 -0.596164 0.278594 
162 0.734223 0.000000 0.012557 88.780472 0.000000 -0.603213 0.211766 
163 0.625249 0.000000 0.115618 83.816241 0.000000 -0.690672 0.297436 
164 -5.368355 0.000000 -19.672147 99.427793 0.000000 10.443007 0.000506 
165 -12.342730 0.000000 -19.672147 99.436222 0.000000 10.452505 0.000318 
166 -5.368355 0.000000 -26.268069 99.437279 0.000000 10.445047 0.000313 
167 1.606020 0.000000 -19.672147 99.423794 0.000000 10.425436 0.000622 
168 -1.881167 0.000000 -9.778264 99.355409 0.000000 10.416794 0.001999 
169 -5.368355 0.000000 -9.778264 99.386846 0.000000 10.453332 0.001298 
170 -1.881167 0.000000 -13.076225 99.395045 0.000000 10.423261 0.001198 
171 1.606020 0.000000 -9.778264 99.337660 0.000000 10.353607 0.002483 
172 -0.137574 0.000000 -4.831323 99.135824 0.000000 10.339304 0.006519 
173 -1.881167 0.000000 -4.831323 99.226791 0.000000 10.452264 0.004479 
174 -0.137574 0.000000 -6.480304 99.245871 0.000000 10.350486 0.004312 
175 1.606020 0.000000 -4.831323 99.105311 0.000000 10.159316 0.007493 
176 0.734223 0.000000 -2.357852 98.562958 0.000000 10.239029 0.018051 
177 -0.137574 0.000000 -2.357852 98.760838 0.000000 10.531007 0.013539 
178 0.734223 0.000000 -3.182343 98.839972 0.000000 10.213552 0.012634 
179 1.606020 0.000000 -2.357852 98.553811 0.000000 9.874182 0.018965 
180 0.298325 0.000000 -1.121117 97.923763 0.000000 11.302787 0.028318 
181 -0.137574 0.000000 -1.121117 98.569749 0.000000 11.445284 0.015301 
182 0.298325 0.000000 -1.533362 98.232205 0.000000 10.790646 0.023400 
183 0.734223 0.000000 -1.121117 97.527180 0.000000 10.652210 0.037498 
184 0.516274 0.000000 -0.502749 91.935361 0.000000 -1.119317 0.154664 
185 0.298325 0.000000 -0.502749 88.021841 0.000000 -1.492020 0.224993 
186 0.516274 0.000000 -0.708872 88.108434 0.000000 -1.477195 0.223472 
187 0.734223 0.000000 -0.502749 92.201220 0.000000 -1.089599 0.149775 
188 0.625249 0.000000 -0.193566 91.773147 0.000000 -1.134340 0.157640 
189 0.516274 0.000000 -0.193566 91.647943 0.000000 -1.149751 0.159933 
190 0.625249 0.000000 -0.296627 91.862532 0.000000 -1.125246 0.156001 
191 0.734223 0.000000 -0.193566 91.982304 0.000000 -1.110491 0.153802 
192 0.952172 0.000000 0.321741 92.606572 0.000000 -1.045576 0.142293 
193 1.170122 0.000000 0.321741 93.171889 0.000000 -0.989196 0.131802 
194 0.952172 0.000000 0.527863 92.604226 0.000000 -1.047082 0.142336 
195 0.843198 0.000000 0.012557 91.538243 0.000000 -0.589800 0.162040 
196 0.843198 0.000000 -0.090504 88.955439 0.000000 -0.650095 0.208651 
197 0.952172 0.000000 0.012557 96.038540 0.000000 -0.406467 0.077643 
198 0.843198 0.000000 0.115618 89.036017 0.000000 -0.678777 0.207213 
199 0.679736 0.000000 -0.038974 82.775960 0.000000 -0.558393 0.314783 
200 0.625249 0.000000 -0.038974 88.487039 0.000000 -0.377863 0.216990 
201 0.679736 0.000000 -0.090504 83.761376 0.000000 -0.597202 0.298368 
202 0.734223 0.000000 -0.038974 87.486380 0.000000 -0.577839 0.234580 
203 0.679736 0.000000 0.012557 63.024777 0.000000 -0.820551 0.602720 
204 0.570761 0.000000 -0.038974 91.756747 0.000000 -0.314829 0.158060 
205 0.516274 0.000000 -0.038974 94.286769 0.000000 -0.366705 0.110987 
206 0.570761 0.000000 -0.090504 86.209362 0.000000 -0.591308 0.256760 
207 0.570761 0.000000 0.012557 92.612105 0.000000 -0.271965 0.142292 
208 0.625249 0.000000 0.218679 91.752398 0.000000 -1.136433 0.158021 
209 0.516274 0.000000 0.218679 91.626891 0.000000 -1.151996 0.160319 
210 0.734223 0.000000 0.218679 91.965805 0.000000 -1.112023 0.154105 
211 0.625249 0.000000 0.321741 91.838111 0.000000 -1.127698 0.156449 
212 0.679736 0.000000 0.064088 83.253314 0.000000 -0.578666 0.306855 
213 0.625249 0.000000 0.064088 87.530993 0.000000 -0.454754 0.233812 
214 0.734223 0.000000 0.064088 83.620932 0.000000 -0.578690 0.300720 
215 0.679736 0.000000 0.115618 84.342054 0.000000 -0.626048 0.288603 
216 0.652492 0.000000 -0.013208 87.400961 0.000000 -0.390037 0.236092 
217 0.625249 0.000000 -0.013208 89.733312 0.000000 -0.321203 0.194783 
218 0.652492 0.000000 -0.038974 87.179094 0.000000 -0.411218 0.239964 
219 0.679736 0.000000 -0.013208 63.271937 0.000000 -0.816931 0.599599 
220 0.652492 0.000000 0.012557 87.407102 0.000000 -0.390328 0.235985 
221 0.570761 0.000000 0.064088 89.535325 0.000000 -0.421216 0.198325 
222 0.516274 0.000000 0.064088 93.440046 0.000000 -0.432084 0.126877 
223 0.570761 0.000000 0.115618 89.556402 0.000000 -0.686001 0.197918 
224 0.598005 0.000000 -0.013208 93.360637 0.000000 -0.212995 0.128375 
225 0.570761 0.000000 -0.013208 92.596625 0.000000 -0.272312 0.142579 
226 0.598005 0.000000 -0.038974 89.372554 0.000000 -0.377579 0.201240 
227 0.598005 0.000000 0.012557 93.491486 0.000000 -0.207873 0.125930 
228 0.652492 0.000000 0.038322 87.190872 0.000000 -0.412420 0.239758 
229 0.625249 0.000000 0.038322 88.514735 0.000000 -0.378298 0.216500 
230 0.679736 0.000000 0.038322 82.789246 0.000000 -0.560178 0.314563 
231 0.652492 0.000000 0.064088 84.728357 0.000000 -0.533315 0.282082 
232 0.638870 0.000000 -0.000326 44.577407 0.000000 -0.124838 0.801284 
233 0.625249 0.000000 -0.000326 90.100461 0.000000 -0.306721 0.188181 
234 0.638870 0.000000 -0.013208 88.369851 0.000000 -0.362289 0.219064 
235 0.652492 0.000000 -0.000326 54.833816 0.000000 -0.939014 0.699237 
236 0.638870 0.000000 0.012557 88.382526 0.000000 -0.362304 0.218840 
237 1.170122 0.000000 -1.121117 97.655439 0.000000 9.984157 0.036373 
238 1.170122 0.000000 -1.533362 98.038472 0.000000 10.017723 0.028810 
239 1.606020 0.000000 -1.121117 97.973715 0.000000 9.636443 0.030829 
240 0.952172 0.000000 -0.502749 92.599287 0.000000 -1.047756 0.142427 
241 0.952172 0.000000 -0.708872 92.597649 0.000000 -1.048860 0.142458 
242 1.170122 0.000000 -0.502749 92.995921 0.000000 -1.007562 0.135074 
243 0.843198 0.000000 -0.193566 92.269852 0.000000 -1.079648 0.148511 
244 0.843198 0.000000 -0.296627 92.310331 0.000000 -1.076262 0.147764 
245 0.952172 0.000000 -0.193566 92.604213 0.000000 -1.045376 0.142337 
246 0.788710 0.000000 -0.038974 85.072709 0.000000 -0.554681 0.276233 
247 0.788710 0.000000 -0.090504 85.395217 0.000000 -0.593111 0.270731 
248 0.843198 0.000000 -0.038974 91.022486 0.000000 -0.573762 0.171458 
249 0.788710 0.000000 0.012557 84.134295 0.000000 -0.708076 0.292092 
250 0.706980 0.000000 -0.013208 55.166260 0.000000 -0.812711 0.695602 
251 0.706980 0.000000 -0.038974 82.889138 0.000000 -0.560682 0.312908 
252 0.734223 0.000000 -0.013208 88.738852 0.000000 -0.602146 0.212505 
253 0.706980 0.000000 0.012557 54.796819 0.000000 -0.816397 0.699664 
254 0.666114 0.000000 -0.000326 57.893066 0.000000 -0.936043 0.664752 
255 0.666114 0.000000 -0.013208 62.817764 0.000000 -0.835428 0.605323 
256 0.679736 0.000000 -0.000326 58.819548 0.000000 -0.872754 0.653950 
257 0.666114 0.000000 0.012557 62.631077 0.000000 -0.839107 0.607664 
258 0.598005 0.000000 0.038322 89.417772 0.000000 -0.377148 0.200432 
259 0.570761 0.000000 0.038322 91.775217 0.000000 -0.315187 0.157721 
260 0.598005 0.000000 0.064088 88.307137 0.000000 -0.443860 0.220165 
261 0.638870 0.000000 0.025440 88.105253 0.000000 -0.377270 0.223732 
262 0.625249 0.000000 0.025440 89.095207 0.000000 -0.349377 0.206192 
263 0.652492 0.000000 0.025440 87.303608 0.000000 -0.399526 0.237792 
264 0.638870 0.000000 0.038322 87.816632 0.000000 -0.395932 0.228808 
265 0.645681 0.000000 0.006116 43.710525 0.000000 -0.127462 0.808937 
266 0.638870 0.000000 0.006116 50.025211 0.000000 -0.154282 0.749745 
267 0.645681 0.000000 -0.000326 24.894697 0.000000 -0.022291 0.938025 
268 0.652492 0.000000 0.006116 54.169594 0.000000 -0.766744 0.706507 
269 0.645681 0.000000 0.012557 87.853768 0.000000 -0.377593 0.228157 
270 2.041918 0.000000 -0.296627 99.044345 0.000000 -0.332596 0.019011 
271 2.041918 0.000000 -0.708872 98.168525 0.000000 9.892589 0.026508 
272 2.477817 0.000000 -0.296627 97.666118 0.000000 11.688562 0.032471 
273 2.041918 0.000000 0.115618 99.011696 0.000000 -0.359713 0.019655 
274 1.388071 0.000000 -0.090504 93.619591 0.000000 -0.944571 0.123448 
275 1.388071 0.000000 -0.296627 93.458685 0.000000 -0.960872 0.126455 
276 1.606020 0.000000 -0.090504 98.044179 0.000000 -0.209114 0.038730 
277 1.388071 0.000000 0.115618 93.634142 0.000000 -0.943101 0.123176 
278 1.061147 0.000000 0.012557 96.567151 0.000000 -0.447378 0.067459 
279 1.061147 0.000000 -0.090504 92.971281 0.000000 -1.008454 0.135532 
280 1.170122 0.000000 0.012557 98.273513 0.000000 -0.179947 0.034228 
281 1.061147 0.000000 0.115618 92.979695 0.000000 -1.007559 0.135376 
282 0.897685 0.000000 -0.038974 94.011053 0.000000 -0.383881 0.116177 
283 0.897685 0.000000 -0.090504 93.944452 0.000000 -0.623300 0.117405 
284 0.952172 0.000000 -0.038974 95.784290 0.000000 -0.449053 0.082517 
285 0.897685 0.000000 0.012557 94.555288 0.000000 -0.382269 0.105915 
286 1.061147 0.000000 -0.193566 92.936662 0.000000 -1.012208 0.136175 
287 1.061147 0.000000 -0.296627 92.892928 0.000000 -1.017004 0.136987 
288 1.170122 0.000000 -0.193566 93.220302 0.000000 -0.984202 0.130901 
289 1.006660 0.000000 -0.038974 95.505304 0.000000 -0.509000 0.087848 
290 1.006660 0.000000 -0.090504 94.283747 0.000000 -0.706960 0.111008 
291 1.061147 0.000000 -0.038974 95.137023 0.000000 -0.472352 0.094872 
292 1.006660 0.000000 0.012557 96.505491 0.000000 -0.479677 0.068646 
293 2.041918 0.000000 0.527863 100.978008 0.000000 4.817112 -0.021976 
294 2.477817 0.000000 0.527863 101.821534 0.000000 3.283219 -0.037840 
295 2.041918 0.000000 0.940108 100.751815 0.000000 9.675292 -0.024454 
296 1.388071 0.000000 0.321741 93.490339 0.000000 -0.957660 0.125864 
297 1.606020 0.000000 0.321741 95.858386 0.000000 -0.670585 0.081072 
298 1.388071 0.000000 0.527863 93.292268 0.000000 -0.977850 0.129560 
299 1.279096 0.000000 0.012557 98.522945 0.000000 -0.086470 0.029322 
300 1.279096 0.000000 -0.090504 93.495779 0.000000 -0.956837 0.125762 
301 1.388071 0.000000 0.012557 98.765285 0.000000 -0.075417 0.024541 
302 1.279096 0.000000 0.115618 93.510738 0.000000 -0.955330 0.125483 
303 1.115634 0.000000 -0.038974 96.443993 0.000000 -0.415015 0.069838 
304 1.115634 0.000000 -0.090504 93.134887 0.000000 -0.992363 0.132491 
305 1.170122 0.000000 -0.038974 95.154049 0.000000 -0.626077 0.094532 
306 1.115634 0.000000 0.012557 97.231323 0.000000 -0.303826 0.054598 
307 1.388071 0.000000 -0.502749 93.260309 0.000000 -0.981122 0.130155 
308 1.388071 0.000000 -0.708872 97.688623 0.000000 -0.567270 0.045661 
309 1.606020 0.000000 -0.502749 97.747452 0.000000 -0.560426 0.044512 
310 1.279096 0.000000 -0.193566 93.426578 0.000000 -0.963834 0.127055 
311 1.279096 0.000000 -0.296627 93.335910 0.000000 -0.973046 0.128746 
312 1.388071 0.000000 -0.193566 93.550862 0.000000 -0.951523 0.124733 
313 1.224609 0.000000 -0.038974 96.210313 0.000000 -0.466823 0.074336 
314 1.224609 0.000000 -0.090504 93.399314 0.000000 -0.966359 0.127563 
315 1.279096 0.000000 -0.038974 98.050841 0.000000 -0.179391 0.038600 
316 1.224609 0.000000 0.012557 98.446195 0.000000 -0.257552 0.030828 
317 1.061147 0.000000 0.218679 92.951017 0.000000 -1.010671 0.135909 
318 0.952172 0.000000 0.218679 92.607575 0.000000 -1.044870 0.142275 
319 1.170122 0.000000 0.218679 93.242595 0.000000 -0.981925 0.130485 
320 1.061147 0.000000 0.321741 92.909958 0.000000 -1.015165 0.136671 
321 1.115634 0.000000 0.064088 93.155558 0.000000 -0.990227 0.132106 
322 1.061147 0.000000 0.064088 94.784808 0.000000 -0.616090 0.101546 
323 1.170122 0.000000 0.064088 94.864990 0.000000 -0.681010 0.100017 
324 1.115634 0.000000 0.115618 93.145927 0.000000 -0.991226 0.132285 
325 1.142878 0.000000 -0.013208 97.947806 0.000000 -0.206384 0.040618 
326 1.115634 0.000000 -0.013208 97.228187 0.000000 -0.303663 0.054659 
327 1.142878 0.000000 -0.038974 97.177329 0.000000 -0.300023 0.055648 
328 1.170122 0.000000 -0.013208 98.265352 0.000000 -0.180855 0.034389 
329 1.142878 0.000000 0.012557 97.975914 0.000000 -0.203556 0.040068 
330 1.823969 0.000000 -0.090504 98.951675 0.000000 -0.170423 0.020854 
331 1.823969 0.000000 -0.296627 98.495854 0.000000 -0.513612 0.029830 
332 2.041918 0.000000 -0.090504 99.011688 0.000000 -0.359719 0.019656 
333 1.823969 0.000000 0.115618 98.192554 0.000000 -0.530584 0.035794 
334 1.497045 0.000000 0.012557 98.610748 0.000000 -0.108083 0.027591 
335 1.497045 0.000000 -0.090504 96.927805 0.000000 -0.391447 0.060485 
336 1.606020 0.000000 0.012557 98.811943 0.000000 -0.072444 0.023619 
337 1.497045 0.000000 0.115618 93.680670 0.000000 -0.938500 0.122305 
338 1.333583 0.000000 -0.038974 98.544646 0.000000 -0.108541 0.028894 
339 1.333583 0.000000 -0.090504 93.568566 0.000000 -0.949632 0.124402 
340 1.388071 0.000000 -0.038974 98.319930 0.000000 -0.150468 0.033317 
341 1.333583 0.000000 0.012557 98.884213 0.000000 -0.051363 0.022191 
342 1.279096 0.000000 0.218679 93.452468 0.000000 -0.961216 0.126571 
343 1.388071 0.000000 0.218679 93.576468 0.000000 -0.948933 0.124254 
344 1.279096 0.000000 0.321741 93.367187 0.000000 -0.969867 0.128163 
345 1.224609 0.000000 0.064088 95.144679 0.000000 -0.656917 0.094706 
346 1.279096 0.000000 0.064088 95.168827 0.000000 -0.657994 0.094246 
347 1.224609 0.000000 0.115618 93.413647 0.000000 -0.964912 0.127296 
348 1.251853 0.000000 -0.013208 97.508520 0.000000 -0.233393 0.049203 
349 1.224609 0.000000 -0.013208 98.435175 0.000000 -0.258782 0.031045 
350 1.251853 0.000000 -0.038974 96.305433 0.000000 -0.451809 0.072506 
351 1.279096 0.000000 -0.013208 98.520117 0.000000 -0.087183 0.029378 
352 1.251853 0.000000 0.012557 97.518963 0.000000 -0.231558 0.049000 
353 1.197365 0.000000 -0.013208 98.374820 0.000000 -0.270913 0.032232 
354 1.197365 0.000000 -0.038974 95.988696 0.000000 -0.488159 0.078593 
355 1.197365 0.000000 0.012557 98.382865 0.000000 -0.270736 0.032074 
356 1.333583 0.000000 0.064088 98.056051 0.000000 -0.191125 0.038497 
357 1.388071 0.000000 0.064088 97.460062 0.000000 -0.296863 0.050145 
358 1.333583 0.000000 0.115618 93.583558 0.000000 -0.948121 0.124122 
359 1.251853 0.000000 0.038322 96.310861 0.000000 -0.451211 0.072401 
360 1.224609 0.000000 0.038322 96.214824 0.000000 -0.466388 0.074249 
361 1.279096 0.000000 0.038322 98.159183 0.000000 -0.162244 0.036475 
362 1.251853 0.000000 0.064088 95.228612 0.000000 -0.644735 0.093110 
363 1.238231 0.000000 -0.000326 98.691140 0.000000 -0.131089 0.026004 
364 1.224609 0.000000 -0.000326 98.635923 0.000000 -0.218825 0.027091 
365 1.238231 0.000000 -0.013208 98.219692 0.000000 -0.179636 0.035286 
366 1.251853 0.000000 -0.000326 98.513799 0.000000 -0.140107 0.029501 
367 1.238231 0.000000 0.012557 98.234565 0.000000 -0.178005 0.034994 
368 1.306340 0.000000 -0.013208 98.669644 0.000000 -0.080685 0.026429 
369 1.306340 0.000000 -0.038974 98.390878 0.000000 -0.130150 0.031922 
370 1.333583 0.000000 -0.013208 98.877929 0.000000 -0.052445 0.022315 
371 1.306340 0.000000 0.012557 98.672281 0.000000 -0.080259 0.026377 
372 1.265474 0.000000 -0.000326 98.566428 0.000000 -0.053949 0.028466 
373 1.265474 0.000000 -0.013208 98.339749 0.000000 -0.108152 0.032928 
374 1.279096 0.000000 -0.000326 98.566461 0.000000 -0.074849 0.028465 
375 1.265474 0.000000 0.012557 98.346982 0.000000 -0.106491 0.032786 
376 1.197365 0.000000 0.038322 95.991522 0.000000 -0.488034 0.078539 
377 1.170122 0.000000 0.038322 95.159746 0.000000 -0.625502 0.094423 
378 1.197365 0.000000 0.064088 93.368314 0.000000 -0.969339 0.128142 
379 1.238231 0.000000 0.025440 96.462340 0.000000 -0.423151 0.069484 
380 1.224609 0.000000 0.025440 96.365563 0.000000 -0.439481 0.071349 
381 1.251853 0.000000 0.025440 97.272065 0.000000 -0.276383 0.053807 
382 1.238231 0.000000 0.038322 96.294699 0.000000 -0.453145 0.072713 
383 1.245042 0.000000 0.006116 98.639535 0.000000 -0.134335 0.027022 
384 1.238231 0.000000 0.006116 98.624747 0.000000 -0.137841 0.027314 
385 1.245042 0.000000 -0.000326 98.866854 0.000000 -0.113352 0.022533 
386 1.251853 0.000000 0.006116 98.436838 0.000000 -0.147539 0.031017 
387 1.245042 0.000000 0.012557 97.393353 0.000000 -0.254245 0.051447 
388 22.529144 0.000000 -6.480304 99.470821 0.000000 10.174361 0.000204 
389 22.529144 0.000000 -13.076225 99.450366 0.000000 10.348398 0.000254 
390 29.503519 0.000000 -6.480304 99.472402 0.000000 10.212716 0.000094 
391 22.529144 0.000000 0.115618 99.699137 0.000000 8.077614 -0.000517 
392 12.067582 0.000000 -3.182343 99.499276 0.000000 9.616019 0.000743 
393 12.067582 0.000000 -6.480304 99.444983 0.000000 10.098887 0.000871 
394 15.554770 0.000000 -3.182343 99.511422 0.000000 9.726451 0.000287 
395 12.067582 0.000000 0.115618 99.994501 0.000000 5.189595 -0.002583 
396 6.836801 0.000000 -1.533362 99.456840 0.000000 8.127020 0.004229 
397 6.836801 0.000000 -3.182343 99.361972 0.000000 9.435251 0.003817 
398 8.580395 0.000000 -1.533362 99.561347 0.000000 8.319260 0.001833 
399 6.836801 0.000000 0.115618 100.169611 0.000000 2.021219 -0.003804 
400 4.221411 0.000000 -0.708872 98.235454 0.000000 5.388337 0.032076 
401 4.221411 0.000000 -1.533362 98.736657 0.000000 8.134736 0.018490 
402 5.093207 0.000000 -0.708872 99.161954 0.000000 5.409681 0.013764 
403 4.221411 0.000000 0.115618 99.797773 0.000000 2.498776 0.003416 
404 2.913715 0.000000 -0.296627 93.483014 0.000000 8.520622 0.118833 
405 2.913715 0.000000 -0.708872 97.003507 0.000000 8.858968 0.051184 
406 3.349614 0.000000 -0.296627 95.113965 0.000000 3.644236 0.094005 
407 2.913715 0.000000 0.115618 99.291895 0.000000 -0.000000 0.014112 
408 2.259868 0.000000 -0.090504 98.836596 0.000000 7.425508 0.017619 
409 2.259868 0.000000 -0.296627 98.356325 0.000000 11.307746 0.019817 
410 2.477817 0.000000 -0.090504 99.175400 0.000000 0.000000 0.016424 
411 2.259868 0.000000 0.115618 98.706184 0.000000 -23.000898 -0.027195 
412 1.823969 0.000000 0.321741 98.497134 0.000000 -0.513275 0.029805 
413 2.041918 0.000000 0.321741 99.026023 0.000000 -0.391377 0.019369 
414 1.823969 0.000000 0.527863 98.838218 0.000000 -0.458917 0.023080 
415 1.932944 0.000000 0.012557 99.315213 0.000000 -0.019261 0.013649 
416 1.823969 0.000000 0.012557 99.278087 0.000000 -0.026968 0.014386 
417 1.932944 0.000000 -0.090504 99.185888 0.000000 -0.118695 0.016215 
418 2.041918 0.000000 0.012557 99.315100 0.000000 -0.010380 0.013651 
419 1.932944 0.000000 0.115618 98.841349 0.000000 -0.457109 0.023018 
420 22.529144 0.000000 6.711540 99.532316 0.000000 9.743709 -0.000162 
421 29.503519 0.000000 6.711540 99.543100 0.000000 9.606939 -0.000112 
422 22.529144 0.000000 13.307462 99.481517 0.000000 10.262574 -0.000189 
423 12.067582 0.000000 3.413579 99.602951 0.000000 9.229958 -0.000594 
424 15.554770 0.000000 3.413579 99.590415 0.000000 9.210512 -0.000308 
425 12.067582 0.000000 6.711540 99.544164 0.000000 9.893986 -0.000693 
426 6.836801 0.000000 1.764599 99.637745 0.000000 9.516566 -0.001825 
427 8.580395 0.000000 1.764599 99.535929 0.000000 9.988228 -0.000717 
428 6.836801 0.000000 3.413579 99.708344 0.000000 9.318438 -0.002859 
429 4.221411 0.000000 0.940108 99.940522 0.000000 8.143076 -0.005442 
430 5.093207 0.000000 0.940108 100.240572 0.000000 3.989062 -0.006408 
431 4.221411 0.000000 1.764599 100.075751 0.000000 8.861118 -0.009368 
432 2.913715 0.000000 0.527863 103.356096 0.000000 1.268150 -0.068409 
433 3.349614 0.000000 0.527863 102.523769 0.000000 1.284176 -0.051277 
434 2.913715 0.000000 0.940108 100.997368 0.000000 9.369680 -0.028826 
435 2.259868 0.000000 0.321741 100.758964 0.000000 9.107883 -0.023532 
436 2.477817 0.000000 0.321741 101.427489 0.000000 10.052247 -0.038858 
437 2.259868 0.000000 0.527863 101.249373 0.000000 4.139174 -0.026857 
438 2.150893 0.000000 0.012557 99.299656 0.000000 0.000000 0.013958 
439 2.150893 0.000000 -0.090504 98.901380 0.000000 7.277715 0.016555 
440 2.259868 0.000000 0.012557 99.283817 0.000000 0.000000 0.014272 
441 2.150893 0.000000 0.115618 98.645523 0.000000 -23.646959 -0.029012 
442 8.580395 0.000000 -19.672147 99.429476 0.000000 10.408779 0.000544 
443 8.580395 0.000000 -26.268069 99.438028 0.000000 10.429414 0.000331 
444 15.554770 0.000000 -19.672147 99.438961 0.000000 10.401305 0.000371 
445 5.093207 0.000000 -9.778264 99.361554 0.000000 10.285976 0.002148 
446 5.093207 0.000000 -13.076225 99.398087 0.000000 10.366084 0.001256 
447 8.580395 0.000000 -9.778264 99.403712 0.000000 10.262290 0.001359 
448 3.349614 0.000000 -4.831323 99.162807 0.000000 9.990884 0.006692 
449 3.349614 0.000000 -6.480304 99.260779 0.000000 10.167061 0.004393 
450 5.093207 0.000000 -4.831323 99.261056 0.000000 9.893560 0.004936 
451 2.477817 0.000000 -2.357852 98.659094 0.000000 9.557888 0.017503 
452 2.477817 0.000000 -3.182343 98.882272 0.000000 9.794970 0.012635 
453 3.349614 0.000000 -2.357852 98.784722 0.000000 9.279094 0.015548 
454 2.041918 0.000000 -1.121117 98.149662 0.000000 9.527868 0.027586 
455 2.041918 0.000000 -1.533362 98.272568 0.000000 9.495323 0.025234 
456 2.477817 0.000000 -1.121117 98.059199 0.000000 9.279452 0.029829 
457 2.259868 0.000000 -0.502749 98.101556 0.000000 10.582210 0.026410 
458 2.041918 0.000000 -0.502749 98.304892 0.000000 10.401847 0.022795 
459 2.259868 0.000000 -0.708872 98.033604 0.000000 9.949085 0.029043 
460 2.477817 0.000000 -0.502749 97.601659 0.000000 10.587397 0.036182 
461 2.150893 0.000000 -0.193566 98.703568 0.000000 10.746960 0.014211 
462 2.041918 0.000000 -0.193566 99.026043 0.000000 -0.391297 0.019369 
463 2.150893 0.000000 -0.296627 98.499721 0.000000 11.101867 0.017455 
464 2.259868 0.000000 -0.193566 98.586963 0.000000 11.006223 0.015947 
465 2.695766 0.000000 -0.090504 99.295433 0.000000 -0.000000 0.014042 
466 2.695766 0.000000 -0.296627 95.792806 0.000000 11.506234 0.069134 
467 2.913715 0.000000 -0.090504 99.302380 0.000000 -0.000000 0.013904 
468 2.695766 0.000000 0.115618 99.530952 0.000000 -0.000000 0.009359 
469 2.368842 0.000000 0.012557 99.273829 0.000000 0.000000 0.014471 
470 2.368842 0.000000 -0.090504 99.188034 0.000000 0.000000 0.016173 
471 2.477817 0.000000 0.012557 99.222617 0.000000 0.000000 0.015487 
472 2.368842 0.000000 0.115618 98.854899 0.000000 -21.950788 -0.025413 
473 2.205380 0.000000 -0.038974 99.308368 0.000000 0.000000 0.013785 
474 2.150893 0.000000 -0.038974 99.319909 0.000000 0.000000 0.013556 
475 2.205380 0.000000 -0.090504 99.254295 0.000000 0.000000 0.014858 
476 2.259868 0.000000 -0.038974 99.304692 0.000000 0.000000 0.013858 
477 2.205380 0.000000 0.012557 99.283193 0.000000 0.000000 0.014285 
478 2.695766 0.000000 0.321741 103.095276 0.000000 10.341398 -0.073558 
479 2.913715 0.000000 0.321741 104.921785 0.000000 8.168527 -0.107531 
480 2.695766 0.000000 0.527863 102.682591 0.000000 2.267420 -0.054886 
481 2.586791 0.000000 0.012557 99.179452 0.000000 0.000000 0.016344 
482 2.586791 0.000000 -0.090504 99.139287 0.000000 0.000000 0.017140 
483 2.695766 0.000000 0.012557 99.192129 0.000000 -0.000000 0.016092 
484 2.586791 0.000000 0.115618 99.976692 0.000000 -18.465521 -0.033631 
485 3.785512 0.000000 -0.296627 96.902488 0.000000 3.295639 0.059905 
486 3.785512 0.000000 -0.708872 97.454516 0.000000 6.011813 0.046648 
487 4.221411 0.000000 -0.296627 98.340993 0.000000 3.955974 0.031340 
488 3.785512 0.000000 0.115618 99.540695 0.000000 -2.904905 0.008321 
489 3.131664 0.000000 -0.090504 96.525136 0.000000 -0.000000 0.068290 
490 3.131664 0.000000 -0.296627 94.151434 0.000000 5.062975 0.110987 
491 3.349614 0.000000 -0.090504 96.294599 0.000000 -0.000000 0.072735 
492 3.131664 0.000000 0.115618 96.341738 0.000000 -0.000000 0.071827 
493 2.804741 0.000000 0.012557 99.243824 0.000000 -0.000000 0.015066 
494 2.804741 0.000000 -0.090504 99.358647 0.000000 -0.000000 0.012786 
495 2.913715 0.000000 0.012557 99.307897 0.000000 -0.000000 0.013794 
496 2.804741 0.000000 0.115618 99.584773 0.000000 -0.000000 0.008287 
497 3.785512 0.000000 0.527863 101.380652 0.000000 2.854202 -0.028618 
498 4.221411 0.000000 0.527863 100.775567 0.000000 3.974448 -0.017151 
499 3.785512 0.000000 0.940108 100.284120 0.000000 8.514108 -0.012939 
500 3.567563 0.000000 -0.090504 96.641357 0.000000 -3.797541 0.064603 
501 3.567563 0.000000 -0.296627 95.939882 0.000000 3.151205 0.078561 
502 3.785512 0.000000 -0.090504 97.479395 0.000000 -3.254183 0.048718 
503 3.567563 0.000000 0.115618 99.487081 0.000000 -7.587565 0.004475 
504 3.131664 0.000000 0.321741 104.030072 0.000000 5.517732 -0.085270 
505 3.349614 0.000000 0.321741 102.495679 0.000000 4.939911 -0.052977 
506 3.131664 0.000000 0.527863 103.175063 0.000000 0.919933 -0.064594 
507 3.240639 0.000000 0.012557 96.161934 0.000000 0.000000 0.075288 
508 3.131664 0.000000 0.012557 95.076338 0.000000 -0.000000 0.096049 
509 3.240639 0.000000 -0.090504 95.844528 0.000000 -0.000000 0.081383 
510 3.349614 0.000000 0.012557 96.084551 0.000000 -0.000000 0.076776 
511 3.240639 0.000000 0.115618 95.836670 0.000000 -0.000000 0.081533 
512 2.913715 0.000000 -1.121117 97.896733 0.000000 8.816488 0.033850 
513 2.913715 0.000000 -1.533362 98.323895 0.000000 9.014711 0.025115 
514 3.349614 0.000000 -1.121117 97.925160 0.000000 8.143462 0.034435 
515 3.131664 0.000000 -0.502749 95.856004 0.000000 7.408701 0.075674 
516 2.913715 0.000000 -0.502749 95.962688 0.000000 8.938831 0.071126 
517 3.131664 0.000000 -0.708872 96.876007 0.000000 8.046094 0.055030 
518 3.349614 0.000000 -0.502749 96.111488 0.000000 6.220367 0.072389 
519 3.240639 0.000000 -0.193566 96.233781 0.000000 -0.000000 0.073906 
520 3.131664 0.000000 -0.193566 94.920931 0.000000 0.000000 0.099002 
521 3.240639 0.000000 -0.296627 94.694781 0.000000 4.197706 0.101528 
522 3.349614 0.000000 -0.193566 94.878359 0.000000 0.761153 0.099752 
523 3.567563 0.000000 0.321741 101.545558 0.000000 5.364071 -0.034027 
524 3.785512 0.000000 0.321741 101.049799 0.000000 5.900576 -0.024588 
525 3.567563 0.000000 0.527863 101.885939 0.000000 2.032434 -0.038488 
526 3.458588 0.000000 0.012557 96.842836 0.000000 -0.000000 0.062147 
527 3.458588 0.000000 -0.090504 96.987512 0.000000 -0.000000 0.059342 
528 3.567563 0.000000 0.012557 96.553809 0.000000 -28.868781 -0.015604 
529 3.458588 0.000000 0.115618 99.637018 0.000000 -10.628066 -0.004049 
530 3.295126 0.000000 -0.038974 95.876782 0.000000 -0.000000 0.080764 
531 3.240639 0.000000 -0.038974 95.860932 0.000000 -0.000000 0.081068 
532 3.295126 0.000000 -0.090504 95.838838 0.000000 -0.000000 0.081492 
533 3.349614 0.000000 -0.038974 96.078592 0.000000 -0.000000 0.076890 
534 3.295126 0.000000 0.012557 95.887123 0.000000 -0.000000 0.080566 
535 3.022690 0.000000 0.012557 98.725882 0.000000 0.000000 0.025320 
536 3.022690 0.000000 -0.090504 97.947410 0.000000 -0.000000 0.040630 
537 3.022690 0.000000 0.115618 97.938521 0.000000 -0.000000 0.040805 
538 3.186152 0.000000 -0.038974 96.214891 0.000000 -0.000000 0.074269 
539 3.131664 0.000000 -0.038974 95.798111 0.000000 -0.000000 0.082272 
540 3.186152 0.000000 -0.090504 96.042906 0.000000 -0.000000 0.077576 
541 3.186152 0.000000 0.012557 95.516680 0.000000 -0.000000 0.087656 
542 3.240639 0.000000 0.218679 103.233158 0.000000 1.026069 -0.065814 
543 3.131664 0.000000 0.218679 104.663141 0.000000 1.020812 -0.095542 
544 3.349614 0.000000 0.218679 102.131616 0.000000 1.668269 -0.043365 
545 3.240639 0.000000 0.321741 103.212059 0.000000 5.023087 -0.067796 
546 3.295126 0.000000 0.064088 95.859929 0.000000 -0.000000 0.081087 
547 3.240639 0.000000 0.064088 95.853381 0.000000 -0.000000 0.081213 
548 3.349614 0.000000 0.064088 96.068530 0.000000 -0.000000 0.077084 
549 3.295126 0.000000 0.115618 96.018114 0.000000 -0.000000 0.078052 
550 3.267883 0.000000 -0.013208 95.913944 0.000000 -0.000000 0.080052 
551 3.240639 0.000000 -0.013208 96.155859 0.000000 0.000000 0.075405 
552 3.267883 0.000000 -0.038974 95.906502 0.000000 -0.000000 0.080194 
553 3.295126 0.000000 -0.013208 95.886988 0.000000 -0.000000 0.080569 
554 3.267883 0.000000 0.012557 95.914043 0.000000 -0.000000 0.080050 
555 3.186152 0.000000 0.064088 96.025741 0.000000 -0.000000 0.077906 
556 3.131664 0.000000 0.064088 96.494878 0.000000 -0.000000 0.068874 
557 3.186152 0.000000 0.115618 96.059368 0.000000 -0.000000 0.077260 
558 3.213395 0.000000 -0.013208 95.847863 0.000000 0.000000 0.081319 
559 3.186152 0.000000 -0.013208 95.521465 0.000000 -0.000000 0.087565 
560 3.213395 0.000000 -0.038974 96.040823 0.000000 -0.000000 0.077616 
561 3.213395 0.000000 0.012557 95.847142 0.000000 0.000000 0.081333 
562 3.022690 0.000000 -0.193566 98.844931 0.000000 0.000000 0.022968 
563 2.913715 0.000000 -0.193566 99.579645 0.000000 -0.000000 0.008389 
564 3.022690 0.000000 -0.296627 93.567908 0.000000 6.478689 0.120307 
565 3.077177 0.000000 -0.038974 96.553178 0.000000 -0.000000 0.067748 
566 3.022690 0.000000 -0.038974 98.245203 0.000000 0.000000 0.034788 
567 3.077177 0.000000 -0.090504 97.064612 0.000000 -0.000000 0.057846 
568 3.077177 0.000000 0.012557 96.229475 0.000000 -0.000000 0.073989 
569 3.158908 0.000000 -0.013208 95.126666 0.000000 -0.000000 0.095092 
570 3.131664 0.000000 -0.013208 95.097326 0.000000 -0.000000 0.095650 
571 3.158908 0.000000 -0.038974 96.228318 0.000000 -0.000000 0.074011 
572 3.158908 0.000000 0.012557 95.114498 0.000000 -0.000000 0.095323 
573 2.968203 0.000000 -0.038974 98.488111 0.000000 -0.000000 0.030009 
574 2.913715 0.000000 -0.038974 98.990157 0.000000 -0.000000 0.020095 
575 2.968203 0.000000 -0.090504 98.432921 0.000000 -0.000000 0.031096 
576 2.968203 0.000000 0.012557 99.087105 0.000000 -0.000000 0.018175 
577 3.022690 0.000000 0.218679 106.317123 0.000000 2.068836 -0.130761 
578 2.913715 0.000000 0.218679 107.121657 0.000000 4.743929 -0.149755 
579 3.022690 0.000000 0.321741 104.748859 0.000000 6.587257 -0.101572 
580 2.968203 0.000000 0.064088 98.463852 0.000000 -0.000000 0.030487 
581 2.913715 0.000000 0.064088 98.970410 0.000000 -0.000000 0.020486 
582 3.022690 0.000000 0.064088 97.818577 0.000000 0.000000 0.043153 
583 2.968203 0.000000 0.115618 98.750661 0.000000 -0.000000 0.024831 
584 2.995446 0.000000 -0.013208 98.930412 0.000000 0.000000 0.021277 
585 2.968203 0.000000 -0.013208 99.083102 0.000000 -0.000000 0.018254 
586 2.995446 0.000000 -0.038974 98.512871 0.000000 -0.000000 0.029521 
587 3.022690 0.000000 -0.013208 98.717695 0.000000 0.000000 0.025482 
588 2.995446 0.000000 0.012557 98.941862 0.000000 0.000000 0.021051 
589 2.695766 0.000000 -0.502749 96.747135 0.000000 10.159442 0.053678 
590 2.695766 0.000000 -0.708872 97.341453 0.000000 9.505490 0.043429 
591 2.804741 0.000000 -0.193566 99.572659 0.000000 -0.000000 0.008529 
592 2.695766 0.000000 -0.193566 95.383887 0.000000 12.190624 0.075330 
593 2.804741 0.000000 -0.296627 94.398423 0.000000 10.471407 0.097929 
594 2.859228 0.000000 -0.038974 99.375143 0.000000 -0.000000 0.012458 
595 2.804741 0.000000 -0.038974 99.276656 0.000000 -0.000000 0.014415 
596 2.859228 0.000000 -0.090504 99.556858 0.000000 -0.000000 0.008843 
597 2.859228 0.000000 0.012557 99.205498 0.000000 -0.000000 0.015827 
598 2.804741 0.000000 0.218679 105.569404 0.000000 7.424504 -0.120002 
599 2.695766 0.000000 0.218679 103.205428 0.000000 8.042651 -0.071604 
600 2.804741 0.000000 0.321741 104.230896 0.000000 9.634361 -0.095690 
601 2.859228 0.000000 0.064088 99.557348 0.000000 -0.000000 0.008833 
602 2.804741 0.000000 0.064088 99.304657 0.000000 -0.000000 0.013859 
603 2.859228 0.000000 0.115618 99.571913 0.000000 -0.000000 0.008543 
604 2.886472 0.000000 -0.013208 99.484347 0.000000 -0.000000 0.010286 
605 2.859228 0.000000 -0.013208 99.206048 0.000000 -0.000000 0.015816 
606 2.886472 0.000000 -0.038974 99.350222 0.000000 -0.000000 0.012953 
607 2.913715 0.000000 -0.013208 99.301146 0.000000 -0.000000 0.013928 
608 2.886472 0.000000 0.012557 99.486962 0.000000 -0.000000 0.010234 
609 2.750253 0.000000 -0.038974 99.211674 0.000000 -0.000000 0.015704 
610 2.695766 0.000000 -0.038974 99.199668 0.000000 -0.000000 0.015943 
611 2.750253 0.000000 -0.090504 99.289938 0.000000 -0.000000 0.014151 
612 2.750253 0.000000 0.012557 99.194072 0.000000 -0.000000 0.016054 
613 2.831984 0.000000 -0.013208 99.105112 0.000000 -0.000000 0.017818 
614 2.804741 0.000000 -0.013208 99.244457 0.000000 -0.000000 0.015054 
615 2.831984 0.000000 -0.038974 99.323487 0.000000 -0.000000 0.013484 
616 2.831984 0.000000 0.012557 99.101556 0.000000 -0.000000 0.017888 
617 2.886472 0.000000 0.038322 99.350386 0.000000 -0.000000 0.012950 
618 2.859228 0.000000 0.038322 99.374964 0.000000 -0.000000 0.012462 
619 2.913715 0.000000 0.038322 98.990575 0.000000 -0.000000 0.020087 
620 2.886472 0.000000 0.064088 99.342462 0.000000 -0.000000 0.013108 
621 2.872850 0.000000 -0.000326 99.600540 0.000000 0.000000 0.007973 
622 2.859228 0.000000 -0.000326 99.535904 0.000000 0.000000 0.009260 
623 2.872850 0.000000 -0.013208 99.436999 0.000000 -0.000000 0.011228 
624 2.886472 0.000000 -0.000326 99.554813 0.000000 -0.000000 0.008884 
625 2.872850 0.000000 0.012557 99.441217 0.000000 -0.000000 0.011144 
626 5.965004 0.000000 0.940108 101.019333 0.000000 -4.423589 -0.022447 
627 5.965004 0.000000 0.115618 99.654454 0.000000 10.329861 -0.003772 
628 6.836801 0.000000 0.940108 101.188150 0.000000 -5.897217 -0.027382 
629 5.965004 0.000000 1.764599 99.682555 0.000000 9.295723 -0.002302 
630 10.323988 0.000000 1.764599 99.490166 0.000000 10.231957 -0.000299 
631 10.323988 0.000000 0.115618 100.047344 0.000000 4.594832 -0.003058 
632 12.067582 0.000000 1.764599 99.789128 0.000000 7.316498 -0.001140 
633 10.323988 0.000000 3.413579 99.615014 0.000000 9.260078 -0.000890 
634 7.708598 0.000000 0.940108 100.403336 0.000000 1.271330 -0.008245 
635 7.708598 0.000000 0.115618 101.421149 0.000000 -10.387581 -0.039415 
636 8.580395 0.000000 0.940108 100.187567 0.000000 3.309621 -0.004850 
637 7.708598 0.000000 1.764599 99.584035 0.000000 9.742782 -0.001190 
638 4.657309 0.000000 0.527863 100.531344 0.000000 4.456839 -0.012641 
639 4.657309 0.000000 0.115618 99.859894 0.000000 5.817337 -0.000584 
640 5.093207 0.000000 0.527863 100.424864 0.000000 4.553854 -0.010589 
641 4.657309 0.000000 0.940108 99.859537 0.000000 6.910950 -0.001969 
642 4.003461 0.000000 0.321741 100.770621 0.000000 6.312538 -0.019457 
643 4.003461 0.000000 0.115618 99.741161 0.000000 0.285135 0.005162 
644 4.221411 0.000000 0.321741 100.613089 0.000000 6.612040 -0.016671 
645 4.003461 0.000000 0.527863 101.016267 0.000000 3.528399 -0.021674 
646 5.965004 0.000000 -0.708872 99.519096 0.000000 5.625274 0.006431 
647 5.965004 0.000000 -1.533362 99.350139 0.000000 8.025778 0.006514 
648 6.836801 0.000000 -0.708872 99.592697 0.000000 5.899019 0.004650 
649 4.657309 0.000000 -0.296627 98.903132 0.000000 4.118200 0.020121 
650 4.657309 0.000000 -0.708872 98.814240 0.000000 5.338948 0.020724 
651 5.093207 0.000000 -0.296627 99.131204 0.000000 3.818241 0.015843 
652 5.529106 0.000000 0.527863 100.378029 0.000000 4.475044 -0.009577 
653 5.529106 0.000000 0.115618 99.843714 0.000000 9.817204 -0.006514 
654 5.965004 0.000000 0.527863 100.421623 0.000000 4.031336 -0.010075 
655 5.529106 0.000000 0.940108 100.548730 0.000000 1.263672 -0.011164 
656 4.875258 0.000000 0.321741 100.435721 0.000000 7.268580 -0.014017 
657 4.657309 0.000000 0.321741 100.478921 0.000000 7.067200 -0.014596 
658 4.875258 0.000000 0.115618 99.880307 0.000000 7.102314 -0.002652 
659 5.093207 0.000000 0.321741 100.400729 0.000000 7.477729 -0.013622 
660 4.875258 0.000000 0.527863 100.466913 0.000000 4.533844 -0.011416 
661 5.529106 0.000000 -0.296627 99.272945 0.000000 3.177521 0.013479 
662 5.529106 0.000000 -0.708872 99.371968 0.000000 5.482472 0.009515 
663 5.965004 0.000000 -0.296627 99.775994 0.000000 2.961852 0.003598 
664 6.400903 0.000000 0.527863 100.084589 0.000000 4.836658 -0.004032 
665 6.400903 0.000000 0.115618 99.710441 0.000000 7.425250 0.000269 
666 6.836801 0.000000 0.527863 99.912841 0.000000 5.664309 -0.001466 
667 6.400903 0.000000 0.940108 100.845533 0.000000 -2.537494 -0.017626 
668 5.747055 0.000000 0.321741 100.219834 0.000000 8.263502 -0.011230 
669 5.529106 0.000000 0.321741 100.342993 0.000000 7.947881 -0.013188 
670 5.747055 0.000000 0.115618 99.762711 0.000000 10.441785 -0.006163 
671 5.965004 0.000000 0.321741 100.065716 0.000000 8.561929 -0.008645 
672 5.747055 0.000000 0.527863 100.340670 0.000000 4.431064 -0.008788 
673 10.323988 0.000000 -1.533362 99.601884 0.000000 8.568297 0.000605 
674 10.323988 0.000000 -3.182343 99.483920 0.000000 9.558679 0.001158 
675 12.067582 0.000000 -1.533362 99.599737 0.000000 8.778351 0.000283 
676 7.708598 0.000000 -0.708872 99.615753 0.000000 6.044315 0.004017 
677 7.708598 0.000000 -1.533362 99.513506 0.000000 8.218783 0.002951 
678 8.580395 0.000000 -0.708872 99.735367 0.000000 6.210313 0.001429 
679 7.272699 0.000000 0.527863 99.750012 0.000000 6.859831 0.000288 
680 7.272699 0.000000 0.115618 100.889298 0.000000 -5.250609 -0.020622 
681 7.708598 0.000000 0.527863 99.578373 0.000000 8.368336 0.001412 
682 7.272699 0.000000 0.940108 100.782156 0.000000 -2.209494 -0.016192 
683 8.580395 0.000000 19.903383 99.483728 0.000000 10.396259 -0.000509 
684 1.606020 0.000000 19.903383 99.487305 0.000000 10.418547 -0.000627 
685 15.554770 0.000000 19.903383 99.475924 0.000000 10.381420 -0.000323 
686 8.580395 0.000000 26.499305 99.471128 0.000000 10.423162 -0.000315 
687 5.093207 0.000000 10.009501 99.571267 0.000000 10.247729 -0.001945 
688 1.606020 0.000000 10.009501 99.578778 0.000000 10.331505 -0.002267 
689 8.580395 0.000000 10.009501 99.537464 0.000000 10.200931 -0.001177 
690 5.093207 0.000000 13.307462 99.527477 0.000000 10.342085 -0.001268 
691 6.836801 0.000000 5.062560 99.659668 0.000000 9.723662 -0.002660 
692 5.093207 0.000000 5.062560 99.729539 0.000000 9.793783 -0.004190 
693 8.580395 0.000000 5.062560 99.612844 0.000000 9.681268 -0.001645 
694 6.836801 0.000000 6.711540 99.614387 0.000000 9.976756 -0.002256 
695 5.965004 0.000000 2.589089 99.773731 0.000000 9.102824 -0.003766 
696 5.093207 0.000000 2.589089 99.867608 0.000000 9.102482 -0.005639 
697 6.836801 0.000000 2.589089 99.716907 0.000000 9.114418 -0.002653 
698 5.965004 0.000000 3.413579 99.758675 0.000000 9.343187 -0.003909 
699 6.400903 0.000000 1.352354 99.555793 0.000000 10.024987 -0.001186 
700 5.965004 0.000000 1.352354 99.528732 0.000000 10.006989 -0.000611 
701 6.836801 0.000000 1.352354 99.570111 0.000000 9.870139 -0.001163 
702 6.400903 0.000000 1.764599 99.661549 0.000000 9.410595 -0.002098 
703 6.618852 0.000000 0.733986 100.240586 0.000000 3.009501 -0.005723 
704 6.400903 0.000000 0.733986 100.290428 0.000000 2.750525 -0.006574 
705 6.618852 0.000000 0.527863 99.994699 0.000000 5.201887 -0.002600 
706 6.836801 0.000000 0.733986 100.196011 0.000000 3.304575 -0.005016 
707 6.618852 0.000000 0.940108 101.013120 0.000000 -4.157577 -0.022094 
708 -19.317104 0.000000 -19.672147 99.442776 0.000000 10.455503 0.000182 
709 -26.291479 0.000000 -19.672147 99.446652 0.000000 10.455902 0.000104 
710 -19.317104 0.000000 -26.268069 99.444245 0.000000 10.453316 0.000157 
711 22.529144 0.000000 -19.672147 99.446146 0.000000 10.400817 0.000229 
712 22.529144 0.000000 -26.268069 99.445969 0.000000 10.422931 0.000186 
713 29.503519 0.000000 -19.672147 99.450332 0.000000 10.403097 0.000141 
714 -5.368355 0.000000 19.903383 99.481186 0.000000 10.439650 -0.000549 
715 -12.342730 0.000000 19.903383 99.471115 0.000000 10.450932 -0.000372 
716 -5.368355 0.000000 26.499305 99.469978 0.000000 10.442784 -0.000333 
717 -19.317104 0.000000 19.903383 99.463512 0.000000 10.454730 -0.000229 
718 -26.291479 0.000000 19.903383 99.459008 0.000000 10.455488 -0.000141 
719 -19.317104 0.000000 26.499305 99.461610 0.000000 10.452592 -0.000187 
720 -8.855542 0.000000 -9.778264 99.415236 0.000000 10.463278 0.000713 
721 -12.342730 0.000000 -9.778264 99.430246 0.000000 10.465016 0.000411 
722 -8.855542 0.000000 -13.076225 99.420992 0.000000 10.454753 0.000616 
723 22.529144 0.000000 19.903383 99.469953 0.000000 10.372430 -0.000186 
724 29.503519 0.000000 19.903383 99.466696 0.000000 10.365423 -0.000107 
725 22.529144 0.000000 26.499305 99.464652 0.000000 10.410210 -0.000159 
726 12.067582 0.000000 -9.778264 99.424626 0.000000 10.264361 0.000939 
727 12.067582 0.000000 -13.076225 99.426631 0.000000 10.341588 0.000740 
728 15.554770 0.000000 -9.778264 99.441882 0.000000 10.271418 0.000581 
729 -1.881167 0.000000 10.009501 99.567586 0.000000 10.403970 -0.002195 
730 -5.368355 0.000000 10.009501 99.529599 0.000000 10.447013 -0.001528 
731 -1.881167 0.000000 13.307462 99.520717 0.000000 10.413887 -0.001282 
732 -8.855542 0.000000 10.009501 99.497035 0.000000 10.460218 -0.000908 
733 -12.342730 0.000000 10.009501 99.479383 0.000000 10.463296 -0.000563 
734 -8.855542 0.000000 13.307462 99.489377 0.000000 10.451754 -0.000738 
735 -3.624761 0.000000 -4.831323 99.308809 0.000000 10.500578 0.002750 
736 -5.368355 0.000000 -4.831323 99.366926 0.000000 10.500268 0.001596 
737 -3.624761 0.000000 -6.480304 99.328345 0.000000 10.464897 0.002437 
738 12.067582 0.000000 10.009501 99.514704 0.000000 10.175688 -0.000672 
739 15.554770 0.000000 10.009501 99.506747 0.000000 10.153536 -0.000469 
740 12.067582 0.000000 13.307462 99.500751 0.000000 10.296689 -0.000642 
741 6.836801 0.000000 -4.831323 99.348919 0.000000 9.866179 0.003245 
742 6.836801 0.000000 -6.480304 99.358054 0.000000 10.079833 0.002637 
743 8.580395 0.000000 -4.831323 99.407488 0.000000 9.877418 0.002059 
744 -1.009371 0.000000 -2.357852 98.995342 0.000000 10.635855 0.008680 
745 -1.881167 0.000000 -2.357852 99.157519 0.000000 10.644286 0.005449 
746 -1.009371 0.000000 -3.182343 99.052112 0.000000 10.506517 0.007829 
747 3.349614 0.000000 5.062560 99.809997 0.000000 9.917983 -0.006040 
748 1.606020 0.000000 5.062560 99.856034 0.000000 10.104829 -0.007334 
749 3.349614 0.000000 6.711540 99.693390 0.000000 10.110197 -0.004099 
750 4.221411 0.000000 -2.357852 98.956891 0.000000 9.060533 0.012544 
751 4.221411 0.000000 -3.182343 99.079225 0.000000 9.502594 0.009301 
752 5.093207 0.000000 -2.357852 99.157561 0.000000 8.972864 0.008727 
753 -0.573472 0.000000 -1.121117 98.941387 0.000000 11.229950 0.008449 
754 -1.009371 0.000000 -1.121117 99.088268 0.000000 11.046169 0.005950 
755 -0.573472 0.000000 -1.533362 98.821008 0.000000 10.959890 0.011429 
756 4.221411 0.000000 2.589089 100.014240 0.000000 9.156025 -0.008668 
757 3.349614 0.000000 2.589089 100.163220 0.000000 9.296624 -0.011910 
758 4.221411 0.000000 3.413579 99.920404 0.000000 9.449808 -0.007339 
759 2.477817 0.000000 2.589089 100.302138 0.000000 9.520337 -0.015116 
760 1.606020 0.000000 2.589089 100.407874 0.000000 9.812839 -0.017803 
761 2.477817 0.000000 3.413579 100.094771 0.000000 9.729572 -0.011363 
762 0.080376 0.000000 -0.502749 85.893542 0.000000 -1.794445 0.261908 
763 -0.137574 0.000000 -0.502749 99.812410 0.000000 12.852656 -0.012771 
764 0.080376 0.000000 -0.708872 98.287364 0.000000 12.647488 0.017964 
765 -0.573472 0.000000 0.527863 99.312688 0.000000 11.688985 0.000036 
766 -1.009371 0.000000 0.527863 99.538202 0.000000 11.241654 -0.003423 
767 -0.573472 0.000000 0.940108 99.912677 0.000000 11.528952 -0.011546 
768 0.080376 0.000000 0.321741 86.428439 0.000000 -1.639797 0.252744 
769 -0.137574 0.000000 0.321741 87.883330 0.000000 -1.934105 0.227278 
770 0.080376 0.000000 0.527863 85.535257 0.000000 -1.740767 0.268069 
771 0.407299 0.000000 -0.193566 91.592424 0.000000 -1.157464 0.160949 
772 0.298325 0.000000 -0.193566 89.903085 0.000000 -1.332073 0.191566 
773 0.407299 0.000000 -0.296627 91.675458 0.000000 -1.148299 0.159429 
774 0.407299 0.000000 0.218679 91.573466 0.000000 -1.159560 0.161296 
775 0.298325 0.000000 0.218679 90.385214 0.000000 -1.292094 0.182884 
776 0.407299 0.000000 0.321741 91.651727 0.000000 -1.150893 0.159864 
777 0.843198 0.000000 0.218679 92.261932 0.000000 -1.080250 0.148657 
778 0.843198 0.000000 0.321741 92.301635 0.000000 -1.076920 0.147925 
779 0.788710 0.000000 0.064088 85.235965 0.000000 -0.574683 0.273450 
780 0.843198 0.000000 0.064088 88.954912 0.000000 -0.629740 0.208663 
781 0.788710 0.000000 0.115618 88.227382 0.000000 -0.682450 0.221546 
782 0.706980 0.000000 0.038322 82.903426 0.000000 -0.562469 0.312671 
783 0.734223 0.000000 0.038322 87.512042 0.000000 -0.579228 0.234131 
784 0.706980 0.000000 0.064088 83.360294 0.000000 -0.580808 0.305072 
785 0.666114 0.000000 0.025440 85.816240 0.000000 -0.444050 0.263538 
786 0.679736 0.000000 0.025440 82.620577 0.000000 -0.553644 0.317353 
787 0.666114 0.000000 0.038322 85.791597 0.000000 -0.454874 0.263960 
788 1.823969 0.000000 -0.502749 98.959913 0.000000 -0.392039 0.020678 
789 1.823969 0.000000 -0.708872 98.116524 0.000000 9.765499 0.027778 
790 1.497045 0.000000 -0.193566 93.606522 0.000000 -0.946022 0.123692 
791 1.497045 0.000000 -0.296627 93.522159 0.000000 -0.954592 0.125269 
792 1.606020 0.000000 -0.193566 94.937105 0.000000 -0.721699 0.098643 
793 1.006660 0.000000 0.064088 94.959649 0.000000 -0.546030 0.098237 
794 0.952172 0.000000 0.064088 94.257360 0.000000 -0.598952 0.111519 
795 1.006660 0.000000 0.115618 93.847490 0.000000 -0.833685 0.119195 
796 1.497045 0.000000 0.218679 93.629450 0.000000 -0.943696 0.123264 
797 1.606020 0.000000 0.218679 94.953569 0.000000 -0.720538 0.098330 
798 1.497045 0.000000 0.321741 93.551248 0.000000 -0.951637 0.124726 
799 1.142878 0.000000 0.038322 97.187248 0.000000 -0.298881 0.055455 
800 1.115634 0.000000 0.038322 96.448136 0.000000 -0.414849 0.069758 
801 1.142878 0.000000 0.064088 94.790424 0.000000 -0.690562 0.101430 
802 1.932944 0.000000 -0.193566 98.840681 0.000000 -0.457494 0.023031 
803 1.823969 0.000000 -0.193566 98.187338 0.000000 -0.531457 0.035896 
804 1.932944 0.000000 -0.296627 98.960541 0.000000 -0.391627 0.020666 
805 1.714995 0.000000 0.012557 99.148094 0.000000 -0.041654 0.016965 
806 1.714995 0.000000 -0.090504 98.556096 0.000000 -0.182168 0.028666 
807 1.714995 0.000000 0.115618 96.754306 0.000000 -0.613538 0.063823 
808 1.306340 0.000000 0.038322 98.394886 0.000000 -0.129587 0.031843 
809 1.333583 0.000000 0.038322 98.580488 0.000000 -0.102875 0.028188 
810 1.306340 0.000000 0.064088 96.456854 0.000000 -0.460983 0.069586 
811 1.265474 0.000000 0.025440 97.566841 0.000000 -0.231649 0.048066 
812 1.279096 0.000000 0.025440 98.450527 0.000000 -0.102662 0.030748 
813 1.265474 0.000000 0.038322 96.266181 0.000000 -0.460142 0.073261 
814 10.323988 0.000000 -4.831323 99.440178 0.000000 9.898536 0.001367 
815 10.323988 0.000000 -6.480304 99.422020 0.000000 10.079900 0.001366 
816 12.067582 0.000000 -4.831323 99.460056 0.000000 9.927989 0.000913 
817 5.965004 0.000000 -2.357852 99.300960 0.000000 8.968485 0.005889 
818 5.965004 0.000000 -3.182343 99.291832 0.000000 9.424030 0.005232 
819 6.836801 0.000000 -2.357852 99.391658 0.000000 9.006303 0.004018 
820 7.708598 0.000000 -2.357852 99.447845 0.000000 9.055890 0.002812 
821 7.708598 0.000000 -3.182343 99.410866 0.000000 9.460096 0.002799 
822 8.580395 0.000000 -2.357852 99.485342 0.000000 9.110152 0.001967 
823 3.785512 0.000000 -1.121117 98.156772 0.000000 7.536033 0.030846 
824 3.785512 0.000000 -1.533362 98.533857 0.000000 8.363164 0.022114 
825 4.221411 0.000000 -1.121117 98.518436 0.000000 7.145110 0.024307 
826 4.657309 0.000000 -1.121117 98.860568 0.000000 6.981276 0.017785 
827 4.657309 0.000000 -1.533362 98.943854 0.000000 8.010882 0.014594 
828 5.093207 0.000000 -1.121117 99.118533 0.000000 6.958376 0.012710 
829 2.368842 0.000000 -0.193566 98.362402 0.000000 11.299511 0.019716 
830 2.368842 0.000000 -0.296627 98.103025 0.000000 11.503480 0.024347 
831 2.477817 0.000000 -0.193566 97.931716 0.000000 11.661636 0.027339 
832 1.714995 0.000000 0.218679 97.798278 0.000000 -0.554285 0.043519 
833 1.823969 0.000000 0.218679 98.188998 0.000000 -0.531179 0.035864 
834 1.714995 0.000000 0.321741 97.787025 0.000000 -0.555636 0.043739 
835 1.932944 0.000000 0.218679 98.840895 0.000000 -0.457370 0.023027 
836 2.041918 0.000000 0.218679 99.011666 0.000000 -0.359736 0.019656 
837 1.932944 0.000000 0.321741 98.960627 0.000000 -0.391571 0.020664 
838 10.323988 0.000000 5.062560 99.586392 0.000000 9.646795 -0.001051 
839 12.067582 0.000000 5.062560 99.571575 0.000000 9.615717 -0.000696 
840 10.323988 0.000000 6.711540 99.562772 0.000000 9.912017 -0.001099 
841 7.708598 0.000000 2.589089 99.677256 0.000000 9.127811 -0.001887 
842 8.580395 0.000000 2.589089 99.648027 0.000000 9.146640 -0.001339 
843 7.708598 0.000000 3.413579 99.672141 0.000000 9.300156 -0.002103 
844 2.150893 0.000000 0.218679 99.947652 0.000000 3.433589 -0.000132 
845 2.259868 0.000000 0.218679 100.103271 0.000000 4.449088 -0.004046 
846 2.150893 0.000000 0.321741 100.612781 0.000000 8.578603 -0.019652 
847 2.368842 0.000000 0.218679 100.358563 0.000000 5.449658 -0.010154 
848 2.477817 0.000000 0.218679 100.813714 0.000000 6.462234 -0.020517 
849 2.368842 0.000000 0.321741 101.009172 0.000000 9.598021 -0.029497 
850 2.586791 0.000000 -0.193566 97.074430 0.000000 12.038834 0.043162 
851 2.586791 0.000000 -0.296627 96.932852 0.000000 11.745337 0.046607 
852 2.586791 0.000000 0.218679 101.662989 0.000000 7.410407 -0.039028 
853 2.586791 0.000000 0.321741 102.102972 0.000000 10.346646 -0.053207 
854 3.567563 0.000000 -0.502749 96.471188 0.000000 5.320490 0.066500 
855 3.567563 0.000000 -0.708872 97.152179 0.000000 6.577133 0.051820 
856 3.785512 0.000000 -0.502749 97.000490 0.000000 4.736982 0.056847 
857 4.003461 0.000000 -0.090504 97.890941 0.000000 -3.811959 0.040283 
858 4.003461 0.000000 -0.296627 97.751702 0.000000 3.682117 0.043105 
859 4.221411 0.000000 -0.090504 98.105046 0.000000 -5.163351 0.034874 
860 2.750253 0.000000 0.064088 99.264375 0.000000 -0.000000 0.014658 
861 2.695766 0.000000 0.064088 99.246765 0.000000 -0.000000 0.015008 
862 2.750253 0.000000 0.115618 99.586199 0.000000 -0.000000 0.008259 
863 3.458588 0.000000 -0.193566 95.487942 0.000000 0.939720 0.088117 
864 3.458588 0.000000 -0.296627 95.505103 0.000000 3.307668 0.086783 
865 3.567563 0.000000 -0.193566 96.090645 0.000000 1.292343 0.076492 
866 3.458588 0.000000 0.218679 101.432443 0.000000 2.620499 -0.029541 
867 3.567563 0.000000 0.218679 101.032709 0.000000 3.566069 -0.022033 
868 3.458588 0.000000 0.321741 101.942916 0.000000 5.105697 -0.041843 
869 3.077177 0.000000 0.064088 97.180879 0.000000 -0.000000 0.055588 
870 3.077177 0.000000 0.115618 96.925855 0.000000 0.000000 0.060538 
871 2.940959 0.000000 -0.013208 99.312692 0.000000 -0.000000 0.013699 
872 2.940959 0.000000 -0.038974 98.933348 0.000000 -0.000000 0.021219 
873 2.940959 0.000000 0.012557 99.316388 0.000000 -0.000000 0.013626 
874 2.940959 0.000000 0.038322 98.933719 0.000000 -0.000000 0.021212 
875 2.968203 0.000000 0.038322 98.488628 0.000000 -0.000000 0.029999 
876 2.940959 0.000000 0.064088 98.915885 0.000000 -0.000000 0.021565 
877 2.995446 0.000000 0.038322 98.517439 0.000000 -0.000000 0.029431 
878 3.022690 0.000000 0.038322 98.249862 0.000000 0.000000 0.034696 
879 2.995446 0.000000 0.064088 98.118542 0.000000 -0.000000 0.037275 
880 2.831984 0.000000 0.038322 99.323103 0.000000 -0.000000 0.013492 
881 2.804741 0.000000 0.038322 99.275830 0.000000 -0.000000 0.014431 
882 2.831984 0.000000 0.064088 99.341956 0.000000 -0.000000 0.013118 
883 5.529106 0.000000 1.352354 99.482954 0.000000 9.798760 0.000713 
884 5.093207 0.000000 1.352354 99.582030 0.000000 9.466163 -0.000619 
885 5.529106 0.000000 1.764599 99.716946 0.000000 9.155605 -0.002729 
886 7.272699 0.000000 1.352354 99.601060 0.000000 9.456535 -0.000980 
887 7.708598 0.000000 1.352354 99.672829 0.000000 8.648355 -0.000947 
888 7.272699 0.000000 1.764599 99.610953 0.000000 9.626470 -0.001501 
889 4.439360 0.000000 0.321741 100.529333 0.000000 6.846481 -0.015302 
890 4.439360 0.000000 0.115618 99.835164 0.000000 4.289941 0.001454 
891 4.439360 0.000000 0.527863 100.625589 0.000000 4.288866 -0.014390 
892 5.529106 0.000000 -1.121117 99.292812 0.000000 6.999131 0.009195 
893 5.529106 0.000000 -1.533362 99.254641 0.000000 7.987099 0.008472 
894 5.965004 0.000000 -1.121117 99.411005 0.000000 7.087601 0.006722 
895 6.400903 0.000000 -0.296627 99.842162 0.000000 3.877577 0.001651 
896 6.400903 0.000000 -0.708872 99.582978 0.000000 5.776983 0.004986 
897 6.836801 0.000000 -0.296627 99.750754 0.000000 4.434365 0.003012 
898 4.439360 0.000000 -0.090504 98.181713 0.000000 -6.961419 0.031189 
899 4.439360 0.000000 -0.296627 98.695276 0.000000 4.092472 0.024249 
900 4.657309 0.000000 -0.090504 98.189480 0.000000 -8.909151 0.027945 
901 5.311157 0.000000 0.321741 100.379087 0.000000 7.696753 -0.013520 
902 5.311157 0.000000 0.115618 99.870048 0.000000 9.012163 -0.005525 
903 5.311157 0.000000 0.527863 100.400063 0.000000 4.525913 -0.010066 
904 7.272699 0.000000 -0.296627 99.695334 0.000000 4.756237 0.003822 
905 7.272699 0.000000 -0.708872 99.596538 0.000000 5.982456 0.004474 
906 7.708598 0.000000 -0.296627 99.682702 0.000000 4.947717 0.003888 
907 -0.137574 0.000000 5.062560 99.816801 0.000000 10.301978 -0.006952 
908 -1.881167 0.000000 5.062560 99.715821 0.000000 10.430071 -0.005203 
909 -0.137574 0.000000 6.711540 99.693541 0.000000 10.320248 -0.004531 
910 -3.624761 0.000000 5.062560 99.622355 0.000000 10.487336 -0.003460 
911 -5.368355 0.000000 5.062560 99.558415 0.000000 10.494548 -0.002201 
912 -3.624761 0.000000 6.711540 99.596849 0.000000 10.453335 -0.002880 
913 0.734223 0.000000 2.589089 100.399700 0.000000 10.166612 -0.018346 
914 -0.137574 0.000000 2.589089 100.224546 0.000000 10.465102 -0.015448 
915 0.734223 0.000000 3.413579 100.134431 0.000000 10.154466 -0.013002 
916 -1.009371 0.000000 2.589089 99.991309 0.000000 10.596401 -0.011055 
917 -1.881167 0.000000 2.589089 99.811252 0.000000 10.621071 -0.007509 
918 -1.009371 0.000000 3.413579 99.914779 0.000000 10.469632 -0.009258 
919 0.897685 0.000000 0.064088 94.049314 0.000000 -0.598789 0.115437 
920 0.897685 0.000000 0.115618 93.817527 0.000000 -0.654828 0.119784 
921 1.714995 0.000000 -0.193566 97.794986 0.000000 -0.554683 0.043583 
922 1.714995 0.000000 -0.296627 97.782694 0.000000 -0.556154 0.043824 
923 4.657309 0.000000 1.352354 99.777248 0.000000 9.160796 -0.003942 
924 4.221411 0.000000 1.352354 100.018932 0.000000 8.946264 -0.008382 
925 4.657309 0.000000 1.764599 99.924313 0.000000 8.902399 -0.006412 
926 3.785512 0.000000 1.352354 100.290202 0.000000 8.863950 -0.013669 
927 3.349614 0.000000 1.352354 100.537586 0.000000 8.957306 -0.018804 
928 3.785512 0.000000 1.764599 100.239003 0.000000 8.891205 -0.012691 
929 4.003461 0.000000 -0.502749 97.632070 0.000000 4.482035 0.044789 
930 4.003461 0.000000 -0.708872 97.840579 0.000000 5.599393 0.039587 
931 4.221411 0.000000 -0.502749 98.190130 0.000000 4.423585 0.033913 
932 6.400903 0.000000 -1.121117 99.477602 0.000000 7.175301 0.005272 
933 6.400903 0.000000 -1.533362 99.414342 0.000000 8.076157 0.005156 
934 6.836801 0.000000 -1.121117 99.512701 0.000000 7.253837 0.004460 
935 4.439360 0.000000 -0.502749 98.587109 0.000000 4.516671 0.026018 
936 4.439360 0.000000 -0.708872 98.563105 0.000000 5.334091 0.025686 
937 4.657309 0.000000 -0.502749 98.856343 0.000000 4.609958 0.020617 
938 4.875258 0.000000 -0.090504 98.235766 0.000000 -10.716390 0.023489 
939 4.875258 0.000000 -0.296627 99.036877 0.000000 4.020111 0.017554 
940 5.093207 0.000000 -0.090504 98.328019 0.000000 -11.845151 0.019129 
941 5.311157 0.000000 -0.090504 98.397081 0.000000 -12.450399 0.016300 
942 5.311157 0.000000 -0.296627 99.201707 0.000000 3.526376 0.014659 
943 5.529106 0.000000 -0.090504 98.500394 0.000000 -12.548291 0.014021 
944 7.272699 0.000000 -1.121117 99.536163 0.000000 7.317653 0.003900 
945 7.272699 0.000000 -1.533362 99.487481 0.000000 8.174056 0.003543 
946 7.708598 0.000000 -1.121117 99.561129 0.000000 7.373430 0.003321 
947 2.913715 0.000000 1.352354 100.686800 0.000000 9.172371 -0.022196 
948 2.477817 0.000000 1.352354 100.724695 0.000000 9.378198 -0.023341 
949 2.913715 0.000000 1.764599 100.493609 0.000000 9.162079 -0.018291 
950 2.041918 0.000000 1.352354 100.785743 0.000000 9.515466 -0.024831 
951 1.606020 0.000000 1.352354 100.949978 0.000000 9.682920 -0.028466 
952 2.041918 0.000000 1.764599 100.669302 0.000000 9.482794 -0.022423 
953 4.875258 0.000000 -0.502749 99.050770 0.000000 4.678083 0.016706 
954 4.875258 0.000000 -0.708872 99.009071 0.000000 5.368871 0.016838 
955 5.093207 0.000000 -0.502749 99.197406 0.000000 4.717201 0.013762 
956 5.311157 0.000000 -0.502749 99.308644 0.000000 4.723589 0.011548 
957 5.311157 0.000000 -0.708872 99.280240 0.000000 5.447578 0.011376 
958 5.529106 0.000000 -0.502749 99.402162 0.000000 4.718487 0.009695 
959 5.747055 0.000000 -0.090504 98.932125 0.000000 -12.258256 0.006217 
960 5.747055 0.000000 -0.296627 99.442561 0.000000 2.838494 0.010312 
961 5.965004 0.000000 -0.090504 101.295089 0.000000 -11.471690 -0.039229 
1 11 78 76 77 
2 78 10 24 76 
3 76 24 14 79 
4 77 76 79 6 
5 24 82 80 81 
6 82 23 40 80 
7 80 40 27 83 
8 81 80 83 14 
9 40 86 84 85 
10 86 39 56 84 
11 84 56 43 87 
12 85 84 87 27 
13 56 90 88 89 
14 89 88 91 43 
15 95 97 69 98 
16 96 95 98 67 
17 6 79 112 113 
18 79 14 36 112 
19 112 36 19 114 
20 113 112 114 20 
21 14 83 115 116 
22 83 27 52 115 
23 115 52 35 117 
24 116 115 117 36 
25 27 87 118 119 
26 87 43 68 118 
27 118 68 51 120 
28 119 118 120 52 
29 43 91 121 122 
30 121 96 67 123 
31 122 121 123 68 
32 124 126 95 127 
33 125 124 127 96 
34 88 135 133 134 
35 135 72 100 133 
36 133 100 59 136 
37 134 133 136 91 
38 100 139 137 138 
39 139 99 129 137 
40 137 129 103 140 
41 138 137 140 59 
42 144 145 97 146 
43 126 144 146 95 
44 147 149 126 150 
45 148 147 150 124 
46 129 153 151 152 
47 153 128 154 151 
48 151 154 132 155 
49 152 151 155 103 
50 12 166 164 165 
51 166 7 167 164 
52 164 167 13 25 
53 165 164 25 10 
54 25 170 168 169 
55 170 13 171 168 
56 168 171 26 41 
57 169 168 41 23 
58 41 174 172 173 
59 174 26 175 172 
60 172 175 42 57 
61 173 172 57 39 
62 57 178 176 177 
63 178 42 179 176 
64 176 179 58 73 
65 177 176 73 55 
66 55 182 180 181 
67 182 73 183 180 
68 180 183 71 101 
69 181 180 101 72 
70 101 186 184 185 
71 186 71 187 184 
72 184 187 102 130 
73 185 184 130 99 
74 130 190 188 189 
75 190 102 191 188 
76 188 191 131 161 
77 189 188 161 128 
78 192 193 144 194 
79 149 192 194 126 
80 161 201 199 200 
81 201 131 202 199 
82 128 206 204 205 
83 206 161 200 204 
84 205 204 207 154 
85 132 163 208 209 
86 163 75 210 208 
87 208 210 149 211 
88 209 208 211 147 
89 212 214 75 215 
90 213 212 215 163 
91 200 218 216 217 
92 218 199 219 216 
93 154 207 221 222 
94 221 213 163 223 
95 222 221 223 132 
96 204 226 224 225 
97 226 200 217 224 
98 224 217 160 227 
99 225 224 227 207 
100 228 230 212 231 
101 229 228 231 213 
102 217 234 232 233 
103 234 216 235 232 
104 233 232 236 160 
105 73 238 237 183 
106 238 58 239 237 
107 237 239 74 109 
108 183 237 109 71 
109 71 241 240 187 
110 241 109 242 240 
111 240 242 108 157 
112 187 240 157 102 
113 102 244 243 191 
114 244 157 245 243 
115 243 245 156 196 
116 191 243 196 131 
117 131 247 246 202 
118 247 196 248 246 
119 246 248 195 249 
120 202 246 249 162 
121 199 251 250 219 
122 251 202 252 250 
123 250 252 162 253 
124 219 250 253 203 
125 216 255 254 235 
126 255 219 256 254 
127 254 256 203 257 
128 235 254 257 220 
129 207 227 258 259 
130 227 160 229 258 
131 258 229 213 260 
132 259 258 260 221 
133 160 236 261 262 
134 236 220 263 261 
135 261 263 228 264 
136 262 261 264 229 
137 232 267 265 266 
138 267 235 268 265 
139 265 268 220 269 
140 266 265 269 236 
141 196 283 282 248 
142 283 156 284 282 
143 282 284 197 285 
144 248 282 285 195 
145 157 287 286 245 
146 287 108 288 286 
147 286 288 158 279 
148 245 286 279 156 
149 156 290 289 284 
150 290 279 291 289 
151 289 291 278 292 
152 284 289 292 197 
153 293 294 141 295 
154 145 293 295 97 
155 296 297 145 298 
156 193 296 298 144 
157 279 304 303 291 
158 304 158 305 303 
159 291 303 306 278 
160 109 308 307 242 
161 308 74 309 307 
162 307 309 110 275 
163 242 307 275 108 
164 108 311 310 288 
165 311 275 312 310 
166 310 312 274 300 
167 288 310 300 158 
168 158 314 313 305 
169 314 300 315 313 
170 159 281 317 318 
171 281 111 319 317 
172 317 319 193 320 
173 318 317 320 192 
174 278 306 321 322 
175 321 323 111 324 
176 322 321 324 281 
177 303 327 325 326 
178 327 305 328 325 
179 325 328 280 329 
180 326 325 329 306 
181 274 335 334 301 
182 335 276 336 334 
183 334 336 5 337 
184 301 334 337 277 
185 300 339 338 315 
186 339 274 340 338 
187 338 340 301 341 
188 111 302 342 319 
189 302 277 343 342 
190 342 343 296 344 
191 319 342 344 193 
192 345 346 302 347 
193 323 345 347 111 
194 313 350 348 349 
195 350 315 351 348 
196 305 354 353 328 
197 354 313 349 353 
198 353 349 316 355 
199 328 353 355 280 
200 341 301 357 356 
201 356 357 277 358 
202 346 356 358 302 
203 359 361 346 362 
204 360 359 362 345 
205 349 365 363 364 
206 365 348 366 363 
207 364 363 367 316 
208 315 369 368 351 
209 369 338 370 368 
210 368 370 341 371 
211 351 368 371 299 
212 348 373 372 366 
213 373 351 374 372 
214 372 374 299 375 
215 366 372 375 352 
216 280 355 376 377 
217 355 316 360 376 
218 376 360 345 378 
219 377 376 378 323 
220 316 367 379 380 
221 367 352 381 379 
222 379 381 359 382 
223 380 379 382 360 
224 363 385 383 384 
225 385 366 386 383 
226 383 386 352 387 
227 384 383 387 367 
228 15 389 388 33 
229 389 17 390 388 
230 388 390 8 391 
231 33 388 391 18 
232 393 33 394 392 
233 392 394 18 395 
234 412 413 293 414 
235 297 412 414 145 
236 330 417 415 416 
237 417 332 418 415 
238 415 418 273 419 
239 416 415 419 333 
240 18 391 420 45 
241 391 8 421 420 
242 420 421 29 422 
243 45 420 422 28 
244 395 18 424 423 
245 423 424 45 425 
246 432 433 142 434 
247 294 432 434 141 
248 435 436 294 437 
249 413 435 437 293 
250 332 439 438 418 
251 438 440 411 441 
252 418 438 441 273 
253 7 443 442 167 
254 443 16 444 442 
255 442 444 15 32 
256 167 442 32 13 
257 13 446 445 171 
258 446 32 447 445 
259 445 447 31 48 
260 171 445 48 26 
261 26 449 448 175 
262 449 48 450 448 
263 448 450 47 64 
264 175 448 64 42 
265 42 452 451 179 
266 452 64 453 451 
267 451 453 63 105 
268 179 451 105 58 
269 58 455 454 239 
270 455 105 456 454 
271 454 456 104 271 
272 239 454 271 74 
273 271 459 457 458 
274 459 104 460 457 
275 457 460 272 409 
276 458 457 409 270 
277 270 463 461 462 
278 463 409 464 461 
279 461 464 408 439 
280 462 461 439 332 
281 408 470 469 440 
282 470 410 471 469 
283 469 471 107 472 
284 440 469 472 411 
285 439 475 473 474 
286 475 408 476 473 
287 473 476 440 477 
288 474 473 477 438 
289 478 479 432 480 
290 436 478 480 294 
291 410 482 481 471 
292 482 465 483 481 
293 481 483 468 484 
294 471 481 484 107 
295 497 498 429 499 
296 433 497 499 142 
297 501 485 502 500 
298 500 502 488 503 
299 504 505 433 506 
300 479 504 506 432 
301 105 513 512 456 
302 513 63 514 512 
303 512 514 106 405 
304 456 512 405 104 
305 405 517 515 516 
306 517 106 518 515 
307 515 518 406 490 
308 516 515 490 404 
309 490 521 519 520 
310 521 406 522 519 
311 519 522 491 509 
312 520 519 509 489 
313 503 488 524 523 
314 523 524 497 525 
315 505 523 525 433 
316 491 527 526 510 
317 527 500 528 526 
318 526 528 503 529 
319 510 526 529 66 
320 509 532 530 531 
321 532 491 533 530 
322 530 533 510 534 
323 489 540 538 539 
324 540 509 531 538 
325 492 511 542 543 
326 511 66 544 542 
327 542 544 505 545 
328 543 542 545 504 
329 507 534 546 547 
330 534 510 548 546 
331 546 548 66 549 
332 547 546 549 511 
333 531 552 550 551 
334 552 530 553 550 
335 550 553 534 554 
336 551 550 554 507 
337 508 541 555 556 
338 541 507 547 555 
339 555 547 511 557 
340 556 555 557 492 
341 538 560 558 559 
342 560 531 551 558 
343 558 551 507 561 
344 559 558 561 541 
345 404 564 562 563 
346 564 490 520 562 
347 562 520 489 536 
348 563 562 536 467 
349 536 567 565 566 
350 567 489 539 565 
351 565 539 508 568 
352 566 565 568 535 
353 539 571 569 570 
354 571 538 559 569 
355 569 559 541 572 
356 570 569 572 508 
357 467 575 573 574 
358 575 536 566 573 
359 407 537 577 578 
360 537 492 543 577 
361 577 543 504 579 
362 578 577 579 479 
363 580 582 537 583 
364 581 580 583 407 
365 573 586 584 585 
366 586 566 587 584 
367 584 587 535 588 
368 585 584 588 576 
369 104 590 589 460 
370 590 405 516 589 
371 589 516 404 466 
372 460 589 466 272 
373 466 593 591 592 
374 593 404 563 591 
375 591 563 467 494 
376 592 591 494 465 
377 494 596 594 595 
378 596 467 574 594 
379 468 496 598 599 
380 496 407 578 598 
381 598 578 479 600 
382 599 598 600 478 
383 601 581 407 603 
384 602 601 603 496 
385 594 606 604 605 
386 606 574 607 604 
387 604 607 495 608 
388 465 611 609 610 
389 611 494 595 609 
390 609 595 493 612 
391 610 609 612 483 
392 595 615 613 614 
393 615 594 605 613 
394 613 605 597 616 
395 614 613 616 493 
396 597 608 617 618 
397 608 495 619 617 
398 617 619 581 620 
399 618 617 620 601 
400 605 623 621 622 
401 623 604 624 621 
402 621 624 608 625 
403 622 621 625 597 
404 34 631 630 427 
405 631 395 632 630 
406 630 632 423 633 
407 427 630 633 61 
408 635 34 636 634 
409 634 636 427 637 
410 638 640 430 641 
411 498 638 641 429 
412 488 643 642 524 
413 643 403 644 642 
414 642 644 498 645 
415 524 642 645 497 
416 652 654 626 655 
417 640 652 655 430 
418 639 658 656 657 
419 658 50 659 656 
420 656 659 640 660 
421 657 656 660 638 
422 662 646 663 661 
423 627 665 664 654 
424 665 399 666 664 
425 654 664 667 626 
426 653 670 668 669 
427 670 627 671 668 
428 668 671 654 672 
429 669 668 672 652 
430 49 674 673 398 
431 674 392 675 673 
432 673 675 395 631 
433 398 673 631 34 
434 677 398 678 676 
435 676 678 34 635 
436 399 680 679 666 
437 680 635 681 679 
438 679 681 634 682 
439 666 679 682 628 
440 21 46 683 684 
441 46 28 685 683 
442 683 685 30 686 
443 684 683 686 9 
444 37 62 687 688 
445 62 44 689 687 
446 687 689 46 690 
447 688 687 690 21 
448 60 428 691 692 
449 428 61 693 691 
450 691 693 44 694 
451 692 691 694 62 
452 93 629 695 696 
453 629 426 697 695 
454 695 697 428 698 
455 696 695 698 60 
456 626 667 699 700 
457 667 628 701 699 
458 699 701 426 702 
459 700 699 702 629 
460 664 705 703 704 
461 705 666 706 703 
462 703 706 628 707 
463 704 703 707 667 
464 1 710 708 709 
465 710 12 165 708 
466 708 165 10 78 
467 709 708 78 11 
468 16 712 711 444 
469 712 2 713 711 
470 711 713 17 389 
471 444 711 389 15 
472 19 38 714 715 
473 38 21 684 714 
474 714 684 9 716 
475 715 714 716 22 
476 20 114 717 718 
477 114 19 715 717 
478 717 715 22 719 
479 718 717 719 4 
480 10 722 720 721 
481 722 25 169 720 
482 720 169 23 82 
483 721 720 82 24 
484 28 422 723 685 
485 422 29 724 723 
486 723 724 3 725 
487 685 723 725 30 
488 32 727 726 447 
489 727 15 728 726 
490 726 728 33 393 
491 447 726 393 31 
492 35 54 729 730 
493 54 37 688 729 
494 729 688 21 731 
495 730 729 731 38 
496 36 117 732 733 
497 117 35 730 732 
498 732 730 38 734 
499 733 732 734 19 
500 23 737 735 736 
501 737 41 173 735 
502 735 173 39 86 
503 736 735 86 40 
504 44 425 738 689 
505 425 45 739 738 
506 738 739 28 740 
507 689 738 740 46 
508 48 742 741 450 
509 742 31 743 741 
510 741 743 49 397 
511 450 741 397 47 
512 39 746 744 745 
513 746 57 177 744 
514 744 177 55 90 
515 745 744 90 56 
516 53 94 747 748 
517 94 60 692 747 
518 747 692 62 749 
519 748 747 749 37 
520 64 751 750 453 
521 751 47 752 750 
522 750 752 65 401 
523 453 750 401 63 
524 90 755 753 754 
525 755 55 181 753 
526 753 181 72 135 
527 754 753 135 88 
528 92 431 756 757 
529 431 93 696 756 
530 756 696 60 758 
531 757 756 758 94 
532 69 143 759 760 
533 143 92 757 759 
534 759 757 94 761 
535 760 759 761 53 
536 72 764 762 763 
537 764 101 185 762 
538 762 185 99 139 
539 763 762 139 100 
540 91 136 765 766 
541 136 59 125 765 
542 765 125 96 767 
543 766 765 767 121 
544 59 140 768 769 
545 140 103 148 768 
546 768 148 124 770 
547 769 768 770 125 
548 99 773 771 772 
549 773 130 189 771 
550 771 189 128 153 
551 772 771 153 129 
552 103 155 774 775 
553 155 132 209 774 
554 774 209 147 776 
555 775 774 776 148 
556 75 198 777 210 
557 198 159 318 777 
558 777 318 192 778 
559 210 777 778 149 
560 162 249 779 214 
561 249 195 780 779 
562 779 780 198 781 
563 214 779 781 75 
564 203 253 782 230 
565 253 162 783 782 
566 782 783 214 784 
567 230 782 784 212 
568 220 257 785 263 
569 257 203 786 785 
570 785 786 230 787 
571 263 785 787 228 
572 74 789 788 309 
573 789 271 458 788 
574 788 458 270 331 
575 309 788 331 110 
576 275 791 790 312 
577 791 110 792 790 
578 790 792 276 335 
579 312 790 335 274 
580 197 292 793 794 
581 292 278 322 793 
582 793 322 281 795 
583 794 793 795 159 
584 277 337 796 343 
585 337 5 797 796 
586 796 797 297 798 
587 343 796 798 296 
588 306 329 799 800 
589 329 280 377 799 
590 799 377 323 801 
591 800 799 801 321 
592 331 804 802 803 
593 804 270 462 802 
594 802 462 332 417 
595 803 802 417 330 
596 276 806 805 336 
597 806 330 416 805 
598 805 416 333 807 
599 336 805 807 5 
600 299 371 808 361 
601 371 341 809 808 
602 808 809 356 810 
603 361 808 810 346 
604 352 375 811 381 
605 375 299 812 811 
606 811 812 361 813 
607 381 811 813 359 
608 31 815 814 743 
609 815 393 816 814 
610 814 816 392 674 
611 743 814 674 49 
612 47 818 817 752 
613 818 397 819 817 
614 817 819 396 647 
615 752 817 647 65 
616 397 821 820 819 
617 821 49 822 820 
618 820 822 398 677 
619 819 820 677 396 
620 63 824 823 514 
621 824 401 825 823 
622 823 825 400 486 
623 514 823 486 106 
624 401 827 826 825 
625 827 65 828 826 
626 826 828 402 650 
627 825 826 650 400 
628 409 830 829 464 
629 830 272 831 829 
630 829 831 410 470 
631 464 829 470 408 
632 5 807 832 797 
633 807 333 833 832 
634 832 833 412 834 
635 797 832 834 297 
636 333 419 835 833 
637 419 273 836 835 
638 835 836 413 837 
639 833 835 837 412 
640 61 633 838 693 
641 633 423 839 838 
642 838 839 425 840 
643 693 838 840 44 
644 426 637 841 697 
645 637 427 842 841 
646 841 842 61 843 
647 697 841 843 428 
648 273 441 844 836 
649 441 411 845 844 
650 844 845 435 846 
651 836 844 846 413 
652 411 472 847 845 
653 472 107 848 847 
654 847 848 436 849 
655 845 847 849 435 
656 272 851 850 831 
657 851 466 592 850 
658 850 592 465 482 
659 831 850 482 410 
660 107 484 852 848 
661 484 468 599 852 
662 852 599 478 853 
663 848 852 853 436 
664 106 855 854 518 
665 855 486 856 854 
666 854 856 485 501 
667 518 854 501 406 
668 485 858 857 502 
669 858 487 859 857 
670 857 859 403 643 
671 502 857 643 488 
672 483 612 860 861 
673 612 493 602 860 
674 860 602 496 862 
675 861 860 862 468 
676 406 864 863 522 
677 864 501 865 863 
678 863 865 500 527 
679 522 863 527 491 
680 66 529 866 544 
681 529 503 867 866 
682 866 867 523 868 
683 544 866 868 505 
684 535 568 869 582 
685 568 508 556 869 
686 869 556 492 870 
687 582 869 870 537 
688 574 872 871 607 
689 872 573 585 871 
690 871 585 576 873 
691 607 871 873 495 
692 495 873 874 619 
693 873 576 875 874 
694 874 875 580 876 
695 619 874 876 581 
696 576 588 877 875 
697 588 535 878 877 
698 877 878 582 879 
699 875 877 879 580 
700 493 616 880 881 
701 616 597 618 880 
702 880 618 601 882 
703 881 880 882 602 
704 430 655 883 884 
705 655 626 700 883 
706 883 700 629 885 
707 884 883 885 93 
708 628 682 886 701 
709 682 634 887 886 
710 886 887 637 888 
711 701 886 888 426 
712 403 890 889 644 
713 890 639 657 889 
714 889 657 638 891 
715 644 889 891 498 
716 65 893 892 828 
717 893 647 894 892 
718 892 894 646 662 
719 828 892 662 402 
720 646 896 895 663 
721 896 648 897 895 
722 895 897 399 665 
723 663 895 665 627 
724 487 899 898 859 
725 899 649 900 898 
726 898 900 639 890 
727 859 898 890 403 
728 50 902 901 659 
729 902 653 669 901 
730 901 669 652 903 
731 659 901 903 640 
732 648 905 904 897 
733 905 676 906 904 
734 904 906 635 680 
735 897 904 680 399 
736 51 70 907 908 
737 70 53 748 907 
738 907 748 37 909 
739 908 907 909 54 
740 52 120 910 911 
741 120 51 908 910 
742 910 908 54 912 
743 911 910 912 35 
744 67 98 913 914 
745 98 69 760 913 
746 913 760 53 915 
747 914 913 915 70 
748 68 123 916 917 
749 123 67 914 916 
750 916 914 70 918 
751 917 916 918 51 
752 195 285 919 780 
753 285 197 794 919 
754 919 794 159 920 
755 780 919 920 198 
756 110 922 921 792 
757 922 331 803 921 
758 921 803 330 806 
759 792 921 806 276 
760 429 641 923 924 
761 641 430 884 923 
762 923 884 93 925 
763 924 923 925 431 
764 142 499 926 927 
765 499 429 924 926 
766 926 924 431 928 
767 927 926 928 92 
768 486 930 929 856 
769 930 400 931 929 
770 929 931 487 858 
771 856 929 858 485 
772 647 933 932 894 
773 933 396 934 932 
774 932 934 648 896 
775 894 932 896 646 
776 400 936 935 931 
777 936 650 937 935 
778 935 937 649 899 
779 931 935 899 487 
780 649 939 938 900 
781 939 651 940 938 
782 938 940 50 658 
783 900 938 658 639 
784 651 942 941 940 
785 942 661 943 941 
786 941 943 653 902 
787 940 941 902 50 
788 396 945 944 934 
789 945 677 946 944 
790 944 946 676 905 
791 934 944 905 648 
792 141 434 947 948 
793 434 142 927 947 
794 947 927 92 949 
795 948 947 949 143 
796 97 295 950 951 
797 295 141 948 950 
798 950 948 143 952 
799 951 950 952 69 
800 650 954 953 937 
801 954 402 955 953 
802 953 955 651 939 
803 937 953 939 649 
804 402 957 956 955 
805 957 662 958 956 
806 956 958 661 942 
807 955 956 942 651 
808 661 960 959 943 
809 960 663 961 959 
810 959 961 627 670 
811 943 959 670 653 
