2 0.000000 100.000000 473.401889
644 532 
1 -24.521811 0.000000 -24.500818 97.801539 0.000000 20.795691 0.000240 
2 29.042783 0.000000 -24.500818 97.811661 0.000000 20.724508 0.000337 
3 29.042783 0.000000 24.855735 97.860950 0.000000 20.623594 -0.000210 
4 -24.521811 0.000000 24.855735 97.833598 0.000000 20.793446 -0.000378 
5 2.260486 0.000000 0.177458 98.201446 0.000000 -0.307553 0.035638 
6 -24.521811 0.000000 0.177458 97.819372 0.000000 20.812805 -0.000180 
7 2.260486 0.000000 -24.500818 97.774814 0.000000 20.749323 0.000955 
8 29.042783 0.000000 0.177458 98.074923 0.000000 19.531655 -0.000018 
9 2.260486 0.000000 24.855735 97.875724 0.000000 20.728036 -0.000931 
10 -11.130663 0.000000 -12.161680 97.759687 0.000000 20.808919 0.001003 
11 -24.521811 0.000000 -12.161680 97.803385 0.000000 20.805516 0.000163 
12 -11.130663 0.000000 -24.500818 97.785251 0.000000 20.785637 0.000600 
13 2.260486 0.000000 -12.161680 97.660303 0.000000 20.617231 0.003740 
14 -11.130663 0.000000 0.177458 97.833717 0.000000 20.881010 -0.000745 
15 15.651635 0.000000 -12.161680 97.804191 0.000000 20.538219 0.001252 
16 15.651635 0.000000 -24.500818 97.794576 0.000000 20.722074 0.000682 
17 29.042783 0.000000 -12.161680 97.835726 0.000000 20.605867 0.000357 
18 15.651635 0.000000 0.177458 98.460518 0.000000 17.642323 -0.000573 
19 -11.130663 0.000000 12.516596 97.892899 0.000000 20.799520 -0.001564 
20 -24.521811 0.000000 12.516596 97.834046 0.000000 20.803727 -0.000430 
21 2.260486 0.000000 12.516596 98.052871 0.000000 20.535296 -0.003606 
22 -11.130663 0.000000 24.855735 97.855369 0.000000 20.778840 -0.000743 
23 -4.435088 0.000000 -5.992111 97.586332 0.000000 20.848789 0.004224 
24 -11.130663 0.000000 -5.992111 97.766241 0.000000 20.850495 0.000702 
25 -4.435088 0.000000 -12.161680 97.694675 0.000000 20.766101 0.002452 
26 2.260486 0.000000 -5.992111 97.265589 0.000000 20.174137 0.013241 
27 -4.435088 0.000000 0.177458 97.884084 0.000000 21.156738 -0.002890 
28 15.651635 0.000000 12.516596 97.978785 0.000000 20.194279 -0.000765 
29 29.042783 0.000000 12.516596 98.040974 0.000000 19.758246 -0.000242 
30 15.651635 0.000000 24.855735 97.867476 0.000000 20.669402 -0.000527 
31 8.956060 0.000000 -5.992111 97.779580 0.000000 19.915773 0.004252 
32 8.956060 0.000000 -12.161680 97.746519 0.000000 20.523686 0.002440 
33 15.651635 0.000000 -5.992111 97.890723 0.000000 20.142054 0.001170 
34 8.956060 0.000000 0.177458 99.024562 0.000000 14.800692 -0.002492 
35 -4.435088 0.000000 6.347027 98.133586 0.000000 20.811220 -0.006331 
36 -11.130663 0.000000 6.347027 97.895754 0.000000 20.843128 -0.001801 
37 2.260486 0.000000 6.347027 98.613436 0.000000 19.942559 -0.012232 
38 -4.435088 0.000000 12.516596 97.979436 0.000000 20.738189 -0.003004 
39 -1.087301 0.000000 -2.907326 96.915953 0.000000 21.052294 0.016410 
40 -4.435088 0.000000 -2.907326 97.609839 0.000000 21.019990 0.003048 
41 -1.087301 0.000000 -5.992111 97.342826 0.000000 20.677837 0.009680 
42 2.260486 0.000000 -2.907326 96.173413 0.000000 18.977056 0.039055 
43 -1.087301 0.000000 0.177458 97.763485 0.000000 22.201522 -0.005061 
44 8.956060 0.000000 6.347027 98.280292 0.000000 19.108937 -0.002417 
45 15.651635 0.000000 6.347027 98.342685 0.000000 18.404468 -0.001001 
46 8.956060 0.000000 12.516596 98.005023 0.000000 20.334669 -0.001848 
47 5.608273 0.000000 -2.907326 97.644700 0.000000 18.303793 0.013048 
48 5.608273 0.000000 -5.992111 97.561544 0.000000 19.872400 0.008683 
49 8.956060 0.000000 -2.907326 98.031967 0.000000 18.890116 0.003290 
50 5.608273 0.000000 0.177458 99.388758 0.000000 9.362585 0.003422 
51 -1.087301 0.000000 3.262243 98.989310 0.000000 20.962091 -0.023829 
52 -4.435088 0.000000 3.262243 98.143142 0.000000 20.993047 -0.007278 
53 2.260486 0.000000 3.262243 99.973908 0.000000 18.718518 -0.034517 
54 -1.087301 0.000000 6.347027 98.442170 0.000000 20.585136 -0.011461 
55 0.586592 0.000000 -1.364934 94.125751 0.000000 21.526978 0.067693 
56 -1.087301 0.000000 -1.364934 97.021506 0.000000 21.772182 0.011280 
57 0.586592 0.000000 -2.907326 96.192767 0.000000 20.387708 0.033129 
58 2.260486 0.000000 -1.364934 94.323554 0.000000 16.049885 0.084547 
59 0.586592 0.000000 0.177458 95.864693 0.000000 -0.387230 0.080981 
60 5.608273 0.000000 3.262243 98.797277 0.000000 17.423514 -0.006448 
61 8.956060 0.000000 3.262243 98.606294 0.000000 17.302615 -0.002258 
62 5.608273 0.000000 6.347027 98.411812 0.000000 19.397615 -0.006115 
63 3.934380 0.000000 -1.364934 96.926405 0.000000 15.356527 0.036945 
64 3.934380 0.000000 -2.907326 97.000412 0.000000 18.280580 0.025674 
65 5.608273 0.000000 -1.364934 98.139369 0.000000 16.013368 0.011224 
66 3.934380 0.000000 0.177458 98.305116 0.000000 -0.000000 0.033610 
67 0.586592 0.000000 1.719850 101.644175 0.000000 21.521734 -0.079472 
68 -1.087301 0.000000 1.719850 98.950948 0.000000 21.743581 -0.026407 
69 2.260486 0.000000 1.719850 101.876387 0.000000 17.127226 -0.067214 
70 0.586592 0.000000 3.262243 99.827329 0.000000 20.214860 -0.037414 
71 1.423539 0.000000 -0.593738 95.712106 0.000000 -0.697159 0.083871 
72 0.586592 0.000000 -0.593738 91.580600 0.000000 24.212136 0.102677 
73 1.423539 0.000000 -1.364934 92.965801 0.000000 18.621452 0.101060 
74 2.260486 0.000000 -0.593738 98.984807 0.000000 -0.420624 0.020183 
75 1.423539 0.000000 0.177458 92.908563 0.000000 -0.565424 0.136768 
76 -17.826237 0.000000 -5.992111 97.800707 0.000000 20.823858 0.000139 
77 -24.521811 0.000000 -5.992111 97.809655 0.000000 20.810824 0.000018 
78 -17.826237 0.000000 -12.161680 97.790768 0.000000 20.810009 0.000391 
79 -17.826237 0.000000 0.177458 97.823065 0.000000 20.830385 -0.000326 
80 -7.782876 0.000000 -2.907326 97.751585 0.000000 20.929467 0.000659 
81 -11.130663 0.000000 -2.907326 97.792504 0.000000 20.872316 0.000097 
82 -7.782876 0.000000 -5.992111 97.713464 0.000000 20.865207 0.001672 
83 -7.782876 0.000000 0.177458 97.849222 0.000000 20.960032 -0.001379 
84 -2.761195 0.000000 -1.364934 97.544613 0.000000 21.342298 0.002955 
85 -4.435088 0.000000 -1.364934 97.714547 0.000000 21.117759 0.000591 
86 -2.761195 0.000000 -2.907326 97.388376 0.000000 21.093323 0.007058 
87 -2.761195 0.000000 0.177458 97.913764 0.000000 21.467803 -0.004797 
88 -0.250354 0.000000 -0.593738 97.514516 0.000000 23.578967 -0.006505 
89 -1.087301 0.000000 -0.593738 97.441379 0.000000 22.078705 0.001771 
90 -0.250354 0.000000 -1.364934 96.115421 0.000000 22.175070 0.027009 
91 -0.250354 0.000000 0.177458 95.483436 0.000000 21.760661 0.040939 
92 3.934380 0.000000 1.719850 99.615706 0.000000 16.429522 -0.019322 
93 5.608273 0.000000 1.719850 98.734724 0.000000 16.027716 -0.000543 
94 3.934380 0.000000 3.262243 99.320849 0.000000 17.763619 -0.018018 
95 1.423539 0.000000 0.948654 106.935251 0.000000 20.417811 -0.185203 
96 0.586592 0.000000 0.948654 102.793507 0.000000 25.337751 -0.120851 
97 2.260486 0.000000 0.948654 103.205841 0.000000 15.509796 -0.089200 
98 1.423539 0.000000 1.719850 102.766486 0.000000 19.288861 -0.093301 
99 1.005066 0.000000 -0.208140 92.829161 0.000000 -0.630433 0.138235 
100 0.586592 0.000000 -0.208140 95.639354 0.000000 -0.480949 0.085288 
101 1.005066 0.000000 -0.593738 93.706607 0.000000 -0.932168 0.121820 
102 1.423539 0.000000 -0.208140 93.033153 0.000000 -0.566241 0.134451 
103 1.005066 0.000000 0.177458 92.963687 0.000000 -0.617370 0.135737 
104 3.097433 0.000000 -0.593738 96.284783 0.000000 10.438674 0.062027 
105 3.097433 0.000000 -1.364934 95.967040 0.000000 15.364855 0.055425 
106 3.934380 0.000000 -0.593738 97.398164 0.000000 11.353641 0.038469 
107 3.097433 0.000000 0.177458 97.864299 0.000000 0.000000 0.042258 
108 1.842013 0.000000 -0.208140 96.819087 0.000000 -0.600153 0.062570 
109 1.842013 0.000000 -0.593738 98.232420 0.000000 -0.424237 0.035021 
110 2.260486 0.000000 -0.208140 98.205443 0.000000 -0.311270 0.035559 
111 1.842013 0.000000 0.177458 95.055912 0.000000 -0.442933 0.096418 
112 -17.826237 0.000000 6.347027 97.844281 0.000000 20.821453 -0.000704 
113 -24.521811 0.000000 6.347027 97.828718 0.000000 20.809785 -0.000351 
114 -17.826237 0.000000 12.516596 97.851608 0.000000 20.806242 -0.000784 
115 -7.782876 0.000000 3.262243 97.941833 0.000000 20.917003 -0.003012 
116 -11.130663 0.000000 3.262243 97.873456 0.000000 20.868052 -0.001469 
117 -7.782876 0.000000 6.347027 97.970651 0.000000 20.851026 -0.003301 
118 -2.761195 0.000000 1.719850 98.286049 0.000000 21.318910 -0.011464 
119 -4.435088 0.000000 1.719850 98.049923 0.000000 21.103207 -0.005913 
120 -2.761195 0.000000 3.262243 98.419612 0.000000 21.044492 -0.012929 
121 -0.250354 0.000000 0.948654 99.026578 0.000000 23.801730 -0.037279 
122 -1.087301 0.000000 0.948654 98.445794 0.000000 22.228982 -0.018570 
123 -0.250354 0.000000 1.719850 99.916635 0.000000 22.036331 -0.046893 
124 1.005066 0.000000 0.563056 94.367596 0.000000 -0.841502 0.109405 
125 0.586592 0.000000 0.563056 92.737832 0.000000 -1.123747 0.139843 
126 1.423539 0.000000 0.563056 96.221771 0.000000 -0.660855 0.074093 
127 1.005066 0.000000 0.948654 105.669743 0.000000 23.971339 -0.174072 
128 1.214303 0.000000 -0.015341 73.715226 0.000000 -0.293161 0.456598 
129 1.005066 0.000000 -0.015341 88.286165 0.000000 -0.190566 0.220552 
130 1.214303 0.000000 -0.208140 88.265108 0.000000 -0.587024 0.220893 
131 1.423539 0.000000 -0.015341 82.991570 0.000000 -0.335709 0.311229 
132 1.214303 0.000000 0.177458 87.868910 0.000000 -0.590289 0.227871 
133 3.097433 0.000000 0.948654 100.949587 0.000000 13.494194 -0.037291 
134 3.934380 0.000000 0.948654 100.755533 0.000000 10.884320 -0.027015 
135 3.097433 0.000000 1.719850 100.515315 0.000000 16.434237 -0.037341 
136 1.842013 0.000000 0.563056 96.727295 0.000000 -0.610249 0.064346 
137 2.260486 0.000000 0.563056 98.757338 0.000000 -0.411209 0.024682 
138 1.842013 0.000000 0.948654 105.425248 0.000000 17.166996 -0.140919 
139 1.632776 0.000000 -0.015341 90.540161 0.000000 -0.306705 0.180239 
140 1.632776 0.000000 -0.208140 95.034477 0.000000 -0.538024 0.096816 
141 1.842013 0.000000 -0.015341 92.723214 0.000000 -0.255325 0.140234 
142 1.632776 0.000000 0.177458 92.737255 0.000000 -0.471061 0.139958 
143 2.678959 0.000000 -0.208140 98.353410 0.000000 -0.213719 0.032656 
144 2.678959 0.000000 -0.593738 95.052985 0.000000 10.112319 0.086267 
145 3.097433 0.000000 -0.208140 97.864299 0.000000 0.000000 0.042258 
146 2.678959 0.000000 0.177458 98.374745 0.000000 -0.221817 0.032236 
147 2.678959 0.000000 0.563056 99.241010 0.000000 -0.454742 0.015102 
148 3.097433 0.000000 0.563056 101.635917 0.000000 3.408658 -0.034148 
149 2.678959 0.000000 0.948654 101.682758 0.000000 14.571066 -0.055170 
150 2.469723 0.000000 -0.015341 97.797919 0.000000 -0.090082 0.043556 
151 2.260486 0.000000 -0.015341 97.594059 0.000000 -0.125784 0.047538 
152 2.469723 0.000000 -0.208140 98.450381 0.000000 -0.275117 0.030745 
153 2.678959 0.000000 -0.015341 97.793476 0.000000 -0.043785 0.043643 
154 2.469723 0.000000 0.177458 98.395787 0.000000 -0.273657 0.031819 
155 22.347209 0.000000 -5.992111 97.892262 0.000000 20.295787 0.000519 
156 22.347209 0.000000 -12.161680 97.828286 0.000000 20.573673 0.000635 
157 29.042783 0.000000 -5.992111 97.883257 0.000000 20.400029 0.000271 
158 22.347209 0.000000 0.177458 98.202818 0.000000 18.905848 -0.000122 
159 12.303848 0.000000 -2.907326 98.046822 0.000000 19.282210 0.001502 
160 12.303848 0.000000 -5.992111 97.862320 0.000000 20.028392 0.002183 
161 15.651635 0.000000 -2.907326 98.032403 0.000000 19.563416 0.000692 
162 12.303848 0.000000 0.177458 98.705277 0.000000 16.431006 -0.001271 
163 7.282167 0.000000 -1.364934 98.437055 0.000000 17.017203 0.002056 
164 7.282167 0.000000 -2.907326 97.943429 0.000000 18.603868 0.006098 
165 8.956060 0.000000 -1.364934 98.363421 0.000000 17.657395 0.001285 
166 7.282167 0.000000 0.177458 100.386943 0.000000 11.556619 -0.021109 
167 4.771326 0.000000 -0.593738 98.403143 0.000000 12.968688 0.014863 
168 4.771326 0.000000 -1.364934 97.663511 0.000000 15.591458 0.021874 
169 5.608273 0.000000 -0.593738 98.782632 0.000000 13.744096 0.005309 
170 4.771326 0.000000 0.177458 98.241921 0.000000 10.697421 0.023409 
171 3.515906 0.000000 -0.208140 98.211722 0.000000 0.000000 0.035446 
172 3.515906 0.000000 -0.593738 96.936640 0.000000 10.925410 0.048392 
173 3.934380 0.000000 -0.208140 98.305463 0.000000 -0.000000 0.033604 
174 3.515906 0.000000 0.177458 98.211722 0.000000 0.000000 0.035446 
175 2.888196 0.000000 -0.015341 97.792771 0.000000 0.000000 0.043657 
176 2.888196 0.000000 -0.208140 97.778777 0.000000 0.000000 0.043931 
177 3.097433 0.000000 -0.015341 97.873633 0.000000 0.000000 0.042075 
178 2.888196 0.000000 0.177458 97.778777 0.000000 0.000000 0.043931 
179 22.347209 0.000000 6.347027 98.525851 0.000000 17.469454 -0.001253 
180 29.042783 0.000000 6.347027 99.946875 0.000000 10.763136 -0.010522 
181 22.347209 0.000000 12.516596 97.994559 0.000000 20.017552 -0.000364 
182 12.303848 0.000000 3.262243 98.632450 0.000000 17.018678 -0.001800 
183 15.651635 0.000000 3.262243 100.560169 0.000000 7.881483 -0.017447 
184 12.303848 0.000000 6.347027 98.291005 0.000000 18.784064 -0.001396 
185 7.282167 0.000000 1.719850 99.954119 0.000000 10.722090 -0.010579 
186 8.956060 0.000000 1.719850 100.373841 0.000000 8.922709 -0.015452 
187 7.282167 0.000000 3.262243 98.620331 0.000000 17.350824 -0.002702 
188 4.771326 0.000000 0.948654 100.463423 0.000000 9.975212 -0.019240 
189 5.608273 0.000000 0.948654 100.888840 0.000000 6.607968 -0.022222 
190 4.771326 0.000000 1.719850 98.952990 0.000000 16.647161 -0.006882 
191 3.515906 0.000000 0.563056 101.133837 0.000000 5.195237 -0.025504 
192 3.934380 0.000000 0.563056 101.050727 0.000000 4.067697 -0.022780 
193 3.515906 0.000000 0.948654 100.798600 0.000000 12.163218 -0.030830 
194 3.306670 0.000000 -0.015341 98.016020 0.000000 0.000000 0.039286 
195 3.306670 0.000000 -0.208140 98.010052 0.000000 0.000000 0.039403 
196 3.515906 0.000000 -0.015341 98.174641 0.000000 -0.000000 0.036174 
197 3.306670 0.000000 0.177458 98.010052 0.000000 0.000000 0.039403 
198 4.352853 0.000000 -0.208140 97.688227 0.000000 -0.000000 0.045701 
199 4.352853 0.000000 -0.593738 98.187910 0.000000 12.109566 0.021249 
200 4.771326 0.000000 -0.208140 98.967839 0.000000 12.269713 0.005482 
201 4.352853 0.000000 0.177458 97.706748 0.000000 -0.000000 0.045339 
202 2.051249 0.000000 -0.015341 95.927414 0.000000 -0.182989 0.079790 
203 2.051249 0.000000 -0.208140 97.007785 0.000000 -0.381097 0.058934 
204 2.051249 0.000000 0.177458 96.910982 0.000000 -0.344386 0.060814 
205 2.051249 0.000000 0.370257 97.926723 0.000000 -0.467831 0.041014 
206 1.842013 0.000000 0.370257 96.826081 0.000000 -0.599449 0.062435 
207 2.260486 0.000000 0.370257 98.602426 0.000000 -0.413500 0.027739 
208 2.051249 0.000000 0.563056 98.314172 0.000000 -0.423786 0.033414 
209 1.946631 0.000000 0.081059 96.849939 0.000000 -0.354108 0.061996 
210 1.842013 0.000000 0.081059 96.093138 0.000000 -0.357071 0.076598 
211 1.946631 0.000000 -0.015341 93.606106 0.000000 -0.145752 0.123788 
212 2.051249 0.000000 0.081059 96.025108 0.000000 -0.223557 0.077913 
213 1.946631 0.000000 0.177458 96.317922 0.000000 -0.482124 0.072263 
214 -4.435088 0.000000 -18.331249 97.751032 0.000000 20.764289 0.001358 
215 -11.130663 0.000000 -18.331249 97.773182 0.000000 20.791067 0.000814 
216 -4.435088 0.000000 -24.500818 97.776578 0.000000 20.770483 0.000833 
217 2.260486 0.000000 -18.331249 97.744444 0.000000 20.716372 0.001686 
218 -1.087301 0.000000 -9.076896 97.557705 0.000000 20.669979 0.005525 
219 -4.435088 0.000000 -9.076896 97.643049 0.000000 20.784183 0.003385 
220 -1.087301 0.000000 -12.161680 97.663945 0.000000 20.702299 0.003317 
221 2.260486 0.000000 -9.076896 97.556612 0.000000 20.484680 0.006309 
222 0.586592 0.000000 -4.449719 96.898415 0.000000 20.357975 0.019625 
223 -1.087301 0.000000 -4.449719 97.145410 0.000000 20.756860 0.013192 
224 0.586592 0.000000 -5.992111 97.246574 0.000000 20.450996 0.012486 
225 2.260486 0.000000 -4.449719 96.925196 0.000000 19.793713 0.021372 
226 1.423539 0.000000 -2.136130 95.018685 0.000000 19.322213 0.059810 
227 0.586592 0.000000 -2.136130 95.408493 0.000000 20.632248 0.047153 
228 1.423539 0.000000 -2.907326 95.994743 0.000000 19.695287 0.039710 
229 2.260486 0.000000 -2.136130 95.455145 0.000000 18.052456 0.056242 
230 1.842013 0.000000 -0.979336 91.951535 0.000000 15.366617 0.130878 
231 1.423539 0.000000 -0.979336 90.925319 0.000000 17.845096 0.141414 
232 1.842013 0.000000 -1.364934 93.432344 0.000000 17.088415 0.097838 
233 2.260486 0.000000 -0.979336 93.600739 0.000000 14.007625 0.104269 
234 2.051249 0.000000 -0.400939 98.311520 0.000000 -0.423800 0.033467 
235 1.842013 0.000000 -0.400939 96.719590 0.000000 -0.611034 0.064495 
236 2.051249 0.000000 -0.593738 98.732513 0.000000 -0.409634 0.025172 
237 2.260486 0.000000 -0.400939 98.756407 0.000000 -0.411150 0.024700 
238 1.946631 0.000000 -0.111740 94.859435 0.000000 -0.337231 0.100157 
239 1.842013 0.000000 -0.111740 93.810638 0.000000 -0.346609 0.119944 
240 1.946631 0.000000 -0.208140 96.273889 0.000000 -0.494513 0.073109 
241 2.051249 0.000000 -0.111740 96.383208 0.000000 -0.258148 0.071021 
242 2.155868 0.000000 0.081059 96.799391 0.000000 -0.178412 0.062985 
243 2.155868 0.000000 -0.015341 96.831492 0.000000 -0.112527 0.062365 
244 2.260486 0.000000 0.081059 97.681118 0.000000 -0.148230 0.045838 
245 2.155868 0.000000 0.177458 97.910964 0.000000 -0.340556 0.041333 
246 1.998940 0.000000 0.032859 95.287599 0.000000 -0.241094 0.092022 
247 1.946631 0.000000 0.032859 96.466477 0.000000 -0.316302 0.069412 
248 1.998940 0.000000 -0.015341 94.739234 0.000000 -0.209881 0.102443 
249 2.051249 0.000000 0.032859 95.879444 0.000000 -0.202605 0.080709 
250 1.998940 0.000000 0.081059 95.614675 0.000000 -0.283032 0.085775 
251 1.632776 0.000000 0.370257 96.527310 0.000000 -0.626765 0.068209 
252 1.423539 0.000000 0.370257 96.170853 0.000000 -0.664352 0.075073 
253 1.632776 0.000000 0.563056 96.492560 0.000000 -0.632410 0.068879 
254 1.737394 0.000000 0.081059 94.210742 0.000000 -0.327248 0.112423 
255 1.632776 0.000000 0.081059 93.129265 0.000000 -0.342033 0.132682 
256 1.737394 0.000000 -0.015341 90.367796 0.000000 -0.192645 0.183362 
257 1.737394 0.000000 0.177458 95.014045 0.000000 -0.506517 0.097207 
258 1.894322 0.000000 0.032859 96.368888 0.000000 -0.339291 0.071292 
259 1.842013 0.000000 0.032859 95.669029 0.000000 -0.321179 0.084733 
260 1.894322 0.000000 -0.015341 93.574096 0.000000 -0.253604 0.124382 
261 1.894322 0.000000 0.081059 96.275190 0.000000 -0.350271 0.073097 
262 1.946631 0.000000 0.273858 96.977348 0.000000 -0.586318 0.059505 
263 1.842013 0.000000 0.273858 96.870233 0.000000 -0.594686 0.061580 
264 2.051249 0.000000 0.273858 97.742401 0.000000 -0.492379 0.044618 
265 1.946631 0.000000 0.370257 96.927147 0.000000 -0.591287 0.060478 
266 1.998940 0.000000 0.129258 95.830079 0.000000 -0.316910 0.081650 
267 1.946631 0.000000 0.129258 95.785760 0.000000 -0.402251 0.082493 
268 2.051249 0.000000 0.129258 96.502287 0.000000 -0.273298 0.068723 
269 1.998940 0.000000 0.177458 96.348201 0.000000 -0.479804 0.071679 
270 1.972786 0.000000 0.056959 97.720078 0.000000 -0.375866 0.045065 
271 1.946631 0.000000 0.056959 97.366940 0.000000 -0.367750 0.051954 
272 1.972786 0.000000 0.032859 97.024091 0.000000 -0.332235 0.058622 
273 1.998940 0.000000 0.056959 98.341435 0.000000 -0.408896 0.032879 
274 1.972786 0.000000 0.081059 94.996724 0.000000 -0.259142 0.097556 
275 1.632776 0.000000 -0.400939 96.487061 0.000000 -0.633041 0.068985 
276 1.423539 0.000000 -0.400939 96.219310 0.000000 -0.661194 0.074141 
277 1.632776 0.000000 -0.593738 96.458487 0.000000 -0.637591 0.069535 
278 1.737394 0.000000 -0.111740 92.773462 0.000000 -0.359848 0.139296 
279 1.632776 0.000000 -0.111740 90.164347 0.000000 -0.370197 0.187025 
280 1.737394 0.000000 -0.208140 95.037035 0.000000 -0.517036 0.096769 
281 1.789703 0.000000 0.032859 95.536810 0.000000 -0.322744 0.087261 
282 1.737394 0.000000 0.032859 93.358239 0.000000 -0.273329 0.128416 
283 1.789703 0.000000 -0.015341 93.289860 0.000000 -0.286058 0.129692 
284 1.789703 0.000000 0.081059 95.285896 0.000000 -0.332593 0.092049 
285 1.528158 0.000000 0.081059 91.051121 0.000000 -0.354811 0.170957 
286 1.423539 0.000000 0.081059 87.521091 0.000000 -0.428412 0.233988 
287 1.528158 0.000000 -0.015341 85.302458 0.000000 -0.259309 0.272342 
288 1.528158 0.000000 0.177458 92.961496 0.000000 -0.541806 0.135787 
289 1.528158 0.000000 -0.111740 88.191655 0.000000 -0.350907 0.222211 
290 1.423539 0.000000 -0.111740 82.037774 0.000000 -0.359778 0.326967 
291 1.528158 0.000000 -0.208140 93.099367 0.000000 -0.547277 0.133221 
292 1.580467 0.000000 0.032859 91.350335 0.000000 -0.332534 0.165501 
293 1.528158 0.000000 0.032859 89.674605 0.000000 -0.315851 0.195837 
294 1.580467 0.000000 -0.015341 90.066483 0.000000 -0.319355 0.188793 
295 1.632776 0.000000 0.032859 93.440685 0.000000 -0.331478 0.126873 
296 1.580467 0.000000 0.081059 91.787953 0.000000 -0.349771 0.157485 
297 1.214303 0.000000 0.370257 95.877406 0.000000 -0.699136 0.080703 
298 1.005066 0.000000 0.370257 94.583450 0.000000 -0.818527 0.105330 
299 1.214303 0.000000 0.563056 95.272386 0.000000 -0.742489 0.092262 
300 1.318921 0.000000 0.081059 84.587554 0.000000 -0.532326 0.284466 
301 1.214303 0.000000 0.081059 83.247791 0.000000 -0.547148 0.306951 
302 1.318921 0.000000 -0.015341 72.823192 0.000000 -0.295692 0.469670 
303 1.318921 0.000000 0.177458 88.325351 0.000000 -0.579262 0.219830 
304 1.005066 0.000000 -0.979336 91.416417 0.000000 20.669552 0.121581 
305 0.586592 0.000000 -0.979336 93.101895 0.000000 22.615973 0.082055 
306 1.005066 0.000000 -1.364934 93.234322 0.000000 20.274840 0.089629 
307 1.214303 0.000000 -0.400939 95.271860 0.000000 -0.742593 0.092272 
308 1.005066 0.000000 -0.400939 94.367703 0.000000 -0.841491 0.109403 
309 1.214303 0.000000 -0.593738 94.490083 0.000000 -0.822069 0.107095 
310 1.318921 0.000000 -0.111740 77.890202 0.000000 -0.366353 0.393298 
311 1.214303 0.000000 -0.111740 79.229656 0.000000 -0.369126 0.372253 
312 1.318921 0.000000 -0.208140 88.658374 0.000000 -0.577753 0.213936 
313 1.371230 0.000000 0.032859 85.253745 0.000000 -0.455710 0.273159 
314 1.318921 0.000000 0.032859 83.265589 0.000000 -0.516850 0.306657 
315 1.371230 0.000000 -0.015341 79.663444 0.000000 -0.366493 0.365360 
316 1.423539 0.000000 0.032859 87.756695 0.000000 -0.414697 0.229859 
317 1.371230 0.000000 0.081059 85.512070 0.000000 -0.465626 0.268747 
318 0.168119 0.000000 -0.208140 95.954575 0.000000 26.571021 0.008670 
319 -0.250354 0.000000 -0.208140 99.818261 0.000000 21.621151 -0.043116 
320 0.168119 0.000000 -0.593738 95.264555 0.000000 25.326347 0.028324 
321 0.168119 0.000000 0.177458 100.150174 0.000000 -0.000000 -0.003006 
322 0.795829 0.000000 -0.015341 94.937354 0.000000 -0.163956 0.098687 
323 0.586592 0.000000 -0.015341 96.591553 0.000000 -0.156913 0.067005 
324 0.795829 0.000000 -0.208140 94.749835 0.000000 -0.637362 0.102206 
325 0.795829 0.000000 0.177458 94.855901 0.000000 -0.508317 0.100210 
326 1.109684 0.000000 0.081059 83.449090 0.000000 -0.349713 0.303613 
327 1.005066 0.000000 0.081059 91.514487 0.000000 -0.327394 0.162499 
328 1.109684 0.000000 -0.015341 82.287327 0.000000 -0.304347 0.322870 
329 1.109684 0.000000 0.177458 93.674500 0.000000 -0.617030 0.122471 
330 1.266612 0.000000 0.032859 80.468858 0.000000 -0.527431 0.352448 
331 1.214303 0.000000 0.032859 85.118778 0.000000 -0.698241 0.275431 
332 1.266612 0.000000 -0.015341 63.451695 0.000000 -0.161412 0.597386 
333 1.266612 0.000000 0.081059 83.991410 0.000000 -0.596158 0.294509 
334 1.109684 0.000000 -0.111740 83.435441 0.000000 -0.359652 0.303840 
335 1.005066 0.000000 -0.111740 91.824800 0.000000 -0.348729 0.156808 
336 1.109684 0.000000 -0.208140 93.564683 0.000000 -0.620408 0.124527 
337 1.161993 0.000000 0.032859 84.821845 0.000000 -0.717983 0.280474 
338 1.109684 0.000000 0.032859 82.753783 0.000000 -0.315891 0.315171 
339 1.161993 0.000000 -0.015341 78.447585 0.000000 -0.297819 0.384589 
340 1.161993 0.000000 0.081059 80.035758 0.000000 -0.332745 0.359417 
341 0.168119 0.000000 0.563056 99.058205 0.000000 27.170068 -0.055074 
342 -0.250354 0.000000 0.563056 97.315667 0.000000 24.584396 -0.007473 
343 0.168119 0.000000 0.948654 100.387647 0.000000 24.960599 -0.070071 
344 0.795829 0.000000 0.370257 93.970252 0.000000 -0.896790 0.116879 
345 0.586592 0.000000 0.370257 93.018373 0.000000 -1.068794 0.134644 
346 0.795829 0.000000 0.563056 93.656188 0.000000 -0.941523 0.122763 
347 1.109684 0.000000 0.273858 95.250354 0.000000 -0.754104 0.092680 
348 1.005066 0.000000 0.273858 94.792828 0.000000 -0.798343 0.101368 
349 1.214303 0.000000 0.273858 95.824943 0.000000 -0.704673 0.081708 
350 1.109684 0.000000 0.370257 95.103755 0.000000 -0.764802 0.095469 
351 1.161993 0.000000 0.129258 84.181296 0.000000 -0.429937 0.291332 
352 1.109684 0.000000 0.129258 84.399938 0.000000 -0.387237 0.287650 
353 1.214303 0.000000 0.129258 83.608825 0.000000 -0.433008 0.300938 
354 1.161993 0.000000 0.177458 88.136979 0.000000 -0.527596 0.223159 
355 1.188148 0.000000 0.056959 88.275044 0.000000 -0.894828 0.220672 
356 1.161993 0.000000 0.056959 87.012877 0.000000 -0.856779 0.242803 
357 1.188148 0.000000 0.032859 84.347099 0.000000 -0.646445 0.288515 
358 1.214303 0.000000 0.056959 87.118246 0.000000 -0.760967 0.240983 
359 1.188148 0.000000 0.081059 83.952671 0.000000 -0.617711 0.295157 
360 4.352853 0.000000 0.563056 100.224991 0.000000 6.016158 -0.008124 
361 4.771326 0.000000 0.563056 99.897597 0.000000 9.748707 -0.007457 
362 4.352853 0.000000 0.948654 100.738507 0.000000 9.178152 -0.023249 
363 4.143616 0.000000 -0.015341 97.947819 0.000000 0.000000 0.040622 
364 3.934380 0.000000 -0.015341 98.302169 0.000000 -0.000000 0.033668 
365 4.143616 0.000000 -0.208140 97.959164 0.000000 0.000000 0.040400 
366 4.352853 0.000000 -0.015341 97.773163 0.000000 -0.000000 0.044041 
367 4.143616 0.000000 0.177458 97.942418 0.000000 0.000000 0.040728 
368 6.445220 0.000000 -0.593738 99.052468 0.000000 14.667572 -0.002653 
369 6.445220 0.000000 -1.364934 98.382187 0.000000 16.536414 0.004749 
370 7.282167 0.000000 -0.593738 98.944421 0.000000 15.523513 -0.003098 
371 6.445220 0.000000 0.177458 100.245319 0.000000 7.007681 -0.009823 
372 5.189800 0.000000 -0.208140 98.882720 0.000000 12.084375 0.007618 
373 5.189800 0.000000 -0.593738 98.558214 0.000000 13.360989 0.010776 
374 5.608273 0.000000 -0.208140 99.171178 0.000000 12.372938 0.001199 
375 5.189800 0.000000 0.177458 99.009622 0.000000 10.641440 0.008385 
376 4.562090 0.000000 -0.015341 97.632053 0.000000 0.000000 0.046798 
377 4.562090 0.000000 -0.208140 100.467998 0.000000 11.879604 -0.023494 
378 4.771326 0.000000 -0.015341 98.573704 0.000000 10.279780 0.017755 
379 4.562090 0.000000 0.177458 97.528991 0.000000 0.000000 0.048810 
380 4.143616 0.000000 0.370257 98.873798 0.000000 6.119551 0.018652 
381 3.934380 0.000000 0.370257 99.845501 0.000000 4.647055 0.000928 
382 4.352853 0.000000 0.370257 98.097439 0.000000 8.492914 0.030476 
383 4.143616 0.000000 0.563056 100.697978 0.000000 4.306528 -0.015863 
384 4.248235 0.000000 0.081059 97.843924 0.000000 -0.000000 0.042657 
385 4.143616 0.000000 0.081059 97.957485 0.000000 -0.000000 0.040433 
386 4.248235 0.000000 -0.015341 97.765340 0.000000 0.000000 0.044194 
387 4.352853 0.000000 0.081059 97.726997 0.000000 -0.000000 0.044943 
388 4.248235 0.000000 0.177458 97.759479 0.000000 -0.000000 0.044308 
389 8.956060 0.000000 -18.331249 97.765689 0.000000 20.677726 0.001430 
390 8.956060 0.000000 -24.500818 97.782624 0.000000 20.730977 0.000878 
391 15.651635 0.000000 -18.331249 97.792411 0.000000 20.667841 0.000948 
392 5.608273 0.000000 -9.076896 97.638811 0.000000 20.351319 0.005249 
393 5.608273 0.000000 -12.161680 97.699978 0.000000 20.550953 0.003237 
394 8.956060 0.000000 -9.076896 97.737864 0.000000 20.325537 0.003418 
395 3.934380 0.000000 -4.449719 97.226214 0.000000 19.418667 0.016998 
396 3.934380 0.000000 -5.992111 97.396497 0.000000 19.963485 0.011538 
397 5.608273 0.000000 -4.449719 97.547293 0.000000 19.331440 0.011082 
398 4.771326 0.000000 -2.136130 97.434464 0.000000 17.232801 0.020956 
399 3.934380 0.000000 -2.136130 96.909739 0.000000 17.190913 0.031298 
400 4.771326 0.000000 -2.907326 97.356019 0.000000 18.215002 0.019002 
401 5.608273 0.000000 -2.136130 97.800862 0.000000 17.413728 0.013175 
402 4.352853 0.000000 -0.979336 97.534805 0.000000 14.070241 0.028899 
403 3.934380 0.000000 -0.979336 97.070297 0.000000 13.907851 0.038393 
404 4.352853 0.000000 -1.364934 97.318597 0.000000 15.435706 0.029083 
405 4.771326 0.000000 -0.979336 97.901286 0.000000 14.359816 0.020913 
406 4.143616 0.000000 -0.400939 98.611945 0.000000 9.591771 0.018368 
407 3.934380 0.000000 -0.400939 97.795213 0.000000 8.935875 0.035625 
408 4.143616 0.000000 -0.593738 97.810420 0.000000 11.652665 0.029734 
409 4.352853 0.000000 -0.400939 99.238835 0.000000 10.847473 0.003399 
410 4.248235 0.000000 -0.111740 97.809695 0.000000 -0.000000 0.043326 
411 4.143616 0.000000 -0.111740 97.957461 0.000000 -0.000000 0.040434 
412 4.248235 0.000000 -0.208140 97.718750 0.000000 -0.000000 0.045105 
413 4.352853 0.000000 -0.111740 97.701688 0.000000 -0.000000 0.045438 
414 6.445220 0.000000 0.948654 100.420249 0.000000 10.870225 -0.020239 
415 7.282167 0.000000 0.948654 101.105890 0.000000 7.704581 -0.028176 
416 6.445220 0.000000 1.719850 99.249298 0.000000 13.445859 -0.003121 
417 5.189800 0.000000 0.563056 99.916393 0.000000 11.105139 -0.010661 
418 5.608273 0.000000 0.563056 99.974521 0.000000 12.029305 -0.013961 
419 5.189800 0.000000 0.948654 100.505583 0.000000 8.793292 -0.017869 
420 4.562090 0.000000 0.370257 98.390194 0.000000 10.772551 0.020332 
421 4.771326 0.000000 0.370257 98.958111 0.000000 12.052567 0.006203 
422 4.562090 0.000000 0.563056 99.954481 0.000000 8.171452 -0.005767 
423 4.457471 0.000000 0.081059 97.639275 0.000000 -0.000000 0.046657 
424 4.457471 0.000000 -0.015341 97.713919 0.000000 -0.000000 0.045199 
425 4.562090 0.000000 0.081059 97.618618 0.000000 0.000000 0.047061 
426 4.457471 0.000000 0.177458 97.528967 0.000000 0.000000 0.048810 
427 4.300544 0.000000 0.032859 97.797316 0.000000 -0.000000 0.043568 
428 4.248235 0.000000 0.032859 97.838024 0.000000 -0.000000 0.042772 
429 4.300544 0.000000 -0.015341 97.794995 0.000000 -0.000000 0.043614 
430 4.352853 0.000000 0.032859 97.759821 0.000000 -0.000000 0.044302 
431 4.300544 0.000000 0.081059 97.776594 0.000000 -0.000000 0.043974 
432 3.725143 0.000000 -0.015341 98.317634 0.000000 -0.000000 0.033364 
433 3.725143 0.000000 -0.208140 97.929115 0.000000 3.787638 0.039554 
434 3.725143 0.000000 0.177458 98.211722 0.000000 0.000000 0.035446 
435 4.038998 0.000000 0.081059 98.193091 0.000000 -0.000000 0.035812 
436 3.934380 0.000000 0.081059 98.291012 0.000000 -0.000000 0.033888 
437 4.038998 0.000000 -0.015341 98.237501 0.000000 0.000000 0.034939 
438 4.038998 0.000000 0.177458 98.264743 0.000000 0.000000 0.034404 
439 4.195925 0.000000 0.032859 97.850075 0.000000 -0.000000 0.042536 
440 4.143616 0.000000 0.032859 97.918838 0.000000 -0.000000 0.041190 
441 4.195925 0.000000 -0.015341 97.825939 0.000000 -0.000000 0.043009 
442 4.195925 0.000000 0.081059 97.898168 0.000000 -0.000000 0.041595 
443 4.562090 0.000000 -0.400939 99.071921 0.000000 11.986445 0.004108 
444 4.562090 0.000000 -0.593738 98.358373 0.000000 12.624028 0.016626 
445 4.771326 0.000000 -0.400939 98.745786 0.000000 12.442757 0.009445 
446 4.457471 0.000000 -0.111740 97.633285 0.000000 -0.000000 0.046774 
447 4.457471 0.000000 -0.208140 101.553015 0.000000 10.710564 -0.042773 
448 4.562090 0.000000 -0.111740 97.615375 0.000000 0.000000 0.047124 
449 4.300544 0.000000 -0.063541 97.801309 0.000000 -0.000000 0.043490 
450 4.248235 0.000000 -0.063541 97.841435 0.000000 -0.000000 0.042705 
451 4.300544 0.000000 -0.111740 97.751825 0.000000 -0.000000 0.044458 
452 4.352853 0.000000 -0.063541 97.746285 0.000000 -0.000000 0.044566 
453 4.274389 0.000000 0.008759 97.745987 0.000000 0.000000 0.044572 
454 4.248235 0.000000 0.008759 97.759888 0.000000 0.000000 0.044300 
455 4.274389 0.000000 -0.015341 97.754014 0.000000 0.000000 0.044415 
456 4.300544 0.000000 0.008759 97.751940 0.000000 -0.000000 0.044456 
457 4.274389 0.000000 0.032859 97.798354 0.000000 -0.000000 0.043548 
458 4.038998 0.000000 -0.111740 98.191129 0.000000 -0.000000 0.035850 
459 3.934380 0.000000 -0.111740 98.307289 0.000000 -0.000000 0.033568 
460 4.038998 0.000000 -0.208140 98.301709 0.000000 0.000000 0.033677 
461 4.195925 0.000000 -0.063541 97.896459 0.000000 -0.000000 0.041628 
462 4.143616 0.000000 -0.063541 97.957521 0.000000 -0.000000 0.040432 
463 4.195925 0.000000 -0.111740 97.868750 0.000000 -0.000000 0.042171 
464 4.222080 0.000000 0.008759 97.778220 0.000000 -0.000000 0.043942 
465 4.195925 0.000000 0.008759 97.805474 0.000000 -0.000000 0.043409 
466 4.222080 0.000000 -0.015341 97.785890 0.000000 -0.000000 0.043792 
467 4.222080 0.000000 0.032859 97.849864 0.000000 -0.000000 0.042540 
468 4.091307 0.000000 0.032859 98.120634 0.000000 -0.000000 0.037234 
469 4.038998 0.000000 0.032859 98.205428 0.000000 0.000000 0.035569 
470 4.091307 0.000000 -0.015341 98.170165 0.000000 -0.000000 0.036262 
471 4.091307 0.000000 0.081059 98.072883 0.000000 0.000000 0.038171 
472 3.725143 0.000000 0.370257 100.196228 0.000000 3.612977 -0.005234 
473 3.515906 0.000000 0.370257 100.308870 0.000000 2.559348 -0.006842 
474 3.725143 0.000000 0.563056 101.113923 0.000000 4.810132 -0.024716 
475 3.829761 0.000000 0.081059 98.315866 0.000000 -0.000000 0.033399 
476 3.725143 0.000000 0.081059 98.297134 0.000000 -0.000000 0.033767 
477 3.829761 0.000000 -0.015341 98.323461 0.000000 -0.000000 0.033250 
478 3.829761 0.000000 0.177458 98.304376 0.000000 -0.000000 0.033625 
479 3.986689 0.000000 0.032859 98.271964 0.000000 -0.000000 0.034262 
480 3.934380 0.000000 0.032859 98.292606 0.000000 -0.000000 0.033856 
481 3.986689 0.000000 -0.015341 98.284287 0.000000 -0.000000 0.034020 
482 3.986689 0.000000 0.081059 98.241466 0.000000 -0.000000 0.034861 
483 3.097433 0.000000 -2.136130 96.236056 0.000000 17.408426 0.043557 
484 3.097433 0.000000 -2.907326 96.573147 0.000000 18.501799 0.033131 
485 3.515906 0.000000 -0.979336 96.620939 0.000000 13.764231 0.047494 
486 3.097433 0.000000 -0.979336 96.003108 0.000000 13.583801 0.059888 
487 3.515906 0.000000 -1.364934 96.511476 0.000000 15.361938 0.044955 
488 3.725143 0.000000 -0.400939 97.435954 0.000000 8.577017 0.043267 
489 3.515906 0.000000 -0.400939 97.239247 0.000000 8.216046 0.047703 
490 3.725143 0.000000 -0.593738 97.137088 0.000000 11.134679 0.044041 
491 3.829761 0.000000 -0.111740 98.315867 0.000000 -0.000000 0.033399 
492 3.725143 0.000000 -0.111740 98.294020 0.000000 -0.000000 0.033829 
493 3.829761 0.000000 -0.208140 98.301503 0.000000 -0.000000 0.033681 
494 3.882070 0.000000 0.032859 98.313027 0.000000 -0.000000 0.033455 
495 3.829761 0.000000 0.032859 98.323119 0.000000 -0.000000 0.033256 
496 3.882070 0.000000 -0.015341 98.308278 0.000000 -0.000000 0.033548 
497 3.882070 0.000000 0.081059 98.312341 0.000000 -0.000000 0.033468 
498 3.986689 0.000000 -0.063541 98.242686 0.000000 -0.000000 0.034837 
499 3.934380 0.000000 -0.063541 98.291677 0.000000 -0.000000 0.033875 
500 3.986689 0.000000 -0.111740 98.239139 0.000000 -0.000000 0.034907 
501 4.038998 0.000000 -0.063541 98.165975 0.000000 0.000000 0.036344 
502 3.960534 0.000000 0.008759 98.293113 0.000000 -0.000000 0.033846 
503 3.934380 0.000000 0.008759 98.303247 0.000000 -0.000000 0.033647 
504 3.960534 0.000000 -0.015341 98.288256 0.000000 -0.000000 0.033942 
505 3.986689 0.000000 0.008759 98.286161 0.000000 -0.000000 0.033983 
506 3.960534 0.000000 0.032859 98.276873 0.000000 -0.000000 0.034166 
507 3.882070 0.000000 -0.063541 98.312604 0.000000 -0.000000 0.033463 
508 3.829761 0.000000 -0.063541 98.313652 0.000000 -0.000000 0.033443 
509 3.882070 0.000000 -0.111740 98.309554 0.000000 -0.000000 0.033523 
510 3.908225 0.000000 0.008759 98.309474 0.000000 -0.000000 0.033525 
511 3.882070 0.000000 0.008759 98.307557 0.000000 -0.000000 0.033562 
512 3.908225 0.000000 -0.015341 98.309764 0.000000 -0.000000 0.033519 
513 3.908225 0.000000 0.032859 98.311895 0.000000 -0.000000 0.033477 
514 3.620525 0.000000 0.081059 98.259053 0.000000 -0.000000 0.034516 
515 3.515906 0.000000 0.081059 98.169216 0.000000 -0.000000 0.036281 
516 3.620525 0.000000 -0.015341 98.264167 0.000000 -0.000000 0.034415 
517 3.620525 0.000000 0.177458 98.211722 0.000000 0.000000 0.035446 
518 3.777452 0.000000 0.032859 98.322777 0.000000 -0.000000 0.033263 
519 3.725143 0.000000 0.032859 98.316687 0.000000 -0.000000 0.033383 
520 3.777452 0.000000 -0.015341 98.328723 0.000000 -0.000000 0.033146 
521 3.777452 0.000000 0.081059 98.307196 0.000000 -0.000000 0.033570 
522 3.855916 0.000000 0.008759 98.307569 0.000000 0.000000 0.033562 
523 3.829761 0.000000 0.008759 98.323539 0.000000 -0.000000 0.033248 
524 3.855916 0.000000 -0.015341 98.316057 0.000000 -0.000000 0.033395 
525 3.855916 0.000000 0.032859 98.315821 0.000000 -0.000000 0.033400 
526 3.908225 0.000000 -0.039441 98.311850 0.000000 -0.000000 0.033478 
527 3.882070 0.000000 -0.039441 98.312947 0.000000 -0.000000 0.033456 
528 3.908225 0.000000 -0.063541 98.311652 0.000000 -0.000000 0.033482 
529 3.934380 0.000000 -0.039441 98.292443 0.000000 -0.000000 0.033860 
530 3.895148 0.000000 -0.003291 98.307130 0.000000 -0.000000 0.033571 
531 3.882070 0.000000 -0.003291 98.306937 0.000000 -0.000000 0.033575 
532 3.895148 0.000000 -0.015341 98.309300 0.000000 -0.000000 0.033528 
533 3.908225 0.000000 -0.003291 98.309272 0.000000 -0.000000 0.033529 
534 3.895148 0.000000 0.008759 98.308675 0.000000 -0.000000 0.033540 
535 2.888196 0.000000 0.370257 101.400002 0.000000 -1.490530 -0.028418 
536 2.678959 0.000000 0.370257 99.117934 0.000000 -0.438733 0.017544 
537 3.097433 0.000000 0.370257 100.856612 0.000000 0.125532 -0.017207 
538 2.888196 0.000000 0.563056 102.124419 0.000000 2.575447 -0.043603 
539 2.783578 0.000000 0.081059 97.896141 0.000000 -0.047624 0.041634 
540 2.678959 0.000000 0.081059 97.928077 0.000000 -0.074604 0.041009 
541 2.783578 0.000000 -0.015341 97.867115 0.000000 -0.039247 0.042203 
542 2.888196 0.000000 0.081059 97.798533 0.000000 0.000000 0.043545 
543 2.783578 0.000000 0.177458 98.076792 0.000000 -0.113076 0.038093 
544 -17.826237 0.000000 -18.331249 97.790891 0.000000 20.799154 0.000434 
545 -24.521811 0.000000 -18.331249 97.801178 0.000000 20.799932 0.000229 
546 -17.826237 0.000000 -24.500818 97.794557 0.000000 20.793072 0.000387 
547 22.347209 0.000000 -18.331249 97.809588 0.000000 20.674387 0.000585 
548 22.347209 0.000000 -24.500818 97.804796 0.000000 20.721250 0.000485 
549 29.042783 0.000000 -18.331249 97.818405 0.000000 20.685390 0.000367 
550 -7.782876 0.000000 -9.076896 97.715285 0.000000 20.821236 0.001820 
551 -11.130663 0.000000 -9.076896 97.757610 0.000000 20.826679 0.000970 
552 -7.782876 0.000000 -12.161680 97.731262 0.000000 20.797390 0.001607 
553 12.303848 0.000000 -9.076896 97.803158 0.000000 20.358675 0.002007 
554 12.303848 0.000000 -12.161680 97.782681 0.000000 20.525612 0.001725 
555 15.651635 0.000000 -9.076896 97.832227 0.000000 20.402561 0.001259 
556 -2.761195 0.000000 -4.449719 97.410260 0.000000 20.896798 0.007457 
557 -4.435088 0.000000 -4.449719 97.576853 0.000000 20.919748 0.004112 
558 -2.761195 0.000000 -5.992111 97.479306 0.000000 20.793679 0.006541 
559 7.282167 0.000000 -4.449719 97.757887 0.000000 19.409049 0.006668 
560 7.282167 0.000000 -5.992111 97.696211 0.000000 19.874046 0.006047 
561 8.956060 0.000000 -4.449719 97.864561 0.000000 19.532778 0.004100 
562 -0.250354 0.000000 -2.136130 96.230228 0.000000 21.275810 0.028708 
563 -1.087301 0.000000 -2.136130 96.867112 0.000000 21.361731 0.016044 
564 -0.250354 0.000000 -2.907326 96.531046 0.000000 20.860801 0.024658 
565 0.168119 0.000000 -0.979336 95.061019 0.000000 23.290219 0.042097 
566 -0.250354 0.000000 -0.979336 96.426032 0.000000 22.892911 0.017794 
567 0.168119 0.000000 -1.364934 95.220053 0.000000 22.124658 0.044364 
568 0.795829 0.000000 -0.400939 93.656300 0.000000 -0.941501 0.122761 
569 0.586592 0.000000 -0.400939 92.737847 0.000000 -1.123745 0.139843 
570 0.795829 0.000000 -0.593738 92.747535 0.000000 -1.122374 0.139664 
571 2.678959 0.000000 -0.979336 95.023987 0.000000 13.570821 0.078627 
572 2.678959 0.000000 -1.364934 95.233238 0.000000 15.537708 0.068921 
573 2.469723 0.000000 -0.400939 99.067824 0.000000 -0.430033 0.018538 
574 2.469723 0.000000 -0.593738 99.240962 0.000000 -0.454738 0.015102 
575 2.678959 0.000000 -0.400939 99.268609 0.000000 -0.457156 0.014553 
576 2.888196 0.000000 -0.400939 95.950276 0.000000 7.356198 0.073943 
577 2.888196 0.000000 -0.593738 95.756964 0.000000 10.248086 0.072558 
578 3.097433 0.000000 -0.400939 96.517451 0.000000 7.583518 0.062687 
579 2.469723 0.000000 0.370257 98.993452 0.000000 -0.421781 0.020012 
580 2.469723 0.000000 0.563056 99.067940 0.000000 -0.430053 0.018536 
581 6.445220 0.000000 -2.136130 98.028458 0.000000 17.690800 0.007746 
582 6.445220 0.000000 -2.907326 97.831766 0.000000 18.444387 0.008875 
583 7.282167 0.000000 -2.136130 98.131262 0.000000 17.962994 0.004759 
584 5.189800 0.000000 -0.979336 98.205128 0.000000 14.698222 0.013972 
585 5.189800 0.000000 -1.364934 97.937351 0.000000 15.798060 0.015870 
586 5.608273 0.000000 -0.979336 98.418215 0.000000 15.004038 0.008873 
587 3.306670 0.000000 -0.400939 96.939859 0.000000 7.853110 0.054099 
588 3.306670 0.000000 -0.593738 96.661104 0.000000 10.663909 0.054291 
589 3.306670 0.000000 0.370257 100.491758 0.000000 1.413213 -0.010059 
590 3.306670 0.000000 0.563056 101.262689 0.000000 4.557211 -0.027490 
591 2.155868 0.000000 -0.111740 96.799488 0.000000 -0.191146 0.062982 
592 2.155868 0.000000 -0.208140 98.052052 0.000000 -0.326315 0.038569 
593 2.260486 0.000000 -0.111740 97.711024 0.000000 -0.156858 0.045253 
594 2.155868 0.000000 0.273858 98.169277 0.000000 -0.442869 0.036260 
595 2.260486 0.000000 0.273858 98.611227 0.000000 -0.413789 0.027565 
596 2.155868 0.000000 0.370257 98.368647 0.000000 -0.423820 0.032343 
597 1.894322 0.000000 0.129258 94.264566 0.000000 -0.358762 0.111406 
598 1.842013 0.000000 0.129258 94.075089 0.000000 -0.363115 0.114975 
599 1.894322 0.000000 0.177458 96.321028 0.000000 -0.491695 0.072202 
600 1.737394 0.000000 0.273858 96.722676 0.000000 -0.607345 0.064436 
601 1.632776 0.000000 0.273858 96.543219 0.000000 -0.624135 0.067902 
602 1.737394 0.000000 0.370257 96.690315 0.000000 -0.611343 0.065061 
603 1.685085 0.000000 0.032859 92.627964 0.000000 -0.291004 0.141998 
604 1.685085 0.000000 -0.015341 91.202351 0.000000 -0.264032 0.168206 
605 1.685085 0.000000 0.081059 93.179798 0.000000 -0.333636 0.131741 
606 1.789703 0.000000 0.129258 93.908486 0.000000 -0.370514 0.118106 
607 1.737394 0.000000 0.129258 94.659174 0.000000 -0.411176 0.103947 
608 1.789703 0.000000 0.177458 95.152087 0.000000 -0.504311 0.094583 
609 1.685085 0.000000 0.129258 92.037851 0.000000 -0.353227 0.152891 
610 1.632776 0.000000 0.129258 92.151802 0.000000 -0.383834 0.150790 
611 1.685085 0.000000 0.177458 94.980838 0.000000 -0.516029 0.097837 
612 1.475848 0.000000 0.032859 86.035164 0.000000 -0.311227 0.259785 
613 1.475848 0.000000 -0.015341 83.152978 0.000000 -0.253115 0.308552 
614 1.475848 0.000000 0.081059 87.480673 0.000000 -0.355680 0.234701 
615 1.528158 0.000000 0.273858 96.345671 0.000000 -0.644209 0.071710 
616 1.423539 0.000000 0.273858 96.147575 0.000000 -0.665923 0.075520 
617 1.528158 0.000000 0.370257 96.349104 0.000000 -0.644916 0.071643 
618 1.580467 0.000000 0.129258 91.756500 0.000000 -0.389979 0.158059 
619 1.528158 0.000000 0.129258 90.805534 0.000000 -0.402886 0.175419 
620 1.580467 0.000000 0.177458 92.486145 0.000000 -0.479157 0.144608 
621 1.475848 0.000000 0.129258 90.069492 0.000000 -0.465640 0.188727 
622 1.423539 0.000000 0.129258 86.234361 0.000000 -0.427582 0.256345 
623 1.475848 0.000000 0.177458 92.825671 0.000000 -0.550152 0.138309 
624 1.318921 0.000000 0.273858 95.968217 0.000000 -0.686927 0.078963 
625 1.318921 0.000000 0.370257 96.008850 0.000000 -0.683110 0.078183 
626 1.371230 0.000000 0.129258 82.841500 0.000000 -0.420651 0.313711 
627 1.318921 0.000000 0.129258 82.142775 0.000000 -0.427355 0.325238 
628 1.371230 0.000000 0.177458 87.452874 0.000000 -0.510628 0.235173 
629 1.266612 0.000000 0.129258 81.409647 0.000000 -0.488408 0.337223 
630 1.266612 0.000000 0.177458 87.834766 0.000000 -0.581540 0.228472 
631 3.620525 0.000000 -0.111740 98.262815 0.000000 -0.000000 0.034442 
632 3.515906 0.000000 -0.111740 98.167732 0.000000 -0.000000 0.036310 
633 3.620525 0.000000 -0.208140 98.211722 0.000000 0.000000 0.035446 
634 4.091307 0.000000 -0.063541 98.063397 0.000000 -0.000000 0.038357 
635 4.091307 0.000000 -0.111740 98.081555 0.000000 0.000000 0.038001 
636 3.777452 0.000000 -0.063541 98.318720 0.000000 -0.000000 0.033343 
637 3.725143 0.000000 -0.063541 98.301252 0.000000 -0.000000 0.033686 
638 3.777452 0.000000 -0.111740 98.300449 0.000000 -0.000000 0.033702 
639 3.960534 0.000000 -0.039441 98.275130 0.000000 -0.000000 0.034200 
640 3.960534 0.000000 -0.063541 98.289346 0.000000 -0.000000 0.033920 
641 3.986689 0.000000 -0.039441 98.270392 0.000000 -0.000000 0.034293 
642 3.855916 0.000000 -0.039441 98.315703 0.000000 -0.000000 0.033402 
643 3.829761 0.000000 -0.039441 98.322965 0.000000 -0.000000 0.033259 
644 3.855916 0.000000 -0.063541 98.315213 0.000000 -0.000000 0.033412 
1 19 21 9 22 
2 20 19 22 4 
3 28 29 3 30 
4 21 28 30 9 
5 35 37 21 38 
6 36 35 38 19 
7 44 45 28 46 
8 37 44 46 21 
9 51 53 37 54 
10 52 51 54 35 
11 60 61 44 62 
12 53 60 62 37 
13 67 69 53 70 
14 68 67 70 51 
15 11 78 76 77 
16 78 10 24 76 
17 76 24 14 79 
18 77 76 79 6 
19 24 82 80 81 
20 82 23 40 80 
21 80 40 27 83 
22 81 80 83 14 
23 40 86 84 85 
24 86 39 56 84 
25 84 56 43 87 
26 85 84 87 27 
27 56 90 88 89 
28 89 88 91 43 
29 92 93 60 94 
30 69 92 94 53 
31 95 97 69 98 
32 96 95 98 67 
33 6 79 112 113 
34 79 14 36 112 
35 112 36 19 114 
36 113 112 114 20 
37 14 83 115 116 
38 83 27 52 115 
39 115 52 35 117 
40 116 115 117 36 
41 27 87 118 119 
42 87 43 68 118 
43 118 68 51 120 
44 119 118 120 52 
45 43 91 121 122 
46 121 96 67 123 
47 122 121 123 68 
48 124 126 95 127 
49 125 124 127 96 
50 133 134 92 135 
51 97 133 135 69 
52 136 137 97 138 
53 126 136 138 95 
54 147 148 133 149 
55 137 147 149 97 
56 110 152 150 151 
57 152 143 153 150 
58 150 153 146 154 
59 151 150 154 5 
60 15 156 155 33 
61 156 17 157 155 
62 155 157 8 158 
63 33 155 158 18 
64 31 160 159 49 
65 160 33 161 159 
66 159 161 18 162 
67 49 159 162 34 
68 164 49 165 163 
69 163 165 34 166 
70 143 176 175 153 
71 176 145 177 175 
72 175 177 107 178 
73 18 158 179 45 
74 158 8 180 179 
75 179 180 29 181 
76 45 179 181 28 
77 34 162 182 61 
78 162 18 183 182 
79 182 183 45 184 
80 61 182 184 44 
81 166 34 186 185 
82 185 186 61 187 
83 93 185 187 60 
84 188 189 93 190 
85 134 188 190 92 
86 191 192 134 193 
87 148 191 193 133 
88 145 195 194 177 
89 195 171 196 194 
90 194 196 174 197 
91 177 194 197 107 
92 205 207 137 208 
93 206 205 208 136 
94 12 216 214 215 
95 216 7 217 214 
96 214 217 13 25 
97 215 214 25 10 
98 25 220 218 219 
99 220 13 221 218 
100 218 221 26 41 
101 219 218 41 23 
102 41 224 222 223 
103 224 26 225 222 
104 222 225 42 57 
105 223 222 57 39 
106 57 228 226 227 
107 228 42 229 226 
108 226 229 58 73 
109 227 226 73 55 
110 73 232 230 231 
111 232 58 233 230 
112 230 233 74 109 
113 231 230 109 71 
114 109 236 234 235 
115 236 74 237 234 
116 234 237 110 203 
117 235 234 203 108 
118 108 240 238 239 
119 240 203 241 238 
120 238 241 202 211 
121 239 238 211 141 
122 202 243 242 212 
123 243 151 244 242 
124 242 244 5 245 
125 212 242 245 204 
126 211 248 246 247 
127 248 202 249 246 
128 246 249 212 250 
129 251 206 136 253 
130 252 251 253 126 
131 141 260 258 259 
132 260 211 247 258 
133 258 247 209 261 
134 259 258 261 210 
135 111 213 262 263 
136 213 204 264 262 
137 262 264 205 265 
138 263 262 265 206 
139 209 250 266 267 
140 250 212 268 266 
141 266 268 204 269 
142 267 266 269 213 
143 247 272 270 271 
144 272 246 273 270 
145 270 273 250 274 
146 271 270 274 209 
147 71 277 275 276 
148 277 109 235 275 
149 275 235 108 140 
150 276 275 140 102 
151 140 280 278 279 
152 280 108 239 278 
153 278 239 141 256 
154 279 278 256 139 
155 256 283 281 282 
156 283 141 259 281 
157 281 259 210 284 
158 282 281 284 254 
159 102 291 289 290 
160 291 140 279 289 
161 289 279 139 287 
162 290 289 287 131 
163 287 294 292 293 
164 294 139 295 292 
165 292 295 255 296 
166 293 292 296 285 
167 297 252 126 299 
168 298 297 299 124 
169 55 306 304 305 
170 306 73 231 304 
171 304 231 71 101 
172 305 304 101 72 
173 101 309 307 308 
174 309 71 276 307 
175 307 276 102 130 
176 308 307 130 99 
177 130 312 310 311 
178 312 102 290 310 
179 310 290 131 302 
180 311 310 302 128 
181 302 315 313 314 
182 315 131 316 313 
183 313 316 286 317 
184 314 313 317 300 
185 88 320 318 319 
186 320 72 100 318 
187 318 100 59 321 
188 319 318 321 91 
189 100 324 322 323 
190 324 99 129 322 
191 322 129 103 325 
192 323 322 325 59 
193 129 328 326 327 
194 327 326 329 103 
195 128 332 330 331 
196 332 302 314 330 
197 330 314 300 333 
198 331 330 333 301 
199 99 336 334 335 
200 336 130 311 334 
201 334 311 128 328 
202 335 334 328 129 
203 328 339 337 338 
204 339 128 331 337 
205 338 337 340 326 
206 91 321 341 342 
207 321 59 125 341 
208 341 125 96 343 
209 342 341 343 121 
210 59 325 344 345 
211 325 103 298 344 
212 344 298 124 346 
213 345 344 346 125 
214 103 329 347 348 
215 329 132 349 347 
216 347 349 297 350 
217 348 347 350 298 
218 326 340 351 352 
219 340 301 353 351 
220 351 353 132 354 
221 352 351 354 329 
222 337 357 355 356 
223 357 331 358 355 
224 355 358 301 359 
225 356 355 359 340 
226 360 361 188 362 
227 192 360 362 134 
228 65 369 368 169 
229 369 163 370 368 
230 368 370 166 371 
231 169 368 371 50 
232 167 373 372 200 
233 373 169 374 372 
234 372 374 50 375 
235 200 372 375 170 
236 377 200 378 376 
237 376 378 170 379 
238 66 367 380 381 
239 367 201 382 380 
240 380 382 360 383 
241 381 380 383 192 
242 384 387 201 388 
243 385 384 388 367 
244 7 390 389 217 
245 390 16 391 389 
246 389 391 15 32 
247 217 389 32 13 
248 13 393 392 221 
249 393 32 394 392 
250 392 394 31 48 
251 221 392 48 26 
252 26 396 395 225 
253 396 48 397 395 
254 395 397 47 64 
255 225 395 64 42 
256 64 400 398 399 
257 400 47 401 398 
258 398 401 65 168 
259 399 398 168 63 
260 63 404 402 403 
261 404 168 405 402 
262 402 405 167 199 
263 403 402 199 106 
264 106 408 406 407 
265 408 199 409 406 
266 406 409 198 365 
267 407 406 365 173 
268 365 412 410 411 
269 412 198 413 410 
270 50 371 414 189 
271 371 166 415 414 
272 414 415 185 416 
273 189 414 416 93 
274 170 375 417 361 
275 375 50 418 417 
276 417 418 189 419 
277 361 417 419 188 
278 201 379 420 382 
279 379 170 421 420 
280 420 421 361 422 
281 382 420 422 360 
282 366 424 423 387 
283 424 376 425 423 
284 423 425 379 426 
285 387 423 426 201 
286 429 366 430 427 
287 427 430 387 431 
288 428 427 431 384 
289 435 385 367 438 
290 436 435 438 66 
291 363 441 439 440 
292 439 428 384 442 
293 440 439 442 385 
294 199 444 443 409 
295 444 167 445 443 
296 443 445 200 377 
297 409 443 377 198 
298 198 447 446 413 
299 447 377 448 446 
300 446 448 376 424 
301 413 446 424 366 
302 410 451 449 450 
303 451 413 452 449 
304 449 452 366 429 
305 450 449 429 386 
306 386 455 453 454 
307 455 429 456 453 
308 453 456 427 457 
309 454 453 457 428 
310 173 460 458 459 
311 460 365 411 458 
312 411 463 461 462 
313 463 410 450 461 
314 461 450 386 441 
315 462 461 441 363 
316 441 466 464 465 
317 466 386 454 464 
318 464 454 428 467 
319 465 464 467 439 
320 437 470 468 469 
321 470 363 440 468 
322 468 440 385 471 
323 469 468 471 435 
324 174 434 472 473 
325 434 66 381 472 
326 472 381 192 474 
327 473 472 474 191 
328 475 436 66 478 
329 476 475 478 434 
330 481 437 469 479 
331 479 469 435 482 
332 480 479 482 436 
333 42 484 483 229 
334 484 64 399 483 
335 483 399 63 105 
336 229 483 105 58 
337 105 487 485 486 
338 487 63 403 485 
339 485 403 106 172 
340 486 485 172 104 
341 172 490 488 489 
342 490 106 407 488 
343 488 407 173 433 
344 489 488 433 171 
345 433 493 491 492 
346 493 173 459 491 
347 494 480 436 497 
348 495 494 497 475 
349 459 500 498 499 
350 500 458 501 498 
351 498 501 437 481 
352 364 504 502 503 
353 504 481 505 502 
354 502 505 479 506 
355 503 502 506 480 
356 491 509 507 508 
357 509 459 499 507 
358 512 364 503 510 
359 510 503 480 513 
360 511 510 513 494 
361 196 516 514 515 
362 516 432 476 514 
363 514 476 434 517 
364 515 514 517 174 
365 432 520 518 519 
366 520 477 495 518 
367 518 495 475 521 
368 519 518 521 476 
369 477 524 522 523 
370 524 496 511 522 
371 522 511 494 525 
372 523 522 525 495 
373 507 528 526 527 
374 528 499 529 526 
375 526 529 364 512 
376 527 526 512 496 
377 496 532 530 531 
378 532 512 533 530 
379 530 533 510 534 
380 531 530 534 511 
381 146 178 535 536 
382 178 107 537 535 
383 535 537 148 538 
384 536 535 538 147 
385 153 541 539 540 
386 541 175 542 539 
387 539 542 178 543 
388 540 539 543 146 
389 1 546 544 545 
390 546 12 215 544 
391 544 215 10 78 
392 545 544 78 11 
393 16 548 547 391 
394 548 2 549 547 
395 547 549 17 156 
396 391 547 156 15 
397 10 552 550 551 
398 552 25 219 550 
399 550 219 23 82 
400 551 550 82 24 
401 32 554 553 394 
402 554 15 555 553 
403 553 555 33 160 
404 394 553 160 31 
405 23 558 556 557 
406 558 41 223 556 
407 556 223 39 86 
408 557 556 86 40 
409 48 560 559 397 
410 560 31 561 559 
411 559 561 49 164 
412 397 559 164 47 
413 39 564 562 563 
414 564 57 227 562 
415 562 227 55 90 
416 563 562 90 56 
417 90 567 565 566 
418 567 55 305 565 
419 565 305 72 320 
420 566 565 320 88 
421 72 570 568 569 
422 570 101 308 568 
423 568 308 99 324 
424 569 568 324 100 
425 58 572 571 233 
426 572 105 486 571 
427 571 486 104 144 
428 233 571 144 74 
429 74 574 573 237 
430 574 144 575 573 
431 573 575 143 152 
432 237 573 152 110 
433 144 577 576 575 
434 577 104 578 576 
435 576 578 145 176 
436 575 576 176 143 
437 5 154 579 207 
438 154 146 536 579 
439 579 536 147 580 
440 207 579 580 137 
441 47 582 581 401 
442 582 164 583 581 
443 581 583 163 369 
444 401 581 369 65 
445 168 585 584 405 
446 585 65 586 584 
447 584 586 169 373 
448 405 584 373 167 
449 104 588 587 578 
450 588 172 489 587 
451 587 489 171 195 
452 578 587 195 145 
453 107 197 589 537 
454 197 174 473 589 
455 589 473 191 590 
456 537 589 590 148 
457 203 592 591 241 
458 592 110 593 591 
459 591 593 151 243 
460 241 591 243 202 
461 204 245 594 264 
462 245 5 595 594 
463 594 595 207 596 
464 264 594 596 205 
465 210 261 597 598 
466 261 209 267 597 
467 597 267 213 599 
468 598 597 599 111 
469 142 257 600 601 
470 257 111 263 600 
471 600 263 206 602 
472 601 600 602 251 
473 139 604 603 295 
474 604 256 282 603 
475 603 282 254 605 
476 295 603 605 255 
477 254 284 606 607 
478 284 210 598 606 
479 606 598 111 608 
480 607 606 608 257 
481 255 605 609 610 
482 605 254 607 609 
483 609 607 257 611 
484 610 609 611 142 
485 131 613 612 316 
486 613 287 293 612 
487 612 293 285 614 
488 316 612 614 286 
489 75 288 615 616 
490 288 142 601 615 
491 615 601 251 617 
492 616 615 617 252 
493 285 296 618 619 
494 296 255 610 618 
495 618 610 142 620 
496 619 618 620 288 
497 286 614 621 622 
498 614 285 619 621 
499 621 619 288 623 
500 622 621 623 75 
501 132 303 624 349 
502 303 75 616 624 
503 624 616 252 625 
504 349 624 625 297 
505 300 317 626 627 
506 317 286 622 626 
507 626 622 75 628 
508 627 626 628 303 
509 301 333 629 353 
510 333 300 627 629 
511 629 627 303 630 
512 353 629 630 132 
513 171 633 631 632 
514 633 433 492 631 
515 631 492 432 516 
516 632 631 516 196 
517 458 635 634 501 
518 635 411 462 634 
519 634 462 363 470 
520 501 634 470 437 
521 492 638 636 637 
522 638 491 508 636 
523 636 508 477 520 
524 637 636 520 432 
525 499 640 639 529 
526 640 498 641 639 
527 639 641 481 504 
528 529 639 504 364 
529 508 644 642 643 
530 644 507 527 642 
531 642 527 496 524 
532 643 642 524 477 
