2 0.000000 100.000000 473.401889
669 553 
1 -37.471777 0.000000 -37.628235 99.951074 0.000000 -3.492708 -0.000242 
2 44.013134 0.000000 -37.628235 99.953018 0.000000 -3.410054 -0.000223 
3 44.013134 0.000000 37.925470 99.929254 0.000000 -3.417822 0.000246 
4 -37.471777 0.000000 37.925470 99.927474 0.000000 -3.492734 0.000230 
5 3.270679 0.000000 0.148617 102.542369 0.000000 0.429170 -0.051512 
6 -37.471777 0.000000 0.148617 99.939171 0.000000 -3.505928 -0.000013 
7 3.270679 0.000000 -37.628235 99.977408 0.000000 -3.452862 -0.000740 
8 44.013134 0.000000 0.148617 100.070533 0.000000 0.302053 -0.001420 
9 3.270679 0.000000 37.925470 99.902595 0.000000 -3.453688 0.000754 
10 -17.100549 0.000000 -18.739809 99.986046 0.000000 -3.501282 -0.000947 
11 -37.471777 0.000000 -18.739809 99.950345 0.000000 -3.500111 -0.000232 
12 -17.100549 0.000000 -37.628235 99.965115 0.000000 -3.484191 -0.000516 
13 3.270679 0.000000 -18.739809 100.083274 0.000000 -3.355426 -0.002792 
14 -17.100549 0.000000 0.148617 99.937758 0.000000 -3.554658 -0.000019 
15 23.641907 0.000000 -18.739809 99.989158 0.000000 -3.208303 -0.000812 
16 23.641907 0.000000 -37.628235 99.966245 0.000000 -3.420765 -0.000495 
17 44.013134 0.000000 -18.739809 99.959509 0.000000 -3.188178 -0.000207 
18 23.641907 0.000000 0.148617 100.164631 0.000000 3.167244 -0.004298 
19 -17.100549 0.000000 19.037044 99.892556 0.000000 -3.500520 0.000922 
20 -37.471777 0.000000 19.037044 99.928126 0.000000 -3.500045 0.000212 
21 3.270679 0.000000 19.037044 99.798757 0.000000 -3.353845 0.002896 
22 -17.100549 0.000000 37.925470 99.913843 0.000000 -3.484275 0.000508 
23 -6.914935 0.000000 -9.295596 100.124364 0.000000 -3.545808 -0.003746 
24 -17.100549 0.000000 -9.295596 99.982828 0.000000 -3.530940 -0.000903 
25 -6.914935 0.000000 -18.739809 100.038910 0.000000 -3.469033 -0.001982 
26 3.270679 0.000000 -9.295596 100.421863 0.000000 -3.081672 -0.009405 
27 -6.914935 0.000000 0.148617 99.921109 0.000000 -3.767132 0.000158 
28 23.641907 0.000000 19.037044 99.898838 0.000000 -3.222447 0.000984 
29 44.013134 0.000000 19.037044 99.935642 0.000000 -3.237577 0.000239 
30 23.641907 0.000000 37.925470 99.915108 0.000000 -3.424227 0.000525 
31 13.456293 0.000000 -9.295596 100.121210 0.000000 -2.650372 -0.003128 
32 13.456293 0.000000 -18.739809 100.040011 0.000000 -3.244422 -0.001853 
33 23.641907 0.000000 -9.295596 100.002629 0.000000 -2.629875 -0.000744 
34 13.456293 0.000000 0.148617 99.851894 0.000000 -2.031632 0.002547 
35 -6.914935 0.000000 9.592831 99.748798 0.000000 -3.536711 0.003767 
36 -17.100549 0.000000 9.592831 99.894282 0.000000 -3.529643 0.000867 
37 3.270679 0.000000 9.592831 99.467289 0.000000 -3.066418 0.009686 
38 -6.914935 0.000000 19.037044 99.840609 0.000000 -3.467116 0.001983 
39 -1.822128 0.000000 -4.573489 100.582665 0.000000 -3.665133 -0.013031 
40 -6.914935 0.000000 -4.573489 100.109393 0.000000 -3.666389 -0.003533 
41 -1.822128 0.000000 -9.295596 100.306220 0.000000 -3.430317 -0.007310 
42 3.270679 0.000000 -4.573489 101.169471 0.000000 -2.558766 -0.024181 
43 -1.822128 0.000000 0.148617 99.650921 0.000000 -4.804364 0.004661 
44 13.456293 0.000000 9.592831 99.787618 0.000000 -2.671440 0.003529 
45 23.641907 0.000000 9.592831 99.921107 0.000000 -2.714790 0.000840 
46 13.456293 0.000000 19.037044 99.849206 0.000000 -3.249441 0.001958 
47 8.363486 0.000000 -4.573489 100.555552 0.000000 -1.624711 -0.011406 
48 8.363486 0.000000 -9.295596 100.284777 0.000000 -2.760066 -0.006465 
49 13.456293 0.000000 -4.573489 100.136024 0.000000 -1.464574 -0.002937 
50 8.363486 0.000000 0.148617 98.721616 0.000000 2.523442 0.024767 
51 -1.822128 0.000000 4.870724 99.274107 0.000000 -3.603704 0.013166 
52 -6.914935 0.000000 4.870724 99.750091 0.000000 -3.652376 0.003658 
53 3.270679 0.000000 4.870724 98.778496 0.000000 -2.586346 0.023612 
54 -1.822128 0.000000 9.592831 99.570983 0.000000 -3.411719 0.007398 
55 0.724275 0.000000 -2.212436 101.735125 0.000000 -3.427041 -0.036178 
56 -1.822128 0.000000 -2.212436 100.672693 0.000000 -4.086010 -0.015169 
57 0.724275 0.000000 -4.573489 101.012708 0.000000 -3.286609 -0.021437 
58 3.270679 0.000000 -2.212436 102.379351 0.000000 -1.583474 -0.048404 
59 0.724275 0.000000 0.148617 96.258428 0.000000 -0.094743 0.073431 
60 8.363486 0.000000 4.870724 99.406843 0.000000 -1.830359 0.011493 
61 13.456293 0.000000 4.870724 99.812688 0.000000 -1.811986 0.003414 
62 8.363486 0.000000 9.592831 99.614177 0.000000 -2.759463 0.006940 
63 5.817082 0.000000 -2.212436 101.419992 0.000000 -0.235717 -0.028607 
64 5.817082 0.000000 -4.573489 100.877341 0.000000 -1.953848 -0.018006 
65 8.363486 0.000000 -2.212436 101.114958 0.000000 0.900152 -0.022505 
66 5.817082 0.000000 0.148617 101.235009 0.000000 0.179920 -0.024856 
67 0.724275 0.000000 2.509671 98.185271 0.000000 -3.143245 0.034977 
68 -1.822128 0.000000 2.509671 99.122863 0.000000 -3.918383 0.015930 
69 3.270679 0.000000 2.509671 97.943038 0.000000 -2.035988 0.040302 
70 0.724275 0.000000 4.870724 98.895022 0.000000 -3.220933 0.020940 
71 1.997477 0.000000 -1.031909 101.978501 0.000000 -0.938911 -0.040050 
72 0.724275 0.000000 -1.031909 101.032508 0.000000 -3.779250 -0.022185 
73 1.997477 0.000000 -2.212436 102.321928 0.000000 -2.793648 -0.047758 
74 3.270679 0.000000 -1.031909 106.100419 0.000000 1.760113 -0.126040 
75 1.997477 0.000000 0.148617 98.031750 0.000000 -0.209311 0.038973 
76 -27.286163 0.000000 -9.295596 99.954453 0.000000 -3.513160 -0.000323 
77 -37.471777 0.000000 -9.295596 99.946058 0.000000 -3.504181 -0.000149 
78 -27.286163 0.000000 -18.739809 99.960967 0.000000 -3.502927 -0.000447 
79 -27.286163 0.000000 0.148617 99.938981 0.000000 -3.518394 -0.000018 
80 -12.007742 0.000000 -4.573489 99.999394 0.000000 -3.592912 -0.001279 
81 -17.100549 0.000000 -4.573489 99.965440 0.000000 -3.547070 -0.000567 
82 -12.007742 0.000000 -9.295596 100.025120 0.000000 -3.545699 -0.001760 
83 -12.007742 0.000000 0.148617 99.934483 0.000000 -3.620880 -0.000001 
84 -4.368532 0.000000 -2.212436 100.168671 0.000000 -3.895343 -0.004894 
85 -6.914935 0.000000 -2.212436 100.038605 0.000000 -3.739218 -0.002170 
86 -4.368532 0.000000 -4.573489 100.265514 0.000000 -3.713981 -0.006697 
87 -4.368532 0.000000 0.148617 99.891484 0.000000 -3.989180 0.000578 
88 -0.548927 0.000000 -1.031909 102.125746 0.000000 -4.536750 -0.045025 
89 -1.822128 0.000000 -1.031909 100.485683 0.000000 -4.529886 -0.011789 
90 -0.548927 0.000000 -2.212436 101.259772 0.000000 -3.891351 -0.026868 
91 -0.548927 0.000000 0.148617 97.375234 0.000000 -8.619708 0.044376 
92 5.817082 0.000000 2.509671 98.683622 0.000000 -1.190991 0.026012 
93 8.363486 0.000000 2.509671 99.288684 0.000000 -0.956494 0.014084 
94 5.817082 0.000000 4.870724 99.057491 0.000000 -2.060064 0.018337 
95 1.997477 0.000000 1.329144 97.577134 0.000000 -1.758567 0.047561 
96 0.724275 0.000000 1.329144 97.562501 0.000000 -1.779178 0.047839 
97 3.270679 0.000000 1.329144 97.357032 0.000000 -1.622474 0.051898 
98 1.997477 0.000000 2.509671 97.938549 0.000000 -2.615966 0.040120 
99 1.360876 0.000000 -0.441646 100.687066 0.000000 -0.939626 -0.013877 
100 0.724275 0.000000 -0.441646 99.977990 0.000000 -0.766308 0.000381 
101 1.360876 0.000000 -1.031909 100.278774 0.000000 -0.862768 -0.005658 
102 1.997477 0.000000 -0.441646 102.743820 0.000000 -0.646836 -0.055671 
103 1.360876 0.000000 0.148617 98.984459 0.000000 -0.198494 0.020204 
104 4.543880 0.000000 -1.031909 101.008522 0.000000 2.072792 -0.020702 
105 4.543880 0.000000 -2.212436 101.864047 0.000000 -0.665513 -0.037673 
106 5.817082 0.000000 -1.031909 100.769698 0.000000 1.657629 -0.015728 
107 4.543880 0.000000 0.148617 103.075978 0.000000 0.695645 -0.062514 
108 2.634078 0.000000 -0.441646 106.303844 0.000000 -0.328170 -0.130061 
109 2.634078 0.000000 -1.031909 103.951011 0.000000 -0.035897 -0.080581 
110 3.270679 0.000000 -0.441646 105.782534 0.000000 2.749397 -0.119750 
111 2.634078 0.000000 0.148617 101.471063 0.000000 0.060636 -0.029638 
112 -27.286163 0.000000 9.592831 99.923720 0.000000 -3.512907 0.000291 
113 -37.471777 0.000000 9.592831 99.932327 0.000000 -3.504119 0.000125 
114 -27.286163 0.000000 19.037044 99.917538 0.000000 -3.502696 0.000422 
115 -12.007742 0.000000 4.870724 99.870062 0.000000 -3.595795 0.001304 
116 -17.100549 0.000000 4.870724 99.910643 0.000000 -3.546123 0.000529 
117 -12.007742 0.000000 9.592831 99.849833 0.000000 -3.543837 0.001745 
118 -4.368532 0.000000 2.509671 99.646863 0.000000 -3.858969 0.005561 
119 -6.914935 0.000000 2.509671 99.809655 0.000000 -3.728369 0.002413 
120 -4.368532 0.000000 4.870724 99.585276 0.000000 -3.681840 0.006922 
121 -0.548927 0.000000 1.329144 97.733226 0.000000 -3.785874 0.043388 
122 -1.822128 0.000000 1.329144 99.111648 0.000000 -4.295379 0.015843 
123 -0.548927 0.000000 2.509671 98.591308 0.000000 -3.667867 0.026630 
124 1.360876 0.000000 0.738881 100.281046 0.000000 -0.863482 -0.005703 
125 0.724275 0.000000 0.738881 97.388084 0.000000 0.510665 0.051530 
126 1.997477 0.000000 0.738881 102.001526 0.000000 -0.939427 -0.040519 
127 1.360876 0.000000 1.329144 97.734178 0.000000 -1.681379 0.044520 
128 1.679176 0.000000 -0.146514 100.378396 0.000000 -0.248891 -0.007588 
129 1.360876 0.000000 -0.146514 98.999384 0.000000 -0.205030 0.019908 
130 1.679176 0.000000 -0.441646 101.679356 0.000000 -0.924564 -0.033955 
131 1.997477 0.000000 -0.146514 98.917603 0.000000 -0.470635 0.021509 
132 1.679176 0.000000 0.148617 100.369818 0.000000 -0.238444 -0.007416 
133 4.543880 0.000000 1.329144 97.812186 0.000000 -0.903255 0.043196 
134 5.817082 0.000000 1.329144 98.493862 0.000000 -0.506809 0.029870 
135 4.543880 0.000000 2.509671 98.258348 0.000000 -1.509022 0.034302 
136 2.634078 0.000000 0.738881 103.950603 0.000000 -0.028053 -0.080573 
137 3.270679 0.000000 0.738881 106.077934 0.000000 1.758230 -0.125562 
138 2.634078 0.000000 1.329144 97.418572 0.000000 -1.766075 0.050650 
139 2.315777 0.000000 -0.146514 100.323215 0.000000 -0.506858 -0.006500 
140 2.315777 0.000000 -0.441646 102.874476 0.000000 -0.598951 -0.058352 
141 2.634078 0.000000 -0.146514 103.590135 0.000000 -0.278298 -0.073099 
142 2.315777 0.000000 0.148617 99.107784 0.000000 -0.081061 0.017764 
143 3.907279 0.000000 -0.441646 102.394375 0.000000 2.355937 -0.049016 
144 3.907279 0.000000 -1.031909 103.077724 0.000000 2.540841 -0.063147 
145 4.543880 0.000000 -0.441646 101.290188 0.000000 2.177405 -0.026444 
146 3.907279 0.000000 0.148617 104.443691 0.000000 0.722774 -0.090901 
147 2.952378 0.000000 -0.146514 105.132155 0.000000 0.589236 -0.105312 
148 2.952378 0.000000 -0.441646 108.035078 0.000000 1.210120 -0.167304 
149 3.270679 0.000000 -0.146514 103.952154 0.000000 1.497677 -0.080829 
150 2.952378 0.000000 0.148617 102.125533 0.000000 0.193770 -0.042966 
151 3.907279 0.000000 0.738881 103.074696 0.000000 2.537193 -0.063083 
152 4.543880 0.000000 0.738881 101.008631 0.000000 2.072783 -0.020704 
153 3.907279 0.000000 1.329144 97.507965 0.000000 -1.262633 0.049060 
154 3.588979 0.000000 -0.146514 103.217374 0.000000 1.292322 -0.065550 
155 3.588979 0.000000 -0.441646 103.626942 0.000000 2.529209 -0.074494 
156 3.907279 0.000000 -0.146514 103.595998 0.000000 1.192394 -0.073355 
157 3.588979 0.000000 0.148617 103.352828 0.000000 0.608844 -0.068218 
158 33.827521 0.000000 -9.295596 99.983101 0.000000 -2.594310 -0.000335 
159 33.827521 0.000000 -18.739809 99.969255 0.000000 -3.194983 -0.000406 
160 44.013134 0.000000 -9.295596 99.977022 0.000000 -2.554902 -0.000193 
161 33.827521 0.000000 0.148617 100.136699 0.000000 2.232252 -0.003234 
162 18.549100 0.000000 -4.573489 100.051926 0.000000 -1.451736 -0.001250 
163 18.549100 0.000000 -9.295596 100.039629 0.000000 -2.629969 -0.001484 
164 23.641907 0.000000 -4.573489 100.029927 0.000000 -1.387769 -0.000791 
165 18.549100 0.000000 0.148617 100.062435 0.000000 0.469818 -0.001271 
166 10.909889 0.000000 -2.212436 100.447494 0.000000 2.014559 -0.009376 
167 10.909889 0.000000 -4.573489 100.292414 0.000000 -1.480018 -0.006076 
168 13.456293 0.000000 -2.212436 100.097202 0.000000 1.918404 -0.002313 
169 10.909889 0.000000 0.148617 99.673127 0.000000 -1.832565 0.006191 
170 7.090284 0.000000 -1.031909 101.738982 0.000000 -17.951190 -0.067307 
171 7.090284 0.000000 -2.212436 101.283778 0.000000 0.223981 -0.025845 
172 8.363486 0.000000 -1.031909 101.523392 0.000000 -18.314272 -0.064241 
173 7.090284 0.000000 0.148617 99.804152 0.000000 4.633962 0.001766 
174 5.180481 0.000000 -0.441646 100.901207 0.000000 1.904914 -0.018468 
175 5.180481 0.000000 -1.031909 100.904436 0.000000 1.846502 -0.018511 
176 5.817082 0.000000 -0.441646 101.190865 0.000000 0.382737 -0.023974 
177 5.180481 0.000000 0.148617 101.809812 0.000000 0.431641 -0.036542 
178 33.827521 0.000000 9.592831 99.946386 0.000000 -2.757513 0.000312 
179 44.013134 0.000000 9.592831 99.954915 0.000000 -2.798695 0.000118 
180 33.827521 0.000000 19.037044 99.924677 0.000000 -3.227387 0.000464 
181 18.549100 0.000000 4.870724 99.925262 0.000000 -1.907158 0.001130 
182 23.641907 0.000000 4.870724 99.959701 0.000000 -1.982124 0.000413 
183 18.549100 0.000000 9.592831 99.878288 0.000000 -2.680503 0.001714 
184 10.909889 0.000000 2.509671 99.683770 0.000000 -0.853787 0.006242 
185 13.456293 0.000000 2.509671 99.896027 0.000000 -0.967086 0.001985 
186 10.909889 0.000000 4.870724 99.661125 0.000000 -1.782092 0.006448 
187 7.090284 0.000000 1.329144 98.939649 0.000000 -0.352064 0.021082 
188 8.363486 0.000000 1.329144 99.157043 0.000000 -0.299188 0.016779 
189 7.090284 0.000000 2.509671 99.034231 0.000000 -1.054204 0.019111 
190 5.180481 0.000000 0.738881 100.904668 0.000000 1.846967 -0.018516 
191 5.817082 0.000000 0.738881 100.769704 0.000000 1.657634 -0.015728 
192 5.180481 0.000000 1.329144 98.172848 0.000000 -0.619958 0.036171 
193 4.862181 0.000000 -0.146514 102.025257 0.000000 0.614725 -0.040953 
194 4.543880 0.000000 -0.146514 102.427558 0.000000 1.120630 -0.049266 
195 4.862181 0.000000 -0.441646 100.979620 0.000000 2.014974 -0.020094 
196 5.180481 0.000000 -0.146514 101.818589 0.000000 0.407279 -0.036719 
197 4.862181 0.000000 0.148617 102.046026 0.000000 0.590248 -0.041374 
198 6.453683 0.000000 -0.441646 100.828471 0.000000 -0.000000 -0.016638 
199 6.453683 0.000000 -1.031909 101.321182 0.000000 -18.807170 -0.061969 
200 7.090284 0.000000 -0.441646 101.737340 0.000000 1.530882 -0.035283 
201 6.453683 0.000000 0.148617 100.789933 0.000000 -0.000000 -0.015861 
202 13.456293 0.000000 -28.184022 99.995881 0.000000 -3.384963 -0.001063 
203 3.270679 0.000000 -28.184022 100.005812 0.000000 -3.426038 -0.001290 
204 13.456293 0.000000 -37.628235 99.974012 0.000000 -3.433984 -0.000660 
205 23.641907 0.000000 -28.184022 99.977481 0.000000 -3.361929 -0.000680 
206 8.363486 0.000000 -14.017702 100.147682 0.000000 -3.132147 -0.003937 
207 3.270679 0.000000 -14.017702 100.186589 0.000000 -3.273092 -0.004807 
208 8.363486 0.000000 -18.739809 100.070206 0.000000 -3.289030 -0.002486 
209 13.456293 0.000000 -14.017702 100.075471 0.000000 -3.060805 -0.002447 
210 5.817082 0.000000 -6.934543 100.570023 0.000000 -2.575283 -0.012096 
211 3.270679 0.000000 -6.934543 100.688562 0.000000 -2.897335 -0.014658 
212 5.817082 0.000000 -9.295596 100.374299 0.000000 -2.893676 -0.008337 
213 8.363486 0.000000 -6.934543 100.395417 0.000000 -2.373125 -0.008487 
214 4.543880 0.000000 -3.392963 101.391318 0.000000 -1.729414 -0.028319 
215 3.270679 0.000000 -3.392963 101.609720 0.000000 -2.250825 -0.032960 
216 4.543880 0.000000 -4.573489 101.050823 0.000000 -2.211026 -0.021616 
217 5.817082 0.000000 -3.392963 101.115872 0.000000 -1.380874 -0.022633 
218 5.180481 0.000000 -1.622173 101.672809 0.000000 0.495461 -0.033761 
219 4.543880 0.000000 -1.622173 102.192277 0.000000 0.400158 -0.044342 
220 5.180481 0.000000 -2.212436 101.583534 0.000000 -0.405625 -0.031938 
221 5.817082 0.000000 -1.622173 101.432311 0.000000 0.218491 -0.028856 
222 4.862181 0.000000 -0.736778 100.986766 0.000000 2.029319 -0.020245 
223 4.543880 0.000000 -0.736778 101.418967 0.000000 2.229467 -0.029078 
224 4.862181 0.000000 -1.031909 100.910051 0.000000 1.934572 -0.018658 
225 5.180481 0.000000 -0.736778 100.903736 0.000000 1.913618 -0.018523 
226 5.498782 0.000000 -0.146514 101.619368 0.000000 0.227174 -0.032655 
227 5.498782 0.000000 -0.441646 101.185787 0.000000 0.765181 -0.023915 
228 5.817082 0.000000 -0.146514 101.229897 0.000000 0.224391 -0.024754 
229 5.498782 0.000000 0.148617 101.621991 0.000000 0.219907 -0.032708 
230 5.021331 0.000000 -0.294080 101.334064 0.000000 1.436357 -0.027066 
231 4.862181 0.000000 -0.294080 100.886277 0.000000 1.801713 -0.018129 
232 5.021331 0.000000 -0.441646 100.903692 0.000000 1.910527 -0.018521 
233 5.180481 0.000000 -0.294080 101.317703 0.000000 1.143839 -0.026659 
234 5.021331 0.000000 -0.146514 101.634731 0.000000 0.901950 -0.033043 
235 4.225580 0.000000 -0.146514 103.642766 0.000000 1.136268 -0.074311 
236 4.225580 0.000000 -0.441646 101.839248 0.000000 2.330521 -0.037666 
237 4.225580 0.000000 0.148617 104.469172 0.000000 0.751587 -0.091437 
238 4.703031 0.000000 -0.294080 101.161586 0.000000 1.734324 -0.023667 
239 4.543880 0.000000 -0.294080 101.169761 0.000000 2.082261 -0.023966 
240 4.703031 0.000000 -0.441646 100.988793 0.000000 2.034035 -0.020287 
241 4.703031 0.000000 -0.146514 101.647749 0.000000 1.240088 -0.033380 
242 4.862181 0.000000 0.443749 100.987753 0.000000 2.031247 -0.020265 
243 4.543880 0.000000 0.443749 101.004659 0.000000 2.066075 -0.020621 
244 5.180481 0.000000 0.443749 100.904056 0.000000 1.914869 -0.018530 
245 4.862181 0.000000 0.738881 100.910064 0.000000 1.935066 -0.018659 
246 5.021331 0.000000 0.001052 102.126207 0.000000 0.291758 -0.042985 
247 4.862181 0.000000 0.001052 102.146653 0.000000 0.482390 -0.043417 
248 5.180481 0.000000 0.001052 101.890799 0.000000 0.308930 -0.038183 
249 5.021331 0.000000 0.148617 101.647465 0.000000 0.799301 -0.033285 
250 4.941756 0.000000 -0.220297 101.080247 0.000000 1.438669 -0.021929 
251 4.862181 0.000000 -0.220297 101.122880 0.000000 1.541968 -0.022821 
252 4.941756 0.000000 -0.294080 100.920798 0.000000 1.619477 -0.018763 
253 5.021331 0.000000 -0.220297 101.141837 0.000000 1.350904 -0.023150 
254 4.941756 0.000000 -0.146514 101.960429 0.000000 0.668973 -0.039638 
255 4.703031 0.000000 0.001052 102.871026 0.000000 0.140220 -0.058247 
256 4.543880 0.000000 0.001052 103.266615 0.000000 0.569364 -0.066432 
257 4.703031 0.000000 0.148617 101.932752 0.000000 0.930570 -0.039115 
258 4.782606 0.000000 -0.220297 101.226361 0.000000 1.530569 -0.024912 
259 4.703031 0.000000 -0.220297 101.288960 0.000000 1.565802 -0.026191 
260 4.782606 0.000000 -0.294080 101.107165 0.000000 1.722109 -0.022562 
261 4.782606 0.000000 -0.146514 101.753948 0.000000 0.977290 -0.035482 
262 -6.914935 0.000000 -28.184022 99.994792 0.000000 -3.466797 -0.001098 
263 -17.100549 0.000000 -28.184022 99.975059 0.000000 -3.488197 -0.000718 
264 -6.914935 0.000000 -37.628235 99.973460 0.000000 -3.471567 -0.000674 
265 -1.822128 0.000000 -14.017702 100.153766 0.000000 -3.412850 -0.004242 
266 -6.914935 0.000000 -14.017702 100.087529 0.000000 -3.494487 -0.002972 
267 -1.822128 0.000000 -18.739809 100.072682 0.000000 -3.426326 -0.002628 
268 0.724275 0.000000 -6.934543 100.618831 0.000000 -3.261589 -0.013479 
269 -1.822128 0.000000 -6.934543 100.432692 0.000000 -3.496413 -0.009895 
270 0.724275 0.000000 -9.295596 100.394075 0.000000 -3.279160 -0.008972 
271 1.997477 0.000000 -3.392963 101.586950 0.000000 -2.880107 -0.032820 
272 0.724275 0.000000 -3.392963 101.311339 0.000000 -3.357311 -0.027526 
273 1.997477 0.000000 -4.573489 101.156926 0.000000 -2.947074 -0.024141 
274 2.634078 0.000000 -1.622173 103.286170 0.000000 -1.983173 -0.067197 
275 1.997477 0.000000 -1.622173 102.938380 0.000000 -3.092281 -0.060587 
276 2.634078 0.000000 -2.212436 102.476596 0.000000 -2.191427 -0.050626 
277 3.270679 0.000000 -1.622173 103.065594 0.000000 -0.916194 -0.062336 
278 2.315777 0.000000 -0.736778 103.509259 0.000000 -0.202151 -0.071421 
279 1.997477 0.000000 -0.736778 102.877071 0.000000 -0.626136 -0.058408 
280 2.315777 0.000000 -1.031909 103.320966 0.000000 -0.566301 -0.067554 
281 2.634078 0.000000 -0.736778 103.841191 0.000000 0.186731 -0.078303 
282 2.156627 0.000000 -0.294080 100.858541 0.000000 -0.761839 -0.017303 
283 1.997477 0.000000 -0.294080 100.307364 0.000000 -0.763913 -0.006215 
284 2.156627 0.000000 -0.441646 103.177803 0.000000 -0.300508 -0.064575 
285 2.315777 0.000000 -0.294080 102.296217 0.000000 -0.952484 -0.046542 
286 2.156627 0.000000 -0.146514 99.219348 0.000000 -0.497768 0.015527 
287 1.360876 0.000000 -1.622173 102.181757 0.000000 -3.503790 -0.045339 
288 0.724275 0.000000 -1.622173 101.845132 0.000000 -3.372758 -0.038381 
289 1.360876 0.000000 -2.212436 102.018220 0.000000 -3.209523 -0.041802 
290 1.679176 0.000000 -0.736778 101.762940 0.000000 -0.928377 -0.035656 
291 1.360876 0.000000 -0.736778 100.708720 0.000000 -0.944495 -0.014314 
292 1.679176 0.000000 -1.031909 100.756323 0.000000 -0.955262 -0.015275 
293 1.838327 0.000000 -0.294080 100.808141 0.000000 -0.651310 -0.016271 
294 1.679176 0.000000 -0.294080 101.298862 0.000000 -0.652456 -0.026189 
295 1.838327 0.000000 -0.441646 102.607882 0.000000 -0.654699 -0.052881 
296 1.838327 0.000000 -0.146514 99.702553 0.000000 -0.218811 0.005935 
297 0.087674 0.000000 -0.441646 103.660089 0.000000 -5.275472 -0.077324 
298 -0.548927 0.000000 -0.441646 102.715786 0.000000 -7.100776 -0.060095 
299 0.087674 0.000000 -1.031909 102.524877 0.000000 -3.181653 -0.052147 
300 0.087674 0.000000 0.148617 84.542061 0.000000 -0.000000 0.285264 
301 1.042576 0.000000 -0.146514 97.728046 0.000000 -0.199920 0.044919 
302 0.724275 0.000000 -0.146514 96.264101 0.000000 -0.096258 0.073321 
303 1.042576 0.000000 -0.441646 100.265629 0.000000 -0.858587 -0.005393 
304 1.042576 0.000000 0.148617 97.709788 0.000000 -0.195759 0.045276 
305 1.520026 0.000000 -0.294080 100.885408 0.000000 -0.626317 -0.017826 
306 1.360876 0.000000 -0.294080 100.179568 0.000000 -0.599602 -0.003631 
307 1.520026 0.000000 -0.441646 101.655761 0.000000 -0.921922 -0.033474 
308 1.520026 0.000000 -0.146514 100.210510 0.000000 -0.259661 -0.004221 
309 1.679176 0.000000 0.443749 101.793454 0.000000 -0.929724 -0.036277 
310 1.360876 0.000000 0.443749 100.716934 0.000000 -0.946336 -0.014480 
311 1.997477 0.000000 0.443749 102.926262 0.000000 -0.618636 -0.059420 
312 1.679176 0.000000 0.738881 100.764345 0.000000 -0.957008 -0.015437 
313 1.838327 0.000000 0.001052 99.757713 0.000000 -0.133816 0.004838 
314 1.679176 0.000000 0.001052 100.308742 0.000000 -0.189249 -0.006188 
315 1.997477 0.000000 0.001052 97.748923 0.000000 -0.154421 0.044512 
316 1.838327 0.000000 0.148617 100.242824 0.000000 -0.250355 -0.004869 
317 1.758752 0.000000 -0.220297 101.510404 0.000000 -0.350211 -0.030448 
318 1.679176 0.000000 -0.220297 100.823662 0.000000 -0.477184 -0.016564 
319 1.758752 0.000000 -0.294080 101.936935 0.000000 -0.474969 -0.039136 
320 1.838327 0.000000 -0.220297 100.673895 0.000000 -0.589355 -0.013558 
321 1.758752 0.000000 -0.146514 101.078183 0.000000 -0.259662 -0.021687 
322 1.838327 0.000000 -0.589212 102.673985 0.000000 -0.646244 -0.054236 
323 1.679176 0.000000 -0.589212 101.717357 0.000000 -0.926354 -0.034728 
324 1.838327 0.000000 -0.736778 101.819725 0.000000 -0.932404 -0.036813 
325 1.997477 0.000000 -0.589212 102.804986 0.000000 -0.637512 -0.056927 
326 1.758752 0.000000 -0.367863 101.688797 0.000000 -0.926025 -0.034147 
327 1.679176 0.000000 -0.367863 101.665335 0.000000 -0.923880 -0.033669 
328 1.758752 0.000000 -0.441646 101.703172 0.000000 -0.926672 -0.034439 
329 1.838327 0.000000 -0.367863 102.583409 0.000000 -0.657745 -0.052379 
330 1.917902 0.000000 -0.220297 100.110299 0.000000 -0.663889 -0.002251 
331 1.917902 0.000000 -0.294080 100.640322 0.000000 -0.715079 -0.012899 
332 1.997477 0.000000 -0.220297 100.186040 0.000000 -0.715449 -0.003775 
333 1.917902 0.000000 -0.146514 98.995186 0.000000 -0.340336 0.019984 
334 1.798539 0.000000 -0.257189 100.268325 0.000000 -0.695820 -0.005422 
335 1.758752 0.000000 -0.257189 101.877822 0.000000 -0.457756 -0.037930 
336 1.798539 0.000000 -0.294080 101.956391 0.000000 -0.476367 -0.039533 
337 1.838327 0.000000 -0.257189 100.243767 0.000000 -0.706611 -0.004931 
338 1.798539 0.000000 -0.220297 101.526809 0.000000 -0.351870 -0.030782 
339 1.917902 0.000000 -0.367863 102.643354 0.000000 -0.654902 -0.053609 
340 1.917902 0.000000 -0.441646 102.667413 0.000000 -0.651657 -0.054102 
341 1.997477 0.000000 -0.367863 101.497531 0.000000 -0.744208 -0.030230 
342 1.878114 0.000000 -0.257189 100.153116 0.000000 -0.752412 -0.003121 
343 1.878114 0.000000 -0.294080 100.581739 0.000000 -0.708352 -0.011719 
344 1.917902 0.000000 -0.257189 100.134321 0.000000 -0.685902 -0.002735 
345 1.878114 0.000000 -0.220297 100.108772 0.000000 -0.639647 -0.002218 
346 1.520026 0.000000 0.001052 99.962390 0.000000 -0.175457 0.000749 
347 1.360876 0.000000 0.001052 98.966780 0.000000 -0.150138 0.020555 
348 1.520026 0.000000 0.148617 100.203075 0.000000 -0.250908 -0.004072 
349 1.758752 0.000000 -0.072731 100.750441 0.000000 -0.165995 -0.015068 
350 1.679176 0.000000 -0.072731 100.329379 0.000000 -0.209697 -0.006603 
351 1.838327 0.000000 -0.072731 99.664111 0.000000 -0.173496 0.006703 
352 1.758752 0.000000 0.001052 100.476649 0.000000 -0.128927 -0.009557 
353 1.798539 0.000000 -0.183406 101.451426 0.000000 -0.328346 -0.029250 
354 1.758752 0.000000 -0.183406 101.436847 0.000000 -0.327034 -0.028954 
355 1.838327 0.000000 -0.183406 100.843839 0.000000 -0.521102 -0.016975 
356 1.798539 0.000000 -0.146514 101.362765 0.000000 -0.299963 -0.027450 
357 1.818433 0.000000 -0.238743 100.151525 0.000000 -0.692325 -0.003081 
358 1.798539 0.000000 -0.238743 100.289172 0.000000 -0.661619 -0.005836 
359 1.818433 0.000000 -0.257189 100.081666 0.000000 -0.719421 -0.001686 
360 1.838327 0.000000 -0.238743 100.260695 0.000000 -0.676748 -0.005266 
361 1.818433 0.000000 -0.220297 100.345882 0.000000 -0.648420 -0.006972 
362 6.453683 0.000000 0.738881 98.720803 0.000000 -5.443461 0.022457 
363 7.090284 0.000000 0.738881 99.069694 0.000000 -6.048631 0.014861 
364 6.453683 0.000000 1.329144 98.725860 0.000000 -0.402779 0.025304 
365 6.135383 0.000000 -0.146514 100.948972 0.000000 0.072301 -0.019070 
366 6.135383 0.000000 -0.441646 101.040376 0.000000 0.256703 -0.020922 
367 6.453683 0.000000 -0.146514 100.789792 0.000000 -0.000000 -0.015858 
368 6.135383 0.000000 0.148617 100.949069 0.000000 0.070777 -0.019072 
369 9.636687 0.000000 -1.031909 100.904758 0.000000 -20.180473 -0.058902 
370 9.636687 0.000000 -2.212436 100.843567 0.000000 1.633872 -0.017209 
371 10.909889 0.000000 -1.031909 99.504857 0.000000 -21.190600 -0.035026 
372 9.636687 0.000000 0.148617 98.649081 0.000000 -1.581740 0.026586 
373 7.726885 0.000000 -0.441646 101.478447 0.000000 0.856595 -0.029861 
374 7.726885 0.000000 -1.031909 101.575624 0.000000 -17.947211 -0.063971 
375 8.363486 0.000000 -0.441646 101.903738 0.000000 0.854222 -0.038510 
376 7.726885 0.000000 0.148617 99.422270 0.000000 3.730633 0.010129 
377 6.771983 0.000000 -0.146514 100.597209 0.000000 -0.000000 -0.011980 
378 6.771983 0.000000 -0.441646 102.124272 0.000000 1.936695 -0.043312 
379 7.090284 0.000000 -0.146514 101.038756 0.000000 4.750268 -0.023140 
380 6.771983 0.000000 0.148617 100.597262 0.000000 -0.000000 -0.011981 
381 6.135383 0.000000 0.443749 101.089990 0.000000 0.000000 -0.021919 
382 5.817082 0.000000 0.443749 101.168634 0.000000 0.481095 -0.023532 
383 6.453683 0.000000 0.443749 100.828487 0.000000 -0.000000 -0.016638 
384 6.135383 0.000000 0.738881 98.683018 0.000000 -4.810780 0.023852 
385 6.294533 0.000000 0.001052 100.932790 0.000000 0.000000 -0.018743 
386 6.135383 0.000000 0.001052 101.053130 0.000000 0.018150 -0.021174 
387 6.294533 0.000000 -0.146514 100.859014 0.000000 -0.000000 -0.017254 
388 6.453683 0.000000 0.001052 100.814426 0.000000 -0.000000 -0.016355 
389 6.294533 0.000000 0.148617 100.859023 0.000000 -0.000000 -0.017254 
390 7.090284 0.000000 -3.392963 100.895911 0.000000 -1.111810 -0.018122 
391 7.090284 0.000000 -4.573489 100.704748 0.000000 -1.768858 -0.014458 
392 8.363486 0.000000 -3.392963 100.707543 0.000000 -0.850047 -0.014273 
393 6.453683 0.000000 -1.622173 101.511425 0.000000 0.050519 -0.030457 
394 6.453683 0.000000 -2.212436 101.335550 0.000000 -0.048807 -0.026890 
395 7.090284 0.000000 -1.622173 101.621048 0.000000 0.313228 -0.032694 
396 6.135383 0.000000 -0.736778 103.553943 0.000000 -8.967544 -0.080384 
397 5.817082 0.000000 -0.736778 100.839894 0.000000 1.725602 -0.017166 
398 6.135383 0.000000 -1.031909 100.678080 0.000000 -20.260967 -0.054658 
399 6.453683 0.000000 -0.736778 102.888070 0.000000 -8.408553 -0.065666 
400 6.294533 0.000000 -0.294080 100.829010 0.000000 -0.000000 -0.016649 
401 6.135383 0.000000 -0.294080 100.995072 0.000000 0.099353 -0.020001 
402 6.294533 0.000000 -0.441646 100.872705 0.000000 -0.000000 -0.017530 
403 6.453683 0.000000 -0.294080 100.766674 0.000000 -0.000000 -0.015392 
404 9.636687 0.000000 1.329144 99.339267 0.000000 -0.020481 0.013171 
405 10.909889 0.000000 1.329144 99.694671 0.000000 0.227968 0.006092 
406 9.636687 0.000000 2.509671 99.493229 0.000000 -0.866555 0.010035 
407 7.726885 0.000000 0.738881 99.033111 0.000000 -4.394739 0.017313 
408 8.363486 0.000000 0.738881 98.927436 0.000000 -2.853879 0.020522 
409 7.726885 0.000000 1.329144 99.069263 0.000000 -0.345656 0.018516 
410 6.771983 0.000000 0.443749 99.862494 0.000000 -4.742395 0.000499 
411 7.090284 0.000000 0.443749 100.148931 0.000000 -2.646846 -0.003681 
412 6.771983 0.000000 0.738881 98.791601 0.000000 -5.978763 0.020447 
413 6.612833 0.000000 0.001052 100.697308 0.000000 -0.000000 -0.013995 
414 6.612833 0.000000 -0.146514 100.702210 0.000000 -0.000000 -0.014094 
415 6.771983 0.000000 0.001052 100.595170 0.000000 -0.000000 -0.011939 
416 6.612833 0.000000 0.148617 100.702332 0.000000 -0.000000 -0.014096 
417 6.374108 0.000000 -0.072731 100.832779 0.000000 -0.000000 -0.016725 
418 6.294533 0.000000 -0.072731 100.858834 0.000000 -0.000000 -0.017250 
419 6.374108 0.000000 -0.146514 100.809014 0.000000 -0.000000 -0.016246 
420 6.453683 0.000000 -0.072731 100.785653 0.000000 -0.000000 -0.015775 
421 6.374108 0.000000 0.001052 100.892497 0.000000 0.000000 -0.017930 
422 6.771983 0.000000 -0.736778 102.256670 0.000000 -8.081029 -0.052173 
423 6.771983 0.000000 -1.031909 101.780833 0.000000 -18.120335 -0.068768 
424 7.090284 0.000000 -0.736778 101.946646 0.000000 -7.999688 -0.045711 
425 6.612833 0.000000 -0.294080 100.663985 0.000000 -0.000000 -0.013324 
426 6.612833 0.000000 -0.441646 100.407752 0.000000 -0.000000 -0.008172 
427 6.771983 0.000000 -0.294080 100.404735 0.000000 -0.000000 -0.008111 
428 6.533258 0.000000 -0.072731 100.741647 0.000000 -0.000000 -0.014888 
429 6.533258 0.000000 -0.146514 100.745983 0.000000 -0.000000 -0.014975 
430 6.612833 0.000000 -0.072731 100.698653 0.000000 -0.000000 -0.014022 
431 6.533258 0.000000 0.001052 100.739983 0.000000 -0.000000 -0.014854 
432 6.294533 0.000000 0.296183 100.828990 0.000000 -0.000000 -0.016649 
433 6.135383 0.000000 0.296183 101.001679 0.000000 0.049368 -0.020134 
434 6.453683 0.000000 0.296183 100.766771 0.000000 -0.000000 -0.015394 
435 6.294533 0.000000 0.443749 100.872689 0.000000 -0.000000 -0.017530 
436 6.374108 0.000000 0.074834 100.832839 0.000000 -0.000000 -0.016726 
437 6.294533 0.000000 0.074834 100.858837 0.000000 -0.000000 -0.017250 
438 6.453683 0.000000 0.074834 100.785742 0.000000 -0.000000 -0.015777 
439 6.374108 0.000000 0.148617 100.809076 0.000000 -0.000000 -0.016247 
440 6.413895 0.000000 -0.035840 100.794910 0.000000 -0.000000 -0.015961 
441 6.374108 0.000000 -0.035840 100.870198 0.000000 0.000000 -0.017480 
442 6.413895 0.000000 -0.072731 100.795781 0.000000 -0.000000 -0.015979 
443 6.453683 0.000000 -0.035840 101.262096 0.000000 -0.000000 -0.025401 
444 6.413895 0.000000 0.001052 100.880582 0.000000 -0.000000 -0.017689 
445 6.612833 0.000000 0.296183 100.664076 0.000000 -0.000000 -0.013326 
446 6.771983 0.000000 0.296183 100.404760 0.000000 -0.000000 -0.008112 
447 6.612833 0.000000 0.443749 100.407752 0.000000 -0.000000 -0.008172 
448 6.533258 0.000000 0.074834 100.741741 0.000000 -0.000000 -0.014890 
449 6.612833 0.000000 0.074834 100.698728 0.000000 -0.000000 -0.014023 
450 6.533258 0.000000 0.148617 100.746131 0.000000 -0.000000 -0.014978 
451 6.493471 0.000000 -0.035840 101.269498 0.000000 -0.000000 -0.025551 
452 6.493471 0.000000 -0.072731 100.748039 0.000000 -0.000000 -0.015017 
453 6.533258 0.000000 -0.035840 100.740400 0.000000 -0.000000 -0.014863 
454 6.493471 0.000000 0.001052 101.316472 0.000000 -0.000000 -0.026503 
455 6.413895 0.000000 0.037943 100.794944 0.000000 -0.000000 -0.015962 
456 6.374108 0.000000 0.037943 100.869469 0.000000 0.000000 -0.017465 
457 6.453683 0.000000 0.037943 101.258545 0.000000 -0.000000 -0.025329 
458 6.413895 0.000000 0.074834 100.795846 0.000000 -0.000000 -0.015980 
459 6.433789 0.000000 -0.017394 101.164704 0.000000 -0.000000 -0.023430 
460 6.413895 0.000000 -0.017394 100.869524 0.000000 -0.000000 -0.017466 
461 6.433789 0.000000 -0.035840 101.114763 0.000000 -0.000000 -0.022420 
462 6.453683 0.000000 -0.017394 101.291439 0.000000 -0.000000 -0.025996 
463 6.433789 0.000000 0.001052 100.657989 0.000000 -0.000000 -0.013203 
464 5.976232 0.000000 0.001052 101.146731 0.000000 0.063169 -0.023067 
465 5.817082 0.000000 0.001052 101.251477 0.000000 0.006938 -0.025186 
466 5.976232 0.000000 -0.146514 101.154619 0.000000 0.138876 -0.023228 
467 5.976232 0.000000 0.148617 101.158688 0.000000 0.104105 -0.023309 
468 6.214958 0.000000 -0.072731 100.946587 0.000000 0.024277 -0.019021 
469 6.135383 0.000000 -0.072731 101.005279 0.000000 0.046952 -0.020207 
470 6.214958 0.000000 -0.146514 100.905055 0.000000 0.036982 -0.018183 
471 6.214958 0.000000 0.001052 101.029869 0.000000 0.003218 -0.020703 
472 6.334320 0.000000 -0.035840 100.898329 0.000000 0.000000 -0.018047 
473 6.294533 0.000000 -0.035840 100.903421 0.000000 -0.000000 -0.018150 
474 6.334320 0.000000 -0.072731 100.845580 0.000000 -0.000000 -0.016983 
475 6.334320 0.000000 0.001052 100.912638 0.000000 0.000000 -0.018336 
476 5.498782 0.000000 0.443749 101.209182 0.000000 0.633134 -0.024370 
477 5.498782 0.000000 0.738881 100.841194 0.000000 1.726878 -0.017193 
478 5.657932 0.000000 0.001052 101.355751 0.000000 0.028610 -0.027299 
479 5.498782 0.000000 0.001052 101.468016 0.000000 0.039169 -0.029576 
480 5.657932 0.000000 -0.146514 101.249739 0.000000 0.262388 -0.025158 
481 5.657932 0.000000 0.148617 101.251732 0.000000 0.254673 -0.025198 
482 5.976232 0.000000 -0.294080 101.146082 0.000000 0.207142 -0.023057 
483 5.817082 0.000000 -0.294080 101.230636 0.000000 0.285616 -0.024772 
484 5.976232 0.000000 -0.441646 101.108131 0.000000 0.385537 -0.022300 
485 5.896657 0.000000 -0.072731 101.198886 0.000000 0.109677 -0.024123 
486 5.817082 0.000000 -0.072731 101.229977 0.000000 0.143227 -0.024753 
487 5.896657 0.000000 -0.146514 101.195595 0.000000 0.159511 -0.024057 
488 5.976232 0.000000 -0.072731 101.162494 0.000000 0.083348 -0.023386 
489 5.896657 0.000000 0.001052 101.207109 0.000000 0.055083 -0.024288 
490 5.498782 0.000000 -0.736778 100.878155 0.000000 1.776301 -0.017956 
491 5.498782 0.000000 -1.031909 100.880090 0.000000 1.778595 -0.017996 
492 5.657932 0.000000 -0.294080 101.241960 0.000000 0.335305 -0.025005 
493 5.498782 0.000000 -0.294080 101.230277 0.000000 0.526286 -0.024785 
494 5.657932 0.000000 -0.441646 101.229784 0.000000 0.481544 -0.024770 
495 5.737507 0.000000 -0.072731 101.258464 0.000000 0.155697 -0.025330 
496 5.657932 0.000000 -0.072731 101.255390 0.000000 0.245588 -0.025271 
497 5.737507 0.000000 -0.146514 101.246908 0.000000 0.247912 -0.025100 
498 5.737507 0.000000 0.001052 101.283117 0.000000 0.049525 -0.025827 
499 5.339631 0.000000 0.001052 102.102376 0.000000 0.135023 -0.042491 
500 5.339631 0.000000 -0.146514 101.664660 0.000000 0.397703 -0.033586 
501 5.339631 0.000000 0.148617 101.686004 0.000000 0.340357 -0.034016 
502 5.578357 0.000000 -0.072731 101.600240 0.000000 0.183674 -0.032264 
503 5.498782 0.000000 -0.072731 101.671134 0.000000 0.188698 -0.033706 
504 5.578357 0.000000 -0.146514 101.396632 0.000000 0.308026 -0.028137 
505 5.578357 0.000000 0.001052 101.472611 0.000000 0.062038 -0.029669 
506 5.339631 0.000000 -0.294080 101.171049 0.000000 0.853813 -0.023631 
507 5.339631 0.000000 -0.441646 100.897713 0.000000 1.834569 -0.018371 
508 5.419207 0.000000 -0.072731 101.747420 0.000000 0.209225 -0.035258 
509 5.339631 0.000000 -0.072731 101.844175 0.000000 0.267449 -0.037231 
510 5.419207 0.000000 -0.146514 101.581081 0.000000 0.339052 -0.031883 
511 5.419207 0.000000 0.001052 101.828730 0.000000 0.176126 -0.036912 
512 5.657932 0.000000 0.296183 101.246853 0.000000 0.317172 -0.025103 
513 5.498782 0.000000 0.296183 101.238322 0.000000 0.497917 -0.024945 
514 5.817082 0.000000 0.296183 101.238822 0.000000 0.224754 -0.024935 
515 5.657932 0.000000 0.443749 101.239370 0.000000 0.448585 -0.024961 
516 5.578357 0.000000 0.074834 101.600771 0.000000 0.181136 -0.032275 
517 5.498782 0.000000 0.074834 101.671537 0.000000 0.186031 -0.033714 
518 5.657932 0.000000 0.074834 101.256336 0.000000 0.241915 -0.025290 
519 5.578357 0.000000 0.148617 101.407541 0.000000 0.256699 -0.028356 
520 5.538569 0.000000 -0.035840 101.649464 0.000000 0.167495 -0.033264 
521 5.498782 0.000000 -0.035840 101.692878 0.000000 0.173478 -0.034147 
522 5.538569 0.000000 -0.072731 101.630102 0.000000 0.180747 -0.032871 
523 5.578357 0.000000 -0.035840 101.539889 0.000000 0.119060 -0.031036 
524 5.538569 0.000000 0.001052 101.488470 0.000000 0.050334 -0.029991 
525 5.339631 0.000000 0.296183 101.195277 0.000000 0.735593 -0.024103 
526 5.180481 0.000000 0.296183 101.345419 0.000000 1.099922 -0.027210 
527 5.339631 0.000000 0.443749 100.900694 0.000000 1.839884 -0.018434 
528 5.419207 0.000000 0.074834 101.747010 0.000000 0.206118 -0.035250 
529 5.339631 0.000000 0.074834 101.855988 0.000000 0.232525 -0.037470 
530 5.419207 0.000000 0.148617 101.585115 0.000000 0.327652 -0.031964 
531 5.458994 0.000000 -0.035840 101.723459 0.000000 0.180042 -0.034769 
532 5.419207 0.000000 -0.035840 101.799750 0.000000 0.187192 -0.036322 
533 5.458994 0.000000 -0.072731 101.696413 0.000000 0.195248 -0.034220 
534 5.458994 0.000000 0.001052 101.734585 0.000000 0.173701 -0.034996 
535 5.538569 0.000000 0.037943 101.649349 0.000000 0.166491 -0.033262 
536 5.498782 0.000000 0.037943 101.692785 0.000000 0.172424 -0.034145 
537 5.578357 0.000000 0.037943 101.542173 0.000000 0.119899 -0.031083 
538 5.538569 0.000000 0.074834 101.630432 0.000000 0.178258 -0.032878 
539 5.518675 0.000000 -0.017394 101.557803 0.000000 0.086011 -0.031399 
540 5.498782 0.000000 -0.017394 101.699466 0.000000 0.168790 -0.034281 
541 5.518675 0.000000 -0.035840 101.679614 0.000000 0.172085 -0.033877 
542 5.538569 0.000000 -0.017394 101.511684 0.000000 0.066680 -0.030463 
543 5.518675 0.000000 0.001052 101.466430 0.000000 0.028452 -0.029544 
544 16.002696 0.000000 -2.212436 100.146111 0.000000 1.904252 -0.003287 
545 16.002696 0.000000 -4.573489 100.076594 0.000000 -1.470194 -0.001749 
546 18.549100 0.000000 -2.212436 100.143442 0.000000 1.960353 -0.003255 
547 16.002696 0.000000 0.148617 100.009290 0.000000 -0.826884 -0.000254 
548 12.183091 0.000000 -1.031909 98.765964 0.000000 -21.284352 -0.020774 
549 12.183091 0.000000 -2.212436 100.184788 0.000000 2.042750 -0.004116 
550 13.456293 0.000000 -1.031909 98.741903 0.000000 -20.053368 -0.015210 
551 12.183091 0.000000 0.148617 99.851292 0.000000 -2.022339 0.002563 
552 -27.286163 0.000000 -28.184022 99.960267 0.000000 -3.494902 -0.000427 
553 -37.471777 0.000000 -28.184022 99.951648 0.000000 -3.495899 -0.000255 
554 -27.286163 0.000000 -37.628235 99.957018 0.000000 -3.490382 -0.000359 
555 33.827521 0.000000 -28.184022 99.963576 0.000000 -3.352593 -0.000396 
556 33.827521 0.000000 -37.628235 99.958624 0.000000 -3.413592 -0.000338 
557 44.013134 0.000000 -28.184022 99.955492 0.000000 -3.348571 -0.000231 
558 -12.007742 0.000000 -14.017702 100.021122 0.000000 -3.510380 -0.001655 
559 -17.100549 0.000000 -14.017702 99.988174 0.000000 -3.514047 -0.000998 
560 -12.007742 0.000000 -18.739809 100.008777 0.000000 -3.492377 -0.001395 
561 18.549100 0.000000 -14.017702 100.025648 0.000000 -3.033588 -0.001433 
562 18.549100 0.000000 -18.739809 100.010091 0.000000 -3.220327 -0.001239 
563 23.641907 0.000000 -14.017702 99.997049 0.000000 -3.023171 -0.000855 
564 -4.368532 0.000000 -6.934543 100.251885 0.000000 -3.583713 -0.006328 
565 -6.914935 0.000000 -6.934543 100.131271 0.000000 -3.597542 -0.003921 
566 -4.368532 0.000000 -9.295596 100.203889 0.000000 -3.510660 -0.005314 
567 10.909889 0.000000 -6.934543 100.241963 0.000000 -2.279506 -0.005365 
568 10.909889 0.000000 -9.295596 100.193647 0.000000 -2.684655 -0.004597 
569 13.456293 0.000000 -6.934543 100.136872 0.000000 -2.251008 -0.003246 
570 -0.548927 0.000000 -3.392963 100.974219 0.000000 -3.670459 -0.020927 
571 -1.822128 0.000000 -3.392963 100.628799 0.000000 -3.810440 -0.014067 
572 -0.548927 0.000000 -4.573489 100.800711 0.000000 -3.528645 -0.017323 
573 0.087674 0.000000 -1.622173 101.836827 0.000000 -3.561788 -0.038343 
574 -0.548927 0.000000 -1.622173 101.540745 0.000000 -4.059434 -0.032700 
575 0.087674 0.000000 -2.212436 101.521267 0.000000 -3.647961 -0.031988 
576 1.042576 0.000000 -0.736778 100.071574 0.000000 -0.802071 -0.001496 
577 0.724275 0.000000 -0.736778 99.938153 0.000000 -0.745545 0.001181 
578 1.042576 0.000000 -1.031909 99.978395 0.000000 -0.766523 0.000373 
579 3.907279 0.000000 -1.622173 102.653140 0.000000 -0.162617 -0.053769 
580 3.907279 0.000000 -2.212436 102.149751 0.000000 -1.066803 -0.043571 
581 2.952378 0.000000 -0.736778 103.960504 0.000000 0.576244 -0.080812 
582 2.952378 0.000000 -1.031909 104.897532 0.000000 0.629897 -0.100389 
583 3.270679 0.000000 -0.736778 104.732800 0.000000 1.327638 -0.097072 
584 0.087674 0.000000 0.738881 95.089062 0.000000 -1.395983 0.095612 
585 -0.548927 0.000000 0.738881 96.591171 0.000000 -4.546663 0.064947 
586 0.087674 0.000000 1.329144 97.267750 0.000000 -2.618870 0.053213 
587 1.042576 0.000000 0.443749 100.072073 0.000000 -0.802272 -0.001506 
588 0.724275 0.000000 0.443749 99.925909 0.000000 -0.736614 0.001427 
589 1.042576 0.000000 0.738881 99.938181 0.000000 -0.745565 0.001180 
590 2.315777 0.000000 0.443749 103.539600 0.000000 -0.186429 -0.072048 
591 2.634078 0.000000 0.443749 103.832826 0.000000 0.199265 -0.078130 
592 2.315777 0.000000 0.738881 103.345736 0.000000 -0.560304 -0.068066 
593 2.952378 0.000000 0.443749 103.925132 0.000000 0.577725 -0.080077 
594 3.270679 0.000000 0.443749 105.110372 0.000000 1.534204 -0.105054 
595 2.952378 0.000000 0.738881 105.458850 0.000000 0.807764 -0.112222 
596 2.156627 0.000000 0.001052 96.153130 0.000000 -0.065491 0.075457 
597 2.315777 0.000000 0.001052 98.103869 0.000000 -0.063969 0.037563 
598 2.156627 0.000000 0.148617 98.006981 0.000000 -0.120166 0.039462 
599 3.588979 0.000000 -0.736778 104.378763 0.000000 1.984247 -0.089886 
600 3.588979 0.000000 -1.031909 104.852279 0.000000 2.338720 -0.099947 
601 3.907279 0.000000 -0.736778 103.204072 0.000000 2.178140 -0.065582 
602 4.225580 0.000000 -0.736778 102.337895 0.000000 2.320227 -0.047843 
603 4.225580 0.000000 -1.031909 101.545356 0.000000 2.309708 -0.031679 
604 3.588979 0.000000 0.443749 104.364141 0.000000 1.975600 -0.089578 
605 3.907279 0.000000 0.443749 102.656817 0.000000 2.397797 -0.054417 
606 3.588979 0.000000 0.738881 105.380241 0.000000 2.379724 -0.111066 
607 4.225580 0.000000 0.443749 101.526380 0.000000 2.304717 -0.031292 
608 4.225580 0.000000 0.738881 101.545300 0.000000 2.308162 -0.031678 
609 16.002696 0.000000 -6.934543 100.076090 0.000000 -2.247463 -0.002027 
610 16.002696 0.000000 -9.295596 100.073921 0.000000 -2.633902 -0.002173 
611 18.549100 0.000000 -6.934543 100.044084 0.000000 -2.243607 -0.001385 
612 9.636687 0.000000 -3.392963 100.516632 0.000000 -0.643109 -0.010401 
613 9.636687 0.000000 -4.573489 100.414710 0.000000 -1.538284 -0.008548 
614 10.909889 0.000000 -3.392963 100.336274 0.000000 -0.522479 -0.006764 
615 12.183091 0.000000 -3.392963 100.199501 0.000000 -0.488403 -0.004018 
616 12.183091 0.000000 -4.573489 100.198506 0.000000 -1.462044 -0.004188 
617 13.456293 0.000000 -3.392963 100.126682 0.000000 -0.498372 -0.002560 
618 7.726885 0.000000 -1.622173 101.582867 0.000000 0.692695 -0.031956 
619 7.726885 0.000000 -2.212436 101.202321 0.000000 0.532792 -0.024219 
620 8.363486 0.000000 -1.622173 101.535146 0.000000 1.080903 -0.031055 
621 16.002696 0.000000 2.509671 99.952487 0.000000 -1.086118 0.000832 
622 18.549100 0.000000 2.509671 99.974967 0.000000 -1.166981 0.000364 
623 16.002696 0.000000 4.870724 99.888140 0.000000 -1.863663 0.001889 
624 12.183091 0.000000 1.329144 99.898936 0.000000 0.172975 0.002017 
625 13.456293 0.000000 1.329144 99.950245 0.000000 0.190350 0.000991 
626 12.183091 0.000000 2.509671 99.820511 0.000000 -0.895240 0.003506 
627 5.021331 0.000000 0.296183 101.343009 0.000000 1.297859 -0.027209 
628 4.862181 0.000000 0.296183 100.983901 0.000000 2.023597 -0.020184 
629 5.021331 0.000000 0.443749 100.906129 0.000000 1.920278 -0.018573 
630 2.156627 0.000000 -0.589212 102.994821 0.000000 -0.621011 -0.060832 
631 2.156627 0.000000 -0.736778 103.049942 0.000000 -0.609703 -0.061966 
632 2.315777 0.000000 -0.589212 103.474091 0.000000 -0.225030 -0.070694 
633 1.520026 0.000000 -0.589212 101.690025 0.000000 -0.923695 -0.034171 
634 1.360876 0.000000 -0.589212 100.696753 0.000000 -0.941810 -0.014072 
635 1.520026 0.000000 -0.736778 100.715548 0.000000 -0.946151 -0.014452 
636 1.917902 0.000000 -0.072731 98.513598 0.000000 -0.169995 0.029504 
637 1.997477 0.000000 -0.072731 97.954128 0.000000 -0.170873 0.040496 
638 1.917902 0.000000 0.001052 98.440357 0.000000 -0.154214 0.030947 
639 1.878114 0.000000 -0.183406 100.132572 0.000000 -0.560362 -0.002685 
640 1.917902 0.000000 -0.183406 100.094986 0.000000 -0.570381 -0.001933 
641 1.878114 0.000000 -0.146514 99.570910 0.000000 -0.220152 0.008559 
642 5.976232 0.000000 0.296183 101.152794 0.000000 0.153238 -0.023191 
643 5.976232 0.000000 0.443749 101.131509 0.000000 0.261131 -0.022765 
644 6.214958 0.000000 0.074834 100.945839 0.000000 0.024226 -0.019006 
645 6.135383 0.000000 0.074834 101.004699 0.000000 0.046781 -0.020195 
646 6.214958 0.000000 0.148617 100.905086 0.000000 0.036242 -0.018184 
647 6.334320 0.000000 0.037943 100.897580 0.000000 0.000000 -0.018032 
648 6.294533 0.000000 0.037943 100.902159 0.000000 -0.000000 -0.018125 
649 6.334320 0.000000 0.074834 100.845612 0.000000 -0.000000 -0.016984 
650 6.493471 0.000000 0.037943 101.265755 0.000000 -0.000000 -0.025475 
651 6.533258 0.000000 0.037943 100.740450 0.000000 -0.000000 -0.014864 
652 6.493471 0.000000 0.074834 100.748123 0.000000 -0.000000 -0.015018 
653 6.055807 0.000000 -0.072731 101.060645 0.000000 0.069756 -0.021326 
654 6.055807 0.000000 -0.146514 101.072464 0.000000 0.107072 -0.021565 
655 6.055807 0.000000 0.001052 101.084169 0.000000 0.042544 -0.021801 
656 6.055807 0.000000 0.074834 101.060281 0.000000 0.069335 -0.021319 
657 5.976232 0.000000 0.074834 101.164794 0.000000 0.063176 -0.023432 
658 6.055807 0.000000 0.148617 101.072847 0.000000 0.104717 -0.021573 
659 5.896657 0.000000 0.074834 101.199190 0.000000 0.109009 -0.024129 
660 5.817082 0.000000 0.074834 101.232641 0.000000 0.116295 -0.024806 
661 5.896657 0.000000 0.148617 101.196506 0.000000 0.155570 -0.024076 
662 5.737507 0.000000 0.074834 101.258688 0.000000 0.154654 -0.025335 
663 5.737507 0.000000 0.148617 101.248602 0.000000 0.241297 -0.025134 
664 5.458994 0.000000 0.037943 101.723234 0.000000 0.178825 -0.034765 
665 5.419207 0.000000 0.037943 101.798088 0.000000 0.186237 -0.036289 
666 5.458994 0.000000 0.074834 101.696706 0.000000 0.192294 -0.034226 
667 4.703031 0.000000 0.296183 101.557002 0.000000 1.450201 -0.031593 
668 4.543880 0.000000 0.296183 101.405141 0.000000 2.221646 -0.028794 
669 4.703031 0.000000 0.443749 100.995307 0.000000 2.046782 -0.020424 
1 19 21 9 22 
2 20 19 22 4 
3 28 29 3 30 
4 21 28 30 9 
5 35 37 21 38 
6 36 35 38 19 
7 44 45 28 46 
8 37 44 46 21 
9 51 53 37 54 
10 52 51 54 35 
11 60 61 44 62 
12 53 60 62 37 
13 67 69 53 70 
14 68 67 70 51 
15 11 78 76 77 
16 78 10 24 76 
17 76 24 14 79 
18 77 76 79 6 
19 24 82 80 81 
20 82 23 40 80 
21 80 40 27 83 
22 81 80 83 14 
23 40 86 84 85 
24 86 39 56 84 
25 84 56 43 87 
26 85 84 87 27 
27 56 90 88 89 
28 89 88 91 43 
29 92 93 60 94 
30 69 92 94 53 
31 95 97 69 98 
32 96 95 98 67 
33 6 79 112 113 
34 79 14 36 112 
35 112 36 19 114 
36 113 112 114 20 
37 14 83 115 116 
38 83 27 52 115 
39 115 52 35 117 
40 116 115 117 36 
41 27 87 118 119 
42 87 43 68 118 
43 118 68 51 120 
44 119 118 120 52 
45 43 91 121 122 
46 121 96 67 123 
47 122 121 123 68 
48 124 126 95 127 
49 125 124 127 96 
50 133 134 92 135 
51 97 133 135 69 
52 136 137 97 138 
53 126 136 138 95 
54 140 108 141 139 
55 139 141 111 142 
56 108 148 147 141 
57 148 110 149 147 
58 147 149 5 150 
59 141 147 150 111 
60 151 152 133 153 
61 137 151 153 97 
62 110 155 154 149 
63 155 143 156 154 
64 154 156 146 157 
65 149 154 157 5 
66 15 159 158 33 
67 159 17 160 158 
68 158 160 8 161 
69 33 158 161 18 
70 163 33 164 162 
71 162 164 18 165 
72 18 161 178 45 
73 161 8 179 178 
74 178 179 29 180 
75 45 178 180 28 
76 165 18 182 181 
77 181 182 45 183 
78 61 181 183 44 
79 184 185 61 186 
80 93 184 186 60 
81 187 188 93 189 
82 134 187 189 92 
83 190 191 134 192 
84 152 190 192 133 
85 7 204 202 203 
86 204 16 205 202 
87 202 205 15 32 
88 203 202 32 13 
89 13 208 206 207 
90 208 32 209 206 
91 206 209 31 48 
92 207 206 48 26 
93 26 212 210 211 
94 212 48 213 210 
95 210 213 47 64 
96 211 210 64 42 
97 42 216 214 215 
98 216 64 217 214 
99 214 217 63 105 
100 215 214 105 58 
101 105 220 218 219 
102 220 63 221 218 
103 218 221 106 175 
104 219 218 175 104 
105 104 224 222 223 
106 224 175 225 222 
107 222 225 174 195 
108 223 222 195 145 
109 195 232 230 231 
110 232 174 233 230 
111 230 233 196 234 
112 143 236 235 156 
113 236 145 194 235 
114 235 194 107 237 
115 156 235 237 146 
116 145 240 238 239 
117 240 195 231 238 
118 239 238 241 194 
119 242 244 190 245 
120 243 242 245 152 
121 193 234 246 247 
122 234 196 248 246 
123 246 248 177 249 
124 247 246 249 197 
125 231 252 250 251 
126 252 230 253 250 
127 250 253 234 254 
128 251 250 254 193 
129 194 241 255 256 
130 241 193 247 255 
131 255 247 197 257 
132 256 255 257 107 
133 238 260 258 259 
134 260 231 251 258 
135 258 251 193 261 
136 259 258 261 241 
137 12 264 262 263 
138 264 7 203 262 
139 262 203 13 25 
140 263 262 25 10 
141 25 267 265 266 
142 267 13 207 265 
143 265 207 26 41 
144 266 265 41 23 
145 41 270 268 269 
146 270 26 211 268 
147 268 211 42 57 
148 269 268 57 39 
149 57 273 271 272 
150 273 42 215 271 
151 271 215 58 73 
152 272 271 73 55 
153 73 276 274 275 
154 276 58 277 274 
155 274 277 74 109 
156 275 274 109 71 
157 71 280 278 279 
158 280 109 281 278 
159 278 281 108 140 
160 102 284 282 283 
161 284 140 285 282 
162 282 285 139 286 
163 283 282 286 131 
164 55 289 287 288 
165 289 73 275 287 
166 287 275 71 101 
167 288 287 101 72 
168 101 292 290 291 
169 292 71 279 290 
170 88 299 297 298 
171 299 72 100 297 
172 297 100 59 300 
173 298 297 300 91 
174 100 303 301 302 
175 303 99 129 301 
176 301 129 103 304 
177 302 301 304 59 
178 99 307 305 306 
179 307 130 294 305 
180 305 294 128 308 
181 306 305 308 129 
182 103 132 309 310 
183 132 75 311 309 
184 309 311 126 312 
185 310 309 312 124 
186 313 315 75 316 
187 314 313 316 132 
188 294 319 317 318 
189 318 317 321 128 
190 290 324 322 323 
191 324 279 325 322 
192 322 325 102 295 
193 323 322 295 130 
194 130 328 326 327 
195 328 295 329 326 
196 326 329 293 319 
197 327 326 319 294 
198 331 283 332 330 
199 330 332 131 333 
200 319 336 334 335 
201 336 293 337 334 
202 335 334 338 317 
203 295 340 339 329 
204 340 102 341 339 
205 339 341 283 331 
206 329 339 331 293 
207 293 343 342 337 
208 343 331 344 342 
209 342 344 330 345 
210 337 342 345 320 
211 129 308 346 347 
212 308 128 314 346 
213 346 314 132 348 
214 347 346 348 103 
215 128 321 349 350 
216 321 296 351 349 
217 349 351 313 352 
218 350 349 352 314 
219 317 338 353 354 
220 338 320 355 353 
221 353 355 296 356 
222 354 353 356 321 
223 334 359 357 358 
224 359 337 360 357 
225 357 360 320 361 
226 358 357 361 338 
227 362 363 187 364 
228 191 362 364 134 
229 65 370 369 172 
230 370 166 371 369 
231 369 371 169 372 
232 172 369 372 50 
233 170 374 373 200 
234 374 172 375 373 
235 373 375 50 376 
236 200 373 376 173 
237 378 200 379 377 
238 377 379 173 380 
239 381 383 362 384 
240 382 381 384 191 
241 64 391 390 217 
242 391 47 392 390 
243 390 392 65 171 
244 217 390 171 63 
245 63 394 393 221 
246 394 171 395 393 
247 393 395 170 199 
248 221 393 199 106 
249 106 398 396 397 
250 398 199 399 396 
251 396 399 198 366 
252 397 396 366 176 
253 366 402 400 401 
254 402 198 403 400 
255 400 403 367 387 
256 401 400 387 365 
257 50 372 404 188 
258 372 169 405 404 
259 404 405 184 406 
260 188 404 406 93 
261 173 376 407 363 
262 376 50 408 407 
263 407 408 188 409 
264 363 407 409 187 
265 380 173 411 410 
266 410 411 363 412 
267 383 410 412 362 
268 414 377 415 413 
269 413 415 380 416 
270 387 419 417 418 
271 419 367 420 417 
272 199 423 422 399 
273 423 170 424 422 
274 422 424 200 378 
275 399 422 378 198 
276 198 426 425 403 
277 426 378 427 425 
278 425 427 377 414 
279 403 425 414 367 
280 367 429 428 420 
281 429 414 430 428 
282 428 430 413 431 
283 368 389 432 433 
284 389 201 434 432 
285 432 434 383 435 
286 433 432 435 381 
287 436 438 201 439 
288 437 436 439 389 
289 417 442 440 441 
290 442 420 443 440 
291 441 440 444 421 
292 201 416 445 434 
293 416 380 446 445 
294 445 446 410 447 
295 434 445 447 383 
296 431 413 449 448 
297 448 449 416 450 
298 438 448 450 201 
299 420 452 451 443 
300 452 428 453 451 
301 451 453 431 454 
302 443 451 454 388 
303 421 444 455 456 
304 444 388 457 455 
305 455 457 438 458 
306 456 455 458 436 
307 440 461 459 460 
308 461 443 462 459 
309 459 462 388 463 
310 460 459 463 444 
311 365 470 468 469 
312 470 387 418 468 
313 468 418 385 471 
314 469 468 471 386 
315 418 474 472 473 
316 474 417 441 472 
317 472 441 421 475 
318 473 472 475 385 
319 476 382 191 477 
320 244 476 477 190 
321 176 484 482 483 
322 484 366 401 482 
323 482 401 365 466 
324 483 482 466 228 
325 228 487 485 486 
326 487 466 488 485 
327 485 488 464 489 
328 486 485 489 465 
329 175 491 490 225 
330 491 106 397 490 
331 490 397 176 227 
332 225 490 227 174 
333 227 494 492 493 
334 494 176 483 492 
335 492 483 228 480 
336 493 492 480 226 
337 480 497 495 496 
338 497 228 486 495 
339 495 486 465 498 
340 496 495 498 478 
341 196 500 499 248 
342 248 499 501 177 
343 226 504 502 503 
344 504 480 496 502 
345 502 496 478 505 
346 174 507 506 233 
347 507 227 493 506 
348 506 493 226 500 
349 233 506 500 196 
350 500 510 508 509 
351 510 226 503 508 
352 509 508 511 499 
353 229 481 512 513 
354 481 66 514 512 
355 512 514 382 515 
356 513 512 515 476 
357 505 478 518 516 
358 516 518 481 519 
359 517 516 519 229 
360 503 522 520 521 
361 522 502 523 520 
362 520 523 505 524 
363 177 501 525 526 
364 501 229 513 525 
365 525 513 476 527 
366 526 525 527 244 
367 499 511 528 529 
368 528 517 229 530 
369 529 528 530 501 
370 508 533 531 532 
371 533 503 521 531 
372 531 521 479 534 
373 532 531 534 511 
374 479 524 535 536 
375 524 505 537 535 
376 535 537 516 538 
377 536 535 538 517 
378 521 541 539 540 
379 541 520 542 539 
380 539 542 524 543 
381 540 539 543 479 
382 49 545 544 168 
383 545 162 546 544 
384 544 546 165 547 
385 168 544 547 34 
386 166 549 548 371 
387 549 168 550 548 
388 548 550 34 551 
389 371 548 551 169 
390 1 554 552 553 
391 554 12 263 552 
392 552 263 10 78 
393 553 552 78 11 
394 16 556 555 205 
395 556 2 557 555 
396 555 557 17 159 
397 205 555 159 15 
398 10 560 558 559 
399 560 25 266 558 
400 558 266 23 82 
401 559 558 82 24 
402 32 562 561 209 
403 562 15 563 561 
404 561 563 33 163 
405 209 561 163 31 
406 23 566 564 565 
407 566 41 269 564 
408 564 269 39 86 
409 565 564 86 40 
410 48 568 567 213 
411 568 31 569 567 
412 567 569 49 167 
413 213 567 167 47 
414 39 572 570 571 
415 572 57 272 570 
416 570 272 55 90 
417 571 570 90 56 
418 90 575 573 574 
419 575 55 288 573 
420 573 288 72 299 
421 574 573 299 88 
422 72 578 576 577 
423 578 101 291 576 
424 576 291 99 303 
425 577 576 303 100 
426 58 580 579 277 
427 580 105 219 579 
428 579 219 104 144 
429 277 579 144 74 
430 109 582 581 281 
431 582 74 583 581 
432 581 583 110 148 
433 281 581 148 108 
434 91 300 584 585 
435 300 59 125 584 
436 584 125 96 586 
437 585 584 586 121 
438 59 304 587 588 
439 304 103 310 587 
440 587 310 124 589 
441 588 587 589 125 
442 75 142 590 311 
443 142 111 591 590 
444 590 591 136 592 
445 311 590 592 126 
446 111 150 593 591 
447 150 5 594 593 
448 593 594 137 595 
449 591 593 595 136 
450 131 286 596 315 
451 286 139 597 596 
452 596 597 142 598 
453 315 596 598 75 
454 74 600 599 583 
455 600 144 601 599 
456 599 601 143 155 
457 583 599 155 110 
458 144 603 602 601 
459 603 104 223 602 
460 602 223 145 236 
461 601 602 236 143 
462 5 157 604 594 
463 157 146 605 604 
464 604 605 151 606 
465 594 604 606 137 
466 146 237 607 605 
467 237 107 243 607 
468 607 243 152 608 
469 605 607 608 151 
470 31 610 609 569 
471 610 163 611 609 
472 609 611 162 545 
473 569 609 545 49 
474 47 613 612 392 
475 613 167 614 612 
476 612 614 166 370 
477 392 612 370 65 
478 167 616 615 614 
479 616 49 617 615 
480 615 617 168 549 
481 614 615 549 166 
482 171 619 618 395 
483 619 65 620 618 
484 618 620 172 374 
485 395 618 374 170 
486 34 547 621 185 
487 547 165 622 621 
488 621 622 181 623 
489 185 621 623 61 
490 169 551 624 405 
491 551 34 625 624 
492 624 625 185 626 
493 405 624 626 184 
494 197 249 627 628 
495 249 177 526 627 
496 627 526 244 629 
497 628 627 629 242 
498 279 631 630 325 
499 631 278 632 630 
500 630 632 140 284 
501 325 630 284 102 
502 291 635 633 634 
503 635 290 323 633 
504 633 323 130 307 
505 634 633 307 99 
506 296 333 636 351 
507 333 131 637 636 
508 636 637 315 638 
509 351 636 638 313 
510 320 345 639 355 
511 345 330 640 639 
512 639 640 333 641 
513 355 639 641 296 
514 66 467 642 514 
515 467 368 433 642 
516 642 433 381 643 
517 514 642 643 382 
518 386 471 644 645 
519 471 385 437 644 
520 644 437 389 646 
521 645 644 646 368 
522 385 475 647 648 
523 475 421 456 647 
524 647 456 436 649 
525 648 647 649 437 
526 388 454 650 457 
527 454 431 651 650 
528 650 651 448 652 
529 457 650 652 438 
530 466 654 653 488 
531 654 365 469 653 
532 653 469 386 655 
533 488 653 655 464 
534 464 655 656 657 
535 655 386 645 656 
536 656 645 368 658 
537 657 656 658 467 
538 465 489 659 660 
539 489 464 657 659 
540 659 657 467 661 
541 660 659 661 66 
542 478 498 662 518 
543 498 465 660 662 
544 662 660 66 663 
545 518 662 663 481 
546 511 534 664 665 
547 534 479 536 664 
548 664 536 517 666 
549 665 664 666 528 
550 107 257 667 668 
551 257 197 628 667 
552 667 628 242 669 
553 668 667 669 243 
