2 0.000000 100.000000 473.401889
686 565 
1 -26.291479 0.000000 -26.268069 97.804940 0.000000 20.794382 0.000179 
2 29.414870 0.000000 -26.268069 97.811866 0.000000 20.742796 0.000258 
3 29.414870 0.000000 26.499305 97.848115 0.000000 20.673030 -0.000163 
4 -26.291479 0.000000 26.499305 97.828709 0.000000 20.792711 -0.000279 
5 1.561696 0.000000 0.115618 92.365757 0.000000 -0.879673 0.146779 
6 -26.291479 0.000000 0.115618 97.818204 0.000000 20.807366 -0.000135 
7 1.561696 0.000000 -26.268069 97.785907 0.000000 20.761748 0.000687 
8 29.414870 0.000000 0.115618 98.006917 0.000000 19.859373 0.000025 
9 1.561696 0.000000 26.499305 97.858626 0.000000 20.746792 -0.000674 
10 -12.364892 0.000000 -13.076225 97.774515 0.000000 20.803850 0.000734 
11 -26.291479 0.000000 -13.076225 97.806145 0.000000 20.801754 0.000124 
12 -12.364892 0.000000 -26.268069 97.793393 0.000000 20.787096 0.000435 
13 1.561696 0.000000 -13.076225 97.702857 0.000000 20.671879 0.002683 
14 -12.364892 0.000000 0.115618 97.828742 0.000000 20.857124 -0.000548 
15 15.488283 0.000000 -13.076225 97.803881 0.000000 20.607980 0.000971 
16 15.488283 0.000000 -26.268069 97.799357 0.000000 20.741865 0.000506 
17 29.414870 0.000000 -13.076225 97.829228 0.000000 20.655027 0.000281 
18 15.488283 0.000000 0.115618 98.280673 0.000000 18.514185 -0.000187 
19 -12.364892 0.000000 13.307462 97.871674 0.000000 20.796967 -0.001138 
20 -26.291479 0.000000 13.307462 97.829241 0.000000 20.800400 -0.000322 
21 1.561696 0.000000 13.307462 97.985515 0.000000 20.615485 -0.002616 
22 -12.364892 0.000000 26.499305 97.844145 0.000000 20.782185 -0.000538 
23 -5.401598 0.000000 -6.480304 97.651337 0.000000 20.835464 0.003010 
24 -12.364892 0.000000 -6.480304 97.778910 0.000000 20.834414 0.000521 
25 -5.401598 0.000000 -13.076225 97.728936 0.000000 20.773789 0.001750 
26 1.561696 0.000000 -6.480304 97.415239 0.000000 20.377087 0.009505 
27 -5.401598 0.000000 0.115618 97.865777 0.000000 21.060426 -0.002125 
28 15.488283 0.000000 13.307462 97.934015 0.000000 20.371526 -0.000607 
29 29.414870 0.000000 13.307462 97.971493 0.000000 20.079539 -0.000160 
30 15.488283 0.000000 26.499305 97.853293 0.000000 20.705207 -0.000397 
31 8.524989 0.000000 -6.480304 97.777686 0.000000 20.167733 0.003279 
32 8.524989 0.000000 -13.076225 97.760078 0.000000 20.601699 0.001854 
33 15.488283 0.000000 -6.480304 97.864927 0.000000 20.316447 0.000970 
34 8.524989 0.000000 0.115618 98.833414 0.000000 15.568315 -0.001042 
35 -5.401598 0.000000 6.711540 98.043414 0.000000 20.808568 -0.004551 
36 -12.364892 0.000000 6.711540 97.874273 0.000000 20.828867 -0.001322 
37 1.561696 0.000000 6.711540 98.388263 0.000000 20.222553 -0.008920 
38 -5.401598 0.000000 13.307462 97.932111 0.000000 20.754161 -0.002143 
39 -1.919951 0.000000 -3.182343 97.196515 0.000000 20.982164 0.011259 
40 -5.401598 0.000000 -3.182343 97.667915 0.000000 20.957902 0.002174 
41 -1.919951 0.000000 -6.480304 97.486763 0.000000 20.717020 0.006714 
42 1.561696 0.000000 -3.182343 96.597650 0.000000 19.593486 0.028499 
43 -1.919951 0.000000 0.115618 97.941631 0.000000 21.841584 -0.006962 
44 8.524989 0.000000 6.711540 98.163811 0.000000 19.602226 -0.002038 
45 15.488283 0.000000 6.711540 98.194940 0.000000 19.096799 -0.000693 
46 8.524989 0.000000 13.307462 97.955627 0.000000 20.471761 -0.001440 
47 5.043342 0.000000 -3.182343 97.645556 0.000000 19.043851 0.010268 
48 5.043342 0.000000 -6.480304 97.612831 0.000000 20.148209 0.006578 
49 8.524989 0.000000 -3.182343 97.944377 0.000000 19.426673 0.002950 
50 5.043342 0.000000 0.115618 98.156120 0.000000 17.265206 0.006729 
51 -1.919951 0.000000 3.413579 98.618380 0.000000 20.911468 -0.016287 
52 -5.401598 0.000000 3.413579 98.048878 0.000000 20.937697 -0.005197 
53 1.561696 0.000000 3.413579 99.392113 0.000000 19.409779 -0.025553 
54 -1.919951 0.000000 6.711540 98.254609 0.000000 20.658171 -0.008073 
55 -0.179128 0.000000 -1.533362 95.590545 0.000000 21.392878 0.040479 
56 -1.919951 0.000000 -1.533362 97.230420 0.000000 21.472873 0.008516 
57 -0.179128 0.000000 -3.182343 96.669991 0.000000 20.569106 0.023182 
58 1.561696 0.000000 -1.533362 94.936993 0.000000 17.606198 0.067699 
59 -0.179128 0.000000 0.115618 97.099985 0.000000 22.740168 0.005448 
60 5.043342 0.000000 3.413579 98.602632 0.000000 18.369843 -0.005993 
61 8.524989 0.000000 3.413579 98.461016 0.000000 18.044271 -0.002017 
62 5.043342 0.000000 6.711540 98.263424 0.000000 19.824682 -0.004872 
63 3.302519 0.000000 -1.533362 97.172165 0.000000 16.894508 0.027215 
64 3.302519 0.000000 -3.182343 97.172475 0.000000 19.036404 0.019513 
65 5.043342 0.000000 -1.533362 97.999816 0.000000 17.472431 0.009075 
66 3.302519 0.000000 0.115618 98.353279 0.000000 13.692622 0.013914 
67 -0.179128 0.000000 1.764599 100.297550 0.000000 21.295372 -0.051309 
68 -1.919951 0.000000 1.764599 98.630555 0.000000 21.407172 -0.018625 
69 1.561696 0.000000 1.764599 100.998302 0.000000 18.203441 -0.053202 
70 -0.179128 0.000000 3.413579 99.200954 0.000000 20.442449 -0.025872 
71 0.691284 0.000000 -0.708872 79.314828 0.000000 -2.257259 0.370406 
72 -0.179128 0.000000 -0.708872 95.335478 0.000000 23.581944 0.035504 
73 0.691284 0.000000 -1.533362 94.360623 0.000000 19.738309 0.070647 
74 1.561696 0.000000 -0.708872 97.320064 0.000000 -0.910005 0.052798 
75 0.691284 0.000000 0.115618 73.583569 0.000000 -1.190957 0.458404 
76 -19.328185 0.000000 -6.480304 97.804125 0.000000 20.815347 0.000107 
77 -26.291479 0.000000 -6.480304 97.810826 0.000000 20.805828 0.000016 
78 -19.328185 0.000000 -13.076225 97.796859 0.000000 20.804895 0.000293 
79 -19.328185 0.000000 0.115618 97.820929 0.000000 20.820335 -0.000242 
80 -8.883245 0.000000 -3.182343 97.768900 0.000000 20.891390 0.000479 
81 -12.364892 0.000000 -3.182343 97.798201 0.000000 20.850642 0.000076 
82 -8.883245 0.000000 -6.480304 97.731347 0.000000 20.859215 0.001348 
83 -8.883245 0.000000 0.115618 97.839967 0.000000 20.915142 -0.001010 
84 -3.660775 0.000000 -1.533362 97.624811 0.000000 21.187865 0.002047 
85 -5.401598 0.000000 -1.533362 97.743050 0.000000 21.032738 0.000392 
86 -3.660775 0.000000 -3.182343 97.515108 0.000000 21.010756 0.004935 
87 -3.660775 0.000000 0.115618 97.893370 0.000000 21.274642 -0.003572 
88 -1.049540 0.000000 -0.708872 97.067239 0.000000 22.304532 0.008046 
89 -1.919951 0.000000 -0.708872 97.509065 0.000000 21.723551 0.002007 
90 -1.049540 0.000000 -1.533362 96.682341 0.000000 21.635044 0.018445 
91 -1.049540 0.000000 0.115618 97.891959 0.000000 22.553382 -0.009149 
92 3.302519 0.000000 1.764599 99.213435 0.000000 17.374139 -0.014517 
93 5.043342 0.000000 1.764599 98.372093 0.000000 18.186640 -0.000782 
94 3.302519 0.000000 3.413579 98.961914 0.000000 18.661425 -0.014171 
95 0.691284 0.000000 0.940108 104.289369 0.000000 21.069974 -0.132022 
96 -0.179128 0.000000 0.940108 100.552926 0.000000 23.335691 -0.065545 
97 1.561696 0.000000 0.940108 102.315712 0.000000 17.499220 -0.077473 
98 0.691284 0.000000 1.764599 101.273390 0.000000 19.942176 -0.065399 
99 0.256078 0.000000 -0.296627 74.201863 0.000000 -2.765186 0.448644 
100 -0.179128 0.000000 -0.296627 97.795206 0.000000 24.809720 -0.017942 
101 0.256078 0.000000 -0.708872 83.880474 0.000000 -4.977943 0.293929 
102 0.691284 0.000000 -0.296627 83.752752 0.000000 -1.958965 0.298164 
103 0.256078 0.000000 0.115618 90.966648 0.000000 -0.968223 0.172413 
104 2.432107 0.000000 -0.708872 96.408534 0.000000 13.098974 0.053381 
105 2.432107 0.000000 -1.533362 96.254589 0.000000 16.869020 0.045049 
106 3.302519 0.000000 -0.708872 97.748423 0.000000 14.416094 0.023742 
107 2.432107 0.000000 0.115618 97.955601 0.000000 -0.000000 0.040470 
108 1.126490 0.000000 -0.296627 86.062455 0.000000 -1.749151 0.259019 
109 1.126490 0.000000 -0.708872 85.777573 0.000000 -1.782129 0.263903 
110 1.561696 0.000000 -0.296627 87.558976 0.000000 -1.638553 0.233074 
111 1.126490 0.000000 0.115618 83.612299 0.000000 -1.424991 0.300695 
112 -19.328185 0.000000 6.711540 97.836838 0.000000 20.813518 -0.000525 
113 -26.291479 0.000000 6.711540 97.825291 0.000000 20.805035 -0.000264 
114 -19.328185 0.000000 13.307462 97.842104 0.000000 20.802074 -0.000580 
115 -8.883245 0.000000 3.413579 97.907547 0.000000 20.884179 -0.002204 
116 -12.364892 0.000000 3.413579 97.858107 0.000000 20.847378 -0.001082 
117 -8.883245 0.000000 6.711540 97.937846 0.000000 20.848675 -0.002649 
118 -3.660775 0.000000 1.764599 98.151623 0.000000 21.163199 -0.008162 
119 -5.401598 0.000000 1.764599 97.984427 0.000000 21.020582 -0.004281 
120 -3.660775 0.000000 3.413579 98.238570 0.000000 20.972929 -0.009068 
121 -1.049540 0.000000 0.940108 98.876581 0.000000 22.282341 -0.027308 
122 -1.919951 0.000000 0.940108 98.390646 0.000000 21.741936 -0.015343 
123 -1.049540 0.000000 1.764599 99.240452 0.000000 21.544403 -0.031283 
124 0.256078 0.000000 0.527863 71.956614 0.000000 -2.909287 0.481378 
125 -0.179128 0.000000 0.527863 99.384633 0.000000 25.265902 -0.051567 
126 0.691284 0.000000 0.527863 84.137724 0.000000 -1.926238 0.291713 
127 0.256078 0.000000 0.940108 102.645833 0.000000 23.057428 -0.106781 
128 0.473681 0.000000 -0.090504 91.273431 0.000000 -0.969103 0.166822 
129 0.256078 0.000000 -0.090504 92.582846 0.000000 -0.755503 0.142785 
130 0.473681 0.000000 -0.296627 81.804944 0.000000 -2.103866 0.330352 
131 0.691284 0.000000 -0.090504 72.892433 0.000000 -1.135676 0.468540 
132 0.473681 0.000000 0.115618 90.656510 0.000000 -1.049446 0.178030 
133 2.432107 0.000000 0.940108 100.008843 0.000000 17.119316 -0.029484 
134 3.302519 0.000000 0.940108 99.644967 0.000000 14.350131 -0.013505 
135 2.432107 0.000000 1.764599 100.022384 0.000000 17.412003 -0.030766 
136 1.126490 0.000000 0.527863 85.930765 0.000000 -1.764548 0.261279 
137 1.561696 0.000000 0.527863 92.009300 0.000000 -1.009859 0.153327 
138 1.126490 0.000000 0.940108 103.920729 0.000000 18.694283 -0.114899 
139 0.908887 0.000000 -0.090504 71.413661 0.000000 -1.190465 0.489867 
140 0.908887 0.000000 -0.296627 84.745706 0.000000 -1.861439 0.281470 
141 1.126490 0.000000 -0.090504 84.847098 0.000000 -1.230800 0.279946 
142 0.908887 0.000000 0.115618 72.043771 0.000000 -1.228792 0.480819 
143 1.996901 0.000000 -0.296627 98.118052 0.000000 -0.879571 0.037207 
144 1.996901 0.000000 -0.708872 95.197890 0.000000 12.962999 0.076932 
145 2.432107 0.000000 -0.296627 96.939020 0.000000 8.475110 0.053100 
146 1.996901 0.000000 0.115618 97.774986 0.000000 -0.266265 0.043998 
147 1.344093 0.000000 -0.090504 90.432029 0.000000 -1.125805 0.182078 
148 1.344093 0.000000 -0.296627 87.094331 0.000000 -1.670380 0.241179 
149 1.561696 0.000000 -0.090504 93.380353 0.000000 -0.715010 0.127960 
150 1.344093 0.000000 0.115618 90.255865 0.000000 -1.158451 0.185254 
151 0.908887 0.000000 0.321741 84.722291 0.000000 -1.862530 0.281866 
152 0.691284 0.000000 0.321741 83.695179 0.000000 -1.963806 0.299126 
153 1.126490 0.000000 0.321741 86.096470 0.000000 -1.745572 0.258435 
154 0.908887 0.000000 0.527863 84.934879 0.000000 -1.850057 0.278264 
155 1.017688 0.000000 0.012557 72.870416 0.000000 -0.749732 0.468934 
156 0.908887 0.000000 0.012557 77.862442 0.000000 -0.740002 0.393689 
157 1.017688 0.000000 -0.090504 79.269893 0.000000 -1.267820 0.371468 
158 1.126490 0.000000 0.012557 84.648132 0.000000 -0.537474 0.283440 
159 1.017688 0.000000 0.115618 79.715725 0.000000 -1.304283 0.364370 
160 -5.401598 0.000000 -19.672147 97.769059 0.000000 20.772203 0.000973 
161 -12.364892 0.000000 -19.672147 97.784565 0.000000 20.790957 0.000592 
162 -5.401598 0.000000 -26.268069 97.787321 0.000000 20.776493 0.000598 
163 1.561696 0.000000 -19.672147 97.763975 0.000000 20.738932 0.001210 
164 -1.919951 0.000000 -9.778264 97.632041 0.000000 20.710358 0.003907 
165 -5.401598 0.000000 -9.778264 97.676605 0.000000 20.796818 0.002677 
166 -1.919951 0.000000 -13.076225 97.708149 0.000000 20.729942 0.002339 
167 1.561696 0.000000 -9.778264 97.623857 0.000000 20.582623 0.004594 
168 -0.179128 0.000000 -4.831323 97.171562 0.000000 20.518187 0.013669 
169 -1.919951 0.000000 -4.831323 97.347994 0.000000 20.781857 0.009148 
170 -0.179128 0.000000 -6.480304 97.409789 0.000000 20.570889 0.008817 
171 1.561696 0.000000 -4.831323 97.164419 0.000000 20.129638 0.015387 
172 0.691284 0.000000 -2.357852 95.806390 0.000000 19.947238 0.042324 
173 -0.179128 0.000000 -2.357852 96.223397 0.000000 20.771156 0.030962 
174 0.691284 0.000000 -3.182343 96.518394 0.000000 20.102615 0.028008 
175 1.561696 0.000000 -2.357852 96.020905 0.000000 19.011962 0.041853 
176 1.126490 0.000000 -1.121117 93.101053 0.000000 17.438578 0.102809 
177 0.691284 0.000000 -1.121117 92.808178 0.000000 19.522370 0.100552 
178 1.126490 0.000000 -1.533362 94.449358 0.000000 18.536876 0.073570 
179 1.561696 0.000000 -1.121117 94.206448 0.000000 16.109902 0.086562 
180 0.908887 0.000000 -0.502749 84.952509 0.000000 -1.849323 0.277965 
181 0.691284 0.000000 -0.502749 84.188953 0.000000 -1.922063 0.290853 
182 0.908887 0.000000 -0.708872 85.109496 0.000000 -1.839972 0.275299 
183 1.126490 0.000000 -0.502749 85.898660 0.000000 -1.767930 0.261829 
184 1.017688 0.000000 -0.193566 85.392810 0.000000 -1.801351 0.270482 
185 0.908887 0.000000 -0.193566 84.641574 0.000000 -1.867438 0.283232 
186 1.017688 0.000000 -0.296627 85.402284 0.000000 -1.803635 0.270320 
187 1.126490 0.000000 -0.193566 86.147015 0.000000 -1.739639 0.257567 
188 1.996901 0.000000 0.527863 98.993755 0.000000 -0.890590 0.019944 
189 2.432107 0.000000 0.527863 101.608461 0.000000 4.212893 -0.034203 
190 1.996901 0.000000 0.940108 100.928452 0.000000 17.238914 -0.048373 
191 1.344093 0.000000 0.321741 87.162339 0.000000 -1.664658 0.239996 
192 1.561696 0.000000 0.321741 87.624728 0.000000 -1.633361 0.231924 
193 1.344093 0.000000 0.527863 86.753919 0.000000 -1.699864 0.247087 
194 1.235291 0.000000 0.012557 94.675388 0.000000 -0.619805 0.103619 
195 1.235291 0.000000 -0.090504 86.413112 0.000000 -1.171666 0.253140 
196 1.344093 0.000000 0.012557 92.832497 0.000000 -0.732416 0.138159 
197 1.235291 0.000000 0.115618 86.408373 0.000000 -1.204925 0.253214 
198 1.072089 0.000000 -0.038974 75.251291 0.000000 -0.886076 0.433646 
199 1.017688 0.000000 -0.038974 74.791806 0.000000 -0.908782 0.440536 
200 1.072089 0.000000 -0.090504 79.882881 0.000000 -1.244334 0.361718 
201 1.126490 0.000000 -0.038974 83.125768 0.000000 -0.635556 0.308970 
202 1.072089 0.000000 0.012557 73.209032 0.000000 -0.739477 0.463989 
203 1.344093 0.000000 -0.502749 86.688467 0.000000 -1.705528 0.248220 
204 1.344093 0.000000 -0.708872 91.464229 0.000000 -1.019639 0.163326 
205 1.561696 0.000000 -0.502749 91.965096 0.000000 -1.010658 0.154140 
206 1.235291 0.000000 -0.193566 86.801474 0.000000 -1.689314 0.246265 
207 1.235291 0.000000 -0.296627 86.644582 0.000000 -1.703734 0.248981 
208 1.344093 0.000000 -0.193566 87.291047 0.000000 -1.653734 0.237754 
209 1.779298 0.000000 -0.090504 97.332871 0.000000 -0.298755 0.052622 
210 1.779298 0.000000 -0.296627 96.776058 0.000000 -0.908986 0.063357 
211 1.996901 0.000000 -0.090504 97.785083 0.000000 -0.236872 0.043802 
212 1.779298 0.000000 0.115618 97.285020 0.000000 -0.326422 0.053552 
213 1.452894 0.000000 0.012557 94.236746 0.000000 -0.538888 0.111915 
214 1.452894 0.000000 -0.090504 92.263755 0.000000 -0.885394 0.148662 
215 1.561696 0.000000 0.012557 94.460225 0.000000 -0.540840 0.107697 
216 1.452894 0.000000 0.115618 91.264846 0.000000 -1.047733 0.166963 
217 1.289692 0.000000 -0.038974 88.469279 0.000000 -0.989267 0.217221 
218 1.235291 0.000000 -0.038974 92.042188 0.000000 -0.785940 0.152762 
219 1.289692 0.000000 -0.090504 90.123388 0.000000 -1.158479 0.187643 
220 1.344093 0.000000 -0.038974 92.528368 0.000000 -0.781968 0.143789 
221 1.289692 0.000000 0.012557 96.411111 0.000000 -0.337179 0.070478 
222 1.180890 0.000000 -0.038974 91.597705 0.000000 -0.627292 0.160947 
223 1.180890 0.000000 -0.090504 85.573639 0.000000 -1.193541 0.267573 
224 1.180890 0.000000 0.012557 92.766273 0.000000 -0.559905 0.139411 
225 1.235291 0.000000 0.218679 86.848424 0.000000 -1.685114 0.245451 
226 1.126490 0.000000 0.218679 86.175594 0.000000 -1.736641 0.257075 
227 1.344093 0.000000 0.218679 87.347322 0.000000 -1.649060 0.236773 
228 1.235291 0.000000 0.321741 86.700540 0.000000 -1.698676 0.248013 
229 1.289692 0.000000 0.064088 88.362639 0.000000 -1.013535 0.219102 
230 1.235291 0.000000 0.064088 86.498886 0.000000 -1.143841 0.251663 
231 1.344093 0.000000 0.064088 92.150033 0.000000 -0.845823 0.150766 
232 1.289692 0.000000 0.115618 88.935082 0.000000 -1.350196 0.208873 
233 1.262491 0.000000 -0.013208 93.936830 0.000000 -0.659593 0.117544 
234 1.235291 0.000000 -0.013208 94.639192 0.000000 -0.621780 0.104304 
235 1.262491 0.000000 -0.038974 88.045985 0.000000 -1.001078 0.224690 
236 1.289692 0.000000 -0.013208 96.319650 0.000000 -0.344474 0.072241 
237 1.262491 0.000000 0.012557 93.973442 0.000000 -0.657706 0.116856 
238 1.452894 0.000000 -0.193566 87.599405 0.000000 -1.632671 0.232368 
239 1.452894 0.000000 -0.296627 87.394386 0.000000 -1.649267 0.235950 
240 1.561696 0.000000 -0.193566 87.750062 0.000000 -1.623455 0.229729 
241 1.398493 0.000000 -0.038974 93.870118 0.000000 -0.579830 0.118806 
242 1.398493 0.000000 -0.090504 91.681820 0.000000 -0.945713 0.159355 
243 1.452894 0.000000 -0.038974 94.014623 0.000000 -0.575033 0.116092 
244 1.398493 0.000000 0.012557 95.282671 0.000000 -0.341824 0.092110 
245 1.316892 0.000000 -0.013208 96.532918 0.000000 -0.606996 0.068103 
246 1.316892 0.000000 -0.038974 92.043193 0.000000 -0.853856 0.152732 
247 1.344093 0.000000 -0.013208 92.829323 0.000000 -0.732640 0.138218 
248 1.316892 0.000000 0.012557 96.581682 0.000000 -0.604571 0.067161 
249 1.180890 0.000000 0.064088 85.512315 0.000000 -1.166572 0.268628 
250 1.126490 0.000000 0.064088 82.074119 0.000000 -1.081969 0.326267 
251 1.180890 0.000000 0.115618 85.693496 0.000000 -1.227152 0.265512 
252 1.262491 0.000000 0.038322 92.481387 0.000000 -0.747090 0.144663 
253 1.235291 0.000000 0.038322 92.076951 0.000000 -0.784650 0.152122 
254 1.289692 0.000000 0.038322 88.479801 0.000000 -0.990226 0.217034 
255 1.262491 0.000000 0.064088 86.911673 0.000000 -1.138046 0.244507 
256 1.276092 0.000000 -0.000326 97.544111 0.000000 -0.204605 0.048510 
257 1.262491 0.000000 -0.000326 96.206691 0.000000 -0.383255 0.074413 
258 1.276092 0.000000 -0.013208 95.910820 0.000000 -0.430443 0.080093 
259 1.289692 0.000000 -0.000326 98.674631 0.000000 -0.159379 0.026329 
260 1.276092 0.000000 0.012557 95.945692 0.000000 -0.427410 0.079424 
261 1.779298 0.000000 0.321741 96.186365 0.000000 -0.922561 0.074733 
262 1.996901 0.000000 0.321741 98.119435 0.000000 -0.879678 0.037180 
263 1.779298 0.000000 0.527863 97.370897 0.000000 -0.909706 0.051808 
264 1.452894 0.000000 0.218679 87.656431 0.000000 -1.628124 0.231370 
265 1.561696 0.000000 0.218679 87.802057 0.000000 -1.619399 0.228818 
266 1.452894 0.000000 0.321741 87.464750 0.000000 -1.643582 0.234722 
267 1.398493 0.000000 0.064088 93.238437 0.000000 -0.686689 0.130612 
268 1.452894 0.000000 0.064088 93.697575 0.000000 -0.628034 0.122037 
269 1.398493 0.000000 0.115618 90.455805 0.000000 -1.141051 0.181645 
270 1.371293 0.000000 -0.013208 94.219560 0.000000 -0.515560 0.112241 
271 1.371293 0.000000 -0.038974 93.532305 0.000000 -0.630067 0.125131 
272 1.398493 0.000000 -0.013208 95.225910 0.000000 -0.351278 0.093190 
273 1.371293 0.000000 0.012557 94.233467 0.000000 -0.513445 0.111979 
274 1.316892 0.000000 0.038322 92.044930 0.000000 -0.854545 0.152700 
275 1.344093 0.000000 0.038322 92.533836 0.000000 -0.782010 0.143688 
276 1.316892 0.000000 0.064088 90.477194 0.000000 -1.111049 0.181264 
277 1.330492 0.000000 -0.000326 97.929713 0.000000 -0.525285 0.040950 
278 1.316892 0.000000 -0.000326 97.550048 0.000000 -0.551837 0.048368 
279 1.330492 0.000000 -0.013208 96.461391 0.000000 -0.595493 0.069485 
280 1.344093 0.000000 -0.000326 97.840042 0.000000 -0.526557 0.042705 
281 1.330492 0.000000 0.012557 96.515067 0.000000 -0.592956 0.068449 
282 1.670497 0.000000 0.012557 95.856148 0.000000 -0.278104 0.081152 
283 1.670497 0.000000 -0.090504 93.130599 0.000000 -0.568058 0.132637 
284 1.779298 0.000000 0.012557 97.348277 0.000000 -0.240018 0.052326 
285 1.670497 0.000000 0.115618 92.644205 0.000000 -0.725783 0.141652 
286 22.451576 0.000000 -6.480304 97.869993 0.000000 20.426699 0.000421 
287 22.451576 0.000000 -13.076225 97.822934 0.000000 20.632123 0.000499 
288 29.414870 0.000000 -6.480304 97.864588 0.000000 20.502131 0.000219 
289 22.451576 0.000000 0.115618 98.097235 0.000000 19.414992 -0.000001 
290 12.006636 0.000000 -3.182343 97.968804 0.000000 19.683869 0.001466 
291 12.006636 0.000000 -6.480304 97.845502 0.000000 20.239084 0.001664 
292 15.488283 0.000000 -3.182343 97.968815 0.000000 19.897118 0.000622 
293 12.006636 0.000000 0.115618 98.468458 0.000000 17.575634 -0.000494 
294 6.784166 0.000000 -1.533362 98.192787 0.000000 18.112425 0.003012 
295 6.784166 0.000000 -3.182343 97.865878 0.000000 19.237702 0.005218 
296 8.524989 0.000000 -1.533362 98.179486 0.000000 18.547370 0.001678 
297 6.784166 0.000000 0.115618 99.098196 0.000000 14.342203 -0.002615 
298 4.172931 0.000000 -0.708872 98.166143 0.000000 15.133703 0.013438 
299 4.172931 0.000000 -1.533362 97.697939 0.000000 17.133150 0.016157 
300 5.043342 0.000000 -0.708872 98.462882 0.000000 15.722807 0.005785 
301 4.172931 0.000000 0.115618 96.538645 0.000000 28.606796 -0.013806 
302 2.867313 0.000000 -0.296627 99.308770 0.000000 10.202433 0.003368 
303 2.867313 0.000000 -0.708872 97.270906 0.000000 13.655727 0.035189 
304 3.302519 0.000000 -0.296627 98.824164 0.000000 14.662611 0.001879 
305 2.867313 0.000000 0.115618 98.387625 0.000000 0.000000 0.031988 
306 2.214504 0.000000 -0.090504 97.922025 0.000000 -0.065859 0.041127 
307 2.214504 0.000000 -0.296627 96.062582 0.000000 8.390963 0.070157 
308 2.432107 0.000000 -0.090504 97.960622 0.000000 -0.000000 0.040372 
309 2.214504 0.000000 0.115618 97.963037 0.000000 -0.107192 0.040323 
310 22.451576 0.000000 6.711540 98.347219 0.000000 18.307011 -0.000732 
311 29.414870 0.000000 6.711540 98.781560 0.000000 16.246217 -0.002174 
312 22.451576 0.000000 13.307462 97.941932 0.000000 20.251835 -0.000276 
313 12.006636 0.000000 3.413579 98.373356 0.000000 18.243642 -0.001015 
314 15.488283 0.000000 3.413579 100.232238 0.000000 9.431502 -0.013545 
315 12.006636 0.000000 6.711540 98.159616 0.000000 19.371912 -0.001058 
316 6.784166 0.000000 1.764599 99.553892 0.000000 13.262239 -0.008686 
317 8.524989 0.000000 1.764599 100.891817 0.000000 6.521095 -0.022168 
318 6.784166 0.000000 3.413579 98.480606 0.000000 18.207705 -0.002995 
319 4.172931 0.000000 0.940108 100.825431 0.000000 8.758496 -0.024248 
320 5.043342 0.000000 0.940108 101.159895 0.000000 8.124055 -0.029932 
321 4.172931 0.000000 1.764599 98.683383 0.000000 17.720626 -0.005243 
322 2.867313 0.000000 0.527863 100.385030 0.000000 7.341780 -0.013106 
323 3.302519 0.000000 0.527863 99.728280 0.000000 11.333097 -0.007417 
324 2.867313 0.000000 0.940108 99.519976 0.000000 16.378572 -0.017248 
325 2.649710 0.000000 -0.090504 98.239923 0.000000 -0.000000 0.034892 
326 2.649710 0.000000 -0.296627 97.930397 0.000000 8.892575 0.033056 
327 2.867313 0.000000 -0.090504 98.384619 0.000000 0.000000 0.032047 
328 2.649710 0.000000 0.115618 98.222198 0.000000 -0.000000 0.035240 
329 2.214504 0.000000 0.321741 100.948890 0.000000 0.106673 -0.019069 
330 2.432107 0.000000 0.321741 100.073356 0.000000 1.795064 -0.001790 
331 2.214504 0.000000 0.527863 102.094004 0.000000 4.305767 -0.044173 
332 2.323306 0.000000 0.012557 97.915510 0.000000 -0.000000 0.041255 
333 2.214504 0.000000 0.012557 97.930535 0.000000 -0.067358 0.040961 
334 2.323306 0.000000 -0.090504 97.912731 0.000000 -0.000000 0.041310 
335 2.432107 0.000000 0.012557 97.960300 0.000000 -0.000000 0.040378 
336 2.323306 0.000000 0.115618 97.912786 0.000000 -0.000000 0.041309 
337 3.737725 0.000000 -0.296627 98.140287 0.000000 14.438510 0.016001 
338 3.737725 0.000000 -0.708872 97.970760 0.000000 14.856172 0.018102 
339 4.172931 0.000000 -0.296627 98.380783 0.000000 14.229683 0.011874 
340 3.737725 0.000000 0.115618 97.936797 0.000000 24.442333 -0.018904 
341 3.084916 0.000000 -0.090504 98.453127 0.000000 -0.000000 0.030698 
342 3.084916 0.000000 -0.296627 100.012809 0.000000 12.979921 -0.017104 
343 3.302519 0.000000 -0.090504 98.929821 0.000000 20.505255 -0.020757 
344 3.084916 0.000000 0.115618 98.430207 0.000000 -0.000000 0.031149 
345 0.800085 0.000000 0.012557 43.612716 0.000000 -1.460198 0.809580 
346 0.691284 0.000000 0.012557 74.378745 0.000000 -0.919929 0.446696 
347 0.800085 0.000000 -0.090504 68.656419 0.000000 -1.173678 0.528492 
348 0.800085 0.000000 0.115618 70.792872 0.000000 -1.356536 0.498653 
349 0.473681 0.000000 0.321741 82.570804 0.000000 -2.057471 0.317783 
350 0.256078 0.000000 0.321741 75.753576 0.000000 -2.605289 0.425461 
351 0.473681 0.000000 0.527863 78.749324 0.000000 -2.324541 0.379314 
352 0.582482 0.000000 0.012557 87.389785 0.000000 -0.680713 0.236256 
353 0.473681 0.000000 0.012557 93.538205 0.000000 -0.648332 0.125018 
354 0.582482 0.000000 -0.090504 82.553961 0.000000 -1.052840 0.318373 
355 0.582482 0.000000 0.115618 82.026023 0.000000 -1.129270 0.327046 
356 0.800085 0.000000 -0.193566 76.473016 0.000000 -1.660637 0.414912 
357 0.691284 0.000000 -0.193566 75.256995 0.000000 -1.672067 0.433359 
358 0.800085 0.000000 -0.296627 84.176930 0.000000 -1.915339 0.291058 
359 0.745685 0.000000 -0.038974 70.534501 0.000000 -1.066530 0.502375 
360 0.691284 0.000000 -0.038974 74.663661 0.000000 -0.937665 0.442446 
361 0.745685 0.000000 -0.090504 72.159904 0.000000 -1.142956 0.479164 
362 0.800085 0.000000 -0.038974 67.230137 0.000000 -1.108040 0.547888 
363 0.745685 0.000000 0.012557 70.082648 0.000000 -1.047891 0.508732 
364 0.854486 0.000000 -0.038974 73.483964 0.000000 -1.033584 0.459904 
365 0.854486 0.000000 -0.090504 70.007264 0.000000 -1.180321 0.509759 
366 0.908887 0.000000 -0.038974 76.159913 0.000000 -0.988238 0.419869 
367 0.854486 0.000000 0.012557 76.731726 0.000000 -0.957253 0.411133 
368 0.800085 0.000000 0.218679 77.082315 0.000000 -1.686141 0.405547 
369 0.691284 0.000000 0.218679 75.973550 0.000000 -1.703580 0.422512 
370 0.908887 0.000000 0.218679 84.620546 0.000000 -1.868438 0.283587 
371 0.800085 0.000000 0.321741 84.131141 0.000000 -1.918680 0.291827 
372 0.745685 0.000000 0.064088 71.318091 0.000000 -1.106319 0.491251 
373 0.691284 0.000000 0.064088 75.133111 0.000000 -0.976042 0.435406 
374 0.800085 0.000000 0.064088 67.928744 0.000000 -1.142856 0.538438 
375 0.745685 0.000000 0.115618 73.071472 0.000000 -1.196433 0.465913 
376 0.772885 0.000000 -0.013208 57.825821 0.000000 -2.751875 0.664860 
377 0.745685 0.000000 -0.013208 70.078317 0.000000 -1.046888 0.508793 
378 0.772885 0.000000 -0.038974 70.686260 0.000000 -1.085315 0.500227 
379 0.800085 0.000000 -0.013208 43.750294 0.000000 -1.462048 0.808377 
380 0.772885 0.000000 0.012557 57.657993 0.000000 -2.775413 0.666785 
381 0.256078 0.000000 -1.121117 93.780631 0.000000 21.426250 0.074611 
382 -0.179128 0.000000 -1.121117 95.232848 0.000000 22.190994 0.043826 
383 0.256078 0.000000 -1.533362 94.825522 0.000000 20.804169 0.057531 
384 0.473681 0.000000 -0.502749 77.367607 0.000000 -2.419707 0.400840 
385 0.256078 0.000000 -0.502749 71.964594 0.000000 -2.907074 0.481265 
386 0.473681 0.000000 -0.708872 72.061080 0.000000 -2.878133 0.479892 
387 0.582482 0.000000 -0.193566 75.566639 0.000000 -1.718913 0.428673 
388 0.473681 0.000000 -0.193566 83.164570 0.000000 -2.024571 0.307956 
389 0.582482 0.000000 -0.296627 83.486407 0.000000 -1.989045 0.302606 
390 0.636883 0.000000 -0.038974 78.099841 0.000000 -0.903405 0.389960 
391 0.582482 0.000000 -0.038974 85.855312 0.000000 -0.796691 0.262823 
392 0.636883 0.000000 -0.090504 80.624650 0.000000 -1.088511 0.349848 
393 0.636883 0.000000 0.012557 78.223065 0.000000 -0.881630 0.388037 
394 0.718484 0.000000 -0.013208 70.417539 0.000000 -1.035828 0.504030 
395 0.691284 0.000000 -0.013208 74.378235 0.000000 -0.918965 0.446703 
396 0.718484 0.000000 -0.038974 70.854742 0.000000 -1.056375 0.497849 
397 0.718484 0.000000 0.012557 70.420975 0.000000 -1.036816 0.503981 
398 0.854486 0.000000 0.064088 69.494381 0.000000 -1.155160 0.516920 
399 0.908887 0.000000 0.064088 71.032314 0.000000 -1.167263 0.495305 
400 0.854486 0.000000 0.115618 70.763963 0.000000 -1.222261 0.499097 
401 0.772885 0.000000 0.038322 70.703979 0.000000 -1.088424 0.499976 
402 0.745685 0.000000 0.038322 70.549002 0.000000 -1.069614 0.502169 
403 0.800085 0.000000 0.038322 67.265106 0.000000 -1.111153 0.547417 
404 0.772885 0.000000 0.064088 71.436940 0.000000 -1.122938 0.489550 
405 0.759285 0.000000 -0.000326 86.726221 0.000000 -4.594934 0.245745 
406 0.745685 0.000000 -0.000326 70.018074 0.000000 -1.044639 0.509638 
407 0.759285 0.000000 -0.013208 77.520489 0.000000 -3.314706 0.397959 
408 0.772885 0.000000 -0.000326 67.137316 0.000000 -3.912848 0.547727 
409 0.759285 0.000000 0.012557 77.655721 0.000000 -3.355755 0.395833 
410 3.737725 0.000000 0.527863 99.556887 0.000000 13.940262 -0.010590 
411 4.172931 0.000000 0.527863 99.410348 0.000000 15.487018 -0.012227 
412 3.737725 0.000000 0.940108 100.220919 0.000000 11.488588 -0.017622 
413 3.084916 0.000000 0.321741 97.726445 0.000000 7.504632 0.039322 
414 2.867313 0.000000 0.321741 98.211838 0.000000 5.253717 0.032683 
415 3.302519 0.000000 0.321741 98.682225 0.000000 8.390384 0.019142 
416 3.084916 0.000000 0.527863 99.882445 0.000000 9.543801 -0.006759 
417 2.976115 0.000000 0.012557 98.360401 0.000000 -0.000000 0.032523 
418 2.867313 0.000000 0.012557 98.473916 0.000000 -0.000000 0.030289 
419 2.976115 0.000000 -0.090504 98.372976 0.000000 -0.000000 0.032276 
420 3.084916 0.000000 0.012557 98.534227 0.000000 -0.000000 0.029101 
421 2.976115 0.000000 0.115618 98.361799 0.000000 -0.000000 0.032496 
422 8.524989 0.000000 -19.672147 97.778038 0.000000 20.711055 0.001051 
423 8.524989 0.000000 -26.268069 97.791060 0.000000 20.748658 0.000640 
424 15.488283 0.000000 -19.672147 97.796958 0.000000 20.702685 0.000715 
425 5.043342 0.000000 -9.778264 97.679911 0.000000 20.485780 0.003897 
426 5.043342 0.000000 -13.076225 97.728538 0.000000 20.623794 0.002379 
427 8.524989 0.000000 -9.778264 97.750784 0.000000 20.460142 0.002617 
428 3.302519 0.000000 -4.831323 97.361711 0.000000 19.846568 0.012681 
429 3.302519 0.000000 -6.480304 97.498901 0.000000 20.222552 0.008501 
430 5.043342 0.000000 -4.831323 97.590054 0.000000 19.766732 0.008546 
431 2.432107 0.000000 -2.357852 96.588601 0.000000 18.441956 0.033054 
432 2.432107 0.000000 -3.182343 96.860962 0.000000 19.219782 0.024855 
433 3.302519 0.000000 -2.357852 97.091109 0.000000 18.242029 0.024054 
434 2.867313 0.000000 -1.121117 96.866008 0.000000 15.576613 0.037435 
435 2.432107 0.000000 -1.121117 96.208946 0.000000 15.421645 0.050601 
436 2.867313 0.000000 -1.533362 96.788744 0.000000 16.843780 0.034823 
437 3.302519 0.000000 -1.121117 97.344075 0.000000 15.818745 0.027390 
438 3.084916 0.000000 -0.502749 98.197881 0.000000 13.156504 0.018408 
439 2.867313 0.000000 -0.502749 97.850937 0.000000 12.251409 0.027510 
440 3.084916 0.000000 -0.708872 97.566128 0.000000 14.034675 0.028388 
441 3.302519 0.000000 -0.502749 98.166791 0.000000 13.895947 0.017018 
442 2.976115 0.000000 -0.193566 102.311521 0.000000 10.652740 -0.058113 
443 2.867313 0.000000 -0.193566 100.698944 0.000000 8.516925 -0.021282 
444 2.976115 0.000000 -0.296627 99.939368 0.000000 11.461455 -0.011924 
445 3.084916 0.000000 -0.193566 102.437150 0.000000 13.891154 -0.068633 
446 3.520122 0.000000 -0.090504 97.604731 0.000000 18.882331 0.011677 
447 3.520122 0.000000 -0.296627 98.185480 0.000000 14.638797 0.014532 
448 3.737725 0.000000 -0.090504 97.599016 0.000000 17.678682 0.016190 
449 3.520122 0.000000 0.115618 98.974963 0.000000 18.422063 -0.013542 
450 3.193717 0.000000 0.012557 98.531275 0.000000 -0.000000 0.029159 
451 3.193717 0.000000 -0.090504 98.517195 0.000000 -0.000000 0.029436 
452 3.302519 0.000000 0.012557 97.641713 0.000000 23.014825 -0.006359 
453 3.193717 0.000000 0.115618 98.499070 0.000000 -0.000000 0.029793 
454 3.030515 0.000000 -0.038974 98.441482 0.000000 -0.000000 0.030927 
455 2.976115 0.000000 -0.038974 98.369982 0.000000 -0.000000 0.032335 
456 3.030515 0.000000 -0.090504 98.384185 0.000000 -0.000000 0.032055 
457 3.084916 0.000000 -0.038974 98.510929 0.000000 -0.000000 0.029560 
458 3.030515 0.000000 0.012557 98.397517 0.000000 0.000000 0.031793 
459 3.193717 0.000000 -0.193566 100.746766 0.000000 16.089203 -0.040877 
460 3.193717 0.000000 -0.296627 99.475557 0.000000 14.126792 -0.009495 
461 3.302519 0.000000 -0.193566 99.106480 0.000000 16.619188 -0.009829 
462 3.139317 0.000000 -0.038974 98.522892 0.000000 -0.000000 0.029324 
463 3.139317 0.000000 -0.090504 98.491833 0.000000 -0.000000 0.029936 
464 3.193717 0.000000 -0.038974 98.523531 0.000000 -0.000000 0.029311 
465 3.139317 0.000000 0.012557 98.573084 0.000000 -0.000000 0.028335 
466 2.649710 0.000000 0.321741 99.221181 0.000000 3.411879 0.014352 
467 2.649710 0.000000 0.527863 101.016766 0.000000 5.239356 -0.023184 
468 2.976115 0.000000 0.218679 96.187855 0.000000 0.781573 0.074729 
469 2.867313 0.000000 0.218679 97.003061 0.000000 -0.604261 0.059004 
470 3.084916 0.000000 0.218679 96.309866 0.000000 2.581658 0.071774 
471 2.976115 0.000000 0.321741 97.777275 0.000000 6.363280 0.039911 
472 3.030515 0.000000 0.064088 98.408761 0.000000 -0.000000 0.031572 
473 2.976115 0.000000 0.064088 98.371325 0.000000 -0.000000 0.032308 
474 3.084916 0.000000 0.064088 98.461865 0.000000 -0.000000 0.030526 
475 3.030515 0.000000 0.115618 98.345077 0.000000 -0.000000 0.032825 
476 3.057716 0.000000 -0.013208 98.517011 0.000000 -0.000000 0.029440 
477 3.030515 0.000000 -0.013208 98.430055 0.000000 -0.000000 0.031152 
478 3.057716 0.000000 -0.038974 98.474048 0.000000 -0.000000 0.030286 
479 3.084916 0.000000 -0.013208 98.533858 0.000000 -0.000000 0.029108 
480 3.057716 0.000000 0.012557 98.569912 0.000000 -0.000000 0.028397 
481 2.758512 0.000000 0.012557 98.366280 0.000000 -0.000000 0.032408 
482 2.649710 0.000000 0.012557 98.184382 0.000000 -0.000000 0.035983 
483 2.758512 0.000000 -0.090504 98.346237 0.000000 -0.000000 0.032802 
484 2.758512 0.000000 0.115618 98.353080 0.000000 -0.000000 0.032667 
485 2.921714 0.000000 -0.038974 98.381691 0.000000 -0.000000 0.032104 
486 2.867313 0.000000 -0.038974 98.383474 0.000000 0.000000 0.032069 
487 2.921714 0.000000 -0.090504 98.386081 0.000000 -0.000000 0.032018 
488 2.921714 0.000000 0.012557 98.332006 0.000000 0.000000 0.033082 
489 3.003315 0.000000 -0.013208 98.372206 0.000000 -0.000000 0.032291 
490 2.976115 0.000000 -0.013208 98.360754 0.000000 -0.000000 0.032516 
491 3.003315 0.000000 -0.038974 98.393597 0.000000 -0.000000 0.031870 
492 3.003315 0.000000 0.012557 98.371542 0.000000 -0.000000 0.032304 
493 2.921714 0.000000 0.064088 98.381480 0.000000 -0.000000 0.032108 
494 2.867313 0.000000 0.064088 98.381672 0.000000 0.000000 0.032105 
495 2.921714 0.000000 0.115618 98.388511 0.000000 -0.000000 0.031970 
496 3.003315 0.000000 0.038322 98.393563 0.000000 -0.000000 0.031871 
497 2.976115 0.000000 0.038322 98.369953 0.000000 -0.000000 0.032335 
498 3.030515 0.000000 0.038322 98.441479 0.000000 -0.000000 0.030928 
499 3.003315 0.000000 0.064088 98.377935 0.000000 -0.000000 0.032178 
500 3.016915 0.000000 -0.000326 98.361362 0.000000 0.000000 0.032504 
501 3.003315 0.000000 -0.000326 98.350999 0.000000 0.000000 0.032708 
502 3.016915 0.000000 -0.013208 98.378927 0.000000 0.000000 0.032159 
503 3.030515 0.000000 -0.000326 98.369843 0.000000 0.000000 0.032337 
504 3.016915 0.000000 0.012557 98.377895 0.000000 0.000000 0.032179 
505 2.649710 0.000000 -0.502749 97.261846 0.000000 11.582262 0.040598 
506 2.432107 0.000000 -0.502749 96.656823 0.000000 11.197060 0.053208 
507 2.649710 0.000000 -0.708872 96.870043 0.000000 13.308105 0.043909 
508 2.758512 0.000000 -0.193566 99.315372 0.000000 7.504213 0.008014 
509 2.649710 0.000000 -0.193566 98.311667 0.000000 7.056106 0.028503 
510 2.758512 0.000000 -0.296627 98.567974 0.000000 9.353316 0.019687 
511 2.812912 0.000000 -0.038974 98.360182 0.000000 -0.000000 0.032527 
512 2.758512 0.000000 -0.038974 98.323276 0.000000 -0.000000 0.033253 
513 2.812912 0.000000 -0.090504 98.358949 0.000000 -0.000000 0.032552 
514 2.812912 0.000000 0.012557 98.457175 0.000000 -0.000000 0.030618 
515 2.894513 0.000000 -0.013208 98.372033 0.000000 -0.000000 0.032294 
516 2.867313 0.000000 -0.013208 98.471385 0.000000 -0.000000 0.030339 
517 2.894513 0.000000 -0.038974 98.347319 0.000000 -0.000000 0.032780 
518 2.921714 0.000000 -0.013208 98.332345 0.000000 0.000000 0.033075 
519 2.894513 0.000000 0.012557 98.369990 0.000000 -0.000000 0.032335 
520 2.540909 0.000000 0.012557 98.059743 0.000000 -0.000000 0.038429 
521 2.540909 0.000000 -0.090504 98.018629 0.000000 -0.000000 0.039235 
522 2.540909 0.000000 0.115618 97.985501 0.000000 -0.000000 0.039884 
523 2.704111 0.000000 -0.038974 98.282722 0.000000 -0.000000 0.034051 
524 2.649710 0.000000 -0.038974 98.220251 0.000000 -0.000000 0.035278 
525 2.704111 0.000000 -0.090504 98.281652 0.000000 -0.000000 0.034072 
526 2.704111 0.000000 0.012557 98.279064 0.000000 -0.000000 0.034123 
527 2.758512 0.000000 0.218679 97.742631 0.000000 -1.672997 0.044358 
528 2.649710 0.000000 0.218679 98.373961 0.000000 -2.566665 0.031598 
529 2.758512 0.000000 0.321741 98.737089 0.000000 4.252491 0.023290 
530 2.812912 0.000000 0.064088 98.359077 0.000000 -0.000000 0.032549 
531 2.758512 0.000000 0.064088 98.344074 0.000000 -0.000000 0.032844 
532 2.812912 0.000000 0.115618 98.393581 0.000000 -0.000000 0.031870 
533 2.785712 0.000000 -0.013208 98.402095 0.000000 -0.000000 0.031703 
534 2.758512 0.000000 -0.013208 98.365888 0.000000 -0.000000 0.032415 
535 2.785712 0.000000 -0.038974 98.351808 0.000000 -0.000000 0.032692 
536 2.812912 0.000000 -0.013208 98.455458 0.000000 -0.000000 0.030652 
537 2.785712 0.000000 0.012557 98.403491 0.000000 -0.000000 0.031675 
538 2.704111 0.000000 0.064088 98.277195 0.000000 -0.000000 0.034159 
539 2.649710 0.000000 0.064088 98.232318 0.000000 -0.000000 0.035041 
540 2.704111 0.000000 0.115618 98.331260 0.000000 -0.000000 0.033096 
541 2.731311 0.000000 -0.013208 98.305533 0.000000 -0.000000 0.033602 
542 2.704111 0.000000 -0.013208 98.279116 0.000000 -0.000000 0.034122 
543 2.731311 0.000000 -0.038974 98.297174 0.000000 -0.000000 0.033767 
544 2.731311 0.000000 0.012557 98.305784 0.000000 -0.000000 0.033597 
545 2.540909 0.000000 -0.193566 97.572842 0.000000 6.896464 0.043198 
546 2.432107 0.000000 -0.193566 97.007638 0.000000 6.848126 0.054262 
547 2.540909 0.000000 -0.296627 97.396389 0.000000 8.628864 0.043949 
548 2.595309 0.000000 -0.038974 98.170303 0.000000 -0.000000 0.036259 
549 2.540909 0.000000 -0.038974 98.064085 0.000000 -0.000000 0.038344 
550 2.595309 0.000000 -0.090504 98.158643 0.000000 -0.000000 0.036488 
551 2.595309 0.000000 0.012557 98.164919 0.000000 -0.000000 0.036365 
552 2.676911 0.000000 -0.013208 98.249540 0.000000 -0.000000 0.034703 
553 2.649710 0.000000 -0.013208 98.185007 0.000000 -0.000000 0.035970 
554 2.676911 0.000000 -0.038974 98.257412 0.000000 -0.000000 0.034548 
555 2.676911 0.000000 0.012557 98.249405 0.000000 -0.000000 0.034705 
556 2.731311 0.000000 0.038322 98.297106 0.000000 -0.000000 0.033768 
557 2.704111 0.000000 0.038322 98.282603 0.000000 -0.000000 0.034053 
558 2.758512 0.000000 0.038322 98.323237 0.000000 -0.000000 0.033254 
559 2.731311 0.000000 0.064088 98.315613 0.000000 -0.000000 0.033404 
560 2.717711 0.000000 -0.000326 98.287270 0.000000 -0.000000 0.033961 
561 2.704111 0.000000 -0.000326 98.257643 0.000000 -0.000000 0.034544 
562 2.717711 0.000000 -0.013208 98.285672 0.000000 -0.000000 0.033993 
563 2.731311 0.000000 -0.000326 98.305723 0.000000 -0.000000 0.033598 
564 2.717711 0.000000 0.012557 98.285606 0.000000 -0.000000 0.033994 
565 5.913754 0.000000 0.940108 100.294404 0.000000 13.856179 -0.025096 
566 5.913754 0.000000 0.115618 99.239367 0.000000 14.050726 -0.004587 
567 6.784166 0.000000 0.940108 99.213092 0.000000 16.775659 -0.012466 
568 5.913754 0.000000 1.764599 98.705973 0.000000 17.079924 -0.003459 
569 -19.328185 0.000000 -19.672147 97.797132 0.000000 20.796851 0.000321 
570 -26.291479 0.000000 -19.672147 97.804585 0.000000 20.797534 0.000173 
571 -19.328185 0.000000 -26.268069 97.799945 0.000000 20.792424 0.000285 
572 22.451576 0.000000 -19.672147 97.809760 0.000000 20.706455 0.000449 
573 22.451576 0.000000 -26.268069 97.806741 0.000000 20.740789 0.000366 
574 29.414870 0.000000 -19.672147 97.816594 0.000000 20.713942 0.000285 
575 -8.883245 0.000000 -9.778264 97.742812 0.000000 20.812685 0.001317 
576 -12.364892 0.000000 -9.778264 97.772790 0.000000 20.816832 0.000714 
577 -8.883245 0.000000 -13.076225 97.754475 0.000000 20.795576 0.001161 
578 12.006636 0.000000 -9.778264 97.799432 0.000000 20.478741 0.001589 
579 12.006636 0.000000 -13.076225 97.785998 0.000000 20.600580 0.001351 
580 15.488283 0.000000 -9.778264 97.822384 0.000000 20.507540 0.001022 
581 -3.660775 0.000000 -4.831323 97.529296 0.000000 20.872480 0.005238 
582 -5.401598 0.000000 -4.831323 97.645180 0.000000 20.886179 0.002919 
583 -3.660775 0.000000 -6.480304 97.577726 0.000000 20.798552 0.004601 
584 6.784166 0.000000 -4.831323 97.745441 0.000000 19.807870 0.005348 
585 6.784166 0.000000 -6.480304 97.710117 0.000000 20.140103 0.004711 
586 8.524989 0.000000 -4.831323 97.829527 0.000000 19.886325 0.003392 
587 -1.049540 0.000000 -2.357852 96.735919 0.000000 21.139416 0.019529 
588 -1.919951 0.000000 -2.357852 97.153847 0.000000 21.193675 0.011196 
589 -1.049540 0.000000 -3.182343 96.937673 0.000000 20.859416 0.016797 
590 4.172931 0.000000 -2.357852 97.499309 0.000000 18.288436 0.015942 
591 4.172931 0.000000 -3.182343 97.433998 0.000000 18.987212 0.014610 
592 5.043342 0.000000 -2.357852 97.753522 0.000000 18.421601 0.010489 
593 1.996901 0.000000 -1.121117 95.329918 0.000000 15.534981 0.067087 
594 1.996901 0.000000 -1.533362 95.618612 0.000000 17.057726 0.056611 
595 1.779298 0.000000 -0.502749 97.366335 0.000000 -0.909739 0.051897 
596 1.779298 0.000000 -0.708872 98.996057 0.000000 -0.889430 0.019899 
597 1.996901 0.000000 -0.502749 98.944876 0.000000 -0.950996 0.020901 
598 2.214504 0.000000 -0.502749 95.973544 0.000000 11.011103 0.066783 
599 2.214504 0.000000 -0.708872 95.866445 0.000000 12.959101 0.064169 
600 1.017688 0.000000 0.218679 85.396812 0.000000 -1.800198 0.270414 
601 1.017688 0.000000 0.321741 85.407762 0.000000 -1.802232 0.270227 
602 0.963287 0.000000 -0.038974 73.748434 0.000000 -0.933919 0.456030 
603 0.963287 0.000000 -0.090504 78.871598 0.000000 -1.305937 0.377757 
604 0.963287 0.000000 0.012557 70.875536 0.000000 -0.447757 0.497646 
605 1.072089 0.000000 0.064088 76.310676 0.000000 -0.968074 0.417574 
606 1.017688 0.000000 0.064088 75.832824 0.000000 -0.992078 0.424840 
607 1.072089 0.000000 0.115618 80.277095 0.000000 -1.279776 0.355395 
608 0.963287 0.000000 0.064088 75.600119 0.000000 -1.148888 0.428330 
609 0.963287 0.000000 0.115618 80.343102 0.000000 -1.511493 0.354270 
610 1.670497 0.000000 -0.193566 88.431635 0.000000 -1.088393 0.217866 
611 1.670497 0.000000 -0.296627 92.281529 0.000000 -1.005191 0.148311 
612 1.779298 0.000000 -0.193566 96.204131 0.000000 -0.922401 0.074391 
613 1.303292 0.000000 -0.000326 97.472982 0.000000 -0.448696 0.049882 
614 1.303292 0.000000 -0.013208 95.770755 0.000000 -0.637323 0.082756 
615 1.303292 0.000000 0.012557 96.914442 0.000000 -0.455230 0.060738 
616 1.670497 0.000000 0.218679 88.479573 0.000000 -1.087476 0.217018 
617 1.779298 0.000000 0.218679 96.211476 0.000000 -0.922339 0.074250 
618 1.670497 0.000000 0.321741 92.318042 0.000000 -1.004556 0.147637 
619 1.371293 0.000000 0.038322 93.543328 0.000000 -0.628992 0.124925 
620 1.398493 0.000000 0.038322 93.886799 0.000000 -0.577737 0.118494 
621 1.371293 0.000000 0.064088 92.475088 0.000000 -0.798981 0.144772 
622 5.913754 0.000000 -0.708872 98.588827 0.000000 16.355182 0.001275 
623 5.913754 0.000000 -1.533362 98.147421 0.000000 17.808345 0.004995 
624 6.784166 0.000000 -0.708872 98.535686 0.000000 16.921420 0.000438 
625 3.737725 0.000000 -1.121117 97.669349 0.000000 16.050723 0.020307 
626 3.737725 0.000000 -1.533362 97.471802 0.000000 17.003668 0.021012 
627 4.172931 0.000000 -1.121117 97.891159 0.000000 16.263506 0.015282 
628 2.323306 0.000000 -0.193566 96.521255 0.000000 6.880044 0.063631 
629 2.214504 0.000000 -0.193566 98.483959 0.000000 -1.048741 0.029981 
630 2.323306 0.000000 -0.296627 96.504270 0.000000 8.407743 0.061624 
631 3.520122 0.000000 -0.502749 98.090490 0.000000 14.202515 0.017654 
632 3.520122 0.000000 -0.708872 97.833993 0.000000 14.642895 0.021410 
633 3.737725 0.000000 -0.502749 98.105347 0.000000 14.301698 0.017080 
634 0.582482 0.000000 0.218679 83.226206 0.000000 -2.013231 0.306935 
635 0.473681 0.000000 0.218679 83.121092 0.000000 -2.028822 0.308677 
636 0.582482 0.000000 0.321741 83.427107 0.000000 -1.994455 0.303594 
637 0.636883 0.000000 0.064088 77.958029 0.000000 -0.947246 0.392165 
638 0.582482 0.000000 0.064088 83.333199 0.000000 -0.978006 0.305462 
639 0.636883 0.000000 0.115618 80.604204 0.000000 -1.151773 0.350164 
640 0.718484 0.000000 0.038322 70.866782 0.000000 -1.059423 0.497678 
641 0.691284 0.000000 0.038322 74.666414 0.000000 -0.940639 0.442404 
642 0.718484 0.000000 0.064088 71.591516 0.000000 -1.097512 0.487345 
643 3.520122 0.000000 0.321741 99.423500 0.000000 6.994970 0.006604 
644 3.737725 0.000000 0.321741 99.871937 0.000000 3.524195 0.001318 
645 3.520122 0.000000 0.527863 99.642737 0.000000 12.777116 -0.009193 
646 3.193717 0.000000 0.218679 97.745505 0.000000 3.495108 0.043360 
647 3.302519 0.000000 0.218679 99.310571 0.000000 3.088831 0.012787 
648 3.193717 0.000000 0.321741 98.134833 0.000000 8.249831 0.030149 
649 3.139317 0.000000 0.064088 98.499112 0.000000 -0.000000 0.029792 
650 3.193717 0.000000 0.064088 98.513702 0.000000 -0.000000 0.029505 
651 3.139317 0.000000 0.115618 98.481833 0.000000 -0.000000 0.030133 
652 2.540909 0.000000 0.218679 98.902454 0.000000 -3.346202 0.020711 
653 2.432107 0.000000 0.218679 99.341010 0.000000 -4.084796 0.011468 
654 2.540909 0.000000 0.321741 99.662650 0.000000 2.608399 0.006055 
655 3.057716 0.000000 0.038322 98.474280 0.000000 -0.000000 0.030282 
656 3.084916 0.000000 0.038322 98.511439 0.000000 -0.000000 0.029550 
657 3.057716 0.000000 0.064088 98.445618 0.000000 -0.000000 0.030846 
658 2.948914 0.000000 -0.013208 98.349929 0.000000 -0.000000 0.032729 
659 2.948914 0.000000 -0.038974 98.380187 0.000000 -0.000000 0.032134 
660 2.948914 0.000000 0.012557 98.349619 0.000000 -0.000000 0.032735 
661 2.948914 0.000000 0.038322 98.380169 0.000000 -0.000000 0.032134 
662 2.921714 0.000000 0.038322 98.381695 0.000000 -0.000000 0.032104 
663 2.948914 0.000000 0.064088 98.380995 0.000000 -0.000000 0.032118 
664 2.840113 0.000000 -0.013208 98.502832 0.000000 -0.000000 0.029719 
665 2.840113 0.000000 -0.038974 98.364712 0.000000 -0.000000 0.032438 
666 2.840113 0.000000 0.012557 98.503998 0.000000 -0.000000 0.029696 
667 2.595309 0.000000 0.064088 98.159065 0.000000 -0.000000 0.036480 
668 2.540909 0.000000 0.064088 98.046218 0.000000 -0.000000 0.038694 
669 2.595309 0.000000 0.115618 98.139973 0.000000 -0.000000 0.036855 
670 2.785712 0.000000 0.038322 98.351802 0.000000 -0.000000 0.032692 
671 2.812912 0.000000 0.038322 98.360207 0.000000 -0.000000 0.032527 
672 2.785712 0.000000 0.064088 98.352056 0.000000 -0.000000 0.032687 
673 2.840113 0.000000 0.038322 98.364754 0.000000 -0.000000 0.032438 
674 2.867313 0.000000 0.038322 98.458241 0.000000 0.000000 0.030597 
675 2.840113 0.000000 0.064088 98.391498 0.000000 0.000000 0.031911 
676 2.676911 0.000000 0.038322 98.257190 0.000000 -0.000000 0.034552 
677 2.649710 0.000000 0.038322 98.219826 0.000000 -0.000000 0.035287 
678 2.676911 0.000000 0.064088 98.265481 0.000000 -0.000000 0.034390 
679 5.913754 0.000000 -2.357852 97.911542 0.000000 18.611631 0.006694 
680 5.913754 0.000000 -3.182343 97.781168 0.000000 19.135063 0.007269 
681 6.784166 0.000000 -2.357852 97.990385 0.000000 18.787584 0.004491 
682 2.323306 0.000000 0.218679 99.750869 0.000000 -4.790329 0.002682 
683 2.214504 0.000000 0.218679 98.527802 0.000000 -1.047891 0.029117 
684 2.323306 0.000000 0.321741 100.495365 0.000000 0.968139 -0.010026 
685 2.894513 0.000000 0.038322 98.346988 0.000000 -0.000000 0.032787 
686 2.894513 0.000000 0.064088 98.374597 0.000000 -0.000000 0.032244 
1 19 21 9 22 
2 20 19 22 4 
3 28 29 3 30 
4 21 28 30 9 
5 35 37 21 38 
6 36 35 38 19 
7 44 45 28 46 
8 37 44 46 21 
9 51 53 37 54 
10 52 51 54 35 
11 60 61 44 62 
12 53 60 62 37 
13 67 69 53 70 
14 68 67 70 51 
15 11 78 76 77 
16 78 10 24 76 
17 76 24 14 79 
18 77 76 79 6 
19 24 82 80 81 
20 82 23 40 80 
21 80 40 27 83 
22 81 80 83 14 
23 40 86 84 85 
24 86 39 56 84 
25 84 56 43 87 
26 85 84 87 27 
27 56 90 88 89 
28 90 55 72 88 
29 88 72 59 91 
30 89 88 91 43 
31 92 93 60 94 
32 69 92 94 53 
33 95 97 69 98 
34 96 95 98 67 
35 72 101 99 100 
36 100 99 103 59 
37 6 79 112 113 
38 79 14 36 112 
39 112 36 19 114 
40 113 112 114 20 
41 14 83 115 116 
42 83 27 52 115 
43 115 52 35 117 
44 116 115 117 36 
45 27 87 118 119 
46 87 43 68 118 
47 118 68 51 120 
48 119 118 120 52 
49 43 91 121 122 
50 91 59 96 121 
51 121 96 67 123 
52 122 121 123 68 
53 59 103 124 125 
54 124 126 95 127 
55 125 124 127 96 
56 99 130 128 129 
57 129 128 132 103 
58 133 134 92 135 
59 97 133 135 69 
60 136 137 97 138 
61 126 136 138 95 
62 151 153 136 154 
63 152 151 154 126 
64 12 162 160 161 
65 162 7 163 160 
66 160 163 13 25 
67 161 160 25 10 
68 25 166 164 165 
69 166 13 167 164 
70 164 167 26 41 
71 165 164 41 23 
72 41 170 168 169 
73 170 26 171 168 
74 168 171 42 57 
75 169 168 57 39 
76 57 174 172 173 
77 174 42 175 172 
78 172 175 58 73 
79 173 172 73 55 
80 73 178 176 177 
81 178 58 179 176 
82 176 179 74 109 
83 177 176 109 71 
84 71 182 180 181 
85 182 109 183 180 
86 180 183 108 140 
87 181 180 140 102 
88 140 186 184 185 
89 186 108 187 184 
90 184 187 141 157 
91 185 184 157 139 
92 188 189 133 190 
93 137 188 190 97 
94 191 192 137 193 
95 153 191 193 136 
96 157 200 198 199 
97 200 141 201 198 
98 198 201 158 202 
99 199 198 202 155 
100 109 204 203 183 
101 204 74 205 203 
102 203 205 110 148 
103 183 203 148 108 
104 108 207 206 187 
105 207 148 208 206 
106 206 208 147 195 
107 187 206 195 141 
108 210 143 211 209 
109 209 211 146 212 
110 214 149 215 213 
111 213 215 5 216 
112 195 219 217 218 
113 219 147 220 217 
114 141 223 222 201 
115 223 195 218 222 
116 222 218 194 224 
117 201 222 224 158 
118 111 197 225 226 
119 197 150 227 225 
120 225 227 191 228 
121 226 225 228 153 
122 229 231 150 232 
123 230 229 232 197 
124 218 235 233 234 
125 235 217 236 233 
126 234 233 237 194 
127 148 239 238 208 
128 239 110 240 238 
129 238 240 149 214 
130 208 238 214 147 
131 147 242 241 220 
132 242 214 243 241 
133 241 243 213 244 
134 217 246 245 236 
135 246 220 247 245 
136 158 224 249 250 
137 224 194 230 249 
138 249 230 197 251 
139 250 249 251 111 
140 194 237 252 253 
141 237 221 254 252 
142 252 254 229 255 
143 253 252 255 230 
144 233 258 256 257 
145 258 236 259 256 
146 256 259 221 260 
147 257 256 260 237 
148 212 146 262 261 
149 261 262 188 263 
150 192 261 263 137 
151 150 216 264 227 
152 216 5 265 264 
153 264 265 192 266 
154 227 264 266 191 
155 244 213 268 267 
156 267 268 216 269 
157 231 267 269 150 
158 220 271 270 247 
159 271 241 272 270 
160 270 272 244 273 
161 247 270 273 196 
162 221 248 274 254 
163 248 196 275 274 
164 274 275 231 276 
165 254 274 276 229 
166 245 279 277 278 
167 279 247 280 277 
168 277 280 196 281 
169 278 277 281 248 
170 149 283 282 215 
171 283 209 284 282 
172 282 284 212 285 
173 215 282 285 5 
174 15 287 286 33 
175 287 17 288 286 
176 286 288 8 289 
177 33 286 289 18 
178 31 291 290 49 
179 291 33 292 290 
180 290 292 18 293 
181 49 290 293 34 
182 295 49 296 294 
183 294 296 34 297 
184 299 65 300 298 
185 298 300 50 301 
186 143 307 306 211 
187 211 306 309 146 
188 18 289 310 45 
189 289 8 311 310 
190 310 311 29 312 
191 45 310 312 28 
192 34 293 313 61 
193 293 18 314 313 
194 313 314 45 315 
195 61 313 315 44 
196 297 34 317 316 
197 316 317 61 318 
198 93 316 318 60 
199 301 50 320 319 
200 319 320 93 321 
201 134 319 321 92 
202 322 323 134 324 
203 189 322 324 133 
204 146 309 329 262 
205 329 330 189 331 
206 262 329 331 188 
207 306 334 332 333 
208 334 308 335 332 
209 332 335 107 336 
210 333 332 336 309 
211 338 298 339 337 
212 337 339 301 340 
213 103 132 349 350 
214 349 152 126 351 
215 350 349 351 124 
216 128 354 352 353 
217 353 352 355 132 
218 102 358 356 357 
219 358 140 185 356 
220 356 185 139 347 
221 357 356 347 131 
222 131 361 359 360 
223 361 347 362 359 
224 347 365 364 362 
225 365 139 366 364 
226 364 366 156 367 
227 362 364 367 345 
228 75 348 368 369 
229 348 142 370 368 
230 368 370 151 371 
231 369 368 371 152 
232 372 374 348 375 
233 373 372 375 75 
234 359 378 376 377 
235 378 362 379 376 
236 376 379 345 380 
237 55 383 381 382 
238 383 73 177 381 
239 381 177 71 101 
240 382 381 101 72 
241 101 386 384 385 
242 386 71 181 384 
243 384 181 102 130 
244 385 384 130 99 
245 130 389 387 388 
246 389 102 357 387 
247 387 357 131 354 
248 388 387 354 128 
249 354 392 390 391 
250 392 131 360 390 
251 390 360 346 393 
252 391 390 393 352 
253 360 396 394 395 
254 396 359 377 394 
255 394 377 363 397 
256 395 394 397 346 
257 345 367 398 374 
258 367 156 399 398 
259 398 399 142 400 
260 374 398 400 348 
261 363 380 401 402 
262 380 345 403 401 
263 401 403 374 404 
264 402 401 404 372 
265 377 407 405 406 
266 407 376 408 405 
267 405 408 380 409 
268 406 405 409 363 
269 340 301 411 410 
270 410 411 319 412 
271 323 410 412 134 
272 413 415 323 416 
273 414 413 416 322 
274 7 423 422 163 
275 423 16 424 422 
276 422 424 15 32 
277 163 422 32 13 
278 13 426 425 167 
279 426 32 427 425 
280 425 427 31 48 
281 167 425 48 26 
282 26 429 428 171 
283 429 48 430 428 
284 428 430 47 64 
285 171 428 64 42 
286 42 432 431 175 
287 432 64 433 431 
288 431 433 63 105 
289 175 431 105 58 
290 105 436 434 435 
291 436 63 437 434 
292 434 437 106 303 
293 435 434 303 104 
294 303 440 438 439 
295 440 106 441 438 
296 438 441 304 342 
297 439 438 342 302 
298 302 444 442 443 
299 444 342 445 442 
300 442 445 341 419 
301 443 442 419 327 
302 304 447 446 343 
303 447 337 448 446 
304 446 448 340 449 
305 343 446 449 66 
306 451 343 452 450 
307 450 452 66 453 
308 419 456 454 455 
309 456 341 457 454 
310 342 460 459 445 
311 460 304 461 459 
312 459 461 343 451 
313 445 459 451 341 
314 341 463 462 457 
315 463 451 464 462 
316 462 464 450 465 
317 457 462 465 420 
318 466 414 322 467 
319 330 466 467 189 
320 305 421 468 469 
321 421 344 470 468 
322 468 470 413 471 
323 469 468 471 414 
324 472 474 344 475 
325 473 472 475 421 
326 454 478 476 477 
327 478 457 479 476 
328 476 479 420 480 
329 477 476 480 458 
330 327 487 485 486 
331 487 419 455 485 
332 455 491 489 490 
333 491 454 477 489 
334 490 489 492 417 
335 493 473 421 495 
336 494 493 495 305 
337 417 492 496 497 
338 492 458 498 496 
339 496 498 472 499 
340 497 496 499 473 
341 489 502 500 501 
342 502 477 503 500 
343 500 503 458 504 
344 501 500 504 492 
345 104 507 505 506 
346 507 303 439 505 
347 505 439 302 326 
348 506 505 326 145 
349 326 510 508 509 
350 510 302 443 508 
351 508 443 327 483 
352 509 508 483 325 
353 483 513 511 512 
354 513 327 486 511 
355 486 517 515 516 
356 517 485 518 515 
357 515 518 488 519 
358 516 515 519 418 
359 308 521 520 335 
360 335 520 522 107 
361 325 525 523 524 
362 525 483 512 523 
363 328 484 527 528 
364 484 305 469 527 
365 527 469 414 529 
366 528 527 529 466 
367 530 494 305 532 
368 531 530 532 484 
369 512 535 533 534 
370 535 511 536 533 
371 533 536 514 537 
372 534 533 537 481 
373 538 531 484 540 
374 539 538 540 328 
375 523 543 541 542 
376 543 512 534 541 
377 541 534 481 544 
378 145 547 545 546 
379 547 326 509 545 
380 545 509 325 521 
381 546 545 521 308 
382 521 550 548 549 
383 550 325 524 548 
384 548 524 482 551 
385 549 548 551 520 
386 524 554 552 553 
387 554 523 542 552 
388 552 542 526 555 
389 553 552 555 482 
390 526 544 556 557 
391 544 481 558 556 
392 556 558 531 559 
393 557 556 559 538 
394 542 562 560 561 
395 562 541 563 560 
396 560 563 544 564 
397 561 560 564 526 
398 50 566 565 320 
399 566 297 567 565 
400 565 567 316 568 
401 320 565 568 93 
402 1 571 569 570 
403 571 12 161 569 
404 569 161 10 78 
405 570 569 78 11 
406 16 573 572 424 
407 573 2 574 572 
408 572 574 17 287 
409 424 572 287 15 
410 10 577 575 576 
411 577 25 165 575 
412 575 165 23 82 
413 576 575 82 24 
414 32 579 578 427 
415 579 15 580 578 
416 578 580 33 291 
417 427 578 291 31 
418 23 583 581 582 
419 583 41 169 581 
420 581 169 39 86 
421 582 581 86 40 
422 48 585 584 430 
423 585 31 586 584 
424 584 586 49 295 
425 430 584 295 47 
426 39 589 587 588 
427 589 57 173 587 
428 587 173 55 90 
429 588 587 90 56 
430 64 591 590 433 
431 591 47 592 590 
432 590 592 65 299 
433 433 590 299 63 
434 58 594 593 179 
435 594 105 435 593 
436 593 435 104 144 
437 179 593 144 74 
438 74 596 595 205 
439 596 144 597 595 
440 595 597 143 210 
441 205 595 210 110 
442 144 599 598 597 
443 599 104 506 598 
444 598 506 145 307 
445 597 598 307 143 
446 142 159 600 370 
447 159 111 226 600 
448 600 226 153 601 
449 370 600 601 151 
450 139 603 602 366 
451 603 157 199 602 
452 602 199 155 604 
453 366 602 604 156 
454 155 202 605 606 
455 202 158 250 605 
456 605 250 111 607 
457 606 605 607 159 
458 156 604 608 399 
459 604 155 606 608 
460 608 606 159 609 
461 399 608 609 142 
462 110 611 610 240 
463 611 210 612 610 
464 610 612 209 283 
465 240 610 283 149 
466 236 614 613 259 
467 614 245 278 613 
468 613 278 248 615 
469 259 613 615 221 
470 5 285 616 265 
471 285 212 617 616 
472 616 617 261 618 
473 265 616 618 192 
474 196 273 619 275 
475 273 244 620 619 
476 619 620 267 621 
477 275 619 621 231 
478 65 623 622 300 
479 623 294 624 622 
480 622 624 297 566 
481 300 622 566 50 
482 63 626 625 437 
483 626 299 627 625 
484 625 627 298 338 
485 437 625 338 106 
486 307 630 628 629 
487 630 145 546 628 
488 628 546 308 334 
489 629 628 334 306 
490 106 632 631 441 
491 632 338 633 631 
492 631 633 337 447 
493 441 631 447 304 
494 132 355 634 635 
495 355 75 369 634 
496 634 369 152 636 
497 635 634 636 349 
498 352 393 637 638 
499 393 346 373 637 
500 637 373 75 639 
501 638 637 639 355 
502 346 397 640 641 
503 397 363 402 640 
504 640 402 372 642 
505 641 640 642 373 
506 66 449 643 415 
507 449 340 644 643 
508 643 644 410 645 
509 415 643 645 323 
510 344 453 646 470 
511 453 66 647 646 
512 646 647 415 648 
513 470 646 648 413 
514 420 465 649 474 
515 465 450 650 649 
516 649 650 453 651 
517 474 649 651 344 
518 107 522 652 653 
519 522 328 528 652 
520 652 528 466 654 
521 653 652 654 330 
522 458 480 655 498 
523 480 420 656 655 
524 655 656 474 657 
525 498 655 657 472 
526 485 659 658 518 
527 659 455 490 658 
528 658 490 417 660 
529 518 658 660 488 
530 488 660 661 662 
531 660 417 497 661 
532 661 497 473 663 
533 662 661 663 493 
534 511 665 664 536 
535 665 486 516 664 
536 664 516 418 666 
537 536 664 666 514 
538 520 551 667 668 
539 551 482 539 667 
540 667 539 328 669 
541 668 667 669 522 
542 481 537 670 558 
543 537 514 671 670 
544 670 671 530 672 
545 558 670 672 531 
546 514 666 673 671 
547 666 418 674 673 
548 673 674 494 675 
549 671 673 675 530 
550 482 555 676 677 
551 555 526 557 676 
552 676 557 538 678 
553 677 676 678 539 
554 47 680 679 592 
555 680 295 681 679 
556 679 681 294 623 
557 592 679 623 65 
558 309 336 682 683 
559 336 107 653 682 
560 682 653 330 684 
561 683 682 684 329 
562 418 519 685 674 
563 519 488 662 685 
564 685 662 493 686 
565 674 685 686 494 
