2 0.000000 100.000000 473.401889
669 553 
1 -37.472771 0.000000 -37.629229 99.951333 0.000000 -3.492768 -0.000247 
2 44.014128 0.000000 -37.629229 99.953303 0.000000 -3.408397 -0.000228 
3 44.014128 0.000000 37.933280 99.929049 0.000000 -3.416269 0.000251 
4 -37.472771 0.000000 37.933280 99.927217 0.000000 -3.492790 0.000235 
5 3.270679 0.000000 0.152025 102.509143 0.000000 0.443068 -0.050832 
6 -37.472771 0.000000 0.152025 99.939163 0.000000 -3.506279 -0.000013 
7 3.270679 0.000000 -37.629229 99.978220 0.000000 -3.452066 -0.000756 
8 44.014128 0.000000 0.152025 100.072266 0.000000 0.352613 -0.001458 
9 3.270679 0.000000 37.933280 99.901812 0.000000 -3.452882 0.000771 
10 -17.101046 0.000000 -18.738602 99.987059 0.000000 -3.501543 -0.000967 
11 -37.472771 0.000000 -18.738602 99.950587 0.000000 -3.500335 -0.000237 
12 -17.101046 0.000000 -37.629229 99.965676 0.000000 -3.484067 -0.000528 
13 3.270679 0.000000 -18.738602 100.086277 0.000000 -3.352606 -0.002850 
14 -17.101046 0.000000 0.152025 99.937656 0.000000 -3.556072 -0.000018 
15 23.642403 0.000000 -18.738602 99.990108 0.000000 -3.202667 -0.000828 
16 23.642403 0.000000 -37.629229 99.966804 0.000000 -3.419313 -0.000505 
17 44.014128 0.000000 -18.738602 99.959910 0.000000 -3.182238 -0.000211 
18 23.642403 0.000000 0.152025 100.171724 0.000000 3.376007 -0.004577 
19 -17.101046 0.000000 19.042653 99.891511 0.000000 -3.500723 0.000943 
20 -37.472771 0.000000 19.042653 99.927877 0.000000 -3.500261 0.000217 
21 3.270679 0.000000 19.042653 99.795812 0.000000 -3.350799 0.002957 
22 -17.101046 0.000000 37.933280 99.913290 0.000000 -3.484139 0.000520 
23 -6.915184 0.000000 -9.293288 100.128180 0.000000 -3.547103 -0.003823 
24 -17.101046 0.000000 -9.293288 99.983746 0.000000 -3.531864 -0.000922 
25 -6.915184 0.000000 -18.738602 100.041065 0.000000 -3.468607 -0.002025 
26 3.270679 0.000000 -9.293288 100.431980 0.000000 -3.073693 -0.009603 
27 -6.915184 0.000000 0.152025 99.920315 0.000000 -3.772912 0.000170 
28 23.642403 0.000000 19.042653 99.898028 0.000000 -3.216710 0.001004 
29 44.014128 0.000000 19.042653 99.935574 0.000000 -3.232181 0.000243 
30 23.642403 0.000000 37.933280 99.914604 0.000000 -3.422802 0.000536 
31 13.456541 0.000000 -9.293288 100.124528 0.000000 -2.635092 -0.003186 
32 13.456541 0.000000 -18.738602 100.042011 0.000000 -3.239362 -0.001890 
33 23.642403 0.000000 -9.293288 100.004634 0.000000 -2.613069 -0.000776 
34 13.456541 0.000000 0.152025 99.842653 0.000000 -2.464726 0.002537 
35 -6.915184 0.000000 9.597339 99.744664 0.000000 -3.537545 0.003849 
36 -17.101046 0.000000 9.597339 99.893245 0.000000 -3.530488 0.000888 
37 3.270679 0.000000 9.597339 99.457132 0.000000 -3.057424 0.009893 
38 -6.915184 0.000000 19.042653 99.838428 0.000000 -3.466549 0.002027 
39 -1.822253 0.000000 -4.570631 100.595361 0.000000 -3.670465 -0.013290 
40 -6.915184 0.000000 -4.570631 100.112692 0.000000 -3.670396 -0.003602 
41 -1.822253 0.000000 -9.293288 100.314036 0.000000 -3.429468 -0.007467 
42 3.270679 0.000000 -4.570631 101.193898 0.000000 -2.543151 -0.024667 
43 -1.822253 0.000000 0.152025 99.644749 0.000000 -4.823610 0.004766 
44 13.456541 0.000000 9.597339 99.784500 0.000000 -2.654849 0.003601 
45 23.642403 0.000000 9.597339 99.920621 0.000000 -2.699091 0.000858 
46 13.456541 0.000000 19.042653 99.847303 0.000000 -3.244172 0.001999 
47 8.363610 0.000000 -4.570631 100.564680 0.000000 -1.597392 -0.011581 
48 8.363610 0.000000 -9.293288 100.291485 0.000000 -2.746135 -0.006592 
49 13.456541 0.000000 -4.570631 100.138516 0.000000 -1.438680 -0.002979 
50 8.363610 0.000000 0.152025 98.633025 0.000000 2.629903 0.026461 
51 -1.822253 0.000000 4.874682 99.260384 0.000000 -3.606797 0.013437 
52 -6.915184 0.000000 4.874682 99.745862 0.000000 -3.655755 0.003740 
53 3.270679 0.000000 4.874682 98.754882 0.000000 -2.570111 0.024087 
54 -1.822253 0.000000 9.597339 99.562927 0.000000 -3.409963 0.007560 
55 0.724213 0.000000 -2.209303 101.772969 0.000000 -3.440530 -0.036957 
56 -1.822253 0.000000 -2.209303 100.683180 0.000000 -4.101159 -0.015392 
57 0.724213 0.000000 -4.570631 101.034888 0.000000 -3.285775 -0.021884 
58 3.270679 0.000000 -2.209303 102.422314 0.000000 -1.556020 -0.049275 
59 0.724213 0.000000 0.152025 96.256482 0.000000 -0.091922 0.073468 
60 8.363610 0.000000 4.874682 99.397466 0.000000 -1.802666 0.011689 
61 13.456541 0.000000 4.874682 99.810449 0.000000 -1.786378 0.003468 
62 8.363610 0.000000 9.597339 99.607412 0.000000 -2.744339 0.007083 
63 5.817144 0.000000 -2.209303 101.437606 0.000000 -0.206103 -0.028963 
64 5.817144 0.000000 -4.570631 100.893550 0.000000 -1.929110 -0.018323 
65 8.363610 0.000000 -2.209303 101.127598 0.000000 0.936181 -0.022767 
66 5.817144 0.000000 0.152025 101.226913 0.000000 0.184400 -0.024692 
67 0.724213 0.000000 2.513354 98.150535 0.000000 -3.151013 0.035654 
68 -1.822253 0.000000 2.513354 99.108595 0.000000 -3.929482 0.016205 
69 3.270679 0.000000 2.513354 97.903823 0.000000 -2.015444 0.041078 
70 0.724213 0.000000 4.874682 98.873347 0.000000 -3.217386 0.021371 
71 1.997446 0.000000 -1.028639 101.982561 0.000000 -0.903869 -0.040126 
72 0.724213 0.000000 -1.028639 101.055787 0.000000 -3.842101 -0.022703 
73 1.997446 0.000000 -2.209303 102.373472 0.000000 -2.786485 -0.048809 
74 3.270679 0.000000 -1.028639 106.091220 0.000000 1.798522 -0.125858 
75 1.997446 0.000000 0.152025 97.925832 0.000000 -0.198850 0.041049 
76 -27.286909 0.000000 -9.293288 99.954774 0.000000 -3.513675 -0.000330 
77 -37.472771 0.000000 -9.293288 99.946203 0.000000 -3.504494 -0.000153 
78 -27.286909 0.000000 -18.738602 99.961437 0.000000 -3.503216 -0.000456 
79 -27.286909 0.000000 0.152025 99.938955 0.000000 -3.519019 -0.000018 
80 -12.008115 0.000000 -4.570631 100.000553 0.000000 -3.595102 -0.001304 
81 -17.101046 0.000000 -4.570631 99.965959 0.000000 -3.548352 -0.000578 
82 -12.008115 0.000000 -9.293288 100.026905 0.000000 -3.546930 -0.001796 
83 -12.008115 0.000000 0.152025 99.934231 0.000000 -3.623615 0.000002 
84 -4.368718 0.000000 -2.209303 100.172287 0.000000 -3.904074 -0.004973 
85 -6.915184 0.000000 -2.209303 100.040251 0.000000 -3.744589 -0.002207 
86 -4.368718 0.000000 -4.570631 100.271790 0.000000 -3.719382 -0.006827 
87 -4.368718 0.000000 0.152025 99.889751 0.000000 -3.999190 0.000604 
88 -0.549020 0.000000 -1.028639 102.143780 0.000000 -4.571746 -0.045425 
89 -1.822253 0.000000 -1.028639 100.489502 0.000000 -4.550051 -0.011884 
90 -0.549020 0.000000 -2.209303 101.280619 0.000000 -3.909082 -0.027304 
91 -0.549020 0.000000 0.152025 97.335419 0.000000 -8.629729 0.045134 
92 5.817144 0.000000 2.513354 98.664584 0.000000 -1.164571 0.026394 
93 8.363610 0.000000 2.513354 99.280939 0.000000 -0.933801 0.014242 
94 5.817144 0.000000 4.874682 99.040699 0.000000 -2.034870 0.018680 
95 1.997446 0.000000 1.332690 97.510641 0.000000 -1.752973 0.048860 
96 0.724213 0.000000 1.332690 97.516603 0.000000 -1.808783 0.048724 
97 3.270679 0.000000 1.332690 97.307727 0.000000 -1.590829 0.052868 
98 1.997446 0.000000 2.513354 97.895419 0.000000 -2.609622 0.040968 
99 1.360829 0.000000 -0.438307 100.691908 0.000000 -0.907154 -0.013968 
100 0.724213 0.000000 -0.438307 99.974880 0.000000 -0.734060 0.000448 
101 1.360829 0.000000 -1.028639 100.280604 0.000000 -0.830688 -0.005689 
102 1.997446 0.000000 -0.438307 102.743509 0.000000 -0.611294 -0.055660 
103 1.360829 0.000000 0.152025 98.900207 0.000000 -0.193081 0.021871 
104 4.543911 0.000000 -1.028639 100.991985 0.000000 2.109197 -0.020383 
105 4.543911 0.000000 -2.209303 101.891592 0.000000 -0.631984 -0.038230 
106 5.817144 0.000000 -1.028639 100.749736 0.000000 1.695437 -0.015338 
107 4.543911 0.000000 0.152025 102.979072 0.000000 0.711337 -0.060520 
108 2.634062 0.000000 -0.438307 106.310150 0.000000 -0.290751 -0.130193 
109 2.634062 0.000000 -1.028639 103.949272 0.000000 0.000062 -0.080545 
110 3.270679 0.000000 -0.438307 105.783719 0.000000 2.791683 -0.119799 
111 2.634062 0.000000 0.152025 101.449318 0.000000 0.074173 -0.029197 
112 -27.286909 0.000000 9.597339 99.923360 0.000000 -3.513403 0.000298 
113 -37.472771 0.000000 9.597339 99.932169 0.000000 -3.504427 0.000128 
114 -27.286909 0.000000 19.042653 99.917050 0.000000 -3.502963 0.000431 
115 -12.008115 0.000000 4.874682 99.868454 0.000000 -3.597991 0.001335 
116 -17.101046 0.000000 4.874682 99.909946 0.000000 -3.547350 0.000542 
117 -12.008115 0.000000 9.597339 99.847832 0.000000 -3.544894 0.001784 
118 -4.368718 0.000000 2.513354 99.640703 0.000000 -3.866512 0.005678 
119 -6.915184 0.000000 2.513354 99.806643 0.000000 -3.733283 0.002470 
120 -4.368718 0.000000 4.874682 99.577683 0.000000 -3.685904 0.007070 
121 -0.549020 0.000000 1.332690 97.715994 0.000000 -3.807682 0.043709 
122 -1.822253 0.000000 1.332690 99.100545 0.000000 -4.310369 0.016050 
123 -0.549020 0.000000 2.513354 98.569300 0.000000 -3.679459 0.027055 
124 1.360829 0.000000 0.742357 100.283093 0.000000 -0.831459 -0.005739 
125 0.724213 0.000000 0.742357 97.328114 0.000000 0.472798 0.052701 
126 1.997446 0.000000 0.742357 102.007355 0.000000 -0.904373 -0.040632 
127 1.360829 0.000000 1.332690 97.672144 0.000000 -1.696225 0.045728 
128 1.679138 0.000000 -0.143141 100.114715 0.000000 -0.237770 -0.002301 
129 1.360829 0.000000 -0.143141 98.911839 0.000000 -0.196304 0.021641 
130 1.679138 0.000000 -0.438307 101.682896 0.000000 -0.890005 -0.034020 
131 1.997446 0.000000 -0.143141 98.815026 0.000000 -0.445735 0.023539 
132 1.679138 0.000000 0.152025 100.108868 0.000000 -0.231071 -0.002184 
133 4.543911 0.000000 1.332690 97.786726 0.000000 -0.875531 0.043699 
134 5.817144 0.000000 1.332690 98.479759 0.000000 -0.491429 0.030150 
135 4.543911 0.000000 2.513354 98.229897 0.000000 -1.482770 0.034869 
136 2.634062 0.000000 0.742357 103.948253 0.000000 0.008391 -0.080524 
137 3.270679 0.000000 0.742357 106.067094 0.000000 1.796210 -0.125345 
138 2.634062 0.000000 1.332690 97.358437 0.000000 -1.744200 0.051829 
139 2.315754 0.000000 -0.143141 100.287662 0.000000 -0.478944 -0.005784 
140 2.315754 0.000000 -0.438307 102.874552 0.000000 -0.568690 -0.058350 
141 2.634062 0.000000 -0.143141 103.201823 0.000000 -0.230112 -0.065067 
142 2.315754 0.000000 0.152025 99.102367 0.000000 -0.068837 0.017872 
143 3.907295 0.000000 -0.438307 102.368734 0.000000 2.393356 -0.048509 
144 3.907295 0.000000 -1.028639 103.059687 0.000000 2.576920 -0.062794 
145 4.543911 0.000000 -0.438307 101.273061 0.000000 2.213333 -0.026113 
146 3.907295 0.000000 0.152025 104.462446 0.000000 0.739489 -0.091295 
147 2.952370 0.000000 -0.143141 105.036277 0.000000 0.608741 -0.103299 
148 2.952370 0.000000 -0.438307 108.043615 0.000000 1.252412 -0.167499 
149 3.270679 0.000000 -0.143141 103.881475 0.000000 1.490781 -0.079358 
150 2.952370 0.000000 0.152025 102.089512 0.000000 0.206838 -0.042231 
151 3.907295 0.000000 0.742357 103.056871 0.000000 2.573030 -0.062734 
152 4.543911 0.000000 0.742357 100.992141 0.000000 2.109252 -0.020386 
153 3.907295 0.000000 1.332690 97.471866 0.000000 -1.229369 0.049772 
154 3.588987 0.000000 -0.143141 103.205384 0.000000 1.286849 -0.065301 
155 3.588987 0.000000 -0.438307 103.616235 0.000000 2.570294 -0.074293 
156 3.907295 0.000000 -0.143141 103.640025 0.000000 1.192568 -0.074268 
157 3.588987 0.000000 0.152025 103.331862 0.000000 0.624039 -0.067786 
158 33.828266 0.000000 -9.293288 99.983853 0.000000 -2.579159 -0.000342 
159 33.828266 0.000000 -18.738602 99.969839 0.000000 -3.189150 -0.000414 
160 44.014128 0.000000 -9.293288 99.977662 0.000000 -2.539360 -0.000198 
161 33.828266 0.000000 0.152025 100.145061 0.000000 2.472850 -0.003515 
162 18.549472 0.000000 -4.570631 100.053292 0.000000 -1.427274 -0.001270 
163 18.549472 0.000000 -9.293288 100.041359 0.000000 -2.614940 -0.001511 
164 23.642403 0.000000 -4.570631 100.031011 0.000000 -1.363627 -0.000806 
165 18.549472 0.000000 0.152025 100.052798 0.000000 0.207297 -0.001061 
166 10.910075 0.000000 -2.209303 100.450030 0.000000 2.056190 -0.009444 
167 10.910075 0.000000 -4.570631 100.297020 0.000000 -1.452924 -0.006160 
168 13.456541 0.000000 -2.209303 100.101834 0.000000 1.969573 -0.002426 
169 10.910075 0.000000 0.152025 99.686005 0.000000 -2.188829 0.005791 
170 7.090377 0.000000 -1.028639 101.765922 0.000000 -18.020874 -0.068105 
171 7.090377 0.000000 -2.209303 101.299400 0.000000 0.254421 -0.026163 
172 8.363610 0.000000 -1.028639 101.536000 0.000000 -18.425170 -0.064905 
173 7.090377 0.000000 0.152025 99.785465 0.000000 4.599047 0.002171 
174 5.180528 0.000000 -0.438307 100.882918 0.000000 1.941986 -0.018113 
175 5.180528 0.000000 -1.028639 100.886018 0.000000 1.883920 -0.018154 
176 5.817144 0.000000 -0.438307 101.181693 0.000000 0.389669 -0.023789 
177 5.180528 0.000000 0.152025 101.744700 0.000000 0.442798 -0.035218 
178 33.828266 0.000000 9.597339 99.946527 0.000000 -2.742744 0.000317 
179 44.014128 0.000000 9.597339 99.955227 0.000000 -2.784668 0.000120 
180 33.828266 0.000000 19.042653 99.924388 0.000000 -3.221777 0.000474 
181 18.549472 0.000000 4.874682 99.924737 0.000000 -1.883153 0.001150 
182 23.642403 0.000000 4.874682 99.959835 0.000000 -1.958839 0.000419 
183 18.549472 0.000000 9.597339 99.877063 0.000000 -2.664359 0.001747 
184 10.910075 0.000000 2.513354 99.681917 0.000000 -0.835716 0.006282 
185 13.456541 0.000000 2.513354 99.895508 0.000000 -0.953025 0.001998 
186 10.910075 0.000000 4.874682 99.656459 0.000000 -1.755108 0.006551 
187 7.090377 0.000000 1.332690 98.930188 0.000000 -0.346793 0.021270 
188 8.363610 0.000000 1.332690 99.150158 0.000000 -0.293925 0.016916 
189 7.090377 0.000000 2.513354 99.021705 0.000000 -1.029781 0.019364 
190 5.180528 0.000000 0.742357 100.886289 0.000000 1.884452 -0.018159 
191 5.817144 0.000000 0.742357 100.749742 0.000000 1.695443 -0.015339 
192 5.180528 0.000000 1.332690 98.153989 0.000000 -0.599460 0.036544 
193 4.862220 0.000000 -0.143141 101.980672 0.000000 0.621640 -0.040044 
194 4.543911 0.000000 -0.143141 102.375023 0.000000 1.130117 -0.048192 
195 4.862220 0.000000 -0.438307 100.962544 0.000000 2.051541 -0.019764 
196 5.180528 0.000000 -0.143141 101.756325 0.000000 0.412426 -0.035452 
197 4.862220 0.000000 0.152025 101.993919 0.000000 0.604774 -0.040313 
198 6.453761 0.000000 -0.438307 100.843179 0.000000 -0.000000 -0.016935 
199 6.453761 0.000000 -1.028639 101.378578 0.000000 -18.897410 -0.063473 
200 7.090377 0.000000 -0.438307 101.740525 0.000000 1.568128 -0.035359 
201 6.453761 0.000000 0.152025 100.814763 0.000000 -0.000000 -0.016362 
202 13.456541 0.000000 -28.183916 99.997052 0.000000 -3.382752 -0.001085 
203 3.270679 0.000000 -28.183916 100.007225 0.000000 -3.424668 -0.001317 
204 13.456541 0.000000 -37.629229 99.974741 0.000000 -3.432797 -0.000673 
205 23.642403 0.000000 -28.183916 99.978255 0.000000 -3.359278 -0.000694 
206 8.363610 0.000000 -14.015945 100.151877 0.000000 -3.124948 -0.004016 
207 3.270679 0.000000 -14.015945 100.191753 0.000000 -3.268586 -0.004907 
208 8.363610 0.000000 -18.738602 100.072834 0.000000 -3.284856 -0.002536 
209 13.456541 0.000000 -14.015945 100.078099 0.000000 -3.052392 -0.002494 
210 5.817144 0.000000 -6.931960 100.582324 0.000000 -2.558346 -0.012335 
211 3.270679 0.000000 -6.931960 100.704094 0.000000 -2.886344 -0.014965 
212 5.817144 0.000000 -9.293288 100.383123 0.000000 -2.882037 -0.008508 
213 8.363610 0.000000 -6.931960 100.403640 0.000000 -2.353342 -0.008643 
214 4.543911 0.000000 -3.389967 101.416167 0.000000 -1.702936 -0.028814 
215 3.270679 0.000000 -3.389967 101.641948 0.000000 -2.231346 -0.033606 
216 4.543911 0.000000 -4.570631 101.071558 0.000000 -2.189586 -0.022025 
217 5.817144 0.000000 -3.389967 101.133795 0.000000 -1.351888 -0.022987 
218 5.180528 0.000000 -1.618971 101.687010 0.000000 0.515001 -0.034051 
219 4.543911 0.000000 -1.618971 102.217946 0.000000 0.432313 -0.044870 
220 5.180528 0.000000 -2.209303 101.604471 0.000000 -0.373498 -0.032361 
221 5.817144 0.000000 -1.618971 101.444793 0.000000 0.223432 -0.029110 
222 4.862220 0.000000 -0.733473 100.969803 0.000000 2.065802 -0.019917 
223 4.543911 0.000000 -0.733473 101.402091 0.000000 2.265132 -0.028751 
224 4.862220 0.000000 -1.028639 100.891953 0.000000 1.971559 -0.018307 
225 5.180528 0.000000 -0.733473 100.885496 0.000000 1.950642 -0.018169 
226 5.498836 0.000000 -0.143141 101.563185 0.000000 0.229969 -0.031513 
227 5.498836 0.000000 -0.438307 101.172533 0.000000 0.778689 -0.023649 
228 5.817144 0.000000 -0.143141 101.221951 0.000000 0.228372 -0.024594 
229 5.498836 0.000000 0.152025 101.561864 0.000000 0.226042 -0.031486 
230 5.021374 0.000000 -0.290724 101.310695 0.000000 1.458219 -0.026598 
231 4.862220 0.000000 -0.290724 100.956220 0.000000 1.713564 -0.019509 
232 5.021374 0.000000 -0.438307 100.885445 0.000000 1.947581 -0.018167 
233 5.180528 0.000000 -0.290724 101.294694 0.000000 1.162989 -0.026197 
234 5.021374 0.000000 -0.143141 101.607409 0.000000 0.909929 -0.032489 
235 4.225603 0.000000 -0.143141 103.644164 0.000000 1.139566 -0.074341 
236 4.225603 0.000000 -0.438307 101.817028 0.000000 2.366861 -0.037231 
237 4.225603 0.000000 0.152025 104.429198 0.000000 0.768060 -0.090605 
238 4.703066 0.000000 -0.290724 101.140455 0.000000 1.768315 -0.023252 
239 4.543911 0.000000 -0.290724 101.152524 0.000000 2.118509 -0.023632 
240 4.703066 0.000000 -0.438307 100.971885 0.000000 2.070553 -0.019961 
241 4.703066 0.000000 -0.143141 101.618563 0.000000 1.250030 -0.032789 
242 4.862220 0.000000 0.447191 100.970940 0.000000 2.067977 -0.019941 
243 4.543911 0.000000 0.447191 100.988104 0.000000 2.102587 -0.020302 
244 5.180528 0.000000 0.447191 100.885867 0.000000 1.952048 -0.018177 
245 4.862220 0.000000 0.742357 100.891979 0.000000 1.972139 -0.018308 
246 5.021374 0.000000 0.004442 102.081851 0.000000 0.299009 -0.042079 
247 4.862220 0.000000 0.004442 102.097102 0.000000 0.491125 -0.042406 
248 5.180528 0.000000 0.004442 101.822225 0.000000 0.314904 -0.036786 
249 5.021374 0.000000 0.152025 101.608213 0.000000 0.822212 -0.032490 
250 4.941797 0.000000 -0.216932 101.068614 0.000000 1.459944 -0.021700 
251 4.862220 0.000000 -0.216932 101.109047 0.000000 1.567234 -0.022550 
252 4.941797 0.000000 -0.290724 100.895337 0.000000 1.654974 -0.018261 
253 5.021374 0.000000 -0.216932 101.509390 0.000000 1.068858 -0.030530 
254 4.941797 0.000000 -0.143141 101.927013 0.000000 0.676180 -0.038957 
255 4.703066 0.000000 0.004442 102.811885 0.000000 0.152908 -0.057031 
256 4.543911 0.000000 0.004442 103.172422 0.000000 0.578577 -0.064488 
257 4.703066 0.000000 0.152025 101.872611 0.000000 0.955528 -0.037894 
258 4.782643 0.000000 -0.216932 101.217427 0.000000 1.543167 -0.024735 
259 4.703066 0.000000 -0.216932 101.265059 0.000000 1.589120 -0.025714 
260 4.782643 0.000000 -0.290724 101.079893 0.000000 1.758244 -0.022024 
261 4.782643 0.000000 -0.143141 101.724043 0.000000 0.983615 -0.034875 
262 -6.915184 0.000000 -28.183916 99.995990 0.000000 -3.466299 -0.001121 
263 -17.101046 0.000000 -28.183916 99.975836 0.000000 -3.488162 -0.000734 
264 -6.915184 0.000000 -37.629229 99.974197 0.000000 -3.471170 -0.000689 
265 -1.822253 0.000000 -14.015945 100.158312 0.000000 -3.411270 -0.004332 
266 -6.915184 0.000000 -14.015945 100.090489 0.000000 -3.494501 -0.003032 
267 -1.822253 0.000000 -18.738602 100.075533 0.000000 -3.424949 -0.002684 
268 0.724213 0.000000 -6.931960 100.633171 0.000000 -3.257989 -0.013765 
269 -1.822253 0.000000 -6.931960 100.442925 0.000000 -3.497323 -0.010101 
270 0.724213 0.000000 -9.293288 100.403749 0.000000 -3.275250 -0.009164 
271 1.997446 0.000000 -3.389967 101.621473 0.000000 -2.872591 -0.033518 
272 0.724213 0.000000 -3.389967 101.340114 0.000000 -3.360941 -0.028111 
273 1.997446 0.000000 -4.570631 101.182095 0.000000 -2.939149 -0.024645 
274 2.634062 0.000000 -1.618971 103.346211 0.000000 -1.960565 -0.068428 
275 1.997446 0.000000 -1.618971 103.006674 0.000000 -3.088890 -0.061992 
276 2.634062 0.000000 -2.209303 102.525774 0.000000 -2.172225 -0.051625 
277 3.270679 0.000000 -1.618971 103.113966 0.000000 -0.884755 -0.063327 
278 2.315754 0.000000 -0.733473 103.507364 0.000000 -0.166922 -0.071380 
279 1.997446 0.000000 -0.733473 102.875920 0.000000 -0.590505 -0.058380 
280 2.315754 0.000000 -1.028639 103.320293 0.000000 -0.529964 -0.067536 
281 2.634062 0.000000 -0.733473 103.839709 0.000000 0.222319 -0.078273 
282 2.156600 0.000000 -0.290724 100.855668 0.000000 -0.736716 -0.017241 
283 1.997446 0.000000 -0.290724 100.301687 0.000000 -0.736051 -0.006097 
284 2.156600 0.000000 -0.438307 103.176483 0.000000 -0.265448 -0.064546 
285 2.315754 0.000000 -0.290724 102.285030 0.000000 -0.935251 -0.046310 
286 2.156600 0.000000 -0.143141 99.183560 0.000000 -0.469648 0.016240 
287 1.360829 0.000000 -1.618971 102.240495 0.000000 -3.522342 -0.046553 
288 0.724213 0.000000 -1.618971 101.886747 0.000000 -3.396893 -0.039245 
289 1.360829 0.000000 -2.209303 102.065400 0.000000 -3.215211 -0.042768 
290 1.679138 0.000000 -0.733473 101.766243 0.000000 -0.893663 -0.035717 
291 1.360829 0.000000 -0.733473 100.713659 0.000000 -0.911987 -0.014407 
292 1.679138 0.000000 -1.028639 100.761744 0.000000 -0.922733 -0.015378 
293 1.838292 0.000000 -0.290724 100.728218 0.000000 -0.624073 -0.014656 
294 1.679138 0.000000 -0.290724 101.148794 0.000000 -0.626306 -0.023147 
295 1.838292 0.000000 -0.438307 102.607412 0.000000 -0.619324 -0.052866 
296 1.838292 0.000000 -0.143141 99.460232 0.000000 -0.205279 0.010762 
297 0.087597 0.000000 -0.438307 103.658483 0.000000 -5.398216 -0.077422 
298 -0.549020 0.000000 -0.438307 102.713847 0.000000 -7.162582 -0.060144 
299 0.087597 0.000000 -1.028639 102.554749 0.000000 -3.216001 -0.052782 
300 0.087597 0.000000 0.152025 84.509705 0.000000 -0.000000 0.285811 
301 1.042521 0.000000 -0.143141 97.695188 0.000000 -0.190462 0.045561 
302 0.724213 0.000000 -0.143141 96.239233 0.000000 -0.090954 0.073800 
303 1.042521 0.000000 -0.438307 100.267294 0.000000 -0.826514 -0.005421 
304 1.042521 0.000000 0.152025 97.685566 0.000000 -0.190271 0.045749 
305 1.519984 0.000000 -0.290724 100.831270 0.000000 -0.600830 -0.016731 
306 1.360829 0.000000 -0.290724 100.121500 0.000000 -0.576751 -0.002465 
307 1.519984 0.000000 -0.438307 101.659275 0.000000 -0.887394 -0.033540 
308 1.519984 0.000000 -0.143141 100.012311 0.000000 -0.247766 -0.000252 
309 1.679138 0.000000 0.447191 101.799271 0.000000 -0.895060 -0.036389 
310 1.360829 0.000000 0.447191 100.722622 0.000000 -0.913970 -0.014588 
311 1.997446 0.000000 0.447191 102.928920 0.000000 -0.582317 -0.059470 
312 1.679138 0.000000 0.742357 100.770474 0.000000 -0.924609 -0.015554 
313 1.838292 0.000000 0.004442 99.432754 0.000000 -0.126645 0.011311 
314 1.679138 0.000000 0.004442 100.014363 0.000000 -0.182138 -0.000291 
315 1.997446 0.000000 0.004442 97.586952 0.000000 -0.145843 0.047677 
316 1.838292 0.000000 0.152025 100.008708 0.000000 -0.238231 -0.000180 
317 1.758715 0.000000 -0.216932 101.259418 0.000000 -0.329618 -0.025358 
318 1.679138 0.000000 -0.216932 100.499290 0.000000 -0.379170 -0.010025 
319 1.758715 0.000000 -0.290724 101.788106 0.000000 -0.448177 -0.036102 
320 1.838292 0.000000 -0.216932 100.581123 0.000000 -0.557032 -0.011687 
321 1.758715 0.000000 -0.143141 100.803850 0.000000 -0.243607 -0.016148 
322 1.838292 0.000000 -0.585890 102.672961 0.000000 -0.610843 -0.054211 
323 1.679138 0.000000 -0.585890 101.720693 0.000000 -0.891720 -0.034789 
324 1.838292 0.000000 -0.733473 101.823220 0.000000 -0.897613 -0.036877 
325 1.997446 0.000000 -0.585890 102.804131 0.000000 -0.601952 -0.056905 
326 1.758715 0.000000 -0.364515 101.692588 0.000000 -0.891469 -0.034218 
327 1.679138 0.000000 -0.364515 101.669051 0.000000 -0.889354 -0.033739 
328 1.758715 0.000000 -0.438307 101.706783 0.000000 -0.892081 -0.034507 
329 1.838292 0.000000 -0.364515 102.583317 0.000000 -0.622360 -0.052372 
330 1.917869 0.000000 -0.216932 100.068762 0.000000 -0.632001 -0.001416 
331 1.917869 0.000000 -0.290724 100.588720 0.000000 -0.686093 -0.011856 
332 1.997446 0.000000 -0.216932 100.150689 0.000000 -0.681054 -0.003062 
333 1.917869 0.000000 -0.143141 98.476911 0.000000 -0.187637 0.030226 
334 1.798503 0.000000 -0.253828 100.228663 0.000000 -0.665577 -0.004623 
335 1.758715 0.000000 -0.253828 101.714280 0.000000 -0.431580 -0.034598 
336 1.798503 0.000000 -0.290724 101.808834 0.000000 -0.449464 -0.036524 
337 1.838292 0.000000 -0.253828 100.209862 0.000000 -0.675935 -0.004247 
338 1.798503 0.000000 -0.216932 101.277139 0.000000 -0.331139 -0.025717 
339 1.917869 0.000000 -0.364515 102.643325 0.000000 -0.619444 -0.053604 
340 1.917869 0.000000 -0.438307 102.667007 0.000000 -0.616212 -0.054089 
341 1.997446 0.000000 -0.364515 101.481100 0.000000 -0.711699 -0.029892 
342 1.878080 0.000000 -0.253828 100.079814 0.000000 -0.727627 -0.001650 
343 1.878080 0.000000 -0.290724 100.519227 0.000000 -0.680228 -0.010458 
344 1.917869 0.000000 -0.253828 100.099447 0.000000 -0.656864 -0.002033 
345 1.878080 0.000000 -0.216932 100.049510 0.000000 -0.603661 -0.001027 
346 1.519984 0.000000 0.004442 99.766759 0.000000 -0.168910 0.004657 
347 1.360829 0.000000 0.004442 98.868357 0.000000 -0.144963 0.022503 
348 1.519984 0.000000 0.152025 100.014030 0.000000 -0.243423 -0.000287 
349 1.758715 0.000000 -0.069349 100.417211 0.000000 -0.154316 -0.008364 
350 1.679138 0.000000 -0.069349 100.044826 0.000000 -0.200362 -0.000901 
351 1.838292 0.000000 -0.069349 99.386025 0.000000 -0.161954 0.012239 
352 1.758715 0.000000 0.004442 100.076719 0.000000 -0.124977 -0.001537 
353 1.798503 0.000000 -0.180036 101.182224 0.000000 -0.308510 -0.023794 
354 1.758715 0.000000 -0.180036 101.166706 0.000000 -0.307338 -0.023480 
355 1.838292 0.000000 -0.180036 100.705043 0.000000 -0.491201 -0.014175 
356 1.798503 0.000000 -0.143141 101.069854 0.000000 -0.281128 -0.021519 
357 1.818397 0.000000 -0.235380 100.156049 0.000000 -0.652492 -0.003166 
358 1.798503 0.000000 -0.235380 100.251149 0.000000 -0.627494 -0.005069 
359 1.818397 0.000000 -0.253828 100.006547 0.000000 -0.694349 -0.000179 
360 1.838292 0.000000 -0.235380 100.225744 0.000000 -0.643318 -0.004561 
361 1.818397 0.000000 -0.216932 100.303338 0.000000 -0.613125 -0.006114 
362 6.453761 0.000000 0.742357 98.715401 0.000000 -5.235602 0.022786 
363 7.090377 0.000000 0.742357 99.043132 0.000000 -5.748766 0.015741 
364 6.453761 0.000000 1.332690 98.715306 0.000000 -0.393044 0.025513 
365 6.135452 0.000000 -0.143141 100.960157 0.000000 0.073697 -0.019296 
366 6.135452 0.000000 -0.438307 101.036872 0.000000 0.261456 -0.020852 
367 6.453761 0.000000 -0.143141 100.814214 0.000000 -0.000000 -0.016351 
368 6.135452 0.000000 0.152025 100.960015 0.000000 0.072607 -0.019293 
369 9.636843 0.000000 -1.028639 100.950071 0.000000 -20.215072 -0.059957 
370 9.636843 0.000000 -2.209303 100.851390 0.000000 1.676156 -0.017381 
371 10.910075 0.000000 -1.028639 99.501249 0.000000 -20.976250 -0.034050 
372 9.636843 0.000000 0.152025 98.651310 0.000000 -1.746721 0.026487 
373 7.726993 0.000000 -0.438307 101.478196 0.000000 0.906544 -0.029865 
374 7.726993 0.000000 -1.028639 101.596960 0.000000 -18.035015 -0.064720 
375 8.363610 0.000000 -0.438307 101.935025 0.000000 0.882638 -0.039153 
376 7.726993 0.000000 0.152025 99.390205 0.000000 3.737745 0.010762 
377 6.772069 0.000000 -0.143141 100.639308 0.000000 -0.000000 -0.012827 
378 6.772069 0.000000 -0.438307 102.129147 0.000000 1.971862 -0.043425 
379 7.090377 0.000000 -0.143141 101.026505 0.000000 4.725550 -0.022869 
380 6.772069 0.000000 0.152025 100.639505 0.000000 -0.000000 -0.012831 
381 6.135452 0.000000 0.447191 101.089236 0.000000 0.000000 -0.021903 
382 5.817144 0.000000 0.447191 101.157837 0.000000 0.493186 -0.023315 
383 6.453761 0.000000 0.447191 100.806155 0.000000 -0.000000 -0.016188 
384 6.135452 0.000000 0.742357 98.673692 0.000000 -4.630949 0.024206 
385 6.294607 0.000000 0.004442 100.935727 0.000000 0.000000 -0.018802 
386 6.135452 0.000000 0.004442 101.054446 0.000000 0.019223 -0.021200 
387 6.294607 0.000000 -0.143141 100.877950 0.000000 -0.000000 -0.017636 
388 6.453761 0.000000 0.004442 100.880318 0.000000 -0.000000 -0.017684 
389 6.294607 0.000000 0.152025 100.878002 0.000000 -0.000000 -0.017637 
390 7.090377 0.000000 -3.389967 100.909117 0.000000 -1.081701 -0.018382 
391 7.090377 0.000000 -4.570631 100.716971 0.000000 -1.742505 -0.014694 
392 8.363610 0.000000 -3.389967 100.717276 0.000000 -0.818395 -0.014464 
393 6.453761 0.000000 -1.618971 101.528360 0.000000 0.049434 -0.030801 
394 6.453761 0.000000 -2.209303 101.351993 0.000000 -0.020028 -0.027223 
395 7.090377 0.000000 -1.618971 101.640263 0.000000 0.317125 -0.033084 
396 6.135452 0.000000 -0.733473 103.591688 0.000000 -8.680531 -0.080659 
397 5.817144 0.000000 -0.733473 100.820366 0.000000 1.763276 -0.016786 
398 6.135452 0.000000 -1.028639 100.750609 0.000000 -20.481661 -0.057018 
399 6.453761 0.000000 -0.733473 102.911538 0.000000 -8.189595 -0.065785 
400 6.294607 0.000000 -0.290724 100.850182 0.000000 -0.000000 -0.017076 
401 6.135452 0.000000 -0.290724 100.998777 0.000000 0.101162 -0.020076 
402 6.294607 0.000000 -0.438307 100.916820 0.000000 -0.000000 -0.018420 
403 6.453761 0.000000 -0.290724 100.792742 0.000000 -0.000000 -0.015918 
404 9.636843 0.000000 1.332690 99.329653 0.000000 0.008191 0.013362 
405 10.910075 0.000000 1.332690 99.698207 0.000000 0.271369 0.006019 
406 9.636843 0.000000 2.513354 99.489232 0.000000 -0.845902 0.010118 
407 7.726993 0.000000 0.742357 99.019735 0.000000 -4.152014 0.017785 
408 8.363610 0.000000 0.742357 98.913104 0.000000 -2.714318 0.020883 
409 7.726993 0.000000 1.332690 99.060844 0.000000 -0.341518 0.018683 
410 6.772069 0.000000 0.447191 99.870030 0.000000 -5.084549 0.000012 
411 7.090377 0.000000 0.447191 100.196929 0.000000 -2.831978 -0.004744 
412 6.772069 0.000000 0.742357 98.784816 0.000000 -5.734816 0.020867 
413 6.612915 0.000000 0.004442 100.729805 0.000000 -0.000000 -0.014649 
414 6.612915 0.000000 -0.143141 100.734008 0.000000 -0.000000 -0.014734 
415 6.772069 0.000000 0.004442 100.637597 0.000000 -0.000000 -0.012793 
416 6.612915 0.000000 0.152025 100.734470 0.000000 -0.000000 -0.014743 
417 6.374184 0.000000 -0.069349 100.853835 0.000000 -0.000000 -0.017150 
418 6.294607 0.000000 -0.069349 100.877681 0.000000 -0.000000 -0.017631 
419 6.374184 0.000000 -0.143141 100.831665 0.000000 -0.000000 -0.016702 
420 6.453761 0.000000 -0.069349 100.810478 0.000000 -0.000000 -0.016275 
421 6.374184 0.000000 0.004442 100.898780 0.000000 0.000000 -0.018056 
422 6.772069 0.000000 -0.733473 102.267148 0.000000 -7.893632 -0.052088 
423 6.772069 0.000000 -1.028639 101.814719 0.000000 -18.186153 -0.069697 
424 7.090377 0.000000 -0.733473 101.950991 0.000000 -7.830003 -0.045531 
425 6.612915 0.000000 -0.290724 100.698978 0.000000 -0.000000 -0.014028 
426 6.612915 0.000000 -0.438307 100.684194 0.000000 -0.000000 -0.013731 
427 6.772069 0.000000 -0.290724 100.470453 0.000000 -0.000000 -0.009431 
428 6.533338 0.000000 -0.069349 100.770169 0.000000 -0.000000 -0.015463 
429 6.533338 0.000000 -0.143141 100.774015 0.000000 -0.000000 -0.015540 
430 6.612915 0.000000 -0.069349 100.730896 0.000000 -0.000000 -0.014671 
431 6.533338 0.000000 0.004442 100.768800 0.000000 -0.000000 -0.015435 
432 6.294607 0.000000 0.299608 100.850116 0.000000 -0.000000 -0.017075 
433 6.135452 0.000000 0.299608 101.005908 0.000000 0.050718 -0.020220 
434 6.453761 0.000000 0.299608 100.793117 0.000000 -0.000000 -0.015925 
435 6.294607 0.000000 0.447191 100.884520 0.000000 -0.000000 -0.017769 
436 6.374184 0.000000 0.078234 100.854079 0.000000 -0.000000 -0.017155 
437 6.294607 0.000000 0.078234 100.877700 0.000000 -0.000000 -0.017631 
438 6.453761 0.000000 0.078234 100.810825 0.000000 -0.000000 -0.016282 
439 6.374184 0.000000 0.152025 100.831915 0.000000 -0.000000 -0.016708 
440 6.413972 0.000000 -0.032453 100.818847 0.000000 -0.000000 -0.016444 
441 6.374184 0.000000 -0.032453 100.891823 0.000000 0.000000 -0.017916 
442 6.413972 0.000000 -0.069349 100.819614 0.000000 -0.000000 -0.016459 
443 6.453761 0.000000 -0.032453 101.277711 0.000000 -0.000000 -0.025717 
444 6.413972 0.000000 0.004442 100.884513 0.000000 -0.000000 -0.017769 
445 6.612915 0.000000 0.299608 100.699317 0.000000 -0.000000 -0.014035 
446 6.772069 0.000000 0.299608 100.682527 0.000000 -0.000000 -0.013697 
447 6.612915 0.000000 0.447191 100.472887 0.000000 -0.000000 -0.009480 
448 6.533338 0.000000 0.078234 100.770526 0.000000 -0.000000 -0.015470 
449 6.612915 0.000000 0.078234 100.731182 0.000000 -0.000000 -0.014677 
450 6.533338 0.000000 0.152025 100.774579 0.000000 -0.000000 -0.015552 
451 6.493549 0.000000 -0.032453 101.285330 0.000000 -0.000000 -0.025872 
452 6.493549 0.000000 -0.069349 100.775865 0.000000 -0.000000 -0.015577 
453 6.533338 0.000000 -0.032453 100.769104 0.000000 -0.000000 -0.015441 
454 6.493549 0.000000 0.004442 101.323678 0.000000 -0.000000 -0.026649 
455 6.413972 0.000000 0.041338 100.818984 0.000000 -0.000000 -0.016447 
456 6.374184 0.000000 0.041338 100.853242 0.000000 -0.000000 -0.017138 
457 6.453761 0.000000 0.041338 101.263188 0.000000 -0.000000 -0.025423 
458 6.413972 0.000000 0.078234 100.819872 0.000000 -0.000000 -0.016465 
459 6.433866 0.000000 -0.014006 100.883836 0.000000 -0.000000 -0.017755 
460 6.413972 0.000000 -0.014006 100.879267 0.000000 -0.000000 -0.017663 
461 6.433866 0.000000 -0.032453 101.134238 0.000000 -0.000000 -0.022813 
462 6.453761 0.000000 -0.014006 101.304882 0.000000 -0.000000 -0.026268 
463 6.433866 0.000000 0.004442 100.748862 0.000000 -0.000000 -0.015033 
464 5.976298 0.000000 0.004442 101.144299 0.000000 0.064636 -0.023017 
465 5.817144 0.000000 0.004442 101.241508 0.000000 0.026079 -0.024984 
466 5.976298 0.000000 -0.143141 101.149451 0.000000 0.141488 -0.023123 
467 5.976298 0.000000 0.152025 101.153610 0.000000 0.106709 -0.023206 
468 6.215029 0.000000 -0.069349 100.958251 0.000000 0.024441 -0.019257 
469 6.135452 0.000000 -0.069349 101.013339 0.000000 0.047342 -0.020370 
470 6.215029 0.000000 -0.143141 100.919850 0.000000 0.037691 -0.018482 
471 6.215029 0.000000 0.004442 101.026703 0.000000 0.005033 -0.020639 
472 6.334395 0.000000 -0.032453 100.908463 0.000000 0.000000 -0.018252 
473 6.294607 0.000000 -0.032453 100.915664 0.000000 -0.000000 -0.018397 
474 6.334395 0.000000 -0.069349 100.865523 0.000000 -0.000000 -0.017385 
475 6.334395 0.000000 0.004442 100.917543 0.000000 0.000000 -0.018435 
476 5.498836 0.000000 0.447191 101.195216 0.000000 0.648250 -0.024089 
477 5.498836 0.000000 0.742357 100.821688 0.000000 1.764563 -0.016813 
478 5.657990 0.000000 0.004442 101.345895 0.000000 0.036726 -0.027099 
479 5.498836 0.000000 0.004442 101.449326 0.000000 0.044389 -0.029197 
480 5.657990 0.000000 -0.143141 101.240695 0.000000 0.266984 -0.024975 
481 5.657990 0.000000 0.152025 101.242148 0.000000 0.260867 -0.025004 
482 5.976298 0.000000 -0.290724 101.140521 0.000000 0.210814 -0.022945 
483 5.817144 0.000000 -0.290724 101.211207 0.000000 0.270407 -0.024378 
484 5.976298 0.000000 -0.438307 101.101075 0.000000 0.392689 -0.022158 
485 5.896721 0.000000 -0.069349 101.193232 0.000000 0.110556 -0.024008 
486 5.817144 0.000000 -0.069349 101.223413 0.000000 0.144054 -0.024620 
487 5.896721 0.000000 -0.143141 101.189144 0.000000 0.162479 -0.023927 
488 5.976298 0.000000 -0.069349 101.158308 0.000000 0.084092 -0.023301 
489 5.896721 0.000000 0.004442 101.202159 0.000000 0.056779 -0.024188 
490 5.498836 0.000000 -0.733473 100.859207 0.000000 1.813889 -0.017587 
491 5.498836 0.000000 -1.028639 100.861168 0.000000 1.816182 -0.017627 
492 5.657990 0.000000 -0.290724 101.232214 0.000000 0.340960 -0.024808 
493 5.498836 0.000000 -0.290724 101.218749 0.000000 0.535129 -0.024552 
494 5.657990 0.000000 -0.438307 101.218337 0.000000 0.490023 -0.024539 
495 5.737567 0.000000 -0.069349 101.251093 0.000000 0.156579 -0.025181 
496 5.657990 0.000000 -0.069349 101.246276 0.000000 0.250221 -0.025087 
497 5.737567 0.000000 -0.143141 101.238131 0.000000 0.252258 -0.024922 
498 5.737567 0.000000 0.004442 101.274805 0.000000 0.053732 -0.025659 
499 5.339682 0.000000 0.004442 101.979701 0.000000 0.139100 -0.039988 
500 5.339682 0.000000 -0.143141 101.607528 0.000000 0.402499 -0.032425 
501 5.339682 0.000000 0.152025 101.621025 0.000000 0.349608 -0.032695 
502 5.578413 0.000000 -0.069349 101.547101 0.000000 0.186303 -0.031185 
503 5.498836 0.000000 -0.069349 101.608750 0.000000 0.190922 -0.032437 
504 5.578413 0.000000 -0.143141 101.366876 0.000000 0.313105 -0.027534 
505 5.578413 0.000000 0.004442 101.446555 0.000000 0.064229 -0.029141 
506 5.339682 0.000000 -0.290724 101.157541 0.000000 0.868575 -0.023360 
507 5.339682 0.000000 -0.438307 100.879191 0.000000 1.872013 -0.018012 
508 5.419259 0.000000 -0.069349 101.675297 0.000000 0.211317 -0.033791 
509 5.339682 0.000000 -0.069349 101.770646 0.000000 0.268727 -0.035734 
510 5.419259 0.000000 -0.143141 101.528479 0.000000 0.343629 -0.030815 
511 5.419259 0.000000 0.004442 101.740942 0.000000 0.179851 -0.035125 
512 5.657990 0.000000 0.299608 101.236450 0.000000 0.325129 -0.024892 
513 5.498836 0.000000 0.299608 101.226017 0.000000 0.509676 -0.024697 
514 5.817144 0.000000 0.299608 101.229835 0.000000 0.230555 -0.024753 
515 5.657990 0.000000 0.447191 101.227232 0.000000 0.459590 -0.024716 
516 5.578413 0.000000 0.078234 101.545050 0.000000 0.185885 -0.031143 
517 5.498836 0.000000 0.078234 101.605240 0.000000 0.191343 -0.032366 
518 5.657990 0.000000 0.078234 101.246899 0.000000 0.247469 -0.025100 
519 5.578413 0.000000 0.152025 101.376013 0.000000 0.263029 -0.027717 
520 5.538625 0.000000 -0.032453 101.525812 0.000000 0.114817 -0.030750 
521 5.498836 0.000000 -0.032453 101.627122 0.000000 0.175960 -0.032810 
522 5.538625 0.000000 -0.069349 101.573201 0.000000 0.183031 -0.031715 
523 5.578413 0.000000 -0.032453 101.495713 0.000000 0.118071 -0.030139 
524 5.538625 0.000000 0.004442 101.463527 0.000000 0.052790 -0.029485 
525 5.339682 0.000000 0.299608 101.181213 0.000000 0.752024 -0.023820 
526 5.180528 0.000000 0.299608 101.317850 0.000000 1.124206 -0.026657 
527 5.339682 0.000000 0.447191 100.882261 0.000000 1.877392 -0.018076 
528 5.419259 0.000000 0.078234 101.667201 0.000000 0.212323 -0.033626 
529 5.339682 0.000000 0.078234 101.769398 0.000000 0.240340 -0.035707 
530 5.419259 0.000000 0.152025 101.526269 0.000000 0.336380 -0.030770 
531 5.459047 0.000000 -0.032453 101.653169 0.000000 0.182681 -0.033340 
532 5.419259 0.000000 -0.032453 101.720232 0.000000 0.189297 -0.034704 
533 5.459047 0.000000 -0.069349 101.630451 0.000000 0.197580 -0.032879 
534 5.459047 0.000000 0.004442 101.661132 0.000000 0.177261 -0.033502 
535 5.538625 0.000000 0.041338 101.587147 0.000000 0.170803 -0.031998 
536 5.498836 0.000000 0.041338 101.624403 0.000000 0.176984 -0.032755 
537 5.578413 0.000000 0.041338 101.502305 0.000000 0.125307 -0.030273 
538 5.538625 0.000000 0.078234 101.570096 0.000000 0.183210 -0.031652 
539 5.518730 0.000000 -0.014006 101.508385 0.000000 0.078849 -0.030396 
540 5.498836 0.000000 -0.014006 101.632268 0.000000 0.171672 -0.032915 
541 5.518730 0.000000 -0.032453 101.615829 0.000000 0.174552 -0.032581 
542 5.538625 0.000000 -0.014006 101.475278 0.000000 0.063437 -0.029724 
543 5.518730 0.000000 0.004442 101.457282 0.000000 0.038457 -0.029358 
544 16.003007 0.000000 -2.209303 100.147973 0.000000 1.961220 -0.003346 
545 16.003007 0.000000 -4.570631 100.078293 0.000000 -1.445141 -0.001775 
546 18.549472 0.000000 -2.209303 100.145539 0.000000 2.020447 -0.003321 
547 16.003007 0.000000 0.152025 99.995799 0.000000 -1.201352 -0.000060 
548 12.183308 0.000000 -1.028639 98.844814 0.000000 -20.725661 -0.019985 
549 12.183308 0.000000 -2.209303 100.188965 0.000000 2.085339 -0.004218 
550 13.456541 0.000000 -1.028639 98.858519 0.000000 -18.936550 -0.013160 
551 12.183308 0.000000 0.152025 99.838444 0.000000 -2.427790 0.002639 
552 -27.286909 0.000000 -28.183916 99.960725 0.000000 -3.495012 -0.000436 
553 -37.472771 0.000000 -28.183916 99.951919 0.000000 -3.496030 -0.000261 
554 -27.286909 0.000000 -37.629229 99.957406 0.000000 -3.490392 -0.000367 
555 33.828266 0.000000 -28.183916 99.964068 0.000000 -3.349776 -0.000404 
556 33.828266 0.000000 -37.629229 99.959024 0.000000 -3.412002 -0.000345 
557 44.014128 0.000000 -28.183916 99.955823 0.000000 -3.345683 -0.000236 
558 -12.008115 0.000000 -14.015945 100.022883 0.000000 -3.510866 -0.001690 
559 -17.101046 0.000000 -14.015945 99.989224 0.000000 -3.514595 -0.001020 
560 -12.008115 0.000000 -18.738602 100.010282 0.000000 -3.492450 -0.001425 
561 18.549472 0.000000 -14.015945 100.027378 0.000000 -3.024720 -0.001463 
562 18.549472 0.000000 -18.738602 100.011477 0.000000 -3.214852 -0.001263 
563 23.642403 0.000000 -14.015945 99.998107 0.000000 -3.014209 -0.000871 
564 -4.368718 0.000000 -6.931960 100.258320 0.000000 -3.586204 -0.006459 
565 -6.915184 0.000000 -6.931960 100.135209 0.000000 -3.600131 -0.004002 
566 -4.368718 0.000000 -9.293288 100.209484 0.000000 -3.511379 -0.005427 
567 10.910075 0.000000 -6.931960 100.247041 0.000000 -2.259053 -0.005457 
568 10.910075 0.000000 -9.293288 100.198382 0.000000 -2.669697 -0.004684 
569 13.456541 0.000000 -6.931960 100.140058 0.000000 -2.230811 -0.003301 
570 -0.549020 0.000000 -3.389967 100.993902 0.000000 -3.679238 -0.021331 
571 -1.822253 0.000000 -3.389967 100.641633 0.000000 -3.820414 -0.014333 
572 -0.549020 0.000000 -4.570631 100.818109 0.000000 -3.532514 -0.017677 
573 0.087597 0.000000 -1.618971 101.866846 0.000000 -3.586076 -0.038971 
574 -0.549020 0.000000 -1.618971 101.560960 0.000000 -4.083706 -0.033131 
575 0.087597 0.000000 -2.209303 101.549930 0.000000 -3.664847 -0.032582 
576 1.042521 0.000000 -0.733473 100.070534 0.000000 -0.769917 -0.001470 
577 0.724213 0.000000 -0.733473 99.933775 0.000000 -0.713235 0.001273 
578 1.042521 0.000000 -1.028639 99.975296 0.000000 -0.734275 0.000440 
579 3.907295 0.000000 -1.618971 102.690490 0.000000 -0.128648 -0.054535 
580 3.907295 0.000000 -2.209303 102.185080 0.000000 -1.034819 -0.044286 
581 2.952370 0.000000 -0.733473 103.957821 0.000000 0.612403 -0.080760 
582 2.952370 0.000000 -1.028639 104.895787 0.000000 0.666727 -0.100357 
583 3.270679 0.000000 -0.733473 104.727120 0.000000 1.364983 -0.096963 
584 0.087597 0.000000 0.742357 95.076243 0.000000 -1.434074 0.095845 
585 -0.549020 0.000000 0.742357 96.580723 0.000000 -4.565859 0.065132 
586 0.087597 0.000000 1.332690 97.241294 0.000000 -2.648753 0.053711 
587 1.042521 0.000000 0.447191 100.071085 0.000000 -0.770135 -0.001482 
588 0.724213 0.000000 0.447191 97.769636 0.000000 0.995530 0.044011 
589 1.042521 0.000000 0.742357 99.933805 0.000000 -0.713256 0.001273 
590 2.315754 0.000000 0.447191 103.539773 0.000000 -0.149931 -0.072051 
591 2.634062 0.000000 0.447191 103.830140 0.000000 0.235727 -0.078075 
592 2.315754 0.000000 0.742357 103.346654 0.000000 -0.523473 -0.068080 
593 2.952370 0.000000 0.447191 103.919074 0.000000 0.613714 -0.079955 
594 3.270679 0.000000 0.447191 105.100715 0.000000 1.571214 -0.104863 
595 2.952370 0.000000 0.742357 105.454635 0.000000 0.845153 -0.112139 
596 2.156600 0.000000 0.004442 96.159058 0.000000 -0.057918 0.075343 
597 2.315754 0.000000 0.004442 98.084318 0.000000 -0.054695 0.037946 
598 2.156600 0.000000 0.152025 98.035279 0.000000 -0.105844 0.038907 
599 3.588987 0.000000 -0.733473 104.366567 0.000000 2.022116 -0.089647 
600 3.588987 0.000000 -1.028639 104.836294 0.000000 2.376806 -0.099630 
601 3.907295 0.000000 -0.733473 103.186687 0.000000 2.215799 -0.065240 
602 4.225603 0.000000 -0.733473 102.319253 0.000000 2.356532 -0.047478 
603 4.225603 0.000000 -1.028639 101.529074 0.000000 2.345228 -0.031365 
604 3.588987 0.000000 0.447191 104.351118 0.000000 2.012562 -0.089321 
605 3.907295 0.000000 0.447191 102.638645 0.000000 2.433791 -0.054061 
606 3.588987 0.000000 0.742357 105.364009 0.000000 2.417381 -0.110742 
607 4.225603 0.000000 0.447191 101.510327 0.000000 2.340227 -0.030982 
608 4.225603 0.000000 0.742357 101.529188 0.000000 2.343653 -0.031367 
609 16.003007 0.000000 -6.931960 100.078286 0.000000 -2.227647 -0.002063 
610 16.003007 0.000000 -9.293288 100.076202 0.000000 -2.618791 -0.002210 
611 18.549472 0.000000 -6.931960 100.045715 0.000000 -2.224244 -0.001409 
612 9.636843 0.000000 -3.389967 100.523010 0.000000 -0.610755 -0.010525 
613 9.636843 0.000000 -4.570631 100.421348 0.000000 -1.510821 -0.008673 
614 10.910075 0.000000 -3.389967 100.340169 0.000000 -0.490474 -0.006839 
615 12.183308 0.000000 -3.389967 100.202256 0.000000 -0.457096 -0.004070 
616 12.183308 0.000000 -4.570631 100.201801 0.000000 -1.435580 -0.004246 
617 13.456541 0.000000 -3.389967 100.128828 0.000000 -0.467112 -0.002600 
618 7.726993 0.000000 -1.618971 101.600701 0.000000 0.701931 -0.032320 
619 7.726993 0.000000 -2.209303 101.216440 0.000000 0.565732 -0.024509 
620 8.363610 0.000000 -1.618971 101.551539 0.000000 1.094466 -0.031391 
621 16.003007 0.000000 2.513354 99.951824 0.000000 -1.073216 0.000848 
622 18.549472 0.000000 2.513354 99.974497 0.000000 -1.153749 0.000377 
623 16.003007 0.000000 4.874682 99.886987 0.000000 -1.838993 0.001921 
624 12.183308 0.000000 1.332690 99.901424 0.000000 0.203979 0.001966 
625 13.456541 0.000000 1.332690 99.951175 0.000000 0.218133 0.000971 
626 12.183308 0.000000 2.513354 99.819604 0.000000 -0.879493 0.003527 
627 5.021374 0.000000 0.299608 101.311963 0.000000 1.327298 -0.026588 
628 4.862220 0.000000 0.299608 100.967017 0.000000 2.060355 -0.019858 
629 5.021374 0.000000 0.447191 100.887971 0.000000 1.957434 -0.018221 
630 2.156600 0.000000 -0.585890 102.994281 0.000000 -0.585186 -0.060816 
631 2.156600 0.000000 -0.733473 103.049114 0.000000 -0.573823 -0.061945 
632 2.315754 0.000000 -0.585890 103.472505 0.000000 -0.189757 -0.070660 
633 1.519984 0.000000 -0.585890 101.693344 0.000000 -0.889098 -0.034233 
634 1.360829 0.000000 -0.585890 100.701613 0.000000 -0.909316 -0.014164 
635 1.519984 0.000000 -0.733473 100.720528 0.000000 -0.913632 -0.014546 
636 1.917869 0.000000 -0.069349 98.301266 0.000000 -0.159664 0.033684 
637 1.997446 0.000000 -0.069349 97.776725 0.000000 -0.160363 0.043969 
638 1.917869 0.000000 0.004442 98.224971 0.000000 -0.145730 0.035183 
639 1.878080 0.000000 -0.180036 100.033201 0.000000 -0.530218 -0.000692 
640 1.917869 0.000000 -0.180036 99.587151 0.000000 -0.403447 0.008224 
641 1.878080 0.000000 -0.143141 99.338339 0.000000 -0.206645 0.013185 
642 5.976298 0.000000 0.299608 101.147335 0.000000 0.157256 -0.023081 
643 5.976298 0.000000 0.447191 101.124979 0.000000 0.268097 -0.022633 
644 6.215029 0.000000 0.078234 100.955323 0.000000 0.025134 -0.019198 
645 6.135452 0.000000 0.078234 101.010873 0.000000 0.048451 -0.020320 
646 6.215029 0.000000 0.152025 100.919771 0.000000 0.037202 -0.018480 
647 6.334395 0.000000 0.041338 100.906043 0.000000 0.000000 -0.018203 
648 6.294607 0.000000 0.041338 100.911326 0.000000 -0.000000 -0.018310 
649 6.334395 0.000000 0.078234 100.865655 0.000000 -0.000000 -0.017388 
650 6.493549 0.000000 0.041338 101.270100 0.000000 -0.000000 -0.025563 
651 6.533338 0.000000 0.041338 100.769295 0.000000 -0.000000 -0.015445 
652 6.493549 0.000000 0.078234 100.776186 0.000000 -0.000000 -0.015584 
653 6.055875 0.000000 -0.069349 101.069932 0.000000 0.058948 -0.021513 
654 6.055875 0.000000 -0.143141 101.072792 0.000000 0.109126 -0.021572 
655 6.055875 0.000000 0.004442 101.085990 0.000000 0.043647 -0.021838 
656 6.055875 0.000000 0.078234 101.063651 0.000000 0.071576 -0.021387 
657 5.976298 0.000000 0.078234 101.160513 0.000000 0.065357 -0.023345 
658 6.055875 0.000000 0.152025 101.073010 0.000000 0.107349 -0.021576 
659 5.896721 0.000000 0.078234 101.193334 0.000000 0.112714 -0.024010 
660 5.817144 0.000000 0.078234 101.225468 0.000000 0.120432 -0.024661 
661 5.896721 0.000000 0.152025 101.189815 0.000000 0.159401 -0.023940 
662 5.737567 0.000000 0.078234 101.250054 0.000000 0.160056 -0.025160 
663 5.737567 0.000000 0.152025 101.239378 0.000000 0.247182 -0.024947 
664 5.459047 0.000000 0.041338 101.649685 0.000000 0.183482 -0.033269 
665 5.419259 0.000000 0.041338 101.711085 0.000000 0.191750 -0.034518 
666 5.459047 0.000000 0.078234 101.625961 0.000000 0.197748 -0.032788 
667 4.703066 0.000000 0.299608 101.527270 0.000000 1.480528 -0.030998 
668 4.543911 0.000000 0.299608 101.388862 0.000000 2.257655 -0.028480 
669 4.703066 0.000000 0.447191 100.978609 0.000000 2.083419 -0.020102 
1 19 21 9 22 
2 20 19 22 4 
3 28 29 3 30 
4 21 28 30 9 
5 35 37 21 38 
6 36 35 38 19 
7 44 45 28 46 
8 37 44 46 21 
9 51 53 37 54 
10 52 51 54 35 
11 60 61 44 62 
12 53 60 62 37 
13 67 69 53 70 
14 68 67 70 51 
15 11 78 76 77 
16 78 10 24 76 
17 76 24 14 79 
18 77 76 79 6 
19 24 82 80 81 
20 82 23 40 80 
21 80 40 27 83 
22 81 80 83 14 
23 40 86 84 85 
24 86 39 56 84 
25 84 56 43 87 
26 85 84 87 27 
27 56 90 88 89 
28 89 88 91 43 
29 92 93 60 94 
30 69 92 94 53 
31 95 97 69 98 
32 96 95 98 67 
33 6 79 112 113 
34 79 14 36 112 
35 112 36 19 114 
36 113 112 114 20 
37 14 83 115 116 
38 83 27 52 115 
39 115 52 35 117 
40 116 115 117 36 
41 27 87 118 119 
42 87 43 68 118 
43 118 68 51 120 
44 119 118 120 52 
45 43 91 121 122 
46 121 96 67 123 
47 122 121 123 68 
48 124 126 95 127 
49 125 124 127 96 
50 133 134 92 135 
51 97 133 135 69 
52 136 137 97 138 
53 126 136 138 95 
54 140 108 141 139 
55 139 141 111 142 
56 108 148 147 141 
57 148 110 149 147 
58 147 149 5 150 
59 141 147 150 111 
60 151 152 133 153 
61 137 151 153 97 
62 110 155 154 149 
63 155 143 156 154 
64 154 156 146 157 
65 149 154 157 5 
66 15 159 158 33 
67 159 17 160 158 
68 158 160 8 161 
69 33 158 161 18 
70 163 33 164 162 
71 162 164 18 165 
72 18 161 178 45 
73 161 8 179 178 
74 178 179 29 180 
75 45 178 180 28 
76 165 18 182 181 
77 181 182 45 183 
78 61 181 183 44 
79 184 185 61 186 
80 93 184 186 60 
81 187 188 93 189 
82 134 187 189 92 
83 190 191 134 192 
84 152 190 192 133 
85 7 204 202 203 
86 204 16 205 202 
87 202 205 15 32 
88 203 202 32 13 
89 13 208 206 207 
90 208 32 209 206 
91 206 209 31 48 
92 207 206 48 26 
93 26 212 210 211 
94 212 48 213 210 
95 210 213 47 64 
96 211 210 64 42 
97 42 216 214 215 
98 216 64 217 214 
99 214 217 63 105 
100 215 214 105 58 
101 105 220 218 219 
102 220 63 221 218 
103 218 221 106 175 
104 219 218 175 104 
105 104 224 222 223 
106 224 175 225 222 
107 222 225 174 195 
108 223 222 195 145 
109 195 232 230 231 
110 232 174 233 230 
111 230 233 196 234 
112 143 236 235 156 
113 236 145 194 235 
114 235 194 107 237 
115 156 235 237 146 
116 145 240 238 239 
117 240 195 231 238 
118 239 238 241 194 
119 242 244 190 245 
120 243 242 245 152 
121 193 234 246 247 
122 234 196 248 246 
123 246 248 177 249 
124 247 246 249 197 
125 231 252 250 251 
126 252 230 253 250 
127 250 253 234 254 
128 251 250 254 193 
129 194 241 255 256 
130 241 193 247 255 
131 255 247 197 257 
132 256 255 257 107 
133 238 260 258 259 
134 260 231 251 258 
135 258 251 193 261 
136 259 258 261 241 
137 12 264 262 263 
138 264 7 203 262 
139 262 203 13 25 
140 263 262 25 10 
141 25 267 265 266 
142 267 13 207 265 
143 265 207 26 41 
144 266 265 41 23 
145 41 270 268 269 
146 270 26 211 268 
147 268 211 42 57 
148 269 268 57 39 
149 57 273 271 272 
150 273 42 215 271 
151 271 215 58 73 
152 272 271 73 55 
153 73 276 274 275 
154 276 58 277 274 
155 274 277 74 109 
156 275 274 109 71 
157 71 280 278 279 
158 280 109 281 278 
159 278 281 108 140 
160 102 284 282 283 
161 284 140 285 282 
162 282 285 139 286 
163 283 282 286 131 
164 55 289 287 288 
165 289 73 275 287 
166 287 275 71 101 
167 288 287 101 72 
168 101 292 290 291 
169 292 71 279 290 
170 88 299 297 298 
171 299 72 100 297 
172 297 100 59 300 
173 298 297 300 91 
174 100 303 301 302 
175 303 99 129 301 
176 301 129 103 304 
177 302 301 304 59 
178 99 307 305 306 
179 307 130 294 305 
180 305 294 128 308 
181 306 305 308 129 
182 103 132 309 310 
183 132 75 311 309 
184 309 311 126 312 
185 310 309 312 124 
186 313 315 75 316 
187 314 313 316 132 
188 294 319 317 318 
189 318 317 321 128 
190 290 324 322 323 
191 324 279 325 322 
192 322 325 102 295 
193 323 322 295 130 
194 130 328 326 327 
195 328 295 329 326 
196 326 329 293 319 
197 327 326 319 294 
198 331 283 332 330 
199 330 332 131 333 
200 319 336 334 335 
201 336 293 337 334 
202 335 334 338 317 
203 295 340 339 329 
204 340 102 341 339 
205 339 341 283 331 
206 329 339 331 293 
207 293 343 342 337 
208 343 331 344 342 
209 342 344 330 345 
210 337 342 345 320 
211 129 308 346 347 
212 308 128 314 346 
213 346 314 132 348 
214 347 346 348 103 
215 128 321 349 350 
216 321 296 351 349 
217 349 351 313 352 
218 350 349 352 314 
219 317 338 353 354 
220 338 320 355 353 
221 353 355 296 356 
222 354 353 356 321 
223 334 359 357 358 
224 359 337 360 357 
225 357 360 320 361 
226 358 357 361 338 
227 362 363 187 364 
228 191 362 364 134 
229 65 370 369 172 
230 370 166 371 369 
231 369 371 169 372 
232 172 369 372 50 
233 170 374 373 200 
234 374 172 375 373 
235 373 375 50 376 
236 200 373 376 173 
237 378 200 379 377 
238 377 379 173 380 
239 381 383 362 384 
240 382 381 384 191 
241 64 391 390 217 
242 391 47 392 390 
243 390 392 65 171 
244 217 390 171 63 
245 63 394 393 221 
246 394 171 395 393 
247 393 395 170 199 
248 221 393 199 106 
249 106 398 396 397 
250 398 199 399 396 
251 396 399 198 366 
252 397 396 366 176 
253 366 402 400 401 
254 402 198 403 400 
255 400 403 367 387 
256 401 400 387 365 
257 50 372 404 188 
258 372 169 405 404 
259 404 405 184 406 
260 188 404 406 93 
261 173 376 407 363 
262 376 50 408 407 
263 407 408 188 409 
264 363 407 409 187 
265 380 173 411 410 
266 410 411 363 412 
267 383 410 412 362 
268 414 377 415 413 
269 413 415 380 416 
270 387 419 417 418 
271 419 367 420 417 
272 199 423 422 399 
273 423 170 424 422 
274 422 424 200 378 
275 399 422 378 198 
276 198 426 425 403 
277 426 378 427 425 
278 425 427 377 414 
279 403 425 414 367 
280 367 429 428 420 
281 429 414 430 428 
282 428 430 413 431 
283 368 389 432 433 
284 389 201 434 432 
285 432 434 383 435 
286 433 432 435 381 
287 436 438 201 439 
288 437 436 439 389 
289 417 442 440 441 
290 442 420 443 440 
291 441 440 444 421 
292 201 416 445 434 
293 416 380 446 445 
294 445 446 410 447 
295 434 445 447 383 
296 431 413 449 448 
297 448 449 416 450 
298 438 448 450 201 
299 420 452 451 443 
300 452 428 453 451 
301 451 453 431 454 
302 443 451 454 388 
303 421 444 455 456 
304 444 388 457 455 
305 455 457 438 458 
306 456 455 458 436 
307 440 461 459 460 
308 461 443 462 459 
309 459 462 388 463 
310 460 459 463 444 
311 365 470 468 469 
312 470 387 418 468 
313 468 418 385 471 
314 469 468 471 386 
315 418 474 472 473 
316 474 417 441 472 
317 472 441 421 475 
318 473 472 475 385 
319 476 382 191 477 
320 244 476 477 190 
321 176 484 482 483 
322 484 366 401 482 
323 482 401 365 466 
324 483 482 466 228 
325 228 487 485 486 
326 487 466 488 485 
327 485 488 464 489 
328 486 485 489 465 
329 175 491 490 225 
330 491 106 397 490 
331 490 397 176 227 
332 225 490 227 174 
333 227 494 492 493 
334 494 176 483 492 
335 492 483 228 480 
336 493 492 480 226 
337 480 497 495 496 
338 497 228 486 495 
339 495 486 465 498 
340 496 495 498 478 
341 196 500 499 248 
342 248 499 501 177 
343 226 504 502 503 
344 504 480 496 502 
345 502 496 478 505 
346 174 507 506 233 
347 507 227 493 506 
348 506 493 226 500 
349 233 506 500 196 
350 500 510 508 509 
351 510 226 503 508 
352 509 508 511 499 
353 229 481 512 513 
354 481 66 514 512 
355 512 514 382 515 
356 513 512 515 476 
357 505 478 518 516 
358 516 518 481 519 
359 517 516 519 229 
360 503 522 520 521 
361 522 502 523 520 
362 520 523 505 524 
363 177 501 525 526 
364 501 229 513 525 
365 525 513 476 527 
366 526 525 527 244 
367 499 511 528 529 
368 528 517 229 530 
369 529 528 530 501 
370 508 533 531 532 
371 533 503 521 531 
372 531 521 479 534 
373 532 531 534 511 
374 479 524 535 536 
375 524 505 537 535 
376 535 537 516 538 
377 536 535 538 517 
378 521 541 539 540 
379 541 520 542 539 
380 539 542 524 543 
381 540 539 543 479 
382 49 545 544 168 
383 545 162 546 544 
384 544 546 165 547 
385 168 544 547 34 
386 166 549 548 371 
387 549 168 550 548 
388 548 550 34 551 
389 371 548 551 169 
390 1 554 552 553 
391 554 12 263 552 
392 552 263 10 78 
393 553 552 78 11 
394 16 556 555 205 
395 556 2 557 555 
396 555 557 17 159 
397 205 555 159 15 
398 10 560 558 559 
399 560 25 266 558 
400 558 266 23 82 
401 559 558 82 24 
402 32 562 561 209 
403 562 15 563 561 
404 561 563 33 163 
405 209 561 163 31 
406 23 566 564 565 
407 566 41 269 564 
408 564 269 39 86 
409 565 564 86 40 
410 48 568 567 213 
411 568 31 569 567 
412 567 569 49 167 
413 213 567 167 47 
414 39 572 570 571 
415 572 57 272 570 
416 570 272 55 90 
417 571 570 90 56 
418 90 575 573 574 
419 575 55 288 573 
420 573 288 72 299 
421 574 573 299 88 
422 72 578 576 577 
423 578 101 291 576 
424 576 291 99 303 
425 577 576 303 100 
426 58 580 579 277 
427 580 105 219 579 
428 579 219 104 144 
429 277 579 144 74 
430 109 582 581 281 
431 582 74 583 581 
432 581 583 110 148 
433 281 581 148 108 
434 91 300 584 585 
435 300 59 125 584 
436 584 125 96 586 
437 585 584 586 121 
438 59 304 587 588 
439 304 103 310 587 
440 587 310 124 589 
441 588 587 589 125 
442 75 142 590 311 
443 142 111 591 590 
444 590 591 136 592 
445 311 590 592 126 
446 111 150 593 591 
447 150 5 594 593 
448 593 594 137 595 
449 591 593 595 136 
450 131 286 596 315 
451 286 139 597 596 
452 596 597 142 598 
453 315 596 598 75 
454 74 600 599 583 
455 600 144 601 599 
456 599 601 143 155 
457 583 599 155 110 
458 144 603 602 601 
459 603 104 223 602 
460 602 223 145 236 
461 601 602 236 143 
462 5 157 604 594 
463 157 146 605 604 
464 604 605 151 606 
465 594 604 606 137 
466 146 237 607 605 
467 237 107 243 607 
468 607 243 152 608 
469 605 607 608 151 
470 31 610 609 569 
471 610 163 611 609 
472 609 611 162 545 
473 569 609 545 49 
474 47 613 612 392 
475 613 167 614 612 
476 612 614 166 370 
477 392 612 370 65 
478 167 616 615 614 
479 616 49 617 615 
480 615 617 168 549 
481 614 615 549 166 
482 171 619 618 395 
483 619 65 620 618 
484 618 620 172 374 
485 395 618 374 170 
486 34 547 621 185 
487 547 165 622 621 
488 621 622 181 623 
489 185 621 623 61 
490 169 551 624 405 
491 551 34 625 624 
492 624 625 185 626 
493 405 624 626 184 
494 197 249 627 628 
495 249 177 526 627 
496 627 526 244 629 
497 628 627 629 242 
498 279 631 630 325 
499 631 278 632 630 
500 630 632 140 284 
501 325 630 284 102 
502 291 635 633 634 
503 635 290 323 633 
504 633 323 130 307 
505 634 633 307 99 
506 296 333 636 351 
507 333 131 637 636 
508 636 637 315 638 
509 351 636 638 313 
510 320 345 639 355 
511 345 330 640 639 
512 639 640 333 641 
513 355 639 641 296 
514 66 467 642 514 
515 467 368 433 642 
516 642 433 381 643 
517 514 642 643 382 
518 386 471 644 645 
519 471 385 437 644 
520 644 437 389 646 
521 645 644 646 368 
522 385 475 647 648 
523 475 421 456 647 
524 647 456 436 649 
525 648 647 649 437 
526 388 454 650 457 
527 454 431 651 650 
528 650 651 448 652 
529 457 650 652 438 
530 466 654 653 488 
531 654 365 469 653 
532 653 469 386 655 
533 488 653 655 464 
534 464 655 656 657 
535 655 386 645 656 
536 656 645 368 658 
537 657 656 658 467 
538 465 489 659 660 
539 489 464 657 659 
540 659 657 467 661 
541 660 659 661 66 
542 478 498 662 518 
543 498 465 660 662 
544 662 660 66 663 
545 518 662 663 481 
546 511 534 664 665 
547 534 479 536 664 
548 664 536 517 666 
549 665 664 666 528 
550 107 257 667 668 
551 257 197 628 667 
552 667 628 242 669 
553 668 667 669 243 
