2 0.000000 100.000000 473.401889
686 565 
1 -26.291479 0.000000 -26.268069 96.113798 0.000000 27.568389 0.000212 
2 29.414870 0.000000 -26.268069 96.124170 0.000000 27.505755 0.000358 
3 29.414870 0.000000 26.499305 96.191567 0.000000 27.369445 -0.000190 
4 -26.291479 0.000000 26.499305 96.145848 0.000000 27.565480 -0.000388 
5 1.561696 0.000000 0.115618 90.593589 0.000000 -0.946912 0.179191 
6 -26.291479 0.000000 0.115618 96.132204 0.000000 27.585508 -0.000236 
7 1.561696 0.000000 -26.268069 96.089742 0.000000 27.526848 0.000903 
8 29.414870 0.000000 0.115618 96.346912 0.000000 26.756843 0.000134 
9 1.561696 0.000000 26.499305 96.189790 0.000000 27.500423 -0.000875 
10 -12.364892 0.000000 -13.076225 96.075204 0.000000 27.582112 0.000878 
11 -26.291479 0.000000 -13.076225 96.115772 0.000000 27.578228 0.000120 
12 -12.364892 0.000000 -26.268069 96.098944 0.000000 27.559225 0.000548 
13 1.561696 0.000000 -13.076225 95.989285 0.000000 27.413054 0.003458 
14 -12.364892 0.000000 0.115618 96.150353 0.000000 27.652811 -0.000957 
15 15.488283 0.000000 -13.076225 96.119227 0.000000 27.342634 0.001347 
16 15.488283 0.000000 -26.268069 96.107972 0.000000 27.502667 0.000686 
17 29.414870 0.000000 -13.076225 96.148862 0.000000 27.410513 0.000406 
18 15.488283 0.000000 0.115618 96.707167 0.000000 25.417789 0.000166 
19 -12.364892 0.000000 13.307462 96.206385 0.000000 27.570271 -0.001579 
20 -26.291479 0.000000 13.307462 96.146882 0.000000 27.575885 -0.000465 
21 1.561696 0.000000 13.307462 96.372192 0.000000 27.315157 -0.003372 
22 -12.364892 0.000000 26.499305 96.167653 0.000000 27.550657 -0.000726 
23 -5.401598 0.000000 -6.480304 95.918064 0.000000 27.629470 0.003634 
24 -12.364892 0.000000 -6.480304 96.082460 0.000000 27.622969 0.000513 
25 -5.401598 0.000000 -13.076225 96.016294 0.000000 27.543991 0.002220 
26 1.561696 0.000000 -6.480304 95.618613 0.000000 27.041027 0.012586 
27 -5.401598 0.000000 0.115618 96.212975 0.000000 27.923475 -0.003666 
28 15.488283 0.000000 13.307462 96.351518 0.000000 26.897331 -0.000708 
29 29.414870 0.000000 13.307462 96.550872 0.000000 26.100006 -0.000328 
30 15.488283 0.000000 26.499305 96.188264 0.000000 27.435684 -0.000490 
31 8.524989 0.000000 -6.480304 96.100975 0.000000 26.802106 0.004625 
32 8.524989 0.000000 -13.076225 96.061956 0.000000 27.327762 0.002529 
33 15.488283 0.000000 -6.480304 96.208430 0.000000 27.020045 0.001386 
34 8.524989 0.000000 0.115618 97.493442 0.000000 22.569210 -0.001434 
35 -5.401598 0.000000 6.711540 96.447353 0.000000 27.584236 -0.006298 
36 -12.364892 0.000000 6.711540 96.211051 0.000000 27.613504 -0.001907 
37 1.561696 0.000000 6.711540 96.941830 0.000000 26.775060 -0.011462 
38 -5.401598 0.000000 13.307462 96.290786 0.000000 27.508925 -0.002866 
39 -1.919951 0.000000 -3.182343 95.333606 0.000000 27.830349 0.013698 
40 -5.401598 0.000000 -3.182343 95.944745 0.000000 27.793086 0.002215 
41 -1.919951 0.000000 -6.480304 95.707005 0.000000 27.475508 0.008527 
42 1.561696 0.000000 -3.182343 94.574161 0.000000 26.040662 0.037761 
43 -1.919951 0.000000 0.115618 96.355618 0.000000 28.997530 -0.012526 
44 8.524989 0.000000 6.711540 96.733235 0.000000 25.808598 -0.002340 
45 15.488283 0.000000 6.711540 96.953570 0.000000 24.733636 -0.001175 
46 8.524989 0.000000 13.307462 96.349551 0.000000 27.095684 -0.001741 
47 5.043342 0.000000 -3.182343 95.962581 0.000000 25.392364 0.014641 
48 5.043342 0.000000 -6.480304 95.883895 0.000000 26.757716 0.009030 
49 8.524989 0.000000 -3.182343 96.347028 0.000000 25.945427 0.004409 
50 5.043342 0.000000 0.115618 97.432172 0.000000 20.592021 0.008294 
51 -1.919951 0.000000 3.413579 97.237401 0.000000 27.713379 -0.022314 
52 -5.401598 0.000000 3.413579 96.457691 0.000000 27.759873 -0.007470 
53 1.561696 0.000000 3.413579 98.314207 0.000000 25.697669 -0.032605 
54 -1.919951 0.000000 6.711540 96.739222 0.000000 27.372504 -0.010773 
55 -0.179128 0.000000 -1.533362 93.242140 0.000000 28.332848 0.050315 
56 -1.919951 0.000000 -1.533362 95.383013 0.000000 28.485075 0.009068 
57 -0.179128 0.000000 -3.182343 94.653501 0.000000 27.298157 0.029553 
58 1.561696 0.000000 -1.533362 92.430138 0.000000 23.456458 0.090646 
59 -0.179128 0.000000 0.115618 96.542329 0.000000 31.946965 -0.034103 
60 5.043342 0.000000 3.413579 97.361322 0.000000 24.213202 -0.006551 
61 8.524989 0.000000 3.413579 97.165900 0.000000 24.020275 -0.001819 
62 5.043342 0.000000 6.711540 96.811950 0.000000 26.195882 -0.005878 
63 3.302519 0.000000 -1.533362 95.437884 0.000000 22.621620 0.037987 
64 3.302519 0.000000 -3.182343 95.342215 0.000000 25.343679 0.026756 
65 5.043342 0.000000 -1.533362 96.470193 0.000000 23.541916 0.013928 
66 3.302519 0.000000 0.115618 94.819660 0.000000 19.988525 0.060969 
67 -0.179128 0.000000 1.764599 99.489573 0.000000 28.161648 -0.069125 
68 -1.919951 0.000000 1.764599 97.267886 0.000000 28.375001 -0.026618 
69 1.561696 0.000000 1.764599 100.444666 0.000000 24.098734 -0.066988 
70 -0.179128 0.000000 3.413579 98.028651 0.000000 27.079890 -0.034294 
71 0.691284 0.000000 -0.708872 75.146354 0.000000 -2.394206 0.434729 
72 -0.179128 0.000000 -0.708872 92.675044 0.000000 30.951864 0.045332 
73 0.691284 0.000000 -1.533362 91.692219 0.000000 26.223538 0.090486 
74 1.561696 0.000000 -0.708872 97.306347 0.000000 -1.005833 0.053046 
75 0.691284 0.000000 0.115618 67.211008 0.000000 -1.276331 0.548105 
76 -19.328185 0.000000 -6.480304 96.114133 0.000000 27.596601 0.000050 
77 -26.291479 0.000000 -6.480304 96.122216 0.000000 27.583593 -0.000033 
78 -19.328185 0.000000 -13.076225 96.103961 0.000000 27.582739 0.000322 
79 -19.328185 0.000000 0.115618 96.136935 0.000000 27.602967 -0.000423 
80 -8.883245 0.000000 -3.182343 96.073133 0.000000 27.700451 0.000264 
81 -12.364892 0.000000 -3.182343 96.108994 0.000000 27.644647 -0.000117 
82 -8.883245 0.000000 -6.480304 96.021834 0.000000 27.656625 0.001492 
83 -8.883245 0.000000 0.115618 96.169375 0.000000 27.730921 -0.001755 
84 -3.660775 0.000000 -1.533362 95.898459 0.000000 28.098646 0.001395 
85 -5.401598 0.000000 -1.533362 96.047767 0.000000 27.888318 -0.000293 
86 -3.660775 0.000000 -3.182343 95.748167 0.000000 27.863136 0.005593 
87 -3.660775 0.000000 0.115618 96.260973 0.000000 28.211468 -0.006206 
88 -1.049540 0.000000 -0.708872 95.139581 0.000000 29.628165 0.007063 
89 -1.919951 0.000000 -0.708872 95.755177 0.000000 28.839850 -0.000079 
90 -1.049540 0.000000 -1.533362 94.654507 0.000000 28.699758 0.021685 
91 -1.049540 0.000000 0.115618 96.371222 0.000000 30.009919 -0.018801 
92 3.302519 0.000000 1.764599 98.121647 0.000000 23.126515 -0.016269 
93 5.043342 0.000000 1.764599 97.909944 0.000000 21.695259 -0.005704 
94 3.302519 0.000000 3.413579 97.793235 0.000000 24.665553 -0.017191 
95 0.691284 0.000000 0.940108 104.566080 0.000000 27.786181 -0.170614 
96 -0.179128 0.000000 0.940108 99.986717 0.000000 30.587667 -0.093295 
97 1.561696 0.000000 0.940108 102.199279 0.000000 22.909228 -0.096953 
98 0.691284 0.000000 1.764599 100.774237 0.000000 26.367184 -0.085068 
99 0.256078 0.000000 -0.296627 68.687598 0.000000 -2.942531 0.527336 
100 -0.179128 0.000000 -0.296627 94.714738 0.000000 32.857199 -0.005048 
101 0.256078 0.000000 -0.708872 78.623094 0.000000 -5.554581 0.378756 
102 0.691284 0.000000 -0.296627 80.576969 0.000000 -2.099749 0.350294 
103 0.256078 0.000000 0.115618 87.664580 0.000000 -1.029414 0.231386 
104 2.432107 0.000000 -0.708872 94.573656 0.000000 17.379020 0.075379 
105 2.432107 0.000000 -1.533362 94.206903 0.000000 22.504343 0.061861 
106 3.302519 0.000000 -0.708872 96.441343 0.000000 19.570631 0.031606 
107 2.432107 0.000000 0.115618 97.458352 0.000000 -0.000000 0.050187 
108 1.126490 0.000000 -0.296627 83.479778 0.000000 -1.875642 0.302761 
109 1.126490 0.000000 -0.708872 83.110479 0.000000 -1.912257 0.308899 
110 1.561696 0.000000 -0.296627 85.319085 0.000000 -1.762640 0.271755 
111 1.126490 0.000000 0.115618 79.815110 0.000000 -1.527497 0.362721 
112 -19.328185 0.000000 6.711540 96.158212 0.000000 27.593458 -0.000780 
113 -26.291479 0.000000 6.711540 96.141694 0.000000 27.582224 -0.000400 
114 -19.328185 0.000000 13.307462 96.164960 0.000000 27.577873 -0.000824 
115 -8.883245 0.000000 3.413579 96.259721 0.000000 27.688175 -0.003257 
116 -12.364892 0.000000 3.413579 96.189738 0.000000 27.639105 -0.001639 
117 -8.883245 0.000000 6.711540 96.298582 0.000000 27.638416 -0.003730 
118 -3.660775 0.000000 1.764599 96.605828 0.000000 28.057367 -0.011990 
119 -5.401598 0.000000 1.764599 96.371526 0.000000 27.867788 -0.006408 
120 -3.660775 0.000000 3.413579 96.718338 0.000000 27.799783 -0.012726 
121 -1.049540 0.000000 0.940108 97.682795 0.000000 29.526657 -0.041375 
122 -1.919951 0.000000 0.940108 96.957113 0.000000 28.821407 -0.023136 
123 -1.049540 0.000000 1.764599 98.095845 0.000000 28.536227 -0.043711 
124 0.256078 0.000000 0.527863 65.977507 0.000000 -3.101266 0.563735 
125 -0.179128 0.000000 0.527863 98.987537 0.000000 32.860709 -0.087836 
126 0.691284 0.000000 0.527863 81.057863 0.000000 -2.065152 0.342536 
127 0.256078 0.000000 0.940108 102.498224 0.000000 30.122790 -0.141327 
128 0.473681 0.000000 -0.090504 88.677548 0.000000 -1.039516 0.213521 
129 0.256078 0.000000 -0.090504 89.609598 0.000000 -0.803222 0.196947 
130 0.473681 0.000000 -0.296627 78.231819 0.000000 -2.244835 0.387474 
131 0.691284 0.000000 -0.090504 66.305648 0.000000 -1.217101 0.560208 
132 0.473681 0.000000 0.115618 87.998415 0.000000 -1.125706 0.225501 
133 2.432107 0.000000 0.940108 99.356771 0.000000 21.456019 -0.033213 
134 3.302519 0.000000 0.940108 99.570044 0.000000 17.417985 -0.021758 
135 2.432107 0.000000 1.764599 99.168413 0.000000 23.090406 -0.036754 
136 1.126490 0.000000 0.527863 83.308670 0.000000 -1.892781 0.305608 
137 1.561696 0.000000 0.527863 91.141643 0.000000 -1.054434 0.169209 
138 1.126490 0.000000 0.940108 104.304488 0.000000 24.686529 -0.148885 
139 0.908887 0.000000 -0.090504 64.330075 0.000000 -1.274774 0.586002 
140 0.908887 0.000000 -0.296627 81.834900 0.000000 -1.994351 0.329907 
141 1.126490 0.000000 -0.090504 81.128685 0.000000 -1.319370 0.341640 
142 0.908887 0.000000 0.115618 65.174206 0.000000 -1.315753 0.575059 
143 1.996901 0.000000 -0.296627 98.215768 0.000000 -0.999519 0.035266 
144 1.996901 0.000000 -0.708872 92.857904 0.000000 17.023026 0.108763 
145 2.432107 0.000000 -0.296627 95.627051 0.000000 10.099915 0.075346 
146 1.996901 0.000000 0.115618 97.287638 0.000000 -0.299088 0.053503 
147 1.344093 0.000000 -0.090504 88.324331 0.000000 -1.209839 0.219735 
148 1.344093 0.000000 -0.296627 84.752840 0.000000 -1.794446 0.281374 
149 1.561696 0.000000 -0.090504 91.710874 0.000000 -0.769619 0.158852 
150 1.344093 0.000000 0.115618 88.144516 0.000000 -1.244970 0.222899 
151 0.908887 0.000000 0.321741 81.806925 0.000000 -1.995338 0.330365 
152 0.691284 0.000000 0.321741 80.505085 0.000000 -2.104862 0.351450 
153 1.126490 0.000000 0.321741 83.523373 0.000000 -1.871715 0.302034 
154 0.908887 0.000000 0.527863 82.064462 0.000000 -1.983201 0.326149 
155 1.017688 0.000000 0.012557 64.594543 0.000000 -0.770392 0.582695 
156 0.908887 0.000000 0.012557 72.669492 0.000000 -0.715139 0.471863 
157 1.017688 0.000000 -0.090504 73.951242 0.000000 -1.357923 0.452937 
158 1.126490 0.000000 0.012557 80.753146 0.000000 -0.558829 0.347862 
159 1.017688 0.000000 0.115618 74.582312 0.000000 -1.396912 0.443553 
160 -5.401598 0.000000 -19.672147 96.067826 0.000000 27.540626 0.001249 
161 -12.364892 0.000000 -19.672147 96.087714 0.000000 27.564628 0.000734 
162 -5.401598 0.000000 -26.268069 96.091232 0.000000 27.545650 0.000771 
163 1.561696 0.000000 -19.672147 96.061951 0.000000 27.498048 0.001596 
164 -1.919951 0.000000 -9.778264 95.891997 0.000000 27.464939 0.005040 
165 -5.401598 0.000000 -9.778264 95.949815 0.000000 27.575456 0.003323 
166 -1.919951 0.000000 -13.076225 95.989844 0.000000 27.487826 0.003037 
167 1.561696 0.000000 -9.778264 95.883312 0.000000 27.301245 0.006103 
168 -0.179128 0.000000 -4.831323 95.300655 0.000000 27.226420 0.017651 
169 -1.919951 0.000000 -4.831323 95.527233 0.000000 27.565328 0.011470 
170 -0.179128 0.000000 -6.480304 95.609365 0.000000 27.287027 0.011427 
171 1.561696 0.000000 -4.831323 95.298411 0.000000 26.726631 0.020390 
172 0.691284 0.000000 -2.357852 93.556614 0.000000 26.498782 0.054497 
173 -0.179128 0.000000 -2.357852 94.060218 0.000000 27.566549 0.039276 
174 0.691284 0.000000 -3.182343 94.462801 0.000000 26.695936 0.036411 
175 1.561696 0.000000 -2.357852 93.831072 0.000000 25.279033 0.055670 
176 1.126490 0.000000 -1.121117 90.009735 0.000000 23.303195 0.135521 
177 0.691284 0.000000 -1.121117 89.743027 0.000000 25.997236 0.127033 
178 1.126490 0.000000 -1.533362 91.792551 0.000000 24.680516 0.096500 
179 1.561696 0.000000 -1.121117 91.441960 0.000000 21.465995 0.117758 
180 0.908887 0.000000 -0.502749 82.085381 0.000000 -1.982569 0.325806 
181 0.691284 0.000000 -0.502749 81.121599 0.000000 -2.060772 0.341504 
182 0.908887 0.000000 -0.708872 82.275604 0.000000 -1.973452 0.322683 
183 1.126490 0.000000 -0.502749 83.267581 0.000000 -1.896484 0.306291 
184 1.017688 0.000000 -0.193566 82.650846 0.000000 -1.929837 0.316511 
185 0.908887 0.000000 -0.193566 81.708840 0.000000 -2.000166 0.331966 
186 1.017688 0.000000 -0.296627 82.657942 0.000000 -1.932870 0.316393 
187 1.126490 0.000000 -0.193566 83.589186 0.000000 -1.865094 0.300937 
188 1.996901 0.000000 0.527863 99.274191 0.000000 -1.030544 0.014357 
189 2.432107 0.000000 0.527863 100.482670 0.000000 8.920613 -0.017634 
190 1.996901 0.000000 0.940108 100.326582 0.000000 22.316901 -0.056347 
191 1.344093 0.000000 0.321741 84.837624 0.000000 -1.788420 0.279938 
192 1.561696 0.000000 0.321741 85.400407 0.000000 -1.757257 0.270368 
193 1.344093 0.000000 0.527863 84.327117 0.000000 -1.825678 0.288560 
194 1.235291 0.000000 0.012557 92.771960 0.000000 -0.673347 0.139291 
195 1.235291 0.000000 -0.090504 83.104216 0.000000 -1.257528 0.309211 
196 1.344093 0.000000 0.012557 90.870125 0.000000 -0.787147 0.174200 
197 1.235291 0.000000 0.115618 83.151041 0.000000 -1.293236 0.308423 
198 1.072089 0.000000 -0.038974 67.995320 0.000000 -0.931770 0.537577 
199 1.017688 0.000000 -0.038974 67.418299 0.000000 -0.950722 0.545387 
200 1.072089 0.000000 -0.090504 74.722923 0.000000 -1.333231 0.441471 
201 1.126490 0.000000 -0.038974 78.669511 0.000000 -0.665618 0.381066 
202 1.072089 0.000000 0.012557 65.034236 0.000000 -0.764725 0.576996 
203 1.344093 0.000000 -0.502749 84.245296 0.000000 -1.831673 0.289938 
204 1.344093 0.000000 -0.708872 90.502798 0.000000 -1.058331 0.180812 
205 1.561696 0.000000 -0.502749 91.089755 0.000000 -1.054766 0.170154 
206 1.235291 0.000000 -0.193566 84.397578 0.000000 -1.813086 0.287376 
207 1.235291 0.000000 -0.296627 84.199829 0.000000 -1.828560 0.290705 
208 1.344093 0.000000 -0.193566 84.998268 0.000000 -1.776891 0.277214 
209 1.779298 0.000000 -0.090504 96.658984 0.000000 -0.321233 0.065694 
210 1.779298 0.000000 -0.296627 96.857768 0.000000 -0.992401 0.061759 
211 1.996901 0.000000 -0.090504 97.271408 0.000000 -0.266064 0.053820 
212 1.779298 0.000000 0.115618 96.647432 0.000000 -0.351024 0.065915 
213 1.452894 0.000000 0.012557 92.498784 0.000000 -0.579757 0.144364 
214 1.452894 0.000000 -0.090504 90.463467 0.000000 -0.952433 0.181545 
215 1.561696 0.000000 0.012557 92.892967 0.000000 -0.582216 0.137056 
216 1.452894 0.000000 0.115618 89.370025 0.000000 -1.127126 0.201173 
217 1.289692 0.000000 -0.038974 85.540861 0.000000 -1.062488 0.268163 
218 1.235291 0.000000 -0.038974 89.686739 0.000000 -0.849876 0.195557 
219 1.289692 0.000000 -0.090504 87.961397 0.000000 -1.244185 0.226124 
220 1.344093 0.000000 -0.038974 90.546914 0.000000 -0.840380 0.180055 
221 1.289692 0.000000 0.012557 96.124443 0.000000 -0.355193 0.075997 
222 1.180890 0.000000 -0.038974 89.507537 0.000000 -0.669304 0.198795 
223 1.180890 0.000000 -0.090504 82.032775 0.000000 -1.280180 0.326898 
224 1.180890 0.000000 0.012557 90.872790 0.000000 -0.597935 0.174178 
225 1.235291 0.000000 0.218679 84.456573 0.000000 -1.808602 0.286382 
226 1.126490 0.000000 0.218679 83.625826 0.000000 -1.861803 0.300325 
227 1.344093 0.000000 0.218679 85.068333 0.000000 -1.771980 0.276024 
228 1.235291 0.000000 0.321741 84.270204 0.000000 -1.823151 0.289521 
229 1.289692 0.000000 0.064088 85.439664 0.000000 -1.088567 0.269888 
230 1.235291 0.000000 0.064088 83.176458 0.000000 -1.227678 0.308017 
231 1.344093 0.000000 0.064088 90.149385 0.000000 -0.909024 0.187226 
232 1.289692 0.000000 0.115618 86.679956 0.000000 -1.450123 0.248448 
233 1.262491 0.000000 -0.013208 91.931132 0.000000 -0.715965 0.154815 
234 1.235291 0.000000 -0.013208 92.728627 0.000000 -0.675411 0.140095 
235 1.262491 0.000000 -0.038974 85.001197 0.000000 -1.074812 0.277364 
236 1.289692 0.000000 -0.013208 96.002157 0.000000 -0.363107 0.078345 
237 1.262491 0.000000 0.012557 91.974692 0.000000 -0.713988 0.154015 
238 1.452894 0.000000 -0.193566 85.373946 0.000000 -1.755859 0.270821 
239 1.452894 0.000000 -0.296627 85.119570 0.000000 -1.773178 0.275151 
240 1.561696 0.000000 -0.193566 85.555439 0.000000 -1.746983 0.267721 
241 1.398493 0.000000 -0.038974 92.031047 0.000000 -0.623492 0.152990 
242 1.398493 0.000000 -0.090504 89.734437 0.000000 -1.016857 0.194670 
243 1.452894 0.000000 -0.038974 92.260536 0.000000 -0.618620 0.148761 
244 1.398493 0.000000 0.012557 93.504338 0.000000 -0.367576 0.125680 
245 1.316892 0.000000 -0.013208 95.445033 0.000000 -0.684737 0.088978 
246 1.316892 0.000000 -0.038974 90.016998 0.000000 -0.917354 0.189610 
247 1.344093 0.000000 -0.013208 90.866115 0.000000 -0.787381 0.174273 
248 1.316892 0.000000 0.012557 95.504416 0.000000 -0.682499 0.087844 
249 1.180890 0.000000 0.064088 81.914623 0.000000 -1.251224 0.328843 
250 1.126490 0.000000 0.064088 77.337558 0.000000 -1.159762 0.401756 
251 1.180890 0.000000 0.115618 82.242446 0.000000 -1.316220 0.323445 
252 1.262491 0.000000 0.038322 90.223688 0.000000 -0.808001 0.185903 
253 1.235291 0.000000 0.038322 89.729783 0.000000 -0.848527 0.194785 
254 1.289692 0.000000 0.038322 85.556950 0.000000 -1.063536 0.267888 
255 1.262491 0.000000 0.064088 83.709742 0.000000 -1.221880 0.299119 
256 1.276092 0.000000 -0.000326 97.497221 0.000000 -0.212417 0.049425 
257 1.262491 0.000000 -0.000326 95.342196 0.000000 -0.411016 0.090970 
258 1.276092 0.000000 -0.013208 95.074757 0.000000 -0.461091 0.096058 
259 1.289692 0.000000 -0.000326 99.126826 0.000000 -0.163268 0.017385 
260 1.276092 0.000000 0.012557 95.123990 0.000000 -0.457770 0.095122 
261 1.779298 0.000000 0.321741 96.309824 0.000000 -0.990884 0.072344 
262 1.996901 0.000000 0.321741 98.217080 0.000000 -0.999682 0.035241 
263 1.779298 0.000000 0.527863 97.361874 0.000000 -1.007298 0.051965 
264 1.452894 0.000000 0.218679 85.444579 0.000000 -1.751131 0.269616 
265 1.561696 0.000000 0.218679 85.619657 0.000000 -1.742791 0.266624 
266 1.452894 0.000000 0.321741 85.206850 0.000000 -1.767249 0.273667 
267 1.398493 0.000000 0.064088 91.370139 0.000000 -0.738417 0.165095 
268 1.452894 0.000000 0.064088 91.922526 0.000000 -0.675659 0.154979 
269 1.398493 0.000000 0.115618 88.386075 0.000000 -1.226952 0.218640 
270 1.371293 0.000000 -0.013208 92.380327 0.000000 -0.554244 0.146557 
271 1.371293 0.000000 -0.038974 91.659389 0.000000 -0.677330 0.159810 
272 1.398493 0.000000 -0.013208 93.444983 0.000000 -0.377738 0.126789 
273 1.371293 0.000000 0.012557 92.395311 0.000000 -0.551976 0.146280 
274 1.316892 0.000000 0.038322 90.021036 0.000000 -0.918114 0.189537 
275 1.344093 0.000000 0.038322 90.554764 0.000000 -0.840449 0.179913 
276 1.316892 0.000000 0.064088 88.358801 0.000000 -1.193694 0.219130 
277 1.330492 0.000000 -0.000326 96.893287 0.000000 -0.617674 0.061131 
278 1.316892 0.000000 -0.000326 96.606369 0.000000 -0.636150 0.066680 
279 1.330492 0.000000 -0.013208 95.164073 0.000000 -0.678926 0.094334 
280 1.344093 0.000000 -0.000326 96.694485 0.000000 -0.622119 0.064979 
281 1.330492 0.000000 0.012557 95.227245 0.000000 -0.676724 0.093131 
282 1.670497 0.000000 0.012557 94.492649 0.000000 -0.297378 0.107105 
283 1.670497 0.000000 -0.090504 91.568702 0.000000 -0.601752 0.161481 
284 1.779298 0.000000 0.012557 96.523343 0.000000 -0.254997 0.068318 
285 1.670497 0.000000 0.115618 90.990792 0.000000 -0.776022 0.172007 
286 22.451576 0.000000 -6.480304 96.206115 0.000000 27.168345 0.000626 
287 22.451576 0.000000 -13.076225 96.142320 0.000000 27.378659 0.000706 
288 29.414870 0.000000 -6.480304 96.194321 0.000000 27.263591 0.000335 
289 22.451576 0.000000 0.115618 96.464137 0.000000 26.322022 0.000182 
290 12.006636 0.000000 -3.182343 96.361191 0.000000 26.312361 0.002218 
291 12.006636 0.000000 -6.480304 96.184850 0.000000 26.908366 0.002441 
292 15.488283 0.000000 -3.182343 96.346271 0.000000 26.595230 0.001009 
293 12.006636 0.000000 0.115618 96.951464 0.000000 24.491489 0.000058 
294 6.784166 0.000000 -1.533362 96.704467 0.000000 24.395834 0.005309 
295 6.784166 0.000000 -3.182343 96.247979 0.000000 25.673119 0.007722 
296 8.524989 0.000000 -1.533362 96.683924 0.000000 25.010871 0.002668 
297 6.784166 0.000000 0.115618 97.976844 0.000000 20.784388 -0.003145 
298 4.172931 0.000000 -0.708872 96.839975 0.000000 20.771329 0.019057 
299 4.172931 0.000000 -1.533362 96.108976 0.000000 23.040828 0.023218 
300 5.043342 0.000000 -0.708872 97.099304 0.000000 21.650333 0.010299 
301 4.172931 0.000000 0.115618 96.355329 0.000000 23.770726 0.015060 
302 2.867313 0.000000 -0.296627 98.926808 0.000000 12.796613 0.004973 
303 2.867313 0.000000 -0.708872 95.781111 0.000000 18.293184 0.049134 
304 3.302519 0.000000 -0.296627 98.332989 0.000000 19.866140 -0.006404 
305 2.867313 0.000000 0.115618 96.666561 0.000000 0.000000 0.065558 
306 2.214504 0.000000 -0.090504 97.359605 0.000000 -0.077841 0.052110 
307 2.214504 0.000000 -0.296627 94.392753 0.000000 9.684351 0.099622 
308 2.432107 0.000000 -0.090504 97.456501 0.000000 -0.000000 0.050223 
309 2.214504 0.000000 0.115618 97.417982 0.000000 -0.126289 0.050972 
310 22.451576 0.000000 6.711540 98.080643 0.000000 20.752096 -0.005046 
311 29.414870 0.000000 6.711540 97.973130 0.000000 21.116349 -0.004463 
312 22.451576 0.000000 13.307462 96.414460 0.000000 26.603994 -0.000352 
313 12.006636 0.000000 3.413579 99.569491 0.000000 15.564781 -0.015635 
314 15.488283 0.000000 3.413579 96.482048 0.000000 26.303268 -0.000065 
315 12.006636 0.000000 6.711540 96.807656 0.000000 25.339965 -0.001384 
316 6.784166 0.000000 1.764599 99.997019 0.000000 13.615708 -0.018479 
317 8.524989 0.000000 1.764599 98.146268 0.000000 20.437926 -0.005040 
318 6.784166 0.000000 3.413579 97.220661 0.000000 23.981474 -0.002697 
319 4.172931 0.000000 0.940108 99.988243 0.000000 16.112865 -0.025727 
320 5.043342 0.000000 0.940108 99.672513 0.000000 18.918538 -0.029252 
321 4.172931 0.000000 1.764599 97.464960 0.000000 23.554326 -0.005422 
322 2.867313 0.000000 0.527863 99.047160 0.000000 11.948812 0.004689 
323 3.302519 0.000000 0.527863 98.634848 0.000000 15.613402 0.002739 
324 2.867313 0.000000 0.940108 99.242337 0.000000 19.544379 -0.023102 
325 2.649710 0.000000 -0.090504 97.518710 0.000000 -0.000000 0.049010 
326 2.649710 0.000000 -0.296627 96.905276 0.000000 10.935047 0.048979 
327 2.867313 0.000000 -0.090504 96.588046 0.000000 0.000000 0.067075 
328 2.649710 0.000000 0.115618 97.527535 0.000000 -0.000000 0.048838 
329 2.214504 0.000000 0.321741 100.268901 0.000000 4.365745 -0.007291 
330 2.432107 0.000000 0.321741 99.104837 0.000000 5.551726 0.014741 
331 2.214504 0.000000 0.527863 101.316823 0.000000 8.372455 -0.033520 
332 2.323306 0.000000 0.012557 97.406498 0.000000 -0.000000 0.051197 
333 2.214504 0.000000 0.012557 97.378177 0.000000 -0.079358 0.051748 
334 2.323306 0.000000 -0.090504 97.397405 0.000000 -0.000000 0.051375 
335 2.432107 0.000000 0.012557 97.457968 0.000000 -0.000000 0.050194 
336 2.323306 0.000000 0.115618 97.396888 0.000000 -0.000000 0.051385 
337 3.737725 0.000000 -0.296627 97.090274 0.000000 19.849963 0.017946 
338 3.737725 0.000000 -0.708872 96.652313 0.000000 20.279898 0.024706 
339 4.172931 0.000000 -0.296627 97.240060 0.000000 19.827320 0.015125 
340 3.737725 0.000000 0.115618 96.058022 0.000000 24.324292 0.018119 
341 3.084916 0.000000 -0.090504 95.909550 0.000000 -0.000000 0.080136 
342 3.084916 0.000000 -0.296627 100.189490 0.000000 17.074754 -0.032948 
343 3.302519 0.000000 -0.090504 98.469824 0.000000 26.213344 -0.038345 
344 3.084916 0.000000 0.115618 95.825120 0.000000 -0.000000 0.081755 
345 0.800085 0.000000 0.012557 30.596785 0.000000 -1.517866 0.906153 
346 0.691284 0.000000 0.012557 67.925681 0.000000 -0.985864 0.538513 
347 0.800085 0.000000 -0.090504 60.940427 0.000000 -1.257158 0.628468 
348 0.800085 0.000000 0.115618 63.971311 0.000000 -1.452977 0.590556 
349 0.473681 0.000000 0.321741 79.134758 0.000000 -2.201211 0.373284 
350 0.256078 0.000000 0.321741 70.689643 0.000000 -2.768712 0.499531 
351 0.473681 0.000000 0.527863 74.414646 0.000000 -2.469179 0.445636 
352 0.582482 0.000000 0.012557 83.781238 0.000000 -0.729902 0.298017 
353 0.473681 0.000000 0.012557 91.204440 0.000000 -0.695453 0.168127 
354 0.582482 0.000000 -0.090504 78.149863 0.000000 -1.128909 0.389132 
355 0.582482 0.000000 0.115618 77.570813 0.000000 -1.210864 0.398130 
356 0.800085 0.000000 -0.193566 71.354353 0.000000 -1.779034 0.490539 
357 0.691284 0.000000 -0.193566 69.809508 0.000000 -1.792056 0.512342 
358 0.800085 0.000000 -0.296627 81.116700 0.000000 -2.052338 0.341587 
359 0.745685 0.000000 -0.038974 63.335890 0.000000 -1.142645 0.598726 
360 0.691284 0.000000 -0.038974 68.295048 0.000000 -1.004877 0.533478 
361 0.745685 0.000000 -0.090504 65.421876 0.000000 -1.224562 0.571848 
362 0.800085 0.000000 -0.038974 59.104153 0.000000 -1.186796 0.650529 
363 0.745685 0.000000 0.012557 62.758488 0.000000 -1.122660 0.606011 
364 0.854486 0.000000 -0.038974 66.442710 0.000000 -1.060315 0.558424 
365 0.854486 0.000000 -0.090504 62.597287 0.000000 -1.264029 0.607998 
366 0.908887 0.000000 -0.038974 69.782170 0.000000 -1.008701 0.512943 
367 0.854486 0.000000 0.012557 70.261017 0.000000 -0.951261 0.506248 
368 0.800085 0.000000 0.218679 72.128004 0.000000 -1.806256 0.479429 
369 0.691284 0.000000 0.218679 70.718681 0.000000 -1.825786 0.499553 
370 0.908887 0.000000 0.218679 81.683677 0.000000 -2.001079 0.332377 
371 0.800085 0.000000 0.321741 81.060211 0.000000 -2.055777 0.342502 
372 0.745685 0.000000 0.064088 64.342492 0.000000 -1.185261 0.585864 
373 0.691284 0.000000 0.064088 68.910523 0.000000 -1.045999 0.525025 
374 0.800085 0.000000 0.064088 60.005418 0.000000 -1.224067 0.639785 
375 0.745685 0.000000 0.115618 66.600105 0.000000 -1.281830 0.556278 
376 0.772885 0.000000 -0.013208 47.686092 0.000000 -3.009638 0.771698 
377 0.745685 0.000000 -0.013208 62.752465 0.000000 -1.121591 0.606087 
378 0.772885 0.000000 -0.038974 63.546549 0.000000 -1.162607 0.596048 
379 0.800085 0.000000 -0.013208 30.761855 0.000000 -1.520366 0.905140 
380 0.772885 0.000000 0.012557 47.479727 0.000000 -3.035696 0.773646 
381 0.256078 0.000000 -1.121117 90.980969 0.000000 28.312695 0.092085 
382 -0.179128 0.000000 -1.121117 92.745253 0.000000 29.308249 0.053934 
383 0.256078 0.000000 -1.533362 92.284061 0.000000 27.570385 0.072353 
384 0.473681 0.000000 -0.502749 72.773024 0.000000 -2.567859 0.469749 
385 0.256078 0.000000 -0.502749 65.989793 0.000000 -3.098674 0.563575 
386 0.473681 0.000000 -0.708872 66.140531 0.000000 -3.064768 0.561604 
387 0.582482 0.000000 -0.193566 70.197048 0.000000 -1.843088 0.506898 
388 0.473681 0.000000 -0.193566 79.823373 0.000000 -2.171580 0.362351 
389 0.582482 0.000000 -0.296627 80.235087 0.000000 -2.132752 0.355778 
390 0.636883 0.000000 -0.038974 72.490986 0.000000 -0.968437 0.474412 
391 0.582482 0.000000 -0.038974 81.943371 0.000000 -0.854258 0.328455 
392 0.636883 0.000000 -0.090504 75.819226 0.000000 -1.166872 0.425008 
393 0.636883 0.000000 0.012557 72.621189 0.000000 -0.945093 0.472527 
394 0.718484 0.000000 -0.013208 63.156934 0.000000 -1.109906 0.600997 
395 0.691284 0.000000 -0.013208 67.924435 0.000000 -0.984833 0.538530 
396 0.718484 0.000000 -0.038974 63.717009 0.000000 -1.131930 0.593886 
397 0.718484 0.000000 0.012557 63.161805 0.000000 -1.110961 0.600935 
398 0.854486 0.000000 0.064088 61.926275 0.000000 -1.236981 0.616361 
399 0.908887 0.000000 0.064088 63.813686 0.000000 -1.249806 0.592625 
400 0.854486 0.000000 0.115618 63.590127 0.000000 -1.308891 0.595458 
401 0.772885 0.000000 0.038322 63.570659 0.000000 -1.165916 0.595741 
402 0.745685 0.000000 0.038322 63.355882 0.000000 -1.145932 0.598472 
403 0.800085 0.000000 0.038322 59.150439 0.000000 -1.190104 0.649981 
404 0.772885 0.000000 0.064088 64.512136 0.000000 -1.202893 0.583674 
405 0.759285 0.000000 -0.000326 82.124366 0.000000 -5.130384 0.322927 
406 0.745685 0.000000 -0.000326 62.675655 0.000000 -1.119179 0.607051 
407 0.759285 0.000000 -0.013208 71.286895 0.000000 -3.677659 0.490465 
408 0.772885 0.000000 -0.000326 58.668116 0.000000 -4.328963 0.653931 
409 0.759285 0.000000 0.012557 71.442191 0.000000 -3.723911 0.488215 
410 3.737725 0.000000 0.527863 98.880163 0.000000 17.139339 -0.007104 
411 4.172931 0.000000 0.527863 99.203899 0.000000 16.687260 -0.011988 
412 3.737725 0.000000 0.940108 99.930596 0.000000 16.006428 -0.024233 
413 3.084916 0.000000 0.321741 95.783193 0.000000 13.221299 0.065078 
414 2.867313 0.000000 0.321741 96.480139 0.000000 9.744122 0.059663 
415 3.302519 0.000000 0.321741 97.471687 0.000000 14.883398 0.027775 
416 3.084916 0.000000 0.527863 98.628289 0.000000 13.961678 0.007753 
417 2.976115 0.000000 0.012557 95.588659 0.000000 -0.000000 0.086281 
418 2.867313 0.000000 0.012557 96.541093 0.000000 -0.000000 0.067982 
419 2.976115 0.000000 -0.090504 95.792445 0.000000 -0.000000 0.082381 
420 3.084916 0.000000 0.012557 96.163471 0.000000 -0.000000 0.075259 
421 2.976115 0.000000 0.115618 95.670680 0.000000 -0.000000 0.084712 
422 8.524989 0.000000 -19.672147 96.081293 0.000000 27.463448 0.001414 
423 8.524989 0.000000 -26.268069 96.096881 0.000000 27.510520 0.000856 
424 15.488283 0.000000 -19.672147 96.106394 0.000000 27.454960 0.000979 
425 5.043342 0.000000 -9.778264 95.960870 0.000000 27.178677 0.005283 
426 5.043342 0.000000 -13.076225 96.019384 0.000000 27.353333 0.003207 
427 8.524989 0.000000 -9.778264 96.054666 0.000000 27.152778 0.003623 
428 3.302519 0.000000 -4.831323 95.563896 0.000000 26.369938 0.017217 
429 3.302519 0.000000 -6.480304 95.731969 0.000000 26.846039 0.011468 
430 5.043342 0.000000 -4.831323 95.866580 0.000000 26.282318 0.011884 
431 2.432107 0.000000 -2.357852 94.591562 0.000000 24.550882 0.044969 
432 2.432107 0.000000 -3.182343 94.927328 0.000000 25.565412 0.033521 
433 3.302519 0.000000 -2.357852 95.254733 0.000000 24.325175 0.033482 
434 2.867313 0.000000 -1.121117 95.091479 0.000000 20.857387 0.052258 
435 2.432107 0.000000 -1.121117 94.198839 0.000000 20.612836 0.070169 
436 2.867313 0.000000 -1.533362 94.937806 0.000000 22.536208 0.047893 
437 3.302519 0.000000 -1.121117 95.743471 0.000000 21.295826 0.037968 
438 3.084916 0.000000 -0.502749 97.243853 0.000000 17.682723 0.023095 
439 2.867313 0.000000 -0.502749 96.706902 0.000000 16.248863 0.038375 
440 3.084916 0.000000 -0.708872 96.200006 0.000000 18.915278 0.038777 
441 3.302519 0.000000 -0.502749 97.165571 0.000000 18.932842 0.020040 
442 2.976115 0.000000 -0.193566 103.694107 0.000000 12.691814 -0.091355 
443 2.867313 0.000000 -0.193566 100.980925 0.000000 9.521753 -0.028781 
444 2.976115 0.000000 -0.296627 99.991337 0.000000 14.689352 -0.021404 
445 3.084916 0.000000 -0.193566 104.091676 0.000000 17.745995 -0.115000 
446 3.520122 0.000000 -0.090504 96.614458 0.000000 23.328709 0.012142 
447 3.520122 0.000000 -0.296627 97.255440 0.000000 19.996871 0.014150 
448 3.737725 0.000000 -0.090504 96.699862 0.000000 21.988729 0.016563 
449 3.520122 0.000000 0.115618 96.072547 0.000000 22.841316 0.024834 
450 3.193717 0.000000 0.012557 96.187572 0.000000 -0.000000 0.074795 
451 3.193717 0.000000 -0.090504 96.150918 0.000000 -0.000000 0.075500 
452 3.302519 0.000000 0.012557 95.389508 0.000000 28.562950 0.008500 
453 3.193717 0.000000 0.115618 96.106535 0.000000 -0.000000 0.076353 
454 3.030515 0.000000 -0.038974 95.907743 0.000000 -0.000000 0.080170 
455 2.976115 0.000000 -0.038974 95.770161 0.000000 -0.000000 0.082808 
456 3.030515 0.000000 -0.090504 95.696540 0.000000 -0.000000 0.084217 
457 3.084916 0.000000 -0.038974 96.092912 0.000000 -0.000000 0.076615 
458 3.030515 0.000000 0.012557 95.717387 0.000000 0.000000 0.083818 
459 3.193717 0.000000 -0.193566 101.470622 0.000000 21.243457 -0.074757 
460 3.193717 0.000000 -0.296627 99.373771 0.000000 18.935391 -0.023370 
461 3.302519 0.000000 -0.193566 98.856810 0.000000 22.110014 -0.026152 
462 3.139317 0.000000 -0.038974 96.144773 0.000000 -0.000000 0.075618 
463 3.139317 0.000000 -0.090504 96.044085 0.000000 -0.000000 0.077553 
464 3.193717 0.000000 -0.038974 96.162196 0.000000 -0.000000 0.075283 
465 3.139317 0.000000 0.012557 96.308925 0.000000 -0.000000 0.072459 
466 2.649710 0.000000 0.321741 97.947296 0.000000 7.278862 0.035335 
467 2.649710 0.000000 0.527863 99.727022 0.000000 9.941861 -0.004432 
468 2.976115 0.000000 0.218679 93.360554 0.000000 6.249678 0.124475 
469 2.867313 0.000000 0.218679 94.752020 0.000000 4.457686 0.100218 
470 3.084916 0.000000 0.218679 93.328588 0.000000 9.039870 0.120806 
471 2.976115 0.000000 0.321741 95.826188 0.000000 11.420216 0.068692 
472 3.030515 0.000000 0.064088 95.774105 0.000000 -0.000000 0.082732 
473 2.976115 0.000000 0.064088 95.780164 0.000000 -0.000000 0.082616 
474 3.084916 0.000000 0.064088 95.939774 0.000000 -0.000000 0.079556 
475 3.030515 0.000000 0.115618 95.563387 0.000000 -0.000000 0.086764 
476 3.057716 0.000000 -0.013208 96.110405 0.000000 -0.000000 0.076279 
477 3.030515 0.000000 -0.013208 95.823348 0.000000 -0.000000 0.081789 
478 3.057716 0.000000 -0.038974 95.980184 0.000000 -0.000000 0.078780 
479 3.084916 0.000000 -0.013208 96.162331 0.000000 -0.000000 0.075281 
480 3.057716 0.000000 0.012557 96.261277 0.000000 -0.000000 0.073377 
481 2.758512 0.000000 0.012557 97.404220 0.000000 -0.000000 0.051242 
482 2.649710 0.000000 0.012557 97.530951 0.000000 -0.000000 0.048771 
483 2.758512 0.000000 -0.090504 97.264541 0.000000 -0.000000 0.053961 
484 2.758512 0.000000 0.115618 97.382698 0.000000 -0.000000 0.051661 
485 2.921714 0.000000 -0.038974 96.164642 0.000000 -0.000000 0.075236 
486 2.867313 0.000000 -0.038974 96.530449 0.000000 0.000000 0.068187 
487 2.921714 0.000000 -0.090504 96.099004 0.000000 -0.000000 0.076498 
488 2.921714 0.000000 0.012557 95.792052 0.000000 0.000000 0.082388 
489 3.003315 0.000000 -0.013208 95.636991 0.000000 -0.000000 0.085357 
490 2.976115 0.000000 -0.013208 95.592956 0.000000 -0.000000 0.086199 
491 3.003315 0.000000 -0.038974 95.761520 0.000000 -0.000000 0.082973 
492 3.003315 0.000000 0.012557 95.632104 0.000000 -0.000000 0.085450 
493 2.921714 0.000000 0.064088 96.172534 0.000000 -0.000000 0.075084 
494 2.867313 0.000000 0.064088 96.527067 0.000000 0.000000 0.068253 
495 2.921714 0.000000 0.115618 96.002933 0.000000 -0.000000 0.078344 
496 3.003315 0.000000 0.038322 95.761349 0.000000 -0.000000 0.082976 
497 2.976115 0.000000 0.038322 95.769945 0.000000 -0.000000 0.082812 
498 3.030515 0.000000 0.038322 95.907687 0.000000 -0.000000 0.080172 
499 3.003315 0.000000 0.064088 95.716452 0.000000 -0.000000 0.083836 
500 3.016915 0.000000 -0.000326 95.543541 0.000000 0.000000 0.087143 
501 3.003315 0.000000 -0.000326 95.503399 0.000000 0.000000 0.087910 
502 3.016915 0.000000 -0.013208 95.624789 0.000000 0.000000 0.085590 
503 3.030515 0.000000 -0.000326 95.621545 0.000000 0.000000 0.085652 
504 3.016915 0.000000 0.012557 95.620324 0.000000 0.000000 0.085675 
505 2.649710 0.000000 -0.502749 95.851598 0.000000 15.225924 0.058064 
506 2.432107 0.000000 -0.502749 95.022318 0.000000 14.574066 0.075836 
507 2.649710 0.000000 -0.708872 95.219398 0.000000 17.768113 0.061756 
508 2.758512 0.000000 -0.193566 98.811225 0.000000 8.213959 0.016887 
509 2.649710 0.000000 -0.193566 97.517374 0.000000 7.601899 0.043257 
510 2.758512 0.000000 -0.296627 97.781363 0.000000 11.622569 0.030372 
511 2.812912 0.000000 -0.038974 97.010742 0.000000 -0.000000 0.058892 
512 2.758512 0.000000 -0.038974 97.309335 0.000000 -0.000000 0.053089 
513 2.812912 0.000000 -0.090504 97.084945 0.000000 -0.000000 0.057451 
514 2.812912 0.000000 0.012557 97.199180 0.000000 -0.000000 0.055232 
515 2.894513 0.000000 -0.013208 96.149637 0.000000 -0.000000 0.075525 
516 2.867313 0.000000 -0.013208 96.535827 0.000000 -0.000000 0.068083 
517 2.894513 0.000000 -0.038974 96.195488 0.000000 -0.000000 0.074643 
518 2.921714 0.000000 -0.013208 95.795469 0.000000 0.000000 0.082323 
519 2.894513 0.000000 0.012557 96.138857 0.000000 -0.000000 0.075732 
520 2.540909 0.000000 0.012557 97.506007 0.000000 -0.000000 0.049258 
521 2.540909 0.000000 -0.090504 97.502152 0.000000 -0.000000 0.049333 
522 2.540909 0.000000 0.115618 97.480239 0.000000 -0.000000 0.049760 
523 2.704111 0.000000 -0.038974 97.443854 0.000000 -0.000000 0.050470 
524 2.649710 0.000000 -0.038974 97.525362 0.000000 -0.000000 0.048880 
525 2.704111 0.000000 -0.090504 97.496138 0.000000 -0.000000 0.049450 
526 2.704111 0.000000 0.012557 97.447953 0.000000 -0.000000 0.050390 
527 2.758512 0.000000 0.218679 96.022915 0.000000 3.290602 0.076877 
528 2.649710 0.000000 0.218679 96.991865 0.000000 2.471374 0.058647 
529 2.758512 0.000000 0.321741 97.260060 0.000000 8.368405 0.047045 
530 2.812912 0.000000 0.064088 97.001209 0.000000 -0.000000 0.059077 
531 2.758512 0.000000 0.064088 97.276748 0.000000 -0.000000 0.053723 
532 2.812912 0.000000 0.115618 96.984290 0.000000 -0.000000 0.059405 
533 2.785712 0.000000 -0.013208 97.286663 0.000000 -0.000000 0.053531 
534 2.758512 0.000000 -0.013208 97.402357 0.000000 -0.000000 0.051278 
535 2.785712 0.000000 -0.038974 97.153752 0.000000 -0.000000 0.056115 
536 2.812912 0.000000 -0.013208 97.197016 0.000000 -0.000000 0.055274 
537 2.785712 0.000000 0.012557 97.290204 0.000000 -0.000000 0.053462 
538 2.704111 0.000000 0.064088 97.498507 0.000000 -0.000000 0.049404 
539 2.649710 0.000000 0.064088 97.521257 0.000000 -0.000000 0.048960 
540 2.704111 0.000000 0.115618 97.482518 0.000000 -0.000000 0.049716 
541 2.731311 0.000000 -0.013208 97.470343 0.000000 -0.000000 0.049953 
542 2.704111 0.000000 -0.013208 97.447897 0.000000 -0.000000 0.050391 
543 2.731311 0.000000 -0.038974 97.432188 0.000000 -0.000000 0.050697 
544 2.731311 0.000000 0.012557 97.471271 0.000000 -0.000000 0.049935 
545 2.540909 0.000000 -0.193566 96.666063 0.000000 7.192048 0.060395 
546 2.432107 0.000000 -0.193566 95.928973 0.000000 6.857316 0.075061 
547 2.540909 0.000000 -0.296627 96.227427 0.000000 10.468730 0.063069 
548 2.595309 0.000000 -0.038974 97.525843 0.000000 -0.000000 0.048871 
549 2.540909 0.000000 -0.038974 97.506930 0.000000 -0.000000 0.049240 
550 2.595309 0.000000 -0.090504 97.524082 0.000000 -0.000000 0.048905 
551 2.595309 0.000000 0.012557 97.528247 0.000000 -0.000000 0.048824 
552 2.676911 0.000000 -0.013208 97.509129 0.000000 -0.000000 0.049197 
553 2.649710 0.000000 -0.013208 97.530675 0.000000 -0.000000 0.048777 
554 2.676911 0.000000 -0.038974 97.505859 0.000000 -0.000000 0.049261 
555 2.676911 0.000000 0.012557 97.509185 0.000000 -0.000000 0.049196 
556 2.731311 0.000000 0.038322 97.432298 0.000000 -0.000000 0.050695 
557 2.704111 0.000000 0.038322 97.443992 0.000000 -0.000000 0.050467 
558 2.758512 0.000000 0.038322 97.309533 0.000000 -0.000000 0.053085 
559 2.731311 0.000000 0.064088 97.421820 0.000000 -0.000000 0.050899 
560 2.717711 0.000000 -0.000326 97.517182 0.000000 -0.000000 0.049040 
561 2.704111 0.000000 -0.000326 97.508449 0.000000 -0.000000 0.049210 
562 2.717711 0.000000 -0.013208 97.480530 0.000000 -0.000000 0.049755 
563 2.731311 0.000000 -0.000326 97.501424 0.000000 -0.000000 0.049347 
564 2.717711 0.000000 0.012557 97.481643 0.000000 -0.000000 0.049733 
565 5.913754 0.000000 0.940108 97.662883 0.000000 24.523819 -0.013946 
566 5.913754 0.000000 0.115618 97.981432 0.000000 19.979920 0.000044 
567 6.784166 0.000000 0.940108 96.492605 0.000000 27.329000 -0.005770 
568 5.913754 0.000000 1.764599 99.392308 0.000000 16.469280 -0.015007 
569 -19.328185 0.000000 -19.672147 96.103918 0.000000 27.571970 0.000382 
570 -26.291479 0.000000 -19.672147 96.113493 0.000000 27.572612 0.000195 
571 -19.328185 0.000000 -26.268069 96.107369 0.000000 27.565985 0.000349 
572 22.451576 0.000000 -19.672147 96.122834 0.000000 27.461996 0.000624 
573 22.451576 0.000000 -26.268069 96.117629 0.000000 27.502286 0.000503 
574 29.414870 0.000000 -19.672147 96.131225 0.000000 27.473207 0.000401 
575 -8.883245 0.000000 -9.778264 96.034836 0.000000 27.595254 0.001581 
576 -12.364892 0.000000 -9.778264 96.073539 0.000000 27.599529 0.000814 
577 -8.883245 0.000000 -13.076225 96.049290 0.000000 27.571832 0.001433 
578 12.006636 0.000000 -9.778264 96.119014 0.000000 27.185050 0.002211 
579 12.006636 0.000000 -13.076225 96.096302 0.000000 27.329456 0.001860 
580 15.488283 0.000000 -9.778264 96.147250 0.000000 27.228106 0.001434 
581 -3.660775 0.000000 -4.831323 95.763003 0.000000 27.679300 0.006330 
582 -5.401598 0.000000 -4.831323 95.911651 0.000000 27.697698 0.003379 
583 -3.660775 0.000000 -6.480304 95.822123 0.000000 27.583216 0.005729 
584 6.784166 0.000000 -4.831323 96.070637 0.000000 26.352450 0.007598 
585 6.784166 0.000000 -6.480304 96.012493 0.000000 26.756615 0.006568 
586 8.524989 0.000000 -4.831323 96.179296 0.000000 26.470039 0.004888 
587 -1.049540 0.000000 -2.357852 94.739485 0.000000 28.036773 0.023837 
588 -1.919951 0.000000 -2.357852 95.280884 0.000000 28.109340 0.013142 
589 -1.049540 0.000000 -3.182343 94.997752 0.000000 27.673959 0.020958 
590 4.172931 0.000000 -2.357852 95.798272 0.000000 24.438782 0.022544 
591 4.172931 0.000000 -3.182343 95.687016 0.000000 25.299991 0.020391 
592 5.043342 0.000000 -2.357852 96.122844 0.000000 24.642299 0.015316 
593 1.996901 0.000000 -1.121117 92.980982 0.000000 20.694867 0.092626 
594 1.996901 0.000000 -1.533362 93.356515 0.000000 22.763103 0.076640 
595 1.779298 0.000000 -0.502749 97.356877 0.000000 -1.007173 0.052062 
596 1.779298 0.000000 -0.708872 99.281370 0.000000 -1.029009 0.014215 
597 1.996901 0.000000 -0.502749 99.033405 0.000000 -1.112594 0.019115 
598 2.214504 0.000000 -0.502749 94.069834 0.000000 14.173792 0.094997 
599 2.214504 0.000000 -0.708872 93.812777 0.000000 17.107478 0.090650 
600 1.017688 0.000000 0.218679 82.657105 0.000000 -1.928453 0.316408 
601 1.017688 0.000000 0.321741 82.666217 0.000000 -1.931200 0.316257 
602 0.963287 0.000000 -0.038974 66.305200 0.000000 -0.983566 0.560265 
603 0.963287 0.000000 -0.090504 73.473756 0.000000 -1.398479 0.459965 
604 0.963287 0.000000 0.012557 64.697074 0.000000 -0.401147 0.581413 
605 1.072089 0.000000 0.064088 69.533201 0.000000 -1.023436 0.516409 
606 1.017688 0.000000 0.064088 68.934994 0.000000 -1.044906 0.524687 
607 1.072089 0.000000 0.115618 75.288642 0.000000 -1.371153 0.432974 
608 0.963287 0.000000 0.064088 69.260178 0.000000 -1.230173 0.520151 
609 0.963287 0.000000 0.115618 75.700022 0.000000 -1.618521 0.426689 
610 1.670497 0.000000 -0.193566 86.735551 0.000000 -1.140348 0.247564 
611 1.670497 0.000000 -0.296627 91.458696 0.000000 -1.052950 0.163420 
612 1.779298 0.000000 -0.193566 96.326984 0.000000 -0.991233 0.072013 
613 1.303292 0.000000 -0.000326 96.917680 0.000000 -0.506355 0.060671 
614 1.303292 0.000000 -0.013208 94.490342 0.000000 -0.718442 0.107106 
615 1.303292 0.000000 0.012557 96.297465 0.000000 -0.507376 0.072654 
616 1.670497 0.000000 0.218679 86.792710 0.000000 -1.139722 0.246573 
617 1.779298 0.000000 0.218679 96.334078 0.000000 -0.991382 0.071876 
618 1.670497 0.000000 0.321741 91.501329 0.000000 -1.052728 0.162640 
619 1.371293 0.000000 0.038322 91.672511 0.000000 -0.676195 0.159569 
620 1.398493 0.000000 0.038322 92.049891 0.000000 -0.621263 0.152643 
621 1.371293 0.000000 0.064088 90.507033 0.000000 -0.858936 0.180774 
622 5.913754 0.000000 -0.708872 97.194735 0.000000 22.437241 0.004975 
623 5.913754 0.000000 -1.533362 96.641510 0.000000 23.991580 0.008482 
624 6.784166 0.000000 -0.708872 97.167118 0.000000 23.139929 0.002309 
625 3.737725 0.000000 -1.121117 96.144805 0.000000 21.667397 0.028670 
626 3.737725 0.000000 -1.533362 95.828752 0.000000 22.818786 0.029615 
627 4.172931 0.000000 -1.121117 96.409168 0.000000 22.021618 0.022032 
628 2.323306 0.000000 -0.193566 95.217047 0.000000 6.661054 0.088934 
629 2.214504 0.000000 -0.193566 97.902267 0.000000 -1.240968 0.041361 
630 2.323306 0.000000 -0.296627 95.020173 0.000000 9.849673 0.087415 
631 3.520122 0.000000 -0.502749 96.976242 0.000000 19.490344 0.021574 
632 3.520122 0.000000 -0.708872 96.519405 0.000000 19.964748 0.028541 
633 3.737725 0.000000 -0.502749 96.917663 0.000000 19.693308 0.021914 
634 0.582482 0.000000 0.218679 79.907425 0.000000 -2.158665 0.361014 
635 0.473681 0.000000 0.218679 79.768398 0.000000 -2.176162 0.363227 
636 0.582482 0.000000 0.321741 80.160541 0.000000 -2.138533 0.356971 
637 0.636883 0.000000 0.064088 72.357295 0.000000 -1.015432 0.476339 
638 0.582482 0.000000 0.064088 79.034473 0.000000 -1.048676 0.375245 
639 0.636883 0.000000 0.115618 75.853212 0.000000 -1.234683 0.424477 
640 0.718484 0.000000 0.038322 63.733824 0.000000 -1.135184 0.593671 
641 0.691284 0.000000 0.038322 68.300362 0.000000 -1.008058 0.533404 
642 0.718484 0.000000 0.064088 64.665697 0.000000 -1.176000 0.581696 
643 3.520122 0.000000 0.321741 98.718269 0.000000 14.186883 0.005344 
644 3.737725 0.000000 0.321741 98.913129 0.000000 14.441657 0.000763 
645 3.520122 0.000000 0.527863 98.726674 0.000000 16.711673 -0.002624 
646 3.193717 0.000000 0.218679 95.281010 0.000000 11.166136 0.079685 
647 3.302519 0.000000 0.218679 97.193347 0.000000 12.227180 0.040395 
648 3.193717 0.000000 0.321741 96.503549 0.000000 14.466518 0.047778 
649 3.139317 0.000000 0.064088 96.064244 0.000000 -0.000000 0.077166 
650 3.193717 0.000000 0.064088 96.129562 0.000000 -0.000000 0.075911 
651 3.139317 0.000000 0.115618 96.009095 0.000000 -0.000000 0.078225 
652 2.540909 0.000000 0.218679 97.723857 0.000000 1.811173 0.044677 
653 2.432107 0.000000 0.218679 98.387176 0.000000 1.188078 0.031855 
654 2.540909 0.000000 0.321741 98.545884 0.000000 6.360741 0.024825 
655 3.057716 0.000000 0.038322 95.980881 0.000000 -0.000000 0.078767 
656 3.084916 0.000000 0.038322 96.094542 0.000000 -0.000000 0.076584 
657 3.057716 0.000000 0.064088 95.896254 0.000000 -0.000000 0.080391 
658 2.948914 0.000000 -0.013208 95.670485 0.000000 -0.000000 0.084716 
659 2.948914 0.000000 -0.038974 95.923987 0.000000 -0.000000 0.079859 
660 2.948914 0.000000 0.012557 95.667345 0.000000 -0.000000 0.084776 
661 2.948914 0.000000 0.038322 95.923785 0.000000 -0.000000 0.079863 
662 2.921714 0.000000 0.038322 96.164471 0.000000 -0.000000 0.075239 
663 2.948914 0.000000 0.064088 95.933292 0.000000 -0.000000 0.079680 
664 2.840113 0.000000 -0.013208 97.030626 0.000000 -0.000000 0.058506 
665 2.840113 0.000000 -0.038974 96.858584 0.000000 -0.000000 0.061841 
666 2.840113 0.000000 0.012557 97.031982 0.000000 -0.000000 0.058479 
667 2.595309 0.000000 0.064088 97.527538 0.000000 -0.000000 0.048838 
668 2.540909 0.000000 0.064088 97.504573 0.000000 -0.000000 0.049286 
669 2.595309 0.000000 0.115618 97.524883 0.000000 -0.000000 0.048890 
670 2.785712 0.000000 0.038322 97.153994 0.000000 -0.000000 0.056110 
671 2.812912 0.000000 0.038322 97.010948 0.000000 -0.000000 0.058888 
672 2.785712 0.000000 0.064088 97.142542 0.000000 -0.000000 0.056333 
673 2.840113 0.000000 0.038322 96.858703 0.000000 -0.000000 0.061839 
674 2.867313 0.000000 0.038322 96.659416 0.000000 0.000000 0.065696 
675 2.840113 0.000000 0.064088 96.745023 0.000000 0.000000 0.064040 
676 2.676911 0.000000 0.038322 97.505954 0.000000 -0.000000 0.049259 
677 2.649710 0.000000 0.038322 97.525508 0.000000 -0.000000 0.048878 
678 2.676911 0.000000 0.064088 97.502355 0.000000 -0.000000 0.049329 
679 5.913754 0.000000 -2.357852 96.322613 0.000000 24.907419 0.010157 
680 5.913754 0.000000 -3.182343 96.138200 0.000000 25.526054 0.010587 
681 6.784166 0.000000 -2.357852 96.424511 0.000000 25.151477 0.006972 
682 2.323306 0.000000 0.218679 99.055586 0.000000 0.637749 0.018758 
683 2.214504 0.000000 0.218679 97.999388 0.000000 -1.238523 0.039459 
684 2.323306 0.000000 0.321741 99.678125 0.000000 4.898773 0.004027 
685 2.894513 0.000000 0.038322 96.193106 0.000000 -0.000000 0.074689 
686 2.894513 0.000000 0.064088 96.387268 0.000000 -0.000000 0.070949 
1 19 21 9 22 
2 20 19 22 4 
3 28 29 3 30 
4 21 28 30 9 
5 35 37 21 38 
6 36 35 38 19 
7 44 45 28 46 
8 37 44 46 21 
9 51 53 37 54 
10 52 51 54 35 
11 60 61 44 62 
12 53 60 62 37 
13 67 69 53 70 
14 68 67 70 51 
15 11 78 76 77 
16 78 10 24 76 
17 76 24 14 79 
18 77 76 79 6 
19 24 82 80 81 
20 82 23 40 80 
21 80 40 27 83 
22 81 80 83 14 
23 40 86 84 85 
24 86 39 56 84 
25 84 56 43 87 
26 85 84 87 27 
27 56 90 88 89 
28 90 55 72 88 
29 88 72 59 91 
30 89 88 91 43 
31 92 93 60 94 
32 69 92 94 53 
33 95 97 69 98 
34 96 95 98 67 
35 72 101 99 100 
36 100 99 103 59 
37 6 79 112 113 
38 79 14 36 112 
39 112 36 19 114 
40 113 112 114 20 
41 14 83 115 116 
42 83 27 52 115 
43 115 52 35 117 
44 116 115 117 36 
45 27 87 118 119 
46 87 43 68 118 
47 118 68 51 120 
48 119 118 120 52 
49 43 91 121 122 
50 91 59 96 121 
51 121 96 67 123 
52 122 121 123 68 
53 59 103 124 125 
54 124 126 95 127 
55 125 124 127 96 
56 99 130 128 129 
57 129 128 132 103 
58 133 134 92 135 
59 97 133 135 69 
60 136 137 97 138 
61 126 136 138 95 
62 151 153 136 154 
63 152 151 154 126 
64 12 162 160 161 
65 162 7 163 160 
66 160 163 13 25 
67 161 160 25 10 
68 25 166 164 165 
69 166 13 167 164 
70 164 167 26 41 
71 165 164 41 23 
72 41 170 168 169 
73 170 26 171 168 
74 168 171 42 57 
75 169 168 57 39 
76 57 174 172 173 
77 174 42 175 172 
78 172 175 58 73 
79 173 172 73 55 
80 73 178 176 177 
81 178 58 179 176 
82 176 179 74 109 
83 177 176 109 71 
84 71 182 180 181 
85 182 109 183 180 
86 180 183 108 140 
87 181 180 140 102 
88 140 186 184 185 
89 186 108 187 184 
90 184 187 141 157 
91 185 184 157 139 
92 188 189 133 190 
93 137 188 190 97 
94 191 192 137 193 
95 153 191 193 136 
96 157 200 198 199 
97 200 141 201 198 
98 198 201 158 202 
99 199 198 202 155 
100 109 204 203 183 
101 204 74 205 203 
102 203 205 110 148 
103 183 203 148 108 
104 108 207 206 187 
105 207 148 208 206 
106 206 208 147 195 
107 187 206 195 141 
108 210 143 211 209 
109 209 211 146 212 
110 214 149 215 213 
111 213 215 5 216 
112 195 219 217 218 
113 219 147 220 217 
114 141 223 222 201 
115 223 195 218 222 
116 222 218 194 224 
117 201 222 224 158 
118 111 197 225 226 
119 197 150 227 225 
120 225 227 191 228 
121 226 225 228 153 
122 229 231 150 232 
123 230 229 232 197 
124 218 235 233 234 
125 235 217 236 233 
126 234 233 237 194 
127 148 239 238 208 
128 239 110 240 238 
129 238 240 149 214 
130 208 238 214 147 
131 147 242 241 220 
132 242 214 243 241 
133 241 243 213 244 
134 217 246 245 236 
135 246 220 247 245 
136 158 224 249 250 
137 224 194 230 249 
138 249 230 197 251 
139 250 249 251 111 
140 194 237 252 253 
141 237 221 254 252 
142 252 254 229 255 
143 253 252 255 230 
144 233 258 256 257 
145 258 236 259 256 
146 256 259 221 260 
147 257 256 260 237 
148 212 146 262 261 
149 261 262 188 263 
150 192 261 263 137 
151 150 216 264 227 
152 216 5 265 264 
153 264 265 192 266 
154 227 264 266 191 
155 244 213 268 267 
156 267 268 216 269 
157 231 267 269 150 
158 220 271 270 247 
159 271 241 272 270 
160 270 272 244 273 
161 247 270 273 196 
162 221 248 274 254 
163 248 196 275 274 
164 274 275 231 276 
165 254 274 276 229 
166 245 279 277 278 
167 279 247 280 277 
168 277 280 196 281 
169 278 277 281 248 
170 149 283 282 215 
171 283 209 284 282 
172 282 284 212 285 
173 215 282 285 5 
174 15 287 286 33 
175 287 17 288 286 
176 286 288 8 289 
177 33 286 289 18 
178 31 291 290 49 
179 291 33 292 290 
180 290 292 18 293 
181 49 290 293 34 
182 295 49 296 294 
183 294 296 34 297 
184 299 65 300 298 
185 298 300 50 301 
186 143 307 306 211 
187 211 306 309 146 
188 18 289 310 45 
189 289 8 311 310 
190 310 311 29 312 
191 45 310 312 28 
192 34 293 313 61 
193 293 18 314 313 
194 313 314 45 315 
195 61 313 315 44 
196 297 34 317 316 
197 316 317 61 318 
198 93 316 318 60 
199 301 50 320 319 
200 319 320 93 321 
201 134 319 321 92 
202 322 323 134 324 
203 189 322 324 133 
204 146 309 329 262 
205 329 330 189 331 
206 262 329 331 188 
207 306 334 332 333 
208 334 308 335 332 
209 332 335 107 336 
210 333 332 336 309 
211 338 298 339 337 
212 337 339 301 340 
213 103 132 349 350 
214 349 152 126 351 
215 350 349 351 124 
216 128 354 352 353 
217 353 352 355 132 
218 102 358 356 357 
219 358 140 185 356 
220 356 185 139 347 
221 357 356 347 131 
222 131 361 359 360 
223 361 347 362 359 
224 347 365 364 362 
225 365 139 366 364 
226 364 366 156 367 
227 362 364 367 345 
228 75 348 368 369 
229 348 142 370 368 
230 368 370 151 371 
231 369 368 371 152 
232 372 374 348 375 
233 373 372 375 75 
234 359 378 376 377 
235 378 362 379 376 
236 376 379 345 380 
237 55 383 381 382 
238 383 73 177 381 
239 381 177 71 101 
240 382 381 101 72 
241 101 386 384 385 
242 386 71 181 384 
243 384 181 102 130 
244 385 384 130 99 
245 130 389 387 388 
246 389 102 357 387 
247 387 357 131 354 
248 388 387 354 128 
249 354 392 390 391 
250 392 131 360 390 
251 390 360 346 393 
252 391 390 393 352 
253 360 396 394 395 
254 396 359 377 394 
255 394 377 363 397 
256 395 394 397 346 
257 345 367 398 374 
258 367 156 399 398 
259 398 399 142 400 
260 374 398 400 348 
261 363 380 401 402 
262 380 345 403 401 
263 401 403 374 404 
264 402 401 404 372 
265 377 407 405 406 
266 407 376 408 405 
267 405 408 380 409 
268 406 405 409 363 
269 340 301 411 410 
270 410 411 319 412 
271 323 410 412 134 
272 413 415 323 416 
273 414 413 416 322 
274 7 423 422 163 
275 423 16 424 422 
276 422 424 15 32 
277 163 422 32 13 
278 13 426 425 167 
279 426 32 427 425 
280 425 427 31 48 
281 167 425 48 26 
282 26 429 428 171 
283 429 48 430 428 
284 428 430 47 64 
285 171 428 64 42 
286 42 432 431 175 
287 432 64 433 431 
288 431 433 63 105 
289 175 431 105 58 
290 105 436 434 435 
291 436 63 437 434 
292 434 437 106 303 
293 435 434 303 104 
294 303 440 438 439 
295 440 106 441 438 
296 438 441 304 342 
297 439 438 342 302 
298 302 444 442 443 
299 444 342 445 442 
300 442 445 341 419 
301 443 442 419 327 
302 304 447 446 343 
303 447 337 448 446 
304 446 448 340 449 
305 343 446 449 66 
306 451 343 452 450 
307 450 452 66 453 
308 419 456 454 455 
309 456 341 457 454 
310 342 460 459 445 
311 460 304 461 459 
312 459 461 343 451 
313 445 459 451 341 
314 341 463 462 457 
315 463 451 464 462 
316 462 464 450 465 
317 457 462 465 420 
318 466 414 322 467 
319 330 466 467 189 
320 305 421 468 469 
321 421 344 470 468 
322 468 470 413 471 
323 469 468 471 414 
324 472 474 344 475 
325 473 472 475 421 
326 454 478 476 477 
327 478 457 479 476 
328 476 479 420 480 
329 477 476 480 458 
330 327 487 485 486 
331 487 419 455 485 
332 455 491 489 490 
333 491 454 477 489 
334 490 489 492 417 
335 493 473 421 495 
336 494 493 495 305 
337 417 492 496 497 
338 492 458 498 496 
339 496 498 472 499 
340 497 496 499 473 
341 489 502 500 501 
342 502 477 503 500 
343 500 503 458 504 
344 501 500 504 492 
345 104 507 505 506 
346 507 303 439 505 
347 505 439 302 326 
348 506 505 326 145 
349 326 510 508 509 
350 510 302 443 508 
351 508 443 327 483 
352 509 508 483 325 
353 483 513 511 512 
354 513 327 486 511 
355 486 517 515 516 
356 517 485 518 515 
357 515 518 488 519 
358 516 515 519 418 
359 308 521 520 335 
360 335 520 522 107 
361 325 525 523 524 
362 525 483 512 523 
363 328 484 527 528 
364 484 305 469 527 
365 527 469 414 529 
366 528 527 529 466 
367 530 494 305 532 
368 531 530 532 484 
369 512 535 533 534 
370 535 511 536 533 
371 533 536 514 537 
372 534 533 537 481 
373 538 531 484 540 
374 539 538 540 328 
375 523 543 541 542 
376 543 512 534 541 
377 541 534 481 544 
378 145 547 545 546 
379 547 326 509 545 
380 545 509 325 521 
381 546 545 521 308 
382 521 550 548 549 
383 550 325 524 548 
384 548 524 482 551 
385 549 548 551 520 
386 524 554 552 553 
387 554 523 542 552 
388 552 542 526 555 
389 553 552 555 482 
390 526 544 556 557 
391 544 481 558 556 
392 556 558 531 559 
393 557 556 559 538 
394 542 562 560 561 
395 562 541 563 560 
396 560 563 544 564 
397 561 560 564 526 
398 50 566 565 320 
399 566 297 567 565 
400 565 567 316 568 
401 320 565 568 93 
402 1 571 569 570 
403 571 12 161 569 
404 569 161 10 78 
405 570 569 78 11 
406 16 573 572 424 
407 573 2 574 572 
408 572 574 17 287 
409 424 572 287 15 
410 10 577 575 576 
411 577 25 165 575 
412 575 165 23 82 
413 576 575 82 24 
414 32 579 578 427 
415 579 15 580 578 
416 578 580 33 291 
417 427 578 291 31 
418 23 583 581 582 
419 583 41 169 581 
420 581 169 39 86 
421 582 581 86 40 
422 48 585 584 430 
423 585 31 586 584 
424 584 586 49 295 
425 430 584 295 47 
426 39 589 587 588 
427 589 57 173 587 
428 587 173 55 90 
429 588 587 90 56 
430 64 591 590 433 
431 591 47 592 590 
432 590 592 65 299 
433 433 590 299 63 
434 58 594 593 179 
435 594 105 435 593 
436 593 435 104 144 
437 179 593 144 74 
438 74 596 595 205 
439 596 144 597 595 
440 595 597 143 210 
441 205 595 210 110 
442 144 599 598 597 
443 599 104 506 598 
444 598 506 145 307 
445 597 598 307 143 
446 142 159 600 370 
447 159 111 226 600 
448 600 226 153 601 
449 370 600 601 151 
450 139 603 602 366 
451 603 157 199 602 
452 602 199 155 604 
453 366 602 604 156 
454 155 202 605 606 
455 202 158 250 605 
456 605 250 111 607 
457 606 605 607 159 
458 156 604 608 399 
459 604 155 606 608 
460 608 606 159 609 
461 399 608 609 142 
462 110 611 610 240 
463 611 210 612 610 
464 610 612 209 283 
465 240 610 283 149 
466 236 614 613 259 
467 614 245 278 613 
468 613 278 248 615 
469 259 613 615 221 
470 5 285 616 265 
471 285 212 617 616 
472 616 617 261 618 
473 265 616 618 192 
474 196 273 619 275 
475 273 244 620 619 
476 619 620 267 621 
477 275 619 621 231 
478 65 623 622 300 
479 623 294 624 622 
480 622 624 297 566 
481 300 622 566 50 
482 63 626 625 437 
483 626 299 627 625 
484 625 627 298 338 
485 437 625 338 106 
486 307 630 628 629 
487 630 145 546 628 
488 628 546 308 334 
489 629 628 334 306 
490 106 632 631 441 
491 632 338 633 631 
492 631 633 337 447 
493 441 631 447 304 
494 132 355 634 635 
495 355 75 369 634 
496 634 369 152 636 
497 635 634 636 349 
498 352 393 637 638 
499 393 346 373 637 
500 637 373 75 639 
501 638 637 639 355 
502 346 397 640 641 
503 397 363 402 640 
504 640 402 372 642 
505 641 640 642 373 
506 66 449 643 415 
507 449 340 644 643 
508 643 644 410 645 
509 415 643 645 323 
510 344 453 646 470 
511 453 66 647 646 
512 646 647 415 648 
513 470 646 648 413 
514 420 465 649 474 
515 465 450 650 649 
516 649 650 453 651 
517 474 649 651 344 
518 107 522 652 653 
519 522 328 528 652 
520 652 528 466 654 
521 653 652 654 330 
522 458 480 655 498 
523 480 420 656 655 
524 655 656 474 657 
525 498 655 657 472 
526 485 659 658 518 
527 659 455 490 658 
528 658 490 417 660 
529 518 658 660 488 
530 488 660 661 662 
531 660 417 497 661 
532 661 497 473 663 
533 662 661 663 493 
534 511 665 664 536 
535 665 486 516 664 
536 664 516 418 666 
537 536 664 666 514 
538 520 551 667 668 
539 551 482 539 667 
540 667 539 328 669 
541 668 667 669 522 
542 481 537 670 558 
543 537 514 671 670 
544 670 671 530 672 
545 558 670 672 531 
546 514 666 673 671 
547 666 418 674 673 
548 673 674 494 675 
549 671 673 675 530 
550 482 555 676 677 
551 555 526 557 676 
552 676 557 538 678 
553 677 676 678 539 
554 47 680 679 592 
555 680 295 681 679 
556 679 681 294 623 
557 592 679 623 65 
558 309 336 682 683 
559 336 107 653 682 
560 682 653 330 684 
561 683 682 684 329 
562 418 519 685 674 
563 519 488 662 685 
564 685 662 493 686 
565 674 685 686 494 
