2 0.000000 100.000000 473.401889
669 553 
1 -37.471777 0.000000 -37.628235 99.774843 0.000000 -6.979532 -0.000373 
2 44.013134 0.000000 -37.628235 99.780863 0.000000 -6.848176 -0.000312 
3 44.013134 0.000000 37.925470 99.744694 0.000000 -6.875413 0.000372 
4 -37.471777 0.000000 37.925470 99.739493 0.000000 -6.979917 0.000331 
5 3.270679 0.000000 0.148617 100.439741 0.000000 0.637340 -0.008855 
6 -37.471777 0.000000 0.148617 99.757263 0.000000 -6.999603 -0.000051 
7 3.270679 0.000000 -37.628235 99.815254 0.000000 -6.918040 -0.001094 
8 44.013134 0.000000 0.148617 99.972441 0.000000 -3.829564 -0.000915 
9 3.270679 0.000000 37.925470 99.703914 0.000000 -6.922637 0.001121 
10 -17.100549 0.000000 -18.739809 99.829109 0.000000 -6.991699 -0.001473 
11 -37.471777 0.000000 -18.739809 99.773977 0.000000 -6.990696 -0.000372 
12 -17.100549 0.000000 -37.628235 99.796331 0.000000 -6.966278 -0.000784 
13 3.270679 0.000000 -18.739809 99.979705 0.000000 -6.764369 -0.004170 
14 -17.100549 0.000000 0.148617 99.757069 0.000000 -7.072522 -0.000149 
15 23.641907 0.000000 -18.739809 99.845727 0.000000 -6.526097 -0.001176 
16 23.641907 0.000000 -37.628235 99.799342 0.000000 -6.867991 -0.000708 
17 44.013134 0.000000 -18.739809 99.805180 0.000000 -6.462973 -0.000284 
18 23.641907 0.000000 0.148617 99.863470 0.000000 -5.159165 0.000067 
19 -17.100549 0.000000 19.037044 99.687910 0.000000 -6.991787 0.001344 
20 -37.471777 0.000000 19.037044 99.740572 0.000000 -6.990852 0.000295 
21 3.270679 0.000000 19.037044 99.552654 0.000000 -6.773022 0.004340 
22 -17.100549 0.000000 37.925470 99.719545 0.000000 -6.967442 0.000747 
23 -6.914935 0.000000 -9.295596 100.042949 0.000000 -7.052747 -0.005833 
24 -17.100549 0.000000 -9.295596 99.825096 0.000000 -7.036837 -0.001457 
25 -6.914935 0.000000 -18.739809 99.910804 0.000000 -6.940878 -0.003034 
26 3.270679 0.000000 -9.295596 100.496586 0.000000 -6.316491 -0.013946 
27 -6.914935 0.000000 0.148617 99.740287 0.000000 -7.374169 -0.000250 
28 23.641907 0.000000 19.037044 99.708753 0.000000 -6.599292 0.001461 
29 44.013134 0.000000 19.037044 99.760796 0.000000 -6.640687 0.000368 
30 23.641907 0.000000 37.925470 99.723676 0.000000 -6.881655 0.000783 
31 13.456293 0.000000 -9.295596 100.053045 0.000000 -5.661891 -0.004267 
32 13.456293 0.000000 -18.739809 99.915016 0.000000 -6.591047 -0.002645 
33 23.641907 0.000000 -9.295596 99.900202 0.000000 -5.551562 -0.001087 
34 13.456293 0.000000 0.148617 99.607807 0.000000 -5.874681 0.004377 
35 -6.914935 0.000000 9.592831 99.474940 0.000000 -7.043413 0.005513 
36 -17.100549 0.000000 9.592831 99.690804 0.000000 -7.035774 0.001224 
37 3.270679 0.000000 9.592831 99.069254 0.000000 -6.328120 0.014524 
38 -6.914935 0.000000 19.037044 99.610894 0.000000 -6.941604 0.002948 
39 -1.822128 0.000000 -4.573489 100.751402 0.000000 -7.227347 -0.020308 
40 -6.914935 0.000000 -4.573489 100.019665 0.000000 -7.229156 -0.005619 
41 -1.822128 0.000000 -9.295596 100.318877 0.000000 -6.863351 -0.011098 
42 3.270679 0.000000 -4.573489 101.722019 0.000000 -5.353888 -0.037603 
43 -1.822128 0.000000 0.148617 99.514676 0.000000 -8.787488 0.001961 
44 13.456293 0.000000 9.592831 99.568588 0.000000 -5.796131 0.005250 
45 23.641907 0.000000 9.592831 99.757522 0.000000 -5.894455 0.001369 
46 13.456293 0.000000 19.037044 99.631021 0.000000 -6.624426 0.002978 
47 8.363486 0.000000 -4.573489 100.632022 0.000000 -3.971757 -0.014258 
48 8.363486 0.000000 -9.295596 100.282011 0.000000 -5.830044 -0.009047 
49 13.456293 0.000000 -4.573489 100.143655 0.000000 -3.714904 -0.004255 
50 8.363486 0.000000 0.148617 102.221507 0.000000 -0.533665 -0.044952 
51 -1.822128 0.000000 4.870724 98.777159 0.000000 -7.155328 0.019187 
52 -6.914935 0.000000 4.870724 99.482178 0.000000 -7.211954 0.005128 
53 3.270679 0.000000 4.870724 97.986620 0.000000 -5.545233 0.036787 
54 -1.822128 0.000000 9.592831 99.216205 0.000000 -6.848582 0.010924 
55 0.724275 0.000000 -2.212436 102.865721 0.000000 -6.971079 -0.062995 
56 -1.822128 0.000000 -2.212436 100.840087 0.000000 -7.874554 -0.023073 
57 0.724275 0.000000 -4.573489 101.478892 0.000000 -6.625950 -0.034187 
58 3.270679 0.000000 -2.212436 103.945055 0.000000 -2.854519 -0.081272 
59 0.724275 0.000000 0.148617 103.962750 0.000000 -0.153378 -0.080828 
60 8.363486 0.000000 4.870724 99.073322 0.000000 -4.476821 0.016443 
61 13.456293 0.000000 4.870724 99.637516 0.000000 -4.559915 0.005157 
62 8.363486 0.000000 9.592831 99.309268 0.000000 -5.891196 0.010296 
63 5.817082 0.000000 -2.212436 102.165631 0.000000 0.331194 -0.043793 
64 5.817082 0.000000 -4.573489 101.169908 0.000000 -4.377845 -0.025452 
65 8.363486 0.000000 -2.212436 101.359660 0.000000 2.763853 -0.028142 
66 5.817082 0.000000 0.148617 99.407509 0.000000 0.261851 0.011808 
67 0.724275 0.000000 2.509671 97.045376 0.000000 -6.940679 0.053402 
68 -1.822128 0.000000 2.509671 98.623100 0.000000 -7.707668 0.021408 
69 3.270679 0.000000 2.509671 96.496175 0.000000 -4.613850 0.066720 
70 0.724275 0.000000 4.870724 98.160883 0.000000 -6.593938 0.032096 
71 1.997477 0.000000 -1.031909 110.128645 0.000000 0.526853 -0.212860 
72 0.724275 0.000000 -1.031909 103.491134 0.000000 -6.183412 -0.074865 
73 1.997477 0.000000 -2.212436 104.051501 0.000000 -5.309092 -0.085490 
74 3.270679 0.000000 -1.031909 104.240843 0.000000 2.450393 -0.087216 
75 1.997477 0.000000 0.148617 95.060869 0.000000 0.206213 0.096339 
76 -27.286163 0.000000 -9.295596 99.780792 0.000000 -7.010322 -0.000535 
77 -37.471777 0.000000 -9.295596 99.767608 0.000000 -6.996891 -0.000253 
78 -27.286163 0.000000 -18.739809 99.790390 0.000000 -6.994748 -0.000705 
79 -27.286163 0.000000 0.148617 99.757498 0.000000 -7.018411 -0.000082 
80 -12.007742 0.000000 -4.573489 99.850908 0.000000 -7.124872 -0.002097 
81 -17.100549 0.000000 -4.573489 99.798996 0.000000 -7.061702 -0.000971 
82 -12.007742 0.000000 -9.295596 99.888759 0.000000 -7.055469 -0.002754 
83 -12.007742 0.000000 0.148617 99.753935 0.000000 -7.167006 -0.000221 
84 -4.368532 0.000000 -2.212436 100.110516 0.000000 -7.558175 -0.007924 
85 -6.914935 0.000000 -2.212436 99.913903 0.000000 -7.332785 -0.003656 
86 -4.368532 0.000000 -4.573489 100.257145 0.000000 -7.294721 -0.010471 
87 -4.368532 0.000000 0.148617 99.709791 0.000000 -7.693087 -0.000123 
88 -0.548927 0.000000 -1.031909 102.680759 0.000000 -8.542910 -0.061632 
89 -1.822128 0.000000 -1.031909 100.550115 0.000000 -8.453999 -0.018180 
90 -0.548927 0.000000 -2.212436 101.754090 0.000000 -7.706413 -0.041328 
91 -0.548927 0.000000 0.148617 98.108630 0.000000 -13.175636 0.020110 
92 5.817082 0.000000 2.509671 98.082867 0.000000 -3.419374 0.036806 
93 8.363486 0.000000 2.509671 99.095071 0.000000 -3.447522 0.016828 
94 5.817082 0.000000 4.870724 98.499267 0.000000 -4.737871 0.027545 
95 1.997477 0.000000 1.329144 94.778725 0.000000 -6.466594 0.097518 
96 0.724275 0.000000 1.329144 96.548553 0.000000 -7.117884 0.062771 
97 3.270679 0.000000 1.329144 95.170182 0.000000 -4.067060 0.092610 
98 1.997477 0.000000 2.509671 96.382528 0.000000 -5.912495 0.067545 
99 1.360876 0.000000 -0.441646 110.495245 0.000000 -0.019578 -0.220920 
100 0.724275 0.000000 -0.441646 106.382870 0.000000 -1.240570 -0.131885 
101 1.360876 0.000000 -1.031909 110.424402 0.000000 -0.546955 -0.219385 
102 1.997477 0.000000 -0.441646 109.523207 0.000000 0.617878 -0.199571 
103 1.360876 0.000000 0.148617 102.165661 0.000000 -0.002189 -0.043782 
104 4.543880 0.000000 -1.031909 103.105851 0.000000 2.233123 -0.063580 
105 4.543880 0.000000 -2.212436 102.994033 0.000000 -1.018876 -0.060881 
106 5.817082 0.000000 -1.031909 102.840552 0.000000 2.513356 -0.058250 
107 4.543880 0.000000 0.148617 103.862145 0.000000 0.699496 -0.078783 
108 2.634078 0.000000 -0.441646 106.710775 0.000000 2.091628 -0.139156 
109 2.634078 0.000000 -1.031909 108.471664 0.000000 1.083876 -0.176728 
110 3.270679 0.000000 -0.441646 104.284019 0.000000 2.089120 -0.087952 
111 2.634078 0.000000 0.148617 99.198149 0.000000 0.431336 0.015954 
112 -27.286163 0.000000 9.592831 99.734385 0.000000 -7.010254 0.000391 
113 -37.471777 0.000000 9.592831 99.746937 0.000000 -6.996942 0.000159 
114 -27.286163 0.000000 19.037044 99.724958 0.000000 -6.994915 0.000600 
115 -12.007742 0.000000 4.870724 99.657574 0.000000 -7.129446 0.001754 
116 -17.100549 0.000000 4.870724 99.715730 0.000000 -7.060760 0.000692 
117 -12.007742 0.000000 9.592831 99.627435 0.000000 -7.052274 0.002464 
118 -4.368532 0.000000 2.509671 99.346127 0.000000 -7.514227 0.007388 
119 -6.914935 0.000000 2.509671 99.574279 0.000000 -7.319175 0.003139 
120 -4.368532 0.000000 4.870724 99.241671 0.000000 -7.255409 0.009845 
121 -0.548927 0.000000 1.329144 97.259765 0.000000 -8.056376 0.047563 
122 -1.822128 0.000000 1.329144 98.748706 0.000000 -8.219943 0.018113 
123 -0.548927 0.000000 2.509671 97.872325 0.000000 -7.517124 0.036450 
124 1.360876 0.000000 0.738881 110.451734 0.000000 -0.541529 -0.219988 
125 0.724275 0.000000 0.738881 97.835371 0.000000 -9.094978 0.034552 
126 1.997477 0.000000 0.738881 110.125054 0.000000 0.539326 -0.212782 
127 1.360876 0.000000 1.329144 95.769813 0.000000 -7.254914 0.077551 
128 1.679176 0.000000 -0.146514 97.238786 0.000000 0.082287 0.054461 
129 1.360876 0.000000 -0.146514 102.233828 0.000000 -0.006689 -0.045176 
130 1.679176 0.000000 -0.441646 109.987478 0.000000 0.324138 -0.209735 
131 1.997477 0.000000 -0.146514 102.302144 0.000000 -0.151435 -0.046575 
132 1.679176 0.000000 0.148617 97.040890 0.000000 0.087470 0.058306 
133 4.543880 0.000000 1.329144 96.847705 0.000000 -3.057132 0.061118 
134 5.817082 0.000000 1.329144 98.100777 0.000000 -3.255084 0.036564 
135 4.543880 0.000000 2.509671 97.264535 0.000000 -3.762206 0.052546 
136 2.634078 0.000000 0.738881 108.452128 0.000000 1.079454 -0.176303 
137 3.270679 0.000000 0.738881 104.245415 0.000000 2.449671 -0.087311 
138 2.634078 0.000000 1.329144 94.630220 0.000000 -5.161028 0.101849 
139 2.315777 0.000000 -0.146514 103.022891 0.000000 1.439677 -0.061579 
140 2.315777 0.000000 -0.441646 112.022106 0.000000 1.950465 -0.255276 
141 2.634078 0.000000 -0.146514 101.110987 0.000000 1.279730 -0.022507 
142 2.315777 0.000000 0.148617 97.262982 0.000000 0.327777 0.053980 
143 3.907279 0.000000 -0.441646 102.853204 0.000000 2.066641 -0.058305 
144 3.907279 0.000000 -1.031909 102.930458 0.000000 2.125290 -0.059920 
145 4.543880 0.000000 -0.441646 103.214818 0.000000 2.181422 -0.065806 
146 3.907279 0.000000 0.148617 101.167648 0.000000 0.735937 -0.023543 
147 2.952378 0.000000 -0.146514 100.556908 0.000000 0.998199 -0.011269 
148 2.952378 0.000000 -0.441646 105.168887 0.000000 1.853970 -0.106393 
149 3.270679 0.000000 -0.146514 101.054574 0.000000 1.012764 -0.021305 
150 2.952378 0.000000 0.148617 99.726528 0.000000 0.449466 0.005442 
151 3.907279 0.000000 0.738881 102.933299 0.000000 2.127096 -0.059979 
152 4.543880 0.000000 0.738881 103.104994 0.000000 2.233344 -0.063563 
153 3.907279 0.000000 1.329144 95.992458 0.000000 -3.359814 0.077416 
154 3.588979 0.000000 -0.146514 101.251012 0.000000 0.996019 -0.025276 
155 3.588979 0.000000 -0.441646 103.202573 0.000000 2.168117 -0.065547 
156 3.907279 0.000000 -0.146514 101.498712 0.000000 0.980976 -0.030295 
157 3.588979 0.000000 0.148617 100.920545 0.000000 0.706971 -0.018546 
158 33.827521 0.000000 -9.295596 99.880940 0.000000 -5.410477 -0.000548 
159 33.827521 0.000000 -18.739809 99.816601 0.000000 -6.492948 -0.000551 
160 44.013134 0.000000 -9.295596 99.884466 0.000000 -5.229481 -0.000425 
161 33.827521 0.000000 0.148617 99.971656 0.000000 -3.785574 -0.000866 
162 18.549100 0.000000 -4.573489 100.053292 0.000000 -3.442364 -0.002251 
163 18.549100 0.000000 -9.295596 99.948638 0.000000 -5.596812 -0.002105 
164 23.641907 0.000000 -4.573489 100.055109 0.000000 -2.978849 -0.001990 
165 18.549100 0.000000 0.148617 99.549398 0.000000 -9.380184 0.000193 
166 10.909889 0.000000 -2.212436 100.943648 0.000000 5.659511 -0.022165 
167 10.909889 0.000000 -4.573489 100.307363 0.000000 -3.814936 -0.007612 
168 13.456293 0.000000 -2.212436 100.645320 0.000000 7.111237 -0.018005 
169 10.909889 0.000000 0.148617 98.958148 0.000000 -3.946894 0.019171 
170 7.090284 0.000000 -1.031909 101.952664 0.000000 6.601976 -0.043793 
171 7.090284 0.000000 -2.212436 101.656607 0.000000 1.550379 -0.033647 
172 8.363486 0.000000 -1.031909 101.468445 0.000000 3.935109 -0.031133 
173 7.090284 0.000000 0.148617 100.528458 0.000000 5.589739 -0.013722 
174 5.180481 0.000000 -0.441646 103.185163 0.000000 2.329882 -0.065261 
175 5.180481 0.000000 -1.031909 103.244283 0.000000 2.385550 -0.066507 
176 5.817082 0.000000 -0.441646 99.886079 0.000000 0.557050 0.002246 
177 5.180481 0.000000 0.148617 108.614622 0.000000 0.527432 -0.179741 
178 33.827521 0.000000 9.592831 99.795172 0.000000 -6.009486 0.000481 
179 44.013134 0.000000 9.592831 99.803809 0.000000 -6.102723 0.000196 
180 33.827521 0.000000 19.037044 99.745648 0.000000 -6.617068 0.000702 
181 18.549100 0.000000 4.870724 99.797998 0.000000 -4.736849 0.001792 
182 23.641907 0.000000 4.870724 99.846737 0.000000 -4.889735 0.000672 
183 18.549100 0.000000 9.592831 99.696624 0.000000 -5.830174 0.002659 
184 10.909889 0.000000 2.509671 99.513705 0.000000 -3.534502 0.008453 
185 13.456293 0.000000 2.509671 99.748722 0.000000 -3.647874 0.003689 
186 10.909889 0.000000 4.870724 99.438480 0.000000 -4.484877 0.009187 
187 7.090284 0.000000 1.329144 98.912490 0.000000 -3.837292 0.020159 
188 8.363486 0.000000 1.329144 99.338368 0.000000 -4.739239 0.010943 
189 7.090284 0.000000 2.509671 98.692670 0.000000 -3.377841 0.024835 
190 5.180481 0.000000 0.738881 103.244663 0.000000 2.385074 -0.066515 
191 5.817082 0.000000 0.738881 102.840585 0.000000 2.513358 -0.058250 
192 5.180481 0.000000 1.329144 97.560071 0.000000 -3.079773 0.047255 
193 4.862181 0.000000 -0.146514 105.732793 0.000000 0.697081 -0.117991 
194 4.543880 0.000000 -0.146514 103.787409 0.000000 1.199805 -0.077327 
195 4.862181 0.000000 -0.441646 103.128239 0.000000 2.274186 -0.064061 
196 5.180481 0.000000 -0.146514 109.079043 0.000000 0.499746 -0.189849 
197 4.862181 0.000000 0.148617 105.778142 0.000000 0.665304 -0.118946 
198 6.453683 0.000000 -0.441646 98.645902 0.000000 -0.000000 0.026899 
199 6.453683 0.000000 -1.031909 102.719313 0.000000 7.866480 -0.061314 
200 7.090284 0.000000 -0.441646 99.803863 0.000000 -3.207779 0.002890 
201 6.453683 0.000000 0.148617 98.792163 0.000000 -0.000000 0.024011 
202 13.456293 0.000000 -28.184022 99.844507 0.000000 -6.812354 -0.001533 
203 3.270679 0.000000 -28.184022 99.859007 0.000000 -6.875859 -0.001910 
204 13.456293 0.000000 -37.628235 99.810451 0.000000 -6.888910 -0.000958 
205 23.641907 0.000000 -28.184022 99.818198 0.000000 -6.775199 -0.000958 
206 8.363486 0.000000 -14.017702 100.080285 0.000000 -6.417007 -0.005724 
207 3.270679 0.000000 -14.017702 100.133222 0.000000 -6.626385 -0.007057 
208 8.363486 0.000000 -18.739809 99.959715 0.000000 -6.661226 -0.003632 
209 13.456293 0.000000 -14.017702 99.980941 0.000000 -6.300791 -0.003589 
210 5.817082 0.000000 -6.934543 100.711797 0.000000 -5.488421 -0.017299 
211 3.270679 0.000000 -6.934543 100.917279 0.000000 -5.995563 -0.022024 
212 5.817082 0.000000 -9.295596 100.418523 0.000000 -6.027594 -0.012021 
213 8.363486 0.000000 -6.934543 100.438142 0.000000 -5.207256 -0.011494 
214 4.543880 0.000000 -3.392963 102.048014 0.000000 -3.741141 -0.042779 
215 3.270679 0.000000 -3.392963 102.504109 0.000000 -4.659690 -0.052881 
216 4.543880 0.000000 -4.573489 101.491071 0.000000 -4.774448 -0.032323 
217 5.817082 0.000000 -3.392963 101.517639 0.000000 -3.164469 -0.031584 
218 5.180481 0.000000 -1.622173 103.417773 0.000000 4.120813 -0.071222 
219 4.543880 0.000000 -1.622173 103.980280 0.000000 2.729905 -0.081935 
220 5.180481 0.000000 -2.212436 102.530964 0.000000 -0.301900 -0.051269 
221 5.817082 0.000000 -1.622173 102.990687 0.000000 5.315930 -0.063534 
222 4.862181 0.000000 -0.736778 103.121214 0.000000 2.264094 -0.063911 
223 4.543880 0.000000 -0.736778 103.037555 0.000000 2.220573 -0.062167 
224 4.862181 0.000000 -1.031909 103.191836 0.000000 2.301644 -0.065385 
225 5.180481 0.000000 -0.736778 103.186836 0.000000 2.321562 -0.065291 
226 5.498782 0.000000 -0.146514 108.122789 0.000000 0.297313 -0.169063 
227 5.498782 0.000000 -0.441646 100.866647 0.000000 1.000011 -0.017508 
228 5.817082 0.000000 -0.146514 99.510789 0.000000 0.312015 0.009751 
229 5.498782 0.000000 0.148617 108.122023 0.000000 0.287273 -0.169045 
230 5.021331 0.000000 -0.294080 103.684322 0.000000 1.644700 -0.075314 
231 4.862181 0.000000 -0.294080 103.243486 0.000000 2.473918 -0.066534 
232 5.021331 0.000000 -0.441646 103.189928 0.000000 2.324963 -0.065357 
233 5.180481 0.000000 -0.294080 103.106075 0.000000 1.402536 -0.063283 
234 5.021331 0.000000 -0.146514 103.646043 0.000000 1.033911 -0.074357 
235 4.225580 0.000000 -0.146514 101.285188 0.000000 0.972904 -0.025964 
236 4.225580 0.000000 -0.441646 102.976638 0.000000 2.056397 -0.060842 
237 4.225580 0.000000 0.148617 100.747674 0.000000 0.714227 -0.015060 
238 4.703031 0.000000 -0.294080 104.190711 0.000000 2.187476 -0.086049 
239 4.543880 0.000000 -0.294080 103.438041 0.000000 2.243720 -0.070446 
240 4.703031 0.000000 -0.441646 103.127976 0.000000 2.259442 -0.064048 
241 4.703031 0.000000 -0.146514 105.520696 0.000000 1.464247 -0.113676 
242 4.862181 0.000000 0.443749 103.119919 0.000000 2.262805 -0.063884 
243 4.543880 0.000000 0.443749 103.112847 0.000000 2.236842 -0.063726 
244 5.180481 0.000000 0.443749 103.186894 0.000000 2.320347 -0.065292 
245 4.862181 0.000000 0.738881 103.191396 0.000000 2.301121 -0.065376 
246 5.021331 0.000000 0.001052 105.197604 0.000000 0.333792 -0.106665 
247 4.862181 0.000000 0.001052 106.189351 0.000000 0.546020 -0.127648 
248 5.180481 0.000000 0.001052 109.577599 0.000000 0.378592 -0.200739 
249 5.021331 0.000000 0.148617 103.700636 0.000000 0.971774 -0.075477 
250 4.941756 0.000000 -0.220297 103.467998 0.000000 2.064140 -0.070989 
251 4.862181 0.000000 -0.220297 103.929658 0.000000 2.134799 -0.080593 
252 4.941756 0.000000 -0.294080 103.108918 0.000000 2.302020 -0.063675 
253 5.021331 0.000000 -0.220297 103.120072 0.000000 1.862311 -0.063722 
254 4.941756 0.000000 -0.146514 105.445072 0.000000 0.763292 -0.111925 
255 4.703031 0.000000 0.001052 109.542536 0.000000 0.156126 -0.199959 
256 4.543880 0.000000 0.001052 103.980538 0.000000 0.574600 -0.081228 
257 4.703031 0.000000 0.148617 106.338953 0.000000 1.032772 -0.130904 
258 4.782606 0.000000 -0.220297 104.201130 0.000000 2.038989 -0.086203 
259 4.703031 0.000000 -0.220297 104.445437 0.000000 1.978702 -0.091276 
260 4.782606 0.000000 -0.294080 104.049244 0.000000 2.257999 -0.083134 
261 4.782606 0.000000 -0.146514 105.607694 0.000000 1.234683 -0.115451 
262 -6.914935 0.000000 -28.184022 99.842054 0.000000 -6.938854 -0.001658 
263 -17.100549 0.000000 -28.184022 99.811767 0.000000 -6.972086 -0.001100 
264 -6.914935 0.000000 -37.628235 99.809112 0.000000 -6.946812 -0.001012 
265 -1.822128 0.000000 -14.017702 100.086885 0.000000 -6.848411 -0.006429 
266 -6.914935 0.000000 -14.017702 99.981177 0.000000 -6.974535 -0.004488 
267 -1.822128 0.000000 -18.739809 99.958096 0.000000 -6.871233 -0.003883 
268 0.724275 0.000000 -6.934543 100.815401 0.000000 -6.579981 -0.020704 
269 -1.822128 0.000000 -6.934543 100.518251 0.000000 -6.959044 -0.015235 
270 0.724275 0.000000 -9.295596 100.456514 0.000000 -6.627954 -0.013544 
271 1.997477 0.000000 -3.392963 102.531829 0.000000 -5.818568 -0.054663 
272 0.724275 0.000000 -3.392963 102.037493 0.000000 -6.756490 -0.045730 
273 1.997477 0.000000 -4.573489 101.723211 0.000000 -6.030228 -0.038398 
274 2.634078 0.000000 -1.622173 105.740331 0.000000 -2.508435 -0.118731 
275 1.997477 0.000000 -1.622173 105.493821 0.000000 -4.689726 -0.115094 
276 2.634078 0.000000 -2.212436 104.199424 0.000000 -4.051997 -0.087394 
277 3.270679 0.000000 -1.622173 105.274379 0.000000 -0.513972 -0.108296 
278 2.315777 0.000000 -0.736778 108.832712 0.000000 0.940788 -0.184544 
279 1.997477 0.000000 -0.736778 109.455581 0.000000 0.664667 -0.198097 
280 2.315777 0.000000 -1.031909 109.332664 0.000000 0.843770 -0.195434 
281 2.634078 0.000000 -0.736778 108.048957 0.000000 1.175784 -0.167596 
282 2.156627 0.000000 -0.294080 113.812763 0.000000 0.856862 -0.295408 
283 1.997477 0.000000 -0.294080 110.441951 0.000000 -0.512864 -0.219769 
284 2.156627 0.000000 -0.441646 109.039020 0.000000 0.815753 -0.189017 
285 2.315777 0.000000 -0.294080 112.461331 0.000000 2.783254 -0.265530 
286 2.156627 0.000000 -0.146514 105.920140 0.000000 0.754303 -0.121965 
287 1.360876 0.000000 -1.622173 104.371593 0.000000 -6.266556 -0.093270 
288 0.724275 0.000000 -1.622173 103.326629 0.000000 -6.909275 -0.072413 
289 1.360876 0.000000 -2.212436 103.512177 0.000000 -6.326161 -0.075479 
290 1.679176 0.000000 -0.736778 110.021517 0.000000 0.379800 -0.210488 
291 1.360876 0.000000 -0.736778 110.573937 0.000000 0.015050 -0.222660 
292 1.679176 0.000000 -1.031909 110.752870 0.000000 0.091535 -0.226621 
293 1.838327 0.000000 -0.294080 105.290746 0.000000 -0.596322 -0.108650 
294 1.679176 0.000000 -0.294080 103.453694 0.000000 0.217598 -0.070271 
295 1.838327 0.000000 -0.441646 109.462697 0.000000 0.537305 -0.198237 
296 1.838327 0.000000 -0.146514 95.065756 0.000000 0.171070 0.096247 
297 0.087674 0.000000 -0.441646 107.668870 0.000000 -5.461544 -0.162241 
298 -0.548927 0.000000 -0.441646 103.518939 0.000000 -11.178192 -0.084112 
299 0.087674 0.000000 -1.031909 103.702496 0.000000 -6.844050 -0.080105 
300 0.087674 0.000000 0.148617 112.250097 0.000000 -0.000000 -0.260008 
301 1.042576 0.000000 -0.146514 104.365130 0.000000 -0.135336 -0.089210 
302 0.724275 0.000000 -0.146514 103.974152 0.000000 -0.155832 -0.081065 
303 1.042576 0.000000 -0.441646 110.260621 0.000000 -0.577666 -0.215774 
304 1.042576 0.000000 0.148617 104.335630 0.000000 -0.131005 -0.088594 
305 1.520026 0.000000 -0.294080 106.291125 0.000000 0.194290 -0.129784 
306 1.360876 0.000000 -0.294080 106.178594 0.000000 -0.018550 -0.127389 
307 1.520026 0.000000 -0.441646 109.932294 0.000000 0.300420 -0.208520 
308 1.520026 0.000000 -0.146514 99.283843 0.000000 0.079861 0.014271 
309 1.679176 0.000000 0.443749 110.033010 0.000000 0.399868 -0.210742 
310 1.360876 0.000000 0.443749 110.603133 0.000000 0.028154 -0.223305 
311 1.997477 0.000000 0.443749 109.434020 0.000000 0.682496 -0.197627 
312 1.679176 0.000000 0.738881 110.776357 0.000000 0.104077 -0.227141 
313 1.838327 0.000000 0.001052 92.265265 0.000000 0.107776 0.148711 
314 1.679176 0.000000 0.001052 95.765055 0.000000 0.064869 0.082905 
315 1.997477 0.000000 0.001052 93.162134 0.000000 0.145498 0.132080 
316 1.838327 0.000000 0.148617 96.218662 0.000000 0.213537 0.074192 
317 1.758752 0.000000 -0.220297 99.276717 0.000000 0.257550 0.014407 
318 1.679176 0.000000 -0.220297 101.519830 0.000000 0.157534 -0.030630 
319 1.758752 0.000000 -0.294080 103.330603 0.000000 0.352403 -0.067734 
320 1.838327 0.000000 -0.220297 103.447584 0.000000 -0.594836 -0.070176 
321 1.758752 0.000000 -0.146514 97.739716 0.000000 0.191192 0.044691 
322 1.838327 0.000000 -0.589212 109.447084 0.000000 0.565139 -0.197898 
323 1.679176 0.000000 -0.589212 110.004366 0.000000 0.349746 -0.210108 
324 1.838327 0.000000 -0.736778 110.083446 0.000000 0.425096 -0.211855 
325 1.997477 0.000000 -0.589212 109.492599 0.000000 0.639664 -0.198904 
326 1.758752 0.000000 -0.367863 110.020918 0.000000 0.335746 -0.210472 
327 1.679176 0.000000 -0.367863 109.980657 0.000000 0.314568 -0.209584 
328 1.758752 0.000000 -0.441646 110.026162 0.000000 0.345283 -0.210588 
329 1.838327 0.000000 -0.367863 109.467912 0.000000 0.526810 -0.198350 
330 1.917902 0.000000 -0.220297 105.656211 0.000000 -0.773380 -0.116383 
331 1.917902 0.000000 -0.294080 107.144043 0.000000 -0.796013 -0.148048 
332 1.997477 0.000000 -0.220297 108.722303 0.000000 -0.573864 -0.182087 
333 1.917902 0.000000 -0.146514 98.053980 0.000000 -0.150021 0.038539 
334 1.798539 0.000000 -0.257189 104.848414 0.000000 -0.947946 -0.099409 
335 1.758752 0.000000 -0.257189 102.752775 0.000000 0.337718 -0.055825 
336 1.798539 0.000000 -0.294080 103.399798 0.000000 0.363382 -0.069165 
337 1.838327 0.000000 -0.257189 105.136630 0.000000 -0.986964 -0.105469 
338 1.798539 0.000000 -0.220297 99.347372 0.000000 0.266109 0.013003 
339 1.917902 0.000000 -0.367863 109.503120 0.000000 0.564092 -0.199125 
340 1.917902 0.000000 -0.441646 109.494948 0.000000 0.573720 -0.198947 
341 1.997477 0.000000 -0.367863 110.092352 0.000000 -0.298741 -0.212042 
342 1.878114 0.000000 -0.257189 106.531274 0.000000 -1.147237 -0.135023 
343 1.878114 0.000000 -0.294080 106.632015 0.000000 -0.820941 -0.137106 
344 1.917902 0.000000 -0.257189 106.106047 0.000000 -0.836111 -0.125919 
345 1.878114 0.000000 -0.220297 104.522780 0.000000 -0.810076 -0.092567 
346 1.520026 0.000000 0.001052 98.599192 0.000000 0.055898 0.027820 
347 1.360876 0.000000 0.001052 101.461095 0.000000 -0.003831 -0.029435 
348 1.520026 0.000000 0.148617 99.134051 0.000000 0.085514 0.017243 
349 1.758752 0.000000 -0.072731 95.077403 0.000000 0.123600 0.096027 
350 1.679176 0.000000 -0.072731 96.291928 0.000000 0.070233 0.072786 
351 1.838327 0.000000 -0.072731 93.576500 0.000000 0.137089 0.124342 
352 1.758752 0.000000 0.001052 92.058322 0.000000 0.047051 0.152526 
353 1.798539 0.000000 -0.183406 98.575152 0.000000 0.248160 0.028288 
354 1.758752 0.000000 -0.183406 98.517025 0.000000 0.240346 0.029434 
355 1.838327 0.000000 -0.183406 102.095207 0.000000 -0.395980 -0.042359 
356 1.798539 0.000000 -0.146514 97.646406 0.000000 0.227128 0.046513 
357 1.818433 0.000000 -0.238743 104.471144 0.000000 -1.010833 -0.091524 
358 1.798539 0.000000 -0.238743 104.069346 0.000000 -0.890768 -0.083122 
359 1.818433 0.000000 -0.257189 104.940958 0.000000 -1.085290 -0.101378 
360 1.838327 0.000000 -0.238743 104.449446 0.000000 -0.937289 -0.091057 
361 1.818433 0.000000 -0.220297 103.917464 0.000000 -0.844479 -0.079955 
362 6.453683 0.000000 0.738881 98.977459 0.000000 -4.929442 0.017916 
363 7.090284 0.000000 0.738881 99.253962 0.000000 -5.576525 0.011755 
364 6.453683 0.000000 1.329144 98.541233 0.000000 -3.507183 0.027733 
365 6.135383 0.000000 -0.146514 98.973921 0.000000 0.109630 0.020415 
366 6.135383 0.000000 -0.441646 99.341194 0.000000 0.389233 0.013118 
367 6.453683 0.000000 -0.146514 98.792189 0.000000 -0.000000 0.024010 
368 6.135383 0.000000 0.148617 98.970289 0.000000 0.107317 0.020487 
369 9.636687 0.000000 -1.031909 109.627913 0.000000 9.862009 -0.211554 
370 9.636687 0.000000 -2.212436 101.261303 0.000000 4.278355 -0.027216 
371 10.909889 0.000000 -1.031909 100.001118 0.000000 -2.768412 -0.000789 
372 9.636687 0.000000 0.148617 98.827198 0.000000 -6.190410 0.019486 
373 7.726885 0.000000 -0.441646 100.259420 0.000000 0.865411 -0.005270 
374 7.726885 0.000000 -1.031909 101.491541 0.000000 5.145437 -0.032701 
375 8.363486 0.000000 -0.441646 107.238158 0.000000 8.547236 -0.157308 
376 7.726885 0.000000 0.148617 101.087788 0.000000 3.070945 -0.022817 
377 6.771983 0.000000 -0.146514 98.877444 0.000000 -0.000000 0.022325 
378 6.771983 0.000000 -0.441646 100.152948 0.000000 -4.567775 -0.005148 
379 7.090284 0.000000 -0.146514 102.174150 0.000000 44.556657 -0.242485 
380 6.771983 0.000000 0.148617 98.877385 0.000000 -0.000000 0.022326 
381 6.135383 0.000000 0.443749 98.700029 0.000000 0.000000 0.025830 
382 5.817082 0.000000 0.443749 100.126431 0.000000 0.699879 -0.002579 
383 6.453683 0.000000 0.443749 98.645893 0.000000 -0.000000 0.026899 
384 6.135383 0.000000 0.738881 98.754019 0.000000 -4.581028 0.022666 
385 6.294533 0.000000 0.001052 98.560646 0.000000 0.000000 0.028580 
386 6.135383 0.000000 0.001052 98.776505 0.000000 0.027521 0.024320 
387 6.294533 0.000000 -0.146514 98.777387 0.000000 -0.000000 0.024303 
388 6.453683 0.000000 0.001052 101.086852 0.000000 -0.000000 -0.021855 
389 6.294533 0.000000 0.148617 98.777468 0.000000 -0.000000 0.024301 
390 7.090284 0.000000 -3.392963 101.085075 0.000000 -2.802311 -0.022605 
391 7.090284 0.000000 -4.573489 100.865769 0.000000 -4.134167 -0.019099 
392 8.363486 0.000000 -3.392963 100.781266 0.000000 -2.514299 -0.016319 
393 6.453683 0.000000 -1.622173 102.665778 0.000000 6.361733 -0.058073 
394 6.453683 0.000000 -2.212436 101.879218 0.000000 0.949353 -0.038028 
395 7.090284 0.000000 -1.622173 102.335987 0.000000 7.138505 -0.052361 
396 6.135383 0.000000 -0.736778 102.573493 0.000000 5.693784 -0.055374 
397 5.817082 0.000000 -0.736778 103.136751 0.000000 2.510490 -0.064349 
398 6.135383 0.000000 -1.031909 103.111625 0.000000 8.346829 -0.070168 
399 6.453683 0.000000 -0.736778 102.085575 0.000000 4.909274 -0.044557 
400 6.294533 0.000000 -0.294080 98.776705 0.000000 -0.000000 0.024316 
401 6.135383 0.000000 -0.294080 98.963932 0.000000 0.150647 0.020612 
402 6.294533 0.000000 -0.441646 98.649478 0.000000 -0.000000 0.026828 
403 6.453683 0.000000 -0.294080 98.790393 0.000000 -0.000000 0.024046 
404 9.636687 0.000000 1.329144 99.276143 0.000000 -4.828239 0.012094 
405 10.909889 0.000000 1.329144 99.422066 0.000000 -4.417547 0.009574 
406 9.636687 0.000000 2.509671 99.330837 0.000000 -3.492470 0.012119 
407 7.726885 0.000000 0.738881 99.522912 0.000000 -6.115004 0.005780 
408 8.363486 0.000000 0.738881 99.687725 0.000000 -6.950707 0.001405 
409 7.726885 0.000000 1.329144 99.207428 0.000000 -4.264603 0.013970 
410 6.771983 0.000000 0.443749 99.625169 0.000000 -5.390701 0.004577 
411 7.090284 0.000000 0.443749 99.724493 0.000000 -6.104846 0.001776 
412 6.771983 0.000000 0.738881 99.143980 0.000000 -5.285794 0.014253 
413 6.612833 0.000000 0.001052 98.820317 0.000000 -0.000000 0.023454 
414 6.612833 0.000000 -0.146514 98.816581 0.000000 -0.000000 0.023528 
415 6.771983 0.000000 0.001052 98.879711 0.000000 -0.000000 0.022280 
416 6.612833 0.000000 0.148617 98.816489 0.000000 -0.000000 0.023530 
417 6.374108 0.000000 -0.072731 98.784519 0.000000 -0.000000 0.024162 
418 6.294533 0.000000 -0.072731 98.774923 0.000000 -0.000000 0.024351 
419 6.374108 0.000000 -0.146514 98.780970 0.000000 -0.000000 0.024232 
420 6.453683 0.000000 -0.072731 98.792963 0.000000 -0.000000 0.023995 
421 6.374108 0.000000 0.001052 98.575091 0.000000 0.000000 0.028295 
422 6.771983 0.000000 -0.736778 101.550107 0.000000 3.928391 -0.032786 
423 6.771983 0.000000 -1.031909 102.311325 0.000000 7.274889 -0.052053 
424 7.090284 0.000000 -0.736778 101.094602 0.000000 2.731936 -0.022758 
425 6.612833 0.000000 -0.294080 98.826183 0.000000 -0.000000 0.023339 
426 6.612833 0.000000 -0.441646 99.085328 0.000000 -0.000000 0.018210 
427 6.771983 0.000000 -0.294080 99.090328 0.000000 -0.000000 0.018111 
428 6.533258 0.000000 -0.072731 98.805059 0.000000 -0.000000 0.023756 
429 6.533258 0.000000 -0.146514 98.802777 0.000000 -0.000000 0.023801 
430 6.612833 0.000000 -0.072731 98.819285 0.000000 -0.000000 0.023475 
431 6.533258 0.000000 0.001052 98.805953 0.000000 -0.000000 0.023738 
432 6.294533 0.000000 0.296183 98.776770 0.000000 -0.000000 0.024315 
433 6.135383 0.000000 0.296183 98.837808 0.000000 0.075342 0.023108 
434 6.453683 0.000000 0.296183 98.790367 0.000000 -0.000000 0.024046 
435 6.294533 0.000000 0.443749 98.649492 0.000000 -0.000000 0.026828 
436 6.374108 0.000000 0.074834 98.784547 0.000000 -0.000000 0.024161 
437 6.294533 0.000000 0.074834 98.774978 0.000000 -0.000000 0.024350 
438 6.453683 0.000000 0.074834 98.792946 0.000000 -0.000000 0.023995 
439 6.374108 0.000000 0.148617 98.781005 0.000000 -0.000000 0.024231 
440 6.413895 0.000000 -0.035840 98.786343 0.000000 -0.000000 0.024126 
441 6.374108 0.000000 -0.035840 98.672034 0.000000 0.000000 0.026383 
442 6.413895 0.000000 -0.072731 98.786404 0.000000 -0.000000 0.024125 
443 6.453683 0.000000 -0.035840 101.525555 0.000000 -0.000000 -0.030744 
444 6.413895 0.000000 0.001052 98.552039 0.000000 -0.000000 0.028750 
445 6.612833 0.000000 0.296183 98.826099 0.000000 -0.000000 0.023340 
446 6.771983 0.000000 0.296183 99.090300 0.000000 -0.000000 0.018111 
447 6.612833 0.000000 0.443749 99.085328 0.000000 -0.000000 0.018210 
448 6.533258 0.000000 0.074834 98.805009 0.000000 -0.000000 0.023757 
449 6.612833 0.000000 0.074834 98.819227 0.000000 -0.000000 0.023476 
450 6.533258 0.000000 0.148617 98.802700 0.000000 -0.000000 0.023803 
451 6.493471 0.000000 -0.035840 101.605432 0.000000 -0.000000 -0.032366 
452 6.493471 0.000000 -0.072731 98.799667 0.000000 -0.000000 0.023863 
453 6.533258 0.000000 -0.035840 98.805728 0.000000 -0.000000 0.023743 
454 6.493471 0.000000 0.001052 101.858949 0.000000 -0.000000 -0.037525 
455 6.413895 0.000000 0.037943 98.786346 0.000000 -0.000000 0.024126 
456 6.374108 0.000000 0.037943 98.674238 0.000000 0.000000 0.026339 
457 6.453683 0.000000 0.037943 101.505150 0.000000 -0.000000 -0.030330 
458 6.413895 0.000000 0.074834 98.786408 0.000000 -0.000000 0.024125 
459 6.433789 0.000000 -0.017394 100.751973 0.000000 -0.000000 -0.015096 
460 6.413895 0.000000 -0.017394 98.587116 0.000000 -0.000000 0.028058 
461 6.433789 0.000000 -0.035840 100.658487 0.000000 -0.000000 -0.013213 
462 6.453683 0.000000 -0.017394 101.694168 0.000000 -0.000000 -0.034170 
463 6.433789 0.000000 0.001052 100.196251 0.000000 -0.000000 -0.003929 
464 5.976232 0.000000 0.001052 98.977403 0.000000 0.091933 0.020347 
465 5.817082 0.000000 0.001052 98.910374 0.000000 0.009646 0.021674 
466 5.976232 0.000000 -0.146514 99.187880 0.000000 0.202124 0.016172 
467 5.976232 0.000000 0.148617 99.098559 0.000000 0.155589 0.017945 
468 6.214958 0.000000 -0.072731 98.804782 0.000000 0.037050 0.023761 
469 6.135383 0.000000 -0.072731 98.895700 0.000000 0.071192 0.021964 
470 6.214958 0.000000 -0.146514 98.872199 0.000000 0.056439 0.022429 
471 6.214958 0.000000 0.001052 98.686035 0.000000 0.004911 0.026107 
472 6.334320 0.000000 -0.035840 98.622443 0.000000 0.000000 0.027361 
473 6.294533 0.000000 -0.035840 98.651346 0.000000 -0.000000 0.026791 
474 6.334320 0.000000 -0.072731 98.779202 0.000000 -0.000000 0.024267 
475 6.334320 0.000000 0.001052 98.565583 0.000000 0.000000 0.028483 
476 5.498782 0.000000 0.443749 100.619903 0.000000 0.878631 -0.012514 
477 5.498782 0.000000 0.738881 103.142055 0.000000 2.510353 -0.064459 
478 5.657932 0.000000 0.001052 99.780888 0.000000 0.039791 0.004377 
479 5.498782 0.000000 0.001052 101.877906 0.000000 0.051235 -0.037911 
480 5.657932 0.000000 -0.146514 99.646850 0.000000 0.365008 0.007037 
481 5.657932 0.000000 0.148617 99.628564 0.000000 0.354033 0.007402 
482 5.976232 0.000000 -0.294080 99.344963 0.000000 0.301472 0.013049 
483 5.817082 0.000000 -0.294080 99.678119 0.000000 0.397113 0.006411 
484 5.976232 0.000000 -0.441646 99.778907 0.000000 0.576208 0.004384 
485 5.896657 0.000000 -0.072731 99.150628 0.000000 0.159637 0.016913 
486 5.817082 0.000000 -0.072731 99.278891 0.000000 0.199148 0.014366 
487 5.896657 0.000000 -0.146514 99.295743 0.000000 0.232175 0.014030 
488 5.976232 0.000000 -0.072731 99.029687 0.000000 0.121305 0.019311 
489 5.896657 0.000000 0.001052 98.996359 0.000000 0.080171 0.019971 
490 5.498782 0.000000 -0.736778 103.227311 0.000000 2.465661 -0.066196 
491 5.498782 0.000000 -1.031909 103.233225 0.000000 2.464229 -0.066317 
492 5.657932 0.000000 -0.294080 99.834312 0.000000 0.466388 0.003289 
493 5.498782 0.000000 -0.294080 100.294698 0.000000 0.688562 -0.005950 
494 5.657932 0.000000 -0.441646 100.222479 0.000000 0.669521 -0.004499 
495 5.737507 0.000000 -0.072731 99.356162 0.000000 0.216536 0.012831 
496 5.657932 0.000000 -0.072731 99.609506 0.000000 0.341616 0.007783 
497 5.737507 0.000000 -0.146514 99.600427 0.000000 0.344804 0.007964 
498 5.737507 0.000000 0.001052 99.084277 0.000000 0.068868 0.018230 
499 5.339631 0.000000 0.001052 118.995519 0.000000 0.176577 -0.415996 
500 5.339631 0.000000 -0.146514 108.657195 0.000000 0.488770 -0.180662 
501 5.339631 0.000000 0.148617 108.781444 0.000000 0.444419 -0.183360 
502 5.578357 0.000000 -0.072731 107.427193 0.000000 0.240272 -0.154066 
503 5.498782 0.000000 -0.072731 109.170241 0.000000 0.246917 -0.191820 
504 5.578357 0.000000 -0.146514 103.404471 0.000000 0.403005 -0.069265 
505 5.578357 0.000000 0.001052 102.309439 0.000000 0.081128 -0.046723 
506 5.339631 0.000000 -0.294080 100.977019 0.000000 1.048674 -0.019746 
507 5.339631 0.000000 -0.441646 103.230156 0.000000 2.396675 -0.066221 
508 5.419207 0.000000 -0.072731 111.290110 0.000000 0.273797 -0.238556 
509 5.339631 0.000000 -0.072731 111.978871 0.000000 0.328578 -0.253938 
510 5.419207 0.000000 -0.146514 107.843237 0.000000 0.443775 -0.163036 
511 5.419207 0.000000 0.001052 113.250001 0.000000 0.230387 -0.282562 
512 5.657932 0.000000 0.296183 99.791664 0.000000 0.440613 0.004143 
513 5.498782 0.000000 0.296183 100.230013 0.000000 0.649262 -0.004648 
514 5.817082 0.000000 0.296183 99.537234 0.000000 0.327038 0.009223 
515 5.657932 0.000000 0.443749 100.146172 0.000000 0.622669 -0.002964 
516 5.578357 0.000000 0.074834 107.417346 0.000000 0.236752 -0.153854 
517 5.498782 0.000000 0.074834 109.154178 0.000000 0.243197 -0.191469 
518 5.657932 0.000000 0.074834 99.600794 0.000000 0.336389 0.007957 
519 5.578357 0.000000 0.148617 103.402663 0.000000 0.356870 -0.069224 
520 5.538569 0.000000 -0.035840 108.560451 0.000000 0.219110 -0.178542 
521 5.498782 0.000000 -0.035840 109.622976 0.000000 0.226963 -0.201725 
522 5.538569 0.000000 -0.072731 108.166611 0.000000 0.236483 -0.170007 
523 5.578357 0.000000 -0.035840 105.010078 0.000000 0.155725 -0.102714 
524 5.538569 0.000000 0.001052 102.134853 0.000000 0.065831 -0.043153 
525 5.339631 0.000000 0.296183 100.801962 0.000000 0.958471 -0.016195 
526 5.180481 0.000000 0.296183 103.099830 0.000000 1.338699 -0.063137 
527 5.339631 0.000000 0.443749 103.236371 0.000000 2.391701 -0.066347 
528 5.419207 0.000000 0.074834 111.245350 0.000000 0.269451 -0.237560 
529 5.339631 0.000000 0.074834 112.016905 0.000000 0.303880 -0.254788 
530 5.419207 0.000000 0.148617 107.836384 0.000000 0.427987 -0.162887 
531 5.458994 0.000000 -0.035840 110.502423 0.000000 0.235566 -0.221084 
532 5.419207 0.000000 -0.035840 112.543606 0.000000 0.244920 -0.266612 
533 5.458994 0.000000 -0.072731 109.901933 0.000000 0.255505 -0.207850 
534 5.458994 0.000000 0.001052 110.749084 0.000000 0.227218 -0.226541 
535 5.538569 0.000000 0.037943 108.547652 0.000000 0.217700 -0.178264 
536 5.498782 0.000000 0.037943 109.609486 0.000000 0.225478 -0.201429 
537 5.578357 0.000000 0.037943 105.084755 0.000000 0.156756 -0.104283 
538 5.538569 0.000000 0.074834 108.151595 0.000000 0.233018 -0.169682 
539 5.518675 0.000000 -0.017394 104.423789 0.000000 0.112513 -0.090434 
540 5.498782 0.000000 -0.017394 109.759752 0.000000 0.220807 -0.204725 
541 5.518675 0.000000 -0.035840 109.259229 0.000000 0.225130 -0.193763 
542 5.538569 0.000000 -0.017394 103.046360 0.000000 0.087221 -0.061856 
543 5.518675 0.000000 0.001052 100.936279 0.000000 0.037215 -0.018813 
544 16.002696 0.000000 -2.212436 100.875133 0.000000 8.796188 -0.025317 
545 16.002696 0.000000 -4.573489 100.075392 0.000000 -3.605658 -0.002808 
546 18.549100 0.000000 -2.212436 101.260323 0.000000 14.451914 -0.046251 
547 16.002696 0.000000 0.148617 99.236691 0.000000 -13.503762 -0.003027 
548 12.183091 0.000000 -1.031909 94.275809 0.000000 -18.139262 0.078304 
549 12.183091 0.000000 -2.212436 100.755487 0.000000 6.610216 -0.019536 
550 13.456293 0.000000 -1.031909 99.143768 0.000000 -7.700426 0.011122 
551 12.183091 0.000000 0.148617 99.554521 0.000000 -4.183482 0.007140 
552 -27.286163 0.000000 -28.184022 99.789058 0.000000 -6.982630 -0.000661 
553 -37.471777 0.000000 -28.184022 99.775821 0.000000 -6.984327 -0.000400 
554 -27.286163 0.000000 -37.628235 99.783941 0.000000 -6.975877 -0.000550 
555 33.827521 0.000000 -28.184022 99.798946 0.000000 -6.756940 -0.000549 
556 33.827521 0.000000 -37.628235 99.788607 0.000000 -6.855619 -0.000477 
557 44.013134 0.000000 -28.184022 99.788166 0.000000 -6.745303 -0.000318 
558 -12.007742 0.000000 -14.017702 99.883648 0.000000 -7.004688 -0.002581 
559 -17.100549 0.000000 -14.017702 99.832785 0.000000 -7.011065 -0.001574 
560 -12.007742 0.000000 -18.739809 99.864220 0.000000 -6.977544 -0.002155 
561 18.549100 0.000000 -14.017702 99.906134 0.000000 -6.249119 -0.002029 
562 18.549100 0.000000 -18.739809 99.875310 0.000000 -6.549919 -0.001798 
563 23.641907 0.000000 -14.017702 99.867202 0.000000 -6.220720 -0.001216 
564 -4.368532 0.000000 -6.934543 100.235763 0.000000 -7.099689 -0.009761 
565 -6.914935 0.000000 -6.934543 100.052552 0.000000 -7.126934 -0.006131 
566 -4.368532 0.000000 -9.295596 100.163634 0.000000 -6.993448 -0.008166 
567 10.909889 0.000000 -6.934543 100.226646 0.000000 -5.083457 -0.007122 
568 10.909889 0.000000 -9.295596 100.152021 0.000000 -5.719053 -0.006313 
569 13.456293 0.000000 -6.934543 100.093513 0.000000 -5.027165 -0.004398 
570 -0.548927 0.000000 -3.392963 101.400435 0.000000 -7.289490 -0.033518 
571 -1.822128 0.000000 -3.392963 100.834879 0.000000 -7.481103 -0.022364 
572 -0.548927 0.000000 -4.573489 101.109437 0.000000 -7.022257 -0.027243 
573 0.087674 0.000000 -1.622173 102.730860 0.000000 -7.411784 -0.060856 
574 -0.548927 0.000000 -1.622173 102.053741 0.000000 -7.989000 -0.047879 
575 0.087674 0.000000 -2.212436 102.291402 0.000000 -7.391509 -0.051817 
576 1.042576 0.000000 -0.736778 108.477119 0.000000 -1.101688 -0.176850 
577 0.724275 0.000000 -0.736778 105.326047 0.000000 -1.216039 -0.109505 
578 1.042576 0.000000 -1.031909 106.393744 0.000000 -1.240848 -0.132117 
579 3.907279 0.000000 -1.622173 104.608013 0.000000 1.186073 -0.094424 
580 3.907279 0.000000 -2.212436 103.488268 0.000000 -1.848601 -0.071324 
581 2.952378 0.000000 -0.736778 107.199976 0.000000 1.338378 -0.149363 
582 2.952378 0.000000 -1.031909 108.085347 0.000000 1.757586 -0.168553 
583 3.270679 0.000000 -0.736778 106.449214 0.000000 2.083533 -0.133578 
584 0.087674 0.000000 0.738881 95.777441 0.000000 -7.428701 0.077150 
585 -0.548927 0.000000 0.738881 96.547704 0.000000 -9.070279 0.059627 
586 0.087674 0.000000 1.329144 96.680842 0.000000 -7.333772 0.059903 
587 1.042576 0.000000 0.443749 108.488614 0.000000 -1.101107 -0.177099 
588 0.724275 0.000000 0.443749 104.930180 0.000000 -1.193302 -0.101177 
589 1.042576 0.000000 0.738881 105.326961 0.000000 -1.216091 -0.109525 
590 2.315777 0.000000 0.443749 108.791373 0.000000 0.946689 -0.183646 
591 2.634078 0.000000 0.443749 108.020066 0.000000 1.170009 -0.166970 
592 2.315777 0.000000 0.738881 109.309292 0.000000 0.848362 -0.194924 
593 2.952378 0.000000 0.443749 107.198305 0.000000 1.327861 -0.149324 
594 3.270679 0.000000 0.443749 105.623893 0.000000 2.338966 -0.116188 
595 2.952378 0.000000 0.738881 108.024369 0.000000 2.120281 -0.167376 
596 2.156627 0.000000 0.001052 93.279108 0.000000 0.173507 0.129898 
597 2.315777 0.000000 0.001052 95.427684 0.000000 0.240536 0.089350 
598 2.156627 0.000000 0.148617 97.506459 0.000000 0.344252 0.049237 
599 3.588979 0.000000 -0.736778 103.822893 0.000000 2.320326 -0.078458 
600 3.588979 0.000000 -1.031909 102.976790 0.000000 2.161958 -0.060889 
601 3.907279 0.000000 -0.736778 103.032715 0.000000 2.247736 -0.062079 
602 4.225580 0.000000 -0.736778 102.963131 0.000000 2.204111 -0.060626 
603 4.225580 0.000000 -1.031909 102.996184 0.000000 2.191102 -0.061301 
604 3.588979 0.000000 0.443749 103.834062 0.000000 2.322611 -0.078691 
605 3.907279 0.000000 0.443749 102.912962 0.000000 2.184812 -0.059585 
606 3.588979 0.000000 0.738881 102.885143 0.000000 2.149242 -0.058997 
607 4.225580 0.000000 0.443749 103.001991 0.000000 2.188733 -0.061420 
608 4.225580 0.000000 0.738881 102.996262 0.000000 2.192554 -0.061304 
609 16.002696 0.000000 -6.934543 100.016236 0.000000 -4.992526 -0.002817 
610 16.002696 0.000000 -9.295596 99.991971 0.000000 -5.622716 -0.003001 
611 18.549100 0.000000 -6.934543 99.978675 0.000000 -4.947797 -0.002022 
612 9.636687 0.000000 -3.392963 100.568937 0.000000 -2.275336 -0.011929 
613 9.636687 0.000000 -4.573489 100.441953 0.000000 -3.886355 -0.010369 
614 10.909889 0.000000 -3.392963 100.412065 0.000000 -2.054492 -0.008680 
615 12.183091 0.000000 -3.392963 100.299558 0.000000 -1.855297 -0.006344 
616 12.183091 0.000000 -4.573489 100.210385 0.000000 -3.761230 -0.005627 
617 13.456293 0.000000 -3.392963 100.235830 0.000000 -1.666294 -0.005000 
618 7.726885 0.000000 -1.622173 102.090057 0.000000 7.593385 -0.048004 
619 7.726885 0.000000 -2.212436 101.480782 0.000000 2.129866 -0.030289 
620 8.363486 0.000000 -1.622173 101.932644 0.000000 7.816232 -0.045136 
621 16.002696 0.000000 2.509671 99.848012 0.000000 -3.787439 0.001603 
622 18.549100 0.000000 2.509671 99.889733 0.000000 -3.902843 0.000681 
623 16.002696 0.000000 4.870724 99.744513 0.000000 -4.654351 0.002937 
624 12.183091 0.000000 1.329144 99.641385 0.000000 -4.056848 0.005514 
625 13.456293 0.000000 1.329144 99.775476 0.000000 -3.842822 0.003009 
626 12.183091 0.000000 2.509671 99.652770 0.000000 -3.579589 0.005651 
627 5.021331 0.000000 0.296183 103.809532 0.000000 1.571654 -0.077889 
628 4.862181 0.000000 0.296183 103.123824 0.000000 2.268119 -0.063967 
629 5.021331 0.000000 0.443749 103.190065 0.000000 2.315420 -0.065355 
630 2.156627 0.000000 -0.589212 109.508073 0.000000 0.736817 -0.199256 
631 2.156627 0.000000 -0.736778 109.459538 0.000000 0.749841 -0.198195 
632 2.315777 0.000000 -0.589212 108.899311 0.000000 0.938648 -0.185994 
633 1.520026 0.000000 -0.589212 109.952783 0.000000 0.324290 -0.208972 
634 1.360876 0.000000 -0.589212 110.530994 0.000000 -0.004061 -0.221710 
635 1.520026 0.000000 -0.736778 110.610333 0.000000 0.026527 -0.223465 
636 1.917902 0.000000 -0.072731 93.575701 0.000000 0.144685 0.124357 
637 1.997477 0.000000 -0.072731 93.686327 0.000000 0.158629 0.122285 
638 1.917902 0.000000 0.001052 93.070172 0.000000 0.133538 0.133793 
639 1.878114 0.000000 -0.183406 103.047878 0.000000 -0.574190 -0.061919 
640 1.917902 0.000000 -0.183406 103.455850 0.000000 -0.579193 -0.070345 
641 1.878114 0.000000 -0.146514 95.135501 0.000000 0.178405 0.094920 
642 5.976232 0.000000 0.296183 99.206292 0.000000 0.229012 0.015806 
643 5.976232 0.000000 0.443749 99.458843 0.000000 0.395943 0.010778 
644 6.214958 0.000000 0.074834 98.805340 0.000000 0.036972 0.023750 
645 6.135383 0.000000 0.074834 98.895852 0.000000 0.070934 0.021961 
646 6.214958 0.000000 0.148617 98.870510 0.000000 0.055310 0.022462 
647 6.334320 0.000000 0.037943 98.625051 0.000000 0.000000 0.027310 
648 6.294533 0.000000 0.037943 98.654838 0.000000 -0.000000 0.026722 
649 6.334320 0.000000 0.074834 98.779246 0.000000 -0.000000 0.024266 
650 6.493471 0.000000 0.037943 101.585263 0.000000 -0.000000 -0.031957 
651 6.533258 0.000000 0.037943 98.805701 0.000000 -0.000000 0.023743 
652 6.493471 0.000000 0.074834 98.799630 0.000000 -0.000000 0.023863 
653 6.055807 0.000000 -0.072731 98.999380 0.000000 0.104256 0.019911 
654 6.055807 0.000000 -0.146514 99.055069 0.000000 0.160027 0.018807 
655 6.055807 0.000000 0.001052 98.897169 0.000000 0.063585 0.021935 
656 6.055807 0.000000 0.074834 98.998745 0.000000 0.103623 0.019924 
657 5.976232 0.000000 0.074834 98.977794 0.000000 0.094422 0.020339 
658 6.055807 0.000000 0.148617 99.049244 0.000000 0.156501 0.018922 
659 5.896657 0.000000 0.074834 99.149405 0.000000 0.158652 0.016937 
660 5.817082 0.000000 0.074834 99.216216 0.000000 0.169265 0.015611 
661 5.896657 0.000000 0.148617 99.286120 0.000000 0.226401 0.014222 
662 5.737507 0.000000 0.074834 99.353792 0.000000 0.215018 0.012878 
663 5.737507 0.000000 0.148617 99.584730 0.000000 0.335397 0.008277 
664 5.458994 0.000000 0.037943 110.483549 0.000000 0.233856 -0.220667 
665 5.419207 0.000000 0.037943 112.486151 0.000000 0.243542 -0.265319 
666 5.458994 0.000000 0.074834 109.879778 0.000000 0.251389 -0.207363 
667 4.703031 0.000000 0.296183 105.413513 0.000000 1.602493 -0.111458 
668 4.543880 0.000000 0.296183 103.042753 0.000000 2.222821 -0.062275 
669 4.703031 0.000000 0.443749 103.117969 0.000000 2.251104 -0.063838 
1 19 21 9 22 
2 20 19 22 4 
3 28 29 3 30 
4 21 28 30 9 
5 35 37 21 38 
6 36 35 38 19 
7 44 45 28 46 
8 37 44 46 21 
9 51 53 37 54 
10 52 51 54 35 
11 60 61 44 62 
12 53 60 62 37 
13 67 69 53 70 
14 68 67 70 51 
15 11 78 76 77 
16 78 10 24 76 
17 76 24 14 79 
18 77 76 79 6 
19 24 82 80 81 
20 82 23 40 80 
21 80 40 27 83 
22 81 80 83 14 
23 40 86 84 85 
24 86 39 56 84 
25 84 56 43 87 
26 85 84 87 27 
27 56 90 88 89 
28 89 88 91 43 
29 92 93 60 94 
30 69 92 94 53 
31 95 97 69 98 
32 96 95 98 67 
33 6 79 112 113 
34 79 14 36 112 
35 112 36 19 114 
36 113 112 114 20 
37 14 83 115 116 
38 83 27 52 115 
39 115 52 35 117 
40 116 115 117 36 
41 27 87 118 119 
42 87 43 68 118 
43 118 68 51 120 
44 119 118 120 52 
45 43 91 121 122 
46 121 96 67 123 
47 122 121 123 68 
48 124 126 95 127 
49 125 124 127 96 
50 133 134 92 135 
51 97 133 135 69 
52 136 137 97 138 
53 126 136 138 95 
54 140 108 141 139 
55 139 141 111 142 
56 108 148 147 141 
57 148 110 149 147 
58 147 149 5 150 
59 141 147 150 111 
60 151 152 133 153 
61 137 151 153 97 
62 110 155 154 149 
63 155 143 156 154 
64 154 156 146 157 
65 149 154 157 5 
66 15 159 158 33 
67 159 17 160 158 
68 158 160 8 161 
69 33 158 161 18 
70 163 33 164 162 
71 162 164 18 165 
72 18 161 178 45 
73 161 8 179 178 
74 178 179 29 180 
75 45 178 180 28 
76 165 18 182 181 
77 181 182 45 183 
78 61 181 183 44 
79 184 185 61 186 
80 93 184 186 60 
81 187 188 93 189 
82 134 187 189 92 
83 190 191 134 192 
84 152 190 192 133 
85 7 204 202 203 
86 204 16 205 202 
87 202 205 15 32 
88 203 202 32 13 
89 13 208 206 207 
90 208 32 209 206 
91 206 209 31 48 
92 207 206 48 26 
93 26 212 210 211 
94 212 48 213 210 
95 210 213 47 64 
96 211 210 64 42 
97 42 216 214 215 
98 216 64 217 214 
99 214 217 63 105 
100 215 214 105 58 
101 105 220 218 219 
102 220 63 221 218 
103 218 221 106 175 
104 219 218 175 104 
105 104 224 222 223 
106 224 175 225 222 
107 222 225 174 195 
108 223 222 195 145 
109 195 232 230 231 
110 232 174 233 230 
111 230 233 196 234 
112 143 236 235 156 
113 236 145 194 235 
114 235 194 107 237 
115 156 235 237 146 
116 145 240 238 239 
117 240 195 231 238 
118 239 238 241 194 
119 242 244 190 245 
120 243 242 245 152 
121 193 234 246 247 
122 234 196 248 246 
123 246 248 177 249 
124 247 246 249 197 
125 231 252 250 251 
126 252 230 253 250 
127 250 253 234 254 
128 251 250 254 193 
129 194 241 255 256 
130 241 193 247 255 
131 255 247 197 257 
132 256 255 257 107 
133 238 260 258 259 
134 260 231 251 258 
135 258 251 193 261 
136 259 258 261 241 
137 12 264 262 263 
138 264 7 203 262 
139 262 203 13 25 
140 263 262 25 10 
141 25 267 265 266 
142 267 13 207 265 
143 265 207 26 41 
144 266 265 41 23 
145 41 270 268 269 
146 270 26 211 268 
147 268 211 42 57 
148 269 268 57 39 
149 57 273 271 272 
150 273 42 215 271 
151 271 215 58 73 
152 272 271 73 55 
153 73 276 274 275 
154 276 58 277 274 
155 274 277 74 109 
156 275 274 109 71 
157 71 280 278 279 
158 280 109 281 278 
159 278 281 108 140 
160 102 284 282 283 
161 284 140 285 282 
162 282 285 139 286 
163 283 282 286 131 
164 55 289 287 288 
165 289 73 275 287 
166 287 275 71 101 
167 288 287 101 72 
168 101 292 290 291 
169 292 71 279 290 
170 88 299 297 298 
171 299 72 100 297 
172 297 100 59 300 
173 298 297 300 91 
174 100 303 301 302 
175 303 99 129 301 
176 301 129 103 304 
177 302 301 304 59 
178 99 307 305 306 
179 307 130 294 305 
180 305 294 128 308 
181 306 305 308 129 
182 103 132 309 310 
183 132 75 311 309 
184 309 311 126 312 
185 310 309 312 124 
186 313 315 75 316 
187 314 313 316 132 
188 294 319 317 318 
189 318 317 321 128 
190 290 324 322 323 
191 324 279 325 322 
192 322 325 102 295 
193 323 322 295 130 
194 130 328 326 327 
195 328 295 329 326 
196 326 329 293 319 
197 327 326 319 294 
198 331 283 332 330 
199 330 332 131 333 
200 319 336 334 335 
201 336 293 337 334 
202 335 334 338 317 
203 295 340 339 329 
204 340 102 341 339 
205 339 341 283 331 
206 329 339 331 293 
207 293 343 342 337 
208 343 331 344 342 
209 342 344 330 345 
210 337 342 345 320 
211 129 308 346 347 
212 308 128 314 346 
213 346 314 132 348 
214 347 346 348 103 
215 128 321 349 350 
216 321 296 351 349 
217 349 351 313 352 
218 350 349 352 314 
219 317 338 353 354 
220 338 320 355 353 
221 353 355 296 356 
222 354 353 356 321 
223 334 359 357 358 
224 359 337 360 357 
225 357 360 320 361 
226 358 357 361 338 
227 362 363 187 364 
228 191 362 364 134 
229 65 370 369 172 
230 370 166 371 369 
231 369 371 169 372 
232 172 369 372 50 
233 170 374 373 200 
234 374 172 375 373 
235 373 375 50 376 
236 200 373 376 173 
237 378 200 379 377 
238 377 379 173 380 
239 381 383 362 384 
240 382 381 384 191 
241 64 391 390 217 
242 391 47 392 390 
243 390 392 65 171 
244 217 390 171 63 
245 63 394 393 221 
246 394 171 395 393 
247 393 395 170 199 
248 221 393 199 106 
249 106 398 396 397 
250 398 199 399 396 
251 396 399 198 366 
252 397 396 366 176 
253 366 402 400 401 
254 402 198 403 400 
255 400 403 367 387 
256 401 400 387 365 
257 50 372 404 188 
258 372 169 405 404 
259 404 405 184 406 
260 188 404 406 93 
261 173 376 407 363 
262 376 50 408 407 
263 407 408 188 409 
264 363 407 409 187 
265 380 173 411 410 
266 410 411 363 412 
267 383 410 412 362 
268 414 377 415 413 
269 413 415 380 416 
270 387 419 417 418 
271 419 367 420 417 
272 199 423 422 399 
273 423 170 424 422 
274 422 424 200 378 
275 399 422 378 198 
276 198 426 425 403 
277 426 378 427 425 
278 425 427 377 414 
279 403 425 414 367 
280 367 429 428 420 
281 429 414 430 428 
282 428 430 413 431 
283 368 389 432 433 
284 389 201 434 432 
285 432 434 383 435 
286 433 432 435 381 
287 436 438 201 439 
288 437 436 439 389 
289 417 442 440 441 
290 442 420 443 440 
291 441 440 444 421 
292 201 416 445 434 
293 416 380 446 445 
294 445 446 410 447 
295 434 445 447 383 
296 431 413 449 448 
297 448 449 416 450 
298 438 448 450 201 
299 420 452 451 443 
300 452 428 453 451 
301 451 453 431 454 
302 443 451 454 388 
303 421 444 455 456 
304 444 388 457 455 
305 455 457 438 458 
306 456 455 458 436 
307 440 461 459 460 
308 461 443 462 459 
309 459 462 388 463 
310 460 459 463 444 
311 365 470 468 469 
312 470 387 418 468 
313 468 418 385 471 
314 469 468 471 386 
315 418 474 472 473 
316 474 417 441 472 
317 472 441 421 475 
318 473 472 475 385 
319 476 382 191 477 
320 244 476 477 190 
321 176 484 482 483 
322 484 366 401 482 
323 482 401 365 466 
324 483 482 466 228 
325 228 487 485 486 
326 487 466 488 485 
327 485 488 464 489 
328 486 485 489 465 
329 175 491 490 225 
330 491 106 397 490 
331 490 397 176 227 
332 225 490 227 174 
333 227 494 492 493 
334 494 176 483 492 
335 492 483 228 480 
336 493 492 480 226 
337 480 497 495 496 
338 497 228 486 495 
339 495 486 465 498 
340 496 495 498 478 
341 196 500 499 248 
342 248 499 501 177 
343 226 504 502 503 
344 504 480 496 502 
345 502 496 478 505 
346 174 507 506 233 
347 507 227 493 506 
348 506 493 226 500 
349 233 506 500 196 
350 500 510 508 509 
351 510 226 503 508 
352 509 508 511 499 
353 229 481 512 513 
354 481 66 514 512 
355 512 514 382 515 
356 513 512 515 476 
357 505 478 518 516 
358 516 518 481 519 
359 517 516 519 229 
360 503 522 520 521 
361 522 502 523 520 
362 520 523 505 524 
363 177 501 525 526 
364 501 229 513 525 
365 525 513 476 527 
366 526 525 527 244 
367 499 511 528 529 
368 528 517 229 530 
369 529 528 530 501 
370 508 533 531 532 
371 533 503 521 531 
372 531 521 479 534 
373 532 531 534 511 
374 479 524 535 536 
375 524 505 537 535 
376 535 537 516 538 
377 536 535 538 517 
378 521 541 539 540 
379 541 520 542 539 
380 539 542 524 543 
381 540 539 543 479 
382 49 545 544 168 
383 545 162 546 544 
384 544 546 165 547 
385 168 544 547 34 
386 166 549 548 371 
387 549 168 550 548 
388 548 550 34 551 
389 371 548 551 169 
390 1 554 552 553 
391 554 12 263 552 
392 552 263 10 78 
393 553 552 78 11 
394 16 556 555 205 
395 556 2 557 555 
396 555 557 17 159 
397 205 555 159 15 
398 10 560 558 559 
399 560 25 266 558 
400 558 266 23 82 
401 559 558 82 24 
402 32 562 561 209 
403 562 15 563 561 
404 561 563 33 163 
405 209 561 163 31 
406 23 566 564 565 
407 566 41 269 564 
408 564 269 39 86 
409 565 564 86 40 
410 48 568 567 213 
411 568 31 569 567 
412 567 569 49 167 
413 213 567 167 47 
414 39 572 570 571 
415 572 57 272 570 
416 570 272 55 90 
417 571 570 90 56 
418 90 575 573 574 
419 575 55 288 573 
420 573 288 72 299 
421 574 573 299 88 
422 72 578 576 577 
423 578 101 291 576 
424 576 291 99 303 
425 577 576 303 100 
426 58 580 579 277 
427 580 105 219 579 
428 579 219 104 144 
429 277 579 144 74 
430 109 582 581 281 
431 582 74 583 581 
432 581 583 110 148 
433 281 581 148 108 
434 91 300 584 585 
435 300 59 125 584 
436 584 125 96 586 
437 585 584 586 121 
438 59 304 587 588 
439 304 103 310 587 
440 587 310 124 589 
441 588 587 589 125 
442 75 142 590 311 
443 142 111 591 590 
444 590 591 136 592 
445 311 590 592 126 
446 111 150 593 591 
447 150 5 594 593 
448 593 594 137 595 
449 591 593 595 136 
450 131 286 596 315 
451 286 139 597 596 
452 596 597 142 598 
453 315 596 598 75 
454 74 600 599 583 
455 600 144 601 599 
456 599 601 143 155 
457 583 599 155 110 
458 144 603 602 601 
459 603 104 223 602 
460 602 223 145 236 
461 601 602 236 143 
462 5 157 604 594 
463 157 146 605 604 
464 604 605 151 606 
465 594 604 606 137 
466 146 237 607 605 
467 237 107 243 607 
468 607 243 152 608 
469 605 607 608 151 
470 31 610 609 569 
471 610 163 611 609 
472 609 611 162 545 
473 569 609 545 49 
474 47 613 612 392 
475 613 167 614 612 
476 612 614 166 370 
477 392 612 370 65 
478 167 616 615 614 
479 616 49 617 615 
480 615 617 168 549 
481 614 615 549 166 
482 171 619 618 395 
483 619 65 620 618 
484 618 620 172 374 
485 395 618 374 170 
486 34 547 621 185 
487 547 165 622 621 
488 621 622 181 623 
489 185 621 623 61 
490 169 551 624 405 
491 551 34 625 624 
492 624 625 185 626 
493 405 624 626 184 
494 197 249 627 628 
495 249 177 526 627 
496 627 526 244 629 
497 628 627 629 242 
498 279 631 630 325 
499 631 278 632 630 
500 630 632 140 284 
501 325 630 284 102 
502 291 635 633 634 
503 635 290 323 633 
504 633 323 130 307 
505 634 633 307 99 
506 296 333 636 351 
507 333 131 637 636 
508 636 637 315 638 
509 351 636 638 313 
510 320 345 639 355 
511 345 330 640 639 
512 639 640 333 641 
513 355 639 641 296 
514 66 467 642 514 
515 467 368 433 642 
516 642 433 381 643 
517 514 642 643 382 
518 386 471 644 645 
519 471 385 437 644 
520 644 437 389 646 
521 645 644 646 368 
522 385 475 647 648 
523 475 421 456 647 
524 647 456 436 649 
525 648 647 649 437 
526 388 454 650 457 
527 454 431 651 650 
528 650 651 448 652 
529 457 650 652 438 
530 466 654 653 488 
531 654 365 469 653 
532 653 469 386 655 
533 488 653 655 464 
534 464 655 656 657 
535 655 386 645 656 
536 656 645 368 658 
537 657 656 658 467 
538 465 489 659 660 
539 489 464 657 659 
540 659 657 467 661 
541 660 659 661 66 
542 478 498 662 518 
543 498 465 660 662 
544 662 660 66 663 
545 518 662 663 481 
546 511 534 664 665 
547 534 479 536 664 
548 664 536 517 666 
549 665 664 666 528 
550 107 257 667 668 
551 257 197 628 667 
552 667 628 242 669 
553 668 667 669 243 
