2 0.000000 100.000000 473.401889
758 631 
1 -24.046956 0.000000 -24.025963 100.001081 0.000000 -0.000158 -0.000022 
2 27.867928 0.000000 -24.025963 100.000802 0.000000 0.006237 -0.000016 
3 27.867928 0.000000 24.278518 99.999283 0.000000 0.005584 0.000014 
4 -24.046956 0.000000 24.278518 99.998971 0.000000 -0.000196 0.000021 
5 1.910486 0.000000 0.126278 108.013352 0.000000 0.113993 -0.166690 
6 -24.046956 0.000000 0.126278 100.000062 0.000000 -0.001469 -0.000001 
7 1.910486 0.000000 -24.025963 100.002967 0.000000 0.003594 -0.000059 
8 27.867928 0.000000 0.126278 99.999816 0.000000 -4.424712 -0.001954 
9 1.910486 0.000000 24.278518 99.997162 0.000000 0.003308 0.000057 
10 -11.068235 0.000000 -11.949843 100.004883 0.000000 -0.000471 -0.000098 
11 -24.046956 0.000000 -11.949843 100.001112 0.000000 -0.000847 -0.000022 
12 -11.068235 0.000000 -24.025963 100.002290 0.000000 0.000769 -0.000046 
13 1.910486 0.000000 -11.949843 100.011362 0.000000 0.017253 -0.000227 
14 -11.068235 0.000000 0.126278 100.000282 0.000000 -0.006672 -0.000006 
15 14.889207 0.000000 -11.949843 100.004218 0.000000 0.026925 -0.000084 
16 14.889207 0.000000 -24.025963 100.001764 0.000000 0.005765 -0.000035 
17 27.867928 0.000000 -11.949843 100.000761 0.000000 0.024874 -0.000015 
18 14.889207 0.000000 0.126278 100.001340 0.000000 -4.424119 -0.001984 
19 -11.068235 0.000000 12.202398 99.995445 0.000000 -0.000662 0.000091 
20 -24.046956 0.000000 12.202398 99.998986 0.000000 -0.000883 0.000020 
21 1.910486 0.000000 12.202398 99.988101 0.000000 0.014781 0.000238 
22 -11.068235 0.000000 24.278518 99.997807 0.000000 0.000655 0.000044 
23 -4.578874 0.000000 -5.911782 100.026875 0.000000 0.000531 -0.000538 
24 -11.068235 0.000000 -5.911782 100.005262 0.000000 -0.003707 -0.000105 
25 -4.578874 0.000000 -11.949843 100.011338 0.000000 0.003093 -0.000227 
26 1.910486 0.000000 -5.911782 100.046431 0.000000 0.078370 -0.000929 
27 -4.578874 0.000000 0.126278 99.998467 0.000000 -0.042490 0.000030 
28 14.889207 0.000000 12.202398 99.996070 0.000000 0.021377 0.000079 
29 27.867928 0.000000 12.202398 99.999470 0.000000 0.018768 0.000011 
30 14.889207 0.000000 24.278518 99.998366 0.000000 0.005262 0.000033 
31 8.399846 0.000000 -5.911782 100.007142 0.000000 0.105749 -0.000144 
32 8.399846 0.000000 -11.949843 100.006986 0.000000 0.026290 -0.000140 
33 14.889207 0.000000 -5.911782 100.003055 0.000000 0.105771 -0.000062 
34 8.399846 0.000000 0.126278 100.016177 0.000000 -4.444666 -0.002299 
35 -4.578874 0.000000 6.164338 99.975519 0.000000 0.000087 0.000490 
36 -11.068235 0.000000 6.164338 99.995215 0.000000 -0.003805 0.000096 
37 1.910486 0.000000 6.164338 99.963153 0.000000 0.063353 0.000736 
38 -4.578874 0.000000 12.202398 99.988939 0.000000 0.002550 0.000221 
39 -1.334194 0.000000 -2.892752 100.142984 0.000000 0.032141 -0.002862 
40 -4.578874 0.000000 -2.892752 100.032389 0.000000 -0.017577 -0.000648 
41 -1.334194 0.000000 -5.911782 100.048760 0.000000 0.027037 -0.000976 
42 1.910486 0.000000 -2.892752 100.132663 0.000000 0.308263 -0.002665 
43 -1.334194 0.000000 0.126278 99.854944 0.000000 -0.413056 0.002882 
44 8.399846 0.000000 6.164338 99.999969 0.000000 0.059017 0.000000 
45 14.889207 0.000000 6.164338 99.998289 0.000000 0.051616 0.000034 
46 8.399846 0.000000 12.202398 99.992674 0.000000 0.022444 0.000146 
47 5.155166 0.000000 -2.892752 100.058447 0.000000 0.477569 -0.001192 
48 5.155166 0.000000 -5.911782 100.020965 0.000000 0.103653 -0.000420 
49 8.399846 0.000000 -2.892752 100.006082 0.000000 0.564864 -0.000154 
50 5.155166 0.000000 0.126278 100.523458 0.000000 -4.632717 -0.012643 
51 -1.334194 0.000000 3.145308 99.877562 0.000000 0.034588 0.002447 
52 -4.578874 0.000000 3.145308 99.969014 0.000000 -0.018676 0.000620 
53 1.910486 0.000000 3.145308 99.918957 0.000000 0.244047 0.001614 
54 -1.334194 0.000000 6.164338 99.957341 0.000000 0.022986 0.000853 
55 0.288146 0.000000 -1.383237 100.557753 0.000000 0.799102 -0.011250 
56 -1.334194 0.000000 -1.383237 100.275642 0.000000 -0.062669 -0.005521 
57 0.288146 0.000000 -2.892752 100.181533 0.000000 0.185944 -0.003637 
58 1.910486 0.000000 -1.383237 100.251264 0.000000 0.932774 -0.005119 
59 0.288146 0.000000 0.126278 103.386213 0.000000 -0.000000 -0.068871 
60 5.155166 0.000000 3.145308 100.033987 0.000000 0.176710 -0.000683 
61 8.399846 0.000000 3.145308 100.019586 0.000000 0.093500 -0.000393 
62 5.155166 0.000000 6.164338 99.989743 0.000000 0.071334 0.000205 
63 3.532826 0.000000 -1.383237 100.439210 0.000000 1.719134 -0.009099 
64 3.532826 0.000000 -2.892752 100.088334 0.000000 0.396723 -0.001783 
65 5.155166 0.000000 -1.383237 100.288728 0.000000 2.754901 -0.006542 
66 3.532826 0.000000 0.126278 101.680274 0.000000 -0.000000 -0.033888 
67 0.288146 0.000000 1.635793 99.569779 0.000000 0.660608 0.008542 
68 -1.334194 0.000000 1.635793 99.741464 0.000000 0.003758 0.005164 
69 1.910486 0.000000 1.635793 99.896345 0.000000 0.868950 0.001997 
70 0.288146 0.000000 3.145308 99.856056 0.000000 0.158153 0.002874 
71 1.099316 0.000000 -0.628480 124.408295 0.000000 -0.769472 -0.547802 
72 0.288146 0.000000 -0.628480 101.462832 0.000000 3.045261 -0.030398 
73 1.099316 0.000000 -1.383237 100.255962 0.000000 0.949980 -0.005216 
74 1.910486 0.000000 -0.628480 104.682347 0.000000 0.775118 -0.095899 
75 1.099316 0.000000 0.126278 112.783484 0.000000 -0.239309 -0.272017 
76 3.532826 0.000000 1.635793 100.118756 0.000000 0.727736 -0.002429 
77 5.155166 0.000000 1.635793 100.170161 0.000000 0.371432 -0.003420 
78 3.532826 0.000000 3.145308 99.996590 0.000000 0.236879 0.000063 
79 2.721656 0.000000 -0.628480 101.298832 0.000000 2.623992 -0.026834 
80 2.721656 0.000000 -1.383237 100.383798 0.000000 1.193929 -0.007833 
81 3.532826 0.000000 -0.628480 101.830645 0.000000 4.700348 -0.039157 
82 2.721656 0.000000 0.126278 101.668382 0.000000 0.000000 -0.033646 
83 1.099316 0.000000 0.881035 130.130139 0.000000 -2.498940 -0.694010 
84 0.288146 0.000000 0.881035 98.888486 0.000000 2.226696 0.021611 
85 1.910486 0.000000 0.881035 103.430702 0.000000 0.441716 -0.069811 
86 1.099316 0.000000 1.635793 99.765728 0.000000 0.844465 0.004609 
87 1.504901 0.000000 -0.251101 114.606981 0.000000 0.042309 -0.313476 
88 1.099316 0.000000 -0.251101 116.657451 0.000000 -0.245133 -0.360902 
89 1.504901 0.000000 -0.628480 114.733268 0.000000 -0.009878 -0.316372 
90 1.910486 0.000000 -0.251101 112.918575 0.000000 0.157984 -0.275063 
91 1.504901 0.000000 0.126278 111.948050 0.000000 0.055729 -0.253237 
92 -17.557595 0.000000 -5.911782 100.001710 0.000000 -0.002116 -0.000034 
93 -24.046956 0.000000 -5.911782 100.000734 0.000000 -0.001270 -0.000015 
94 -17.557595 0.000000 -11.949843 100.002227 0.000000 -0.001014 -0.000045 
95 -17.557595 0.000000 0.126278 100.000118 0.000000 -0.002749 -0.000002 
96 -7.823555 0.000000 -2.892752 100.009758 0.000000 -0.010945 -0.000195 
97 -11.068235 0.000000 -2.892752 100.003516 0.000000 -0.005829 -0.000070 
98 -7.823555 0.000000 -5.911782 100.012944 0.000000 -0.006623 -0.000259 
99 -7.823555 0.000000 0.126278 100.000191 0.000000 -0.014030 -0.000004 
100 -2.956534 0.000000 -1.383237 100.061868 0.000000 -0.061734 -0.001238 
101 -4.578874 0.000000 -1.383237 100.022193 0.000000 -0.035690 -0.000444 
102 -2.956534 0.000000 -2.892752 100.068238 0.000000 -0.016649 -0.001365 
103 -2.956534 0.000000 0.126278 99.988887 0.000000 -0.092777 0.000221 
104 -0.523024 0.000000 -0.628480 101.394843 0.000000 -0.296235 -0.028100 
105 -1.334194 0.000000 -0.628480 100.249782 0.000000 -0.293247 -0.005010 
106 -0.523024 0.000000 -1.383237 100.576942 0.000000 0.192499 -0.011576 
107 -0.523024 0.000000 0.126278 98.732670 0.000000 -2.208675 0.024698 
108 0.693731 0.000000 -0.251101 126.462088 0.000000 -1.260485 -0.599425 
109 0.288146 0.000000 -0.251101 102.726432 0.000000 4.815388 -0.057591 
110 0.693731 0.000000 -0.628480 100.155860 0.000000 3.054271 -0.004052 
111 0.693731 0.000000 0.126278 113.616933 0.000000 -0.490228 -0.290905 
112 2.721656 0.000000 0.881035 100.130196 0.000000 1.961864 -0.002991 
113 3.532826 0.000000 0.881035 100.331386 0.000000 1.779058 -0.006955 
114 2.721656 0.000000 1.635793 100.010157 0.000000 0.836926 -0.000273 
115 1.504901 0.000000 0.503656 114.640342 0.000000 0.026145 -0.314241 
116 1.099316 0.000000 0.503656 116.410159 0.000000 -0.215776 -0.355137 
117 1.910486 0.000000 0.503656 111.738331 0.000000 0.928308 -0.248632 
118 1.504901 0.000000 0.881035 108.371643 0.000000 1.737458 -0.174743 
119 1.302108 0.000000 -0.062412 108.954721 0.000000 -0.051828 -0.187113 
120 1.099316 0.000000 -0.062412 105.967881 0.000000 -0.118559 -0.122921 
121 1.302108 0.000000 -0.251101 115.819661 0.000000 -0.101521 -0.341420 
122 1.504901 0.000000 -0.062412 109.865043 0.000000 0.034616 -0.207033 
123 1.302108 0.000000 0.126278 112.079127 0.000000 -0.077172 -0.256174 
124 2.316071 0.000000 -0.251101 103.940915 0.000000 0.540932 -0.080401 
125 2.316071 0.000000 -0.628480 100.991645 0.000000 1.918041 -0.020299 
126 2.721656 0.000000 -0.251101 101.407934 0.000000 -6.693478 -0.032837 
127 2.316071 0.000000 0.126278 102.629688 0.000000 0.218629 -0.053290 
128 1.707693 0.000000 -0.062412 108.071510 0.000000 0.078074 -0.167946 
129 1.707693 0.000000 -0.251101 113.522416 0.000000 0.128049 -0.288736 
130 1.910486 0.000000 -0.062412 106.559269 0.000000 0.083182 -0.135488 
131 1.707693 0.000000 0.126278 109.317597 0.000000 0.107753 -0.195035 
132 2.316071 0.000000 0.503656 103.945971 0.000000 0.541879 -0.080506 
133 2.721656 0.000000 0.503656 100.351382 0.000000 2.163387 -0.007508 
134 2.316071 0.000000 0.881035 100.060168 0.000000 2.096420 -0.001643 
135 2.113279 0.000000 -0.062412 103.132895 0.000000 0.361886 -0.063653 
136 2.113279 0.000000 -0.251101 105.079594 0.000000 0.917636 -0.104256 
137 2.316071 0.000000 -0.062412 102.352227 0.000000 0.149089 -0.047600 
138 2.113279 0.000000 0.126278 103.674973 0.000000 0.505556 -0.074876 
139 21.378567 0.000000 -5.911782 100.001149 0.000000 0.102062 -0.000024 
140 21.378567 0.000000 -11.949843 100.001370 0.000000 0.025000 -0.000027 
141 27.867928 0.000000 -5.911782 100.000580 0.000000 0.101753 -0.000013 
142 21.378567 0.000000 0.126278 99.999828 0.000000 -4.421746 -0.001952 
143 11.644527 0.000000 -2.892752 100.003046 0.000000 0.563804 -0.000093 
144 11.644527 0.000000 -5.911782 100.001459 0.000000 0.102012 -0.000030 
145 14.889207 0.000000 -2.892752 100.002893 0.000000 0.570229 -0.000090 
146 11.644527 0.000000 0.126278 100.005299 0.000000 -4.425035 -0.002064 
147 6.777506 0.000000 -1.383237 100.145130 0.000000 2.975253 -0.003790 
148 6.777506 0.000000 -2.892752 100.030584 0.000000 0.549859 -0.000642 
149 8.399846 0.000000 -1.383237 100.001075 0.000000 2.970280 -0.000904 
150 6.777506 0.000000 0.126278 100.192174 0.000000 -4.510862 -0.005882 
151 4.343996 0.000000 -0.628480 101.615855 0.000000 6.491431 -0.036792 
152 4.343996 0.000000 -1.383237 100.385843 0.000000 2.320037 -0.008270 
153 5.155166 0.000000 -0.628480 100.450542 0.000000 7.703125 -0.014965 
154 4.343996 0.000000 0.126278 101.549079 0.000000 -3.910710 -0.032751 
155 3.127241 0.000000 -0.251101 102.562165 0.000000 -4.647179 -0.054059 
156 3.127241 0.000000 -0.628480 101.640977 0.000000 3.502289 -0.034315 
157 3.532826 0.000000 -0.251101 103.397266 0.000000 -2.382276 -0.069667 
158 3.127241 0.000000 0.126278 101.617325 0.000000 -0.000000 -0.032608 
159 2.518864 0.000000 -0.062412 101.960161 0.000000 0.064256 -0.039588 
160 2.518864 0.000000 -0.251101 103.079473 0.000000 0.392369 -0.062553 
161 2.721656 0.000000 -0.062412 101.669010 0.000000 0.000000 -0.033659 
162 2.518864 0.000000 0.126278 102.109376 0.000000 0.099162 -0.042633 
163 21.378567 0.000000 6.164338 99.999694 0.000000 0.047047 0.000006 
164 27.867928 0.000000 6.164338 99.999749 0.000000 0.046533 0.000005 
165 21.378567 0.000000 12.202398 99.999077 0.000000 0.019098 0.000018 
166 11.644527 0.000000 3.145308 100.004658 0.000000 0.078751 -0.000094 
167 14.889207 0.000000 3.145308 100.000918 0.000000 0.078084 -0.000019 
168 11.644527 0.000000 6.164338 100.002261 0.000000 0.049518 -0.000045 
169 6.777506 0.000000 1.635793 100.088016 0.000000 0.215571 -0.001766 
170 8.399846 0.000000 1.635793 100.035098 0.000000 0.173435 -0.000705 
171 6.777506 0.000000 3.145308 100.032447 0.000000 0.121211 -0.000651 
172 4.343996 0.000000 0.881035 100.538128 0.000000 1.263733 -0.010951 
173 5.155166 0.000000 0.881035 100.358578 0.000000 0.786241 -0.007246 
174 4.343996 0.000000 1.635793 100.190146 0.000000 0.544223 -0.003836 
175 3.127241 0.000000 0.503656 100.290424 0.000000 1.866302 -0.006165 
176 3.532826 0.000000 0.503656 100.364982 0.000000 1.994022 -0.007711 
177 3.127241 0.000000 0.881035 100.202306 0.000000 1.876961 -0.004403 
178 2.924449 0.000000 -0.062412 101.561868 0.000000 0.000000 -0.031481 
179 2.924449 0.000000 -0.251101 101.992136 0.000000 -5.346057 -0.043098 
180 3.127241 0.000000 -0.062412 101.587608 0.000000 -0.000000 -0.032004 
181 2.924449 0.000000 0.126278 101.617706 0.000000 0.000000 -0.032616 
182 3.938411 0.000000 -0.251101 102.103237 0.000000 -1.263493 -0.042667 
183 3.938411 0.000000 -0.628480 101.701549 0.000000 5.764155 -0.037643 
184 4.343996 0.000000 -0.251101 101.920418 0.000000 -1.479772 -0.038996 
185 3.938411 0.000000 0.126278 101.680517 0.000000 0.000000 -0.033893 
186 3.938411 0.000000 0.503656 100.813815 0.000000 1.889824 -0.016700 
187 4.343996 0.000000 0.503656 100.953546 0.000000 1.333693 -0.019340 
188 3.938411 0.000000 0.881035 100.478145 0.000000 1.579439 -0.009835 
189 3.735619 0.000000 -0.062412 101.684783 0.000000 -0.000000 -0.033980 
190 3.532826 0.000000 -0.062412 101.679822 0.000000 -0.000000 -0.033879 
191 3.735619 0.000000 -0.251101 102.717986 0.000000 -1.286530 -0.055264 
192 3.938411 0.000000 -0.062412 101.682922 0.000000 0.000000 -0.033942 
193 3.735619 0.000000 0.126278 101.684328 0.000000 -0.000000 -0.033970 
194 1.707693 0.000000 0.314967 113.351931 0.000000 0.148128 -0.284868 
195 1.504901 0.000000 0.314967 114.563192 0.000000 0.057796 -0.312473 
196 1.910486 0.000000 0.314967 112.723528 0.000000 0.174626 -0.270662 
197 1.707693 0.000000 0.503656 113.708322 0.000000 0.104517 -0.292959 
198 1.809090 0.000000 0.031933 106.755757 0.000000 0.079473 -0.139680 
199 1.707693 0.000000 0.031933 106.342089 0.000000 0.311808 -0.130874 
200 1.809090 0.000000 -0.062412 107.258155 0.000000 0.083526 -0.150432 
201 1.910486 0.000000 0.031933 106.185832 0.000000 0.080171 -0.127544 
202 1.809090 0.000000 0.126278 109.356025 0.000000 0.129545 -0.195876 
203 1.606297 0.000000 0.031933 107.545495 0.000000 0.491896 -0.156628 
204 1.504901 0.000000 0.031933 108.660086 0.000000 0.821503 -0.180769 
205 1.606297 0.000000 -0.062412 109.232532 0.000000 0.062503 -0.193175 
206 1.606297 0.000000 0.126278 110.563131 0.000000 0.087077 -0.222421 
207 2.113279 0.000000 0.314967 105.976522 0.000000 1.115208 -0.123227 
208 2.316071 0.000000 0.314967 104.242085 0.000000 0.626024 -0.086680 
209 2.113279 0.000000 0.503656 105.106102 0.000000 0.925852 -0.104815 
210 1.809090 0.000000 0.220622 112.789946 0.000000 0.183055 -0.272161 
211 1.707693 0.000000 0.220622 113.202853 0.000000 0.165318 -0.281491 
212 1.910486 0.000000 0.220622 112.557067 0.000000 0.188256 -0.266913 
213 1.809090 0.000000 0.314967 112.959252 0.000000 0.167301 -0.275982 
214 1.758392 0.000000 0.079105 106.767879 0.000000 0.249616 -0.139944 
215 1.707693 0.000000 0.079105 106.962785 0.000000 0.277726 -0.144111 
216 1.758392 0.000000 0.031933 105.276745 0.000000 0.293932 -0.108328 
217 1.809090 0.000000 0.079105 107.550522 0.000000 0.094017 -0.156712 
218 1.758392 0.000000 0.126278 109.018953 0.000000 0.112325 -0.188514 
219 -4.578874 0.000000 -17.987903 100.004958 0.000000 0.002923 -0.000099 
220 -11.068235 0.000000 -17.987903 100.003380 0.000000 0.000587 -0.000068 
221 -4.578874 0.000000 -24.025963 100.002881 0.000000 0.001991 -0.000058 
222 1.910486 0.000000 -17.987903 100.005268 0.000000 0.006675 -0.000105 
223 -1.334194 0.000000 -8.930813 100.023716 0.000000 0.017789 -0.000474 
224 -4.578874 0.000000 -8.930813 100.018034 0.000000 0.003146 -0.000361 
225 -1.334194 0.000000 -11.949843 100.013578 0.000000 0.010939 -0.000272 
226 1.910486 0.000000 -8.930813 100.023838 0.000000 0.034714 -0.000477 
227 0.288146 0.000000 -4.402267 100.090684 0.000000 0.089387 -0.001815 
228 -1.334194 0.000000 -4.402267 100.078779 0.000000 0.033996 -0.001576 
229 0.288146 0.000000 -5.911782 100.052886 0.000000 0.052996 -0.001058 
230 1.910486 0.000000 -4.402267 100.075709 0.000000 0.142319 -0.001517 
231 1.099316 0.000000 -2.137995 100.215555 0.000000 0.449394 -0.004336 
232 0.288146 0.000000 -2.137995 100.288228 0.000000 0.334724 -0.005784 
233 1.099316 0.000000 -2.892752 100.159220 0.000000 0.257442 -0.003194 
234 1.910486 0.000000 -2.137995 100.181431 0.000000 0.511364 -0.003658 
235 1.504901 0.000000 -1.005859 100.160486 0.000000 1.297274 -0.003381 
236 1.099316 0.000000 -1.005859 100.163718 0.000000 1.482118 -0.003497 
237 1.504901 0.000000 -1.383237 100.221344 0.000000 0.921024 -0.004517 
238 1.910486 0.000000 -1.005859 100.315573 0.000000 1.257436 -0.006480 
239 1.707693 0.000000 -0.439790 113.869045 0.000000 0.084002 -0.296617 
240 1.504901 0.000000 -0.439790 114.680584 0.000000 0.012236 -0.315164 
241 1.707693 0.000000 -0.628480 108.535853 0.000000 1.387723 -0.178196 
242 1.910486 0.000000 -0.439790 108.130306 0.000000 1.320660 -0.169391 
243 1.809090 0.000000 -0.156756 110.862451 0.000000 0.136654 -0.229050 
244 1.707693 0.000000 -0.156756 111.736201 0.000000 0.122543 -0.248499 
245 1.809090 0.000000 -0.251101 113.154344 0.000000 0.148474 -0.280393 
246 1.910486 0.000000 -0.156756 110.603064 0.000000 0.141401 -0.223306 
247 1.758392 0.000000 -0.015239 107.067549 0.000000 0.073940 -0.146347 
248 1.707693 0.000000 -0.015239 107.573353 0.000000 0.071314 -0.157203 
249 1.758392 0.000000 -0.062412 108.175440 0.000000 0.091080 -0.170193 
250 1.809090 0.000000 -0.015239 106.504571 0.000000 0.073688 -0.134323 
251 2.011882 0.000000 0.031933 104.586993 0.000000 0.275096 -0.093851 
252 2.011882 0.000000 -0.062412 105.330942 0.000000 0.345721 -0.109473 
253 2.113279 0.000000 0.031933 103.020019 0.000000 0.332062 -0.061323 
254 2.011882 0.000000 0.126278 107.373782 0.000000 0.548697 -0.152943 
255 1.859788 0.000000 0.079105 106.998174 0.000000 0.091839 -0.144862 
256 1.859788 0.000000 0.031933 105.449469 0.000000 0.063657 -0.111959 
257 1.910486 0.000000 0.079105 106.817711 0.000000 0.092333 -0.141003 
258 1.859788 0.000000 0.126278 110.169762 0.000000 0.151623 -0.213740 
259 1.783741 0.000000 0.055519 104.431993 0.000000 0.333599 -0.090615 
260 1.758392 0.000000 0.055519 105.101128 0.000000 0.356909 -0.104637 
261 1.783741 0.000000 0.031933 105.542538 0.000000 0.238000 -0.113928 
262 1.809090 0.000000 0.055519 103.929586 0.000000 0.316211 -0.080146 
263 1.783741 0.000000 0.079105 107.711240 0.000000 0.093939 -0.160172 
264 1.859788 0.000000 -0.015239 104.522593 0.000000 0.046289 -0.092497 
265 1.859788 0.000000 -0.062412 106.630948 0.000000 0.080535 -0.137017 
266 1.910486 0.000000 -0.015239 106.030837 0.000000 0.075990 -0.124254 
267 1.783741 0.000000 0.008347 106.989202 0.000000 0.079523 -0.144670 
268 1.758392 0.000000 0.008347 107.054695 0.000000 0.074661 -0.146071 
269 1.783741 0.000000 -0.015239 107.010997 0.000000 0.078919 -0.145136 
270 1.809090 0.000000 0.008347 106.092980 0.000000 0.067999 -0.125573 
271 1.834439 0.000000 0.055519 106.459420 0.000000 0.077375 -0.133361 
272 1.834439 0.000000 0.031933 105.835144 0.000000 0.066313 -0.120108 
273 1.859788 0.000000 0.055519 106.489626 0.000000 0.082476 -0.134005 
274 1.834439 0.000000 0.079105 106.894241 0.000000 0.085184 -0.142639 
275 1.796415 0.000000 0.043726 104.168148 0.000000 0.329274 -0.085111 
276 1.783741 0.000000 0.043726 104.443128 0.000000 0.328299 -0.090847 
277 1.796415 0.000000 0.031933 105.244775 0.000000 0.224606 -0.107651 
278 1.809090 0.000000 0.043726 103.958339 0.000000 0.310137 -0.080743 
279 1.796415 0.000000 0.055519 104.110164 0.000000 0.336818 -0.083904 
280 -17.557595 0.000000 6.164338 99.998509 0.000000 -0.002162 0.000030 
281 -24.046956 0.000000 6.164338 99.999383 0.000000 -0.001291 0.000012 
282 -17.557595 0.000000 12.202398 99.997943 0.000000 -0.001090 0.000041 
283 -7.823555 0.000000 3.145308 99.990655 0.000000 -0.012396 0.000187 
284 -11.068235 0.000000 3.145308 99.996954 0.000000 -0.005854 0.000061 
285 -7.823555 0.000000 6.164338 99.988234 0.000000 -0.006210 0.000235 
286 -2.956534 0.000000 1.635793 99.932242 0.000000 -0.049785 0.001354 
287 -4.578874 0.000000 1.635793 99.976810 0.000000 -0.033341 0.000464 
288 -2.956534 0.000000 3.145308 99.936783 0.000000 -0.011771 0.001264 
289 -0.523024 0.000000 0.881035 98.854726 0.000000 0.271337 0.022767 
290 -1.334194 0.000000 0.881035 99.650766 0.000000 -0.148707 0.006970 
291 -0.523024 0.000000 1.635793 99.553370 0.000000 0.245852 0.008907 
292 0.693731 0.000000 0.503656 126.443583 0.000000 -1.235498 -0.598951 
293 0.288146 0.000000 0.503656 98.013937 0.000000 3.714073 0.037947 
294 0.693731 0.000000 0.881035 99.553035 0.000000 2.518602 0.008285 
295 1.302108 0.000000 0.314967 115.937784 0.000000 -0.104954 -0.344158 
296 1.099316 0.000000 0.314967 116.850767 0.000000 -0.268616 -0.365417 
297 1.302108 0.000000 0.503656 115.665709 0.000000 -0.095188 -0.337857 
298 1.606297 0.000000 0.220622 113.796826 0.000000 0.129738 -0.294973 
299 1.504901 0.000000 0.220622 114.529491 0.000000 0.071564 -0.311701 
300 1.606297 0.000000 0.314967 113.899293 0.000000 0.112775 -0.297306 
301 1.656995 0.000000 0.079105 107.594689 0.000000 0.330831 -0.157673 
302 1.606297 0.000000 0.079105 107.935690 0.000000 0.469454 -0.165033 
303 1.656995 0.000000 0.031933 106.772758 0.000000 0.345669 -0.140054 
304 1.656995 0.000000 0.126278 111.553060 0.000000 0.127440 -0.244410 
305 1.403505 0.000000 0.031933 110.108623 0.000000 1.215705 -0.212539 
306 1.302108 0.000000 0.031933 113.926922 0.000000 1.657108 -0.298209 
307 1.403505 0.000000 -0.062412 109.825085 0.000000 -0.004993 -0.206155 
308 1.403505 0.000000 0.126278 111.262358 0.000000 -0.003895 -0.237931 
309 1.403505 0.000000 0.220622 115.317894 0.000000 -0.010273 -0.329822 
310 1.302108 0.000000 0.220622 116.055077 0.000000 -0.109012 -0.346879 
311 1.403505 0.000000 0.314967 115.272468 0.000000 -0.016855 -0.328774 
312 1.454203 0.000000 0.079105 109.380855 0.000000 0.895660 -0.196497 
313 1.403505 0.000000 0.079105 110.402910 0.000000 1.188955 -0.219022 
314 1.454203 0.000000 0.031933 108.623857 0.000000 0.899762 -0.179995 
315 1.504901 0.000000 0.079105 109.085843 0.000000 0.795207 -0.190035 
316 1.454203 0.000000 0.126278 113.253472 0.000000 0.031959 -0.282635 
317 0.896523 0.000000 -0.062412 106.605686 0.000000 -0.194622 -0.136481 
318 0.693731 0.000000 -0.062412 108.191029 0.000000 -0.261889 -0.170537 
319 0.896523 0.000000 -0.251101 122.029550 0.000000 -0.632677 -0.489161 
320 0.896523 0.000000 0.126278 112.170069 0.000000 -0.334719 -0.258224 
321 1.200712 0.000000 0.031933 123.740752 0.000000 -2.178677 -0.531652 
322 1.099316 0.000000 0.031933 104.915160 0.000000 -0.108039 -0.100720 
323 1.200712 0.000000 -0.062412 107.582714 0.000000 -0.098909 -0.157405 
324 1.200712 0.000000 0.126278 110.086642 0.000000 -0.132887 -0.211909 
325 0.896523 0.000000 0.314967 121.055691 0.000000 -0.576045 -0.465481 
326 0.693731 0.000000 0.314967 124.770581 0.000000 -0.982946 -0.556866 
327 0.896523 0.000000 0.503656 121.904192 0.000000 -0.596053 -0.486099 
328 1.200712 0.000000 0.220622 116.643280 0.000000 -0.208965 -0.360570 
329 1.099316 0.000000 0.220622 117.031905 0.000000 -0.291817 -0.369655 
330 1.200712 0.000000 0.314967 116.478437 0.000000 -0.193712 -0.356726 
331 1.251410 0.000000 0.079105 121.383751 0.000000 0.761720 -0.473460 
332 1.200712 0.000000 0.079105 120.005761 0.000000 -1.040454 -0.440247 
333 1.251410 0.000000 0.031933 120.978978 0.000000 0.841120 -0.463662 
334 1.302108 0.000000 0.079105 114.559805 0.000000 1.488017 -0.312616 
335 1.251410 0.000000 0.126278 113.481877 0.000000 -0.131976 -0.287815 
336 0.997920 0.000000 0.031933 105.552624 0.000000 -0.138976 -0.114138 
337 0.896523 0.000000 0.031933 105.447583 0.000000 -0.167514 -0.111922 
338 0.997920 0.000000 -0.062412 106.430231 0.000000 -0.153046 -0.132742 
339 0.997920 0.000000 0.126278 109.185396 0.000000 -0.208097 -0.192149 
340 1.150014 0.000000 0.079105 108.856840 0.000000 -0.144135 -0.184983 
341 1.099316 0.000000 0.079105 107.507458 0.000000 -0.147850 -0.155788 
342 1.150014 0.000000 0.031933 106.886281 0.000000 -0.117158 -0.142469 
343 1.150014 0.000000 0.126278 109.967134 0.000000 -0.159561 -0.209280 
344 1.302108 0.000000 -0.439790 115.561119 0.000000 -0.092092 -0.335438 
345 1.099316 0.000000 -0.439790 118.465818 0.000000 -0.295592 -0.403424 
346 1.302108 0.000000 -0.628480 117.732461 0.000000 -0.176546 -0.386096 
347 1.200712 0.000000 -0.156756 113.937184 0.000000 -0.161431 -0.298171 
348 1.099316 0.000000 -0.156756 113.019275 0.000000 -0.218522 -0.277340 
349 1.200712 0.000000 -0.251101 116.307161 0.000000 -0.178753 -0.352739 
350 1.302108 0.000000 -0.156756 113.448228 0.000000 -0.087144 -0.287051 
351 1.150014 0.000000 -0.015239 106.631220 0.000000 -0.111924 -0.137023 
352 1.099316 0.000000 -0.015239 104.084261 0.000000 -0.094826 -0.083354 
353 1.150014 0.000000 -0.062412 107.301108 0.000000 -0.118671 -0.151354 
354 1.200712 0.000000 -0.015239 106.988416 0.000000 -0.092346 -0.144653 
355 1.175363 0.000000 0.055519 121.512214 0.000000 -3.572232 -0.477798 
356 1.150014 0.000000 0.055519 116.830543 0.000000 -3.663575 -0.366280 
357 1.175363 0.000000 0.031933 116.796931 0.000000 -2.012291 -0.364557 
358 1.200712 0.000000 0.055519 126.775766 0.000000 -2.594138 -0.607882 
359 1.175363 0.000000 0.079105 108.982836 0.000000 -0.132713 -0.187728 
360 0.997920 0.000000 0.220622 117.229973 0.000000 -0.346626 -0.374299 
361 0.896523 0.000000 0.220622 120.220487 0.000000 -0.538184 -0.445326 
362 0.997920 0.000000 0.314967 117.697665 0.000000 -0.351933 -0.385286 
363 1.048618 0.000000 0.079105 106.987973 0.000000 -0.160565 -0.144645 
364 0.997920 0.000000 0.079105 107.976187 0.000000 -0.186675 -0.165889 
365 1.048618 0.000000 0.031933 104.475947 0.000000 -0.115257 -0.091524 
366 1.048618 0.000000 0.126278 112.725281 0.000000 -0.262005 -0.270706 
367 1.124665 0.000000 0.055519 107.019786 0.000000 -0.130533 -0.145325 
368 1.099316 0.000000 0.055519 105.896330 0.000000 -0.122687 -0.121405 
369 1.124665 0.000000 0.031933 106.381683 0.000000 -0.120934 -0.131708 
370 1.124665 0.000000 0.079105 107.665714 0.000000 -0.140184 -0.159193 
371 1.251410 0.000000 -0.015239 105.654080 0.000000 -0.048301 -0.116279 
372 1.251410 0.000000 -0.062412 107.282627 0.000000 -0.067939 -0.150957 
373 1.302108 0.000000 -0.015239 107.159755 0.000000 -0.039951 -0.148321 
374 1.175363 0.000000 0.008347 106.264023 0.000000 -0.097520 -0.129205 
375 1.150014 0.000000 0.008347 106.622915 0.000000 -0.112733 -0.136846 
376 1.175363 0.000000 -0.015239 106.261716 0.000000 -0.096759 -0.129156 
377 1.200712 0.000000 0.008347 106.983107 0.000000 -0.092886 -0.144539 
378 1.162689 0.000000 0.043726 119.641555 0.000000 -3.566503 -0.432682 
379 1.150014 0.000000 0.043726 114.961274 0.000000 -3.229749 -0.322653 
380 1.162689 0.000000 0.031933 107.046928 0.000000 -0.113535 -0.145906 
381 1.175363 0.000000 0.043726 120.731346 0.000000 -3.439716 -0.458789 
382 1.162689 0.000000 0.055519 119.931587 0.000000 -3.661174 -0.439699 
383 3.330034 0.000000 -0.062412 101.667690 0.000000 -0.000000 -0.033632 
384 3.330034 0.000000 -0.251101 103.173301 0.000000 -3.778513 -0.065901 
385 3.330034 0.000000 0.126278 101.669900 0.000000 -0.000000 -0.033677 
386 3.735619 0.000000 0.314967 100.599434 0.000000 0.734279 -0.012079 
387 3.532826 0.000000 0.314967 100.094790 0.000000 0.361986 -0.001910 
388 3.938411 0.000000 0.314967 101.075190 0.000000 0.517499 -0.021646 
389 3.735619 0.000000 0.503656 100.587300 0.000000 2.030624 -0.012193 
390 3.634222 0.000000 0.031933 101.682635 0.000000 -0.000000 -0.033936 
391 3.532826 0.000000 0.031933 101.679334 0.000000 -0.000000 -0.033869 
392 3.634222 0.000000 -0.062412 101.684031 0.000000 -0.000000 -0.033964 
393 3.735619 0.000000 0.031933 101.684731 0.000000 -0.000000 -0.033978 
394 3.634222 0.000000 0.126278 101.683968 0.000000 -0.000000 -0.033963 
395 3.330034 0.000000 0.314967 100.107305 0.000000 -0.155745 -0.002150 
396 3.127241 0.000000 0.314967 100.370731 0.000000 -0.255027 -0.007435 
397 3.330034 0.000000 0.503656 100.278897 0.000000 1.884137 -0.005941 
398 3.431430 0.000000 0.031933 101.675346 0.000000 -0.000000 -0.033788 
399 3.330034 0.000000 0.031933 101.667488 0.000000 -0.000000 -0.033628 
400 3.431430 0.000000 -0.062412 101.675389 0.000000 0.000000 -0.033788 
401 3.431430 0.000000 0.126278 101.673864 0.000000 -0.000000 -0.033757 
402 8.399846 0.000000 -17.987903 100.003840 0.000000 0.009612 -0.000077 
403 8.399846 0.000000 -24.025963 100.002462 0.000000 0.004969 -0.000049 
404 14.889207 0.000000 -17.987903 100.002300 0.000000 0.010798 -0.000046 
405 5.155166 0.000000 -8.930813 100.011993 0.000000 0.044401 -0.000240 
406 5.155166 0.000000 -11.949843 100.010745 0.000000 0.023886 -0.000215 
407 8.399846 0.000000 -8.930813 100.004014 0.000000 0.044324 -0.000080 
408 3.532826 0.000000 -4.402267 100.049698 0.000000 0.175262 -0.000997 
409 3.532826 0.000000 -5.911782 100.033600 0.000000 0.095549 -0.000673 
410 5.155166 0.000000 -4.402267 100.027722 0.000000 0.191467 -0.000558 
411 4.343996 0.000000 -2.137995 100.132414 0.000000 0.845360 -0.002722 
412 3.532826 0.000000 -2.137995 100.158414 0.000000 0.718210 -0.003222 
413 4.343996 0.000000 -2.892752 100.068897 0.000000 0.436786 -0.001397 
414 5.155166 0.000000 -2.137995 100.125513 0.000000 0.966509 -0.002605 
415 3.938411 0.000000 -1.005859 100.865461 0.000000 3.824308 -0.018847 
416 3.532826 0.000000 -1.005859 100.886047 0.000000 3.094928 -0.018757 
417 3.938411 0.000000 -1.383237 100.420634 0.000000 2.028204 -0.008842 
418 4.343996 0.000000 -1.005859 100.822344 0.000000 4.531348 -0.018568 
419 3.735619 0.000000 -0.439790 102.204159 0.000000 2.510841 -0.045199 
420 3.532826 0.000000 -0.439790 102.385849 0.000000 1.957789 -0.048669 
421 3.735619 0.000000 -0.628480 101.784149 0.000000 5.276577 -0.038786 
422 3.938411 0.000000 -0.439790 101.967216 0.000000 2.819342 -0.040526 
423 3.634222 0.000000 -0.156756 101.680342 0.000000 -0.000000 -0.033889 
424 3.532826 0.000000 -0.156756 101.680816 0.000000 -0.000000 -0.033899 
425 3.634222 0.000000 -0.251101 103.145735 0.000000 -1.695735 -0.064192 
426 3.735619 0.000000 -0.156756 102.867203 0.000000 -2.763155 -0.058930 
427 3.583524 0.000000 -0.015239 101.682663 0.000000 -0.000000 -0.033936 
428 3.532826 0.000000 -0.015239 101.681016 0.000000 -0.000000 -0.033903 
429 3.583524 0.000000 -0.062412 101.683554 0.000000 -0.000000 -0.033955 
430 3.634222 0.000000 -0.015239 101.682759 0.000000 -0.000000 -0.033938 
431 3.583524 0.000000 0.031933 101.683092 0.000000 -0.000000 -0.033945 
432 5.966336 0.000000 -0.628480 99.680524 0.000000 7.715856 0.000426 
433 5.966336 0.000000 -1.383237 100.306413 0.000000 2.858161 -0.006955 
434 6.777506 0.000000 -0.628480 100.152628 0.000000 7.678221 -0.008950 
435 5.966336 0.000000 0.126278 100.279603 0.000000 -4.437805 -0.007569 
436 4.749581 0.000000 -0.251101 101.626644 0.000000 -1.816339 -0.033127 
437 4.749581 0.000000 -0.628480 101.434394 0.000000 7.190537 -0.034064 
438 5.155166 0.000000 -0.251101 100.849870 0.000000 -2.160727 -0.017536 
439 4.749581 0.000000 0.126278 101.178630 0.000000 -4.394455 -0.025643 
440 4.141204 0.000000 -0.062412 101.758197 0.000000 -5.842276 -0.038886 
441 4.141204 0.000000 -0.251101 101.967920 0.000000 -1.386924 -0.039938 
442 4.343996 0.000000 -0.062412 101.732540 0.000000 -6.032463 -0.038590 
443 4.141204 0.000000 0.126278 101.562118 0.000000 -3.646769 -0.032816 
444 3.837015 0.000000 0.031933 101.683405 0.000000 0.000000 -0.033951 
445 3.837015 0.000000 -0.062412 101.683097 0.000000 0.000000 -0.033945 
446 3.938411 0.000000 0.031933 101.682937 0.000000 0.000000 -0.033942 
447 3.837015 0.000000 0.126278 101.682923 0.000000 0.000000 -0.033942 
448 3.684921 0.000000 -0.015239 101.685800 0.000000 -0.000000 -0.034000 
449 3.684921 0.000000 -0.062412 101.685149 0.000000 -0.000000 -0.033987 
450 3.735619 0.000000 -0.015239 101.685264 0.000000 -0.000000 -0.033989 
451 3.684921 0.000000 0.031933 101.684848 0.000000 -0.000000 -0.033981 
452 3.634222 0.000000 0.220622 100.025503 0.000000 -0.868329 -0.000586 
453 3.532826 0.000000 0.220622 99.688657 0.000000 -1.444129 0.006009 
454 3.735619 0.000000 0.220622 100.575594 0.000000 -0.623454 -0.011584 
455 3.634222 0.000000 0.314967 100.299732 0.000000 0.619303 -0.006042 
456 3.583524 0.000000 0.079105 101.683509 0.000000 -0.000000 -0.033954 
457 3.532826 0.000000 0.079105 101.679785 0.000000 -0.000000 -0.033878 
458 3.634222 0.000000 0.079105 101.684513 0.000000 -0.000000 -0.033974 
459 3.583524 0.000000 0.126278 101.680762 0.000000 -0.000000 -0.033898 
460 3.608873 0.000000 0.008347 101.683356 0.000000 -0.000000 -0.033950 
461 3.583524 0.000000 0.008347 101.682287 0.000000 0.000000 -0.033929 
462 3.608873 0.000000 -0.015239 101.683365 0.000000 -0.000000 -0.033951 
463 3.634222 0.000000 0.008347 101.682820 0.000000 -0.000000 -0.033940 
464 3.608873 0.000000 0.031933 101.683380 0.000000 -0.000000 -0.033951 
465 2.721656 0.000000 -2.137995 100.171988 0.000000 0.593650 -0.003478 
466 2.721656 0.000000 -2.892752 100.110299 0.000000 0.352908 -0.002220 
467 3.127241 0.000000 -1.005859 100.820607 0.000000 2.418630 -0.017064 
468 2.721656 0.000000 -1.005859 100.681632 0.000000 1.865356 -0.014027 
469 3.127241 0.000000 -1.383237 100.429297 0.000000 1.433688 -0.008810 
470 3.330034 0.000000 -0.439790 102.313783 0.000000 1.326202 -0.046987 
471 3.127241 0.000000 -0.439790 102.055893 0.000000 0.869733 -0.041616 
472 3.330034 0.000000 -0.628480 101.781975 0.000000 4.075323 -0.037618 
473 3.431430 0.000000 -0.156756 101.675933 0.000000 0.000000 -0.033800 
474 3.330034 0.000000 -0.156756 101.668844 0.000000 -0.000000 -0.033655 
475 3.431430 0.000000 -0.251101 103.372867 0.000000 -3.127239 -0.069573 
476 3.482128 0.000000 -0.015239 101.679106 0.000000 -0.000000 -0.033864 
477 3.431430 0.000000 -0.015239 101.676485 0.000000 -0.000000 -0.033811 
478 3.482128 0.000000 -0.062412 101.677555 0.000000 -0.000000 -0.033833 
479 3.482128 0.000000 0.031933 101.677025 0.000000 0.000000 -0.033822 
480 3.558175 0.000000 0.008347 101.682329 0.000000 -0.000000 -0.033930 
481 3.532826 0.000000 0.008347 101.681611 0.000000 -0.000000 -0.033915 
482 3.558175 0.000000 -0.015239 101.682304 0.000000 -0.000000 -0.033929 
483 3.558175 0.000000 0.031933 101.682392 0.000000 -0.000000 -0.033931 
484 3.583524 0.000000 -0.109584 101.680761 0.000000 -0.000000 -0.033898 
485 3.532826 0.000000 -0.109584 101.679717 0.000000 -0.000000 -0.033876 
486 3.583524 0.000000 -0.156756 101.680970 0.000000 -0.000000 -0.033902 
487 3.634222 0.000000 -0.109584 101.685176 0.000000 -0.000000 -0.033988 
488 3.558175 0.000000 -0.038826 101.682393 0.000000 -0.000000 -0.033931 
489 3.532826 0.000000 -0.038826 101.679319 0.000000 -0.000000 -0.033868 
490 3.558175 0.000000 -0.062412 101.681642 0.000000 -0.000000 -0.033916 
491 3.583524 0.000000 -0.038826 101.683102 0.000000 -0.000000 -0.033945 
492 3.570850 0.000000 -0.003446 101.682597 0.000000 0.000000 -0.033935 
493 3.558175 0.000000 -0.003446 101.682300 0.000000 0.000000 -0.033929 
494 3.570850 0.000000 -0.015239 101.682784 0.000000 -0.000000 -0.033939 
495 3.583524 0.000000 -0.003446 101.682185 0.000000 0.000000 -0.033927 
496 3.570850 0.000000 0.008347 101.682628 0.000000 0.000000 -0.033936 
497 3.228637 0.000000 0.031933 101.649809 0.000000 -0.000000 -0.033268 
498 3.127241 0.000000 0.031933 101.598921 0.000000 -0.000000 -0.032234 
499 3.228637 0.000000 -0.062412 101.651218 0.000000 -0.000000 -0.033297 
500 3.228637 0.000000 0.126278 101.665192 0.000000 -0.000000 -0.033581 
501 3.380732 0.000000 -0.015239 101.671987 0.000000 -0.000000 -0.033719 
502 3.330034 0.000000 -0.015239 101.668312 0.000000 -0.000000 -0.033645 
503 3.380732 0.000000 -0.062412 101.670887 0.000000 -0.000000 -0.033697 
504 3.380732 0.000000 0.031933 101.671692 0.000000 -0.000000 -0.033713 
505 3.431430 0.000000 0.220622 99.700085 0.000000 -2.028878 0.005578 
506 3.330034 0.000000 0.220622 99.887981 0.000000 -2.444842 0.001641 
507 3.431430 0.000000 0.314967 100.042164 0.000000 0.069287 -0.000844 
508 3.482128 0.000000 0.079105 101.677502 0.000000 -0.000000 -0.033831 
509 3.431430 0.000000 0.079105 101.675012 0.000000 0.000000 -0.033781 
510 3.482128 0.000000 0.126278 101.678791 0.000000 -0.000000 -0.033858 
511 3.456779 0.000000 0.008347 101.678772 0.000000 0.000000 -0.033857 
512 3.431430 0.000000 0.008347 101.676399 0.000000 -0.000000 -0.033809 
513 3.456779 0.000000 -0.015239 101.677992 0.000000 0.000000 -0.033841 
514 3.482128 0.000000 0.008347 101.679382 0.000000 0.000000 -0.033870 
515 3.456779 0.000000 0.031933 101.677441 0.000000 -0.000000 -0.033830 
516 3.228637 0.000000 -0.156756 101.665102 0.000000 -0.000000 -0.033579 
517 3.127241 0.000000 -0.156756 101.602366 0.000000 0.000000 -0.032304 
518 3.228637 0.000000 -0.251101 102.873827 0.000000 -4.291036 -0.060144 
519 3.279335 0.000000 -0.015239 101.657743 0.000000 -0.000000 -0.033430 
520 3.228637 0.000000 -0.015239 101.650778 0.000000 -0.000000 -0.033288 
521 3.279335 0.000000 -0.062412 101.666048 0.000000 -0.000000 -0.033599 
522 3.279335 0.000000 0.031933 101.657646 0.000000 -0.000000 -0.033428 
523 3.380732 0.000000 0.079105 101.672327 0.000000 -0.000000 -0.033726 
524 3.330034 0.000000 0.079105 101.667808 0.000000 -0.000000 -0.033634 
525 3.380732 0.000000 0.126278 101.671475 0.000000 -0.000000 -0.033709 
526 3.355383 0.000000 0.008347 101.670412 0.000000 -0.000000 -0.033687 
527 3.330034 0.000000 0.008347 101.668623 0.000000 -0.000000 -0.033651 
528 3.355383 0.000000 -0.015239 101.670161 0.000000 -0.000000 -0.033682 
529 3.380732 0.000000 0.008347 101.672244 0.000000 -0.000000 -0.033725 
530 3.355383 0.000000 0.031933 101.669461 0.000000 -0.000000 -0.033668 
531 2.924449 0.000000 0.314967 100.558193 0.000000 -0.002065 -0.011195 
532 2.721656 0.000000 0.314967 100.674838 0.000000 0.425388 -0.013560 
533 2.924449 0.000000 0.503656 100.324965 0.000000 1.971142 -0.006898 
534 3.228637 0.000000 0.220622 100.182766 0.000000 -2.654847 -0.004363 
535 3.127241 0.000000 0.220622 100.463612 0.000000 -2.604994 -0.009972 
536 3.228637 0.000000 0.314967 100.235085 0.000000 -0.266676 -0.004714 
537 3.279335 0.000000 0.079105 101.665445 0.000000 -0.000000 -0.033586 
538 3.228637 0.000000 0.079105 101.650916 0.000000 -0.000000 -0.033291 
539 3.279335 0.000000 0.126278 101.666431 0.000000 -0.000000 -0.033606 
540 3.304685 0.000000 0.008347 101.666717 0.000000 -0.000000 -0.033612 
541 3.279335 0.000000 0.008347 101.657765 0.000000 -0.000000 -0.033430 
542 3.304685 0.000000 -0.015239 101.666775 0.000000 -0.000000 -0.033613 
543 3.304685 0.000000 0.031933 101.666161 0.000000 -0.000000 -0.033601 
544 3.025845 0.000000 0.031933 101.568603 0.000000 -0.000000 -0.031618 
545 2.924449 0.000000 0.031933 101.543450 0.000000 0.000000 -0.031107 
546 3.025845 0.000000 -0.062412 101.555274 0.000000 -0.000000 -0.031347 
547 3.025845 0.000000 0.126278 101.472592 0.000000 0.000000 -0.029669 
548 3.177939 0.000000 -0.015239 101.646058 0.000000 -0.000000 -0.033192 
549 3.127241 0.000000 -0.015239 101.599991 0.000000 -0.000000 -0.032256 
550 3.177939 0.000000 -0.062412 101.637603 0.000000 -0.000000 -0.033020 
551 3.177939 0.000000 0.031933 101.645026 0.000000 -0.000000 -0.033171 
552 3.253986 0.000000 0.008347 101.654278 0.000000 -0.000000 -0.033359 
553 3.228637 0.000000 0.008347 101.651138 0.000000 -0.000000 -0.033295 
554 3.253986 0.000000 -0.015239 101.654228 0.000000 -0.000000 -0.033358 
555 3.253986 0.000000 0.031933 101.654025 0.000000 -0.000000 -0.033354 
556 3.279335 0.000000 -0.109584 101.665669 0.000000 -0.000000 -0.033591 
557 3.228637 0.000000 -0.109584 101.665083 0.000000 -0.000000 -0.033579 
558 3.279335 0.000000 -0.156756 101.666837 0.000000 -0.000000 -0.033615 
559 3.330034 0.000000 -0.109584 101.669861 0.000000 -0.000000 -0.033676 
560 3.304685 0.000000 -0.038826 101.666214 0.000000 -0.000000 -0.033602 
561 3.279335 0.000000 -0.038826 101.657592 0.000000 -0.000000 -0.033427 
562 3.304685 0.000000 -0.062412 101.666413 0.000000 -0.000000 -0.033606 
563 3.330034 0.000000 -0.038826 101.667529 0.000000 -0.000000 -0.033629 
564 3.292010 0.000000 -0.003446 101.663576 0.000000 0.000000 -0.033548 
565 3.279335 0.000000 -0.003446 101.657772 0.000000 -0.000000 -0.033430 
566 3.292010 0.000000 -0.015239 101.658258 0.000000 -0.000000 -0.033440 
567 3.304685 0.000000 -0.003446 101.666691 0.000000 -0.000000 -0.033612 
568 3.292010 0.000000 0.008347 101.661939 0.000000 -0.000000 -0.033515 
569 3.253986 0.000000 -0.038826 101.653921 0.000000 -0.000000 -0.033352 
570 3.228637 0.000000 -0.038826 101.649471 0.000000 -0.000000 -0.033261 
571 3.253986 0.000000 -0.062412 101.655236 0.000000 -0.000000 -0.033379 
572 3.266661 0.000000 -0.003446 101.656281 0.000000 -0.000000 -0.033400 
573 3.253986 0.000000 -0.003446 101.654296 0.000000 -0.000000 -0.033360 
574 3.266661 0.000000 -0.015239 101.656237 0.000000 -0.000000 -0.033399 
575 3.266661 0.000000 0.008347 101.656269 0.000000 -0.000000 -0.033400 
576 3.304685 0.000000 0.055519 101.666354 0.000000 -0.000000 -0.033605 
577 3.279335 0.000000 0.055519 101.657443 0.000000 -0.000000 -0.033424 
578 3.330034 0.000000 0.055519 101.667641 0.000000 -0.000000 -0.033631 
579 3.304685 0.000000 0.079105 101.666552 0.000000 -0.000000 -0.033609 
580 3.292010 0.000000 0.020140 101.658236 0.000000 -0.000000 -0.033440 
581 3.279335 0.000000 0.020140 101.657720 0.000000 -0.000000 -0.033429 
582 3.304685 0.000000 0.020140 101.666802 0.000000 -0.000000 -0.033614 
583 3.292010 0.000000 0.031933 101.658159 0.000000 -0.000000 -0.033438 
584 3.285673 0.000000 0.002450 101.663017 0.000000 0.000000 -0.033537 
585 3.279335 0.000000 0.002450 101.660501 0.000000 -0.000000 -0.033486 
586 3.285673 0.000000 -0.003446 101.662709 0.000000 0.000000 -0.033531 
587 3.292010 0.000000 0.002450 101.663681 0.000000 0.000000 -0.033550 
588 3.285673 0.000000 0.008347 101.658024 0.000000 -0.000000 -0.033435 
589 -17.557595 0.000000 -17.987903 100.002009 0.000000 -0.000254 -0.000040 
590 -24.046956 0.000000 -17.987903 100.001181 0.000000 -0.000440 -0.000024 
591 -17.557595 0.000000 -24.025963 100.001611 0.000000 0.000113 -0.000032 
592 21.378567 0.000000 -17.987903 100.001352 0.000000 0.011112 -0.000027 
593 21.378567 0.000000 -24.025963 100.001192 0.000000 0.006114 -0.000024 
594 27.867928 0.000000 -17.987903 100.000828 0.000000 0.011152 -0.000017 
595 -7.823555 0.000000 -8.930813 100.010103 0.000000 -0.001908 -0.000202 
596 -11.068235 0.000000 -8.930813 100.005460 0.000000 -0.001757 -0.000109 
597 -7.823555 0.000000 -11.949843 100.007205 0.000000 0.000898 -0.000144 
598 11.644527 0.000000 -8.930813 100.005825 0.000000 0.049014 -0.000117 
599 11.644527 0.000000 -11.949843 100.005235 0.000000 0.026614 -0.000105 
600 14.889207 0.000000 -8.930813 100.003649 0.000000 0.046914 -0.000073 
601 -2.956534 0.000000 -4.402267 100.052201 0.000000 0.002835 -0.001044 
602 -4.578874 0.000000 -4.402267 100.031706 0.000000 -0.005661 -0.000634 
603 -2.956534 0.000000 -5.911782 100.038693 0.000000 0.010424 -0.000774 
604 6.777506 0.000000 -4.402267 100.013786 0.000000 0.198968 -0.000280 
605 6.777506 0.000000 -5.911782 100.012040 0.000000 0.105920 -0.000242 
606 8.399846 0.000000 -4.402267 100.006245 0.000000 0.199938 -0.000129 
607 -0.523024 0.000000 -2.137995 100.281725 0.000000 0.146752 -0.005645 
608 -1.334194 0.000000 -2.137995 100.201072 0.000000 0.012330 -0.004025 
609 -0.523024 0.000000 -2.892752 100.176229 0.000000 0.100249 -0.003529 
610 0.693731 0.000000 -1.005859 100.397828 0.000000 1.637273 -0.008240 
611 0.288146 0.000000 -1.005859 100.862055 0.000000 1.467396 -0.017531 
612 0.693731 0.000000 -1.383237 100.381026 0.000000 0.941680 -0.007724 
613 2.316071 0.000000 -1.005859 100.514767 0.000000 1.460696 -0.010535 
614 2.316071 0.000000 -1.383237 100.316667 0.000000 1.016264 -0.006447 
615 0.896523 0.000000 -0.439790 123.099054 0.000000 -0.691160 -0.515385 
616 0.693731 0.000000 -0.439790 128.418773 0.000000 -1.723327 -0.649435 
617 0.896523 0.000000 -0.628480 128.449790 0.000000 -1.663973 -0.650212 
618 1.403505 0.000000 -0.156756 113.792596 0.000000 -0.014128 -0.294876 
619 1.403505 0.000000 -0.251101 115.231520 0.000000 -0.024494 -0.327830 
620 1.504901 0.000000 -0.156756 113.166306 0.000000 0.048233 -0.280662 
621 2.113279 0.000000 -0.439790 104.626988 0.000000 0.759416 -0.094738 
622 2.113279 0.000000 -0.628480 103.427019 0.000000 0.441196 -0.069734 
623 2.316071 0.000000 -0.439790 103.665329 0.000000 0.481974 -0.074673 
624 2.518864 0.000000 -0.439790 101.333859 0.000000 1.091092 -0.026974 
625 2.518864 0.000000 -0.628480 101.153865 0.000000 2.260067 -0.023721 
626 2.721656 0.000000 -0.439790 101.445877 0.000000 0.887097 -0.029205 
627 1.606297 0.000000 -0.156756 112.237732 0.000000 0.093993 -0.259732 
628 1.606297 0.000000 -0.251101 114.017722 0.000000 0.093402 -0.300005 
629 2.518864 0.000000 0.314967 103.226284 0.000000 0.412032 -0.065584 
630 2.518864 0.000000 0.503656 100.370293 0.000000 2.410018 -0.008000 
631 2.011882 0.000000 -0.156756 107.815198 0.000000 0.879432 -0.162489 
632 2.011882 0.000000 -0.251101 107.847955 0.000000 1.272548 -0.163280 
633 2.113279 0.000000 -0.156756 104.803303 0.000000 0.805071 -0.098438 
634 5.966336 0.000000 -2.137995 100.122793 0.000000 1.097911 -0.002578 
635 5.966336 0.000000 -2.892752 100.048059 0.000000 0.517617 -0.000988 
636 6.777506 0.000000 -2.137995 100.069387 0.000000 1.206418 -0.001534 
637 4.749581 0.000000 -1.005859 100.707899 0.000000 5.218585 -0.016931 
638 4.749581 0.000000 -1.383237 100.345872 0.000000 2.585198 -0.007598 
639 5.155166 0.000000 -1.005859 100.354616 0.000000 5.584599 -0.010224 
640 2.924449 0.000000 -0.439790 101.685844 0.000000 0.703215 -0.034051 
641 2.924449 0.000000 -0.628480 101.461913 0.000000 3.025651 -0.030367 
642 5.966336 0.000000 0.881035 100.213176 0.000000 0.627013 -0.004307 
643 6.777506 0.000000 0.881035 100.136788 0.000000 0.527724 -0.002765 
644 5.966336 0.000000 1.635793 100.124081 0.000000 0.273847 -0.002491 
645 4.749581 0.000000 0.503656 100.774922 0.000000 0.824460 -0.015626 
646 5.155166 0.000000 0.503656 100.484327 0.000000 0.584992 -0.009744 
647 4.749581 0.000000 0.881035 100.476579 0.000000 0.974533 -0.009649 
648 3.025845 0.000000 -0.156756 101.602366 0.000000 0.000000 -0.032304 
649 2.924449 0.000000 -0.156756 101.617727 0.000000 0.000000 -0.032616 
650 3.025845 0.000000 -0.251101 102.284101 0.000000 -4.950139 -0.048654 
651 4.141204 0.000000 -0.439790 101.847228 0.000000 3.015422 -0.038195 
652 4.141204 0.000000 -0.628480 101.634651 0.000000 6.151005 -0.036744 
653 4.343996 0.000000 -0.439790 101.832576 0.000000 3.202829 -0.038013 
654 4.141204 0.000000 0.314967 101.239439 0.000000 0.153764 -0.024945 
655 4.343996 0.000000 0.314967 101.254044 0.000000 -0.196996 -0.025242 
656 4.141204 0.000000 0.503656 100.931337 0.000000 1.633498 -0.018980 
657 3.837015 0.000000 -0.156756 101.681379 0.000000 0.000000 -0.033910 
658 3.837015 0.000000 -0.251101 102.326950 0.000000 -1.190388 -0.047222 
659 3.938411 0.000000 -0.156756 101.853960 0.000000 -3.547529 -0.038681 
660 1.656995 0.000000 -0.015239 106.688016 0.000000 0.040644 -0.138233 
661 1.606297 0.000000 -0.015239 108.297449 0.000000 0.233078 -0.172839 
662 1.656995 0.000000 -0.062412 108.480813 0.000000 0.068736 -0.176809 
663 1.555599 0.000000 0.079105 108.763144 0.000000 0.615456 -0.182980 
664 1.555599 0.000000 0.031933 108.294347 0.000000 0.595655 -0.172802 
665 1.555599 0.000000 0.126278 110.837948 0.000000 0.070383 -0.228506 
666 2.011882 0.000000 0.220622 111.096373 0.000000 0.908554 -0.234323 
667 2.113279 0.000000 0.220622 105.943430 0.000000 1.106389 -0.122523 
668 2.011882 0.000000 0.314967 109.821294 0.000000 1.170246 -0.206209 
669 1.834439 0.000000 0.008347 104.949585 0.000000 0.051008 -0.101442 
670 1.834439 0.000000 -0.015239 105.196954 0.000000 0.054482 -0.106640 
671 1.859788 0.000000 0.008347 103.955644 0.000000 0.036810 -0.080678 
672 1.352807 0.000000 0.079105 113.671428 0.000000 1.702465 -0.292409 
673 1.352807 0.000000 0.031933 112.612764 0.000000 1.702882 -0.268453 
674 1.352807 0.000000 0.126278 111.361551 0.000000 -0.035612 -0.240140 
675 0.997920 0.000000 -0.156756 111.512353 0.000000 -0.242377 -0.243506 
676 0.896523 0.000000 -0.156756 115.263532 0.000000 -0.424292 -0.328586 
677 0.997920 0.000000 -0.251101 119.016628 0.000000 -0.400286 -0.416512 
678 1.048618 0.000000 -0.015239 103.556480 0.000000 -0.099196 -0.072395 
679 0.997920 0.000000 -0.015239 105.315647 0.000000 -0.132887 -0.109140 
680 1.048618 0.000000 -0.062412 105.590407 0.000000 -0.128271 -0.114935 
681 1.124665 0.000000 0.008347 105.948078 0.000000 -0.114154 -0.122501 
682 1.099316 0.000000 0.008347 103.864248 0.000000 -0.092604 -0.078779 
683 1.124665 0.000000 -0.015239 105.993007 0.000000 -0.113781 -0.123453 
684 3.837015 0.000000 0.220622 101.056120 0.000000 -0.749046 -0.021290 
685 3.938411 0.000000 0.220622 101.295523 0.000000 -1.056521 -0.026190 
686 3.837015 0.000000 0.314967 100.881923 0.000000 0.677393 -0.017762 
687 3.684921 0.000000 0.079105 101.684747 0.000000 -0.000000 -0.033979 
688 3.735619 0.000000 0.079105 101.684684 0.000000 -0.000000 -0.033978 
689 3.684921 0.000000 0.126278 101.686669 0.000000 -0.000000 -0.034018 
690 3.684921 0.000000 -0.109584 101.686495 0.000000 -0.000000 -0.034014 
691 3.684921 0.000000 -0.156756 101.677427 0.000000 -0.000000 -0.033830 
692 3.735619 0.000000 -0.109584 101.685530 0.000000 -0.000000 -0.033995 
693 3.608873 0.000000 -0.038826 101.683377 0.000000 -0.000000 -0.033951 
694 3.608873 0.000000 -0.062412 101.683331 0.000000 -0.000000 -0.033950 
695 3.634222 0.000000 -0.038826 101.684296 0.000000 -0.000000 -0.033970 
696 3.482128 0.000000 -0.109584 101.678104 0.000000 -0.000000 -0.033844 
697 3.431430 0.000000 -0.109584 101.674504 0.000000 0.000000 -0.033770 
698 3.482128 0.000000 -0.156756 101.679660 0.000000 0.000000 -0.033875 
699 3.380732 0.000000 -0.109584 101.672379 0.000000 -0.000000 -0.033727 
700 3.380732 0.000000 -0.156756 101.670259 0.000000 -0.000000 -0.033684 
701 3.507477 0.000000 0.008347 101.680844 0.000000 -0.000000 -0.033899 
702 3.507477 0.000000 -0.015239 101.680635 0.000000 -0.000000 -0.033895 
703 3.507477 0.000000 0.031933 101.678573 0.000000 -0.000000 -0.033853 
704 3.177939 0.000000 0.079105 101.650255 0.000000 -0.000000 -0.033277 
705 3.127241 0.000000 0.079105 101.573457 0.000000 -0.000000 -0.031717 
706 3.177939 0.000000 0.126278 101.648727 0.000000 -0.000000 -0.033246 
707 3.355383 0.000000 -0.038826 101.669492 0.000000 -0.000000 -0.033669 
708 3.355383 0.000000 -0.062412 101.669620 0.000000 -0.000000 -0.033671 
709 3.380732 0.000000 -0.038826 101.670820 0.000000 -0.000000 -0.033696 
710 3.406081 0.000000 0.008347 101.674736 0.000000 0.000000 -0.033775 
711 3.406081 0.000000 -0.015239 101.674714 0.000000 0.000000 -0.033775 
712 3.406081 0.000000 0.031933 101.674419 0.000000 0.000000 -0.033769 
713 3.177939 0.000000 -0.109584 101.647870 0.000000 -0.000000 -0.033229 
714 3.127241 0.000000 -0.109584 101.631951 0.000000 -0.000000 -0.032905 
715 3.177939 0.000000 -0.156756 102.867925 0.000000 -6.490987 -0.062394 
716 3.355383 0.000000 0.055519 101.669580 0.000000 -0.000000 -0.033670 
717 3.380732 0.000000 0.055519 101.670866 0.000000 -0.000000 -0.033696 
718 3.355383 0.000000 0.079105 101.669720 0.000000 -0.000000 -0.033673 
719 3.406081 0.000000 0.055519 101.674017 0.000000 0.000000 -0.033761 
720 3.431430 0.000000 0.055519 101.675392 0.000000 0.000000 -0.033789 
721 3.406081 0.000000 0.079105 101.674040 0.000000 0.000000 -0.033761 
722 3.025845 0.000000 0.220622 100.647898 0.000000 -2.409918 -0.013581 
723 2.924449 0.000000 0.220622 100.767540 0.000000 -2.165996 -0.015879 
724 3.025845 0.000000 0.314967 100.477188 0.000000 -0.157021 -0.009569 
725 3.253986 0.000000 0.055519 101.655322 0.000000 -0.000000 -0.033380 
726 3.228637 0.000000 0.055519 101.651376 0.000000 -0.000000 -0.033300 
727 3.253986 0.000000 0.079105 101.665211 0.000000 -0.000000 -0.033582 
728 3.266661 0.000000 0.020140 101.656205 0.000000 -0.000000 -0.033398 
729 3.253986 0.000000 0.020140 101.654179 0.000000 -0.000000 -0.033357 
730 3.266661 0.000000 0.031933 101.656098 0.000000 -0.000000 -0.033396 
731 1.555599 0.000000 -0.015239 108.986905 0.000000 0.046432 -0.187815 
732 1.504901 0.000000 -0.015239 108.706728 0.000000 0.268277 -0.181722 
733 1.555599 0.000000 -0.062412 110.084118 0.000000 0.055554 -0.211852 
734 1.352807 0.000000 -0.015239 108.829551 0.000000 -0.026155 -0.184387 
735 1.352807 0.000000 -0.062412 109.234475 0.000000 -0.028610 -0.193217 
736 1.403505 0.000000 -0.015239 109.423465 0.000000 -0.003425 -0.197349 
737 1.454203 0.000000 -0.015239 108.307621 0.000000 0.274497 -0.173062 
738 1.454203 0.000000 -0.062412 109.907139 0.000000 0.015629 -0.207958 
739 3.507477 0.000000 -0.038826 101.678556 0.000000 -0.000000 -0.033853 
740 3.482128 0.000000 -0.038826 101.677006 0.000000 0.000000 -0.033821 
741 3.507477 0.000000 -0.062412 101.678483 0.000000 -0.000000 -0.033851 
742 3.406081 0.000000 -0.038826 101.674005 0.000000 0.000000 -0.033760 
743 3.406081 0.000000 -0.062412 101.674023 0.000000 0.000000 -0.033761 
744 3.431430 0.000000 -0.038826 101.675293 0.000000 -0.000000 -0.033787 
745 3.456779 0.000000 0.055519 101.675816 0.000000 -0.000000 -0.033797 
746 3.482128 0.000000 0.055519 101.676951 0.000000 0.000000 -0.033820 
747 3.456779 0.000000 0.079105 101.675751 0.000000 -0.000000 -0.033796 
748 3.507477 0.000000 0.055519 101.678506 0.000000 -0.000000 -0.033852 
749 3.532826 0.000000 0.055519 101.679274 0.000000 -0.000000 -0.033867 
750 3.507477 0.000000 0.079105 101.679057 0.000000 -0.000000 -0.033863 
751 3.558175 0.000000 0.055519 101.681654 0.000000 -0.000000 -0.033916 
752 3.583524 0.000000 0.055519 101.683117 0.000000 -0.000000 -0.033946 
753 3.558175 0.000000 0.079105 101.680340 0.000000 -0.000000 -0.033889 
754 3.608873 0.000000 0.055519 101.683349 0.000000 -0.000000 -0.033950 
755 3.634222 0.000000 0.055519 101.684105 0.000000 -0.000000 -0.033966 
756 3.608873 0.000000 0.079105 101.684544 0.000000 -0.000000 -0.033975 
757 3.456779 0.000000 -0.038826 101.675856 0.000000 -0.000000 -0.033798 
758 3.456779 0.000000 -0.062412 101.675798 0.000000 -0.000000 -0.033797 
1 19 21 9 22 
2 20 19 22 4 
3 28 29 3 30 
4 21 28 30 9 
5 35 37 21 38 
6 36 35 38 19 
7 44 45 28 46 
8 37 44 46 21 
9 51 53 37 54 
10 52 51 54 35 
11 60 61 44 62 
12 53 60 62 37 
13 67 69 53 70 
14 68 67 70 51 
15 76 77 60 78 
16 69 76 78 53 
17 83 85 69 86 
18 84 83 86 67 
19 11 94 92 93 
20 94 10 24 92 
21 92 24 14 95 
22 93 92 95 6 
23 24 98 96 97 
24 98 23 40 96 
25 96 40 27 99 
26 97 96 99 14 
27 40 102 100 101 
28 102 39 56 100 
29 100 56 43 103 
30 101 100 103 27 
31 56 106 104 105 
32 106 55 72 104 
33 104 72 59 107 
34 105 104 107 43 
35 72 110 108 109 
36 109 108 111 59 
37 112 113 76 114 
38 85 112 114 69 
39 115 117 85 118 
40 116 115 118 83 
41 132 133 112 134 
42 117 132 134 85 
43 136 124 137 135 
44 135 137 127 138 
45 15 140 139 33 
46 140 17 141 139 
47 139 141 8 142 
48 33 139 142 18 
49 31 144 143 49 
50 144 33 145 143 
51 143 145 18 146 
52 49 143 146 34 
53 148 49 149 147 
54 147 149 34 150 
55 124 160 159 137 
56 160 126 161 159 
57 159 161 82 162 
58 137 159 162 127 
59 18 142 163 45 
60 142 8 164 163 
61 163 164 29 165 
62 45 163 165 28 
63 34 146 166 61 
64 146 18 167 166 
65 166 167 45 168 
66 61 166 168 44 
67 150 34 170 169 
68 169 170 61 171 
69 77 169 171 60 
70 172 173 77 174 
71 113 172 174 76 
72 175 176 113 177 
73 133 175 177 112 
74 126 179 178 161 
75 161 178 181 82 
76 186 187 172 188 
77 176 186 188 113 
78 194 196 117 197 
79 195 194 197 115 
80 138 127 208 207 
81 207 208 132 209 
82 196 207 209 117 
83 131 202 210 211 
84 202 5 212 210 
85 210 212 196 213 
86 211 210 213 194 
87 199 216 214 215 
88 214 217 202 218 
89 215 214 218 131 
90 12 221 219 220 
91 221 7 222 219 
92 219 222 13 25 
93 220 219 25 10 
94 25 225 223 224 
95 225 13 226 223 
96 223 226 26 41 
97 224 223 41 23 
98 41 229 227 228 
99 229 26 230 227 
100 227 230 42 57 
101 228 227 57 39 
102 57 233 231 232 
103 233 42 234 231 
104 231 234 58 73 
105 232 231 73 55 
106 73 237 235 236 
107 237 58 238 235 
108 235 238 74 89 
109 236 235 89 71 
110 89 241 239 240 
111 241 74 242 239 
112 239 242 90 129 
113 240 239 129 87 
114 129 245 243 244 
115 245 90 246 243 
116 243 246 130 200 
117 244 243 200 128 
118 128 249 247 248 
119 249 200 250 247 
120 248 247 216 199 
121 130 252 251 201 
122 252 135 253 251 
123 251 253 138 254 
124 201 251 254 5 
125 256 201 257 255 
126 255 257 5 258 
127 217 255 258 202 
128 216 261 259 260 
129 259 262 217 263 
130 260 259 263 214 
131 200 265 264 250 
132 265 130 266 264 
133 264 266 201 256 
134 247 269 267 268 
135 269 250 270 267 
136 267 270 198 261 
137 268 267 261 216 
138 198 272 271 262 
139 272 256 273 271 
140 271 273 255 274 
141 262 271 274 217 
142 261 277 275 276 
143 277 198 278 275 
144 275 278 262 279 
145 276 275 279 259 
146 6 95 280 281 
147 95 14 36 280 
148 280 36 19 282 
149 281 280 282 20 
150 14 99 283 284 
151 99 27 52 283 
152 283 52 35 285 
153 284 283 285 36 
154 27 103 286 287 
155 103 43 68 286 
156 286 68 51 288 
157 287 286 288 52 
158 43 107 289 290 
159 107 59 84 289 
160 289 84 67 291 
161 290 289 291 68 
162 59 111 292 293 
163 292 116 83 294 
164 293 292 294 84 
165 295 195 115 297 
166 296 295 297 116 
167 91 206 298 299 
168 206 131 211 298 
169 298 211 194 300 
170 299 298 300 195 
171 203 303 301 302 
172 303 199 215 301 
173 301 215 131 304 
174 302 301 304 206 
175 123 308 309 310 
176 308 91 299 309 
177 309 299 195 311 
178 310 309 311 295 
179 305 314 312 313 
180 314 204 315 312 
181 312 315 91 316 
182 313 312 316 308 
183 108 319 317 318 
184 318 317 320 111 
185 111 320 325 326 
186 325 296 116 327 
187 326 325 327 292 
188 75 324 328 329 
189 324 123 310 328 
190 328 310 295 330 
191 329 328 330 296 
192 321 333 331 332 
193 333 306 334 331 
194 331 334 123 335 
195 332 331 335 324 
196 317 338 336 337 
197 337 336 339 320 
198 340 332 324 343 
199 341 340 343 75 
200 71 346 344 345 
201 346 89 240 344 
202 344 240 87 121 
203 345 344 121 88 
204 88 349 347 348 
205 349 121 350 347 
206 347 350 119 323 
207 348 347 323 120 
208 120 353 351 352 
209 353 323 354 351 
210 357 321 358 355 
211 355 358 332 359 
212 356 355 359 340 
213 320 339 360 361 
214 339 75 329 360 
215 360 329 296 362 
216 361 360 362 325 
217 336 365 363 364 
218 365 322 341 363 
219 363 341 75 366 
220 364 363 366 339 
221 322 369 367 368 
222 369 342 356 367 
223 367 356 340 370 
224 368 367 370 341 
225 323 372 371 354 
226 372 119 373 371 
227 371 373 306 333 
228 354 371 333 321 
229 351 376 374 375 
230 376 354 377 374 
231 374 377 321 357 
232 375 374 357 342 
233 342 380 378 379 
234 380 357 381 378 
235 378 381 355 382 
236 379 378 382 356 
237 386 388 186 389 
238 387 386 389 176 
239 395 387 176 397 
240 396 395 397 175 
241 7 403 402 222 
242 403 16 404 402 
243 402 404 15 32 
244 222 402 32 13 
245 13 406 405 226 
246 406 32 407 405 
247 405 407 31 48 
248 226 405 48 26 
249 26 409 408 230 
250 409 48 410 408 
251 408 410 47 64 
252 230 408 64 42 
253 64 413 411 412 
254 413 47 414 411 
255 411 414 65 152 
256 412 411 152 63 
257 63 417 415 416 
258 417 152 418 415 
259 415 418 151 183 
260 416 415 183 81 
261 81 421 419 420 
262 421 183 422 419 
263 419 422 182 191 
264 420 419 191 157 
265 157 425 423 424 
266 425 191 426 423 
267 65 433 432 153 
268 433 147 434 432 
269 432 434 150 435 
270 153 432 435 50 
271 151 437 436 184 
272 437 153 438 436 
273 436 438 50 439 
274 184 436 439 154 
275 182 441 440 192 
276 441 184 442 440 
277 440 442 154 443 
278 192 440 443 185 
279 189 445 444 393 
280 445 192 446 444 
281 444 446 185 447 
282 393 444 447 193 
283 392 449 448 430 
284 449 189 450 448 
285 448 450 393 451 
286 430 448 451 390 
287 66 394 452 453 
288 394 193 454 452 
289 452 454 386 455 
290 453 452 455 387 
291 456 458 394 459 
292 457 456 459 66 
293 427 462 460 461 
294 462 430 463 460 
295 460 463 390 464 
296 461 460 464 431 
297 42 466 465 234 
298 466 64 412 465 
299 465 412 63 80 
300 234 465 80 58 
301 80 469 467 468 
302 469 63 416 467 
303 467 416 81 156 
304 468 467 156 79 
305 156 472 470 471 
306 472 81 420 470 
307 470 420 157 384 
308 471 470 384 155 
309 384 475 473 474 
310 475 157 424 473 
311 428 482 480 481 
312 480 461 431 483 
313 481 480 483 391 
314 424 486 484 485 
315 486 423 487 484 
316 484 487 392 429 
317 485 484 429 190 
318 190 490 488 489 
319 490 429 491 488 
320 488 491 427 482 
321 489 488 482 428 
322 482 494 492 493 
323 494 427 495 492 
324 492 495 461 496 
325 493 492 496 480 
326 385 401 505 506 
327 401 66 453 505 
328 505 453 387 507 
329 506 505 507 395 
330 508 457 66 510 
331 509 508 510 401 
332 477 513 511 512 
333 513 476 514 511 
334 511 514 479 515 
335 512 511 515 398 
336 155 518 516 517 
337 518 384 474 516 
338 523 509 401 525 
339 524 523 525 385 
340 502 528 526 527 
341 528 501 529 526 
342 526 529 504 530 
343 527 526 530 399 
344 82 181 531 532 
345 531 396 175 533 
346 532 531 533 133 
347 158 500 534 535 
348 500 385 506 534 
349 534 506 395 536 
350 535 534 536 396 
351 537 524 385 539 
352 538 537 539 500 
353 542 502 527 540 
354 540 527 399 543 
355 178 546 544 545 
356 546 180 498 544 
357 544 498 158 547 
358 545 544 547 181 
359 180 550 548 549 
360 550 499 520 548 
361 548 520 497 551 
362 549 548 551 498 
363 520 554 552 553 
364 553 552 555 497 
365 516 558 556 557 
366 558 474 559 556 
367 556 559 383 521 
368 557 556 521 499 
369 521 562 560 561 
370 562 383 563 560 
371 560 563 502 542 
372 561 560 542 519 
373 519 566 564 565 
374 566 542 567 564 
375 564 567 540 568 
376 499 571 569 570 
377 571 521 561 569 
378 569 561 519 554 
379 570 569 554 520 
380 554 574 572 573 
381 574 519 565 572 
382 572 565 541 575 
383 573 572 575 552 
384 522 543 576 577 
385 543 399 578 576 
386 576 578 524 579 
387 577 576 579 537 
388 541 568 580 581 
389 568 540 582 580 
390 580 582 543 583 
391 581 580 583 522 
392 565 586 584 585 
393 586 564 587 584 
394 584 587 568 588 
395 585 584 588 541 
396 1 591 589 590 
397 591 12 220 589 
398 589 220 10 94 
399 590 589 94 11 
400 16 593 592 404 
401 593 2 594 592 
402 592 594 17 140 
403 404 592 140 15 
404 10 597 595 596 
405 597 25 224 595 
406 595 224 23 98 
407 596 595 98 24 
408 32 599 598 407 
409 599 15 600 598 
410 598 600 33 144 
411 407 598 144 31 
412 23 603 601 602 
413 603 41 228 601 
414 601 228 39 102 
415 602 601 102 40 
416 48 605 604 410 
417 605 31 606 604 
418 604 606 49 148 
419 410 604 148 47 
420 39 609 607 608 
421 609 57 232 607 
422 607 232 55 106 
423 608 607 106 56 
424 55 612 610 611 
425 612 73 236 610 
426 610 236 71 110 
427 611 610 110 72 
428 58 614 613 238 
429 614 80 468 613 
430 613 468 79 125 
431 238 613 125 74 
432 110 617 615 616 
433 617 71 345 615 
434 615 345 88 319 
435 616 615 319 108 
436 121 619 618 350 
437 619 87 620 618 
438 618 620 122 307 
439 350 618 307 119 
440 74 622 621 242 
441 622 125 623 621 
442 621 623 124 136 
443 242 621 136 90 
444 125 625 624 623 
445 625 79 626 624 
446 624 626 126 160 
447 623 624 160 124 
448 87 628 627 620 
449 628 129 244 627 
450 627 244 128 205 
451 620 627 205 122 
452 127 162 629 208 
453 162 82 532 629 
454 629 532 133 630 
455 208 629 630 132 
456 90 632 631 246 
457 632 136 633 631 
458 631 633 135 252 
459 246 631 252 130 
460 47 635 634 414 
461 635 148 636 634 
462 634 636 147 433 
463 414 634 433 65 
464 152 638 637 418 
465 638 65 639 637 
466 637 639 153 437 
467 418 637 437 151 
468 79 641 640 626 
469 641 156 471 640 
470 640 471 155 179 
471 626 640 179 126 
472 50 435 642 173 
473 435 150 643 642 
474 642 643 169 644 
475 173 642 644 77 
476 154 439 645 187 
477 439 50 646 645 
478 645 646 173 647 
479 187 645 647 172 
480 179 650 648 649 
481 650 155 517 648 
482 648 517 180 546 
483 649 648 546 178 
484 183 652 651 422 
485 652 151 653 651 
486 651 653 184 441 
487 422 651 441 182 
488 185 443 654 388 
489 443 154 655 654 
490 654 655 187 656 
491 388 654 656 186 
492 191 658 657 426 
493 658 182 659 657 
494 657 659 192 445 
495 426 657 445 189 
496 205 662 660 661 
497 662 128 248 660 
498 660 248 199 303 
499 661 660 303 203 
500 204 664 663 315 
501 664 203 302 663 
502 663 302 206 665 
503 315 663 665 91 
504 5 254 666 212 
505 254 138 667 666 
506 666 667 207 668 
507 212 666 668 196 
508 250 670 669 270 
509 670 264 671 669 
510 669 671 256 272 
511 270 669 272 198 
512 306 673 672 334 
513 673 305 313 672 
514 672 313 308 674 
515 334 672 674 123 
516 319 677 675 676 
517 677 88 348 675 
518 675 348 120 338 
519 676 675 338 317 
520 338 680 678 679 
521 680 120 352 678 
522 678 352 322 365 
523 679 678 365 336 
524 352 683 681 682 
525 683 351 375 681 
526 681 375 342 369 
527 682 681 369 322 
528 193 447 684 454 
529 447 185 685 684 
530 684 685 388 686 
531 454 684 686 386 
532 390 451 687 458 
533 451 393 688 687 
534 687 688 193 689 
535 458 687 689 394 
536 423 691 690 487 
537 691 426 692 690 
538 690 692 189 449 
539 487 690 449 392 
540 429 694 693 491 
541 694 392 695 693 
542 693 695 430 462 
543 491 693 462 427 
544 473 698 696 697 
545 698 424 485 696 
546 696 485 190 478 
547 697 696 478 400 
548 474 700 699 559 
549 700 473 697 699 
550 699 697 400 503 
551 559 699 503 383 
552 476 702 701 514 
553 702 428 481 701 
554 701 481 391 703 
555 514 701 703 479 
556 498 551 704 705 
557 551 497 538 704 
558 704 538 500 706 
559 705 704 706 158 
560 383 708 707 563 
561 708 503 709 707 
562 707 709 501 528 
563 563 707 528 502 
564 501 711 710 529 
565 711 477 512 710 
566 710 512 398 712 
567 529 710 712 504 
568 517 715 713 714 
569 715 516 557 713 
570 713 557 499 550 
571 714 713 550 180 
572 399 530 716 578 
573 530 504 717 716 
574 716 717 523 718 
575 578 716 718 524 
576 504 712 719 717 
577 712 398 720 719 
578 719 720 509 721 
579 717 719 721 523 
580 181 547 722 723 
581 547 158 535 722 
582 722 535 396 724 
583 723 722 724 531 
584 497 555 725 726 
585 555 522 577 725 
586 725 577 537 727 
587 726 725 727 538 
588 552 575 728 729 
589 575 541 581 728 
590 728 581 522 730 
591 729 728 730 555 
592 122 733 731 732 
593 733 205 661 731 
594 731 661 203 664 
595 732 731 664 204 
596 119 735 734 373 
597 735 307 736 734 
598 734 736 305 673 
599 373 734 673 306 
600 307 738 737 736 
601 738 122 732 737 
602 737 732 204 314 
603 736 737 314 305 
604 478 741 739 740 
605 741 190 489 739 
606 739 489 428 702 
607 740 739 702 476 
608 503 743 742 709 
609 743 400 744 742 
610 742 744 477 711 
611 709 742 711 501 
612 398 515 745 720 
613 515 479 746 745 
614 745 746 508 747 
615 720 745 747 509 
616 479 703 748 746 
617 703 391 749 748 
618 748 749 457 750 
619 746 748 750 508 
620 391 483 751 749 
621 483 431 752 751 
622 751 752 456 753 
623 749 751 753 457 
624 431 464 754 752 
625 464 390 755 754 
626 754 755 458 756 
627 752 754 756 456 
628 400 758 757 744 
629 758 478 740 757 
630 757 740 476 513 
631 744 757 513 477 
