2 0.000000 100.000000 473.401889
739 613 
1 -23.548172 0.000000 -23.527179 96.111246 0.000000 27.569473 0.000255 
2 27.349144 0.000000 -23.527179 96.124451 0.000000 27.491585 0.000430 
3 27.349144 0.000000 23.780574 96.208942 0.000000 27.315082 -0.000227 
4 -23.548172 0.000000 23.780574 96.150092 0.000000 27.565937 -0.000472 
5 1.900486 0.000000 0.126698 93.145771 0.000000 -0.236628 0.132381 
6 -23.548172 0.000000 0.126698 96.133479 0.000000 27.589723 -0.000284 
7 1.900486 0.000000 -23.527179 96.081041 0.000000 27.517135 0.001124 
8 27.349144 0.000000 0.126698 96.397773 0.000000 26.572877 0.000135 
9 1.900486 0.000000 23.780574 96.205547 0.000000 27.483601 -0.001086 
10 -10.823843 0.000000 -11.700240 96.064358 0.000000 27.586432 0.001063 
11 -23.548172 0.000000 -11.700240 96.113874 0.000000 27.581219 0.000140 
12 -10.823843 0.000000 -23.527179 96.092682 0.000000 27.558210 0.000674 
13 1.900486 0.000000 -11.700240 95.951316 0.000000 27.371332 0.004416 
14 -10.823843 0.000000 0.126698 96.155362 0.000000 27.669939 -0.001148 
15 14.624815 0.000000 -11.700240 96.120953 0.000000 27.288145 0.001612 
16 14.624815 0.000000 -23.527179 96.104449 0.000000 27.486987 0.000840 
17 27.349144 0.000000 -11.700240 96.155313 0.000000 27.374508 0.000479 
18 14.624815 0.000000 0.126698 96.862568 0.000000 24.855797 -0.000017 
19 -10.823843 0.000000 11.953636 96.224229 0.000000 27.572092 -0.001932 
20 -23.548172 0.000000 11.953636 96.151051 0.000000 27.578424 -0.000559 
21 1.900486 0.000000 11.953636 96.434912 0.000000 27.245535 -0.004201 
22 -10.823843 0.000000 23.780574 96.177438 0.000000 27.547583 -0.000897 
23 -4.461678 0.000000 -5.786771 95.873245 0.000000 27.639869 0.004436 
24 -10.823843 0.000000 -5.786771 96.073984 0.000000 27.635500 0.000607 
25 -4.461678 0.000000 -11.700240 95.990420 0.000000 27.539224 0.002743 
26 1.900486 0.000000 -5.786771 95.497493 0.000000 26.888137 0.015726 
27 -4.461678 0.000000 0.126698 96.226990 0.000000 27.989978 -0.004307 
28 14.624815 0.000000 11.953636 96.411560 0.000000 26.707834 -0.000850 
29 27.349144 0.000000 11.953636 96.689091 0.000000 25.620501 -0.000519 
30 14.624815 0.000000 23.780574 96.203542 0.000000 27.401050 -0.000594 
31 8.262650 0.000000 -5.786771 96.112588 0.000000 26.607602 0.005441 
32 8.262650 0.000000 -11.700240 96.052251 0.000000 27.265019 0.003058 
33 14.624815 0.000000 -5.786771 96.235693 0.000000 26.888331 0.001571 
34 8.262650 0.000000 0.126698 97.897509 0.000000 21.046843 -0.002689 
35 -4.461678 0.000000 6.040167 96.521880 0.000000 27.587668 -0.007755 
36 -10.823843 0.000000 6.040167 96.228651 0.000000 27.624467 -0.002306 
37 1.900486 0.000000 6.040167 97.155501 0.000000 26.542102 -0.014367 
38 -4.461678 0.000000 11.953636 96.330903 0.000000 27.495290 -0.003563 
39 -1.280596 0.000000 -2.830037 95.146993 0.000000 27.883073 0.016958 
40 -4.461678 0.000000 -2.830037 95.907354 0.000000 27.834530 0.002702 
41 -1.280596 0.000000 -5.786771 95.608070 0.000000 27.444843 0.010588 
42 1.900486 0.000000 -2.830037 94.197389 0.000000 25.590422 0.047198 
43 -1.280596 0.000000 0.126698 96.261294 0.000000 29.276947 -0.012338 
44 8.262650 0.000000 6.040167 96.891867 0.000000 25.297464 -0.002800 
45 14.624815 0.000000 6.040167 97.206714 0.000000 23.857911 -0.001835 
46 8.262650 0.000000 11.953636 96.404642 0.000000 26.964471 -0.002094 
47 5.081568 0.000000 -2.830037 95.981819 0.000000 24.765759 0.017415 
48 5.081568 0.000000 -5.786771 95.842267 0.000000 26.535712 0.011012 
49 8.262650 0.000000 -2.830037 96.436239 0.000000 25.525678 0.004849 
50 5.081568 0.000000 0.126698 100.548114 0.000000 4.877044 -0.013371 
51 -1.280596 0.000000 3.083432 97.491673 0.000000 27.763018 -0.027541 
52 -4.461678 0.000000 3.083432 96.526504 0.000000 27.800259 -0.009022 
53 1.900486 0.000000 3.083432 98.919844 0.000000 25.160937 -0.041821 
54 -1.280596 0.000000 6.040167 96.894150 0.000000 27.321839 -0.013496 
55 0.309945 0.000000 -1.351669 92.310327 0.000000 28.444917 0.066969 
56 -1.280596 0.000000 -1.351669 95.209217 0.000000 28.703554 0.011131 
57 0.309945 0.000000 -2.830037 94.279260 0.000000 27.206285 0.037124 
58 1.900486 0.000000 -1.351669 91.676924 0.000000 22.319381 0.109719 
59 0.309945 0.000000 0.126698 98.406650 0.000000 0.000000 0.031613 
60 5.081568 0.000000 3.083432 97.619027 0.000000 23.261117 -0.007055 
61 8.262650 0.000000 3.083432 97.513488 0.000000 22.862188 -0.003156 
62 5.081568 0.000000 6.040167 96.978228 0.000000 25.796370 -0.007023 
63 3.491027 0.000000 -1.351669 95.262591 0.000000 21.166328 0.047703 
64 3.491027 0.000000 -2.830037 95.183324 0.000000 24.702656 0.032991 
65 5.081568 0.000000 -1.351669 96.694585 0.000000 22.201076 0.015727 
66 3.491027 0.000000 0.126698 97.042458 0.000000 -0.000000 0.058276 
67 0.309945 0.000000 1.605065 100.356719 0.000000 28.581871 -0.088839 
68 -1.280596 0.000000 1.605065 97.503514 0.000000 28.675847 -0.032924 
69 1.900486 0.000000 1.605065 101.621748 0.000000 23.367919 -0.087304 
70 0.309945 0.000000 3.083432 98.545969 0.000000 26.980774 -0.043927 
71 1.105215 0.000000 -0.612486 91.101886 0.000000 -0.800533 0.169981 
72 0.309945 0.000000 -0.612486 89.981400 0.000000 30.897572 0.094869 
73 1.105215 0.000000 -1.351669 90.651745 0.000000 25.573223 0.112827 
74 1.900486 0.000000 -0.612486 96.623568 0.000000 -0.156632 0.066386 
75 1.105215 0.000000 0.126698 82.682747 0.000000 -0.382738 0.316342 
76 3.491027 0.000000 1.605065 98.741384 0.000000 21.804363 -0.022529 
77 5.081568 0.000000 1.605065 99.466668 0.000000 16.330184 -0.016029 
78 3.491027 0.000000 3.083432 98.214163 0.000000 23.814783 -0.021317 
79 2.695757 0.000000 -0.612486 94.137235 0.000000 15.347399 0.090264 
80 2.695757 0.000000 -1.351669 93.790637 0.000000 21.165459 0.075534 
81 3.491027 0.000000 -0.612486 96.276094 0.000000 16.369136 0.046297 
82 2.695757 0.000000 0.126698 96.108152 0.000000 0.000000 0.076322 
83 1.105215 0.000000 0.865882 89.916160 0.000000 -1.003356 0.191408 
84 0.309945 0.000000 0.865882 101.046177 0.000000 32.020019 -0.123561 
85 1.900486 0.000000 0.865882 97.257939 0.000000 -0.139399 0.054087 
86 1.105215 0.000000 1.605065 102.169082 0.000000 26.329342 -0.113176 
87 1.502851 0.000000 -0.242894 93.888269 0.000000 -0.475039 0.118477 
88 1.105215 0.000000 -0.242894 93.270192 0.000000 -0.552540 0.130037 
89 1.502851 0.000000 -0.612486 93.856682 0.000000 -0.481219 0.119069 
90 1.900486 0.000000 -0.242894 94.657283 0.000000 -0.377841 0.103986 
91 1.502851 0.000000 0.126698 85.587181 0.000000 -0.296400 0.267475 
92 -17.186007 0.000000 -5.786771 96.112051 0.000000 27.603237 0.000053 
93 -23.548172 0.000000 -5.786771 96.121630 0.000000 27.587505 -0.000044 
94 -17.186007 0.000000 -11.700240 96.099623 0.000000 27.586848 0.000383 
95 -17.186007 0.000000 0.126698 96.139196 0.000000 27.610680 -0.000509 
96 -7.642761 0.000000 -2.830037 96.062921 0.000000 27.726683 0.000315 
97 -10.823843 0.000000 -2.830037 96.106098 0.000000 27.660328 -0.000148 
98 -7.642761 0.000000 -5.786771 96.015749 0.000000 27.653259 0.001627 
99 -7.642761 0.000000 0.126698 96.177910 0.000000 27.762021 -0.002092 
100 -2.871137 0.000000 -1.351669 95.846266 0.000000 28.199560 0.001828 
101 -4.461678 0.000000 -1.351669 96.030770 0.000000 27.947148 -0.000295 
102 -2.871137 0.000000 -2.830037 95.665069 0.000000 27.921428 0.006859 
103 -2.871137 0.000000 0.126698 96.271208 0.000000 28.335190 -0.007103 
104 -0.485326 0.000000 -0.612486 95.161194 0.000000 30.057576 0.004089 
105 -1.280596 0.000000 -0.612486 95.653879 0.000000 29.103807 0.000330 
106 -0.485326 0.000000 -1.351669 94.314205 0.000000 28.959653 0.026617 
107 -0.485326 0.000000 0.126698 95.541476 0.000000 29.850834 -0.001925 
108 0.707580 0.000000 -0.242894 90.588927 0.000000 -0.881582 0.179287 
109 0.309945 0.000000 -0.242894 84.928769 0.000000 28.380053 0.198168 
110 0.707580 0.000000 -0.612486 86.490991 0.000000 27.334210 0.177215 
111 0.707580 0.000000 0.126698 93.308272 0.000000 -0.345584 0.129345 
112 2.695757 0.000000 0.865882 101.398589 0.000000 15.032535 -0.050765 
113 3.491027 0.000000 0.865882 100.882683 0.000000 12.508868 -0.033379 
114 2.695757 0.000000 1.605065 99.920851 0.000000 22.141923 -0.047444 
115 1.502851 0.000000 0.496290 93.881650 0.000000 -0.476650 0.118601 
116 1.105215 0.000000 0.496290 92.937139 0.000000 -0.583819 0.136235 
117 1.900486 0.000000 0.496290 95.512028 0.000000 -0.262098 0.087738 
118 1.502851 0.000000 0.865882 94.868167 0.000000 -0.262639 0.099996 
119 1.304033 0.000000 -0.058098 66.276539 0.000000 -0.247090 0.560736 
120 1.105215 0.000000 -0.058098 73.714021 0.000000 -0.250623 0.456618 
121 1.304033 0.000000 -0.242894 93.527809 0.000000 -0.518968 0.125228 
122 1.502851 0.000000 -0.058098 81.583026 0.000000 -0.225325 0.334416 
123 1.304033 0.000000 0.126698 76.899371 0.000000 -0.366887 0.408635 
124 2.298121 0.000000 -0.242894 96.870636 0.000000 -0.145363 0.061606 
125 2.298121 0.000000 -0.612486 92.216506 0.000000 14.998978 0.127115 
126 2.695757 0.000000 -0.242894 95.084381 0.000000 6.702766 0.091403 
127 2.298121 0.000000 0.126698 96.179867 0.000000 -0.052578 0.074943 
128 1.701668 0.000000 -0.058098 87.236784 0.000000 -0.199949 0.238970 
129 1.701668 0.000000 -0.242894 94.217991 0.000000 -0.437636 0.112278 
130 1.900486 0.000000 -0.058098 92.407199 0.000000 -0.178491 0.146088 
131 1.701668 0.000000 0.126698 89.600507 0.000000 -0.262257 0.197168 
132 2.298121 0.000000 0.496290 97.033633 0.000000 -0.140142 0.058445 
133 2.695757 0.000000 0.496290 101.306623 0.000000 6.485931 -0.030510 
134 2.298121 0.000000 0.865882 102.442292 0.000000 16.711084 -0.077368 
135 2.099304 0.000000 -0.058098 95.484058 0.000000 -0.063453 0.088279 
136 2.099304 0.000000 -0.242894 96.428101 0.000000 -0.170678 0.070159 
137 2.298121 0.000000 -0.058098 96.053865 0.000000 -0.035176 0.077365 
138 2.099304 0.000000 0.126698 95.643852 0.000000 -0.090044 0.085225 
139 20.986979 0.000000 -5.786771 96.227033 0.000000 27.075569 0.000727 
140 20.986979 0.000000 -11.700240 96.148133 0.000000 27.334435 0.000837 
141 27.349144 0.000000 -5.786771 96.211054 0.000000 27.194340 0.000390 
142 20.986979 0.000000 0.126698 96.546398 0.000000 26.024740 0.000151 
143 11.443733 0.000000 -2.830037 96.436474 0.000000 26.018774 0.002303 
144 11.443733 0.000000 -5.786771 96.209272 0.000000 26.745150 0.002847 
145 14.624815 0.000000 -2.830037 96.405399 0.000000 26.355884 0.001137 
146 11.443733 0.000000 0.126698 97.187777 0.000000 23.629876 -0.000384 
147 6.672109 0.000000 -1.351669 96.975530 0.000000 23.492044 0.004387 
148 6.672109 0.000000 -2.830037 96.333897 0.000000 25.158080 0.008685 
149 8.262650 0.000000 -1.351669 96.870618 0.000000 24.325223 0.002437 
150 6.672109 0.000000 0.126698 99.066422 0.000000 18.147680 -0.014349 
151 4.286298 0.000000 -0.612486 97.285886 0.000000 17.948723 0.021330 
152 4.286298 0.000000 -1.351669 96.187279 0.000000 21.573982 0.028257 
153 5.081568 0.000000 -0.612486 97.683049 0.000000 19.309710 0.008516 
154 4.286298 0.000000 0.126698 104.654628 0.000000 -29.230972 -0.180704 
155 3.093392 0.000000 -0.242894 96.634263 0.000000 8.097994 0.059624 
156 3.093392 0.000000 -0.612486 95.246925 0.000000 15.897466 0.067529 
157 3.491027 0.000000 -0.242894 99.940821 0.000000 10.260290 -0.009344 
158 3.093392 0.000000 0.126698 95.265399 0.000000 0.000000 0.092450 
159 2.496939 0.000000 -0.058098 96.224803 0.000000 -0.020714 0.074079 
160 2.496939 0.000000 -0.242894 97.316433 0.000000 -0.140906 0.052949 
161 2.695757 0.000000 -0.058098 96.164751 0.000000 0.000000 0.075234 
162 2.496939 0.000000 0.126698 96.309363 0.000000 -0.036905 0.072451 
163 20.986979 0.000000 6.040167 99.963214 0.000000 14.186874 -0.019391 
164 27.349144 0.000000 6.040167 98.665648 0.000000 18.699281 -0.008457 
165 20.986979 0.000000 11.953636 96.499806 0.000000 26.313541 -0.000462 
166 11.443733 0.000000 3.083432 100.883509 0.000000 10.982813 -0.029810 
167 14.624815 0.000000 3.083432 99.470813 0.000000 15.875820 -0.014648 
168 11.443733 0.000000 6.040167 97.007582 0.000000 24.662748 -0.001872 
169 6.672109 0.000000 1.605065 101.884764 0.000000 7.911191 -0.044309 
170 8.262650 0.000000 1.605065 99.826132 0.000000 14.656685 -0.018008 
171 6.672109 0.000000 3.083432 97.461899 0.000000 23.100403 -0.003245 
172 4.286298 0.000000 0.865882 100.863078 0.000000 10.790853 -0.028980 
173 5.081568 0.000000 0.865882 100.598939 0.000000 13.419835 -0.030024 
174 4.286298 0.000000 1.605065 98.522011 0.000000 20.271741 -0.011753 
175 3.093392 0.000000 0.496290 100.686168 0.000000 7.788226 -0.019836 
176 3.491027 0.000000 0.496290 99.723997 0.000000 9.586334 -0.003677 
177 3.093392 0.000000 0.865882 100.980506 0.000000 14.068605 -0.039499 
178 2.894574 0.000000 -0.058098 96.247115 0.000000 -0.000000 0.073649 
179 2.894574 0.000000 -0.242894 95.903960 0.000000 7.361353 0.074824 
180 3.093392 0.000000 -0.058098 95.208552 0.000000 -0.000000 0.093533 
181 2.894574 0.000000 0.126698 96.079932 0.000000 0.000000 0.076865 
182 3.888662 0.000000 -0.242894 99.335729 0.000000 14.025255 -0.006429 
183 3.888662 0.000000 -0.612486 96.990075 0.000000 17.191653 0.029737 
184 4.286298 0.000000 -0.242894 98.226013 0.000000 14.765071 0.013364 
185 3.888662 0.000000 0.126698 98.685381 0.000000 0.000000 0.026120 
186 3.888662 0.000000 0.496290 99.065414 0.000000 12.615070 0.002690 
187 4.286298 0.000000 0.496290 99.318568 0.000000 13.576286 -0.004849 
188 3.888662 0.000000 0.865882 100.466716 0.000000 13.083778 -0.026475 
189 3.689845 0.000000 -0.058098 98.731193 0.000000 -0.000000 0.025215 
190 3.491027 0.000000 -0.058098 96.968969 0.000000 -0.000000 0.059702 
191 3.689845 0.000000 -0.242894 100.477305 0.000000 12.374886 -0.024883 
192 3.888662 0.000000 -0.058098 99.314478 0.000000 0.000000 0.013663 
193 3.689845 0.000000 0.126698 99.013413 0.000000 -0.000000 0.019634 
194 1.701668 0.000000 0.311494 94.265710 0.000000 -0.431776 0.111379 
195 1.502851 0.000000 0.311494 93.899961 0.000000 -0.472986 0.118257 
196 1.900486 0.000000 0.311494 94.471548 0.000000 -0.410353 0.107496 
197 1.701668 0.000000 0.496290 94.164331 0.000000 -0.444346 0.113288 
198 1.801077 0.000000 0.034300 93.776707 0.000000 -0.152280 0.120591 
199 1.701668 0.000000 0.034300 91.504446 0.000000 -0.162567 0.162691 
200 1.801077 0.000000 -0.058098 89.314760 0.000000 -0.186783 0.202284 
201 1.900486 0.000000 0.034300 92.254434 0.000000 -0.167687 0.148909 
202 1.801077 0.000000 0.126698 91.630961 0.000000 -0.278523 0.160369 
203 2.099304 0.000000 0.311494 96.175208 0.000000 -0.192816 0.075029 
204 2.298121 0.000000 0.311494 96.874075 0.000000 -0.145306 0.061539 
205 2.099304 0.000000 0.496290 96.413121 0.000000 -0.171363 0.070448 
206 1.999895 0.000000 0.034300 93.985814 0.000000 -0.090142 0.116666 
207 1.999895 0.000000 -0.058098 93.819185 0.000000 -0.109566 0.119795 
208 2.099304 0.000000 0.034300 95.453897 0.000000 -0.059455 0.088855 
209 1.999895 0.000000 0.126698 94.555213 0.000000 -0.175204 0.105928 
210 1.801077 0.000000 0.219096 94.441427 0.000000 -0.412631 0.108065 
211 1.701668 0.000000 0.219096 94.307851 0.000000 -0.426591 0.110585 
212 1.900486 0.000000 0.219096 94.522256 0.000000 -0.404613 0.106538 
213 1.801077 0.000000 0.311494 94.391543 0.000000 -0.418454 0.109006 
214 1.850782 0.000000 0.080499 91.162500 0.000000 -0.192682 0.168936 
215 1.801077 0.000000 0.080499 89.626310 0.000000 -0.202067 0.196708 
216 1.850782 0.000000 0.034300 90.712360 0.000000 -0.137620 0.177125 
217 1.900486 0.000000 0.080499 92.614637 0.000000 -0.191562 0.142249 
218 1.850782 0.000000 0.126698 93.128098 0.000000 -0.316434 0.132706 
219 1.602260 0.000000 0.034300 89.544097 0.000000 -0.185117 0.198182 
220 1.502851 0.000000 0.034300 86.510287 0.000000 -0.225362 0.251592 
221 1.602260 0.000000 -0.058098 83.668081 0.000000 -0.211830 0.299961 
222 1.602260 0.000000 0.126698 88.257667 0.000000 -0.310348 0.221049 
223 1.751373 0.000000 0.080499 93.035427 0.000000 -0.181647 0.134438 
224 1.701668 0.000000 0.080499 91.784487 0.000000 -0.179201 0.157558 
225 1.751373 0.000000 0.034300 93.108375 0.000000 -0.159552 0.133081 
226 1.751373 0.000000 0.126698 89.805447 0.000000 -0.253807 0.193492 
227 -4.461678 0.000000 -17.613710 96.053903 0.000000 27.534840 0.001548 
228 -10.823843 0.000000 -17.613710 96.079098 0.000000 27.564967 0.000898 
229 -4.461678 0.000000 -23.527179 96.082871 0.000000 27.541074 0.000957 
230 1.900486 0.000000 -17.613710 96.046574 0.000000 27.480610 0.001987 
231 -1.280596 0.000000 -8.743506 95.835735 0.000000 27.435962 0.006278 
232 -4.461678 0.000000 -8.743506 95.934194 0.000000 27.560765 0.003703 
233 -1.280596 0.000000 -11.700240 95.958560 0.000000 27.465088 0.003762 
234 1.900486 0.000000 -8.743506 95.827562 0.000000 27.225382 0.007586 
235 0.309945 0.000000 -4.308404 95.095906 0.000000 27.119286 0.022131 
236 -1.280596 0.000000 -4.308404 95.385850 0.000000 27.552608 0.014239 
237 0.309945 0.000000 -5.786771 95.484987 0.000000 27.202291 0.014265 
238 1.900486 0.000000 -4.308404 95.098747 0.000000 26.476312 0.025523 
239 1.105215 0.000000 -2.090853 92.901609 0.000000 26.120384 0.068702 
240 0.309945 0.000000 -2.090853 93.503835 0.000000 27.509460 0.050026 
241 1.105215 0.000000 -2.830037 94.043058 0.000000 26.428587 0.045743 
242 1.900486 0.000000 -2.090853 93.268428 0.000000 24.585226 0.069657 
243 1.502851 0.000000 -0.982078 88.915124 0.000000 21.988149 0.161062 
244 1.105215 0.000000 -0.982078 88.452656 0.000000 24.877823 0.155722 
245 1.502851 0.000000 -1.351669 90.847768 0.000000 23.764910 0.118191 
246 1.900486 0.000000 -0.982078 90.544597 0.000000 19.988443 0.140214 
247 1.701668 0.000000 -0.427690 94.118348 0.000000 -0.450049 0.114153 
248 1.502851 0.000000 -0.427690 93.870052 0.000000 -0.478605 0.118818 
249 1.701668 0.000000 -0.612486 95.673906 0.000000 -0.238383 0.084645 
250 1.900486 0.000000 -0.427690 95.789888 0.000000 -0.229589 0.082424 
251 1.801077 0.000000 -0.150496 93.201714 0.000000 -0.338268 0.131333 
252 1.701668 0.000000 -0.150496 91.127755 0.000000 -0.353495 0.169561 
253 1.801077 0.000000 -0.242894 94.335321 0.000000 -0.425040 0.110067 
254 1.900486 0.000000 -0.150496 93.234861 0.000000 -0.329632 0.130715 
255 1.850782 0.000000 -0.011899 89.832311 0.000000 -0.090673 0.193015 
256 1.801077 0.000000 -0.011899 89.210393 0.000000 -0.147495 0.204148 
257 1.850782 0.000000 -0.058098 90.827763 0.000000 -0.173833 0.175029 
258 1.900486 0.000000 -0.011899 92.112462 0.000000 -0.159933 0.151527 
259 1.825929 0.000000 0.057399 95.143949 0.000000 -0.147813 0.094761 
260 1.801077 0.000000 0.057399 94.989248 0.000000 -0.152045 0.097702 
261 1.825929 0.000000 0.034300 92.917926 0.000000 -0.142615 0.136624 
262 1.850782 0.000000 0.057399 94.728032 0.000000 -0.156375 0.102658 
263 1.825929 0.000000 0.080499 91.083618 0.000000 -0.196148 0.170374 
264 1.751373 0.000000 -0.011899 87.817907 0.000000 -0.170319 0.228799 
265 1.701668 0.000000 -0.011899 86.344338 0.000000 -0.178465 0.254462 
266 1.751373 0.000000 -0.058098 88.687853 0.000000 -0.215292 0.213442 
267 1.825929 0.000000 0.011200 89.154185 0.000000 -0.111084 0.205152 
268 1.801077 0.000000 0.011200 89.221166 0.000000 -0.147579 0.203956 
269 1.825929 0.000000 -0.011899 89.153686 0.000000 -0.111815 0.205161 
270 1.850782 0.000000 0.011200 89.799809 0.000000 -0.088785 0.193599 
271 1.999895 0.000000 0.219096 95.344136 0.000000 -0.286709 0.090941 
272 2.099304 0.000000 0.219096 96.189959 0.000000 -0.191952 0.074745 
273 1.999895 0.000000 0.311494 95.615669 0.000000 -0.253665 0.085758 
274 1.950190 0.000000 0.080499 93.125505 0.000000 -0.206016 0.132760 
275 1.950190 0.000000 0.034300 93.180092 0.000000 -0.167843 0.131744 
276 1.999895 0.000000 0.080499 93.849805 0.000000 -0.120341 0.119220 
277 1.950190 0.000000 0.126698 93.285352 0.000000 -0.230590 0.129779 
278 1.875634 0.000000 0.057399 92.230668 0.000000 -0.178200 0.149347 
279 1.875634 0.000000 0.034300 91.091926 0.000000 -0.146673 0.170224 
280 1.900486 0.000000 0.057399 92.438999 0.000000 -0.179168 0.145500 
281 1.875634 0.000000 0.080499 92.495081 0.000000 -0.193620 0.144462 
282 1.838355 0.000000 0.045850 95.820297 0.000000 -0.147754 0.081845 
283 1.825929 0.000000 0.045850 95.676559 0.000000 -0.144168 0.084598 
284 1.838355 0.000000 0.034300 89.538577 0.000000 -0.138153 0.198282 
285 1.850782 0.000000 0.045850 94.866826 0.000000 -0.146806 0.100026 
286 1.838355 0.000000 0.057399 95.653565 0.000000 -0.151510 0.085037 
287 1.776225 0.000000 0.057399 94.605003 0.000000 -0.153067 0.104987 
288 1.751373 0.000000 0.057399 93.764121 0.000000 -0.166270 0.120826 
289 1.776225 0.000000 0.034300 92.869526 0.000000 -0.159940 0.137523 
290 1.776225 0.000000 0.080499 92.256624 0.000000 -0.191509 0.148868 
291 -17.186007 0.000000 6.040167 96.164611 0.000000 27.599544 -0.000937 
292 -23.548172 0.000000 6.040167 96.144756 0.000000 27.585886 -0.000480 
293 -17.186007 0.000000 11.953636 96.173049 0.000000 27.581023 -0.000997 
294 -7.642761 0.000000 3.083432 96.286520 0.000000 27.711990 -0.003905 
295 -10.823843 0.000000 3.083432 96.202485 0.000000 27.653990 -0.001966 
296 -7.642761 0.000000 6.040167 96.320419 0.000000 27.632934 -0.004120 
297 -2.871137 0.000000 1.605065 96.691870 0.000000 28.167407 -0.014272 
298 -4.461678 0.000000 1.605065 96.418143 0.000000 27.927452 -0.007640 
299 -2.871137 0.000000 3.083432 96.845929 0.000000 27.858878 -0.015525 
300 -0.485326 0.000000 0.865882 97.621432 0.000000 30.359016 -0.045161 
301 -1.280596 0.000000 0.865882 96.988271 0.000000 29.146573 -0.025625 
302 -0.485326 0.000000 1.605065 98.464729 0.000000 28.916586 -0.053147 
303 0.707580 0.000000 0.496290 90.233399 0.000000 -0.943915 0.185704 
304 0.309945 0.000000 0.496290 101.765094 0.000000 32.482776 -0.141127 
305 0.707580 0.000000 0.865882 104.155210 0.000000 31.127768 -0.181725 
306 1.304033 0.000000 0.311494 93.496347 0.000000 -0.522261 0.125816 
307 1.105215 0.000000 0.311494 93.216000 0.000000 -0.559137 0.131046 
308 1.304033 0.000000 0.496290 93.576119 0.000000 -0.513761 0.124325 
309 1.403442 0.000000 0.034300 82.169385 0.000000 -0.293500 0.324811 
310 1.304033 0.000000 0.034300 78.009557 0.000000 -0.430528 0.391432 
311 1.403442 0.000000 -0.058098 73.738557 0.000000 -0.238591 0.456257 
312 1.403442 0.000000 0.126698 77.821129 0.000000 -0.313812 0.394377 
313 1.403442 0.000000 0.219096 93.677995 0.000000 -0.498899 0.122418 
314 1.304033 0.000000 0.219096 93.462321 0.000000 -0.525897 0.126452 
315 1.502851 0.000000 0.219096 93.907655 0.000000 -0.471412 0.118113 
316 1.403442 0.000000 0.311494 93.692068 0.000000 -0.497865 0.122155 
317 1.453146 0.000000 0.080499 84.389018 0.000000 -0.259409 0.287843 
318 1.403442 0.000000 0.080499 82.588867 0.000000 -0.303984 0.317899 
319 1.453146 0.000000 0.034300 83.977149 0.000000 -0.229873 0.294779 
320 1.502851 0.000000 0.080499 87.454657 0.000000 -0.244842 0.235162 
321 1.453146 0.000000 0.126698 89.945375 0.000000 -0.363577 0.190970 
322 0.906398 0.000000 -0.058098 88.134134 0.000000 -0.243663 0.223232 
323 0.707580 0.000000 -0.058098 93.983701 0.000000 -0.219420 0.116702 
324 0.906398 0.000000 -0.242894 91.680478 0.000000 -0.726967 0.159416 
325 0.906398 0.000000 0.126698 92.222800 0.000000 -0.500314 0.149470 
326 1.204624 0.000000 0.034300 79.208913 0.000000 -0.650901 0.372552 
327 1.105215 0.000000 0.034300 73.876485 0.000000 -0.213044 0.454222 
328 1.204624 0.000000 -0.058098 66.970081 0.000000 -0.254837 0.551494 
329 1.204624 0.000000 0.126698 75.953328 0.000000 -0.338138 0.423098 
330 0.906398 0.000000 0.311494 91.959032 0.000000 -0.694875 0.154305 
331 0.707580 0.000000 0.311494 90.958841 0.000000 -0.825768 0.172581 
332 0.906398 0.000000 0.496290 91.378955 0.000000 -0.765022 0.164930 
333 1.204624 0.000000 0.219096 93.284955 0.000000 -0.549053 0.129762 
334 1.105215 0.000000 0.219096 93.161278 0.000000 -0.565872 0.132066 
335 1.204624 0.000000 0.311494 93.333305 0.000000 -0.543376 0.128860 
336 1.254329 0.000000 0.080499 74.639903 0.000000 -0.422662 0.442871 
337 1.204624 0.000000 0.080499 75.942418 0.000000 -0.473820 0.423252 
338 1.254329 0.000000 0.034300 71.859544 0.000000 -0.402980 0.483604 
339 1.304033 0.000000 0.080499 76.429049 0.000000 -0.373825 0.415846 
340 1.254329 0.000000 0.126698 80.595257 0.000000 -0.430331 0.350422 
341 1.005807 0.000000 0.034300 83.617946 0.000000 -0.239527 0.300798 
342 0.906398 0.000000 0.034300 88.415426 0.000000 -0.222299 0.218266 
343 1.005807 0.000000 -0.058098 84.134170 0.000000 -0.251379 0.292138 
344 1.005807 0.000000 0.126698 87.523044 0.000000 -0.340062 0.233960 
345 1.154920 0.000000 0.080499 74.019255 0.000000 -0.305443 0.452106 
346 1.105215 0.000000 0.080499 74.728870 0.000000 -0.276225 0.441552 
347 1.154920 0.000000 0.034300 71.587318 0.000000 -0.251111 0.487519 
348 1.154920 0.000000 0.126698 76.431074 0.000000 -0.338794 0.415818 
349 1.304033 0.000000 -0.427690 93.604309 0.000000 -0.510833 0.123797 
350 1.105215 0.000000 -0.427690 92.466821 0.000000 -0.631308 0.144949 
351 1.304033 0.000000 -0.612486 92.668420 0.000000 -0.603688 0.141220 
352 1.204624 0.000000 -0.150496 81.915957 0.000000 -0.444735 0.328958 
353 1.105215 0.000000 -0.150496 88.650711 0.000000 -0.449845 0.214085 
354 1.204624 0.000000 -0.242894 93.379941 0.000000 -0.537969 0.127990 
355 1.304033 0.000000 -0.150496 82.171245 0.000000 -0.428279 0.324770 
356 1.154920 0.000000 -0.011899 70.987597 0.000000 -0.241907 0.496070 
357 1.105215 0.000000 -0.011899 73.368957 0.000000 -0.194886 0.461696 
358 1.154920 0.000000 -0.058098 72.578633 0.000000 -0.282969 0.473226 
359 1.204624 0.000000 -0.011899 64.117103 0.000000 -0.230844 0.588894 
360 1.179772 0.000000 0.057399 83.089169 0.000000 -0.859107 0.309545 
361 1.154920 0.000000 0.057399 85.575426 0.000000 -1.028807 0.267579 
362 1.179772 0.000000 0.034300 77.312977 0.000000 -0.613537 0.402233 
363 1.204624 0.000000 0.057399 81.624784 0.000000 -0.709088 0.333689 
364 1.179772 0.000000 0.080499 73.325404 0.000000 -0.304986 0.462329 
365 1.005807 0.000000 0.219096 92.702837 0.000000 -0.614983 0.140581 
366 0.906398 0.000000 0.219096 91.926780 0.000000 -0.699671 0.154898 
367 1.005807 0.000000 0.311494 92.523281 0.000000 -0.632088 0.143904 
368 1.055511 0.000000 0.080499 80.971960 0.000000 -0.247848 0.344348 
369 1.005807 0.000000 0.080499 84.768356 0.000000 -0.273758 0.281425 
370 1.055511 0.000000 0.034300 78.594143 0.000000 -0.192149 0.382292 
371 1.055511 0.000000 0.126698 87.911811 0.000000 -0.446026 0.227131 
372 1.130068 0.000000 0.057399 73.270037 0.000000 -0.261009 0.463143 
373 1.105215 0.000000 0.057399 73.904902 0.000000 -0.255376 0.453800 
374 1.130068 0.000000 0.034300 72.521958 0.000000 -0.245472 0.474051 
375 1.130068 0.000000 0.080499 74.183508 0.000000 -0.278020 0.449673 
376 1.254329 0.000000 -0.011899 49.398762 0.000000 -0.125479 0.755975 
377 1.254329 0.000000 -0.058098 62.872434 0.000000 -0.239923 0.604700 
378 1.304033 0.000000 -0.011899 61.192478 0.000000 -0.198809 0.625544 
379 1.179772 0.000000 0.011200 66.588484 0.000000 -0.241852 0.556592 
380 1.154920 0.000000 0.011200 71.030499 0.000000 -0.242878 0.495461 
381 1.179772 0.000000 -0.011899 66.535805 0.000000 -0.240888 0.557293 
382 1.204624 0.000000 0.011200 64.164052 0.000000 -0.231718 0.588292 
383 1.167346 0.000000 0.045850 85.226978 0.000000 -0.992939 0.273538 
384 1.154920 0.000000 0.045850 86.227930 0.000000 -1.074760 0.256359 
385 1.167346 0.000000 0.034300 80.823630 0.000000 -0.786399 0.346692 
386 1.179772 0.000000 0.045850 83.373438 0.000000 -0.873497 0.304811 
387 1.167346 0.000000 0.057399 84.984187 0.000000 -0.939323 0.277681 
388 3.292209 0.000000 -0.058098 96.079226 0.000000 -0.000000 0.076878 
389 3.292209 0.000000 -0.242894 97.786648 0.000000 8.841871 0.035959 
390 3.292209 0.000000 0.126698 96.433759 0.000000 -0.000000 0.070053 
391 3.689845 0.000000 0.311494 97.168577 0.000000 11.206848 0.043267 
392 3.491027 0.000000 0.311494 97.466104 0.000000 10.016487 0.040003 
393 3.888662 0.000000 0.311494 97.994037 0.000000 11.903460 0.025548 
394 3.689845 0.000000 0.496290 99.182159 0.000000 11.300749 0.003519 
395 3.590436 0.000000 0.034300 98.191318 0.000000 -0.000000 0.035846 
396 3.491027 0.000000 0.034300 97.212359 0.000000 -0.000000 0.054976 
397 3.590436 0.000000 -0.058098 98.188973 0.000000 -0.000000 0.035893 
398 3.689845 0.000000 0.034300 98.812753 0.000000 -0.000000 0.023604 
399 3.590436 0.000000 0.126698 97.941900 0.000000 -0.000000 0.040738 
400 3.292209 0.000000 0.311494 98.639074 0.000000 9.156510 0.018649 
401 3.093392 0.000000 0.311494 99.270366 0.000000 8.383790 0.007511 
402 3.292209 0.000000 0.496290 100.381316 0.000000 8.292849 -0.014518 
403 3.391618 0.000000 0.034300 96.718159 0.000000 -0.000000 0.064560 
404 3.292209 0.000000 0.034300 95.823657 0.000000 -0.000000 0.081783 
405 3.391618 0.000000 -0.058098 96.704760 0.000000 0.000000 0.064819 
406 3.391618 0.000000 0.126698 96.593858 0.000000 -0.000000 0.066963 
407 8.262650 0.000000 -17.613710 96.071676 0.000000 27.437109 0.001744 
408 8.262650 0.000000 -23.527179 96.090323 0.000000 27.496525 0.001059 
409 14.624815 0.000000 -17.613710 96.103332 0.000000 27.427458 0.001188 
410 5.081568 0.000000 -8.743506 95.927939 0.000000 27.071448 0.006497 
411 5.081568 0.000000 -11.700240 95.997979 0.000000 27.294838 0.003938 
412 8.262650 0.000000 -8.743506 96.047081 0.000000 27.045294 0.004351 
413 3.491027 0.000000 -4.308404 95.445468 0.000000 26.024696 0.021288 
414 3.491027 0.000000 -5.786771 95.646468 0.000000 26.641761 0.014197 
415 5.081568 0.000000 -4.308404 95.833884 0.000000 25.924823 0.014377 
416 4.286298 0.000000 -2.090853 95.787412 0.000000 23.507167 0.027218 
417 3.491027 0.000000 -2.090853 95.109431 0.000000 23.399976 0.040664 
418 4.286298 0.000000 -2.830037 95.626039 0.000000 24.642415 0.024841 
419 5.081568 0.000000 -2.090853 96.208101 0.000000 23.762764 0.017933 
420 3.888662 0.000000 -0.982078 96.170037 0.000000 19.624271 0.036621 
421 3.491027 0.000000 -0.982078 95.544749 0.000000 19.319939 0.049794 
422 3.888662 0.000000 -1.351669 95.777155 0.000000 21.308805 0.037267 
423 4.286298 0.000000 -0.982078 96.608330 0.000000 20.072942 0.026391 
424 3.689845 0.000000 -0.427690 97.832705 0.000000 14.933228 0.020576 
425 3.491027 0.000000 -0.427690 97.274128 0.000000 14.050885 0.034032 
426 3.689845 0.000000 -0.612486 96.726249 0.000000 16.794560 0.036198 
427 3.888662 0.000000 -0.427690 97.845007 0.000000 15.696917 0.017996 
428 3.590436 0.000000 -0.150496 97.851620 0.000000 -0.000000 0.042506 
429 3.491027 0.000000 -0.150496 97.090208 0.000000 -0.000000 0.057349 
430 3.590436 0.000000 -0.242894 100.521652 0.000000 11.346289 -0.023334 
431 3.689845 0.000000 -0.150496 99.802204 0.000000 -0.000000 0.003952 
432 3.540732 0.000000 -0.011899 97.719480 0.000000 -0.000000 0.045090 
433 3.491027 0.000000 -0.011899 97.131430 0.000000 -0.000000 0.056549 
434 3.540732 0.000000 -0.058098 97.910289 0.000000 -0.000000 0.041358 
435 3.590436 0.000000 -0.011899 98.247066 0.000000 -0.000000 0.034751 
436 3.540732 0.000000 0.034300 97.954126 0.000000 -0.000000 0.040499 
437 5.876839 0.000000 -0.612486 97.824931 0.000000 20.671063 0.000299 
438 5.876839 0.000000 -1.351669 96.933431 0.000000 22.891057 0.007991 
439 6.672109 0.000000 -0.612486 97.655152 0.000000 21.836774 -0.001337 
440 5.876839 0.000000 0.126698 100.010441 0.000000 13.963438 -0.019707 
441 4.683933 0.000000 -0.242894 98.342562 0.000000 15.684172 0.008275 
442 4.683933 0.000000 -0.612486 97.506748 0.000000 18.630136 0.014535 
443 5.081568 0.000000 -0.242894 98.495913 0.000000 16.641769 0.002161 
444 4.683933 0.000000 0.126698 102.418701 0.000000 -11.813411 -0.062915 
445 4.087480 0.000000 -0.058098 99.092948 0.000000 10.339467 0.007368 
446 4.087480 0.000000 -0.242894 98.420736 0.000000 14.493736 0.010329 
447 4.286298 0.000000 -0.058098 98.891266 0.000000 11.114239 0.009699 
448 4.087480 0.000000 0.126698 101.665576 0.000000 -13.508252 -0.051836 
449 3.789254 0.000000 0.034300 99.494255 0.000000 0.000000 0.010089 
450 3.789254 0.000000 -0.058098 99.437422 0.000000 0.000000 0.011220 
451 3.888662 0.000000 0.034300 99.325237 0.000000 0.000000 0.013450 
452 3.789254 0.000000 0.126698 99.298204 0.000000 0.000000 0.013987 
453 3.640140 0.000000 -0.011899 98.898839 0.000000 -0.000000 0.021902 
454 3.640140 0.000000 -0.058098 98.246808 0.000000 -0.000000 0.034756 
455 3.689845 0.000000 -0.011899 98.891237 0.000000 -0.000000 0.022052 
456 3.640140 0.000000 0.034300 98.468428 0.000000 -0.000000 0.030397 
457 3.590436 0.000000 0.219096 95.327830 0.000000 8.306877 0.084360 
458 3.491027 0.000000 0.219096 95.749684 0.000000 7.532169 0.077526 
459 3.689845 0.000000 0.219096 95.650474 0.000000 8.882426 0.077209 
460 3.590436 0.000000 0.311494 97.131800 0.000000 10.610669 0.045283 
461 3.540732 0.000000 0.080499 97.580226 0.000000 -0.000000 0.047810 
462 3.491027 0.000000 0.080499 97.002953 0.000000 -0.000000 0.059043 
463 3.590436 0.000000 0.080499 97.898704 0.000000 -0.000000 0.041584 
464 3.540732 0.000000 0.126698 97.105568 0.000000 -0.000000 0.057051 
465 3.565584 0.000000 0.011200 98.165703 0.000000 -0.000000 0.036349 
466 3.540732 0.000000 0.011200 97.712631 0.000000 -0.000000 0.045224 
467 3.565584 0.000000 -0.011899 98.164618 0.000000 -0.000000 0.036371 
468 3.590436 0.000000 0.011200 98.248130 0.000000 -0.000000 0.034731 
469 3.565584 0.000000 0.034300 98.111346 0.000000 -0.000000 0.037416 
470 2.695757 0.000000 -2.090853 94.236410 0.000000 23.697140 0.055794 
471 2.695757 0.000000 -2.830037 94.653486 0.000000 24.986731 0.041638 
472 3.093392 0.000000 -0.982078 94.772948 0.000000 19.093772 0.065352 
473 2.695757 0.000000 -0.982078 93.775869 0.000000 18.962165 0.084652 
474 3.093392 0.000000 -1.351669 94.589251 0.000000 21.069782 0.060894 
475 3.292209 0.000000 -0.427690 96.414148 0.000000 13.515797 0.052164 
476 3.093392 0.000000 -0.427690 95.765391 0.000000 13.146113 0.065617 
477 3.292209 0.000000 -0.612486 95.748313 0.000000 16.112410 0.057265 
478 3.391618 0.000000 -0.150496 96.632540 0.000000 0.000000 0.066215 
479 3.292209 0.000000 -0.150496 96.399670 0.000000 -0.000000 0.070710 
480 3.391618 0.000000 -0.242894 98.830054 0.000000 9.383687 0.014457 
481 3.441323 0.000000 -0.011899 96.831165 0.000000 -0.000000 0.062373 
482 3.391618 0.000000 -0.011899 96.715781 0.000000 -0.000000 0.064606 
483 3.441323 0.000000 -0.058098 96.851206 0.000000 -0.000000 0.061984 
484 3.441323 0.000000 0.034300 96.823323 0.000000 0.000000 0.062524 
485 3.515879 0.000000 0.011200 97.523184 0.000000 -0.000000 0.048923 
486 3.491027 0.000000 0.011200 97.129120 0.000000 -0.000000 0.056593 
487 3.515879 0.000000 -0.011899 97.532104 0.000000 -0.000000 0.048749 
488 3.515879 0.000000 0.034300 97.785041 0.000000 -0.000000 0.043809 
489 3.540732 0.000000 -0.104297 97.644906 0.000000 -0.000000 0.046547 
490 3.491027 0.000000 -0.104297 97.000312 0.000000 -0.000000 0.059094 
491 3.540732 0.000000 -0.150496 97.148679 0.000000 -0.000000 0.056213 
492 3.590436 0.000000 -0.104297 97.860571 0.000000 -0.000000 0.042331 
493 3.565584 0.000000 -0.034999 98.109422 0.000000 -0.000000 0.037454 
494 3.540732 0.000000 -0.034999 97.952808 0.000000 -0.000000 0.040525 
495 3.565584 0.000000 -0.058098 98.060974 0.000000 -0.000000 0.038405 
496 3.590436 0.000000 -0.034999 98.189180 0.000000 -0.000000 0.035888 
497 3.553158 0.000000 -0.000349 97.500317 0.000000 -0.000000 0.049369 
498 3.540732 0.000000 -0.000349 97.493673 0.000000 0.000000 0.049498 
499 3.553158 0.000000 -0.011899 98.062299 0.000000 -0.000000 0.038379 
500 3.565584 0.000000 -0.000349 97.541064 0.000000 -0.000000 0.048574 
501 3.553158 0.000000 0.011200 97.767101 0.000000 -0.000000 0.044159 
502 3.192801 0.000000 0.034300 95.040082 0.000000 -0.000000 0.096738 
503 3.093392 0.000000 0.034300 95.173159 0.000000 -0.000000 0.094207 
504 3.192801 0.000000 -0.058098 95.232885 0.000000 -0.000000 0.093070 
505 3.192801 0.000000 0.126698 96.342668 0.000000 -0.000000 0.071809 
506 3.341914 0.000000 -0.011899 96.388118 0.000000 -0.000000 0.070933 
507 3.292209 0.000000 -0.011899 96.061781 0.000000 -0.000000 0.077213 
508 3.341914 0.000000 -0.058098 96.266612 0.000000 -0.000000 0.073274 
509 3.341914 0.000000 0.034300 96.262037 0.000000 -0.000000 0.073362 
510 3.391618 0.000000 0.219096 96.872042 0.000000 6.946224 0.056756 
511 3.292209 0.000000 0.219096 97.894342 0.000000 6.733452 0.037136 
512 3.391618 0.000000 0.311494 98.062831 0.000000 9.524580 0.029296 
513 3.441323 0.000000 0.080499 96.850209 0.000000 -0.000000 0.062004 
514 3.391618 0.000000 0.080499 96.672864 0.000000 0.000000 0.065436 
515 3.441323 0.000000 0.126698 96.924743 0.000000 -0.000000 0.060559 
516 3.416470 0.000000 0.011200 96.763041 0.000000 -0.000000 0.063691 
517 3.391618 0.000000 0.011200 96.714890 0.000000 -0.000000 0.064623 
518 3.416470 0.000000 -0.011899 96.762529 0.000000 -0.000000 0.063701 
519 3.441323 0.000000 0.011200 96.831554 0.000000 -0.000000 0.062365 
520 3.416470 0.000000 0.034300 96.774714 0.000000 -0.000000 0.063465 
521 3.192801 0.000000 -0.150496 96.327381 0.000000 -0.000000 0.072104 
522 3.093392 0.000000 -0.150496 95.960527 0.000000 0.000000 0.079158 
523 3.192801 0.000000 -0.242894 97.083813 0.000000 8.463975 0.050309 
524 3.242505 0.000000 -0.011899 95.455305 0.000000 -0.000000 0.088828 
525 3.192801 0.000000 -0.011899 94.677658 0.000000 -0.000000 0.103614 
526 3.242505 0.000000 -0.058098 95.605583 0.000000 -0.000000 0.085957 
527 3.242505 0.000000 0.034300 95.489019 0.000000 -0.000000 0.088185 
528 3.341914 0.000000 0.080499 96.522811 0.000000 -0.000000 0.068335 
529 3.292209 0.000000 0.080499 96.097687 0.000000 -0.000000 0.076523 
530 3.341914 0.000000 0.126698 96.485365 0.000000 -0.000000 0.069057 
531 3.317062 0.000000 0.011200 96.290057 0.000000 -0.000000 0.072822 
532 3.292209 0.000000 0.011200 96.069965 0.000000 -0.000000 0.077056 
533 3.317062 0.000000 -0.011899 96.285962 0.000000 -0.000000 0.072901 
534 3.341914 0.000000 0.011200 96.390297 0.000000 -0.000000 0.070891 
535 3.317062 0.000000 0.034300 96.162372 0.000000 -0.000000 0.075280 
536 2.894574 0.000000 0.311494 99.646137 0.000000 7.258116 0.001797 
537 2.695757 0.000000 0.311494 100.220765 0.000000 5.798768 -0.007783 
538 2.894574 0.000000 0.496290 100.829734 0.000000 7.475708 -0.022252 
539 3.192801 0.000000 0.219096 98.485059 0.000000 6.665696 0.025626 
540 3.093392 0.000000 0.219096 98.755915 0.000000 6.542393 0.020447 
541 3.192801 0.000000 0.311494 99.033398 0.000000 8.810412 0.011476 
542 3.242505 0.000000 0.080499 95.588373 0.000000 -0.000000 0.086286 
543 3.192801 0.000000 0.080499 95.333129 0.000000 -0.000000 0.091159 
544 3.242505 0.000000 0.126698 96.365999 0.000000 -0.000000 0.071359 
545 3.267357 0.000000 0.011200 95.962665 0.000000 -0.000000 0.079117 
546 3.242505 0.000000 0.011200 95.454696 0.000000 -0.000000 0.088840 
547 3.267357 0.000000 -0.011899 95.955697 0.000000 -0.000000 0.079250 
548 3.267357 0.000000 0.034300 95.669012 0.000000 -0.000000 0.084744 
549 2.993983 0.000000 0.034300 95.905165 0.000000 -0.000000 0.080220 
550 2.894574 0.000000 0.034300 96.239421 0.000000 -0.000000 0.073797 
551 2.993983 0.000000 -0.058098 96.137574 0.000000 -0.000000 0.075757 
552 2.993983 0.000000 0.126698 96.232434 0.000000 -0.000000 0.073932 
553 3.143096 0.000000 -0.011899 94.967433 0.000000 -0.000000 0.098119 
554 3.093392 0.000000 -0.011899 95.153007 0.000000 -0.000000 0.094591 
555 3.143096 0.000000 -0.058098 95.207056 0.000000 -0.000000 0.093562 
556 3.143096 0.000000 0.034300 95.004489 0.000000 -0.000000 0.097415 
557 3.217653 0.000000 0.011200 95.206482 0.000000 -0.000000 0.093573 
558 3.192801 0.000000 0.011200 94.663898 0.000000 -0.000000 0.103875 
559 3.217653 0.000000 -0.011899 95.208420 0.000000 -0.000000 0.093536 
560 3.217653 0.000000 0.034300 95.267469 0.000000 -0.000000 0.092411 
561 3.242505 0.000000 -0.104297 95.627477 0.000000 -0.000000 0.085539 
562 3.192801 0.000000 -0.104297 95.268360 0.000000 -0.000000 0.092394 
563 3.242505 0.000000 -0.150496 96.366573 0.000000 -0.000000 0.071348 
564 3.292209 0.000000 -0.104297 96.062164 0.000000 -0.000000 0.077206 
565 3.267357 0.000000 -0.034999 95.669815 0.000000 -0.000000 0.084729 
566 3.242505 0.000000 -0.034999 95.490376 0.000000 -0.000000 0.088159 
567 3.267357 0.000000 -0.058098 95.698919 0.000000 -0.000000 0.084172 
568 3.292209 0.000000 -0.034999 95.824069 0.000000 -0.000000 0.081775 
569 3.254931 0.000000 -0.000349 96.150134 0.000000 0.000000 0.075515 
570 3.242505 0.000000 -0.000349 96.370669 0.000000 -0.000000 0.071269 
571 3.254931 0.000000 -0.011899 95.893106 0.000000 -0.000000 0.080451 
572 3.267357 0.000000 -0.000349 96.139442 0.000000 -0.000000 0.075721 
573 3.254931 0.000000 0.011200 95.902447 0.000000 -0.000000 0.080272 
574 2.496939 0.000000 0.311494 97.261242 0.000000 -0.139495 0.054023 
575 2.496939 0.000000 0.496290 97.380253 0.000000 -0.143342 0.051707 
576 2.596348 0.000000 0.034300 96.159049 0.000000 -0.008513 0.075344 
577 2.496939 0.000000 0.034300 96.218940 0.000000 -0.021969 0.074192 
578 2.596348 0.000000 -0.058098 96.182938 0.000000 -0.010248 0.074884 
579 2.695757 0.000000 0.034300 96.159468 0.000000 0.000000 0.075336 
580 2.596348 0.000000 0.126698 96.425420 0.000000 -0.042109 0.070214 
581 5.876839 0.000000 0.865882 101.871177 0.000000 16.076855 -0.063620 
582 6.672109 0.000000 0.865882 100.202024 0.000000 16.103659 -0.029977 
583 5.876839 0.000000 1.605065 100.504794 0.000000 12.290427 -0.025227 
584 -17.186007 0.000000 -17.613710 96.099277 0.000000 27.573896 0.000461 
585 -23.548172 0.000000 -17.613710 96.111006 0.000000 27.574555 0.000232 
586 -17.186007 0.000000 -23.527179 96.103276 0.000000 27.566582 0.000424 
587 20.986979 0.000000 -17.613710 96.123440 0.000000 27.437090 0.000749 
588 20.986979 0.000000 -23.527179 96.116477 0.000000 27.486934 0.000609 
589 27.349144 0.000000 -17.613710 96.133414 0.000000 27.451505 0.000478 
590 -7.642761 0.000000 -8.743506 96.015277 0.000000 27.601939 0.001920 
591 -10.823843 0.000000 -8.743506 96.062782 0.000000 27.607496 0.000977 
592 -7.642761 0.000000 -11.700240 96.032072 0.000000 27.573944 0.001752 
593 11.443733 0.000000 -8.743506 96.126163 0.000000 27.089785 0.002590 
594 11.443733 0.000000 -11.700240 96.094866 0.000000 27.270043 0.002212 
595 14.624815 0.000000 -8.743506 96.157655 0.000000 27.146905 0.001675 
596 -2.871137 0.000000 -4.308404 95.682411 0.000000 27.698611 0.007766 
597 -4.461678 0.000000 -4.308404 95.866109 0.000000 27.722081 0.004118 
598 -2.871137 0.000000 -5.786771 95.752778 0.000000 27.581604 0.007066 
599 6.672109 0.000000 -4.308404 96.088492 0.000000 26.029270 0.008948 
600 6.672109 0.000000 -5.786771 96.004086 0.000000 26.542475 0.007871 
601 8.262650 0.000000 -4.308404 96.216582 0.000000 26.189566 0.005648 
602 -0.485326 0.000000 -2.090853 94.373800 0.000000 28.149607 0.030119 
603 -1.280596 0.000000 -2.090853 95.062069 0.000000 28.254700 0.016487 
604 -0.485326 0.000000 -2.830037 94.719707 0.000000 27.690829 0.026140 
605 0.707580 0.000000 -0.982078 89.484332 0.000000 27.654148 0.122780 
606 0.309945 0.000000 -0.982078 91.434066 0.000000 29.451123 0.077244 
607 0.707580 0.000000 -1.351669 91.232221 0.000000 27.277700 0.093261 
608 2.298121 0.000000 -0.982078 92.348709 0.000000 19.108441 0.110658 
609 2.298121 0.000000 -1.351669 92.776318 0.000000 21.502096 0.093021 
610 0.906398 0.000000 -0.427690 91.025958 0.000000 -0.813814 0.171361 
611 0.707580 0.000000 -0.427690 90.239390 0.000000 -0.942698 0.185596 
612 0.906398 0.000000 -0.612486 90.263479 0.000000 -0.937789 0.185162 
613 1.403442 0.000000 -0.150496 89.014821 0.000000 -0.410785 0.207619 
614 1.403442 0.000000 -0.242894 93.702879 0.000000 -0.497233 0.121952 
615 1.502851 0.000000 -0.150496 89.178863 0.000000 -0.389814 0.204698 
616 2.099304 0.000000 -0.427690 96.655047 0.000000 -0.155617 0.065778 
617 2.099304 0.000000 -0.612486 97.164587 0.000000 -0.138680 0.055902 
618 2.298121 0.000000 -0.427690 97.167852 0.000000 -0.138729 0.055839 
619 2.496939 0.000000 -0.427690 93.599223 0.000000 11.899517 0.109759 
620 2.496939 0.000000 -0.612486 93.298449 0.000000 15.121444 0.106674 
621 2.695757 0.000000 -0.427690 94.533460 0.000000 12.263318 0.091304 
622 1.602260 0.000000 -0.150496 91.031495 0.000000 -0.369969 0.171313 
623 1.602260 0.000000 -0.242894 94.065386 0.000000 -0.454609 0.115150 
624 1.999895 0.000000 -0.150496 95.402570 0.000000 -0.190576 0.089831 
625 1.999895 0.000000 -0.242894 95.874747 0.000000 -0.223409 0.080798 
626 2.099304 0.000000 -0.150496 95.779745 0.000000 -0.139148 0.082622 
627 5.876839 0.000000 -2.090853 96.465271 0.000000 24.135166 0.011195 
628 5.876839 0.000000 -2.830037 96.202647 0.000000 24.952628 0.012242 
629 6.672109 0.000000 -2.090853 96.578761 0.000000 24.480783 0.007323 
630 4.683933 0.000000 -0.982078 96.902247 0.000000 20.543822 0.018791 
631 4.683933 0.000000 -1.351669 96.488192 0.000000 21.888801 0.021091 
632 5.081568 0.000000 -0.982078 97.107510 0.000000 21.027627 0.012797 
633 2.894574 0.000000 -0.427690 95.209716 0.000000 12.720427 0.077330 
634 2.894574 0.000000 -0.612486 94.744725 0.000000 15.637065 0.077892 
635 4.683933 0.000000 0.496290 99.581396 0.000000 13.520840 -0.009927 
636 5.081568 0.000000 0.496290 100.101726 0.000000 12.962449 -0.018838 
637 4.683933 0.000000 0.865882 100.463486 0.000000 12.984039 -0.026150 
638 2.993983 0.000000 -0.150496 95.960527 0.000000 0.000000 0.079158 
639 2.894574 0.000000 -0.150496 96.081107 0.000000 0.000000 0.076842 
640 2.993983 0.000000 -0.242894 96.269496 0.000000 7.723615 0.067253 
641 2.795165 0.000000 0.034300 96.204530 0.000000 0.000000 0.074469 
642 2.795165 0.000000 -0.058098 96.208455 0.000000 0.000000 0.074393 
643 2.795165 0.000000 0.126698 96.188836 0.000000 0.000000 0.074771 
644 4.087480 0.000000 -0.427690 97.730265 0.000000 16.173226 0.018722 
645 4.087480 0.000000 -0.612486 97.121621 0.000000 17.550620 0.025937 
646 4.286298 0.000000 -0.427690 97.707736 0.000000 16.512333 0.018054 
647 4.087480 0.000000 0.311494 98.864274 0.000000 11.744755 0.008792 
648 4.286298 0.000000 0.311494 99.384216 0.000000 11.127372 -0.000104 
649 4.087480 0.000000 0.496290 99.170041 0.000000 13.319583 -0.001211 
650 3.789254 0.000000 -0.150496 98.685307 0.000000 0.000000 0.026121 
651 3.789254 0.000000 -0.242894 100.023612 0.000000 13.317680 -0.018208 
652 3.888662 0.000000 -0.150496 98.448554 0.000000 0.000000 0.030788 
653 1.602260 0.000000 0.219096 94.125097 0.000000 -0.446558 0.114027 
654 1.602260 0.000000 0.311494 94.097637 0.000000 -0.450296 0.114543 
655 1.950190 0.000000 -0.011899 93.138690 0.000000 -0.162348 0.132516 
656 1.950190 0.000000 -0.058098 93.216077 0.000000 -0.176260 0.131073 
657 1.999895 0.000000 -0.011899 94.018408 0.000000 -0.081909 0.116053 
658 1.875634 0.000000 0.011200 90.804517 0.000000 -0.131567 0.175452 
659 1.875634 0.000000 -0.011899 90.802234 0.000000 -0.131643 0.175494 
660 1.900486 0.000000 0.011200 92.117524 0.000000 -0.160029 0.151434 
661 1.776225 0.000000 0.011200 88.814985 0.000000 -0.176364 0.211187 
662 1.751373 0.000000 0.011200 89.959269 0.000000 -0.161599 0.190730 
663 1.776225 0.000000 -0.011899 88.800352 0.000000 -0.176181 0.211447 
664 1.353738 0.000000 0.080499 82.216504 0.000000 -0.381944 0.324030 
665 1.353738 0.000000 0.034300 79.224888 0.000000 -0.355284 0.372329 
666 1.353738 0.000000 0.126698 76.706360 0.000000 -0.320235 0.411603 
667 1.005807 0.000000 -0.150496 88.319289 0.000000 -0.416827 0.219953 
668 0.906398 0.000000 -0.150496 92.233951 0.000000 -0.509477 0.149264 
669 1.005807 0.000000 -0.242894 92.311101 0.000000 -0.653214 0.147823 
670 1.055511 0.000000 -0.011899 76.094464 0.000000 -0.134826 0.420961 
671 1.005807 0.000000 -0.011899 83.204870 0.000000 -0.227887 0.307690 
672 1.055511 0.000000 -0.058098 79.934612 0.000000 -0.221073 0.361041 
673 1.130068 0.000000 0.011200 72.077361 0.000000 -0.235178 0.480480 
674 1.105215 0.000000 0.011200 73.394877 0.000000 -0.195503 0.461315 
675 1.130068 0.000000 -0.011899 72.038336 0.000000 -0.234268 0.481042 
676 3.789254 0.000000 0.219096 96.411245 0.000000 9.384520 0.061680 
677 3.888662 0.000000 0.219096 97.474876 0.000000 9.560948 0.040724 
678 3.789254 0.000000 0.311494 97.504612 0.000000 11.650987 0.035711 
679 3.640140 0.000000 0.080499 98.120087 0.000000 -0.000000 0.037245 
680 3.689845 0.000000 0.080499 98.722546 0.000000 -0.000000 0.025386 
681 3.640140 0.000000 0.126698 98.234866 0.000000 -0.000000 0.034991 
682 3.640140 0.000000 -0.104297 98.175567 0.000000 -0.000000 0.036156 
683 3.640140 0.000000 -0.150496 98.456776 0.000000 -0.000000 0.030626 
684 3.689845 0.000000 -0.104297 98.549303 0.000000 -0.000000 0.028803 
685 3.515879 0.000000 -0.034999 97.784412 0.000000 -0.000000 0.043821 
686 3.491027 0.000000 -0.034999 96.972186 0.000000 -0.000000 0.059640 
687 3.515879 0.000000 -0.058098 97.446752 0.000000 -0.000000 0.050413 
688 3.441323 0.000000 -0.104297 96.884238 0.000000 -0.000000 0.061344 
689 3.391618 0.000000 -0.104297 96.635985 0.000000 0.000000 0.066149 
690 3.441323 0.000000 -0.150496 96.845834 0.000000 0.000000 0.062088 
691 3.341914 0.000000 -0.104297 96.524796 0.000000 -0.000000 0.068296 
692 3.341914 0.000000 -0.150496 96.443999 0.000000 -0.000000 0.069856 
693 3.466175 0.000000 0.011200 96.941503 0.000000 -0.000000 0.060235 
694 3.466175 0.000000 -0.011899 96.941507 0.000000 -0.000000 0.060234 
695 3.466175 0.000000 0.034300 96.913111 0.000000 -0.000000 0.060785 
696 3.143096 0.000000 0.080499 95.214556 0.000000 -0.000000 0.093419 
697 3.093392 0.000000 0.080499 95.114581 0.000000 -0.000000 0.095322 
698 3.143096 0.000000 0.126698 95.704227 0.000000 -0.000000 0.084070 
699 3.317062 0.000000 -0.034999 96.162643 0.000000 -0.000000 0.075275 
700 3.317062 0.000000 -0.058098 96.173054 0.000000 -0.000000 0.075074 
701 3.341914 0.000000 -0.034999 96.262147 0.000000 -0.000000 0.073360 
702 3.366766 0.000000 0.011200 96.491720 0.000000 -0.000000 0.068935 
703 3.366766 0.000000 -0.011899 96.490846 0.000000 -0.000000 0.068952 
704 3.366766 0.000000 0.034300 96.610516 0.000000 0.000000 0.066641 
705 3.143096 0.000000 -0.104297 95.169539 0.000000 -0.000000 0.094276 
706 3.093392 0.000000 -0.104297 95.604061 0.000000 -0.000000 0.085986 
707 3.143096 0.000000 -0.150496 95.960527 0.000000 0.000000 0.079158 
708 3.217653 0.000000 -0.034999 95.270661 0.000000 -0.000000 0.092350 
709 3.192801 0.000000 -0.034999 95.047928 0.000000 -0.000000 0.096589 
710 3.217653 0.000000 -0.058098 95.366507 0.000000 -0.000000 0.090523 
711 2.993983 0.000000 0.219096 98.924348 0.000000 6.311840 0.017413 
712 2.894574 0.000000 0.219096 99.107525 0.000000 6.015778 0.014151 
713 2.993983 0.000000 0.311494 99.446715 0.000000 7.867478 0.004845 
714 2.795165 0.000000 -0.150496 96.188836 0.000000 0.000000 0.074771 
715 2.695757 0.000000 -0.150496 96.107337 0.000000 0.000000 0.076338 
716 2.795165 0.000000 -0.242894 95.517930 0.000000 7.017484 0.082708 
717 1.353738 0.000000 -0.011899 71.782199 0.000000 -0.249390 0.484725 
718 1.353738 0.000000 -0.058098 72.345549 0.000000 -0.270440 0.476605 
719 1.403442 0.000000 -0.011899 76.032620 0.000000 -0.248904 0.421898 
720 1.453146 0.000000 -0.011899 73.423755 0.000000 -0.126756 0.460894 
721 1.453146 0.000000 -0.058098 77.924015 0.000000 -0.221192 0.392780 
722 1.502851 0.000000 -0.011899 83.990140 0.000000 -0.212450 0.294561 
723 3.466175 0.000000 -0.034999 96.913059 0.000000 -0.000000 0.060786 
724 3.441323 0.000000 -0.034999 96.823285 0.000000 0.000000 0.062525 
725 3.466175 0.000000 -0.058098 96.910927 0.000000 -0.000000 0.060827 
726 3.366766 0.000000 -0.034999 96.610562 0.000000 0.000000 0.066640 
727 3.366766 0.000000 -0.058098 96.612468 0.000000 0.000000 0.066603 
728 3.391618 0.000000 -0.034999 96.718456 0.000000 -0.000000 0.064554 
729 2.795165 0.000000 0.219096 99.321556 0.000000 5.665974 0.010313 
730 2.695757 0.000000 0.219096 99.593630 0.000000 5.285924 0.005317 
731 2.795165 0.000000 0.311494 99.900006 0.000000 6.565900 -0.002312 
732 2.596348 0.000000 0.219096 97.380264 0.000000 -0.143343 0.051706 
733 2.496939 0.000000 0.219096 97.261420 0.000000 -0.139501 0.054020 
734 2.596348 0.000000 0.311494 97.394250 0.000000 -0.143910 0.051434 
735 2.596348 0.000000 -0.150496 96.225843 0.000000 -0.020190 0.074059 
736 2.496939 0.000000 -0.150496 96.422739 0.000000 -0.046988 0.070265 
737 2.596348 0.000000 -0.242894 94.613667 0.000000 6.356884 0.100784 
738 3.416470 0.000000 -0.034999 96.774634 0.000000 -0.000000 0.063467 
739 3.416470 0.000000 -0.058098 96.769052 0.000000 -0.000000 0.063575 
1 19 21 9 22 
2 20 19 22 4 
3 28 29 3 30 
4 21 28 30 9 
5 35 37 21 38 
6 36 35 38 19 
7 44 45 28 46 
8 37 44 46 21 
9 51 53 37 54 
10 52 51 54 35 
11 60 61 44 62 
12 53 60 62 37 
13 67 69 53 70 
14 68 67 70 51 
15 76 77 60 78 
16 69 76 78 53 
17 83 85 69 86 
18 84 83 86 67 
19 11 94 92 93 
20 94 10 24 92 
21 92 24 14 95 
22 93 92 95 6 
23 24 98 96 97 
24 98 23 40 96 
25 96 40 27 99 
26 97 96 99 14 
27 40 102 100 101 
28 102 39 56 100 
29 100 56 43 103 
30 101 100 103 27 
31 56 106 104 105 
32 106 55 72 104 
33 104 72 59 107 
34 105 104 107 43 
35 72 110 108 109 
36 109 108 111 59 
37 112 113 76 114 
38 85 112 114 69 
39 115 117 85 118 
40 116 115 118 83 
41 132 133 112 134 
42 117 132 134 85 
43 136 124 137 135 
44 135 137 127 138 
45 15 140 139 33 
46 140 17 141 139 
47 139 141 8 142 
48 33 139 142 18 
49 31 144 143 49 
50 144 33 145 143 
51 143 145 18 146 
52 49 143 146 34 
53 148 49 149 147 
54 147 149 34 150 
55 124 160 159 137 
56 137 159 162 127 
57 18 142 163 45 
58 142 8 164 163 
59 163 164 29 165 
60 45 163 165 28 
61 34 146 166 61 
62 146 18 167 166 
63 166 167 45 168 
64 61 166 168 44 
65 150 34 170 169 
66 169 170 61 171 
67 77 169 171 60 
68 172 173 77 174 
69 113 172 174 76 
70 175 176 113 177 
71 133 175 177 112 
72 186 187 172 188 
73 176 186 188 113 
74 194 196 117 197 
75 195 194 197 115 
76 138 127 204 203 
77 203 204 132 205 
78 196 203 205 117 
79 207 135 208 206 
80 206 208 138 209 
81 131 202 210 211 
82 202 5 212 210 
83 210 212 196 213 
84 211 210 213 194 
85 214 217 5 218 
86 215 214 218 202 
87 122 221 219 220 
88 221 128 199 219 
89 219 199 131 222 
90 220 219 222 91 
91 199 225 223 224 
92 223 215 202 226 
93 224 223 226 131 
94 12 229 227 228 
95 229 7 230 227 
96 227 230 13 25 
97 228 227 25 10 
98 25 233 231 232 
99 233 13 234 231 
100 231 234 26 41 
101 232 231 41 23 
102 41 237 235 236 
103 237 26 238 235 
104 235 238 42 57 
105 236 235 57 39 
106 57 241 239 240 
107 241 42 242 239 
108 239 242 58 73 
109 240 239 73 55 
110 73 245 243 244 
111 245 58 246 243 
112 243 246 74 89 
113 244 243 89 71 
114 89 249 247 248 
115 249 74 250 247 
116 247 250 90 129 
117 248 247 129 87 
118 129 253 251 252 
119 253 90 254 251 
120 251 254 130 200 
121 252 251 200 128 
122 200 257 255 256 
123 257 130 258 255 
124 198 261 259 260 
125 259 262 214 263 
126 260 259 263 215 
127 128 266 264 265 
128 266 200 256 264 
129 265 264 225 199 
130 256 269 267 268 
131 269 255 270 267 
132 267 270 216 261 
133 268 267 261 198 
134 5 209 271 212 
135 209 138 272 271 
136 271 272 203 273 
137 212 271 273 196 
138 201 275 274 217 
139 275 206 276 274 
140 274 276 209 277 
141 217 274 277 5 
142 216 279 278 262 
143 279 201 280 278 
144 278 280 217 281 
145 262 278 281 214 
146 261 284 282 283 
147 284 216 285 282 
148 282 285 262 286 
149 283 282 286 259 
150 225 289 287 288 
151 289 198 260 287 
152 287 260 215 290 
153 288 287 290 223 
154 6 95 291 292 
155 95 14 36 291 
156 291 36 19 293 
157 292 291 293 20 
158 14 99 294 295 
159 99 27 52 294 
160 294 52 35 296 
161 295 294 296 36 
162 27 103 297 298 
163 103 43 68 297 
164 297 68 51 299 
165 298 297 299 52 
166 43 107 300 301 
167 107 59 84 300 
168 300 84 67 302 
169 301 300 302 68 
170 59 111 303 304 
171 303 116 83 305 
172 304 303 305 84 
173 306 195 115 308 
174 307 306 308 116 
175 123 312 313 314 
176 312 91 315 313 
177 313 315 195 316 
178 314 313 316 306 
179 309 319 317 318 
180 319 220 320 317 
181 317 320 91 321 
182 318 317 321 312 
183 108 324 322 323 
184 323 322 325 111 
185 111 325 330 331 
186 330 307 116 332 
187 331 330 332 303 
188 75 329 333 334 
189 329 123 314 333 
190 333 314 306 335 
191 334 333 335 307 
192 326 338 336 337 
193 338 310 339 336 
194 336 339 123 340 
195 337 336 340 329 
196 322 343 341 342 
197 342 341 344 325 
198 345 337 329 348 
199 346 345 348 75 
200 71 351 349 350 
201 351 89 248 349 
202 349 248 87 121 
203 350 349 121 88 
204 88 354 352 353 
205 354 121 355 352 
206 352 355 119 328 
207 353 352 328 120 
208 120 358 356 357 
209 358 328 359 356 
210 362 326 363 360 
211 360 363 337 364 
212 361 360 364 345 
213 325 344 365 366 
214 344 75 334 365 
215 365 334 307 367 
216 366 365 367 330 
217 341 370 368 369 
218 370 327 346 368 
219 368 346 75 371 
220 369 368 371 344 
221 327 374 372 373 
222 374 347 361 372 
223 372 361 345 375 
224 373 372 375 346 
225 328 377 376 359 
226 377 119 378 376 
227 376 378 310 338 
228 359 376 338 326 
229 356 381 379 380 
230 381 359 382 379 
231 379 382 326 362 
232 380 379 362 347 
233 347 385 383 384 
234 385 362 386 383 
235 383 386 360 387 
236 384 383 387 361 
237 391 393 186 394 
238 392 391 394 176 
239 400 392 176 402 
240 401 400 402 175 
241 7 408 407 230 
242 408 16 409 407 
243 407 409 15 32 
244 230 407 32 13 
245 13 411 410 234 
246 411 32 412 410 
247 410 412 31 48 
248 234 410 48 26 
249 26 414 413 238 
250 414 48 415 413 
251 413 415 47 64 
252 238 413 64 42 
253 64 418 416 417 
254 418 47 419 416 
255 416 419 65 152 
256 417 416 152 63 
257 63 422 420 421 
258 422 152 423 420 
259 420 423 151 183 
260 421 420 183 81 
261 81 426 424 425 
262 426 183 427 424 
263 424 427 182 191 
264 425 424 191 157 
265 157 430 428 429 
266 430 191 431 428 
267 65 438 437 153 
268 438 147 439 437 
269 437 439 150 440 
270 153 437 440 50 
271 151 442 441 184 
272 442 153 443 441 
273 441 443 50 444 
274 184 441 444 154 
275 182 446 445 192 
276 446 184 447 445 
277 445 447 154 448 
278 192 445 448 185 
279 189 450 449 398 
280 450 192 451 449 
281 449 451 185 452 
282 398 449 452 193 
283 397 454 453 435 
284 454 189 455 453 
285 453 455 398 456 
286 435 453 456 395 
287 66 399 457 458 
288 399 193 459 457 
289 457 459 391 460 
290 458 457 460 392 
291 396 436 461 462 
292 436 395 463 461 
293 461 463 399 464 
294 462 461 464 66 
295 467 435 468 465 
296 465 468 395 469 
297 466 465 469 436 
298 42 471 470 242 
299 471 64 417 470 
300 470 417 63 80 
301 242 470 80 58 
302 80 474 472 473 
303 474 63 421 472 
304 472 421 81 156 
305 473 472 156 79 
306 156 477 475 476 
307 477 81 425 475 
308 475 425 157 389 
309 476 475 389 155 
310 389 480 478 479 
311 480 157 429 478 
312 433 487 485 486 
313 487 432 466 485 
314 485 466 436 488 
315 486 485 488 396 
316 429 491 489 490 
317 491 428 492 489 
318 489 492 397 434 
319 490 489 434 190 
320 434 495 493 494 
321 495 397 496 493 
322 493 496 435 467 
323 494 493 467 432 
324 432 499 497 498 
325 499 467 500 497 
326 497 500 465 501 
327 498 497 501 466 
328 390 406 510 511 
329 406 66 458 510 
330 510 458 392 512 
331 511 510 512 400 
332 403 484 513 514 
333 484 396 462 513 
334 513 462 66 515 
335 514 513 515 406 
336 482 518 516 517 
337 518 481 519 516 
338 516 519 484 520 
339 517 516 520 403 
340 155 523 521 522 
341 523 389 479 521 
342 404 509 528 529 
343 509 403 514 528 
344 528 514 406 530 
345 529 528 530 390 
346 507 533 531 532 
347 533 506 534 531 
348 531 534 509 535 
349 532 531 535 404 
350 536 401 175 538 
351 537 536 538 133 
352 158 505 539 540 
353 505 390 511 539 
354 539 511 400 541 
355 540 539 541 401 
356 502 527 542 543 
357 527 404 529 542 
358 542 529 390 544 
359 543 542 544 505 
360 547 507 532 545 
361 545 532 404 548 
362 546 545 548 527 
363 178 551 549 550 
364 551 180 503 549 
365 549 503 158 552 
366 550 549 552 181 
367 180 555 553 554 
368 555 504 525 553 
369 553 525 502 556 
370 554 553 556 503 
371 525 559 557 558 
372 559 524 546 557 
373 557 546 527 560 
374 558 557 560 502 
375 521 563 561 562 
376 563 479 564 561 
377 561 564 388 526 
378 562 561 526 504 
379 526 567 565 566 
380 567 388 568 565 
381 565 568 507 547 
382 566 565 547 524 
383 524 571 569 570 
384 571 547 572 569 
385 569 572 545 573 
386 570 569 573 546 
387 127 162 574 204 
388 574 537 133 575 
389 204 574 575 132 
390 159 578 576 577 
391 578 161 579 576 
392 576 579 82 580 
393 577 576 580 162 
394 50 440 581 173 
395 440 150 582 581 
396 581 582 169 583 
397 173 581 583 77 
398 1 586 584 585 
399 586 12 228 584 
400 584 228 10 94 
401 585 584 94 11 
402 16 588 587 409 
403 588 2 589 587 
404 587 589 17 140 
405 409 587 140 15 
406 10 592 590 591 
407 592 25 232 590 
408 590 232 23 98 
409 591 590 98 24 
410 32 594 593 412 
411 594 15 595 593 
412 593 595 33 144 
413 412 593 144 31 
414 23 598 596 597 
415 598 41 236 596 
416 596 236 39 102 
417 597 596 102 40 
418 48 600 599 415 
419 600 31 601 599 
420 599 601 49 148 
421 415 599 148 47 
422 39 604 602 603 
423 604 57 240 602 
424 602 240 55 106 
425 603 602 106 56 
426 55 607 605 606 
427 607 73 244 605 
428 605 244 71 110 
429 606 605 110 72 
430 58 609 608 246 
431 609 80 473 608 
432 608 473 79 125 
433 246 608 125 74 
434 110 612 610 611 
435 612 71 350 610 
436 610 350 88 324 
437 611 610 324 108 
438 121 614 613 355 
439 614 87 615 613 
440 613 615 122 311 
441 355 613 311 119 
442 74 617 616 250 
443 617 125 618 616 
444 616 618 124 136 
445 250 616 136 90 
446 125 620 619 618 
447 620 79 621 619 
448 619 621 126 160 
449 618 619 160 124 
450 87 623 622 615 
451 623 129 252 622 
452 622 252 128 221 
453 615 622 221 122 
454 90 625 624 254 
455 625 136 626 624 
456 624 626 135 207 
457 254 624 207 130 
458 47 628 627 419 
459 628 148 629 627 
460 627 629 147 438 
461 419 627 438 65 
462 152 631 630 423 
463 631 65 632 630 
464 630 632 153 442 
465 423 630 442 151 
466 79 634 633 621 
467 634 156 476 633 
468 633 476 155 179 
469 621 633 179 126 
470 154 444 635 187 
471 444 50 636 635 
472 635 636 173 637 
473 187 635 637 172 
474 179 640 638 639 
475 640 155 522 638 
476 638 522 180 551 
477 639 638 551 178 
478 161 642 641 579 
479 642 178 550 641 
480 641 550 181 643 
481 579 641 643 82 
482 183 645 644 427 
483 645 151 646 644 
484 644 646 184 446 
485 427 644 446 182 
486 185 448 647 393 
487 448 154 648 647 
488 647 648 187 649 
489 393 647 649 186 
490 191 651 650 431 
491 651 182 652 650 
492 650 652 192 450 
493 431 650 450 189 
494 91 222 653 315 
495 222 131 211 653 
496 653 211 194 654 
497 315 653 654 195 
498 130 656 655 258 
499 656 207 657 655 
500 655 657 206 275 
501 258 655 275 201 
502 255 659 658 270 
503 659 258 660 658 
504 658 660 201 279 
505 270 658 279 216 
506 264 663 661 662 
507 663 256 268 661 
508 661 268 198 289 
509 662 661 289 225 
510 310 665 664 339 
511 665 309 318 664 
512 664 318 312 666 
513 339 664 666 123 
514 324 669 667 668 
515 669 88 353 667 
516 667 353 120 343 
517 668 667 343 322 
518 343 672 670 671 
519 672 120 357 670 
520 670 357 327 370 
521 671 670 370 341 
522 357 675 673 674 
523 675 356 380 673 
524 673 380 347 374 
525 674 673 374 327 
526 193 452 676 459 
527 452 185 677 676 
528 676 677 393 678 
529 459 676 678 391 
530 395 456 679 463 
531 456 398 680 679 
532 679 680 193 681 
533 463 679 681 399 
534 428 683 682 492 
535 683 431 684 682 
536 682 684 189 454 
537 492 682 454 397 
538 190 687 685 686 
539 687 434 494 685 
540 685 494 432 487 
541 686 685 487 433 
542 478 690 688 689 
543 690 429 490 688 
544 688 490 190 483 
545 689 688 483 405 
546 479 692 691 564 
547 692 478 689 691 
548 691 689 405 508 
549 564 691 508 388 
550 481 694 693 519 
551 694 433 486 693 
552 693 486 396 695 
553 519 693 695 484 
554 503 556 696 697 
555 556 502 543 696 
556 696 543 505 698 
557 697 696 698 158 
558 388 700 699 568 
559 700 508 701 699 
560 699 701 506 533 
561 568 699 533 507 
562 506 703 702 534 
563 703 482 517 702 
564 702 517 403 704 
565 534 702 704 509 
566 522 707 705 706 
567 707 521 562 705 
568 705 562 504 555 
569 706 705 555 180 
570 504 710 708 709 
571 710 526 566 708 
572 708 566 524 559 
573 709 708 559 525 
574 181 552 711 712 
575 552 158 540 711 
576 711 540 401 713 
577 712 711 713 536 
578 126 716 714 715 
579 716 179 639 714 
580 714 639 178 642 
581 715 714 642 161 
582 119 718 717 378 
583 718 311 719 717 
584 717 719 309 665 
585 378 717 665 310 
586 311 721 720 719 
587 721 122 722 720 
588 720 722 220 319 
589 719 720 319 309 
590 483 725 723 724 
591 725 190 686 723 
592 723 686 433 694 
593 724 723 694 481 
594 508 727 726 701 
595 727 405 728 726 
596 726 728 482 703 
597 701 726 703 506 
598 82 643 729 730 
599 643 181 712 729 
600 729 712 536 731 
601 730 729 731 537 
602 162 580 732 733 
603 580 82 730 732 
604 732 730 537 734 
605 733 732 734 574 
606 160 737 735 736 
607 737 126 715 735 
608 735 715 161 578 
609 736 735 578 159 
610 405 739 738 728 
611 739 483 724 738 
612 738 724 481 518 
613 728 738 518 482 
