2 0.000000 100.000000 473.401889
688 571 
1 -23.298078 0.000000 -23.277085 97.017294 0.000000 24.196596 0.000217 
2 27.019050 0.000000 -23.277085 97.027253 0.000000 24.130955 0.000341 
3 27.019050 0.000000 23.522868 97.084104 0.000000 24.013390 -0.000197 
4 -23.298078 0.000000 23.522868 97.048202 0.000000 24.194117 -0.000371 
5 1.860486 0.000000 0.122891 92.777516 0.000000 -0.120721 0.139232 
6 -23.298078 0.000000 0.122891 97.034698 0.000000 24.212823 -0.000199 
7 1.860486 0.000000 -23.277085 96.992352 0.000000 24.153869 0.000907 
8 27.019050 0.000000 0.122891 97.261522 0.000000 23.226293 0.000074 
9 1.860486 0.000000 23.522868 97.090800 0.000000 24.130187 -0.000889 
10 -10.718796 0.000000 -11.577097 96.979255 0.000000 24.209679 0.000892 
11 -23.298078 0.000000 -11.577097 97.019243 0.000000 24.205955 0.000134 
12 -10.718796 0.000000 -23.277085 97.002202 0.000000 24.187373 0.000554 
13 1.860486 0.000000 -11.577097 96.885282 0.000000 24.037487 0.003544 
14 -10.718796 0.000000 0.122891 97.049818 0.000000 24.276135 -0.000800 
15 14.439768 0.000000 -11.577097 97.021154 0.000000 23.959947 0.001282 
16 14.439768 0.000000 -23.277085 97.010855 0.000000 24.128299 0.000672 
17 27.019050 0.000000 -11.577097 97.051424 0.000000 24.026658 0.000374 
18 14.439768 0.000000 0.122891 97.611475 0.000000 21.741744 -0.000070 
19 -10.718796 0.000000 11.822879 97.105467 0.000000 24.199735 -0.001510 
20 -23.298078 0.000000 11.822879 97.048756 0.000000 24.204016 -0.000430 
21 1.860486 0.000000 11.822879 97.267589 0.000000 23.949203 -0.003455 
22 -10.718796 0.000000 23.522868 97.069507 0.000000 24.179889 -0.000716 
23 -4.429155 0.000000 -5.727103 96.827385 0.000000 24.253585 0.003622 
24 -10.718796 0.000000 -5.727103 96.986506 0.000000 24.248363 0.000563 
25 -4.429155 0.000000 -11.577097 96.919744 0.000000 24.171902 0.002228 
26 1.860486 0.000000 -5.727103 96.517593 0.000000 23.669408 0.012411 
27 -4.429155 0.000000 0.122891 97.097289 0.000000 24.522518 -0.002924 
28 14.439768 0.000000 11.822879 97.220173 0.000000 23.569951 -0.000730 
29 27.019050 0.000000 11.822879 97.336109 0.000000 22.985724 -0.000266 
30 14.439768 0.000000 23.522868 97.086126 0.000000 24.068698 -0.000502 
31 8.150127 0.000000 -5.727103 96.998314 0.000000 23.403024 0.004363 
32 8.150127 0.000000 -11.577097 96.963959 0.000000 23.946818 0.002454 
33 14.439768 0.000000 -5.727103 97.107690 0.000000 23.610967 0.001262 
34 8.150127 0.000000 0.122891 98.354605 0.000000 18.514490 -0.001641 
35 -4.429155 0.000000 5.972885 97.331828 0.000000 24.218365 -0.006001 
36 -10.718796 0.000000 5.972885 97.107864 0.000000 24.240882 -0.001756 
37 1.860486 0.000000 5.972885 97.822267 0.000000 23.428551 -0.011809 
38 -4.429155 0.000000 11.822879 97.188140 0.000000 24.140973 -0.002832 
39 -1.284334 0.000000 -2.802106 96.289781 0.000000 24.460051 0.012998 
40 -4.429155 0.000000 -2.802106 96.855312 0.000000 24.404370 0.002348 
41 -1.284334 0.000000 -5.727103 96.617924 0.000000 24.105492 0.008390 
42 1.860486 0.000000 -2.802106 95.478686 0.000000 22.786123 0.036461 
43 -1.284334 0.000000 0.122891 97.053360 0.000000 25.393068 -0.006416 
44 8.150127 0.000000 5.972885 97.557723 0.000000 22.523730 -0.002483 
45 14.439768 0.000000 5.972885 97.667534 0.000000 21.710538 -0.001029 
46 8.150127 0.000000 11.822879 97.234525 0.000000 23.737856 -0.001804 
47 5.005306 0.000000 -2.802106 96.832179 0.000000 21.990317 0.013996 
48 5.005306 0.000000 -5.727103 96.779085 0.000000 23.368383 0.008773 
49 8.150127 0.000000 -2.802106 97.229932 0.000000 22.505534 0.003984 
50 5.005306 0.000000 0.122891 104.780224 0.000000 -32.760920 -0.205217 
51 -1.284334 0.000000 3.047888 98.039025 0.000000 24.388598 -0.020645 
52 -4.429155 0.000000 3.047888 97.328652 0.000000 24.382599 -0.006738 
53 1.860486 0.000000 3.047888 99.166213 0.000000 22.521382 -0.034115 
54 -1.284334 0.000000 5.972885 97.618275 0.000000 24.020950 -0.010633 
55 0.288076 0.000000 -1.339607 94.375903 0.000000 25.219089 0.045719 
56 -1.284334 0.000000 -1.339607 96.390426 0.000000 25.055458 0.008111 
57 0.288076 0.000000 -2.802106 95.620028 0.000000 24.002675 0.028068 
58 1.860486 0.000000 -1.339607 93.433762 0.000000 20.975659 0.083015 
59 0.288076 0.000000 0.122891 99.127608 0.000000 0.000000 0.017372 
60 5.005306 0.000000 3.047888 98.112366 0.000000 21.107304 -0.007155 
61 8.150127 0.000000 3.047888 97.855754 0.000000 21.110614 -0.002141 
62 5.005306 0.000000 5.972885 97.668733 0.000000 22.860982 -0.006181 
63 3.432896 0.000000 -1.339607 96.087939 0.000000 19.521756 0.038601 
64 3.432896 0.000000 -2.802106 96.198398 0.000000 22.017153 0.026111 
65 5.005306 0.000000 -1.339607 97.285120 0.000000 20.028109 0.013448 
66 3.432896 0.000000 0.122891 97.148560 0.000000 -0.000000 0.056216 
67 0.288076 0.000000 1.585390 99.962384 0.000000 25.399862 -0.063763 
68 -1.284334 0.000000 1.585390 97.957715 0.000000 25.065633 -0.022400 
69 1.860486 0.000000 1.585390 101.226286 0.000000 21.881633 -0.072557 
70 0.288076 0.000000 3.047888 98.840645 0.000000 23.862260 -0.033888 
71 1.074281 0.000000 -0.608358 92.312973 0.000000 -0.544607 0.147802 
72 0.288076 0.000000 -0.608358 93.239512 0.000000 27.525638 0.054873 
73 1.074281 0.000000 -1.339607 92.980382 0.000000 23.385792 0.080775 
74 1.860486 0.000000 -0.608358 96.969302 0.000000 0.009244 0.059695 
75 1.074281 0.000000 0.122891 86.803695 0.000000 -0.229257 0.246507 
76 3.432896 0.000000 1.585390 98.957296 0.000000 20.672845 -0.021991 
77 5.005306 0.000000 1.585390 98.931908 0.000000 17.537050 -0.009507 
78 3.432896 0.000000 3.047888 98.617294 0.000000 21.491418 -0.018725 
79 2.646691 0.000000 -0.608358 94.423327 0.000000 16.431937 0.081423 
80 2.646691 0.000000 -1.339607 94.894435 0.000000 19.806353 0.060275 
81 3.432896 0.000000 -0.608358 96.569327 0.000000 16.046022 0.041689 
82 2.646691 0.000000 0.122891 96.847108 0.000000 0.000000 0.062064 
83 1.074281 0.000000 0.854141 91.444227 0.000000 -0.709628 0.163745 
84 0.288076 0.000000 0.854141 99.881864 0.000000 28.463219 -0.078654 
85 1.860486 0.000000 0.854141 97.476711 0.000000 0.027228 0.049829 
86 1.074281 0.000000 1.585390 101.439244 0.000000 24.019849 -0.086687 
87 1.467383 0.000000 -0.242733 94.638195 0.000000 -0.268364 0.104354 
88 1.074281 0.000000 -0.242733 94.159919 0.000000 -0.329584 0.113380 
89 1.467383 0.000000 -0.608358 94.627571 0.000000 -0.271607 0.104555 
90 1.860486 0.000000 -0.242733 95.082583 0.000000 -0.218076 0.095925 
91 1.467383 0.000000 0.122891 88.126737 0.000000 -0.185963 0.223364 
92 -17.008437 0.000000 -5.727103 97.017340 0.000000 24.223307 0.000087 
93 -23.298078 0.000000 -5.727103 97.025333 0.000000 24.210987 -0.000009 
94 -17.008437 0.000000 -11.577097 97.007660 0.000000 24.210281 0.000338 
95 -17.008437 0.000000 0.122891 97.038683 0.000000 24.229349 -0.000357 
96 -7.573975 0.000000 -2.802106 96.975952 0.000000 24.321771 0.000412 
97 -10.718796 0.000000 -2.802106 97.011393 0.000000 24.268296 -0.000016 
98 -7.573975 0.000000 -5.727103 96.939918 0.000000 24.262583 0.001398 
99 -7.573975 0.000000 0.122891 97.065162 0.000000 24.348618 -0.001450 
100 -2.856745 0.000000 -1.339607 96.813469 0.000000 24.677946 0.001815 
101 -4.429155 0.000000 -1.339607 96.949677 0.000000 24.489207 0.000104 
102 -2.856745 0.000000 -2.802106 96.673698 0.000000 24.472506 0.005529 
103 -2.856745 0.000000 0.122891 97.121891 0.000000 24.779763 -0.004670 
104 -0.498129 0.000000 -0.608358 96.651408 0.000000 25.967889 -0.001583 
105 -1.284334 0.000000 -0.608358 96.713237 0.000000 25.290660 0.000693 
106 -0.498129 0.000000 -1.339607 95.826387 0.000000 25.321684 0.017612 
107 -0.498129 0.000000 0.122891 96.203465 0.000000 25.366969 0.010141 
108 0.681178 0.000000 -0.242733 91.917181 0.000000 -0.610055 0.155086 
109 0.288076 0.000000 -0.242733 89.966653 0.000000 25.955604 0.123231 
110 0.681178 0.000000 -0.608358 90.717308 0.000000 25.508791 0.111967 
111 0.681178 0.000000 0.122891 94.634538 0.000000 -0.273242 0.104423 
112 2.646691 0.000000 0.854141 101.267222 0.000000 16.711484 -0.053432 
113 3.432896 0.000000 0.854141 100.716211 0.000000 13.843280 -0.033539 
114 2.646691 0.000000 1.585390 99.972583 0.000000 20.889656 -0.043090 
115 1.467383 0.000000 0.488516 94.637075 0.000000 -0.269137 0.104375 
116 1.074281 0.000000 0.488516 93.863024 0.000000 -0.357635 0.118960 
117 1.860486 0.000000 0.488516 95.484772 0.000000 -0.157930 0.088263 
118 1.467383 0.000000 0.854141 94.960456 0.000000 -0.144579 0.098249 
119 1.270832 0.000000 -0.059921 70.075010 0.000000 -0.146684 0.508947 
120 1.074281 0.000000 -0.059921 80.998916 0.000000 -0.136881 0.343916 
121 1.270832 0.000000 -0.242733 94.351498 0.000000 -0.304130 0.109770 
122 1.467383 0.000000 -0.059921 83.850611 0.000000 -0.128373 0.296906 
123 1.270832 0.000000 0.122891 79.332205 0.000000 -0.216586 0.370635 
124 2.253589 0.000000 -0.242733 97.201582 0.000000 0.020419 0.055185 
125 2.253589 0.000000 -0.608358 92.995225 0.000000 17.096928 0.105958 
126 2.646691 0.000000 -0.242733 93.370639 0.000000 9.931488 0.118329 
127 2.253589 0.000000 0.122891 96.457063 0.000000 0.004285 0.069604 
128 1.663935 0.000000 -0.059921 87.889011 0.000000 -0.107780 0.227551 
129 1.663935 0.000000 -0.242733 94.913196 0.000000 -0.236415 0.099143 
130 1.860486 0.000000 -0.059921 91.772801 0.000000 -0.092768 0.157774 
131 1.663935 0.000000 0.122891 89.919414 0.000000 -0.139281 0.191448 
132 2.253589 0.000000 0.488516 97.358873 0.000000 0.025633 0.052125 
133 2.646691 0.000000 0.488516 102.264408 0.000000 7.744828 -0.051799 
134 2.253589 0.000000 0.854141 102.012557 0.000000 18.603268 -0.075264 
135 2.057037 0.000000 -0.059921 95.500250 0.000000 -0.017847 0.087970 
136 2.057037 0.000000 -0.242733 96.527780 0.000000 -0.026326 0.068239 
137 2.253589 0.000000 -0.059921 96.369865 0.000000 0.002940 0.071285 
138 2.057037 0.000000 0.122891 95.661564 0.000000 -0.024416 0.084886 
139 20.729409 0.000000 -5.727103 97.107471 0.000000 23.759432 0.000563 
140 20.729409 0.000000 -11.577097 97.044555 0.000000 23.995037 0.000659 
141 27.019050 0.000000 -5.727103 97.097167 0.000000 23.857220 0.000297 
142 20.729409 0.000000 0.122891 97.377403 0.000000 22.736922 0.000067 
143 11.294947 0.000000 -2.802106 97.255034 0.000000 22.871200 0.001837 
144 11.294947 0.000000 -5.727103 97.081453 0.000000 23.501859 0.002285 
145 14.439768 0.000000 -2.802106 97.241354 0.000000 23.133768 0.000895 
146 11.294947 0.000000 0.122891 97.847144 0.000000 20.718865 -0.000334 
147 6.577717 0.000000 -1.339607 97.575778 0.000000 20.911431 0.004168 
148 6.577717 0.000000 -2.802106 97.129363 0.000000 22.246704 0.007097 
149 8.150127 0.000000 -1.339607 97.545895 0.000000 21.504472 0.002236 
150 6.577717 0.000000 0.122891 99.485932 0.000000 14.783067 -0.011599 
151 4.219101 0.000000 -0.608358 97.610508 0.000000 16.948495 0.018494 
152 4.219101 0.000000 -1.339607 96.868895 0.000000 19.661677 0.022984 
153 5.005306 0.000000 -0.608358 97.961730 0.000000 17.815202 0.008612 
154 4.219101 0.000000 0.122891 99.601894 0.000000 8.645939 0.000471 
155 3.039794 0.000000 -0.242733 96.218257 0.000000 7.145688 0.069099 
156 3.039794 0.000000 -0.608358 95.517201 0.000000 16.089679 0.061759 
157 3.432896 0.000000 -0.242733 99.299821 0.000000 10.530790 0.002865 
158 3.039794 0.000000 0.122891 97.310416 0.000000 -0.000000 0.053068 
159 2.450140 0.000000 -0.059921 96.726135 0.000000 0.004013 0.064405 
160 2.450140 0.000000 -0.242733 97.625144 0.000000 0.025452 0.046933 
161 2.646691 0.000000 -0.059921 96.842485 0.000000 0.000000 0.062153 
162 2.450140 0.000000 0.122891 96.788859 0.000000 0.007147 0.063192 
163 20.729409 0.000000 5.972885 97.769413 0.000000 21.237770 -0.000990 
164 27.019050 0.000000 5.972885 98.239768 0.000000 19.334293 -0.002487 
165 20.729409 0.000000 11.822879 97.255355 0.000000 23.343006 -0.000350 
166 11.294947 0.000000 3.047888 99.391371 0.000000 14.763984 -0.009662 
167 14.439768 0.000000 3.047888 99.438832 0.000000 14.522491 -0.009898 
168 11.294947 0.000000 5.972885 97.588273 0.000000 22.148526 -0.001403 
169 6.577717 0.000000 1.585390 100.436204 0.000000 11.093051 -0.021049 
170 8.150127 0.000000 1.585390 100.888949 0.000000 8.783535 -0.025573 
171 6.577717 0.000000 3.047888 97.926903 0.000000 21.034827 -0.003214 
172 4.219101 0.000000 0.854141 100.419746 0.000000 13.182817 -0.025791 
173 5.005306 0.000000 0.854141 100.773318 0.000000 12.039064 -0.030020 
174 4.219101 0.000000 1.585390 98.442319 0.000000 20.187200 -0.009841 
175 3.039794 0.000000 0.488516 101.273812 0.000000 9.970608 -0.035580 
176 3.432896 0.000000 0.488516 100.218226 0.000000 11.271564 -0.017074 
177 3.039794 0.000000 0.854141 101.024638 0.000000 14.925411 -0.042875 
178 2.843242 0.000000 -0.059921 97.169415 0.000000 0.000000 0.055810 
179 2.843242 0.000000 -0.242733 94.255384 0.000000 8.104337 0.105024 
180 3.039794 0.000000 -0.059921 97.322508 0.000000 -0.000000 0.052833 
181 2.843242 0.000000 0.122891 97.130621 0.000000 0.000000 0.056564 
182 3.825999 0.000000 -0.242733 98.990795 0.000000 13.215216 0.002618 
183 3.825999 0.000000 -0.608358 97.254413 0.000000 16.406688 0.027240 
184 4.219101 0.000000 -0.242733 98.270621 0.000000 14.281185 0.013893 
185 3.825999 0.000000 0.122891 96.377889 0.000000 0.000000 0.071130 
186 3.825999 0.000000 0.488516 99.612759 0.000000 12.658183 -0.008293 
187 4.219101 0.000000 0.488516 99.372564 0.000000 14.668511 -0.009007 
188 3.825999 0.000000 0.854141 100.711208 0.000000 11.933275 -0.028515 
189 3.629448 0.000000 -0.059921 97.657250 0.000000 0.000000 0.046306 
190 3.432896 0.000000 -0.059921 97.335985 0.000000 -0.000000 0.052571 
191 3.629448 0.000000 -0.242733 99.504709 0.000000 11.984089 -0.004481 
192 3.825999 0.000000 -0.059921 97.610101 0.000000 0.000000 0.047227 
193 3.629448 0.000000 0.122891 97.121352 0.000000 0.000000 0.056744 
194 1.663935 0.000000 0.305704 94.952202 0.000000 -0.231487 0.098403 
195 1.467383 0.000000 0.305704 94.643249 0.000000 -0.267164 0.104258 
196 1.860486 0.000000 0.305704 95.132446 0.000000 -0.212284 0.094977 
197 1.663935 0.000000 0.488516 94.873446 0.000000 -0.241513 0.099897 
198 1.762210 0.000000 0.031485 93.345467 0.000000 -0.024436 0.128662 
199 1.663935 0.000000 0.031485 91.903463 0.000000 -0.038357 0.155375 
200 1.762210 0.000000 -0.059921 89.084111 0.000000 -0.098830 0.206401 
201 1.860486 0.000000 0.031485 91.452817 0.000000 -0.085448 0.163637 
202 1.762210 0.000000 0.122891 91.486288 0.000000 -0.144303 0.163024 
203 2.057037 0.000000 0.305704 96.544414 0.000000 -0.025318 0.067918 
204 2.253589 0.000000 0.305704 97.204882 0.000000 0.020480 0.055121 
205 2.057037 0.000000 0.488516 96.771798 0.000000 -0.004784 0.063522 
206 1.958762 0.000000 0.031485 93.476487 0.000000 -0.057607 0.126214 
207 1.958762 0.000000 -0.059921 93.324868 0.000000 -0.056999 0.129047 
208 2.057037 0.000000 0.031485 95.445229 0.000000 -0.016321 0.089021 
209 1.958762 0.000000 0.122891 94.287385 0.000000 -0.109405 0.110988 
210 1.762210 0.000000 0.214298 95.101722 0.000000 -0.214844 0.095562 
211 1.663935 0.000000 0.214298 94.985010 0.000000 -0.227338 0.097780 
212 1.860486 0.000000 0.214298 95.173930 0.000000 -0.207498 0.094188 
213 1.762210 0.000000 0.305704 95.061562 0.000000 -0.219635 0.096325 
214 1.811348 0.000000 0.077188 90.532166 0.000000 -0.098733 0.180392 
215 1.762210 0.000000 0.077188 89.456483 0.000000 -0.104602 0.199753 
216 1.811348 0.000000 0.031485 89.541540 0.000000 -0.069275 0.198231 
217 1.860486 0.000000 0.077188 92.042093 0.000000 -0.097647 0.152824 
218 1.811348 0.000000 0.122891 92.979913 0.000000 -0.162293 0.135471 
219 1.565659 0.000000 0.031485 89.914637 0.000000 -0.066130 0.191535 
220 1.467383 0.000000 0.031485 86.335053 0.000000 -0.101316 0.254625 
221 1.565659 0.000000 -0.059921 85.560428 0.000000 -0.117931 0.267940 
222 1.565659 0.000000 0.122891 87.594784 0.000000 -0.152308 0.232713 
223 1.713073 0.000000 0.077188 92.073703 0.000000 -0.065359 0.152243 
224 1.663935 0.000000 0.077188 92.384157 0.000000 -0.047597 0.146517 
225 1.713073 0.000000 0.031485 93.273388 0.000000 -0.032299 0.130007 
226 1.713073 0.000000 0.122891 89.994425 0.000000 -0.132966 0.190099 
227 -4.429155 0.000000 -17.427091 96.970652 0.000000 24.168355 0.001258 
228 -10.718796 0.000000 -17.427091 96.991194 0.000000 24.192696 0.000742 
229 -4.429155 0.000000 -23.277085 96.994125 0.000000 24.173447 0.000778 
230 1.860486 0.000000 -17.427091 96.964020 0.000000 24.124234 0.001600 
231 -1.284334 0.000000 -8.652100 96.794646 0.000000 24.092590 0.005034 
232 -4.429155 0.000000 -8.652100 96.874708 0.000000 24.190028 0.003013 
233 -1.284334 0.000000 -11.577097 96.892943 0.000000 24.113376 0.003030 
234 1.860486 0.000000 -8.652100 96.783462 0.000000 23.924262 0.006059 
235 0.288076 0.000000 -4.264604 96.218077 0.000000 23.874281 0.017210 
236 -1.284334 0.000000 -4.264604 96.452286 0.000000 24.196738 0.011147 
237 0.288076 0.000000 -5.727103 96.516885 0.000000 23.918038 0.011242 
238 1.860486 0.000000 -4.264604 96.197540 0.000000 23.374192 0.019968 
239 1.074281 0.000000 -2.070856 94.571302 0.000000 23.388854 0.050923 
240 0.288076 0.000000 -2.070856 95.096519 0.000000 24.335470 0.036444 
241 1.074281 0.000000 -2.802106 95.405405 0.000000 23.433854 0.034866 
242 1.860486 0.000000 -2.070856 94.740806 0.000000 22.242353 0.052946 
243 1.467383 0.000000 -0.973983 91.553674 0.000000 21.443709 0.115809 
244 1.074281 0.000000 -0.973983 91.518779 0.000000 23.398222 0.107684 
245 1.467383 0.000000 -1.339607 92.968267 0.000000 22.092142 0.086884 
246 1.860486 0.000000 -0.973983 92.455832 0.000000 19.868173 0.105717 
247 1.663935 0.000000 -0.425546 94.836548 0.000000 -0.246215 0.100597 
248 1.467383 0.000000 -0.425546 94.631967 0.000000 -0.270257 0.104472 
249 1.663935 0.000000 -0.608358 96.094698 0.000000 -0.068724 0.076580 
250 1.860486 0.000000 -0.425546 95.952200 0.000000 -0.093185 0.079317 
251 1.762210 0.000000 -0.151327 93.218940 0.000000 -0.178584 0.131020 
252 1.663935 0.000000 -0.151327 92.086460 0.000000 -0.190232 0.152005 
253 1.762210 0.000000 -0.242733 95.013876 0.000000 -0.225351 0.097231 
254 1.860486 0.000000 -0.151327 93.218749 0.000000 -0.171351 0.131024 
255 1.811348 0.000000 -0.014218 88.317867 0.000000 -0.049846 0.219995 
256 1.762210 0.000000 -0.014218 88.580869 0.000000 -0.078130 0.215342 
257 1.811348 0.000000 -0.059921 90.101341 0.000000 -0.091523 0.188174 
258 1.860486 0.000000 -0.014218 91.266440 0.000000 -0.082339 0.167043 
259 1.786779 0.000000 0.054337 95.804883 0.000000 0.001553 0.082142 
260 1.762210 0.000000 0.054337 95.465739 0.000000 -0.002601 0.088629 
261 1.786779 0.000000 0.031485 88.622048 0.000000 -0.073446 0.214613 
262 1.811348 0.000000 0.054337 94.842727 0.000000 -0.018971 0.100486 
263 1.786779 0.000000 0.077188 89.565960 0.000000 -0.093017 0.197793 
264 1.713073 0.000000 -0.014218 88.437363 0.000000 -0.097106 0.217882 
265 1.663935 0.000000 -0.014218 86.966006 0.000000 -0.094856 0.243690 
266 1.713073 0.000000 -0.059921 88.812513 0.000000 -0.114557 0.211232 
267 1.786779 0.000000 0.008634 87.876476 0.000000 -0.057772 0.227772 
268 1.762210 0.000000 0.008634 88.559224 0.000000 -0.077397 0.215726 
269 1.786779 0.000000 -0.014218 88.035917 0.000000 -0.061386 0.224967 
270 1.811348 0.000000 0.008634 87.715263 0.000000 -0.040188 0.230603 
271 1.958762 0.000000 0.214298 95.635281 0.000000 -0.142570 0.085387 
272 2.057037 0.000000 0.214298 96.325294 0.000000 -0.051148 0.072144 
273 1.958762 0.000000 0.305704 95.839624 0.000000 -0.113654 0.081475 
274 1.909624 0.000000 0.077188 92.662425 0.000000 -0.104496 0.141366 
275 1.909624 0.000000 0.031485 92.672077 0.000000 -0.085484 0.141188 
276 1.958762 0.000000 0.077188 93.328729 0.000000 -0.076350 0.128974 
277 1.909624 0.000000 0.122891 92.956085 0.000000 -0.117119 0.135915 
278 1.835917 0.000000 0.054337 90.611256 0.000000 -0.082778 0.178959 
279 1.835917 0.000000 0.031485 90.120615 0.000000 -0.074365 0.187827 
280 1.860486 0.000000 0.054337 91.752085 0.000000 -0.091273 0.158155 
281 1.835917 0.000000 0.077188 91.879107 0.000000 -0.098920 0.155822 
282 1.799064 0.000000 0.042911 95.174017 0.000000 -0.005423 0.094191 
283 1.786779 0.000000 0.042911 95.045802 0.000000 -0.005669 0.096630 
284 1.799064 0.000000 0.031485 88.552525 0.000000 -0.069942 0.215845 
285 1.811348 0.000000 0.042911 94.243198 0.000000 -0.022072 0.111822 
286 1.799064 0.000000 0.054337 96.009689 0.000000 -0.001210 0.078214 
287 1.737641 0.000000 0.054337 95.663192 0.000000 0.003397 0.084855 
288 1.713073 0.000000 0.054337 94.132610 0.000000 -0.022504 0.113905 
289 1.737641 0.000000 0.031485 93.283995 0.000000 -0.028840 0.129810 
290 1.737641 0.000000 0.077188 92.548958 0.000000 -0.058462 0.143469 
291 -17.008437 0.000000 5.972885 97.058856 0.000000 24.220777 -0.000707 
292 -23.298078 0.000000 5.972885 97.043672 0.000000 24.209871 -0.000359 
293 -17.008437 0.000000 11.822879 97.065798 0.000000 24.206247 -0.000771 
294 -7.573975 0.000000 3.047888 97.150012 0.000000 24.310787 -0.002914 
295 -10.718796 0.000000 3.047888 97.086855 0.000000 24.264062 -0.001460 
296 -7.573975 0.000000 5.972885 97.178052 0.000000 24.249066 -0.003159 
297 -2.856745 0.000000 1.585390 97.435291 0.000000 24.663585 -0.010193 
298 -4.429155 0.000000 1.585390 97.242748 0.000000 24.477709 -0.005531 
299 -2.856745 0.000000 3.047888 97.564333 0.000000 24.434954 -0.011587 
300 -0.498129 0.000000 0.854141 97.709048 0.000000 26.421118 -0.024513 
301 -1.284334 0.000000 0.854141 97.541470 0.000000 25.379703 -0.015847 
302 -0.498129 0.000000 1.585390 98.590618 0.000000 25.368571 -0.036367 
303 0.681178 0.000000 0.488516 91.647681 0.000000 -0.662040 0.160026 
304 0.288076 0.000000 0.488516 99.859033 0.000000 28.834858 -0.080328 
305 0.681178 0.000000 0.854141 102.158298 0.000000 28.419748 -0.124400 
306 1.270832 0.000000 0.305704 94.319411 0.000000 -0.307701 0.110375 
307 1.074281 0.000000 0.305704 94.111747 0.000000 -0.335597 0.114287 
308 1.270832 0.000000 0.488516 94.391953 0.000000 -0.299577 0.109007 
309 1.369108 0.000000 0.031485 83.634439 0.000000 -0.175383 0.300525 
310 1.270832 0.000000 0.031485 78.471477 0.000000 -0.285335 0.384215 
311 1.369108 0.000000 -0.059921 76.868778 0.000000 -0.140100 0.409117 
312 1.369108 0.000000 0.122891 80.237397 0.000000 -0.181521 0.356193 
313 1.565659 0.000000 0.214298 94.828280 0.000000 -0.244895 0.100754 
314 1.467383 0.000000 0.214298 94.645804 0.000000 -0.266309 0.104210 
315 1.565659 0.000000 0.305704 94.808655 0.000000 -0.247691 0.101126 
316 1.516521 0.000000 0.077188 89.787158 0.000000 -0.107127 0.193825 
317 1.467383 0.000000 0.077188 88.983860 0.000000 -0.116973 0.208186 
318 1.516521 0.000000 0.031485 89.068790 0.000000 -0.089164 0.206674 
319 1.565659 0.000000 0.077188 90.388564 0.000000 -0.077333 0.182990 
320 1.516521 0.000000 0.122891 87.330723 0.000000 -0.158728 0.237332 
321 0.877730 0.000000 -0.059921 91.760328 0.000000 -0.156165 0.158002 
322 0.681178 0.000000 -0.059921 95.382240 0.000000 -0.146103 0.090221 
323 0.877730 0.000000 -0.242733 92.809061 0.000000 -0.478739 0.138625 
324 0.877730 0.000000 0.122891 93.580938 0.000000 -0.319178 0.124251 
325 1.172557 0.000000 0.031485 79.054655 0.000000 -0.374363 0.375022 
326 1.074281 0.000000 0.031485 80.857003 0.000000 -0.122436 0.346213 
327 1.172557 0.000000 -0.059921 72.775269 0.000000 -0.153797 0.470374 
328 1.172557 0.000000 0.122891 80.094660 0.000000 -0.201335 0.358480 
329 1.369108 0.000000 0.214298 94.458395 0.000000 -0.289355 0.107753 
330 1.270832 0.000000 0.214298 94.288677 0.000000 -0.311163 0.110955 
331 1.369108 0.000000 0.305704 94.473768 0.000000 -0.287976 0.107462 
332 1.319970 0.000000 0.077188 84.418126 0.000000 -0.251695 0.287352 
333 1.270832 0.000000 0.077188 81.607273 0.000000 -0.306438 0.334016 
334 1.319970 0.000000 0.031485 81.942321 0.000000 -0.242739 0.328540 
335 1.369108 0.000000 0.077188 83.573967 0.000000 -0.180276 0.301536 
336 1.319970 0.000000 0.122891 79.225316 0.000000 -0.187477 0.372331 
337 0.877730 0.000000 0.305704 92.786552 0.000000 -0.482361 0.139042 
338 0.681178 0.000000 0.305704 91.910808 0.000000 -0.611322 0.155203 
339 0.877730 0.000000 0.488516 92.548257 0.000000 -0.512550 0.143456 
340 1.172557 0.000000 0.214298 94.155411 0.000000 -0.328977 0.113465 
341 1.074281 0.000000 0.214298 94.067903 0.000000 -0.341124 0.115111 
342 1.172557 0.000000 0.305704 94.196024 0.000000 -0.324046 0.112700 
343 1.221694 0.000000 0.077188 80.857209 0.000000 -0.367529 0.346198 
344 1.172557 0.000000 0.077188 77.362689 0.000000 -0.180812 0.401498 
345 1.221694 0.000000 0.031485 77.517783 0.000000 -0.340599 0.399088 
346 1.221694 0.000000 0.122891 82.661158 0.000000 -0.256236 0.316707 
347 0.976005 0.000000 0.031485 89.345012 0.000000 -0.146336 0.201745 
348 0.877730 0.000000 0.031485 92.115272 0.000000 -0.134301 0.151476 
349 0.976005 0.000000 -0.059921 89.606579 0.000000 -0.154265 0.197064 
350 0.976005 0.000000 0.122891 91.234448 0.000000 -0.205481 0.167623 
351 1.123419 0.000000 0.077188 79.079324 0.000000 -0.182158 0.374643 
352 1.074281 0.000000 0.077188 80.699186 0.000000 -0.164635 0.348761 
353 1.123419 0.000000 0.031485 77.897947 0.000000 -0.149218 0.393189 
354 1.123419 0.000000 0.122891 80.834880 0.000000 -0.202586 0.346568 
355 1.270832 0.000000 -0.425546 94.420971 0.000000 -0.296381 0.108459 
356 1.074281 0.000000 -0.425546 93.459673 0.000000 -0.398641 0.126513 
357 1.270832 0.000000 -0.608358 93.615832 0.000000 -0.376621 0.123593 
358 1.172557 0.000000 -0.151327 84.192830 0.000000 -0.266208 0.291150 
359 1.074281 0.000000 -0.151327 91.682910 0.000000 -0.269430 0.159417 
360 1.172557 0.000000 -0.242733 94.239611 0.000000 -0.318809 0.111879 
361 1.270832 0.000000 -0.151327 84.236453 0.000000 -0.252408 0.290416 
362 1.221694 0.000000 -0.014218 59.203361 0.000000 -0.090085 0.649495 
363 1.172557 0.000000 -0.014218 70.570263 0.000000 -0.140690 0.501982 
364 1.221694 0.000000 -0.059921 69.033435 0.000000 -0.134355 0.523437 
365 1.270832 0.000000 -0.014218 64.891384 0.000000 -0.113843 0.578910 
366 1.197125 0.000000 0.054337 84.881209 0.000000 -0.518305 0.279491 
367 1.172557 0.000000 0.054337 86.278227 0.000000 -0.632105 0.255567 
368 1.197125 0.000000 0.031485 79.965312 0.000000 -0.416566 0.360538 
369 1.221694 0.000000 0.054337 84.948294 0.000000 -0.467440 0.278357 
370 1.197125 0.000000 0.077188 79.445682 0.000000 -0.317061 0.368828 
371 3.236345 0.000000 -0.059921 97.205700 0.000000 -0.000000 0.055105 
372 3.236345 0.000000 -0.242733 98.012715 0.000000 8.788456 0.031627 
373 3.236345 0.000000 0.122891 97.204124 0.000000 -0.000000 0.055136 
374 3.629448 0.000000 0.305704 98.219662 0.000000 13.685959 0.016559 
375 3.432896 0.000000 0.305704 98.581799 0.000000 13.087807 0.011034 
376 3.825999 0.000000 0.305704 98.439306 0.000000 14.140783 0.010974 
377 3.629448 0.000000 0.488516 99.830998 0.000000 11.807264 -0.010564 
378 3.531172 0.000000 0.031485 97.530363 0.000000 -0.000000 0.048783 
379 3.432896 0.000000 0.031485 97.342043 0.000000 -0.000000 0.052453 
380 3.531172 0.000000 -0.059921 97.386820 0.000000 -0.000000 0.051581 
381 3.629448 0.000000 0.031485 97.682810 0.000000 0.000000 0.045807 
382 3.531172 0.000000 0.122891 97.339905 0.000000 -0.000000 0.052494 
383 3.236345 0.000000 0.305704 99.570609 0.000000 12.481501 -0.007009 
384 3.039794 0.000000 0.305704 100.448134 0.000000 11.813377 -0.022938 
385 3.236345 0.000000 0.488516 100.750112 0.000000 10.864242 -0.026862 
386 3.334621 0.000000 0.031485 97.089584 0.000000 -0.000000 0.057361 
387 3.236345 0.000000 0.031485 97.206692 0.000000 -0.000000 0.055086 
388 3.334621 0.000000 -0.059921 97.080630 0.000000 -0.000000 0.057535 
389 3.334621 0.000000 0.122891 97.088500 0.000000 0.000000 0.057382 
390 8.150127 0.000000 -17.427091 96.983529 0.000000 24.087787 0.001397 
391 8.150127 0.000000 -23.277085 96.999552 0.000000 24.136691 0.000851 
392 14.439768 0.000000 -17.427091 97.009030 0.000000 24.078338 0.000948 
393 5.005306 0.000000 -8.652100 96.860050 0.000000 23.795328 0.005191 
394 5.005306 0.000000 -11.577097 96.921229 0.000000 23.974038 0.003152 
395 8.150127 0.000000 -8.652100 96.955038 0.000000 23.766089 0.003489 
396 3.432896 0.000000 -4.264604 96.451525 0.000000 22.997178 0.016823 
397 3.432896 0.000000 -5.727103 96.627167 0.000000 23.465659 0.011255 
398 5.005306 0.000000 -4.264604 96.754825 0.000000 22.888439 0.011462 
399 4.219101 0.000000 -2.070856 96.608954 0.000000 21.073059 0.022264 
400 3.432896 0.000000 -2.070856 96.059583 0.000000 21.092418 0.032767 
401 4.219101 0.000000 -2.802106 96.545759 0.000000 21.927929 0.019808 
402 5.005306 0.000000 -2.070856 96.973834 0.000000 21.223902 0.014562 
403 3.825999 0.000000 -0.973983 96.760658 0.000000 18.300045 0.030248 
404 3.432896 0.000000 -0.973983 96.202007 0.000000 18.219109 0.041324 
405 3.825999 0.000000 -1.339607 96.522544 0.000000 19.531342 0.030193 
406 4.219101 0.000000 -0.973983 97.144284 0.000000 18.548773 0.021893 
407 3.629448 0.000000 -0.425546 97.732975 0.000000 14.789329 0.022954 
408 3.432896 0.000000 -0.425546 97.250152 0.000000 14.344276 0.033665 
409 3.629448 0.000000 -0.608358 97.006467 0.000000 16.235282 0.032616 
410 3.825999 0.000000 -0.425546 97.869800 0.000000 15.220144 0.018985 
411 3.531172 0.000000 -0.151327 97.755428 0.000000 -0.000000 0.044388 
412 3.432896 0.000000 -0.151327 96.958992 0.000000 -0.000000 0.059895 
413 3.531172 0.000000 -0.242733 99.549093 0.000000 11.283944 -0.003735 
414 3.629448 0.000000 -0.151327 98.083297 0.000000 -0.000000 0.037967 
415 3.482034 0.000000 -0.014218 97.451188 0.000000 -0.000000 0.050327 
416 3.432896 0.000000 -0.014218 97.225585 0.000000 -0.000000 0.054719 
417 3.482034 0.000000 -0.059921 97.405690 0.000000 -0.000000 0.051213 
418 3.531172 0.000000 -0.014218 97.567096 0.000000 -0.000000 0.048066 
419 3.482034 0.000000 0.031485 97.435088 0.000000 -0.000000 0.050640 
420 2.646691 0.000000 -2.070856 95.404901 0.000000 21.451943 0.043772 
421 2.646691 0.000000 -2.802106 95.798138 0.000000 22.284699 0.032611 
422 3.039794 0.000000 -0.973983 95.505275 0.000000 18.250463 0.054566 
423 2.646691 0.000000 -0.973983 94.647340 0.000000 18.469466 0.070076 
424 3.039794 0.000000 -1.339607 95.520102 0.000000 19.564108 0.049316 
425 3.236345 0.000000 -0.425546 96.489997 0.000000 14.092783 0.049107 
426 3.039794 0.000000 -0.425546 95.673585 0.000000 14.015868 0.065012 
427 3.236345 0.000000 -0.608358 96.052314 0.000000 16.021988 0.051725 
428 3.334621 0.000000 -0.151327 97.110424 0.000000 0.000000 0.056957 
429 3.236345 0.000000 -0.151327 97.209748 0.000000 0.000000 0.055026 
430 3.334621 0.000000 -0.242733 98.707129 0.000000 9.688178 0.016304 
431 3.383758 0.000000 -0.014218 97.080943 0.000000 -0.000000 0.057529 
432 3.334621 0.000000 -0.014218 97.093612 0.000000 0.000000 0.057283 
433 3.383758 0.000000 -0.059921 97.029620 0.000000 -0.000000 0.058525 
434 3.383758 0.000000 0.031485 97.029022 0.000000 -0.000000 0.058537 
435 3.531172 0.000000 0.214298 97.214486 0.000000 13.127380 0.037702 
436 3.432896 0.000000 0.214298 97.432061 0.000000 13.152530 0.033400 
437 3.629448 0.000000 0.214298 97.320891 0.000000 13.111727 0.035673 
438 3.531172 0.000000 0.305704 98.297910 0.000000 13.380195 0.015849 
439 3.482034 0.000000 0.077188 97.241945 0.000000 -0.000000 0.054400 
440 3.432896 0.000000 0.077188 97.161349 0.000000 -0.000000 0.055967 
441 3.531172 0.000000 0.077188 97.356285 0.000000 -0.000000 0.052175 
442 3.482034 0.000000 0.122891 97.221783 0.000000 -0.000000 0.054792 
443 3.457465 0.000000 0.008634 97.249739 0.000000 -0.000000 0.054249 
444 3.432896 0.000000 0.008634 97.151093 0.000000 0.000000 0.056167 
445 3.457465 0.000000 -0.014218 97.405802 0.000000 -0.000000 0.051211 
446 3.482034 0.000000 0.008634 97.454437 0.000000 -0.000000 0.050263 
447 3.457465 0.000000 0.031485 97.392269 0.000000 -0.000000 0.051475 
448 3.334621 0.000000 0.214298 98.098482 0.000000 13.134744 0.020417 
449 3.236345 0.000000 0.214298 98.831555 0.000000 13.128372 0.005997 
450 3.334621 0.000000 0.305704 99.054439 0.000000 12.783654 0.002480 
451 3.383758 0.000000 0.077188 97.030072 0.000000 -0.000000 0.058517 
452 3.334621 0.000000 0.077188 97.070396 0.000000 -0.000000 0.057734 
453 3.383758 0.000000 0.122891 97.016321 0.000000 -0.000000 0.058783 
454 3.408327 0.000000 0.008634 97.151472 0.000000 -0.000000 0.056159 
455 3.383758 0.000000 0.008634 97.073684 0.000000 -0.000000 0.057670 
456 3.408327 0.000000 -0.014218 97.173373 0.000000 -0.000000 0.055734 
457 3.408327 0.000000 0.031485 97.313911 0.000000 -0.000000 0.053000 
458 3.482034 0.000000 -0.105624 97.233290 0.000000 -0.000000 0.054569 
459 3.432896 0.000000 -0.105624 97.183274 0.000000 -0.000000 0.055541 
460 3.482034 0.000000 -0.151327 97.381496 0.000000 -0.000000 0.051684 
461 3.531172 0.000000 -0.105624 97.353308 0.000000 -0.000000 0.052233 
462 3.457465 0.000000 -0.037069 97.387285 0.000000 -0.000000 0.051572 
463 3.432896 0.000000 -0.037069 97.339429 0.000000 -0.000000 0.052504 
464 3.457465 0.000000 -0.059921 97.368774 0.000000 -0.000000 0.051932 
465 3.482034 0.000000 -0.037069 97.429042 0.000000 -0.000000 0.050758 
466 3.445181 0.000000 -0.002792 97.090805 0.000000 0.000000 0.057338 
467 3.432896 0.000000 -0.002792 97.072902 0.000000 0.000000 0.057685 
468 3.445181 0.000000 -0.014218 97.382324 0.000000 -0.000000 0.051668 
469 3.457465 0.000000 -0.002792 97.059724 0.000000 -0.000000 0.057941 
470 3.445181 0.000000 0.008634 97.149530 0.000000 0.000000 0.056197 
471 3.138069 0.000000 0.031485 97.288777 0.000000 -0.000000 0.053489 
472 3.039794 0.000000 0.031485 97.327127 0.000000 -0.000000 0.052743 
473 3.138069 0.000000 -0.059921 97.280828 0.000000 -0.000000 0.053644 
474 3.138069 0.000000 0.122891 97.225519 0.000000 -0.000000 0.054720 
475 3.285483 0.000000 -0.014218 97.150824 0.000000 0.000000 0.056172 
476 3.236345 0.000000 -0.014218 97.203275 0.000000 -0.000000 0.055152 
477 3.285483 0.000000 -0.059921 97.149655 0.000000 0.000000 0.056194 
478 3.285483 0.000000 0.031485 97.150398 0.000000 0.000000 0.056180 
479 3.359190 0.000000 0.008634 97.069919 0.000000 0.000000 0.057743 
480 3.334621 0.000000 0.008634 97.095498 0.000000 0.000000 0.057246 
481 3.359190 0.000000 -0.014218 97.062788 0.000000 0.000000 0.057882 
482 3.359190 0.000000 0.031485 97.061946 0.000000 -0.000000 0.057898 
483 3.138069 0.000000 -0.151327 97.227280 0.000000 -0.000000 0.054686 
484 3.039794 0.000000 -0.151327 97.263208 0.000000 0.000000 0.053987 
485 3.138069 0.000000 -0.242733 97.247654 0.000000 7.832558 0.048154 
486 3.187207 0.000000 -0.014218 97.242537 0.000000 -0.000000 0.054389 
487 3.138069 0.000000 -0.014218 97.294078 0.000000 -0.000000 0.053386 
488 3.187207 0.000000 -0.059921 97.231824 0.000000 -0.000000 0.054597 
489 3.187207 0.000000 0.031485 97.255222 0.000000 -0.000000 0.054142 
490 3.285483 0.000000 0.077188 97.161986 0.000000 0.000000 0.055955 
491 3.236345 0.000000 0.077188 97.215158 0.000000 -0.000000 0.054921 
492 3.285483 0.000000 0.122891 97.165170 0.000000 0.000000 0.055893 
493 3.260914 0.000000 0.008634 97.184315 0.000000 -0.000000 0.055521 
494 3.236345 0.000000 0.008634 97.203245 0.000000 -0.000000 0.055153 
495 3.260914 0.000000 -0.014218 97.183762 0.000000 -0.000000 0.055532 
496 3.285483 0.000000 0.008634 97.151176 0.000000 0.000000 0.056165 
497 3.260914 0.000000 0.031485 97.189356 0.000000 -0.000000 0.055423 
498 2.843242 0.000000 0.305704 101.105967 0.000000 11.297723 -0.035006 
499 2.646691 0.000000 0.305704 101.657207 0.000000 10.898418 -0.045296 
500 2.843242 0.000000 0.488516 101.743216 0.000000 8.657388 -0.042663 
501 3.138069 0.000000 0.214298 99.496655 0.000000 13.070078 -0.007041 
502 3.039794 0.000000 0.214298 100.088627 0.000000 13.093534 -0.018917 
503 3.138069 0.000000 0.305704 100.044528 0.000000 12.140668 -0.015630 
504 3.187207 0.000000 0.077188 97.230758 0.000000 -0.000000 0.054618 
505 3.138069 0.000000 0.077188 97.285358 0.000000 -0.000000 0.053556 
506 3.187207 0.000000 0.122891 97.214638 0.000000 -0.000000 0.054931 
507 3.211776 0.000000 0.008634 97.219452 0.000000 -0.000000 0.054838 
508 3.187207 0.000000 0.008634 97.240721 0.000000 -0.000000 0.054424 
509 3.211776 0.000000 -0.014218 97.219441 0.000000 -0.000000 0.054838 
510 3.211776 0.000000 0.031485 97.221441 0.000000 -0.000000 0.054799 
511 2.941518 0.000000 0.031485 97.247590 0.000000 -0.000000 0.054291 
512 2.843242 0.000000 0.031485 97.181315 0.000000 0.000000 0.055579 
513 2.941518 0.000000 -0.059921 97.276108 0.000000 -0.000000 0.053736 
514 2.941518 0.000000 0.122891 97.314165 0.000000 0.000000 0.052995 
515 3.088932 0.000000 -0.014218 97.344420 0.000000 -0.000000 0.052406 
516 3.039794 0.000000 -0.014218 97.324959 0.000000 -0.000000 0.052785 
517 3.088932 0.000000 -0.059921 97.303851 0.000000 -0.000000 0.053196 
518 3.088932 0.000000 0.031485 97.321430 0.000000 -0.000000 0.052854 
519 3.162638 0.000000 0.008634 97.258113 0.000000 -0.000000 0.054086 
520 3.138069 0.000000 0.008634 97.295270 0.000000 -0.000000 0.053363 
521 3.162638 0.000000 -0.014218 97.271986 0.000000 -0.000000 0.053816 
522 3.162638 0.000000 0.031485 97.270287 0.000000 -0.000000 0.053849 
523 3.088932 0.000000 0.077188 97.298317 0.000000 -0.000000 0.053304 
524 3.039794 0.000000 0.077188 97.294603 0.000000 -0.000000 0.053376 
525 3.088932 0.000000 0.122891 97.263391 0.000000 -0.000000 0.053983 
526 3.113500 0.000000 0.008634 97.342350 0.000000 -0.000000 0.052447 
527 3.088932 0.000000 0.008634 97.354264 0.000000 -0.000000 0.052215 
528 3.113500 0.000000 -0.014218 97.332781 0.000000 -0.000000 0.052633 
529 3.113500 0.000000 0.031485 97.310629 0.000000 -0.000000 0.053064 
530 3.187207 0.000000 -0.105624 97.237180 0.000000 -0.000000 0.054493 
531 3.138069 0.000000 -0.105624 97.245779 0.000000 -0.000000 0.054326 
532 3.187207 0.000000 -0.151327 97.225504 0.000000 -0.000000 0.054720 
533 3.236345 0.000000 -0.105624 97.193667 0.000000 0.000000 0.055339 
534 3.162638 0.000000 -0.037069 97.269595 0.000000 -0.000000 0.053863 
535 3.138069 0.000000 -0.037069 97.286993 0.000000 -0.000000 0.053524 
536 3.162638 0.000000 -0.059921 97.273890 0.000000 -0.000000 0.053779 
537 3.187207 0.000000 -0.037069 97.254889 0.000000 -0.000000 0.054149 
538 3.150354 0.000000 -0.002792 97.208284 0.000000 -0.000000 0.055055 
539 3.138069 0.000000 -0.002792 97.295950 0.000000 -0.000000 0.053350 
540 3.150354 0.000000 -0.014218 97.284796 0.000000 -0.000000 0.053567 
541 3.162638 0.000000 -0.002792 97.250081 0.000000 0.000000 0.054242 
542 3.150354 0.000000 0.008634 97.285342 0.000000 -0.000000 0.053556 
543 2.450140 0.000000 0.305704 97.568087 0.000000 0.026651 0.048047 
544 2.450140 0.000000 0.488516 97.693668 0.000000 0.023296 0.045595 
545 2.548415 0.000000 0.031485 96.756965 0.000000 0.001368 0.063809 
546 2.450140 0.000000 0.031485 96.714967 0.000000 0.004295 0.064622 
547 2.548415 0.000000 -0.059921 96.774000 0.000000 0.001766 0.063479 
548 2.646691 0.000000 0.031485 96.870794 0.000000 0.000000 0.061605 
549 2.548415 0.000000 0.122891 96.980652 0.000000 0.007051 0.059475 
550 5.791512 0.000000 0.854141 101.083249 0.000000 15.623223 -0.046191 
551 5.791512 0.000000 0.122891 100.918191 0.000000 -0.625308 -0.018487 
552 6.577717 0.000000 0.854141 98.864984 0.000000 19.021151 -0.013609 
553 5.791512 0.000000 1.585390 99.767501 0.000000 14.141446 -0.015353 
554 -17.008437 0.000000 -17.427091 97.007525 0.000000 24.199999 0.000390 
555 -23.298078 0.000000 -17.427091 97.017036 0.000000 24.200641 0.000202 
556 -17.008437 0.000000 -23.277085 97.010820 0.000000 24.194197 0.000354 
557 20.729409 0.000000 -17.427091 97.025637 0.000000 24.084922 0.000594 
558 20.729409 0.000000 -23.277085 97.020650 0.000000 24.127642 0.000485 
559 27.019050 0.000000 -17.427091 97.034115 0.000000 24.095886 0.000377 
560 -7.573975 0.000000 -8.652100 96.939796 0.000000 24.222058 0.001597 
561 -10.718796 0.000000 -8.652100 96.977865 0.000000 24.226308 0.000838 
562 -7.573975 0.000000 -11.577097 96.953327 0.000000 24.199608 0.001443 
563 11.294947 0.000000 -8.652100 97.019853 0.000000 23.795864 0.002090 
564 11.294947 0.000000 -11.577097 96.999109 0.000000 23.947474 0.001769 
565 14.439768 0.000000 -8.652100 97.048561 0.000000 23.837937 0.001333 
566 -2.856745 0.000000 -4.264604 96.681296 0.000000 24.301859 0.006215 
567 -4.429155 0.000000 -4.264604 96.822760 0.000000 24.317830 0.003400 
568 -2.856745 0.000000 -5.727103 96.732722 0.000000 24.209821 0.005667 
569 6.577717 0.000000 -4.264604 96.961804 0.000000 22.946368 0.007187 
570 6.577717 0.000000 -5.727103 96.908697 0.000000 23.361101 0.006296 
571 8.150127 0.000000 -4.264604 97.071495 0.000000 23.056496 0.004552 
572 -0.498129 0.000000 -2.070856 95.767750 0.000000 24.707303 0.021809 
573 -1.284334 0.000000 -2.070856 96.259890 0.000000 24.731972 0.012236 
574 -0.498129 0.000000 -2.802106 95.967712 0.000000 24.337594 0.019788 
575 0.681178 0.000000 -0.973983 92.443798 0.000000 25.143319 0.082196 
576 0.288076 0.000000 -0.973983 93.935720 0.000000 26.157219 0.049188 
577 0.681178 0.000000 -1.339607 93.524064 0.000000 24.518924 0.065207 
578 2.253589 0.000000 -0.973983 93.616422 0.000000 18.934561 0.087745 
579 2.253589 0.000000 -1.339607 94.158671 0.000000 20.216086 0.072545 
580 0.877730 0.000000 -0.425546 92.259681 0.000000 -0.554355 0.148784 
581 0.681178 0.000000 -0.425546 91.424681 0.000000 -0.713212 0.164102 
582 0.877730 0.000000 -0.608358 91.434930 0.000000 -0.711333 0.163915 
583 1.369108 0.000000 -0.151327 90.475738 0.000000 -0.238763 0.181408 
584 1.369108 0.000000 -0.242733 94.488649 0.000000 -0.286705 0.107181 
585 1.467383 0.000000 -0.151327 90.556246 0.000000 -0.220712 0.179952 
586 2.057037 0.000000 -0.425546 96.997869 0.000000 0.010226 0.059141 
587 2.057037 0.000000 -0.608358 97.479359 0.000000 0.027196 0.049777 
588 2.253589 0.000000 -0.425546 97.482351 0.000000 0.027159 0.049719 
589 2.450140 0.000000 -0.425546 93.425391 0.000000 15.256048 0.103895 
590 2.450140 0.000000 -0.608358 93.771658 0.000000 16.704028 0.092785 
591 2.646691 0.000000 -0.425546 94.188512 0.000000 14.661607 0.091356 
592 1.565659 0.000000 -0.151327 92.032953 0.000000 -0.204644 0.152989 
593 1.565659 0.000000 -0.242733 94.784555 0.000000 -0.251067 0.101583 
594 1.958762 0.000000 -0.151327 95.487916 0.000000 -0.086961 0.088205 
595 1.958762 0.000000 -0.242733 96.043627 0.000000 -0.085147 0.077561 
596 2.057037 0.000000 -0.151327 95.939828 0.000000 -0.018367 0.079555 
597 5.791512 0.000000 -0.608358 98.121417 0.000000 18.709173 0.002215 
598 5.791512 0.000000 -1.339607 97.510763 0.000000 20.499558 0.007142 
599 6.577717 0.000000 -0.608358 98.058160 0.000000 19.532481 0.000308 
600 2.843242 0.000000 -0.425546 94.868932 0.000000 14.237511 0.079718 
601 2.843242 0.000000 -0.608358 95.027504 0.000000 16.163272 0.070852 
602 2.941518 0.000000 -0.151327 97.263208 0.000000 0.000000 0.053987 
603 2.843242 0.000000 -0.151327 97.130085 0.000000 0.000000 0.056575 
604 2.941518 0.000000 -0.242733 95.061083 0.000000 7.299077 0.091011 
605 2.744967 0.000000 0.031485 97.000237 0.000000 0.000000 0.059095 
606 2.744967 0.000000 -0.059921 96.999203 0.000000 0.000000 0.059115 
607 2.744967 0.000000 0.122891 97.004551 0.000000 0.000000 0.059012 
608 1.909624 0.000000 -0.014218 92.611862 0.000000 -0.083400 0.142304 
609 1.909624 0.000000 -0.059921 92.510371 0.000000 -0.099879 0.144182 
610 1.958762 0.000000 -0.014218 93.538384 0.000000 -0.042426 0.125057 
611 1.614797 0.000000 0.077188 91.183535 0.000000 -0.059775 0.168556 
612 1.614797 0.000000 0.031485 89.595925 0.000000 -0.046968 0.197257 
613 1.614797 0.000000 0.122891 91.671665 0.000000 -0.186192 0.159627 
614 1.835917 0.000000 0.008634 89.627289 0.000000 -0.066558 0.196694 
615 1.835917 0.000000 -0.014218 89.707485 0.000000 -0.067945 0.195256 
616 1.860486 0.000000 0.008634 91.245514 0.000000 -0.081813 0.167425 
617 1.737641 0.000000 0.008634 88.567645 0.000000 -0.092654 0.215576 
618 1.713073 0.000000 0.008634 90.578259 0.000000 -0.065188 0.179557 
619 1.737641 0.000000 -0.014218 88.571519 0.000000 -0.093039 0.215508 
620 1.319970 0.000000 -0.014218 71.097979 0.000000 -0.136609 0.494506 
621 1.319970 0.000000 -0.059921 75.437126 0.000000 -0.159407 0.430921 
622 1.369108 0.000000 -0.014218 78.866247 0.000000 -0.145274 0.378009 
623 1.418246 0.000000 0.077188 87.030887 0.000000 -0.149533 0.242560 
624 1.418246 0.000000 0.031485 83.291214 0.000000 -0.122061 0.306256 
625 1.418246 0.000000 0.122891 89.904284 0.000000 -0.222661 0.191717 
626 0.976005 0.000000 -0.151327 91.567852 0.000000 -0.260970 0.161526 
627 0.877730 0.000000 -0.151327 93.388157 0.000000 -0.345298 0.127853 
628 0.976005 0.000000 -0.242733 93.341714 0.000000 -0.415674 0.128715 
629 1.123419 0.000000 -0.014218 77.567393 0.000000 -0.144309 0.398328 
630 1.074281 0.000000 -0.014218 80.799970 0.000000 -0.110035 0.347135 
631 1.123419 0.000000 -0.059921 78.227933 0.000000 -0.170032 0.388036 
632 0.976005 0.000000 0.214298 93.684900 0.000000 -0.381822 0.122299 
633 0.877730 0.000000 0.214298 93.025216 0.000000 -0.454309 0.134610 
634 0.976005 0.000000 0.305704 93.524961 0.000000 -0.397265 0.125292 
635 3.383758 0.000000 -0.105624 97.016270 0.000000 -0.000000 0.058784 
636 3.334621 0.000000 -0.105624 97.086260 0.000000 0.000000 0.057426 
637 3.383758 0.000000 -0.151327 97.027340 0.000000 0.000000 0.058570 
638 3.285483 0.000000 -0.105624 97.175341 0.000000 0.000000 0.055695 
639 3.285483 0.000000 -0.151327 97.167155 0.000000 0.000000 0.055854 
640 3.408327 0.000000 -0.037069 97.318250 0.000000 -0.000000 0.052916 
641 3.383758 0.000000 -0.037069 97.029117 0.000000 -0.000000 0.058535 
642 3.408327 0.000000 -0.059921 97.155286 0.000000 -0.000000 0.056085 
643 3.310052 0.000000 0.008634 97.119073 0.000000 -0.000000 0.056789 
644 3.310052 0.000000 -0.014218 97.118266 0.000000 -0.000000 0.056804 
645 3.310052 0.000000 0.031485 97.106271 0.000000 -0.000000 0.057037 
646 3.088932 0.000000 -0.105624 97.258728 0.000000 -0.000000 0.054074 
647 3.039794 0.000000 -0.105624 97.310630 0.000000 -0.000000 0.053064 
648 3.088932 0.000000 -0.151327 98.130268 0.000000 -5.897846 0.033567 
649 3.211776 0.000000 -0.037069 97.221204 0.000000 -0.000000 0.054804 
650 3.211776 0.000000 -0.059921 97.220059 0.000000 -0.000000 0.054826 
651 3.236345 0.000000 -0.037069 97.206528 0.000000 -0.000000 0.055089 
652 2.941518 0.000000 0.214298 100.556679 0.000000 13.188633 -0.028559 
653 2.843242 0.000000 0.214298 100.967679 0.000000 13.367297 -0.037316 
654 2.941518 0.000000 0.305704 100.790648 0.000000 11.524355 -0.029157 
655 3.113500 0.000000 -0.037069 97.306036 0.000000 -0.000000 0.053154 
656 3.088932 0.000000 -0.037069 97.316589 0.000000 -0.000000 0.052948 
657 3.113500 0.000000 -0.059921 97.294128 0.000000 -0.000000 0.053385 
658 5.791512 0.000000 -2.070856 97.192173 0.000000 21.469551 0.009274 
659 5.791512 0.000000 -2.802106 97.015779 0.000000 22.108460 0.009915 
660 6.577717 0.000000 -2.070856 97.299471 0.000000 21.705579 0.006168 
661 2.744967 0.000000 -0.151327 97.004551 0.000000 0.000000 0.059012 
662 2.646691 0.000000 -0.151327 96.846314 0.000000 0.000000 0.062079 
663 2.744967 0.000000 -0.242733 93.761893 0.000000 9.056143 0.112669 
664 1.614797 0.000000 -0.014218 83.095517 0.000000 -0.059930 0.309513 
665 1.565659 0.000000 -0.014218 86.633773 0.000000 -0.086215 0.249458 
666 1.614797 0.000000 -0.059921 86.444142 0.000000 -0.107919 0.252740 
667 1.418246 0.000000 -0.014218 77.216683 0.000000 -0.077642 0.403758 
668 1.418246 0.000000 -0.059921 80.769399 0.000000 -0.128944 0.347629 
669 1.467383 0.000000 -0.014218 82.370727 0.000000 -0.104908 0.321505 
670 3.359190 0.000000 -0.037069 97.060642 0.000000 -0.000000 0.057923 
671 3.334621 0.000000 -0.037069 97.080948 0.000000 -0.000000 0.057529 
672 3.359190 0.000000 -0.059921 97.050368 0.000000 -0.000000 0.058123 
673 3.260914 0.000000 -0.037069 97.189369 0.000000 -0.000000 0.055423 
674 3.260914 0.000000 -0.059921 97.188876 0.000000 -0.000000 0.055432 
675 3.285483 0.000000 -0.037069 97.150162 0.000000 0.000000 0.056185 
676 3.310052 0.000000 -0.037069 97.106121 0.000000 -0.000000 0.057040 
677 3.310052 0.000000 -0.059921 97.117076 0.000000 0.000000 0.056827 
678 2.744967 0.000000 0.214298 101.237999 0.000000 13.524937 -0.043206 
679 2.646691 0.000000 0.214298 101.505343 0.000000 13.550476 -0.048695 
680 2.744967 0.000000 0.305704 101.401170 0.000000 11.123178 -0.040592 
681 2.548415 0.000000 0.214298 97.665001 0.000000 0.024250 0.046155 
682 2.450140 0.000000 0.214298 97.568264 0.000000 0.026647 0.048043 
683 2.548415 0.000000 0.305704 97.708823 0.000000 0.022779 0.045299 
684 2.548415 0.000000 -0.151327 96.842948 0.000000 0.003226 0.062144 
685 2.450140 0.000000 -0.151327 96.887633 0.000000 0.009035 0.061279 
686 2.548415 0.000000 -0.242733 92.971320 0.000000 10.847643 0.123866 
687 1.516521 0.000000 -0.014218 85.960763 0.000000 -0.104491 0.261074 
688 1.516521 0.000000 -0.059921 85.530530 0.000000 -0.136409 0.268451 
1 19 21 9 22 
2 20 19 22 4 
3 28 29 3 30 
4 21 28 30 9 
5 35 37 21 38 
6 36 35 38 19 
7 44 45 28 46 
8 37 44 46 21 
9 51 53 37 54 
10 52 51 54 35 
11 60 61 44 62 
12 53 60 62 37 
13 67 69 53 70 
14 68 67 70 51 
15 76 77 60 78 
16 69 76 78 53 
17 83 85 69 86 
18 84 83 86 67 
19 11 94 92 93 
20 94 10 24 92 
21 92 24 14 95 
22 93 92 95 6 
23 24 98 96 97 
24 98 23 40 96 
25 96 40 27 99 
26 97 96 99 14 
27 40 102 100 101 
28 102 39 56 100 
29 100 56 43 103 
30 101 100 103 27 
31 56 106 104 105 
32 106 55 72 104 
33 104 72 59 107 
34 105 104 107 43 
35 72 110 108 109 
36 109 108 111 59 
37 112 113 76 114 
38 85 112 114 69 
39 115 117 85 118 
40 116 115 118 83 
41 132 133 112 134 
42 117 132 134 85 
43 136 124 137 135 
44 135 137 127 138 
45 15 140 139 33 
46 140 17 141 139 
47 139 141 8 142 
48 33 139 142 18 
49 31 144 143 49 
50 144 33 145 143 
51 143 145 18 146 
52 49 143 146 34 
53 148 49 149 147 
54 147 149 34 150 
55 152 65 153 151 
56 151 153 50 154 
57 124 160 159 137 
58 137 159 162 127 
59 18 142 163 45 
60 142 8 164 163 
61 163 164 29 165 
62 45 163 165 28 
63 34 146 166 61 
64 146 18 167 166 
65 166 167 45 168 
66 61 166 168 44 
67 150 34 170 169 
68 169 170 61 171 
69 77 169 171 60 
70 154 50 173 172 
71 172 173 77 174 
72 113 172 174 76 
73 175 176 113 177 
74 133 175 177 112 
75 183 151 184 182 
76 182 184 154 185 
77 185 154 187 186 
78 186 187 172 188 
79 176 186 188 113 
80 191 182 192 189 
81 189 192 185 193 
82 194 196 117 197 
83 195 194 197 115 
84 138 127 204 203 
85 203 204 132 205 
86 196 203 205 117 
87 207 135 208 206 
88 206 208 138 209 
89 131 202 210 211 
90 202 5 212 210 
91 210 212 196 213 
92 211 210 213 194 
93 214 217 5 218 
94 215 214 218 202 
95 199 225 223 224 
96 223 215 202 226 
97 224 223 226 131 
98 12 229 227 228 
99 229 7 230 227 
100 227 230 13 25 
101 228 227 25 10 
102 25 233 231 232 
103 233 13 234 231 
104 231 234 26 41 
105 232 231 41 23 
106 41 237 235 236 
107 237 26 238 235 
108 235 238 42 57 
109 236 235 57 39 
110 57 241 239 240 
111 241 42 242 239 
112 239 242 58 73 
113 240 239 73 55 
114 73 245 243 244 
115 245 58 246 243 
116 243 246 74 89 
117 244 243 89 71 
118 89 249 247 248 
119 249 74 250 247 
120 247 250 90 129 
121 248 247 129 87 
122 129 253 251 252 
123 253 90 254 251 
124 251 254 130 200 
125 252 251 200 128 
126 200 257 255 256 
127 257 130 258 255 
128 198 261 259 260 
129 259 262 214 263 
130 260 259 263 215 
131 128 266 264 265 
132 266 200 256 264 
133 265 264 225 199 
134 256 269 267 268 
135 269 255 270 267 
136 267 270 216 261 
137 268 267 261 198 
138 5 209 271 212 
139 209 138 272 271 
140 271 272 203 273 
141 212 271 273 196 
142 201 275 274 217 
143 275 206 276 274 
144 274 276 209 277 
145 217 274 277 5 
146 216 279 278 262 
147 279 201 280 278 
148 278 280 217 281 
149 262 278 281 214 
150 261 284 282 283 
151 284 216 285 282 
152 282 285 262 286 
153 283 282 286 259 
154 225 289 287 288 
155 289 198 260 287 
156 287 260 215 290 
157 288 287 290 223 
158 6 95 291 292 
159 95 14 36 291 
160 291 36 19 293 
161 292 291 293 20 
162 14 99 294 295 
163 99 27 52 294 
164 294 52 35 296 
165 295 294 296 36 
166 27 103 297 298 
167 103 43 68 297 
168 297 68 51 299 
169 298 297 299 52 
170 43 107 300 301 
171 107 59 84 300 
172 300 84 67 302 
173 301 300 302 68 
174 59 111 303 304 
175 303 116 83 305 
176 304 303 305 84 
177 306 195 115 308 
178 307 306 308 116 
179 91 222 313 314 
180 222 131 211 313 
181 313 211 194 315 
182 314 313 315 195 
183 220 318 316 317 
184 318 219 319 316 
185 316 319 222 320 
186 317 316 320 91 
187 108 323 321 322 
188 322 321 324 111 
189 123 312 329 330 
190 312 91 314 329 
191 329 314 195 331 
192 330 329 331 306 
193 310 334 332 333 
194 334 309 335 332 
195 332 335 312 336 
196 333 332 336 123 
197 111 324 337 338 
198 337 307 116 339 
199 338 337 339 303 
200 75 328 340 341 
201 328 123 330 340 
202 340 330 306 342 
203 341 340 342 307 
204 345 310 333 343 
205 343 333 123 346 
206 344 343 346 328 
207 321 349 347 348 
208 349 120 326 347 
209 347 326 75 350 
210 348 347 350 324 
211 326 353 351 352 
212 353 325 344 351 
213 351 344 328 354 
214 352 351 354 75 
215 71 357 355 356 
216 357 89 248 355 
217 355 248 87 121 
218 356 355 121 88 
219 88 360 358 359 
220 360 121 361 358 
221 358 361 119 327 
222 359 358 327 120 
223 327 364 362 363 
224 364 119 365 362 
225 362 365 310 345 
226 363 362 345 325 
227 325 368 366 367 
228 368 345 369 366 
229 366 369 343 370 
230 367 366 370 344 
231 193 185 376 374 
232 374 376 186 377 
233 375 374 377 176 
234 380 189 381 378 
235 378 381 193 382 
236 383 375 176 385 
237 384 383 385 175 
238 7 391 390 230 
239 391 16 392 390 
240 390 392 15 32 
241 230 390 32 13 
242 13 394 393 234 
243 394 32 395 393 
244 393 395 31 48 
245 234 393 48 26 
246 26 397 396 238 
247 397 48 398 396 
248 396 398 47 64 
249 238 396 64 42 
250 64 401 399 400 
251 401 47 402 399 
252 399 402 65 152 
253 400 399 152 63 
254 63 405 403 404 
255 405 152 406 403 
256 403 406 151 183 
257 404 403 183 81 
258 81 409 407 408 
259 409 183 410 407 
260 407 410 182 191 
261 408 407 191 157 
262 157 413 411 412 
263 413 191 414 411 
264 411 414 189 380 
265 417 380 418 415 
266 415 418 378 419 
267 42 421 420 242 
268 421 64 400 420 
269 420 400 63 80 
270 242 420 80 58 
271 80 424 422 423 
272 424 63 404 422 
273 422 404 81 156 
274 423 422 156 79 
275 156 427 425 426 
276 427 81 408 425 
277 425 408 157 372 
278 426 425 372 155 
279 372 430 428 429 
280 430 157 412 428 
281 66 382 435 436 
282 382 193 437 435 
283 435 437 374 438 
284 436 435 438 375 
285 379 419 439 440 
286 419 378 441 439 
287 439 441 382 442 
288 440 439 442 66 
289 445 415 446 443 
290 443 446 419 447 
291 444 443 447 379 
292 373 389 448 449 
293 389 66 436 448 
294 448 436 375 450 
295 449 448 450 383 
296 386 434 451 452 
297 434 379 440 451 
298 451 440 66 453 
299 452 451 453 389 
300 431 456 454 455 
301 456 416 444 454 
302 454 444 379 457 
303 455 454 457 434 
304 412 460 458 459 
305 460 411 461 458 
306 458 461 380 417 
307 459 458 417 190 
308 190 464 462 463 
309 464 417 465 462 
310 462 465 415 445 
311 463 462 445 416 
312 416 468 466 467 
313 468 445 469 466 
314 466 469 443 470 
315 467 466 470 444 
316 432 481 479 480 
317 481 431 455 479 
318 479 455 434 482 
319 480 479 482 386 
320 155 485 483 484 
321 485 372 429 483 
322 387 478 490 491 
323 478 386 452 490 
324 490 452 389 492 
325 491 490 492 373 
326 476 495 493 494 
327 495 475 496 493 
328 493 496 478 497 
329 494 493 497 387 
330 498 384 175 500 
331 499 498 500 133 
332 158 474 501 502 
333 474 373 449 501 
334 501 449 383 503 
335 502 501 503 384 
336 471 489 504 505 
337 489 387 491 504 
338 504 491 373 506 
339 505 504 506 474 
340 486 509 507 508 
341 509 476 494 507 
342 507 494 387 510 
343 508 507 510 489 
344 178 513 511 512 
345 513 180 472 511 
346 511 472 158 514 
347 512 511 514 181 
348 180 517 515 516 
349 516 515 518 472 
350 521 486 508 519 
351 519 508 489 522 
352 520 519 522 471 
353 472 518 523 524 
354 518 471 505 523 
355 523 505 474 525 
356 524 523 525 158 
357 515 528 526 527 
358 528 487 520 526 
359 526 520 471 529 
360 527 526 529 518 
361 483 532 530 531 
362 532 429 533 530 
363 530 533 371 488 
364 531 530 488 473 
365 473 536 534 535 
366 536 488 537 534 
367 534 537 486 521 
368 535 534 521 487 
369 487 540 538 539 
370 540 521 541 538 
371 538 541 519 542 
372 539 538 542 520 
373 127 162 543 204 
374 543 499 133 544 
375 204 543 544 132 
376 159 547 545 546 
377 547 161 548 545 
378 545 548 82 549 
379 546 545 549 162 
380 50 551 550 173 
381 551 150 552 550 
382 550 552 169 553 
383 173 550 553 77 
384 1 556 554 555 
385 556 12 228 554 
386 554 228 10 94 
387 555 554 94 11 
388 16 558 557 392 
389 558 2 559 557 
390 557 559 17 140 
391 392 557 140 15 
392 10 562 560 561 
393 562 25 232 560 
394 560 232 23 98 
395 561 560 98 24 
396 32 564 563 395 
397 564 15 565 563 
398 563 565 33 144 
399 395 563 144 31 
400 23 568 566 567 
401 568 41 236 566 
402 566 236 39 102 
403 567 566 102 40 
404 48 570 569 398 
405 570 31 571 569 
406 569 571 49 148 
407 398 569 148 47 
408 39 574 572 573 
409 574 57 240 572 
410 572 240 55 106 
411 573 572 106 56 
412 55 577 575 576 
413 577 73 244 575 
414 575 244 71 110 
415 576 575 110 72 
416 58 579 578 246 
417 579 80 423 578 
418 578 423 79 125 
419 246 578 125 74 
420 110 582 580 581 
421 582 71 356 580 
422 580 356 88 323 
423 581 580 323 108 
424 121 584 583 361 
425 584 87 585 583 
426 583 585 122 311 
427 361 583 311 119 
428 74 587 586 250 
429 587 125 588 586 
430 586 588 124 136 
431 250 586 136 90 
432 125 590 589 588 
433 590 79 591 589 
434 589 591 126 160 
435 588 589 160 124 
436 87 593 592 585 
437 593 129 252 592 
438 592 252 128 221 
439 585 592 221 122 
440 90 595 594 254 
441 595 136 596 594 
442 594 596 135 207 
443 254 594 207 130 
444 65 598 597 153 
445 598 147 599 597 
446 597 599 150 551 
447 153 597 551 50 
448 79 601 600 591 
449 601 156 426 600 
450 600 426 155 179 
451 591 600 179 126 
452 179 604 602 603 
453 604 155 484 602 
454 602 484 180 513 
455 603 602 513 178 
456 161 606 605 548 
457 606 178 512 605 
458 605 512 181 607 
459 548 605 607 82 
460 130 609 608 258 
461 609 207 610 608 
462 608 610 206 275 
463 258 608 275 201 
464 219 612 611 319 
465 612 199 224 611 
466 611 224 131 613 
467 319 611 613 222 
468 255 615 614 270 
469 615 258 616 614 
470 614 616 201 279 
471 270 614 279 216 
472 264 619 617 618 
473 619 256 268 617 
474 617 268 198 289 
475 618 617 289 225 
476 119 621 620 365 
477 621 311 622 620 
478 620 622 309 334 
479 365 620 334 310 
480 309 624 623 335 
481 624 220 317 623 
482 623 317 91 625 
483 335 623 625 312 
484 323 628 626 627 
485 628 88 359 626 
486 626 359 120 349 
487 627 626 349 321 
488 120 631 629 630 
489 631 327 363 629 
490 629 363 325 353 
491 630 629 353 326 
492 324 350 632 633 
493 350 75 341 632 
494 632 341 307 634 
495 633 632 634 337 
496 428 637 635 636 
497 637 412 459 635 
498 635 459 190 433 
499 636 635 433 388 
500 429 639 638 533 
501 639 428 636 638 
502 638 636 388 477 
503 533 638 477 371 
504 433 642 640 641 
505 642 190 463 640 
506 640 463 416 456 
507 641 640 456 431 
508 475 644 643 496 
509 644 432 480 643 
510 643 480 386 645 
511 496 643 645 478 
512 484 648 646 647 
513 648 483 531 646 
514 646 531 473 517 
515 647 646 517 180 
516 488 650 649 537 
517 650 371 651 649 
518 649 651 476 509 
519 537 649 509 486 
520 181 514 652 653 
521 514 158 502 652 
522 652 502 384 654 
523 653 652 654 498 
524 517 657 655 656 
525 657 473 535 655 
526 655 535 487 528 
527 656 655 528 515 
528 47 659 658 402 
529 659 148 660 658 
530 658 660 147 598 
531 402 658 598 65 
532 126 663 661 662 
533 663 179 603 661 
534 661 603 178 606 
535 662 661 606 161 
536 221 666 664 665 
537 666 128 265 664 
538 664 265 199 612 
539 665 664 612 219 
540 311 668 667 622 
541 668 122 669 667 
542 667 669 220 624 
543 622 667 624 309 
544 388 672 670 671 
545 672 433 641 670 
546 670 641 431 481 
547 671 670 481 432 
548 371 674 673 651 
549 674 477 675 673 
550 673 675 475 495 
551 651 673 495 476 
552 477 677 676 675 
553 677 388 671 676 
554 676 671 432 644 
555 675 676 644 475 
556 82 607 678 679 
557 607 181 653 678 
558 678 653 498 680 
559 679 678 680 499 
560 162 549 681 682 
561 549 82 679 681 
562 681 679 499 683 
563 682 681 683 543 
564 160 686 684 685 
565 686 126 662 684 
566 684 662 161 547 
567 685 684 547 159 
568 122 688 687 669 
569 688 221 665 687 
570 687 665 219 318 
571 669 687 318 220 
