2 0.000000 100.000000 473.401889
762 637 
1 -23.525554 0.000000 -23.504561 100.003024 0.000000 -0.000633 -0.000060 
2 28.046526 0.000000 -23.504561 100.002566 0.000000 0.018207 -0.000051 
3 28.046526 0.000000 23.856739 99.997417 0.000000 0.018515 0.000052 
4 -23.525554 0.000000 23.856739 99.996948 0.000000 -0.000621 0.000061 
5 2.260486 0.000000 0.176089 103.018659 0.000000 0.303503 -0.061294 
6 -23.525554 0.000000 0.176089 99.999970 0.000000 -0.004165 0.000001 
7 2.260486 0.000000 -23.504561 100.008983 0.000000 0.009727 -0.000180 
8 28.046526 0.000000 0.176089 99.999679 0.000000 -2.694112 -0.000719 
9 2.260486 0.000000 23.856739 99.990909 0.000000 0.009916 0.000182 
10 -10.632534 0.000000 -11.664236 100.012791 0.000000 -0.002299 -0.000256 
11 -23.525554 0.000000 -11.664236 100.002923 0.000000 -0.002564 -0.000058 
12 -10.632534 0.000000 -23.504561 100.006542 0.000000 0.001744 -0.000131 
13 2.260486 0.000000 -11.664236 100.032773 0.000000 0.039982 -0.000656 
14 -10.632534 0.000000 0.176089 99.999674 0.000000 -0.019210 0.000006 
15 15.153506 0.000000 -11.664236 100.009480 0.000000 0.066211 -0.000190 
16 15.153506 0.000000 -23.504561 100.005678 0.000000 0.016596 -0.000114 
17 28.046526 0.000000 -11.664236 100.002299 0.000000 0.065013 -0.000046 
18 15.153506 0.000000 0.176089 99.999244 0.000000 -2.677523 -0.000702 
19 -10.632534 0.000000 12.016414 99.986998 0.000000 -0.002191 0.000260 
20 -23.525554 0.000000 12.016414 99.997031 0.000000 -0.002553 0.000059 
21 2.260486 0.000000 12.016414 99.965927 0.000000 0.040274 0.000681 
22 -10.632534 0.000000 23.856739 99.993387 0.000000 0.001797 0.000132 
23 -4.186024 0.000000 -5.744073 100.058718 0.000000 -0.007505 -0.001175 
24 -10.632534 0.000000 -5.744073 100.012817 0.000000 -0.010772 -0.000256 
25 -4.186024 0.000000 -11.664236 100.026066 0.000000 0.008361 -0.000521 
26 2.260486 0.000000 -5.744073 100.113351 0.000000 0.145609 -0.002270 
27 -4.186024 0.000000 0.176089 99.993974 0.000000 -0.095338 0.000120 
28 15.153506 0.000000 12.016414 99.990430 0.000000 0.067403 0.000191 
29 28.046526 0.000000 12.016414 99.997682 0.000000 0.066189 0.000046 
30 15.153506 0.000000 23.856739 99.994272 0.000000 0.016889 0.000115 
31 8.706996 0.000000 -5.744073 100.025861 0.000000 0.204826 -0.000521 
32 8.706996 0.000000 -11.664236 100.020564 0.000000 0.062230 -0.000412 
33 15.153506 0.000000 -5.744073 100.007470 0.000000 0.197034 -0.000153 
34 8.706996 0.000000 0.176089 100.108526 0.000000 -2.694596 -0.002898 
35 -4.186024 0.000000 6.096252 99.940736 0.000000 -0.005865 0.001185 
36 -10.632534 0.000000 6.096252 99.986780 0.000000 -0.010609 0.000264 
37 2.260486 0.000000 6.096252 99.886785 0.000000 0.139080 0.002261 
38 -4.186024 0.000000 12.016414 99.972917 0.000000 0.008555 0.000542 
39 -0.962769 0.000000 -2.783992 100.261506 0.000000 0.038782 -0.005237 
40 -4.186024 0.000000 -2.783992 100.066369 0.000000 -0.050865 -0.001328 
41 -0.962769 0.000000 -5.744073 100.110528 0.000000 0.043272 -0.002212 
42 2.260486 0.000000 -2.783992 100.252277 0.000000 0.444949 -0.005072 
43 -0.962769 0.000000 0.176089 99.610849 0.000000 -0.908197 0.007685 
44 8.706996 0.000000 6.096252 99.972749 0.000000 0.193954 0.000541 
45 15.153506 0.000000 6.096252 99.992324 0.000000 0.185702 0.000150 
46 8.706996 0.000000 12.016414 99.978899 0.000000 0.063857 0.000422 
47 5.483741 0.000000 -2.783992 100.069679 0.000000 0.596410 -0.001430 
48 5.483741 0.000000 -5.744073 100.062095 0.000000 0.201622 -0.001246 
49 8.706996 0.000000 -2.783992 100.012781 0.000000 0.520144 -0.000283 
50 5.483741 0.000000 0.176089 99.306424 0.000000 -4.048139 0.012185 
51 -0.962769 0.000000 3.136170 99.753090 0.000000 0.029656 0.004932 
52 -4.186024 0.000000 3.136170 99.930931 0.000000 -0.046744 0.001381 
53 2.260486 0.000000 3.136170 99.773901 0.000000 0.343541 0.004505 
54 -0.962769 0.000000 6.096252 99.891411 0.000000 0.042444 0.002170 
55 0.648858 0.000000 -1.303952 100.674562 0.000000 1.016133 -0.013640 
56 -0.962769 0.000000 -1.303952 100.542141 0.000000 -0.119331 -0.010874 
57 0.648858 0.000000 -2.783992 100.303116 0.000000 0.270249 -0.006079 
58 2.260486 0.000000 -1.303952 100.428557 0.000000 1.166629 -0.008726 
59 0.648858 0.000000 0.176089 100.527614 0.000000 0.025767 -0.010580 
60 5.483741 0.000000 3.136170 99.938231 0.000000 0.364374 0.001222 
61 8.706996 0.000000 3.136170 99.984950 0.000000 0.324670 0.000290 
62 5.483741 0.000000 6.096252 99.938044 0.000000 0.190617 0.001235 
63 3.872114 0.000000 -1.303952 100.432717 0.000000 1.847953 -0.009015 
64 3.872114 0.000000 -2.783992 100.165436 0.000000 0.546893 -0.003341 
65 5.483741 0.000000 -1.303952 99.965300 0.000000 2.340635 0.000146 
66 3.872114 0.000000 0.176089 100.371685 0.000000 -0.000000 -0.007448 
67 0.648858 0.000000 1.656130 99.444363 0.000000 0.624325 0.011043 
68 -0.962769 0.000000 1.656130 99.559237 0.000000 -0.011443 0.008796 
69 2.260486 0.000000 1.656130 99.820347 0.000000 0.615929 0.003552 
70 0.648858 0.000000 3.136170 99.711424 0.000000 0.208958 0.005759 
71 1.454672 0.000000 -0.563931 102.278980 0.000000 0.254712 -0.046105 
72 0.648858 0.000000 -0.563931 100.179878 0.000000 2.628712 -0.004292 
73 1.454672 0.000000 -1.303952 100.461673 0.000000 1.065018 -0.009368 
74 2.260486 0.000000 -0.563931 103.718371 0.000000 0.354347 -0.075763 
75 1.454672 0.000000 0.176089 102.476404 0.000000 0.225303 -0.050146 
76 -17.079044 0.000000 -5.744073 100.004207 0.000000 -0.006086 -0.000084 
77 -23.525554 0.000000 -5.744073 100.001816 0.000000 -0.003675 -0.000036 
78 -17.079044 0.000000 -11.664236 100.005833 0.000000 -0.003213 -0.000117 
79 -17.079044 0.000000 0.176089 99.999920 0.000000 -0.007634 0.000002 
80 -7.409279 0.000000 -2.783992 100.020325 0.000000 -0.029565 -0.000407 
81 -10.632534 0.000000 -2.783992 100.008215 0.000000 -0.016422 -0.000164 
82 -7.409279 0.000000 -5.744073 100.026611 0.000000 -0.013674 -0.000532 
83 -7.409279 0.000000 0.176089 99.998869 0.000000 -0.036588 0.000022 
84 -2.574397 0.000000 -1.303952 100.121650 0.000000 -0.143735 -0.002437 
85 -4.186024 0.000000 -1.303952 100.042803 0.000000 -0.081580 -0.000857 
86 -2.574397 0.000000 -2.783992 100.137560 0.000000 -0.051035 -0.002753 
87 -2.574397 0.000000 0.176089 99.975529 0.000000 -0.194438 0.000486 
88 -0.156955 0.000000 -0.563931 102.946597 0.000000 0.629042 -0.059840 
89 -0.962769 0.000000 -0.563931 100.590494 0.000000 -0.612407 -0.011882 
90 -0.156955 0.000000 -1.303952 100.916594 0.000000 0.421976 -0.018434 
91 -0.156955 0.000000 0.176089 96.113829 0.000000 -4.768813 0.073939 
92 3.872114 0.000000 1.656130 99.922894 0.000000 0.326674 0.001531 
93 5.483741 0.000000 1.656130 99.958053 0.000000 0.332621 0.000828 
94 3.872114 0.000000 3.136170 99.873664 0.000000 0.369789 0.002511 
95 1.454672 0.000000 0.916109 99.696014 0.000000 0.868732 0.005995 
96 0.648858 0.000000 0.916109 99.484826 0.000000 1.497144 0.010053 
97 2.260486 0.000000 0.916109 100.162749 0.000000 0.355596 -0.003270 
98 1.454672 0.000000 1.656130 99.613634 0.000000 0.705983 0.007663 
99 1.051765 0.000000 -0.193921 101.449498 0.000000 0.137135 -0.029202 
100 0.648858 0.000000 -0.193921 100.550395 0.000000 0.014141 -0.011038 
101 1.051765 0.000000 -0.563931 101.376954 0.000000 0.113576 -0.027730 
102 1.454672 0.000000 -0.193921 102.487099 0.000000 0.225589 -0.050366 
103 1.051765 0.000000 0.176089 101.561354 0.000000 0.150633 -0.031473 
104 3.066300 0.000000 -0.563931 101.057481 0.000000 2.768750 -0.022028 
105 3.066300 0.000000 -1.303952 100.443437 0.000000 1.445418 -0.009097 
106 3.872114 0.000000 -0.563931 101.174450 0.000000 3.415966 -0.024794 
107 3.066300 0.000000 0.176089 101.292467 0.000000 0.000000 -0.026016 
108 1.857579 0.000000 -0.193921 102.596279 0.000000 0.258399 -0.052606 
109 1.857579 0.000000 -0.563931 103.580182 0.000000 0.406015 -0.072902 
110 2.260486 0.000000 -0.193921 103.015507 0.000000 0.304472 -0.061229 
111 1.857579 0.000000 0.176089 102.477036 0.000000 0.232202 -0.050160 
112 -17.079044 0.000000 6.096252 99.995658 0.000000 -0.006058 0.000087 
113 -23.525554 0.000000 6.096252 99.998128 0.000000 -0.003668 0.000037 
114 -17.079044 0.000000 12.016414 99.994071 0.000000 -0.003180 0.000119 
115 -7.409279 0.000000 3.136170 99.978164 0.000000 -0.028521 0.000437 
116 -10.632534 0.000000 3.136170 99.991206 0.000000 -0.016239 0.000176 
117 -7.409279 0.000000 6.096252 99.973803 0.000000 -0.011743 0.000524 
118 -2.574397 0.000000 1.656130 99.862920 0.000000 -0.120463 0.002738 
119 -4.186024 0.000000 1.656130 99.949150 0.000000 -0.076795 0.001016 
120 -2.574397 0.000000 3.136170 99.864237 0.000000 -0.042296 0.002713 
121 -0.156955 0.000000 0.916109 98.530233 0.000000 0.747278 0.029123 
122 -0.962769 0.000000 0.916109 99.330950 0.000000 -0.242543 0.013330 
123 -0.156955 0.000000 1.656130 99.359465 0.000000 0.297015 0.012761 
124 1.051765 0.000000 0.546099 101.545537 0.000000 0.153953 -0.031152 
125 0.648858 0.000000 0.546099 100.682795 0.000000 0.005309 -0.013703 
126 1.454672 0.000000 0.546099 102.570316 0.000000 0.270302 -0.052074 
127 1.051765 0.000000 0.916109 99.670249 0.000000 1.027516 0.006479 
128 1.253219 0.000000 -0.008916 106.562455 0.000000 0.048266 -0.135556 
129 1.051765 0.000000 -0.008916 101.780109 0.000000 0.044821 -0.035919 
130 1.253219 0.000000 -0.193921 103.488526 0.000000 0.186328 -0.070991 
131 1.454672 0.000000 -0.008916 103.060515 0.000000 0.147999 -0.062149 
132 1.253219 0.000000 0.176089 103.458347 0.000000 0.186759 -0.070366 
133 3.066300 0.000000 0.916109 100.252758 0.000000 -0.383507 -0.005076 
134 3.872114 0.000000 0.916109 99.903219 0.000000 -0.563134 0.001903 
135 3.066300 0.000000 1.656130 99.917086 0.000000 0.446884 0.001638 
136 1.857579 0.000000 0.546099 103.098048 0.000000 0.332304 -0.062932 
137 2.260486 0.000000 0.546099 103.699764 0.000000 0.399449 -0.075380 
138 1.857579 0.000000 0.916109 99.961469 0.000000 0.708625 0.000720 
139 1.656126 0.000000 -0.008916 102.471394 0.000000 0.261899 -0.050046 
140 1.656126 0.000000 -0.193921 102.507983 0.000000 0.245888 -0.050795 
141 1.857579 0.000000 -0.008916 102.594525 0.000000 0.242561 -0.052570 
142 1.656126 0.000000 0.176089 102.526726 0.000000 0.249532 -0.051179 
143 2.663393 0.000000 -0.193921 102.728188 0.000000 0.191726 -0.055312 
144 2.663393 0.000000 -0.563931 101.152607 0.000000 2.312863 -0.023720 
145 3.066300 0.000000 -0.193921 101.292467 0.000000 0.000000 -0.026016 
146 2.663393 0.000000 0.176089 102.704848 0.000000 0.188362 -0.054832 
147 2.663393 0.000000 0.546099 103.246176 0.000000 0.320637 -0.065988 
148 3.066300 0.000000 0.546099 100.605126 0.000000 -2.127621 -0.012592 
149 2.663393 0.000000 0.916109 100.263878 0.000000 -0.018685 -0.005285 
150 2.461939 0.000000 -0.008916 101.937063 0.000000 0.085182 -0.039117 
151 2.260486 0.000000 -0.008916 101.950758 0.000000 0.129746 -0.039397 
152 2.461939 0.000000 -0.193921 102.986015 0.000000 0.259469 -0.060619 
153 2.663393 0.000000 -0.008916 101.699396 0.000000 0.031096 -0.034277 
154 2.461939 0.000000 0.176089 102.972305 0.000000 0.257125 -0.060336 
155 21.600016 0.000000 -5.744073 100.002995 0.000000 0.192760 -0.000064 
156 21.600016 0.000000 -11.664236 100.004371 0.000000 0.065696 -0.000088 
157 28.046526 0.000000 -5.744073 100.001421 0.000000 0.190983 -0.000032 
158 21.600016 0.000000 0.176089 99.999681 0.000000 -2.687108 -0.000716 
159 11.930251 0.000000 -2.783992 100.006453 0.000000 0.501478 -0.000154 
160 11.930251 0.000000 -5.744073 100.012334 0.000000 0.199687 -0.000251 
161 15.153506 0.000000 -2.783992 100.003969 0.000000 0.498096 -0.000104 
162 11.930251 0.000000 0.176089 99.997798 0.000000 -2.668471 -0.000668 
163 7.095369 0.000000 -1.303952 99.882562 0.000000 1.571382 0.002100 
164 7.095369 0.000000 -2.783992 100.016889 0.000000 0.548685 -0.000368 
165 8.706996 0.000000 -1.303952 99.996492 0.000000 1.473380 -0.000147 
166 7.095369 0.000000 0.176089 100.171560 0.000000 -2.501855 -0.004060 
167 4.677927 0.000000 -0.563931 100.678028 0.000000 4.089464 -0.015279 
168 4.677927 0.000000 -1.303952 100.280299 0.000000 2.235788 -0.006114 
169 5.483741 0.000000 -0.563931 99.819118 0.000000 3.985478 0.002026 
170 4.677927 0.000000 0.176089 99.504178 0.000000 -3.610366 0.008588 
171 3.469207 0.000000 -0.193921 100.670733 0.000000 0.000000 -0.013460 
172 3.469207 0.000000 -0.563931 101.066404 0.000000 3.050108 -0.022372 
173 3.872114 0.000000 -0.193921 100.371544 0.000000 -0.000000 -0.007445 
174 3.469207 0.000000 0.176089 100.825098 0.000000 0.000000 -0.016570 
175 2.864846 0.000000 -0.008916 101.521976 0.000000 0.010707 -0.030671 
176 2.864846 0.000000 -0.193921 101.721728 0.000000 0.058215 -0.034731 
177 3.066300 0.000000 -0.008916 101.320842 0.000000 0.000000 -0.026591 
178 2.864846 0.000000 0.176089 102.065420 0.000000 0.120439 -0.041736 
179 21.600016 0.000000 6.096252 99.996986 0.000000 0.181389 0.000057 
180 28.046526 0.000000 6.096252 99.998555 0.000000 0.179626 0.000026 
181 21.600016 0.000000 12.016414 99.995603 0.000000 0.066875 0.000087 
182 11.930251 0.000000 3.136170 99.992222 0.000000 0.310532 0.000146 
183 15.153506 0.000000 3.136170 99.995596 0.000000 0.307391 0.000079 
184 11.930251 0.000000 6.096252 99.987255 0.000000 0.187722 0.000251 
185 7.095369 0.000000 1.656130 99.992018 0.000000 0.378825 0.000145 
186 8.706996 0.000000 1.656130 99.986399 0.000000 0.392956 0.000257 
187 7.095369 0.000000 3.136170 99.974800 0.000000 0.340956 0.000492 
188 4.677927 0.000000 0.916109 99.800233 0.000000 -0.131847 0.003990 
189 5.483741 0.000000 0.916109 99.806095 0.000000 0.272046 0.003867 
190 4.677927 0.000000 1.656130 99.928647 0.000000 0.314629 0.001417 
191 3.469207 0.000000 0.546099 100.118268 0.000000 -2.405130 -0.002945 
192 3.872114 0.000000 0.546099 99.623759 0.000000 -2.180669 0.007035 
193 3.469207 0.000000 0.916109 100.104965 0.000000 -0.563104 -0.002132 
194 3.267753 0.000000 -0.008916 101.093872 0.000000 0.000000 -0.021997 
195 3.267753 0.000000 -0.193921 100.992552 0.000000 0.000000 -0.019950 
196 3.469207 0.000000 -0.008916 100.822907 0.000000 0.000000 -0.016526 
197 3.267753 0.000000 0.176089 100.992552 0.000000 0.000000 -0.019950 
198 2.059033 0.000000 -0.008916 101.868981 0.000000 0.139576 -0.037731 
199 2.059033 0.000000 -0.193921 103.045146 0.000000 0.312645 -0.061840 
200 2.059033 0.000000 0.176089 102.722618 0.000000 0.260973 -0.055200 
201 2.059033 0.000000 0.361094 103.512811 0.000000 0.386324 -0.071505 
202 1.857579 0.000000 0.361094 102.869474 0.000000 0.304319 -0.058222 
203 2.260486 0.000000 0.361094 103.646261 0.000000 0.400743 -0.074271 
204 2.059033 0.000000 0.546099 103.590102 0.000000 0.401022 -0.073107 
205 2.159759 0.000000 0.083587 102.089512 0.000000 0.164101 -0.042230 
206 2.059033 0.000000 0.083587 102.870904 0.000000 0.235718 -0.058248 
207 2.159759 0.000000 -0.008916 101.653968 0.000000 0.095093 -0.033354 
208 2.260486 0.000000 0.083587 102.107069 0.000000 0.153819 -0.042588 
209 2.159759 0.000000 0.176089 102.975348 0.000000 0.299928 -0.060401 
210 1.958306 0.000000 0.083587 103.034969 0.000000 0.241761 -0.061626 
211 1.857579 0.000000 0.083587 102.975698 0.000000 0.297744 -0.060408 
212 1.958306 0.000000 -0.008916 101.679271 0.000000 0.081668 -0.033868 
213 1.958306 0.000000 0.176089 102.634733 0.000000 0.259118 -0.053396 
214 -4.186024 0.000000 -17.584399 100.014026 0.000000 0.006974 -0.000281 
215 -10.632534 0.000000 -17.584399 100.009321 0.000000 0.000933 -0.000186 
216 -4.186024 0.000000 -23.504561 100.008429 0.000000 0.005093 -0.000169 
217 2.260486 0.000000 -17.584399 100.015645 0.000000 0.017348 -0.000313 
218 -0.962769 0.000000 -8.704155 100.056161 0.000000 0.032049 -0.001124 
219 -4.186024 0.000000 -8.704155 100.039491 0.000000 0.005783 -0.000790 
220 -0.962769 0.000000 -11.664236 100.034863 0.000000 0.021918 -0.000697 
221 2.260486 0.000000 -8.704155 100.058759 0.000000 0.069420 -0.001176 
222 0.648858 0.000000 -4.264033 100.192075 0.000000 0.143125 -0.003847 
223 -0.962769 0.000000 -4.264033 100.164837 0.000000 0.046755 -0.003300 
224 0.648858 0.000000 -5.744073 100.122076 0.000000 0.094724 -0.002444 
225 2.260486 0.000000 -4.264033 100.169260 0.000000 0.237146 -0.003394 
226 1.454672 0.000000 -2.043972 100.387727 0.000000 0.598233 -0.007805 
227 0.648858 0.000000 -2.043972 100.470568 0.000000 0.457039 -0.009454 
228 1.454672 0.000000 -2.783992 100.296999 0.000000 0.372093 -0.005963 
229 2.260486 0.000000 -2.043972 100.307313 0.000000 0.673400 -0.006201 
230 1.857579 0.000000 -0.933941 100.484614 0.000000 1.340644 -0.009896 
231 1.454672 0.000000 -0.933941 100.444569 0.000000 1.326359 -0.009087 
232 1.857579 0.000000 -1.303952 100.429016 0.000000 1.092946 -0.008718 
233 2.260486 0.000000 -0.933941 100.595244 0.000000 1.524491 -0.012173 
234 2.059033 0.000000 -0.378926 103.589996 0.000000 0.401156 -0.073105 
235 1.857579 0.000000 -0.378926 103.096187 0.000000 0.332142 -0.062893 
236 2.059033 0.000000 -0.563931 103.715515 0.000000 0.405775 -0.075707 
237 2.260486 0.000000 -0.378926 103.700216 0.000000 0.399609 -0.075389 
238 2.159759 0.000000 -0.101419 102.115386 0.000000 0.168611 -0.042758 
239 2.059033 0.000000 -0.101419 102.270215 0.000000 0.191090 -0.045923 
240 2.159759 0.000000 -0.193921 103.005405 0.000000 0.306220 -0.061021 
241 2.260486 0.000000 -0.101419 102.125377 0.000000 0.157028 -0.042962 
242 2.109396 0.000000 0.037335 102.717805 0.000000 0.274486 -0.055102 
243 2.059033 0.000000 0.037335 102.954270 0.000000 0.242051 -0.059964 
244 2.109396 0.000000 -0.008916 101.964569 0.000000 0.144890 -0.039679 
245 2.159759 0.000000 0.037335 101.810827 0.000000 0.118728 -0.036546 
246 2.109396 0.000000 0.083587 102.125143 0.000000 0.169582 -0.042957 
247 2.461939 0.000000 0.361094 103.712808 0.000000 0.378169 -0.075649 
248 2.663393 0.000000 0.361094 103.594361 0.000000 0.328276 -0.073190 
249 2.461939 0.000000 0.546099 103.700359 0.000000 0.352717 -0.075389 
250 2.361213 0.000000 0.083587 102.103118 0.000000 0.135817 -0.042507 
251 2.361213 0.000000 -0.008916 101.938966 0.000000 0.106443 -0.039156 
252 2.461939 0.000000 0.083587 102.118906 0.000000 0.114455 -0.042828 
253 2.361213 0.000000 0.176089 103.048615 0.000000 0.284453 -0.061910 
254 2.210123 0.000000 0.037335 101.813143 0.000000 0.114387 -0.036593 
255 2.210123 0.000000 -0.008916 101.652611 0.000000 0.091022 -0.033326 
256 2.260486 0.000000 0.037335 101.992904 0.000000 0.136146 -0.040257 
257 2.210123 0.000000 0.083587 102.119304 0.000000 0.159848 -0.042838 
258 2.159759 0.000000 0.268592 103.592986 0.000000 0.395597 -0.073166 
259 2.059033 0.000000 0.268592 103.423946 0.000000 0.370796 -0.069665 
260 2.260486 0.000000 0.268592 103.644378 0.000000 0.399377 -0.074232 
261 2.159759 0.000000 0.361094 103.591812 0.000000 0.396670 -0.073142 
262 2.109396 0.000000 0.129838 102.390601 0.000000 0.209083 -0.048388 
263 2.059033 0.000000 0.129838 102.385076 0.000000 0.208382 -0.048275 
264 2.159759 0.000000 0.129838 102.362766 0.000000 0.206839 -0.047818 
265 2.109396 0.000000 0.176089 103.021325 0.000000 0.307579 -0.061349 
266 2.134578 0.000000 0.060461 102.510106 0.000000 0.251007 -0.050838 
267 2.109396 0.000000 0.060461 102.764930 0.000000 0.282379 -0.056071 
268 2.134578 0.000000 0.037335 101.953340 0.000000 0.143148 -0.039450 
269 2.159759 0.000000 0.060461 101.918152 0.000000 0.134980 -0.038733 
270 2.134578 0.000000 0.083587 102.105529 0.000000 0.166557 -0.042557 
271 1.958306 0.000000 -0.101419 101.952836 0.000000 0.158019 -0.039441 
272 1.857579 0.000000 -0.101419 102.163433 0.000000 0.176758 -0.043740 
273 1.958306 0.000000 -0.193921 102.782245 0.000000 0.276730 -0.056427 
274 2.008669 0.000000 0.037335 103.142984 0.000000 0.232617 -0.063853 
275 1.958306 0.000000 0.037335 103.210935 0.000000 0.235983 -0.065255 
276 2.008669 0.000000 -0.008916 101.838851 0.000000 0.135550 -0.037117 
277 2.008669 0.000000 0.083587 103.011324 0.000000 0.229381 -0.061139 
278 2.084214 0.000000 0.060461 102.888337 0.000000 0.264735 -0.058608 
279 2.059033 0.000000 0.060461 103.077097 0.000000 0.256825 -0.062495 
280 2.084214 0.000000 0.037335 102.770097 0.000000 0.251108 -0.056176 
281 2.084214 0.000000 0.083587 102.131738 0.000000 0.170377 -0.043092 
282 2.109396 0.000000 -0.055167 102.029646 0.000000 0.155130 -0.041007 
283 2.059033 0.000000 -0.055167 101.991810 0.000000 0.158805 -0.040235 
284 2.109396 0.000000 -0.101419 102.136653 0.000000 0.171948 -0.043193 
285 2.159759 0.000000 -0.055167 101.873836 0.000000 0.128350 -0.037829 
286 2.134578 0.000000 0.014210 101.892548 0.000000 0.133823 -0.038211 
287 2.109396 0.000000 0.014210 101.972321 0.000000 0.146032 -0.039838 
288 2.134578 0.000000 -0.008916 101.881513 0.000000 0.132174 -0.037986 
289 2.159759 0.000000 0.014210 101.680194 0.000000 0.099024 -0.033887 
290 2.121987 0.000000 0.048898 102.881168 0.000000 0.321993 -0.058464 
291 2.109396 0.000000 0.048898 102.808789 0.000000 0.290272 -0.056973 
292 2.121987 0.000000 0.037335 102.550284 0.000000 0.259897 -0.051663 
293 2.134578 0.000000 0.048898 102.534599 0.000000 0.256679 -0.051341 
294 2.121987 0.000000 0.060461 102.734440 0.000000 0.284545 -0.055445 
295 1.656126 0.000000 0.361094 102.729684 0.000000 0.290950 -0.055347 
296 1.454672 0.000000 0.361094 102.550400 0.000000 0.269210 -0.051666 
297 1.656126 0.000000 0.546099 102.707586 0.000000 0.286656 -0.054893 
298 1.756852 0.000000 0.083587 102.769489 0.000000 0.325776 -0.056167 
299 1.656126 0.000000 0.083587 102.661930 0.000000 0.318240 -0.053957 
300 1.756852 0.000000 -0.008916 102.332034 0.000000 0.224615 -0.047190 
301 1.756852 0.000000 0.176089 102.590405 0.000000 0.254672 -0.052486 
302 1.656126 0.000000 -0.378926 102.704771 0.000000 0.286338 -0.054835 
303 1.454672 0.000000 -0.378926 102.567306 0.000000 0.269930 -0.052013 
304 1.656126 0.000000 -0.563931 102.686374 0.000000 0.282905 -0.054457 
305 1.756852 0.000000 -0.101419 102.066696 0.000000 0.159917 -0.041764 
306 1.656126 0.000000 -0.101419 102.200984 0.000000 0.155838 -0.044507 
307 1.756852 0.000000 -0.193921 102.563048 0.000000 0.250527 -0.051924 
308 1.807216 0.000000 0.037335 103.155972 0.000000 0.360474 -0.064128 
309 1.756852 0.000000 0.037335 102.661773 0.000000 0.296485 -0.053953 
310 1.807216 0.000000 -0.008916 102.432057 0.000000 0.235378 -0.049238 
311 1.857579 0.000000 0.037335 103.062291 0.000000 0.302719 -0.062193 
312 1.807216 0.000000 0.083587 102.992796 0.000000 0.320918 -0.060762 
313 1.555399 0.000000 0.083587 102.598929 0.000000 0.275968 -0.052662 
314 1.454672 0.000000 0.083587 103.104071 0.000000 0.215713 -0.063050 
315 1.555399 0.000000 -0.008916 102.487035 0.000000 0.222581 -0.050364 
316 1.555399 0.000000 0.176089 102.570261 0.000000 0.238656 -0.052072 
317 1.555399 0.000000 -0.101419 102.304557 0.000000 0.149570 -0.046624 
318 1.454672 0.000000 -0.101419 103.347885 0.000000 0.141862 -0.068081 
319 1.555399 0.000000 -0.193921 102.566221 0.000000 0.236692 -0.051989 
320 1.605762 0.000000 0.037335 102.637166 0.000000 0.310211 -0.053448 
321 1.555399 0.000000 0.037335 102.621541 0.000000 0.286419 -0.053126 
322 1.605762 0.000000 -0.008916 102.491814 0.000000 0.249268 -0.050463 
323 1.656126 0.000000 0.037335 102.666569 0.000000 0.323755 -0.054053 
324 1.605762 0.000000 0.083587 102.692788 0.000000 0.325848 -0.054591 
325 1.253219 0.000000 0.361094 102.217315 0.000000 0.232971 -0.044843 
326 1.051765 0.000000 0.361094 101.689359 0.000000 0.182188 -0.034076 
327 1.253219 0.000000 0.546099 102.150306 0.000000 0.235582 -0.043474 
328 1.353946 0.000000 0.083587 103.388792 0.000000 0.151970 -0.068927 
329 1.253219 0.000000 0.083587 103.249657 0.000000 0.088851 -0.066050 
330 1.353946 0.000000 -0.008916 104.104922 0.000000 0.139109 -0.083785 
331 1.353946 0.000000 0.176089 103.230272 0.000000 0.190249 -0.065653 
332 1.051765 0.000000 -0.933941 100.455406 0.000000 1.469956 -0.009345 
333 0.648858 0.000000 -0.933941 100.702989 0.000000 1.687316 -0.014394 
334 1.051765 0.000000 -1.303952 100.531613 0.000000 1.059336 -0.010773 
335 1.253219 0.000000 -0.378926 102.147349 0.000000 0.235131 -0.043414 
336 1.051765 0.000000 -0.378926 101.543912 0.000000 0.153665 -0.031119 
337 1.253219 0.000000 -0.563931 101.814941 0.000000 0.205611 -0.036632 
338 1.353946 0.000000 -0.101419 104.234875 0.000000 0.133885 -0.086493 
339 1.253219 0.000000 -0.101419 104.725531 0.000000 0.123836 -0.096745 
340 1.353946 0.000000 -0.193921 103.410555 0.000000 0.217553 -0.069379 
341 1.404309 0.000000 0.037335 103.086274 0.000000 0.194096 -0.062682 
342 1.353946 0.000000 0.037335 103.413281 0.000000 0.149749 -0.069433 
343 1.404309 0.000000 -0.008916 103.321244 0.000000 0.172388 -0.067531 
344 1.454672 0.000000 0.037335 103.002339 0.000000 0.209195 -0.060953 
345 1.404309 0.000000 0.083587 103.141823 0.000000 0.195311 -0.063827 
346 0.245952 0.000000 -0.193921 100.215376 0.000000 0.000000 -0.004312 
347 -0.156955 0.000000 -0.193921 106.432407 0.000000 -3.844205 -0.134264 
348 0.245952 0.000000 -0.563931 102.033225 0.000000 2.915118 -0.041928 
349 0.245952 0.000000 0.176089 99.576520 0.000000 0.000000 0.008452 
350 0.850312 0.000000 -0.008916 100.727522 0.000000 0.039474 -0.014604 
351 0.648858 0.000000 -0.008916 100.314384 0.000000 0.010846 -0.006298 
352 0.850312 0.000000 -0.193921 101.021395 0.000000 0.073052 -0.020533 
353 0.850312 0.000000 0.176089 100.991871 0.000000 0.083119 -0.019936 
354 1.152492 0.000000 0.083587 103.158618 0.000000 0.094725 -0.064171 
355 1.051765 0.000000 0.083587 102.465764 0.000000 0.079596 -0.049924 
356 1.152492 0.000000 -0.008916 103.784346 0.000000 0.076849 -0.077120 
357 1.152492 0.000000 0.176089 102.851490 0.000000 0.146489 -0.057845 
358 1.303582 0.000000 0.037335 103.328478 0.000000 0.117116 -0.067679 
359 1.253219 0.000000 0.037335 103.198948 0.000000 0.069872 -0.065003 
360 1.303582 0.000000 -0.008916 104.710406 0.000000 0.093702 -0.096428 
361 1.303582 0.000000 0.083587 103.602414 0.000000 0.122043 -0.073348 
362 1.152492 0.000000 -0.101419 103.139576 0.000000 0.097319 -0.063778 
363 1.051765 0.000000 -0.101419 101.860050 0.000000 0.092779 -0.037548 
364 1.152492 0.000000 -0.193921 102.897441 0.000000 0.149396 -0.058791 
365 1.202855 0.000000 0.037335 102.240369 0.000000 0.043294 -0.045309 
366 1.152492 0.000000 0.037335 102.286828 0.000000 0.037015 -0.046260 
367 1.202855 0.000000 -0.008916 104.745335 0.000000 0.085118 -0.097159 
368 1.202855 0.000000 0.083587 102.956632 0.000000 0.066794 -0.060007 
369 0.245952 0.000000 0.546099 98.455162 0.000000 2.287135 0.030135 
370 -0.156955 0.000000 0.546099 97.212916 0.000000 0.760192 0.054907 
371 0.245952 0.000000 0.916109 98.845289 0.000000 1.515053 0.022731 
372 0.850312 0.000000 0.361094 101.314670 0.000000 0.104013 -0.026467 
373 0.648858 0.000000 0.361094 100.899138 0.000000 0.030382 -0.018064 
374 0.850312 0.000000 0.546099 101.135737 0.000000 0.066435 -0.022844 
375 0.951039 0.000000 0.083587 100.926608 0.000000 0.059628 -0.018618 
376 0.850312 0.000000 0.083587 100.789307 0.000000 0.047072 -0.015849 
377 0.951039 0.000000 -0.008916 100.881610 0.000000 0.050927 -0.017710 
378 0.951039 0.000000 0.176089 101.238415 0.000000 0.109656 -0.024923 
379 1.102129 0.000000 0.037335 102.792880 0.000000 0.080869 -0.056638 
380 1.051765 0.000000 0.037335 102.184428 0.000000 0.062485 -0.044166 
381 1.102129 0.000000 -0.008916 102.742923 0.000000 0.071425 -0.055611 
382 1.102129 0.000000 0.083587 102.813697 0.000000 0.090353 -0.057066 
383 1.152492 0.000000 0.268592 102.019442 0.000000 0.215631 -0.040801 
384 1.051765 0.000000 0.268592 101.835574 0.000000 0.199574 -0.037052 
385 1.253219 0.000000 0.268592 102.264366 0.000000 0.232996 -0.045805 
386 1.152492 0.000000 0.361094 102.045549 0.000000 0.219606 -0.041334 
387 1.202855 0.000000 0.129838 103.466452 0.000000 0.124983 -0.070532 
388 1.152492 0.000000 0.129838 103.241682 0.000000 0.115304 -0.065886 
389 1.253219 0.000000 0.129838 104.345026 0.000000 0.158289 -0.088791 
390 1.202855 0.000000 0.176089 103.383689 0.000000 0.179165 -0.068822 
391 1.177674 0.000000 0.060461 101.532857 0.000000 0.019207 -0.030892 
392 1.152492 0.000000 0.060461 102.185973 0.000000 0.036794 -0.044197 
393 1.177674 0.000000 0.037335 101.703055 0.000000 0.022115 -0.034351 
394 1.202855 0.000000 0.060461 102.000961 0.000000 0.040852 -0.040420 
395 1.177674 0.000000 0.083587 104.071865 0.000000 0.100411 -0.083096 
396 4.275020 0.000000 -0.193921 99.966151 0.000000 -0.000000 0.000677 
397 4.275020 0.000000 -0.563931 101.050966 0.000000 3.909763 -0.022658 
398 4.677927 0.000000 -0.193921 100.193942 0.000000 -0.643765 -0.003924 
399 4.275020 0.000000 0.176089 99.965909 0.000000 -0.000000 0.000682 
400 6.289555 0.000000 -0.563931 98.821963 0.000000 3.505989 0.022193 
401 6.289555 0.000000 -1.303952 99.752791 0.000000 1.939304 0.004562 
402 7.095369 0.000000 -0.563931 99.718868 0.000000 3.166384 0.004612 
403 6.289555 0.000000 0.176089 99.388326 0.000000 -3.061456 0.011259 
404 5.080834 0.000000 -0.193921 99.928196 0.000000 -1.469577 0.001220 
405 5.080834 0.000000 -0.563931 100.356532 0.000000 4.072771 -0.008802 
406 5.483741 0.000000 -0.193921 99.532950 0.000000 -2.090027 0.008882 
407 5.080834 0.000000 0.176089 99.480030 0.000000 -4.001374 0.008771 
408 4.275020 0.000000 0.546099 99.380832 0.000000 -1.580516 0.012095 
409 4.677927 0.000000 0.546099 99.472131 0.000000 -1.038171 0.010422 
410 4.275020 0.000000 0.916109 99.798449 0.000000 -0.361044 0.004014 
411 4.476474 0.000000 -0.008916 99.891194 0.000000 -0.000000 0.002175 
412 4.275020 0.000000 -0.008916 99.959001 0.000000 0.000000 0.000820 
413 4.476474 0.000000 -0.193921 99.888476 0.000000 0.000000 0.002229 
414 4.677927 0.000000 -0.008916 99.875993 0.000000 0.000000 0.002479 
415 4.476474 0.000000 0.176089 99.888139 0.000000 -0.000000 0.002236 
416 4.073567 0.000000 -0.008916 100.241684 0.000000 0.000000 -0.004840 
417 3.872114 0.000000 -0.008916 100.393849 0.000000 -0.000000 -0.007892 
418 4.073567 0.000000 -0.193921 100.218091 0.000000 0.000000 -0.004367 
419 4.073567 0.000000 0.176089 100.237748 0.000000 0.000000 -0.004761 
420 6.289555 0.000000 0.916109 99.796999 0.000000 0.878670 0.003979 
421 7.095369 0.000000 0.916109 99.969318 0.000000 1.173421 0.000476 
422 6.289555 0.000000 1.656130 99.977942 0.000000 0.365838 0.000428 
423 5.080834 0.000000 0.546099 99.516158 0.000000 -0.669761 0.009609 
424 5.483741 0.000000 0.546099 99.499427 0.000000 -0.433916 0.009968 
425 5.080834 0.000000 0.916109 99.823977 0.000000 0.047714 0.003517 
426 4.476474 0.000000 0.361094 99.212203 0.000000 -2.987123 0.014802 
427 4.275020 0.000000 0.361094 99.077160 0.000000 -3.262993 0.017307 
428 4.677927 0.000000 0.361094 99.356798 0.000000 -2.924653 0.011967 
429 4.476474 0.000000 0.546099 99.412047 0.000000 -1.281843 0.011560 
430 4.375747 0.000000 0.083587 99.918456 0.000000 -0.000000 0.001630 
431 4.275020 0.000000 0.083587 99.991003 0.000000 -0.000000 0.000180 
432 4.375747 0.000000 -0.008916 99.942351 0.000000 -0.000000 0.001153 
433 4.476474 0.000000 0.083587 99.891004 0.000000 -0.000000 0.002179 
434 4.375747 0.000000 0.176089 99.939575 0.000000 -0.000000 0.001208 
435 4.073567 0.000000 0.361094 99.134900 0.000000 -3.699549 0.015858 
436 3.872114 0.000000 0.361094 99.436559 0.000000 -4.035843 0.009608 
437 4.073567 0.000000 0.546099 99.448126 0.000000 -1.908038 0.010643 
438 4.174294 0.000000 0.083587 100.079708 0.000000 -0.000000 -0.001595 
439 4.073567 0.000000 0.083587 100.230012 0.000000 0.000000 -0.004606 
440 4.174294 0.000000 -0.008916 100.014156 0.000000 0.000000 -0.000283 
441 4.174294 0.000000 0.176089 100.037189 0.000000 -0.000000 -0.000744 
442 8.706996 0.000000 -17.584399 100.012139 0.000000 0.026276 -0.000243 
443 8.706996 0.000000 -23.504561 100.007734 0.000000 0.013969 -0.000155 
444 15.153506 0.000000 -17.584399 100.007538 0.000000 0.030336 -0.000151 
445 5.483741 0.000000 -8.704155 100.039277 0.000000 0.095659 -0.000787 
446 5.483741 0.000000 -11.664236 100.028860 0.000000 0.054214 -0.000578 
447 8.706996 0.000000 -8.704155 100.022536 0.000000 0.105583 -0.000452 
448 3.872114 0.000000 -4.264033 100.120446 0.000000 0.295746 -0.002419 
449 3.872114 0.000000 -5.744073 100.089284 0.000000 0.182766 -0.001790 
450 5.483741 0.000000 -4.264033 100.070953 0.000000 0.317781 -0.001430 
451 4.677927 0.000000 -2.043972 100.148362 0.000000 0.970566 -0.003064 
452 3.872114 0.000000 -2.043972 100.224787 0.000000 0.877840 -0.004578 
453 4.677927 0.000000 -2.783992 100.117718 0.000000 0.584080 -0.002390 
454 5.483741 0.000000 -2.043972 100.048615 0.000000 0.993791 -0.001071 
455 4.275020 0.000000 -0.933941 100.668467 0.000000 3.423503 -0.014586 
456 3.872114 0.000000 -0.933941 100.736373 0.000000 2.996709 -0.015680 
457 4.275020 0.000000 -1.303952 100.382694 0.000000 2.059020 -0.008092 
458 4.677927 0.000000 -0.933941 100.486673 0.000000 3.761480 -0.011172 
459 4.476474 0.000000 -0.378926 100.865103 0.000000 2.220952 -0.017870 
460 4.275020 0.000000 -0.378926 101.221530 0.000000 2.147058 -0.025041 
461 4.476474 0.000000 -0.563931 100.866038 0.000000 4.046552 -0.019033 
462 4.677927 0.000000 -0.378926 100.569725 0.000000 2.029399 -0.011839 
463 4.375747 0.000000 -0.101419 99.915223 0.000000 -0.000000 0.001695 
464 4.275020 0.000000 -0.101419 99.991984 0.000000 -0.000000 0.000160 
465 4.375747 0.000000 -0.193921 99.935803 0.000000 -0.000000 0.001284 
466 4.476474 0.000000 -0.101419 99.892401 0.000000 -0.000000 0.002151 
467 4.325384 0.000000 0.037335 99.955836 0.000000 -0.000000 0.000883 
468 4.275020 0.000000 0.037335 100.009642 0.000000 -0.000000 -0.000193 
469 4.325384 0.000000 -0.008916 99.937898 0.000000 -0.000000 0.001242 
470 4.375747 0.000000 0.037335 99.934429 0.000000 -0.000000 0.001311 
471 4.325384 0.000000 0.083587 99.954960 0.000000 -0.000000 0.000901 
472 4.073567 0.000000 -0.378926 101.429297 0.000000 1.828204 -0.029124 
473 3.872114 0.000000 -0.378926 101.383451 0.000000 1.517031 -0.028091 
474 4.073567 0.000000 -0.563931 101.166742 0.000000 3.671492 -0.024819 
475 4.174294 0.000000 -0.101419 100.060968 0.000000 -0.000000 -0.001220 
476 4.073567 0.000000 -0.101419 100.229873 0.000000 0.000000 -0.004603 
477 4.174294 0.000000 -0.193921 100.064849 0.000000 0.000000 -0.001297 
478 4.224657 0.000000 0.037335 100.017723 0.000000 -0.000000 -0.000354 
479 4.174294 0.000000 0.037335 100.049156 0.000000 -0.000000 -0.000983 
480 4.224657 0.000000 -0.008916 99.988881 0.000000 -0.000000 0.000222 
481 4.224657 0.000000 0.083587 100.023692 0.000000 -0.000000 -0.000474 
482 4.325384 0.000000 -0.055167 99.957125 0.000000 -0.000000 0.000857 
483 4.275020 0.000000 -0.055167 100.010726 0.000000 -0.000000 -0.000215 
484 4.325384 0.000000 -0.101419 99.961983 0.000000 -0.000000 0.000760 
485 4.375747 0.000000 -0.055167 99.931243 0.000000 -0.000000 0.001375 
486 4.300202 0.000000 0.014210 99.952526 0.000000 -0.000000 0.000949 
487 4.275020 0.000000 0.014210 99.962881 0.000000 0.000000 0.000742 
488 4.300202 0.000000 -0.008916 99.949283 0.000000 0.000000 0.001014 
489 4.325384 0.000000 0.014210 99.951001 0.000000 -0.000000 0.000980 
490 4.300202 0.000000 0.037335 99.966038 0.000000 -0.000000 0.000679 
491 4.224657 0.000000 -0.055167 100.041941 0.000000 -0.000000 -0.000839 
492 4.174294 0.000000 -0.055167 100.078770 0.000000 -0.000000 -0.001576 
493 4.224657 0.000000 -0.101419 100.024612 0.000000 -0.000000 -0.000492 
494 4.300202 0.000000 -0.032042 99.965503 0.000000 -0.000000 0.000690 
495 4.275020 0.000000 -0.032042 100.009387 0.000000 -0.000000 -0.000188 
496 4.300202 0.000000 -0.055167 99.967944 0.000000 -0.000000 0.000641 
497 4.325384 0.000000 -0.032042 99.955450 0.000000 -0.000000 0.000891 
498 4.879381 0.000000 -0.008916 99.725861 0.000000 -2.933522 0.004615 
499 4.879381 0.000000 -0.193921 100.040836 0.000000 -1.098946 -0.000938 
500 5.080834 0.000000 -0.008916 99.646338 0.000000 -3.203275 0.006035 
501 4.879381 0.000000 0.176089 99.508973 0.000000 -3.856274 0.008309 
502 4.577201 0.000000 0.083587 99.875708 0.000000 0.000000 0.002484 
503 4.577201 0.000000 -0.008916 99.875184 0.000000 0.000000 0.002495 
504 4.677927 0.000000 0.083587 99.879237 0.000000 0.000000 0.002414 
505 4.577201 0.000000 0.176089 99.879244 0.000000 0.000000 0.002414 
506 4.426110 0.000000 0.037335 99.915869 0.000000 -0.000000 0.001682 
507 4.426110 0.000000 -0.008916 99.916553 0.000000 -0.000000 0.001668 
508 4.476474 0.000000 0.037335 99.886798 0.000000 -0.000000 0.002263 
509 4.426110 0.000000 0.083587 99.908340 0.000000 -0.000000 0.001832 
510 4.350565 0.000000 0.014210 99.937610 0.000000 -0.000000 0.001247 
511 4.350565 0.000000 -0.008916 99.937865 0.000000 -0.000000 0.001242 
512 4.375747 0.000000 0.014210 99.939539 0.000000 -0.000000 0.001209 
513 4.350565 0.000000 0.037335 99.936128 0.000000 -0.000000 0.001277 
514 4.312793 0.000000 0.002647 99.937675 0.000000 -0.000000 0.001246 
515 4.300202 0.000000 0.002647 99.942516 0.000000 0.000000 0.001149 
516 4.312793 0.000000 -0.008916 99.942592 0.000000 -0.000000 0.001148 
517 4.325384 0.000000 0.002647 99.929612 0.000000 -0.000000 0.001407 
518 4.312793 0.000000 0.014210 99.955633 0.000000 -0.000000 0.000887 
519 4.249839 0.000000 0.014210 99.979184 0.000000 -0.000000 0.000416 
520 4.224657 0.000000 0.014210 99.991454 0.000000 -0.000000 0.000171 
521 4.249839 0.000000 -0.008916 99.971216 0.000000 -0.000000 0.000576 
522 4.249839 0.000000 0.037335 100.015004 0.000000 -0.000000 -0.000300 
523 3.670660 0.000000 -0.008916 100.537734 0.000000 -0.000000 -0.010784 
524 3.670660 0.000000 -0.193921 100.670733 0.000000 0.000000 -0.013460 
525 3.670660 0.000000 0.176089 100.670733 0.000000 0.000000 -0.013460 
526 3.972840 0.000000 0.083587 100.326580 0.000000 -0.000000 -0.006542 
527 3.872114 0.000000 0.083587 100.399204 0.000000 -0.000000 -0.008000 
528 3.972840 0.000000 -0.008916 100.330861 0.000000 -0.000000 -0.006628 
529 3.972840 0.000000 0.176089 100.346445 0.000000 -0.000000 -0.006941 
530 4.123930 0.000000 0.037335 100.161784 0.000000 -0.000000 -0.003238 
531 4.073567 0.000000 0.037335 100.230202 0.000000 0.000000 -0.004609 
532 4.123930 0.000000 -0.008916 100.156372 0.000000 0.000000 -0.003130 
533 4.123930 0.000000 0.083587 100.134032 0.000000 -0.000000 -0.002682 
534 3.972840 0.000000 -0.101419 100.326080 0.000000 -0.000000 -0.006532 
535 3.872114 0.000000 -0.101419 100.397876 0.000000 -0.000000 -0.007973 
536 3.972840 0.000000 -0.193921 100.346393 0.000000 -0.000000 -0.006940 
537 4.023204 0.000000 0.037335 100.280842 0.000000 -0.000000 -0.005625 
538 3.972840 0.000000 0.037335 100.332878 0.000000 -0.000000 -0.006669 
539 4.023204 0.000000 -0.008916 100.286584 0.000000 0.000000 -0.005740 
540 4.023204 0.000000 0.083587 100.267957 0.000000 -0.000000 -0.005366 
541 3.670660 0.000000 0.361094 99.873564 0.000000 -4.064598 0.000875 
542 3.469207 0.000000 0.361094 100.269531 0.000000 -3.816409 -0.006854 
543 3.670660 0.000000 0.546099 99.857890 0.000000 -2.356573 0.002285 
544 3.771387 0.000000 0.083587 100.458854 0.000000 -0.000000 -0.009198 
545 3.670660 0.000000 0.083587 100.545912 0.000000 -0.000000 -0.010948 
546 3.771387 0.000000 -0.008916 100.468009 0.000000 -0.000000 -0.009382 
547 3.771387 0.000000 0.176089 100.388336 0.000000 -0.000000 -0.007782 
548 3.922477 0.000000 0.037335 100.372700 0.000000 -0.000000 -0.007468 
549 3.872114 0.000000 0.037335 100.395808 0.000000 -0.000000 -0.007932 
550 3.922477 0.000000 -0.008916 100.366130 0.000000 -0.000000 -0.007336 
551 3.922477 0.000000 0.083587 100.374576 0.000000 -0.000000 -0.007506 
552 3.066300 0.000000 -2.043972 100.268511 0.000000 0.772140 -0.005437 
553 3.066300 0.000000 -2.783992 100.213042 0.000000 0.500105 -0.004290 
554 3.469207 0.000000 -0.933941 100.702717 0.000000 2.615456 -0.014788 
555 3.066300 0.000000 -0.933941 100.685857 0.000000 2.221665 -0.014258 
556 3.469207 0.000000 -1.303952 100.450351 0.000000 1.641841 -0.009297 
557 3.670660 0.000000 -0.378926 101.201672 0.000000 1.403230 -0.024375 
558 3.469207 0.000000 -0.378926 101.090478 0.000000 1.443144 -0.022137 
559 3.670660 0.000000 -0.563931 101.122703 0.000000 3.199984 -0.023604 
560 3.771387 0.000000 -0.101419 100.462245 0.000000 -0.000000 -0.009266 
561 3.670660 0.000000 -0.101419 100.562731 0.000000 -0.000000 -0.011286 
562 3.771387 0.000000 -0.193921 100.394373 0.000000 -0.000000 -0.007903 
563 3.821750 0.000000 0.037335 100.426186 0.000000 -0.000000 -0.008542 
564 3.771387 0.000000 0.037335 100.456579 0.000000 -0.000000 -0.009152 
565 3.821750 0.000000 -0.008916 100.428525 0.000000 -0.000000 -0.008589 
566 3.821750 0.000000 0.083587 100.412118 0.000000 -0.000000 -0.008259 
567 3.922477 0.000000 -0.055167 100.361988 0.000000 -0.000000 -0.007253 
568 3.872114 0.000000 -0.055167 100.394239 0.000000 -0.000000 -0.007900 
569 3.922477 0.000000 -0.101419 100.373610 0.000000 -0.000000 -0.007486 
570 3.972840 0.000000 -0.055167 100.330701 0.000000 -0.000000 -0.006625 
571 3.897295 0.000000 0.014210 100.381100 0.000000 -0.000000 -0.007637 
572 3.872114 0.000000 0.014210 100.394402 0.000000 -0.000000 -0.007904 
573 3.897295 0.000000 -0.008916 100.380346 0.000000 -0.000000 -0.007621 
574 3.922477 0.000000 0.014210 100.367414 0.000000 -0.000000 -0.007362 
575 3.897295 0.000000 0.037335 100.390934 0.000000 -0.000000 -0.007834 
576 3.821750 0.000000 -0.055167 100.424281 0.000000 -0.000000 -0.008504 
577 3.771387 0.000000 -0.055167 100.453846 0.000000 -0.000000 -0.009098 
578 3.821750 0.000000 -0.101419 100.410234 0.000000 -0.000000 -0.008222 
579 3.846932 0.000000 0.014210 100.411329 0.000000 -0.000000 -0.008243 
580 3.821750 0.000000 0.014210 100.428254 0.000000 -0.000000 -0.008583 
581 3.846932 0.000000 -0.008916 100.411496 0.000000 -0.000000 -0.008247 
582 3.846932 0.000000 0.037335 100.407065 0.000000 -0.000000 -0.008158 
583 3.846932 0.000000 -0.032042 100.407534 0.000000 -0.000000 -0.008167 
584 3.821750 0.000000 -0.032042 100.426736 0.000000 -0.000000 -0.008553 
585 3.846932 0.000000 -0.055167 100.405266 0.000000 -0.000000 -0.008122 
586 3.872114 0.000000 -0.032042 100.396209 0.000000 -0.000000 -0.007940 
587 3.859523 0.000000 0.002647 100.400229 0.000000 0.000000 -0.008021 
588 3.846932 0.000000 0.002647 100.411597 0.000000 -0.000000 -0.008249 
589 3.859523 0.000000 -0.008916 100.402922 0.000000 0.000000 -0.008075 
590 3.872114 0.000000 0.002647 100.394685 0.000000 0.000000 -0.007909 
591 3.859523 0.000000 0.014210 100.406289 0.000000 -0.000000 -0.008142 
592 -17.079044 0.000000 -17.584399 100.005486 0.000000 -0.001091 -0.000110 
593 -23.525554 0.000000 -17.584399 100.003216 0.000000 -0.001450 -0.000064 
594 -17.079044 0.000000 -23.504561 100.004539 0.000000 0.000032 -0.000091 
595 21.600016 0.000000 -17.584399 100.004403 0.000000 0.031455 -0.000088 
596 21.600016 0.000000 -23.504561 100.003853 0.000000 0.017793 -0.000077 
597 28.046526 0.000000 -17.584399 100.002625 0.000000 0.031544 -0.000053 
598 -7.409279 0.000000 -8.704155 100.023948 0.000000 -0.004009 -0.000479 
599 -10.632534 0.000000 -8.704155 100.013838 0.000000 -0.005793 -0.000277 
600 -7.409279 0.000000 -11.664236 100.018970 0.000000 0.000779 -0.000379 
601 11.930251 0.000000 -8.704155 100.014960 0.000000 0.109767 -0.000300 
602 11.930251 0.000000 -11.664236 100.014401 0.000000 0.065094 -0.000288 
603 15.153506 0.000000 -8.704155 100.010027 0.000000 0.108044 -0.000202 
604 -2.574397 0.000000 -4.264033 100.110260 0.000000 -0.007707 -0.002206 
605 -4.186024 0.000000 -4.264033 100.066782 0.000000 -0.022929 -0.001336 
606 -2.574397 0.000000 -5.744073 100.084889 0.000000 0.008509 -0.001699 
607 7.095369 0.000000 -4.264033 100.037911 0.000000 0.313925 -0.000768 
608 7.095369 0.000000 -5.744073 100.040468 0.000000 0.206712 -0.000814 
609 8.706996 0.000000 -4.264033 100.022608 0.000000 0.304924 -0.000462 
610 -0.156955 0.000000 -2.043972 100.490650 0.000000 0.216486 -0.009842 
611 -0.962769 0.000000 -2.043972 100.359119 0.000000 0.018718 -0.007195 
612 -0.156955 0.000000 -2.783992 100.313784 0.000000 0.148423 -0.006288 
613 0.245952 0.000000 -0.933941 101.261167 0.000000 1.476763 -0.025600 
614 -0.156955 0.000000 -0.933941 101.491754 0.000000 0.626459 -0.030097 
615 0.245952 0.000000 -1.303952 100.860954 0.000000 0.807040 -0.017358 
616 0.850312 0.000000 -0.378926 101.134966 0.000000 0.066340 -0.022829 
617 0.648858 0.000000 -0.378926 100.682583 0.000000 0.005293 -0.013698 
618 0.850312 0.000000 -0.563931 100.689396 0.000000 0.005808 -0.013835 
619 2.663393 0.000000 -0.933941 100.665399 0.000000 1.849086 -0.013694 
620 2.663393 0.000000 -1.303952 100.434720 0.000000 1.276958 -0.008876 
621 2.461939 0.000000 -0.378926 103.700888 0.000000 0.352764 -0.075400 
622 2.461939 0.000000 -0.563931 103.437499 0.000000 0.318013 -0.069942 
623 2.663393 0.000000 -0.378926 103.246260 0.000000 0.320633 -0.065989 
624 2.864846 0.000000 -0.378926 101.236839 0.000000 1.593082 -0.025144 
625 2.864846 0.000000 -0.563931 101.100890 0.000000 2.555283 -0.022792 
626 3.066300 0.000000 -0.378926 101.135115 0.000000 1.598553 -0.023087 
627 2.864846 0.000000 0.361094 102.941859 0.000000 0.337410 -0.059714 
628 3.066300 0.000000 0.361094 100.999112 0.000000 -2.812352 -0.020873 
629 2.864846 0.000000 0.546099 100.688479 0.000000 -1.864505 -0.014165 
630 2.361213 0.000000 -0.101419 102.125070 0.000000 0.140035 -0.042955 
631 2.361213 0.000000 -0.193921 103.055460 0.000000 0.286377 -0.062051 
632 2.461939 0.000000 -0.101419 102.146116 0.000000 0.118864 -0.043384 
633 6.289555 0.000000 -2.043972 99.983353 0.000000 0.921284 0.000248 
634 6.289555 0.000000 -2.783992 100.032135 0.000000 0.575765 -0.000676 
635 7.095369 0.000000 -2.043972 99.981902 0.000000 0.837581 0.000292 
636 5.080834 0.000000 -0.933941 100.228157 0.000000 3.938488 -0.006120 
637 5.080834 0.000000 -1.303952 100.140405 0.000000 2.342080 -0.003359 
638 5.483741 0.000000 -0.933941 99.879344 0.000000 3.996120 0.000815 
639 3.267753 0.000000 -0.378926 101.083374 0.000000 1.534716 -0.022020 
640 3.267753 0.000000 -0.563931 101.046693 0.000000 2.908597 -0.021889 
641 3.267753 0.000000 0.361094 100.657233 0.000000 -3.382618 -0.014332 
642 3.267753 0.000000 0.546099 100.385635 0.000000 -2.344626 -0.008277 
643 1.958306 0.000000 0.268592 102.938051 0.000000 0.310106 -0.059634 
644 1.857579 0.000000 0.268592 102.891529 0.000000 0.307119 -0.058676 
645 1.958306 0.000000 0.361094 103.165354 0.000000 0.338305 -0.064320 
646 2.210123 0.000000 0.129838 102.368046 0.000000 0.203558 -0.047926 
647 2.260486 0.000000 0.129838 102.386974 0.000000 0.194168 -0.048313 
648 2.210123 0.000000 0.176089 102.991177 0.000000 0.301949 -0.060727 
649 1.907942 0.000000 0.037335 103.116624 0.000000 0.263485 -0.063311 
650 1.907942 0.000000 -0.008916 102.324254 0.000000 0.188046 -0.047029 
651 1.907942 0.000000 0.083587 103.060423 0.000000 0.259714 -0.062152 
652 2.008669 0.000000 0.129838 102.326751 0.000000 0.202239 -0.047080 
653 1.958306 0.000000 0.129838 102.295958 0.000000 0.218343 -0.046451 
654 2.008669 0.000000 0.176089 102.825389 0.000000 0.280678 -0.057314 
655 1.907942 0.000000 0.129838 102.744795 0.000000 0.245992 -0.055655 
656 1.857579 0.000000 0.129838 102.724294 0.000000 0.243790 -0.055234 
657 1.907942 0.000000 0.176089 102.630474 0.000000 0.260389 -0.053308 
658 2.210123 0.000000 -0.055167 101.884480 0.000000 0.124927 -0.038046 
659 2.210123 0.000000 -0.101419 102.150727 0.000000 0.164877 -0.043480 
660 2.260486 0.000000 -0.055167 102.017185 0.000000 0.139997 -0.040753 
661 2.084214 0.000000 0.014210 101.869221 0.000000 0.139071 -0.037736 
662 2.059033 0.000000 0.014210 102.377659 0.000000 0.192369 -0.048122 
663 2.084214 0.000000 -0.008916 101.862652 0.000000 0.138112 -0.037602 
664 2.361213 0.000000 0.268592 103.683793 0.000000 0.394258 -0.075048 
665 2.461939 0.000000 0.268592 103.708752 0.000000 0.377412 -0.075565 
666 2.361213 0.000000 0.361094 103.687347 0.000000 0.395463 -0.075122 
667 2.008669 0.000000 -0.055167 101.948692 0.000000 0.153019 -0.039356 
668 1.958306 0.000000 -0.055167 101.818495 0.000000 0.134465 -0.036702 
669 2.008669 0.000000 -0.101419 102.059675 0.000000 0.171466 -0.041621 
670 1.907942 0.000000 -0.055167 101.897171 0.000000 0.144413 -0.038305 
671 1.857579 0.000000 -0.055167 101.938603 0.000000 0.150143 -0.039150 
672 1.907942 0.000000 -0.101419 101.993876 0.000000 0.161361 -0.040278 
673 1.756852 0.000000 0.268592 102.824577 0.000000 0.301546 -0.057298 
674 1.656126 0.000000 0.268592 102.739872 0.000000 0.292999 -0.055557 
675 1.756852 0.000000 0.361094 102.807177 0.000000 0.298887 -0.056941 
676 1.706489 0.000000 0.037335 102.721684 0.000000 0.333187 -0.055186 
677 1.706489 0.000000 -0.008916 102.046360 0.000000 0.161372 -0.041349 
678 1.706489 0.000000 0.083587 102.732494 0.000000 0.321014 -0.055407 
679 1.807216 0.000000 0.129838 102.645573 0.000000 0.275206 -0.053619 
680 1.756852 0.000000 0.129838 102.767901 0.000000 0.321123 -0.056134 
681 1.807216 0.000000 0.176089 102.459891 0.000000 0.230989 -0.049808 
682 1.706489 0.000000 0.129838 102.645464 0.000000 0.308159 -0.053619 
683 1.656126 0.000000 0.129838 102.605534 0.000000 0.272771 -0.052797 
684 1.706489 0.000000 0.176089 102.553228 0.000000 0.251005 -0.051723 
685 1.807216 0.000000 -0.055167 102.012056 0.000000 0.148665 -0.040648 
686 1.756852 0.000000 -0.055167 101.952848 0.000000 0.129124 -0.039440 
687 1.807216 0.000000 -0.101419 102.077671 0.000000 0.161300 -0.041988 
688 1.706489 0.000000 -0.055167 102.207926 0.000000 0.186528 -0.044649 
689 1.656126 0.000000 -0.055167 102.141635 0.000000 0.142523 -0.043293 
690 1.706489 0.000000 -0.101419 102.205493 0.000000 0.172615 -0.044599 
691 1.505036 0.000000 0.037335 102.699207 0.000000 0.221870 -0.054718 
692 1.505036 0.000000 -0.008916 102.493792 0.000000 0.126985 -0.050499 
693 1.505036 0.000000 0.083587 102.804821 0.000000 0.250145 -0.056889 
694 1.555399 0.000000 0.268592 102.642936 0.000000 0.281726 -0.053565 
695 1.454672 0.000000 0.268592 102.541449 0.000000 0.268727 -0.051482 
696 1.555399 0.000000 0.361094 102.641849 0.000000 0.280773 -0.053543 
697 1.605762 0.000000 0.129838 102.496642 0.000000 0.250857 -0.050562 
698 1.555399 0.000000 0.129838 102.487337 0.000000 0.248320 -0.050372 
699 1.605762 0.000000 0.176089 102.462913 0.000000 0.218129 -0.049870 
700 1.505036 0.000000 0.129838 102.600214 0.000000 0.236825 -0.052686 
701 1.454672 0.000000 0.129838 103.245179 0.000000 0.197624 -0.065961 
702 1.505036 0.000000 0.176089 102.521116 0.000000 0.230692 -0.051063 
703 1.605762 0.000000 -0.055167 102.192436 0.000000 0.132573 -0.044331 
704 1.555399 0.000000 -0.055167 102.277343 0.000000 0.135675 -0.046067 
705 1.605762 0.000000 -0.101419 102.293928 0.000000 0.167146 -0.046408 
706 1.505036 0.000000 -0.055167 102.550698 0.000000 0.114749 -0.051666 
707 1.454672 0.000000 -0.055167 103.303105 0.000000 0.125544 -0.067155 
708 1.505036 0.000000 -0.101419 102.387168 0.000000 0.159510 -0.048316 
709 1.353946 0.000000 0.268592 102.444674 0.000000 0.255590 -0.049498 
710 1.353946 0.000000 0.361094 102.463283 0.000000 0.257562 -0.049879 
711 1.404309 0.000000 0.129838 103.284876 0.000000 0.176384 -0.066780 
712 1.353946 0.000000 0.129838 103.643292 0.000000 0.156491 -0.074196 
713 1.404309 0.000000 0.176089 103.156400 0.000000 0.196145 -0.064128 
714 1.303582 0.000000 0.129838 104.380996 0.000000 0.152549 -0.089542 
715 1.303582 0.000000 0.176089 103.421100 0.000000 0.206413 -0.069597 
716 1.404309 0.000000 -0.055167 103.588199 0.000000 0.126988 -0.073053 
717 1.353946 0.000000 -0.055167 104.408876 0.000000 0.122754 -0.090123 
718 1.404309 0.000000 -0.101419 103.518729 0.000000 0.138177 -0.071615 
719 1.303582 0.000000 -0.055167 104.872880 0.000000 0.109381 -0.099833 
720 1.253219 0.000000 -0.055167 105.005020 0.000000 0.086217 -0.102606 
721 1.303582 0.000000 -0.101419 104.465906 0.000000 0.124913 -0.091314 
722 0.951039 0.000000 -0.101419 100.936501 0.000000 0.061692 -0.018818 
723 0.850312 0.000000 -0.101419 100.803527 0.000000 0.048988 -0.016135 
724 0.951039 0.000000 -0.193921 101.292442 0.000000 0.107170 -0.026017 
725 1.102129 0.000000 0.129838 102.793429 0.000000 0.100676 -0.056650 
726 1.051765 0.000000 0.129838 101.391030 0.000000 0.118792 -0.028016 
727 1.102129 0.000000 0.176089 101.595312 0.000000 0.156479 -0.032163 
728 1.202855 0.000000 -0.055167 104.489470 0.000000 0.093191 -0.091806 
729 1.152492 0.000000 -0.055167 103.728542 0.000000 0.081082 -0.075962 
730 1.202855 0.000000 -0.101419 104.196581 0.000000 0.104609 -0.085694 
731 1.102129 0.000000 -0.055167 102.783852 0.000000 0.077066 -0.056453 
732 1.051765 0.000000 -0.055167 102.339315 0.000000 0.069655 -0.047334 
733 1.102129 0.000000 -0.101419 102.799328 0.000000 0.086260 -0.056771 
734 0.951039 0.000000 0.268592 101.652253 0.000000 0.175773 -0.033321 
735 0.850312 0.000000 0.268592 101.476259 0.000000 0.142017 -0.029745 
736 0.951039 0.000000 0.361094 101.496776 0.000000 0.145381 -0.030162 
737 4.879381 0.000000 -0.378926 100.378313 0.000000 1.747978 -0.007886 
738 4.879381 0.000000 -0.563931 100.510827 0.000000 4.081200 -0.011908 
739 5.080834 0.000000 -0.378926 100.231011 0.000000 1.495658 -0.004849 
740 4.577201 0.000000 -0.101419 99.875810 0.000000 0.000000 0.002482 
741 4.577201 0.000000 -0.193921 99.899202 0.000000 0.000000 0.002015 
742 4.677927 0.000000 -0.101419 99.888473 0.000000 0.000000 0.002229 
743 4.879381 0.000000 0.361094 99.422529 0.000000 -2.925454 0.010660 
744 5.080834 0.000000 0.361094 99.444494 0.000000 -2.909673 0.010233 
745 4.879381 0.000000 0.546099 99.512413 0.000000 -0.846000 0.009656 
746 4.426110 0.000000 -0.055167 99.913300 0.000000 -0.000000 0.001733 
747 4.426110 0.000000 -0.101419 99.900883 0.000000 -0.000000 0.001981 
748 4.476474 0.000000 -0.055167 99.888466 0.000000 -0.000000 0.002229 
749 4.123930 0.000000 -0.055167 100.134187 0.000000 -0.000000 -0.002686 
750 4.073567 0.000000 -0.055167 100.213587 0.000000 0.000000 -0.004276 
751 4.123930 0.000000 -0.101419 100.118085 0.000000 -0.000000 -0.002363 
752 4.350565 0.000000 -0.032042 99.936466 0.000000 -0.000000 0.001270 
753 4.350565 0.000000 -0.055167 99.938171 0.000000 -0.000000 0.001236 
754 4.375747 0.000000 -0.032042 99.935123 0.000000 -0.000000 0.001297 
755 4.249839 0.000000 -0.032042 99.991715 0.000000 -0.000000 0.000166 
756 4.224657 0.000000 -0.032042 100.015530 0.000000 -0.000000 -0.000311 
757 4.249839 0.000000 -0.055167 100.015916 0.000000 -0.000000 -0.000318 
758 4.023204 0.000000 -0.055167 100.269139 0.000000 -0.000000 -0.005390 
759 4.023204 0.000000 -0.101419 100.289680 0.000000 -0.000000 -0.005802 
760 3.897295 0.000000 -0.032042 100.391222 0.000000 -0.000000 -0.007840 
761 3.897295 0.000000 -0.055167 100.389797 0.000000 -0.000000 -0.007811 
762 3.922477 0.000000 -0.032042 100.369307 0.000000 -0.000000 -0.007400 
1 19 21 9 22 
2 20 19 22 4 
3 28 29 3 30 
4 21 28 30 9 
5 35 37 21 38 
6 36 35 38 19 
7 44 45 28 46 
8 37 44 46 21 
9 51 53 37 54 
10 52 51 54 35 
11 60 61 44 62 
12 53 60 62 37 
13 67 69 53 70 
14 68 67 70 51 
15 11 78 76 77 
16 78 10 24 76 
17 76 24 14 79 
18 77 76 79 6 
19 24 82 80 81 
20 82 23 40 80 
21 80 40 27 83 
22 81 80 83 14 
23 40 86 84 85 
24 86 39 56 84 
25 84 56 43 87 
26 85 84 87 27 
27 56 90 88 89 
28 89 88 91 43 
29 92 93 60 94 
30 69 92 94 53 
31 95 97 69 98 
32 96 95 98 67 
33 6 79 112 113 
34 79 14 36 112 
35 112 36 19 114 
36 113 112 114 20 
37 14 83 115 116 
38 83 27 52 115 
39 115 52 35 117 
40 116 115 117 36 
41 27 87 118 119 
42 87 43 68 118 
43 118 68 51 120 
44 119 118 120 52 
45 43 91 121 122 
46 121 96 67 123 
47 122 121 123 68 
48 124 126 95 127 
49 125 124 127 96 
50 133 134 92 135 
51 97 133 135 69 
52 136 137 97 138 
53 126 136 138 95 
54 147 148 133 149 
55 137 147 149 97 
56 152 143 153 150 
57 150 153 146 154 
58 15 156 155 33 
59 156 17 157 155 
60 155 157 8 158 
61 33 155 158 18 
62 31 160 159 49 
63 160 33 161 159 
64 159 161 18 162 
65 49 159 162 34 
66 164 49 165 163 
67 163 165 34 166 
68 143 176 175 153 
69 176 145 177 175 
70 175 177 107 178 
71 153 175 178 146 
72 18 158 179 45 
73 158 8 180 179 
74 179 180 29 181 
75 45 179 181 28 
76 34 162 182 61 
77 162 18 183 182 
78 182 183 45 184 
79 61 182 184 44 
80 166 34 186 185 
81 185 186 61 187 
82 93 185 187 60 
83 188 189 93 190 
84 134 188 190 92 
85 191 192 134 193 
86 148 191 193 133 
87 145 195 194 177 
88 195 171 196 194 
89 194 196 174 197 
90 177 194 197 107 
91 201 203 137 204 
92 202 201 204 136 
93 12 216 214 215 
94 216 7 217 214 
95 214 217 13 25 
96 215 214 25 10 
97 25 220 218 219 
98 220 13 221 218 
99 218 221 26 41 
100 219 218 41 23 
101 41 224 222 223 
102 224 26 225 222 
103 222 225 42 57 
104 223 222 57 39 
105 57 228 226 227 
106 228 42 229 226 
107 226 229 58 73 
108 227 226 73 55 
109 73 232 230 231 
110 232 58 233 230 
111 230 233 74 109 
112 231 230 109 71 
113 109 236 234 235 
114 236 74 237 234 
115 234 237 110 199 
116 235 234 199 108 
117 199 240 238 239 
118 240 110 241 238 
119 154 146 248 247 
120 247 248 147 249 
121 203 247 249 137 
122 151 251 250 208 
123 251 150 252 250 
124 250 252 154 253 
125 208 250 253 5 
126 207 255 254 245 
127 255 151 256 254 
128 254 256 208 257 
129 245 254 257 205 
130 200 209 258 259 
131 209 5 260 258 
132 258 260 203 261 
133 259 258 261 201 
134 206 246 262 263 
135 246 205 264 262 
136 262 264 209 265 
137 263 262 265 200 
138 268 245 269 266 
139 266 269 205 270 
140 267 266 270 246 
141 108 273 271 272 
142 273 199 239 271 
143 212 276 274 275 
144 276 198 243 274 
145 274 243 206 277 
146 275 274 277 210 
147 243 280 278 279 
148 280 242 267 278 
149 278 267 246 281 
150 279 278 281 206 
151 239 284 282 283 
152 284 238 285 282 
153 282 285 207 244 
154 283 282 244 198 
155 244 288 286 287 
156 288 207 289 286 
157 286 289 245 268 
158 287 286 268 242 
159 242 292 290 291 
160 292 268 293 290 
161 290 293 266 294 
162 291 290 294 267 
163 295 202 136 297 
164 296 295 297 126 
165 71 304 302 303 
166 304 109 235 302 
167 302 235 108 140 
168 303 302 140 102 
169 140 307 305 306 
170 307 108 272 305 
171 300 310 308 309 
172 310 141 311 308 
173 308 311 211 312 
174 309 308 312 298 
175 102 319 317 318 
176 319 140 306 317 
177 315 322 320 321 
178 322 139 323 320 
179 320 323 299 324 
180 321 320 324 313 
181 325 296 126 327 
182 326 325 327 124 
183 55 334 332 333 
184 334 73 231 332 
185 332 231 71 101 
186 333 332 101 72 
187 101 337 335 336 
188 337 71 303 335 
189 335 303 102 130 
190 336 335 130 99 
191 130 340 338 339 
192 340 102 318 338 
193 330 343 341 342 
194 343 131 344 341 
195 341 344 314 345 
196 342 341 345 328 
197 88 348 346 347 
198 348 72 100 346 
199 346 100 59 349 
200 347 346 349 91 
201 100 352 350 351 
202 351 350 353 59 
203 128 360 358 359 
204 360 330 342 358 
205 358 342 328 361 
206 359 358 361 329 
207 99 364 362 363 
208 364 130 339 362 
209 356 367 365 366 
210 367 128 359 365 
211 365 359 329 368 
212 91 349 369 370 
213 349 59 125 369 
214 369 125 96 371 
215 370 369 371 121 
216 59 353 372 373 
217 372 326 124 374 
218 373 372 374 125 
219 350 377 375 376 
220 377 129 355 375 
221 375 355 103 378 
222 376 375 378 353 
223 129 381 379 380 
224 381 356 366 379 
225 379 366 354 382 
226 380 379 382 355 
227 103 357 383 384 
228 357 132 385 383 
229 383 385 325 386 
230 384 383 386 326 
231 354 368 387 388 
232 368 329 389 387 
233 387 389 132 390 
234 388 387 390 357 
235 366 393 391 392 
236 393 365 394 391 
237 391 394 368 395 
238 392 391 395 354 
239 65 401 400 169 
240 401 163 402 400 
241 400 402 166 403 
242 169 400 403 50 
243 405 169 406 404 
244 404 406 50 407 
245 408 409 188 410 
246 192 408 410 134 
247 50 403 420 189 
248 403 166 421 420 
249 420 421 185 422 
250 189 420 422 93 
251 407 50 424 423 
252 423 424 189 425 
253 409 423 425 188 
254 399 415 426 427 
255 415 170 428 426 
256 426 428 409 429 
257 427 426 429 408 
258 430 433 415 434 
259 431 430 434 399 
260 66 419 435 436 
261 419 399 427 435 
262 435 427 408 437 
263 436 435 437 192 
264 438 431 399 441 
265 439 438 441 419 
266 7 443 442 217 
267 443 16 444 442 
268 442 444 15 32 
269 217 442 32 13 
270 13 446 445 221 
271 446 32 447 445 
272 445 447 31 48 
273 221 445 48 26 
274 26 449 448 225 
275 449 48 450 448 
276 448 450 47 64 
277 225 448 64 42 
278 64 453 451 452 
279 453 47 454 451 
280 451 454 65 168 
281 452 451 168 63 
282 63 457 455 456 
283 457 168 458 455 
284 455 458 167 397 
285 456 455 397 106 
286 397 461 459 460 
287 461 167 462 459 
288 459 462 398 413 
289 460 459 413 396 
290 396 465 463 464 
291 465 413 466 463 
292 467 470 430 471 
293 468 467 471 431 
294 106 474 472 473 
295 474 397 460 472 
296 472 460 396 418 
297 473 472 418 173 
298 418 477 475 476 
299 477 396 464 475 
300 440 480 478 479 
301 478 468 431 481 
302 479 478 481 438 
303 464 484 482 483 
304 484 463 485 482 
305 412 488 486 487 
306 486 489 467 490 
307 487 486 490 468 
308 475 493 491 492 
309 493 464 483 491 
310 492 491 480 440 
311 483 496 494 495 
312 496 482 497 494 
313 494 497 469 488 
314 495 494 488 412 
315 398 499 498 414 
316 499 404 500 498 
317 498 500 407 501 
318 414 498 501 170 
319 411 503 502 433 
320 503 414 504 502 
321 502 504 170 505 
322 433 502 505 415 
323 432 507 506 470 
324 507 411 508 506 
325 506 508 433 509 
326 470 506 509 430 
327 469 511 510 489 
328 511 432 512 510 
329 510 512 470 513 
330 489 510 513 467 
331 488 516 514 515 
332 516 469 517 514 
333 514 517 489 518 
334 515 514 518 486 
335 480 521 519 520 
336 521 412 487 519 
337 519 487 468 522 
338 520 519 522 478 
339 171 524 523 196 
340 196 523 525 174 
341 526 439 419 529 
342 527 526 529 66 
343 416 532 530 531 
344 532 440 479 530 
345 530 479 438 533 
346 531 530 533 439 
347 173 536 534 535 
348 536 418 476 534 
349 528 539 537 538 
350 539 416 531 537 
351 537 531 439 540 
352 538 537 540 526 
353 174 525 541 542 
354 525 66 436 541 
355 541 436 192 543 
356 542 541 543 191 
357 523 546 544 545 
358 544 527 66 547 
359 545 544 547 525 
360 550 528 538 548 
361 548 538 526 551 
362 549 548 551 527 
363 42 553 552 229 
364 553 64 452 552 
365 552 452 63 105 
366 229 552 105 58 
367 105 556 554 555 
368 556 63 456 554 
369 554 456 106 172 
370 555 554 172 104 
371 172 559 557 558 
372 559 106 473 557 
373 557 473 173 524 
374 558 557 524 171 
375 524 562 560 561 
376 562 173 535 560 
377 561 560 546 523 
378 546 565 563 564 
379 563 549 527 566 
380 564 563 566 544 
381 535 569 567 568 
382 569 534 570 567 
383 567 570 528 550 
384 417 573 571 572 
385 573 550 574 571 
386 571 574 548 575 
387 572 571 575 549 
388 560 578 576 577 
389 578 535 568 576 
390 577 576 565 546 
391 565 581 579 580 
392 579 572 549 582 
393 580 579 582 563 
394 576 585 583 584 
395 585 568 586 583 
396 583 586 417 581 
397 584 583 581 565 
398 581 589 587 588 
399 589 417 590 587 
400 587 590 572 591 
401 588 587 591 579 
402 1 594 592 593 
403 594 12 215 592 
404 592 215 10 78 
405 593 592 78 11 
406 16 596 595 444 
407 596 2 597 595 
408 595 597 17 156 
409 444 595 156 15 
410 10 600 598 599 
411 600 25 219 598 
412 598 219 23 82 
413 599 598 82 24 
414 32 602 601 447 
415 602 15 603 601 
416 601 603 33 160 
417 447 601 160 31 
418 23 606 604 605 
419 606 41 223 604 
420 604 223 39 86 
421 605 604 86 40 
422 48 608 607 450 
423 608 31 609 607 
424 607 609 49 164 
425 450 607 164 47 
426 39 612 610 611 
427 612 57 227 610 
428 610 227 55 90 
429 611 610 90 56 
430 90 615 613 614 
431 615 55 333 613 
432 613 333 72 348 
433 614 613 348 88 
434 72 618 616 617 
435 618 101 336 616 
436 616 336 99 352 
437 617 616 352 100 
438 58 620 619 233 
439 620 105 555 619 
440 619 555 104 144 
441 233 619 144 74 
442 74 622 621 237 
443 622 144 623 621 
444 621 623 143 152 
445 237 621 152 110 
446 144 625 624 623 
447 625 104 626 624 
448 624 626 145 176 
449 623 624 176 143 
450 146 178 627 248 
451 178 107 628 627 
452 627 628 148 629 
453 248 627 629 147 
454 110 631 630 241 
455 631 152 632 630 
456 630 632 150 251 
457 241 630 251 151 
458 47 634 633 454 
459 634 164 635 633 
460 633 635 163 401 
461 454 633 401 65 
462 168 637 636 458 
463 637 65 638 636 
464 636 638 169 405 
465 458 636 405 167 
466 104 640 639 626 
467 640 172 558 639 
468 639 558 171 195 
469 626 639 195 145 
470 107 197 641 628 
471 197 174 542 641 
472 641 542 191 642 
473 628 641 642 148 
474 111 213 643 644 
475 213 200 259 643 
476 643 259 201 645 
477 644 643 645 202 
478 205 257 646 264 
479 257 208 647 646 
480 646 647 5 648 
481 264 646 648 209 
482 141 650 649 311 
483 650 212 275 649 
484 649 275 210 651 
485 311 649 651 211 
486 210 277 652 653 
487 277 206 263 652 
488 652 263 200 654 
489 653 652 654 213 
490 211 651 655 656 
491 651 210 653 655 
492 655 653 213 657 
493 656 655 657 111 
494 238 659 658 285 
495 659 241 660 658 
496 658 660 151 255 
497 285 658 255 207 
498 198 663 661 662 
499 663 244 287 661 
500 661 287 242 280 
501 662 661 280 243 
502 5 253 664 260 
503 253 154 665 664 
504 664 665 247 666 
505 260 664 666 203 
506 271 669 667 668 
507 669 239 283 667 
508 667 283 198 276 
509 668 667 276 212 
510 272 672 670 671 
511 672 271 668 670 
512 670 668 212 650 
513 671 670 650 141 
514 142 301 673 674 
515 301 111 644 673 
516 673 644 202 675 
517 674 673 675 295 
518 139 677 676 323 
519 677 300 309 676 
520 676 309 298 678 
521 323 676 678 299 
522 298 312 679 680 
523 312 211 656 679 
524 679 656 111 681 
525 680 679 681 301 
526 299 678 682 683 
527 678 298 680 682 
528 682 680 301 684 
529 683 682 684 142 
530 305 687 685 686 
531 687 272 671 685 
532 685 671 141 310 
533 686 685 310 300 
534 306 690 688 689 
535 690 305 686 688 
536 688 686 300 677 
537 689 688 677 139 
538 131 692 691 344 
539 692 315 321 691 
540 691 321 313 693 
541 344 691 693 314 
542 75 316 694 695 
543 316 142 674 694 
544 694 674 295 696 
545 695 694 696 296 
546 313 324 697 698 
547 324 299 683 697 
548 697 683 142 699 
549 698 697 699 316 
550 314 693 700 701 
551 693 313 698 700 
552 700 698 316 702 
553 701 700 702 75 
554 317 705 703 704 
555 705 306 689 703 
556 703 689 139 322 
557 704 703 322 315 
558 318 708 706 707 
559 708 317 704 706 
560 706 704 315 692 
561 707 706 692 131 
562 132 331 709 385 
563 331 75 695 709 
564 709 695 296 710 
565 385 709 710 325 
566 328 345 711 712 
567 345 314 701 711 
568 711 701 75 713 
569 712 711 713 331 
570 329 361 714 389 
571 361 328 712 714 
572 714 712 331 715 
573 389 714 715 132 
574 338 718 716 717 
575 718 318 707 716 
576 716 707 131 343 
577 717 716 343 330 
578 339 721 719 720 
579 721 338 717 719 
580 719 717 330 360 
581 720 719 360 128 
582 352 724 722 723 
583 724 99 363 722 
584 722 363 129 377 
585 723 722 377 350 
586 355 382 725 726 
587 382 354 388 725 
588 725 388 357 727 
589 726 725 727 103 
590 362 730 728 729 
591 730 339 720 728 
592 728 720 128 367 
593 729 728 367 356 
594 363 733 731 732 
595 733 362 729 731 
596 731 729 356 381 
597 732 731 381 129 
598 353 378 734 735 
599 378 103 384 734 
600 734 384 326 736 
601 735 734 736 372 
602 167 738 737 462 
603 738 405 739 737 
604 737 739 404 499 
605 462 737 499 398 
606 413 741 740 466 
607 741 398 742 740 
608 740 742 414 503 
609 466 740 503 411 
610 170 501 743 428 
611 501 407 744 743 
612 743 744 423 745 
613 428 743 745 409 
614 463 747 746 485 
615 747 466 748 746 
616 746 748 411 507 
617 485 746 507 432 
618 476 751 749 750 
619 751 475 492 749 
620 749 492 440 532 
621 750 749 532 416 
622 482 753 752 497 
623 753 485 754 752 
624 752 754 432 511 
625 497 752 511 469 
626 491 757 755 756 
627 757 483 495 755 
628 755 495 412 521 
629 756 755 521 480 
630 534 759 758 570 
631 759 476 750 758 
632 758 750 416 539 
633 570 758 539 528 
634 568 761 760 586 
635 761 567 762 760 
636 760 762 550 573 
637 586 760 573 417 
