2 0.000000 100.000000 473.401889
671 556 
1 -24.047190 0.000000 -24.026197 96.112005 0.000000 27.569162 0.000242 
2 27.848162 0.000000 -24.026197 96.124491 0.000000 27.495288 0.000409 
3 27.848162 0.000000 24.281430 96.204573 0.000000 27.328421 -0.000216 
4 -24.047190 0.000000 24.281430 96.148881 0.000000 27.565806 -0.000448 
5 1.900486 0.000000 0.127617 94.550300 0.000000 -0.226645 0.106019 
6 -24.047190 0.000000 0.127617 96.133110 0.000000 27.588399 -0.000269 
7 1.900486 0.000000 -24.026197 96.083400 0.000000 27.519618 0.001065 
8 27.848162 0.000000 0.127617 96.382842 0.000000 26.627029 0.000135 
9 1.900486 0.000000 24.281430 96.201423 0.000000 27.487850 -0.001030 
10 -11.073352 0.000000 -11.949290 96.067585 0.000000 27.585212 0.001008 
11 -24.047190 0.000000 -11.949290 96.114488 0.000000 27.580314 0.000133 
12 -11.073352 0.000000 -24.026197 96.094431 0.000000 27.558481 0.000639 
13 1.900486 0.000000 -11.949290 95.960829 0.000000 27.381968 0.004175 
14 -11.073352 0.000000 0.127617 96.153838 0.000000 27.664351 -0.001088 
15 14.874324 0.000000 -11.949290 96.120946 0.000000 27.302565 0.001533 
16 14.874324 0.000000 -24.026197 96.105514 0.000000 27.491009 0.000797 
17 27.848162 0.000000 -11.949290 96.153744 0.000000 27.384162 0.000457 
18 14.874324 0.000000 0.127617 96.814099 0.000000 25.039482 0.000005 
19 -11.073352 0.000000 12.204524 96.219137 0.000000 27.571637 -0.001832 
20 -24.047190 0.000000 12.204524 96.149803 0.000000 27.577662 -0.000531 
21 1.900486 0.000000 12.204524 96.418153 0.000000 27.263226 -0.003974 
22 -11.073352 0.000000 24.281430 96.174785 0.000000 27.548405 -0.000850 
23 -4.586433 0.000000 -5.910837 95.887121 0.000000 27.636136 0.004190 
24 -11.073352 0.000000 -5.910837 96.076701 0.000000 27.631711 0.000576 
25 -4.586433 0.000000 -11.949290 95.997672 0.000000 27.540582 0.002596 
26 1.900486 0.000000 -5.910837 95.530540 0.000000 26.928150 0.014879 
27 -4.586433 0.000000 0.127617 96.221460 0.000000 27.967149 -0.004073 
28 14.874324 0.000000 12.204524 96.396036 0.000000 26.755610 -0.000806 
29 27.848162 0.000000 12.204524 96.654614 0.000000 25.739870 -0.000466 
30 14.874324 0.000000 24.281430 96.199555 0.000000 27.409676 -0.000564 
31 8.387405 0.000000 -5.910837 96.111514 0.000000 26.660721 0.005178 
32 8.387405 0.000000 -11.949290 96.055878 0.000000 27.281032 0.002901 
33 14.874324 0.000000 -5.910837 96.229428 0.000000 26.924606 0.001496 
34 8.387405 0.000000 0.127617 97.776335 0.000000 21.476962 -0.002147 
35 -4.586433 0.000000 6.166070 96.500311 0.000000 27.586848 -0.007334 
36 -11.073352 0.000000 6.166070 96.223310 0.000000 27.621280 -0.002186 
37 1.900486 0.000000 6.166070 97.100624 0.000000 26.601998 -0.013620 
38 -4.586433 0.000000 12.204524 96.320081 0.000000 27.499077 -0.003376 
39 -1.342973 0.000000 -2.891610 95.203975 0.000000 27.868582 0.015955 
40 -4.586433 0.000000 -2.891610 95.919623 0.000000 27.820206 0.002546 
41 -1.342973 0.000000 -5.910837 95.636516 0.000000 27.453053 0.009999 
42 1.900486 0.000000 -2.891610 94.298631 0.000000 25.709376 0.044680 
43 -1.342973 0.000000 0.127617 96.261422 0.000000 29.178351 -0.011764 
44 8.387405 0.000000 6.166070 96.847842 0.000000 25.433167 -0.002635 
45 14.874324 0.000000 6.166070 97.138854 0.000000 24.091874 -0.001638 
46 8.387405 0.000000 12.204524 96.389862 0.000000 26.997354 -0.001986 
47 5.143945 0.000000 -2.891610 95.988078 0.000000 24.939905 0.016429 
48 5.143945 0.000000 -5.910837 95.855866 0.000000 26.594310 0.010440 
49 8.387405 0.000000 -2.891610 96.414210 0.000000 25.649531 0.004640 
50 5.143945 0.000000 0.127617 99.414965 0.000000 13.241307 -0.005867 
51 -1.342973 0.000000 3.146843 97.413613 0.000000 27.755616 -0.025979 
52 -4.586433 0.000000 3.146843 96.504428 0.000000 27.788164 -0.008529 
53 1.900486 0.000000 3.146843 98.769409 0.000000 25.302806 -0.039563 
54 -1.342973 0.000000 6.166070 96.852489 0.000000 27.337327 -0.012773 
55 0.278756 0.000000 -1.381997 92.557714 0.000000 28.437250 0.062439 
56 -1.342973 0.000000 -1.381997 95.259231 0.000000 28.647108 0.010502 
57 0.278756 0.000000 -2.891610 94.384545 0.000000 27.236016 0.034976 
58 1.900486 0.000000 -1.381997 91.890742 0.000000 22.602031 0.104524 
59 0.278756 0.000000 0.127617 98.291714 0.000000 0.000000 0.033874 
60 5.143945 0.000000 3.146843 97.524878 0.000000 23.524274 -0.006449 
61 8.387405 0.000000 3.146843 97.434326 0.000000 23.139684 -0.002889 
62 5.143945 0.000000 6.166070 96.931709 0.000000 25.899122 -0.006652 
63 3.522216 0.000000 -1.381997 95.359755 0.000000 21.538251 0.044262 
64 3.522216 0.000000 -2.891610 95.237920 0.000000 24.871615 0.031114 
65 5.143945 0.000000 -1.381997 96.668575 0.000000 22.582467 0.014522 
66 3.522216 0.000000 0.127617 98.218326 0.000000 -0.000000 0.035316 
67 0.278756 0.000000 1.637230 100.100150 0.000000 28.545693 -0.083490 
68 -1.342973 0.000000 1.637230 97.410274 0.000000 28.601628 -0.030681 
69 1.900486 0.000000 1.637230 101.360125 0.000000 23.594614 -0.083058 
70 0.278756 0.000000 3.146843 98.409979 0.000000 27.022809 -0.041476 
71 1.089621 0.000000 -0.627190 91.758114 0.000000 -0.731159 0.157991 
72 0.278756 0.000000 -0.627190 90.535513 0.000000 30.942339 0.084589 
73 1.089621 0.000000 -1.381997 90.933890 0.000000 25.742831 0.106833 
74 1.900486 0.000000 -0.627190 96.424962 0.000000 -0.170601 0.070220 
75 1.089621 0.000000 0.127617 88.717610 0.000000 -0.411457 0.212902 
76 3.522216 0.000000 1.637230 98.537414 0.000000 22.188489 -0.020195 
77 5.143945 0.000000 1.637230 99.399347 0.000000 16.751399 -0.016084 
78 3.522216 0.000000 3.146843 98.093431 0.000000 24.032733 -0.019989 
79 2.711351 0.000000 -0.627190 94.275743 0.000000 15.960944 0.085733 
80 2.711351 0.000000 -1.381997 93.927462 0.000000 21.496930 0.071551 
81 3.522216 0.000000 -0.627190 96.448251 0.000000 16.997691 0.040881 
82 2.711351 0.000000 0.127617 97.502244 0.000000 0.000000 0.049331 
83 1.089621 0.000000 0.882423 90.830805 0.000000 -0.900257 0.174895 
84 0.278756 0.000000 0.882423 100.667748 0.000000 31.852744 -0.114859 
85 1.900486 0.000000 0.882423 97.034615 0.000000 -0.150370 0.058426 
86 1.089621 0.000000 1.637230 101.851729 0.000000 26.431077 -0.107238 
87 1.495054 0.000000 -0.249787 94.113092 0.000000 -0.448451 0.114252 
88 1.089621 0.000000 -0.249787 93.621157 0.000000 -0.511924 0.123482 
89 1.495054 0.000000 -0.627190 94.089359 0.000000 -0.453324 0.114699 
90 1.900486 0.000000 -0.249787 94.536979 0.000000 -0.400168 0.106260 
91 1.495054 0.000000 0.127617 87.455142 0.000000 -0.311265 0.235150 
92 -17.560271 0.000000 -5.910837 96.112760 0.000000 27.601191 0.000051 
93 -24.047190 0.000000 -5.910837 96.121852 0.000000 27.586288 -0.000041 
94 -17.560271 0.000000 -11.949290 96.100975 0.000000 27.585633 0.000364 
95 -17.560271 0.000000 0.127617 96.138528 0.000000 27.608264 -0.000483 
96 -7.829892 0.000000 -2.891610 96.065783 0.000000 27.719814 0.000298 
97 -11.073352 0.000000 -2.891610 96.107139 0.000000 27.655235 -0.000139 
98 -7.829892 0.000000 -5.910837 96.021631 0.000000 27.648528 0.001541 
99 -7.829892 0.000000 0.127617 96.175123 0.000000 27.751180 -0.001978 
100 -2.964703 0.000000 -1.381997 95.862730 0.000000 28.165356 0.001705 
101 -4.586433 0.000000 -1.381997 96.036210 0.000000 27.926727 -0.000286 
102 -2.964703 0.000000 -2.891610 95.691353 0.000000 27.903204 0.006458 
103 -2.964703 0.000000 0.127617 96.263450 0.000000 28.295961 -0.006731 
104 -0.532109 0.000000 -0.627190 95.216985 0.000000 29.882939 0.004074 
105 -1.342973 0.000000 -0.627190 95.683168 0.000000 29.014773 0.000287 
106 -0.532109 0.000000 -1.381997 94.435477 0.000000 28.880490 0.024786 
107 -0.532109 0.000000 0.127617 95.595430 0.000000 29.714350 -0.002143 
108 0.684189 0.000000 -0.249787 91.356204 0.000000 -0.798251 0.165341 
109 0.278756 0.000000 -0.249787 86.052310 0.000000 29.438597 0.172837 
110 0.684189 0.000000 -0.627190 87.036418 0.000000 27.637506 0.166083 
111 0.684189 0.000000 0.127617 93.828640 0.000000 -0.363050 0.119605 
112 2.711351 0.000000 0.882423 101.082742 0.000000 15.631140 -0.046205 
113 3.522216 0.000000 0.882423 100.604909 0.000000 13.043623 -0.029148 
114 2.711351 0.000000 1.637230 99.699632 0.000000 22.428363 -0.044305 
115 1.495054 0.000000 0.505020 94.107814 0.000000 -0.449763 0.114352 
116 1.089621 0.000000 0.505020 93.683053 0.000000 -0.504184 0.122323 
117 1.900486 0.000000 0.505020 95.173221 0.000000 -0.301125 0.094197 
118 1.495054 0.000000 0.882423 94.822949 0.000000 -0.273541 0.100853 
119 1.292337 0.000000 -0.061085 66.892519 0.000000 -0.229871 0.552534 
120 1.089621 0.000000 -0.061085 75.843392 0.000000 -0.208405 0.424774 
121 1.292337 0.000000 -0.249787 93.822819 0.000000 -0.484868 0.119704 
122 1.495054 0.000000 -0.061085 83.034872 0.000000 -0.212778 0.310516 
123 1.292337 0.000000 0.127617 81.729961 0.000000 -0.395494 0.332006 
124 2.305918 0.000000 -0.249787 96.654767 0.000000 -0.158991 0.065783 
125 2.305918 0.000000 -0.627190 92.392944 0.000000 15.652618 0.121854 
126 2.711351 0.000000 -0.249787 95.097636 0.000000 9.057681 0.087440 
127 2.305918 0.000000 0.127617 96.821674 0.000000 -0.056193 0.062556 
128 1.697770 0.000000 -0.061085 89.881340 0.000000 -0.190959 0.192131 
129 1.697770 0.000000 -0.249787 94.380593 0.000000 -0.417208 0.109213 
130 1.900486 0.000000 -0.061085 94.316721 0.000000 -0.171449 0.110433 
131 1.697770 0.000000 0.127617 91.681279 0.000000 -0.250317 0.159448 
132 2.305918 0.000000 0.505020 96.809687 0.000000 -0.153053 0.062786 
133 2.711351 0.000000 0.505020 101.010525 0.000000 6.584208 -0.024648 
134 2.305918 0.000000 0.882423 102.092567 0.000000 17.344897 -0.072374 
135 2.103202 0.000000 -0.061085 96.138960 0.000000 -0.066877 0.075730 
136 2.103202 0.000000 -0.249787 96.244224 0.000000 -0.184282 0.073702 
137 2.305918 0.000000 -0.061085 96.799682 0.000000 -0.037998 0.062982 
138 2.103202 0.000000 0.127617 96.061058 0.000000 -0.109423 0.077226 
139 21.361243 0.000000 -5.910837 96.221557 0.000000 27.101095 0.000694 
140 21.361243 0.000000 -11.949290 96.146851 0.000000 27.346245 0.000797 
141 27.848162 0.000000 -5.910837 96.206594 0.000000 27.213360 0.000372 
142 21.361243 0.000000 0.127617 96.521617 0.000000 26.114643 0.000160 
143 11.630864 0.000000 -2.891610 96.416977 0.000000 26.109016 0.002209 
144 11.630864 0.000000 -5.910837 96.204132 0.000000 26.790163 0.002705 
145 14.874324 0.000000 -2.891610 96.389066 0.000000 26.424235 0.001091 
146 11.630864 0.000000 0.127617 97.113426 0.000000 23.900917 -0.000227 
147 6.765675 0.000000 -1.381997 96.911130 0.000000 23.772245 0.004311 
148 6.765675 0.000000 -2.891610 96.317279 0.000000 25.307949 0.008249 
149 8.387405 0.000000 -1.381997 96.817250 0.000000 24.540643 0.002418 
150 6.765675 0.000000 0.127617 98.774332 0.000000 18.985397 -0.011681 
151 4.333081 0.000000 -0.627190 97.269143 0.000000 18.580792 0.019347 
152 4.333081 0.000000 -1.381997 96.213631 0.000000 21.973764 0.026009 
153 5.143945 0.000000 -0.627190 97.598390 0.000000 19.892272 0.007885 
154 4.333081 0.000000 0.127617 99.182855 0.000000 9.505204 0.007241 
155 3.116783 0.000000 -0.249787 96.787549 0.000000 9.940514 0.053336 
156 3.116783 0.000000 -0.627190 95.423952 0.000000 16.475871 0.062282 
157 3.522216 0.000000 -0.249787 100.180111 0.000000 11.957569 -0.017904 
158 3.116783 0.000000 0.127617 97.847226 0.000000 -0.000000 0.042592 
159 2.508635 0.000000 -0.061085 97.184553 0.000000 -0.022019 0.055516 
160 2.508635 0.000000 -0.249787 97.096347 0.000000 -0.151291 0.057228 
161 2.711351 0.000000 -0.061085 97.500876 0.000000 0.000000 0.049358 
162 2.508635 0.000000 0.127617 97.203270 0.000000 -0.034285 0.055152 
163 21.361243 0.000000 6.166070 99.958588 0.000000 14.202857 -0.019344 
164 27.848162 0.000000 6.166070 98.476423 0.000000 19.359500 -0.007240 
165 21.361243 0.000000 12.204524 96.478325 0.000000 26.386084 -0.000429 
166 11.630864 0.000000 3.146843 100.993230 0.000000 10.600473 -0.031200 
167 14.874324 0.000000 3.146843 99.710547 0.000000 15.042137 -0.016846 
168 11.630864 0.000000 6.166070 96.953757 0.000000 24.842564 -0.001718 
169 6.765675 0.000000 1.637230 101.837336 0.000000 8.018265 -0.043514 
170 8.387405 0.000000 1.637230 99.270445 0.000000 16.609173 -0.013049 
171 6.765675 0.000000 3.146843 97.382332 0.000000 23.375687 -0.002974 
172 4.333081 0.000000 0.882423 100.732297 0.000000 11.405609 -0.027708 
173 5.143945 0.000000 0.882423 100.526309 0.000000 14.117489 -0.030484 
174 4.333081 0.000000 1.637230 98.335134 0.000000 20.794782 -0.010222 
175 3.116783 0.000000 0.505020 100.322268 0.000000 8.080668 -0.012985 
176 3.522216 0.000000 0.505020 99.346923 0.000000 10.054545 0.002910 
177 3.116783 0.000000 0.882423 100.690360 0.000000 14.660967 -0.035349 
178 2.914067 0.000000 -0.061085 97.711635 0.000000 -0.000000 0.045244 
179 2.914067 0.000000 -0.249787 95.944937 0.000000 9.479917 0.070470 
180 3.116783 0.000000 -0.061085 97.889683 0.000000 -0.000000 0.041761 
181 2.914067 0.000000 0.127617 97.718173 0.000000 -0.000000 0.045116 
182 2.914067 0.000000 0.316318 99.169079 0.000000 5.910652 0.013056 
183 2.711351 0.000000 0.316318 99.771954 0.000000 4.177727 0.002810 
184 3.116783 0.000000 0.316318 98.814006 0.000000 7.179964 0.018424 
185 2.914067 0.000000 0.505020 100.494135 0.000000 7.712414 -0.015855 
186 2.812709 0.000000 0.033266 97.629886 0.000000 -0.000000 0.046841 
187 2.711351 0.000000 0.033266 97.464099 0.000000 0.000000 0.050075 
188 2.812709 0.000000 -0.061085 97.606425 0.000000 -0.000000 0.047299 
189 2.914067 0.000000 0.033266 97.712174 0.000000 -0.000000 0.045233 
190 2.812709 0.000000 0.127617 97.633887 0.000000 0.000000 0.046762 
191 3.927648 0.000000 -0.249787 99.013142 0.000000 15.226577 -0.003545 
192 3.927648 0.000000 -0.627190 97.049226 0.000000 17.862296 0.026239 
193 4.333081 0.000000 -0.249787 98.132755 0.000000 15.727274 0.012262 
194 3.927648 0.000000 0.127617 98.460769 0.000000 0.000000 0.030548 
195 3.927648 0.000000 0.505020 98.891959 0.000000 13.050157 0.005007 
196 4.333081 0.000000 0.505020 99.242991 0.000000 13.829921 -0.004044 
197 3.927648 0.000000 0.882423 100.208702 0.000000 13.751667 -0.023089 
198 3.724932 0.000000 -0.061085 98.425935 0.000000 0.000000 0.031234 
199 3.522216 0.000000 -0.061085 98.242994 0.000000 -0.000000 0.034831 
200 3.724932 0.000000 -0.249787 100.239098 0.000000 13.834696 -0.023928 
201 3.927648 0.000000 -0.061085 98.482749 0.000000 0.000000 0.030115 
202 3.724932 0.000000 0.127617 98.429043 0.000000 0.000000 0.031172 
203 1.697770 0.000000 0.316318 94.419853 0.000000 -0.412256 0.108472 
204 1.495054 0.000000 0.316318 94.121733 0.000000 -0.446842 0.114090 
205 1.900486 0.000000 0.316318 94.584073 0.000000 -0.394652 0.105370 
206 1.697770 0.000000 0.505020 94.336652 0.000000 -0.422838 0.110042 
207 1.799128 0.000000 0.033266 94.359110 0.000000 -0.158430 0.109633 
208 1.697770 0.000000 0.033266 93.157692 0.000000 -0.162370 0.132162 
209 1.799128 0.000000 -0.061085 91.950168 0.000000 -0.179727 0.154513 
210 1.900486 0.000000 0.033266 94.282823 0.000000 -0.159254 0.111072 
211 1.799128 0.000000 0.127617 93.333820 0.000000 -0.266769 0.128873 
212 2.103202 0.000000 0.316318 96.017927 0.000000 -0.204962 0.078052 
213 2.305918 0.000000 0.316318 96.657825 0.000000 -0.158920 0.065724 
214 2.103202 0.000000 0.505020 96.231167 0.000000 -0.184940 0.073953 
215 2.001844 0.000000 0.033266 95.263778 0.000000 -0.101555 0.092480 
216 2.001844 0.000000 -0.061085 95.173102 0.000000 -0.109871 0.094207 
217 2.103202 0.000000 0.033266 96.065120 0.000000 -0.072703 0.077149 
218 2.001844 0.000000 0.127617 95.297167 0.000000 -0.239583 0.091839 
219 1.799128 0.000000 0.221968 94.561997 0.000000 -0.396314 0.105787 
220 1.697770 0.000000 0.221968 94.454692 0.000000 -0.407862 0.107814 
221 1.900486 0.000000 0.221968 94.625316 0.000000 -0.389851 0.104590 
222 1.799128 0.000000 0.316318 94.521013 0.000000 -0.401226 0.106562 
223 1.849807 0.000000 0.080441 93.407191 0.000000 -0.183583 0.127506 
224 1.799128 0.000000 0.080441 92.050354 0.000000 -0.192529 0.152670 
225 1.849807 0.000000 0.033266 93.464587 0.000000 -0.129188 0.126435 
226 1.900486 0.000000 0.080441 94.360033 0.000000 -0.182654 0.109615 
227 1.849807 0.000000 0.127617 94.298415 0.000000 -0.303902 0.110772 
228 1.596412 0.000000 0.033266 89.902086 0.000000 -0.186606 0.191758 
229 1.495054 0.000000 0.033266 85.717378 0.000000 -0.210409 0.265249 
230 1.596412 0.000000 -0.061085 85.752126 0.000000 -0.202829 0.264653 
231 1.596412 0.000000 0.127617 87.577355 0.000000 -0.264233 0.233014 
232 1.748449 0.000000 0.080441 93.533935 0.000000 -0.191111 0.125137 
233 1.697770 0.000000 0.080441 93.097460 0.000000 -0.179603 0.133283 
234 1.748449 0.000000 0.033266 93.936712 0.000000 -0.164090 0.117587 
235 1.748449 0.000000 0.127617 91.901773 0.000000 -0.242397 0.155401 
236 -4.586433 0.000000 -17.987743 96.057724 0.000000 27.536378 0.001466 
237 -11.073352 0.000000 -17.987743 96.081557 0.000000 27.564878 0.000851 
238 -4.586433 0.000000 -24.026197 96.085149 0.000000 27.542266 0.000907 
239 1.900486 0.000000 -17.987743 96.050745 0.000000 27.485095 0.001882 
240 -1.342973 0.000000 -8.930063 95.852390 0.000000 27.442608 0.005922 
241 -4.586433 0.000000 -8.930063 95.944738 0.000000 27.560889 0.003500 
242 -1.342973 0.000000 -11.949290 95.967485 0.000000 27.470527 0.003561 
243 1.900486 0.000000 -8.930063 95.843495 0.000000 27.244683 0.007175 
244 0.278756 0.000000 -4.401223 95.152392 0.000000 27.149174 0.020894 
245 -1.342973 0.000000 -4.401223 95.427259 0.000000 27.556338 0.013429 
246 0.278756 0.000000 -5.910837 95.519523 0.000000 27.224784 0.013483 
247 1.900486 0.000000 -4.401223 95.153132 0.000000 26.542145 0.024140 
248 1.089621 0.000000 -2.136803 93.075016 0.000000 26.224387 0.064932 
249 0.278756 0.000000 -2.136803 93.657660 0.000000 27.514391 0.047120 
250 1.089621 0.000000 -2.891610 94.156644 0.000000 26.503431 0.043209 
251 1.900486 0.000000 -2.136803 93.414766 0.000000 24.760967 0.066058 
252 1.495054 0.000000 -1.004593 89.223581 0.000000 22.333921 0.154035 
253 1.089621 0.000000 -1.004593 88.825344 0.000000 25.133784 0.147835 
254 1.495054 0.000000 -1.381997 91.097581 0.000000 24.006185 0.112493 
255 1.900486 0.000000 -1.004593 90.778336 0.000000 20.387416 0.134365 
256 1.697770 0.000000 -0.438488 94.299373 0.000000 -0.427591 0.110745 
257 1.495054 0.000000 -0.438488 94.099384 0.000000 -0.451270 0.114510 
258 1.697770 0.000000 -0.627190 95.583425 0.000000 -0.245976 0.086375 
259 1.900486 0.000000 -0.438488 95.681681 0.000000 -0.238216 0.084496 
260 1.799128 0.000000 -0.155436 94.264642 0.000000 -0.325326 0.111407 
261 1.697770 0.000000 -0.155436 92.265117 0.000000 -0.337945 0.148703 
262 1.799128 0.000000 -0.249787 94.474825 0.000000 -0.406787 0.107434 
263 1.900486 0.000000 -0.155436 94.307013 0.000000 -0.317518 0.110609 
264 1.849807 0.000000 -0.013910 93.360685 0.000000 -0.090149 0.128377 
265 1.799128 0.000000 -0.013910 91.971190 0.000000 -0.154088 0.154128 
266 1.849807 0.000000 -0.061085 93.336986 0.000000 -0.167850 0.128818 
267 1.900486 0.000000 -0.013910 94.251673 0.000000 -0.152579 0.111660 
268 1.824467 0.000000 0.056854 92.429947 0.000000 -0.156796 0.145668 
269 1.799128 0.000000 0.056854 95.800446 0.000000 -0.158255 0.082225 
270 1.824467 0.000000 0.033266 92.466365 0.000000 -0.135848 0.144995 
271 1.849807 0.000000 0.056854 93.353092 0.000000 -0.165498 0.128517 
272 1.824467 0.000000 0.080441 92.450644 0.000000 -0.172003 0.145285 
273 1.748449 0.000000 -0.013910 90.544391 0.000000 -0.162082 0.180169 
274 1.697770 0.000000 -0.013910 89.153927 0.000000 -0.167469 0.205155 
275 1.748449 0.000000 -0.061085 91.274294 0.000000 -0.206265 0.166896 
276 1.773788 0.000000 0.056854 95.613766 0.000000 -0.158207 0.085798 
277 1.748449 0.000000 0.056854 95.362457 0.000000 -0.162613 0.090598 
278 1.773788 0.000000 0.033266 94.716075 0.000000 -0.159382 0.102884 
279 1.773788 0.000000 0.080441 91.734640 0.000000 -0.214824 0.158471 
280 1.824467 0.000000 0.009678 92.585195 0.000000 -0.106490 0.142797 
281 1.799128 0.000000 0.009678 92.179399 0.000000 -0.141357 0.150294 
282 1.824467 0.000000 -0.013910 92.556123 0.000000 -0.111324 0.143335 
283 1.849807 0.000000 0.009678 93.331946 0.000000 -0.077414 0.128914 
284 1.811798 0.000000 0.045060 96.084758 0.000000 -0.153019 0.076770 
285 1.799128 0.000000 0.045060 95.998534 0.000000 -0.155713 0.078426 
286 1.811798 0.000000 0.033266 92.327920 0.000000 -0.143674 0.147553 
287 1.824467 0.000000 0.045060 94.932783 0.000000 -0.150728 0.098774 
288 1.811798 0.000000 0.056854 95.928987 0.000000 -0.154900 0.079761 
289 -17.560271 0.000000 6.166070 96.162658 0.000000 27.597693 -0.000889 
290 -24.047190 0.000000 6.166070 96.143825 0.000000 27.584753 -0.000455 
291 -17.560271 0.000000 12.204524 96.170663 0.000000 27.580111 -0.000946 
292 -7.829892 0.000000 3.146843 96.278201 0.000000 27.705125 -0.003707 
293 -11.073352 0.000000 3.146843 96.198513 0.000000 27.649245 -0.001863 
294 -7.829892 0.000000 6.166070 96.310009 0.000000 27.629205 -0.003899 
295 -2.964703 0.000000 1.637230 96.659597 0.000000 28.135052 -0.013466 
296 -4.586433 0.000000 1.637230 96.401928 0.000000 27.908186 -0.007220 
297 -2.964703 0.000000 3.146843 96.805382 0.000000 27.844464 -0.014660 
298 -0.532109 0.000000 0.882423 97.533738 0.000000 30.191233 -0.042434 
299 -1.342973 0.000000 0.882423 96.941153 0.000000 29.049493 -0.024146 
300 -0.532109 0.000000 1.637230 98.319004 0.000000 28.838988 -0.049831 
301 0.684189 0.000000 0.505020 91.076635 0.000000 -0.850660 0.170432 
302 0.278756 0.000000 0.505020 101.132527 0.000000 32.678490 -0.129567 
303 0.684189 0.000000 0.882423 103.643543 0.000000 31.108524 -0.170972 
304 1.292337 0.000000 0.316318 93.795345 0.000000 -0.487874 0.120220 
305 1.089621 0.000000 0.316318 93.576272 0.000000 -0.517563 0.124321 
306 1.292337 0.000000 0.505020 93.862051 0.000000 -0.480489 0.118968 
307 1.596412 0.000000 0.221968 94.305732 0.000000 -0.424618 0.110625 
308 1.495054 0.000000 0.221968 94.127617 0.000000 -0.445579 0.113979 
309 1.596412 0.000000 0.316318 94.283144 0.000000 -0.427767 0.111051 
310 1.647091 0.000000 0.080441 91.603838 0.000000 -0.188058 0.160870 
311 1.596412 0.000000 0.080441 89.465981 0.000000 -0.205244 0.199580 
312 1.647091 0.000000 0.033266 91.177682 0.000000 -0.158669 0.168661 
313 1.647091 0.000000 0.127617 91.979991 0.000000 -0.329812 0.153957 
314 1.393695 0.000000 0.033266 82.654121 0.000000 -0.288588 0.316821 
315 1.292337 0.000000 0.033266 76.112018 0.000000 -0.379009 0.420682 
316 1.393695 0.000000 -0.061085 74.461573 0.000000 -0.226133 0.445542 
317 1.393695 0.000000 0.127617 78.410929 0.000000 -0.293709 0.385164 
318 1.393695 0.000000 0.221968 93.940326 0.000000 -0.468665 0.117500 
319 1.292337 0.000000 0.221968 93.766755 0.000000 -0.491052 0.120755 
320 1.393695 0.000000 0.316318 93.952673 0.000000 -0.467675 0.117268 
321 1.444375 0.000000 0.080441 85.056806 0.000000 -0.254604 0.276527 
322 1.393695 0.000000 0.080441 83.090989 0.000000 -0.296838 0.309580 
323 1.444375 0.000000 0.033266 82.657464 0.000000 -0.220765 0.316769 
324 1.495054 0.000000 0.080441 88.381703 0.000000 -0.241228 0.218862 
325 1.444375 0.000000 0.127617 89.062803 0.000000 -0.366875 0.206768 
326 0.886905 0.000000 -0.061085 89.110607 0.000000 -0.219079 0.205925 
327 0.684189 0.000000 -0.061085 94.387361 0.000000 -0.192661 0.109099 
328 0.886905 0.000000 -0.249787 92.253729 0.000000 -0.665315 0.148881 
329 0.886905 0.000000 0.127617 92.763415 0.000000 -0.371156 0.139481 
330 1.190979 0.000000 0.033266 80.758169 0.000000 -0.608361 0.347775 
331 1.089621 0.000000 0.033266 75.142507 0.000000 -0.182979 0.435357 
332 1.190979 0.000000 -0.061085 68.796437 0.000000 -0.238449 0.526699 
333 1.190979 0.000000 0.127617 76.920206 0.000000 -0.311926 0.408318 
334 0.886905 0.000000 0.316318 92.493505 0.000000 -0.636641 0.144455 
335 0.684189 0.000000 0.316318 91.655690 0.000000 -0.750433 0.159867 
336 0.886905 0.000000 0.505020 91.996808 0.000000 -0.699115 0.153610 
337 1.190979 0.000000 0.221968 93.627000 0.000000 -0.509859 0.123372 
338 1.089621 0.000000 0.221968 93.532303 0.000000 -0.523143 0.125143 
339 1.190979 0.000000 0.316318 93.666651 0.000000 -0.505046 0.122630 
340 1.241658 0.000000 0.080441 74.870137 0.000000 -0.366239 0.439433 
341 1.190979 0.000000 0.080441 73.910946 0.000000 -0.280216 0.453709 
342 1.241658 0.000000 0.033266 75.643657 0.000000 -0.447262 0.427784 
343 1.292337 0.000000 0.080441 79.623171 0.000000 -0.412948 0.365998 
344 1.241658 0.000000 0.127617 81.294957 0.000000 -0.400879 0.339097 
345 0.988263 0.000000 0.033266 85.776819 0.000000 -0.204151 0.264230 
346 0.886905 0.000000 0.033266 90.274457 0.000000 -0.165405 0.185050 
347 0.988263 0.000000 -0.061085 85.632174 0.000000 -0.231397 0.266708 
348 0.988263 0.000000 0.127617 88.514210 0.000000 -0.306125 0.216514 
349 1.140300 0.000000 0.080441 75.327544 0.000000 -0.280483 0.432568 
350 1.089621 0.000000 0.080441 76.008617 0.000000 -0.252995 0.422263 
351 1.140300 0.000000 0.033266 73.149035 0.000000 -0.227716 0.464917 
352 1.140300 0.000000 0.127617 77.517713 0.000000 -0.312641 0.399091 
353 1.292337 0.000000 -0.438488 93.886577 0.000000 -0.477827 0.118508 
354 1.089621 0.000000 -0.438488 93.147119 0.000000 -0.557754 0.132330 
355 1.292337 0.000000 -0.627190 93.066340 0.000000 -0.560825 0.133834 
356 1.190979 0.000000 -0.155436 82.935326 0.000000 -0.416457 0.312156 
357 1.089621 0.000000 -0.155436 89.212409 0.000000 -0.415681 0.204097 
358 1.190979 0.000000 -0.249787 93.706117 0.000000 -0.500308 0.121891 
359 1.292337 0.000000 -0.155436 82.767133 0.000000 -0.399953 0.314944 
360 1.241658 0.000000 -0.013910 56.430133 0.000000 -0.151521 0.681562 
361 1.190979 0.000000 -0.013910 66.664399 0.000000 -0.219057 0.555581 
362 1.241658 0.000000 -0.061085 65.098498 0.000000 -0.209838 0.576214 
363 1.292337 0.000000 -0.013910 59.982188 0.000000 -0.171466 0.640211 
364 1.216319 0.000000 0.056854 84.557843 0.000000 -0.635053 0.284957 
365 1.190979 0.000000 0.056854 84.417705 0.000000 -0.720097 0.287313 
366 1.216319 0.000000 0.033266 79.229407 0.000000 -0.516206 0.372243 
367 1.241658 0.000000 0.056854 80.025800 0.000000 -0.506192 0.359562 
368 1.216319 0.000000 0.080441 77.160879 0.000000 -0.449296 0.404600 
369 1.140300 0.000000 -0.013910 72.694398 0.000000 -0.219440 0.471548 
370 1.089621 0.000000 -0.013910 74.494010 0.000000 -0.155198 0.445062 
371 1.140300 0.000000 -0.061085 73.849125 0.000000 -0.238448 0.454625 
372 1.165640 0.000000 0.056854 86.319448 0.000000 -0.843381 0.254824 
373 1.140300 0.000000 0.056854 73.931484 0.000000 -0.240890 0.453408 
374 1.165640 0.000000 0.033266 78.816359 0.000000 -0.594043 0.378763 
375 1.165640 0.000000 0.080441 74.631809 0.000000 -0.280744 0.443001 
376 3.319500 0.000000 -0.061085 98.000227 0.000000 -0.000000 0.039596 
377 3.319500 0.000000 -0.249787 98.203554 0.000000 10.498784 0.024584 
378 3.319500 0.000000 0.127617 97.992455 0.000000 -0.000000 0.039748 
379 3.724932 0.000000 0.316318 97.196047 0.000000 8.868796 0.047427 
380 3.522216 0.000000 0.316318 97.111171 0.000000 8.313921 0.050030 
381 3.927648 0.000000 0.316318 98.211330 0.000000 8.493455 0.028240 
382 3.724932 0.000000 0.505020 98.921789 0.000000 11.801861 0.007520 
383 3.623574 0.000000 0.033266 98.306088 0.000000 -0.000000 0.033591 
384 3.522216 0.000000 0.033266 98.247192 0.000000 -0.000000 0.034749 
385 3.623574 0.000000 -0.061085 98.298485 0.000000 -0.000000 0.033741 
386 3.724932 0.000000 0.033266 98.438646 0.000000 0.000000 0.030983 
387 3.623574 0.000000 0.127617 98.307264 0.000000 -0.000000 0.033568 
388 3.319500 0.000000 0.316318 98.146432 0.000000 7.742892 0.030733 
389 3.319500 0.000000 0.505020 99.983950 0.000000 8.648421 -0.007159 
390 3.420858 0.000000 0.033266 98.090752 0.000000 -0.000000 0.037820 
391 3.319500 0.000000 0.033266 97.999207 0.000000 -0.000000 0.039616 
392 3.420858 0.000000 -0.061085 98.098604 0.000000 0.000000 0.037666 
393 3.420858 0.000000 0.127617 98.109976 0.000000 0.000000 0.037443 
394 8.387405 0.000000 -17.987743 96.074420 0.000000 27.443858 0.001654 
395 8.387405 0.000000 -24.026197 96.092153 0.000000 27.500089 0.001004 
396 14.874324 0.000000 -17.987743 96.104388 0.000000 27.434589 0.001129 
397 5.143945 0.000000 -8.930063 95.938527 0.000000 27.099176 0.006143 
398 5.143945 0.000000 -11.949290 96.004601 0.000000 27.309488 0.003731 
399 8.387405 0.000000 -8.930063 96.050976 0.000000 27.073680 0.004123 
400 3.522216 0.000000 -4.401223 95.480858 0.000000 26.114990 0.020141 
401 3.522216 0.000000 -5.910837 95.670923 0.000000 26.694986 0.013445 
402 5.143945 0.000000 -4.401223 95.847818 0.000000 26.021034 0.013610 
403 4.333081 0.000000 -2.136803 95.809174 0.000000 23.760257 0.025605 
404 3.522216 0.000000 -2.136803 95.181263 0.000000 23.648914 0.038126 
405 4.333081 0.000000 -2.891610 95.656171 0.000000 24.820797 0.023383 
406 5.143945 0.000000 -2.136803 96.204815 0.000000 24.013314 0.016799 
407 3.927648 0.000000 -1.004593 96.241207 0.000000 20.125508 0.033259 
408 3.522216 0.000000 -1.004593 95.689714 0.000000 19.789541 0.045185 
409 3.927648 0.000000 -1.381997 95.840238 0.000000 21.701477 0.034369 
410 4.333081 0.000000 -1.004593 96.622952 0.000000 20.578557 0.024053 
411 3.724932 0.000000 -0.438488 97.900019 0.000000 15.788047 0.016632 
412 3.522216 0.000000 -0.438488 97.499267 0.000000 14.900405 0.027187 
413 3.724932 0.000000 -0.627190 96.846379 0.000000 17.456171 0.031606 
414 3.927648 0.000000 -0.438488 97.816861 0.000000 16.470042 0.016060 
415 3.623574 0.000000 -0.155436 98.421512 0.000000 -0.000000 0.031321 
416 3.522216 0.000000 -0.155436 98.198214 0.000000 -0.000000 0.035711 
417 3.623574 0.000000 -0.249787 100.442608 0.000000 12.942484 -0.025623 
418 3.724932 0.000000 -0.155436 98.434228 0.000000 -0.000000 0.031070 
419 3.572895 0.000000 -0.013910 98.283755 0.000000 -0.000000 0.034030 
420 3.522216 0.000000 -0.013910 98.236645 0.000000 -0.000000 0.034956 
421 3.572895 0.000000 -0.061085 98.275984 0.000000 -0.000000 0.034183 
422 3.623574 0.000000 -0.013910 98.326907 0.000000 -0.000000 0.033182 
423 3.572895 0.000000 0.033266 98.280962 0.000000 -0.000000 0.034085 
424 2.711351 0.000000 -2.136803 94.335551 0.000000 23.914666 0.052889 
425 2.711351 0.000000 -2.891610 94.733168 0.000000 25.136612 0.039378 
426 3.116783 0.000000 -1.004593 94.916050 0.000000 19.526359 0.060966 
427 2.711351 0.000000 -1.004593 93.912231 0.000000 19.391265 0.080447 
428 3.116783 0.000000 -1.381997 94.708730 0.000000 21.419061 0.057148 
429 3.319500 0.000000 -0.438488 96.679807 0.000000 14.308823 0.044827 
430 3.116783 0.000000 -0.438488 95.957175 0.000000 13.943650 0.059780 
431 3.319500 0.000000 -0.627190 95.935515 0.000000 16.699295 0.051751 
432 3.420858 0.000000 -0.155436 98.098906 0.000000 0.000000 0.037660 
433 3.319500 0.000000 -0.155436 97.980517 0.000000 -0.000000 0.039982 
434 3.420858 0.000000 -0.249787 99.290850 0.000000 11.055905 0.001909 
435 3.471537 0.000000 -0.013910 98.169862 0.000000 -0.000000 0.036268 
436 3.420858 0.000000 -0.013910 98.101535 0.000000 -0.000000 0.037609 
437 3.471537 0.000000 -0.061085 98.170361 0.000000 -0.000000 0.036258 
438 3.471537 0.000000 0.033266 98.172815 0.000000 -0.000000 0.036210 
439 3.623574 0.000000 0.221968 96.994342 0.000000 -13.478554 0.041043 
440 3.522216 0.000000 0.221968 96.541974 0.000000 -9.111309 0.059663 
441 3.724932 0.000000 0.221968 98.123083 0.000000 -20.075708 -0.003117 
442 3.623574 0.000000 0.316318 96.981111 0.000000 8.676152 0.051939 
443 3.572895 0.000000 0.080441 98.256887 0.000000 -0.000000 0.034558 
444 3.522216 0.000000 0.080441 98.228025 0.000000 -0.000000 0.035126 
445 3.623574 0.000000 0.080441 98.291603 0.000000 -0.000000 0.033876 
446 3.572895 0.000000 0.127617 98.264261 0.000000 -0.000000 0.034414 
447 3.547555 0.000000 0.009678 98.268908 0.000000 -0.000000 0.034322 
448 3.522216 0.000000 0.009678 98.234437 0.000000 0.000000 0.035000 
449 3.547555 0.000000 -0.013910 98.268476 0.000000 -0.000000 0.034331 
450 3.572895 0.000000 0.009678 98.284121 0.000000 -0.000000 0.034023 
451 3.547555 0.000000 0.033266 98.265418 0.000000 -0.000000 0.034391 
452 3.420858 0.000000 0.221968 97.062928 0.000000 -6.230114 0.053997 
453 3.319500 0.000000 0.221968 97.925470 0.000000 -3.952495 0.039498 
454 3.420858 0.000000 0.316318 97.576788 0.000000 7.975826 0.041516 
455 3.471537 0.000000 0.080441 98.149912 0.000000 -0.000000 0.036659 
456 3.420858 0.000000 0.080441 98.107206 0.000000 -0.000000 0.037498 
457 3.471537 0.000000 0.127617 98.160487 0.000000 -0.000000 0.036452 
458 3.496876 0.000000 0.009678 98.202325 0.000000 -0.000000 0.035630 
459 3.471537 0.000000 0.009678 98.163567 0.000000 -0.000000 0.036391 
460 3.496876 0.000000 -0.013910 98.211763 0.000000 -0.000000 0.035445 
461 3.496876 0.000000 0.033266 98.225854 0.000000 -0.000000 0.035168 
462 3.572895 0.000000 -0.108260 98.264839 0.000000 -0.000000 0.034402 
463 3.522216 0.000000 -0.108260 98.222881 0.000000 -0.000000 0.035227 
464 3.572895 0.000000 -0.155436 98.287794 0.000000 -0.000000 0.033951 
465 3.623574 0.000000 -0.108260 98.295118 0.000000 -0.000000 0.033807 
466 3.547555 0.000000 -0.037497 98.264659 0.000000 -0.000000 0.034406 
467 3.522216 0.000000 -0.037497 98.246616 0.000000 -0.000000 0.034760 
468 3.547555 0.000000 -0.061085 98.260736 0.000000 -0.000000 0.034483 
469 3.572895 0.000000 -0.037497 98.280213 0.000000 -0.000000 0.034100 
470 3.534886 0.000000 -0.002116 98.235405 0.000000 -0.000000 0.034981 
471 3.522216 0.000000 -0.002116 98.226299 0.000000 0.000000 0.035159 
472 3.534886 0.000000 -0.013910 98.256015 0.000000 -0.000000 0.034576 
473 3.547555 0.000000 -0.002116 98.234734 0.000000 -0.000000 0.034994 
474 3.534886 0.000000 0.009678 98.242494 0.000000 -0.000000 0.034841 
475 3.218141 0.000000 0.033266 97.960490 0.000000 -0.000000 0.040374 
476 3.116783 0.000000 0.033266 97.892311 0.000000 -0.000000 0.041710 
477 3.218141 0.000000 -0.061085 97.960615 0.000000 -0.000000 0.040372 
478 3.218141 0.000000 0.127617 97.957675 0.000000 -0.000000 0.040429 
479 3.370179 0.000000 -0.013910 98.053830 0.000000 0.000000 0.038545 
480 3.319500 0.000000 -0.013910 98.006070 0.000000 -0.000000 0.039481 
481 3.370179 0.000000 -0.061085 98.055361 0.000000 0.000000 0.038515 
482 3.370179 0.000000 0.033266 98.056291 0.000000 0.000000 0.038496 
483 3.446197 0.000000 0.009678 98.122563 0.000000 -0.000000 0.037196 
484 3.420858 0.000000 0.009678 98.102045 0.000000 -0.000000 0.037599 
485 3.446197 0.000000 -0.013910 98.126632 0.000000 -0.000000 0.037116 
486 3.446197 0.000000 0.033266 98.124980 0.000000 -0.000000 0.037149 
487 3.218141 0.000000 -0.155436 97.942708 0.000000 -0.000000 0.040723 
488 3.116783 0.000000 -0.155436 97.802048 0.000000 -0.000000 0.043476 
489 3.218141 0.000000 -0.249787 97.357441 0.000000 10.176580 0.041797 
490 3.268820 0.000000 -0.013910 97.972508 0.000000 -0.000000 0.040139 
491 3.218141 0.000000 -0.013910 97.954071 0.000000 -0.000000 0.040500 
492 3.268820 0.000000 -0.061085 97.975257 0.000000 -0.000000 0.040085 
493 3.268820 0.000000 0.033266 97.980599 0.000000 -0.000000 0.039980 
494 3.370179 0.000000 0.080441 98.046013 0.000000 0.000000 0.038698 
495 3.319500 0.000000 0.080441 98.001050 0.000000 -0.000000 0.039579 
496 3.370179 0.000000 0.127617 98.022849 0.000000 -0.000000 0.039152 
497 3.344839 0.000000 0.009678 98.033529 0.000000 -0.000000 0.038943 
498 3.319500 0.000000 0.009678 98.005867 0.000000 -0.000000 0.039485 
499 3.344839 0.000000 -0.013910 98.028451 0.000000 -0.000000 0.039042 
500 3.370179 0.000000 0.009678 98.058229 0.000000 0.000000 0.038458 
501 3.344839 0.000000 0.033266 98.014953 0.000000 -0.000000 0.039307 
502 3.218141 0.000000 0.221968 98.469382 0.000000 -2.125701 0.029926 
503 3.116783 0.000000 0.221968 98.451670 0.000000 -0.968402 0.030633 
504 3.218141 0.000000 0.316318 98.579222 0.000000 7.519765 0.022559 
505 3.268820 0.000000 0.080441 97.976209 0.000000 -0.000000 0.040066 
506 3.218141 0.000000 0.080441 97.955088 0.000000 -0.000000 0.040480 
507 3.268820 0.000000 0.127617 97.978106 0.000000 -0.000000 0.040029 
508 3.294160 0.000000 0.009678 97.986862 0.000000 -0.000000 0.039857 
509 3.268820 0.000000 0.009678 97.970862 0.000000 -0.000000 0.040171 
510 3.294160 0.000000 -0.013910 97.987028 0.000000 -0.000000 0.039854 
511 3.294160 0.000000 0.033266 97.984549 0.000000 -0.000000 0.039903 
512 3.015425 0.000000 0.033266 97.787714 0.000000 -0.000000 0.043756 
513 3.015425 0.000000 -0.061085 97.782628 0.000000 -0.000000 0.043856 
514 3.015425 0.000000 0.127617 97.753521 0.000000 -0.000000 0.044425 
515 3.167462 0.000000 -0.013910 97.948874 0.000000 -0.000000 0.040602 
516 3.116783 0.000000 -0.013910 97.893771 0.000000 -0.000000 0.041681 
517 3.167462 0.000000 -0.061085 97.937836 0.000000 -0.000000 0.040818 
518 3.167462 0.000000 0.033266 97.941907 0.000000 -0.000000 0.040738 
519 3.243481 0.000000 0.009678 97.966558 0.000000 -0.000000 0.040255 
520 3.218141 0.000000 0.009678 97.954159 0.000000 -0.000000 0.040498 
521 3.243481 0.000000 -0.013910 97.966613 0.000000 -0.000000 0.040254 
522 3.243481 0.000000 0.033266 97.967076 0.000000 -0.000000 0.040245 
523 3.268820 0.000000 -0.108260 97.969088 0.000000 -0.000000 0.040206 
524 3.218141 0.000000 -0.108260 97.961755 0.000000 -0.000000 0.040349 
525 3.268820 0.000000 -0.155436 97.958414 0.000000 -0.000000 0.040415 
526 3.319500 0.000000 -0.108260 98.003964 0.000000 -0.000000 0.039522 
527 3.243481 0.000000 -0.037497 97.967213 0.000000 -0.000000 0.040243 
528 3.218141 0.000000 -0.037497 97.960479 0.000000 -0.000000 0.040374 
529 3.243481 0.000000 -0.061085 97.973520 0.000000 -0.000000 0.040119 
530 3.268820 0.000000 -0.037497 97.974121 0.000000 -0.000000 0.040107 
531 3.256151 0.000000 -0.002116 97.955978 0.000000 -0.000000 0.040463 
532 3.243481 0.000000 -0.002116 97.930703 0.000000 -0.000000 0.040958 
533 3.256151 0.000000 -0.013910 97.972150 0.000000 -0.000000 0.040146 
534 3.268820 0.000000 -0.002116 97.967460 0.000000 -0.000000 0.040238 
535 3.256151 0.000000 0.009678 97.961987 0.000000 -0.000000 0.040345 
536 2.508635 0.000000 0.316318 97.096422 0.000000 -0.151293 0.057226 
537 2.508635 0.000000 0.505020 97.170002 0.000000 -0.153756 0.055797 
538 2.609993 0.000000 0.033266 97.331380 0.000000 -0.005598 0.052660 
539 2.508635 0.000000 0.033266 97.187830 0.000000 -0.020166 0.055453 
540 2.609993 0.000000 -0.061085 97.349389 0.000000 -0.004340 0.052310 
541 2.609993 0.000000 0.127617 97.327893 0.000000 -0.032541 0.052728 
542 5.954810 0.000000 0.882423 101.748431 0.000000 16.915895 -0.063889 
543 5.954810 0.000000 0.127617 99.572984 0.000000 16.261961 -0.017923 
544 6.765675 0.000000 0.882423 100.133628 0.000000 16.146053 -0.028744 
545 5.954810 0.000000 1.637230 100.677366 0.000000 12.424956 -0.029031 
546 -17.560271 0.000000 -17.987743 96.100657 0.000000 27.573347 0.000437 
547 -24.047190 0.000000 -17.987743 96.111771 0.000000 27.573984 0.000220 
548 -17.560271 0.000000 -24.026197 96.104456 0.000000 27.566414 0.000403 
549 21.361243 0.000000 -17.987743 96.123482 0.000000 27.443622 0.000712 
550 21.361243 0.000000 -24.026197 96.116916 0.000000 27.490912 0.000579 
551 27.848162 0.000000 -17.987743 96.132978 0.000000 27.457240 0.000455 
552 -7.829892 0.000000 -8.930063 96.021159 0.000000 27.599884 0.001818 
553 -11.073352 0.000000 -8.930063 96.066089 0.000000 27.605171 0.000926 
554 -7.829892 0.000000 -11.949290 96.037050 0.000000 27.573390 0.001659 
555 11.630864 0.000000 -8.930063 96.125739 0.000000 27.115104 0.002461 
556 11.630864 0.000000 -11.949290 96.096202 0.000000 27.285617 0.002102 
557 14.874324 0.000000 -8.930063 96.155652 0.000000 27.168873 0.001594 
558 -2.964703 0.000000 -4.401223 95.707210 0.000000 27.692475 0.007326 
559 -4.586433 0.000000 -4.401223 95.880481 0.000000 27.713951 0.003887 
560 -2.964703 0.000000 -5.910837 95.773371 0.000000 27.581446 0.006673 
561 6.765675 0.000000 -4.401223 96.087807 0.000000 26.118757 0.008494 
562 6.765675 0.000000 -5.910837 96.008801 0.000000 26.600035 0.007475 
563 8.387405 0.000000 -4.401223 96.209002 0.000000 26.268447 0.005380 
564 -0.532109 0.000000 -2.136803 94.485394 0.000000 28.123004 0.028161 
565 -1.342973 0.000000 -2.136803 95.150673 0.000000 28.195468 0.015136 
566 -0.532109 0.000000 -2.891610 94.801995 0.000000 27.689149 0.024589 
567 0.684189 0.000000 -1.004593 89.875021 0.000000 27.778960 0.115081 
568 0.278756 0.000000 -1.004593 91.775422 0.000000 29.427039 0.071132 
569 0.684189 0.000000 -1.381997 91.516435 0.000000 27.356539 0.087636 
570 2.305918 0.000000 -1.004593 92.525343 0.000000 19.527882 0.105772 
571 2.305918 0.000000 -1.381997 92.940554 0.000000 21.817931 0.088603 
572 0.886905 0.000000 -0.438488 91.703349 0.000000 -0.741380 0.158995 
573 0.684189 0.000000 -0.438488 91.080893 0.000000 -0.849721 0.170355 
574 0.886905 0.000000 -0.627190 90.822423 0.000000 -0.902241 0.175047 
575 1.393695 0.000000 -0.155436 89.669809 0.000000 -0.388319 0.195917 
576 1.393695 0.000000 -0.249787 93.963084 0.000000 -0.466939 0.117072 
577 1.495054 0.000000 -0.155436 89.684583 0.000000 -0.368560 0.195654 
578 2.103202 0.000000 -0.438488 96.452656 0.000000 -0.169554 0.069686 
579 2.103202 0.000000 -0.627190 96.938613 0.000000 -0.150558 0.060288 
580 2.305918 0.000000 -0.438488 96.941651 0.000000 -0.150575 0.060229 
581 2.508635 0.000000 -0.438488 93.714743 0.000000 12.885980 0.105150 
582 2.508635 0.000000 -0.627190 93.447713 0.000000 15.758502 0.101919 
583 2.711351 0.000000 -0.438488 94.645371 0.000000 13.188357 0.086832 
584 1.596412 0.000000 -0.155436 92.218267 0.000000 -0.353199 0.149567 
585 1.596412 0.000000 -0.249787 94.256957 0.000000 -0.431367 0.111544 
586 2.001844 0.000000 -0.155436 95.632395 0.000000 -0.195350 0.085441 
587 2.001844 0.000000 -0.249787 95.753325 0.000000 -0.232758 0.083125 
588 2.103202 0.000000 -0.155436 95.996917 0.000000 -0.148119 0.078457 
589 5.954810 0.000000 -0.627190 97.703482 0.000000 21.169835 0.000587 
590 5.954810 0.000000 -1.381997 96.875494 0.000000 23.219219 0.007601 
591 6.765675 0.000000 -0.627190 97.536888 0.000000 22.241435 -0.000813 
592 2.914067 0.000000 -0.438488 95.337052 0.000000 13.578865 0.072646 
593 2.914067 0.000000 -0.627190 94.930610 0.000000 16.202236 0.072567 
594 3.015425 0.000000 -0.155436 97.802048 0.000000 -0.000000 0.043476 
595 2.914067 0.000000 -0.155436 97.718210 0.000000 -0.000000 0.045115 
596 3.015425 0.000000 -0.249787 96.351156 0.000000 9.702338 0.062232 
597 3.015425 0.000000 0.221968 98.289286 0.000000 -1.076513 0.033806 
598 2.914067 0.000000 0.221968 98.452509 0.000000 -1.593948 0.030456 
599 3.015425 0.000000 0.316318 98.967033 0.000000 6.622753 0.016167 
600 2.001844 0.000000 0.221968 95.302153 0.000000 -0.289155 0.091742 
601 2.103202 0.000000 0.221968 96.030517 0.000000 -0.204172 0.077810 
602 2.001844 0.000000 0.316318 95.529203 0.000000 -0.259977 0.087410 
603 1.647091 0.000000 -0.013910 84.618014 0.000000 -0.098520 0.283978 
604 1.596412 0.000000 -0.013910 87.016583 0.000000 -0.180950 0.242808 
605 1.647091 0.000000 -0.061085 87.669096 0.000000 -0.188360 0.231409 
606 1.545733 0.000000 0.080441 90.076525 0.000000 -0.229807 0.188617 
607 1.545733 0.000000 0.033266 88.745630 0.000000 -0.206781 0.212417 
608 1.545733 0.000000 0.127617 87.195215 0.000000 -0.270484 0.239692 
609 1.773788 0.000000 0.009678 91.583433 0.000000 -0.168183 0.161245 
610 1.748449 0.000000 0.009678 90.548608 0.000000 -0.161953 0.180092 
611 1.773788 0.000000 -0.013910 91.578001 0.000000 -0.168490 0.161344 
612 1.343016 0.000000 0.080441 82.749357 0.000000 -0.367885 0.315241 
613 1.343016 0.000000 0.033266 79.574339 0.000000 -0.342490 0.366781 
614 1.343016 0.000000 0.127617 77.353865 0.000000 -0.299418 0.401629 
615 0.988263 0.000000 -0.155436 89.636146 0.000000 -0.368602 0.196523 
616 0.886905 0.000000 -0.155436 92.705984 0.000000 -0.464174 0.140539 
617 0.988263 0.000000 -0.249787 93.014550 0.000000 -0.576407 0.134796 
618 0.988263 0.000000 0.221968 93.482093 0.000000 -0.530573 0.126082 
619 0.886905 0.000000 0.221968 92.469121 0.000000 -0.640431 0.144905 
620 0.988263 0.000000 0.316318 93.178069 0.000000 -0.560501 0.131753 
621 3.471537 0.000000 -0.108260 98.160643 0.000000 -0.000000 0.036449 
622 3.420858 0.000000 -0.108260 98.117333 0.000000 -0.000000 0.037299 
623 3.471537 0.000000 -0.155436 98.169425 0.000000 0.000000 0.036276 
624 3.370179 0.000000 -0.108260 98.035218 0.000000 -0.000000 0.038910 
625 3.370179 0.000000 -0.155436 98.051658 0.000000 0.000000 0.038587 
626 3.496876 0.000000 -0.037497 98.225560 0.000000 -0.000000 0.035174 
627 3.471537 0.000000 -0.037497 98.160101 0.000000 -0.000000 0.036459 
628 3.496876 0.000000 -0.061085 98.192320 0.000000 -0.000000 0.035827 
629 3.167462 0.000000 0.080441 97.936578 0.000000 -0.000000 0.040843 
630 3.116783 0.000000 0.080441 97.880125 0.000000 -0.000000 0.041948 
631 3.167462 0.000000 0.127617 97.909036 0.000000 -0.000000 0.041382 
632 3.395518 0.000000 0.009678 98.082516 0.000000 -0.000000 0.037982 
633 3.395518 0.000000 -0.013910 98.082215 0.000000 -0.000000 0.037988 
634 3.395518 0.000000 0.033266 98.080702 0.000000 -0.000000 0.038018 
635 3.167462 0.000000 -0.108260 97.926985 0.000000 -0.000000 0.041031 
636 3.116783 0.000000 -0.108260 97.847716 0.000000 -0.000000 0.042582 
637 3.167462 0.000000 -0.155436 97.651363 0.000000 7.259161 0.041152 
638 3.294160 0.000000 -0.037497 97.984715 0.000000 -0.000000 0.039900 
639 3.294160 0.000000 -0.061085 97.986781 0.000000 -0.000000 0.039859 
640 3.319500 0.000000 -0.037497 97.999338 0.000000 -0.000000 0.039613 
641 5.954810 0.000000 -2.136803 96.439645 0.000000 24.361175 0.010593 
642 5.954810 0.000000 -2.891610 96.194819 0.000000 25.116456 0.011572 
643 6.765675 0.000000 -2.136803 96.544936 0.000000 24.682575 0.006985 
644 2.812709 0.000000 -0.155436 97.633887 0.000000 0.000000 0.046762 
645 2.711351 0.000000 -0.155436 97.501989 0.000000 0.000000 0.049336 
646 2.812709 0.000000 -0.249787 95.533855 0.000000 9.275970 0.078724 
647 2.812709 0.000000 0.221968 98.702864 0.000000 -2.135177 0.025319 
648 2.711351 0.000000 0.221968 99.015918 0.000000 -2.675934 0.018869 
649 2.812709 0.000000 0.316318 99.449415 0.000000 5.110480 0.008370 
650 1.545733 0.000000 -0.013910 85.207397 0.000000 -0.190965 0.273966 
651 1.495054 0.000000 -0.013910 81.275949 0.000000 -0.177322 0.339419 
652 1.545733 0.000000 -0.061085 85.394399 0.000000 -0.230629 0.270774 
653 1.343016 0.000000 -0.013910 67.901380 0.000000 -0.215716 0.538936 
654 1.343016 0.000000 -0.061085 69.640209 0.000000 -0.232588 0.515019 
655 1.393695 0.000000 -0.013910 76.694214 0.000000 -0.242392 0.411794 
656 1.444375 0.000000 -0.013910 75.631111 0.000000 -0.145084 0.427991 
657 1.444375 0.000000 -0.061085 75.806534 0.000000 -0.195965 0.425333 
658 3.446197 0.000000 -0.037497 98.124901 0.000000 -0.000000 0.037150 
659 3.420858 0.000000 -0.037497 98.090666 0.000000 -0.000000 0.037822 
660 3.446197 0.000000 -0.061085 98.124346 0.000000 -0.000000 0.037161 
661 3.344839 0.000000 -0.037497 98.015020 0.000000 -0.000000 0.039306 
662 3.344839 0.000000 -0.061085 98.015491 0.000000 -0.000000 0.039296 
663 3.370179 0.000000 -0.037497 98.054883 0.000000 0.000000 0.038524 
664 3.395518 0.000000 -0.037497 98.080730 0.000000 -0.000000 0.038017 
665 3.395518 0.000000 -0.061085 98.080924 0.000000 -0.000000 0.038013 
666 2.609993 0.000000 0.221968 97.170002 0.000000 -0.153756 0.055797 
667 2.508635 0.000000 0.221968 97.037870 0.000000 -0.150434 0.058363 
668 2.609993 0.000000 0.316318 100.177567 0.000000 3.228124 -0.004597 
669 2.609993 0.000000 -0.155436 97.373587 0.000000 0.000000 0.051838 
670 2.508635 0.000000 -0.155436 97.180220 0.000000 -0.050115 0.055600 
671 2.609993 0.000000 -0.249787 94.607041 0.000000 8.898641 0.097032 
1 19 21 9 22 
2 20 19 22 4 
3 28 29 3 30 
4 21 28 30 9 
5 35 37 21 38 
6 36 35 38 19 
7 44 45 28 46 
8 37 44 46 21 
9 51 53 37 54 
10 52 51 54 35 
11 60 61 44 62 
12 53 60 62 37 
13 67 69 53 70 
14 68 67 70 51 
15 76 77 60 78 
16 69 76 78 53 
17 83 85 69 86 
18 84 83 86 67 
19 11 94 92 93 
20 94 10 24 92 
21 92 24 14 95 
22 93 92 95 6 
23 24 98 96 97 
24 98 23 40 96 
25 96 40 27 99 
26 97 96 99 14 
27 40 102 100 101 
28 102 39 56 100 
29 100 56 43 103 
30 101 100 103 27 
31 56 106 104 105 
32 106 55 72 104 
33 104 72 59 107 
34 105 104 107 43 
35 72 110 108 109 
36 109 108 111 59 
37 112 113 76 114 
38 85 112 114 69 
39 115 117 85 118 
40 116 115 118 83 
41 132 133 112 134 
42 117 132 134 85 
43 136 124 137 135 
44 135 137 127 138 
45 15 140 139 33 
46 140 17 141 139 
47 139 141 8 142 
48 33 139 142 18 
49 31 144 143 49 
50 144 33 145 143 
51 143 145 18 146 
52 49 143 146 34 
53 148 49 149 147 
54 147 149 34 150 
55 152 65 153 151 
56 151 153 50 154 
57 124 160 159 137 
58 137 159 162 127 
59 18 142 163 45 
60 142 8 164 163 
61 163 164 29 165 
62 45 163 165 28 
63 34 146 166 61 
64 146 18 167 166 
65 166 167 45 168 
66 61 166 168 44 
67 150 34 170 169 
68 169 170 61 171 
69 77 169 171 60 
70 154 50 173 172 
71 172 173 77 174 
72 113 172 174 76 
73 175 176 113 177 
74 133 175 177 112 
75 182 184 175 185 
76 183 182 185 133 
77 161 188 186 187 
78 188 178 189 186 
79 186 189 181 190 
80 187 186 190 82 
81 192 151 193 191 
82 191 193 154 194 
83 194 154 196 195 
84 195 196 172 197 
85 176 195 197 113 
86 200 191 201 198 
87 198 201 194 202 
88 203 205 117 206 
89 204 203 206 115 
90 138 127 213 212 
91 212 213 132 214 
92 205 212 214 117 
93 130 216 215 210 
94 216 135 217 215 
95 215 217 138 218 
96 210 215 218 5 
97 131 211 219 220 
98 211 5 221 219 
99 219 221 205 222 
100 220 219 222 203 
101 225 210 226 223 
102 223 226 5 227 
103 224 223 227 211 
104 208 234 232 233 
105 232 224 211 235 
106 233 232 235 131 
107 12 238 236 237 
108 238 7 239 236 
109 236 239 13 25 
110 237 236 25 10 
111 25 242 240 241 
112 242 13 243 240 
113 240 243 26 41 
114 241 240 41 23 
115 41 246 244 245 
116 246 26 247 244 
117 244 247 42 57 
118 245 244 57 39 
119 57 250 248 249 
120 250 42 251 248 
121 248 251 58 73 
122 249 248 73 55 
123 73 254 252 253 
124 254 58 255 252 
125 252 255 74 89 
126 253 252 89 71 
127 89 258 256 257 
128 258 74 259 256 
129 256 259 90 129 
130 257 256 129 87 
131 129 262 260 261 
132 262 90 263 260 
133 260 263 130 209 
134 261 260 209 128 
135 209 266 264 265 
136 266 130 267 264 
137 264 267 210 225 
138 270 225 271 268 
139 268 271 223 272 
140 269 268 272 224 
141 128 275 273 274 
142 275 209 265 273 
143 274 273 234 208 
144 234 278 276 277 
145 278 207 269 276 
146 276 269 224 279 
147 277 276 279 232 
148 265 282 280 281 
149 282 264 283 280 
150 280 283 225 270 
151 281 280 270 207 
152 207 286 284 285 
153 286 270 287 284 
154 284 287 268 288 
155 285 284 288 269 
156 6 95 289 290 
157 95 14 36 289 
158 289 36 19 291 
159 290 289 291 20 
160 14 99 292 293 
161 99 27 52 292 
162 292 52 35 294 
163 293 292 294 36 
164 27 103 295 296 
165 103 43 68 295 
166 295 68 51 297 
167 296 295 297 52 
168 43 107 298 299 
169 107 59 84 298 
170 298 84 67 300 
171 299 298 300 68 
172 59 111 301 302 
173 301 116 83 303 
174 302 301 303 84 
175 304 204 115 306 
176 305 304 306 116 
177 91 231 307 308 
178 231 131 220 307 
179 307 220 203 309 
180 308 307 309 204 
181 228 312 310 311 
182 312 208 233 310 
183 310 233 131 313 
184 311 310 313 231 
185 123 317 318 319 
186 317 91 308 318 
187 318 308 204 320 
188 319 318 320 304 
189 314 323 321 322 
190 323 229 324 321 
191 321 324 91 325 
192 322 321 325 317 
193 108 328 326 327 
194 327 326 329 111 
195 111 329 334 335 
196 334 305 116 336 
197 335 334 336 301 
198 75 333 337 338 
199 333 123 319 337 
200 337 319 304 339 
201 338 337 339 305 
202 342 315 343 340 
203 340 343 123 344 
204 341 340 344 333 
205 326 347 345 346 
206 347 120 331 345 
207 345 331 75 348 
208 346 345 348 329 
209 331 351 349 350 
210 349 341 333 352 
211 350 349 352 75 
212 71 355 353 354 
213 355 89 257 353 
214 353 257 87 121 
215 354 353 121 88 
216 88 358 356 357 
217 358 121 359 356 
218 356 359 119 332 
219 357 356 332 120 
220 332 362 360 361 
221 362 119 363 360 
222 360 363 315 342 
223 361 360 342 330 
224 330 366 364 365 
225 366 342 367 364 
226 364 367 340 368 
227 365 364 368 341 
228 120 371 369 370 
229 371 332 361 369 
230 369 361 330 351 
231 370 369 351 331 
232 351 374 372 373 
233 374 330 365 372 
234 372 365 341 375 
235 373 372 375 349 
236 202 194 381 379 
237 379 381 195 382 
238 380 379 382 176 
239 385 198 386 383 
240 383 386 202 387 
241 388 380 176 389 
242 184 388 389 175 
243 7 395 394 239 
244 395 16 396 394 
245 394 396 15 32 
246 239 394 32 13 
247 13 398 397 243 
248 398 32 399 397 
249 397 399 31 48 
250 243 397 48 26 
251 26 401 400 247 
252 401 48 402 400 
253 400 402 47 64 
254 247 400 64 42 
255 64 405 403 404 
256 405 47 406 403 
257 403 406 65 152 
258 404 403 152 63 
259 63 409 407 408 
260 409 152 410 407 
261 407 410 151 192 
262 408 407 192 81 
263 81 413 411 412 
264 413 192 414 411 
265 411 414 191 200 
266 412 411 200 157 
267 157 417 415 416 
268 417 200 418 415 
269 415 418 198 385 
270 421 385 422 419 
271 419 422 383 423 
272 42 425 424 251 
273 425 64 404 424 
274 424 404 63 80 
275 251 424 80 58 
276 80 428 426 427 
277 428 63 408 426 
278 426 408 81 156 
279 427 426 156 79 
280 156 431 429 430 
281 431 81 412 429 
282 429 412 157 377 
283 430 429 377 155 
284 377 434 432 433 
285 434 157 416 432 
286 66 387 439 440 
287 387 202 441 439 
288 439 441 379 442 
289 440 439 442 380 
290 384 423 443 444 
291 423 383 445 443 
292 443 445 387 446 
293 444 443 446 66 
294 449 419 450 447 
295 447 450 423 451 
296 448 447 451 384 
297 378 393 452 453 
298 393 66 440 452 
299 452 440 380 454 
300 453 452 454 388 
301 390 438 455 456 
302 438 384 444 455 
303 455 444 66 457 
304 456 455 457 393 
305 435 460 458 459 
306 460 420 448 458 
307 458 448 384 461 
308 459 458 461 438 
309 416 464 462 463 
310 464 415 465 462 
311 462 465 385 421 
312 463 462 421 199 
313 199 468 466 467 
314 468 421 469 466 
315 466 469 419 449 
316 467 466 449 420 
317 420 472 470 471 
318 472 449 473 470 
319 470 473 447 474 
320 471 470 474 448 
321 436 485 483 484 
322 485 435 459 483 
323 483 459 438 486 
324 484 483 486 390 
325 155 489 487 488 
326 489 377 433 487 
327 391 482 494 495 
328 482 390 456 494 
329 494 456 393 496 
330 495 494 496 378 
331 480 499 497 498 
332 499 479 500 497 
333 497 500 482 501 
334 498 497 501 391 
335 158 478 502 503 
336 478 378 453 502 
337 502 453 388 504 
338 503 502 504 184 
339 475 493 505 506 
340 493 391 495 505 
341 505 495 378 507 
342 506 505 507 478 
343 490 510 508 509 
344 510 480 498 508 
345 508 498 391 511 
346 509 508 511 493 
347 178 513 512 189 
348 513 180 476 512 
349 512 476 158 514 
350 189 512 514 181 
351 180 517 515 516 
352 517 477 491 515 
353 515 491 475 518 
354 516 515 518 476 
355 491 521 519 520 
356 519 509 493 522 
357 520 519 522 475 
358 487 525 523 524 
359 525 433 526 523 
360 523 526 376 492 
361 524 523 492 477 
362 477 529 527 528 
363 529 492 530 527 
364 527 530 490 521 
365 528 527 521 491 
366 521 533 531 532 
367 533 490 534 531 
368 531 534 509 535 
369 532 531 535 519 
370 127 162 536 213 
371 536 183 133 537 
372 213 536 537 132 
373 159 540 538 539 
374 540 161 187 538 
375 538 187 82 541 
376 539 538 541 162 
377 50 543 542 173 
378 543 150 544 542 
379 542 544 169 545 
380 173 542 545 77 
381 1 548 546 547 
382 548 12 237 546 
383 546 237 10 94 
384 547 546 94 11 
385 16 550 549 396 
386 550 2 551 549 
387 549 551 17 140 
388 396 549 140 15 
389 10 554 552 553 
390 554 25 241 552 
391 552 241 23 98 
392 553 552 98 24 
393 32 556 555 399 
394 556 15 557 555 
395 555 557 33 144 
396 399 555 144 31 
397 23 560 558 559 
398 560 41 245 558 
399 558 245 39 102 
400 559 558 102 40 
401 48 562 561 402 
402 562 31 563 561 
403 561 563 49 148 
404 402 561 148 47 
405 39 566 564 565 
406 566 57 249 564 
407 564 249 55 106 
408 565 564 106 56 
409 55 569 567 568 
410 569 73 253 567 
411 567 253 71 110 
412 568 567 110 72 
413 58 571 570 255 
414 571 80 427 570 
415 570 427 79 125 
416 255 570 125 74 
417 110 574 572 573 
418 574 71 354 572 
419 572 354 88 328 
420 573 572 328 108 
421 121 576 575 359 
422 576 87 577 575 
423 575 577 122 316 
424 359 575 316 119 
425 74 579 578 259 
426 579 125 580 578 
427 578 580 124 136 
428 259 578 136 90 
429 125 582 581 580 
430 582 79 583 581 
431 581 583 126 160 
432 580 581 160 124 
433 87 585 584 577 
434 585 129 261 584 
435 584 261 128 230 
436 577 584 230 122 
437 90 587 586 263 
438 587 136 588 586 
439 586 588 135 216 
440 263 586 216 130 
441 65 590 589 153 
442 590 147 591 589 
443 589 591 150 543 
444 153 589 543 50 
445 79 593 592 583 
446 593 156 430 592 
447 592 430 155 179 
448 583 592 179 126 
449 179 596 594 595 
450 596 155 488 594 
451 594 488 180 513 
452 595 594 513 178 
453 181 514 597 598 
454 514 158 503 597 
455 597 503 184 599 
456 598 597 599 182 
457 5 218 600 221 
458 218 138 601 600 
459 600 601 212 602 
460 221 600 602 205 
461 230 605 603 604 
462 605 128 274 603 
463 603 274 208 312 
464 604 603 312 228 
465 229 607 606 324 
466 607 228 311 606 
467 606 311 231 608 
468 324 606 608 91 
469 273 611 609 610 
470 611 265 281 609 
471 609 281 207 278 
472 610 609 278 234 
473 315 613 612 343 
474 613 314 322 612 
475 612 322 317 614 
476 343 612 614 123 
477 328 617 615 616 
478 617 88 357 615 
479 615 357 120 347 
480 616 615 347 326 
481 329 348 618 619 
482 348 75 338 618 
483 618 338 305 620 
484 619 618 620 334 
485 432 623 621 622 
486 623 416 463 621 
487 621 463 199 437 
488 622 621 437 392 
489 433 625 624 526 
490 625 432 622 624 
491 624 622 392 481 
492 526 624 481 376 
493 437 628 626 627 
494 628 199 467 626 
495 626 467 420 460 
496 627 626 460 435 
497 476 518 629 630 
498 518 475 506 629 
499 629 506 478 631 
500 630 629 631 158 
501 479 633 632 500 
502 633 436 484 632 
503 632 484 390 634 
504 500 632 634 482 
505 488 637 635 636 
506 637 487 524 635 
507 635 524 477 517 
508 636 635 517 180 
509 492 639 638 530 
510 639 376 640 638 
511 638 640 480 510 
512 530 638 510 490 
513 47 642 641 406 
514 642 148 643 641 
515 641 643 147 590 
516 406 641 590 65 
517 126 646 644 645 
518 646 179 595 644 
519 644 595 178 188 
520 645 644 188 161 
521 82 190 647 648 
522 190 181 598 647 
523 647 598 182 649 
524 648 647 649 183 
525 122 652 650 651 
526 652 230 604 650 
527 650 604 228 607 
528 651 650 607 229 
529 119 654 653 363 
530 654 316 655 653 
531 653 655 314 613 
532 363 653 613 315 
533 316 657 656 655 
534 657 122 651 656 
535 656 651 229 323 
536 655 656 323 314 
537 392 660 658 659 
538 660 437 627 658 
539 658 627 435 485 
540 659 658 485 436 
541 376 662 661 640 
542 662 481 663 661 
543 661 663 479 499 
544 640 661 499 480 
545 481 665 664 663 
546 665 392 659 664 
547 664 659 436 633 
548 663 664 633 479 
549 162 541 666 667 
550 541 82 648 666 
551 666 648 183 668 
552 667 666 668 536 
553 160 671 669 670 
554 671 126 645 669 
555 669 645 161 540 
556 670 669 540 159 
