2 0.000000 100.000000 473.401889
778 649 
1 -24.047424 0.000000 -24.026431 98.471320 0.000000 17.367791 0.000176 
2 27.868396 0.000000 -24.026431 98.477642 0.000000 17.315930 0.000231 
3 27.868396 0.000000 24.284341 98.507200 0.000000 17.260027 -0.000158 
4 -24.047424 0.000000 24.284341 98.493546 0.000000 17.366444 -0.000257 
5 1.910486 0.000000 0.128955 97.149001 0.000000 -0.286067 0.056199 
6 -24.047424 0.000000 0.128955 98.483523 0.000000 17.379822 -0.000106 
7 1.910486 0.000000 -24.026431 98.452342 0.000000 17.335286 0.000662 
8 27.868396 0.000000 0.128955 98.673373 0.000000 16.248158 -0.000044 
9 1.910486 0.000000 24.284341 98.521325 0.000000 17.322794 -0.000653 
10 -11.068469 0.000000 -11.948738 98.441901 0.000000 17.376622 0.000725 
11 -24.047424 0.000000 -11.948738 98.472459 0.000000 17.374645 0.000130 
12 -11.068469 0.000000 -24.026431 98.459937 0.000000 17.360671 0.000425 
13 1.910486 0.000000 -11.948738 98.369007 0.000000 17.242984 0.002622 
14 -11.068469 0.000000 0.128955 98.492008 0.000000 17.425424 -0.000432 
15 14.889441 0.000000 -11.948738 98.469590 0.000000 17.180013 0.000859 
16 14.889441 0.000000 -24.026431 98.465620 0.000000 17.315326 0.000470 
17 27.868396 0.000000 -11.948738 98.493381 0.000000 17.223548 0.000240 
18 14.889441 0.000000 0.128955 98.933402 0.000000 14.733541 -0.000490 
19 -11.068469 0.000000 12.206648 98.533349 0.000000 17.371010 -0.001057 
20 -24.047424 0.000000 12.206648 98.493795 0.000000 17.373567 -0.000287 
21 1.910486 0.000000 12.206648 98.644599 0.000000 17.194999 -0.002642 
22 -11.068469 0.000000 24.284341 98.508123 0.000000 17.356621 -0.000510 
23 -4.578991 0.000000 -5.909891 98.322723 0.000000 17.403446 0.002976 
24 -11.068469 0.000000 -5.909891 98.446123 0.000000 17.405169 0.000542 
25 -4.578991 0.000000 -11.948738 98.396725 0.000000 17.347176 0.001716 
26 1.910486 0.000000 -5.909891 98.083908 0.000000 16.938370 0.009264 
27 -4.578991 0.000000 0.128955 98.519228 0.000000 17.607158 -0.001605 
28 14.889441 0.000000 12.206648 98.576928 0.000000 16.984066 -0.000587 
29 27.868396 0.000000 12.206648 98.589483 0.000000 16.780145 -0.000146 
30 14.889441 0.000000 24.284341 98.514215 0.000000 17.285195 -0.000383 
31 8.399963 0.000000 -5.909891 98.449171 0.000000 16.736114 0.002766 
32 8.399963 0.000000 -11.948738 98.427095 0.000000 17.171698 0.001724 
33 14.889441 0.000000 -5.909891 98.524995 0.000000 16.874372 0.000808 
34 8.399963 0.000000 0.128955 99.840094 0.000000 8.943093 -0.004802 
35 -4.578991 0.000000 6.167802 98.695631 0.000000 17.383502 -0.004301 
36 -11.068469 0.000000 6.167802 98.534701 0.000000 17.400852 -0.001188 
37 1.910486 0.000000 6.167802 99.028953 0.000000 16.802390 -0.008905 
38 -4.578991 0.000000 12.206648 98.591302 0.000000 17.330503 -0.002059 
39 -1.334253 0.000000 -2.890468 97.886978 0.000000 17.550759 0.011011 
40 -4.578991 0.000000 -2.890468 98.339902 0.000000 17.515288 0.002248 
41 -1.334253 0.000000 -5.909891 98.158686 0.000000 17.286228 0.006606 
42 1.910486 0.000000 -2.890468 97.232781 0.000000 16.116360 0.028605 
43 -1.334253 0.000000 0.128955 98.449457 0.000000 18.263783 -0.002586 
44 8.399963 0.000000 6.167802 98.767965 0.000000 16.238390 -0.001880 
45 14.889441 0.000000 6.167802 98.768216 0.000000 15.847647 -0.000631 
46 8.399963 0.000000 12.206648 98.607283 0.000000 17.060624 -0.001446 
47 5.155225 0.000000 -2.890468 98.347874 0.000000 15.536680 0.008631 
48 5.155225 0.000000 -5.909891 98.287715 0.000000 16.708025 0.006037 
49 8.399963 0.000000 -2.890468 98.617447 0.000000 15.977605 0.001932 
50 5.155225 0.000000 0.128955 99.000731 0.000000 -1.089218 0.019767 
51 -1.334253 0.000000 3.148379 99.224651 0.000000 17.509295 -0.015211 
52 -4.578991 0.000000 3.148379 98.692517 0.000000 17.505229 -0.004665 
53 1.910486 0.000000 3.148379 100.059428 0.000000 15.973258 -0.026703 
54 -1.334253 0.000000 6.167802 98.901938 0.000000 17.232342 -0.007855 
55 0.288117 0.000000 -1.380756 96.174273 0.000000 18.156268 0.042086 
56 -1.334253 0.000000 -1.380756 97.962875 0.000000 18.016330 0.007869 
57 0.288117 0.000000 -2.890468 97.331721 0.000000 17.156444 0.023219 
58 1.910486 0.000000 -1.380756 95.442099 0.000000 13.977515 0.069543 
59 0.288117 0.000000 0.128955 99.467364 0.000000 -0.000000 0.010624 
60 5.155225 0.000000 3.148379 99.144997 0.000000 14.941970 -0.005299 
61 8.399963 0.000000 3.148379 98.988352 0.000000 14.790882 -0.001746 
62 5.155225 0.000000 6.167802 98.881596 0.000000 16.419206 -0.004716 
63 3.532855 0.000000 -1.380756 97.853604 0.000000 13.077051 0.025366 
64 3.532855 0.000000 -2.890468 97.845323 0.000000 15.516004 0.018555 
65 5.155225 0.000000 -1.380756 98.766658 0.000000 13.727947 0.005669 
66 3.532855 0.000000 0.128955 99.259526 0.000000 -0.000000 0.014755 
67 0.288117 0.000000 1.638667 100.892002 0.000000 18.246349 -0.051213 
68 -1.334253 0.000000 1.638667 99.149792 0.000000 18.024346 -0.015556 
69 1.910486 0.000000 1.638667 101.862839 0.000000 14.726719 -0.059291 
70 0.288117 0.000000 3.148379 99.847491 0.000000 17.073643 -0.026103 
71 1.099301 0.000000 -0.625900 95.258093 0.000000 -0.653579 0.092547 
72 0.288117 0.000000 -0.625900 95.089852 0.000000 20.501026 0.053763 
73 1.099301 0.000000 -1.380756 94.873331 0.000000 16.306590 0.073315 
74 1.910486 0.000000 -0.625900 98.473974 0.000000 -0.363974 0.030274 
75 1.099301 0.000000 0.128955 92.519850 0.000000 -0.446319 0.143988 
76 3.532855 0.000000 1.638667 99.808111 0.000000 13.724585 -0.015002 
77 5.155225 0.000000 1.638667 98.968361 0.000000 13.999455 0.000928 
78 3.532855 0.000000 3.148379 99.564350 0.000000 15.190816 -0.014382 
79 2.721671 0.000000 -0.625900 96.925873 0.000000 8.691417 0.052983 
80 2.721671 0.000000 -1.380756 96.868016 0.000000 13.093221 0.044515 
81 3.532855 0.000000 -0.625900 98.546870 0.000000 9.593362 0.019648 
82 2.721671 0.000000 0.128955 98.478577 0.000000 0.000000 0.030197 
83 1.099301 0.000000 0.883811 94.246550 0.000000 -0.798711 0.111695 
84 0.288117 0.000000 0.883811 101.018443 0.000000 21.063970 -0.064842 
85 1.910486 0.000000 0.883811 98.864837 0.000000 -0.370250 0.022561 
86 1.099301 0.000000 1.638667 102.179876 0.000000 16.808334 -0.072325 
87 1.504894 0.000000 -0.248473 96.761928 0.000000 -0.521748 0.063686 
88 1.099301 0.000000 -0.248473 96.385840 0.000000 -0.559871 0.070946 
89 1.504894 0.000000 -0.625900 96.737123 0.000000 -0.525674 0.064165 
90 1.910486 0.000000 -0.248473 97.067159 0.000000 -0.495832 0.057772 
91 1.504894 0.000000 0.128955 92.368089 0.000000 -0.364014 0.146800 
92 -17.557946 0.000000 -5.909891 98.470298 0.000000 17.387259 0.000128 
93 -24.047424 0.000000 -5.909891 98.476770 0.000000 17.378387 0.000032 
94 -17.557946 0.000000 -11.948738 98.463552 0.000000 17.377609 0.000295 
95 -17.557946 0.000000 0.128955 98.485717 0.000000 17.391895 -0.000191 
96 -7.823730 0.000000 -2.890468 98.435273 0.000000 17.457940 0.000572 
97 -11.068469 0.000000 -2.890468 98.463822 0.000000 17.420990 0.000138 
98 -7.823730 0.000000 -5.909891 98.409874 0.000000 17.414002 0.001225 
99 -7.823730 0.000000 0.128955 98.500929 0.000000 17.478816 -0.000794 
100 -2.956622 0.000000 -1.380756 98.303155 0.000000 17.714222 0.002270 
101 -4.578991 0.000000 -1.380756 98.409301 0.000000 17.581288 0.000651 
102 -2.956622 0.000000 -2.890468 98.199857 0.000000 17.559477 0.004845 
103 -2.956622 0.000000 0.128955 98.534248 0.000000 17.789287 -0.002546 
104 -0.523068 0.000000 -0.625900 98.281119 0.000000 18.762159 -0.001120 
105 -1.334253 0.000000 -0.625900 98.217788 0.000000 18.193494 0.002226 
106 -0.523068 0.000000 -1.380756 97.486782 0.000000 18.269873 0.016254 
107 -0.523068 0.000000 0.128955 97.530598 0.000000 17.972789 0.016476 
108 0.693709 0.000000 -0.248473 94.680602 0.000000 -0.728645 0.103505 
109 0.288117 0.000000 -0.248473 91.726935 0.000000 19.291002 0.121403 
110 0.693709 0.000000 -0.625900 92.334868 0.000000 18.455678 0.113366 
111 0.693709 0.000000 0.128955 96.492307 0.000000 -0.341649 0.068912 
112 2.721671 0.000000 0.883811 101.082284 0.000000 10.611904 -0.033024 
113 3.532855 0.000000 0.883811 100.516893 0.000000 7.951142 -0.016687 
114 2.721671 0.000000 1.638667 100.682524 0.000000 13.824852 -0.032810 
115 1.504894 0.000000 0.506383 96.755887 0.000000 -0.522865 0.063802 
116 1.099301 0.000000 0.506383 96.433273 0.000000 -0.555265 0.070032 
117 1.910486 0.000000 0.506383 97.550027 0.000000 -0.432394 0.048381 
118 1.504894 0.000000 0.883811 97.382432 0.000000 -0.393947 0.051651 
119 1.302097 0.000000 -0.059759 77.815945 0.000000 -0.255487 0.394461 
120 1.099301 0.000000 -0.059759 82.933066 0.000000 -0.226253 0.312206 
121 1.302097 0.000000 -0.248473 96.542989 0.000000 -0.543083 0.067916 
122 1.504894 0.000000 -0.059759 89.441034 0.000000 -0.247540 0.200024 
123 1.302097 0.000000 0.128955 88.198402 0.000000 -0.440548 0.222085 
124 2.316078 0.000000 -0.248473 98.725842 0.000000 -0.363899 0.025308 
125 2.316078 0.000000 -0.625900 95.512532 0.000000 8.649401 0.080254 
126 2.721671 0.000000 -0.248473 97.210771 0.000000 1.668030 0.054728 
127 2.316078 0.000000 0.128955 98.341396 0.000000 -0.128299 0.032895 
128 1.707690 0.000000 -0.059759 94.332234 0.000000 -0.232683 0.110138 
129 1.707690 0.000000 -0.248473 96.957215 0.000000 -0.504553 0.059904 
130 1.910486 0.000000 -0.059759 97.047619 0.000000 -0.214146 0.058171 
131 1.707690 0.000000 0.128955 95.423451 0.000000 -0.307607 0.089427 
132 2.316078 0.000000 0.506383 98.724514 0.000000 -0.363827 0.025334 
133 2.721671 0.000000 0.506383 102.245073 0.000000 -3.077680 -0.046353 
134 2.316078 0.000000 0.883811 102.105892 0.000000 11.484811 -0.055751 
135 2.113282 0.000000 -0.059759 98.023029 0.000000 -0.122995 0.039147 
136 2.113282 0.000000 -0.248473 98.346106 0.000000 -0.369635 0.032791 
137 2.316078 0.000000 -0.059759 98.275344 0.000000 -0.085822 0.034195 
138 2.113282 0.000000 0.128955 98.075474 0.000000 -0.175257 0.038117 
139 21.378918 0.000000 -5.909891 98.530515 0.000000 16.980128 0.000341 
140 21.378918 0.000000 -11.948738 98.487385 0.000000 17.202372 0.000431 
141 27.868396 0.000000 -5.909891 98.526433 0.000000 17.052315 0.000176 
142 21.378918 0.000000 0.128955 98.757958 0.000000 15.753052 -0.000129 
143 11.644702 0.000000 -2.890468 98.624366 0.000000 16.233748 0.000970 
144 11.644702 0.000000 -5.909891 98.506687 0.000000 16.798290 0.001425 
145 14.889441 0.000000 -2.890468 98.620205 0.000000 16.415558 0.000458 
146 11.644702 0.000000 0.128955 99.139530 0.000000 13.534942 -0.001184 
147 6.777594 0.000000 -1.380756 98.951667 0.000000 14.580815 -0.000403 
148 6.777594 0.000000 -2.890468 98.562998 0.000000 15.771660 0.003659 
149 8.399963 0.000000 -1.380756 98.846230 0.000000 15.055953 0.000274 
150 6.777594 0.000000 0.128955 101.900926 0.000000 -2.103296 -0.038822 
151 4.344040 0.000000 -0.625900 98.981930 0.000000 10.750520 0.008700 
152 4.344040 0.000000 -1.380756 98.432987 0.000000 13.355788 0.013257 
153 5.155225 0.000000 -0.625900 99.329389 0.000000 11.402357 0.000366 
154 4.344040 0.000000 0.128955 99.371499 0.000000 1.527827 0.012297 
155 3.127263 0.000000 -0.248473 98.652432 0.000000 2.130283 0.026316 
156 3.127263 0.000000 -0.625900 97.838996 0.000000 9.061942 0.034541 
157 3.532855 0.000000 -0.248473 100.955581 0.000000 4.083355 -0.020870 
158 3.127263 0.000000 0.128955 98.937741 0.000000 -0.000000 0.021132 
159 2.518875 0.000000 -0.059759 98.413418 0.000000 -0.053540 0.031480 
160 2.518875 0.000000 -0.248473 98.923410 0.000000 -0.378110 0.021402 
161 2.721671 0.000000 -0.059759 98.477072 0.000000 0.000000 0.030227 
162 2.518875 0.000000 0.128955 98.462584 0.000000 -0.084371 0.030511 
163 21.378918 0.000000 6.167802 98.855458 0.000000 15.270595 -0.000559 
164 27.868396 0.000000 6.167802 98.937190 0.000000 14.785402 -0.000718 
165 21.378918 0.000000 12.206648 98.575463 0.000000 16.897318 -0.000264 
166 11.644702 0.000000 3.148379 98.960767 0.000000 14.752341 -0.001086 
167 14.889441 0.000000 3.148379 99.494670 0.000000 11.654313 -0.003501 
168 11.644702 0.000000 6.167802 98.757666 0.000000 16.047363 -0.001059 
169 6.777594 0.000000 1.638667 99.770584 0.000000 10.218693 -0.005859 
170 8.399963 0.000000 1.638667 101.016004 0.000000 3.297535 -0.021511 
171 6.777594 0.000000 3.148379 98.999203 0.000000 14.887813 -0.002249 
172 4.344040 0.000000 0.883811 100.960971 0.000000 4.236083 -0.021106 
173 5.155225 0.000000 0.883811 101.210346 0.000000 3.114766 -0.025324 
174 4.344040 0.000000 1.638667 99.262675 0.000000 13.945277 -0.004755 
175 3.127263 0.000000 0.506383 101.503132 0.000000 -1.169078 -0.030425 
176 3.532855 0.000000 0.506383 100.790295 0.000000 0.632026 -0.015908 
177 3.127263 0.000000 0.883811 100.646062 0.000000 9.461295 -0.021915 
178 2.924467 0.000000 -0.059759 98.675894 0.000000 0.000000 0.026307 
179 2.924467 0.000000 -0.248473 97.946103 0.000000 1.779233 0.040340 
180 3.127263 0.000000 -0.059759 99.118156 0.000000 -0.000000 0.017559 
181 2.924467 0.000000 0.128955 98.659516 0.000000 0.000000 0.026630 
182 3.938448 0.000000 -0.248473 100.073056 0.000000 8.007480 -0.007874 
183 3.938448 0.000000 -0.625900 98.889964 0.000000 10.333467 0.011399 
184 4.344040 0.000000 -0.248473 99.236530 0.000000 7.967675 0.008863 
185 3.938448 0.000000 0.128955 98.869477 0.000000 0.000000 0.022483 
186 3.938448 0.000000 0.506383 100.814533 0.000000 1.066618 -0.016471 
187 4.344040 0.000000 0.506383 101.076737 0.000000 3.054564 -0.022584 
188 3.938448 0.000000 0.883811 100.557533 0.000000 6.462208 -0.015358 
189 3.735652 0.000000 -0.059759 99.068857 0.000000 -0.000000 0.018536 
190 3.532855 0.000000 -0.059759 99.277797 0.000000 -0.000000 0.014392 
191 3.735652 0.000000 -0.248473 101.222327 0.000000 6.478467 -0.028793 
192 3.938448 0.000000 -0.059759 98.928897 0.000000 0.000000 0.021307 
193 3.735652 0.000000 0.128955 99.004343 0.000000 -0.000000 0.019814 
194 1.707690 0.000000 0.317669 96.986837 0.000000 -0.501659 0.059330 
195 1.504894 0.000000 0.317669 96.770441 0.000000 -0.520517 0.063521 
196 1.910486 0.000000 0.317669 97.101170 0.000000 -0.492820 0.057112 
197 1.707690 0.000000 0.506383 96.922808 0.000000 -0.507996 0.060571 
198 1.809088 0.000000 0.034598 95.672244 0.000000 -0.205224 0.084678 
199 1.707690 0.000000 0.034598 96.514459 0.000000 -0.287726 0.068488 
200 1.809088 0.000000 -0.059759 95.645681 0.000000 -0.222140 0.085185 
201 1.910486 0.000000 0.034598 97.039389 0.000000 -0.201189 0.058332 
202 1.809088 0.000000 0.128955 96.435715 0.000000 -0.333480 0.070004 
203 1.606292 0.000000 0.034598 94.554826 0.000000 -0.283757 0.105930 
204 1.504894 0.000000 0.034598 92.922954 0.000000 -0.296466 0.136524 
205 1.606292 0.000000 -0.059759 91.462516 0.000000 -0.241453 0.163455 
206 1.606292 0.000000 0.128955 92.584715 0.000000 -0.317506 0.142797 
207 2.113282 0.000000 0.317669 98.185332 0.000000 -0.379345 0.035950 
208 2.316078 0.000000 0.317669 98.628502 0.000000 -0.362943 0.027229 
209 2.113282 0.000000 0.506383 98.337355 0.000000 -0.369712 0.032963 
210 1.809088 0.000000 0.223312 97.088711 0.000000 -0.493200 0.057354 
211 1.707690 0.000000 0.223312 97.013641 0.000000 -0.499037 0.058810 
212 1.910486 0.000000 0.223312 97.131566 0.000000 -0.490150 0.056522 
213 1.809088 0.000000 0.317669 97.058003 0.000000 -0.496007 0.057950 
214 1.758389 0.000000 0.081777 96.551806 0.000000 -0.301370 0.067766 
215 1.707690 0.000000 0.081777 95.968233 0.000000 -0.284553 0.079002 
216 1.758389 0.000000 0.034598 97.345068 0.000000 -0.304994 0.052384 
217 1.809088 0.000000 0.081777 95.698312 0.000000 -0.240982 0.084178 
218 1.758389 0.000000 0.128955 95.565867 0.000000 -0.300750 0.086707 
219 -4.578991 0.000000 -17.987584 98.435904 0.000000 17.345772 0.000950 
220 -11.068469 0.000000 -17.987584 98.451434 0.000000 17.364360 0.000579 
221 -4.578991 0.000000 -24.026431 98.453819 0.000000 17.350111 0.000582 
222 1.910486 0.000000 -17.987584 98.430677 0.000000 17.312279 0.001169 
223 -1.334253 0.000000 -8.929314 98.299465 0.000000 17.281486 0.003857 
224 -4.578991 0.000000 -8.929314 98.360625 0.000000 17.359404 0.002384 
225 -1.334253 0.000000 -11.948738 98.375130 0.000000 17.301425 0.002299 
226 1.910486 0.000000 -8.929314 98.290887 0.000000 17.150342 0.004477 
227 0.288117 0.000000 -4.400180 97.839809 0.000000 17.083230 0.013553 
228 -1.334253 0.000000 -4.400180 98.029524 0.000000 17.344324 0.008939 
229 0.288117 0.000000 -5.909891 98.085767 0.000000 17.131126 0.008571 
230 1.910486 0.000000 -4.400180 97.828041 0.000000 16.677505 0.015154 
231 1.099301 0.000000 -2.135612 96.414618 0.000000 16.518476 0.043136 
232 0.288117 0.000000 -2.135612 96.847854 0.000000 17.403987 0.031759 
233 1.099301 0.000000 -2.890468 97.157238 0.000000 16.665217 0.028274 
234 1.910486 0.000000 -2.135612 96.610448 0.000000 15.492008 0.042642 
235 1.504894 0.000000 -1.003328 93.481447 0.000000 13.947104 0.106670 
236 1.099301 0.000000 -1.003328 93.315302 0.000000 16.083874 0.103356 
237 1.504894 0.000000 -1.380756 94.923711 0.000000 15.024605 0.076375 
238 1.910486 0.000000 -1.003328 94.551955 0.000000 12.383858 0.090657 
239 1.707690 0.000000 -0.437187 96.894473 0.000000 -0.510809 0.061120 
240 1.504894 0.000000 -0.437187 96.747631 0.000000 -0.524014 0.063962 
241 1.707690 0.000000 -0.625900 97.874872 0.000000 -0.398275 0.042035 
242 1.910486 0.000000 -0.437187 97.943274 0.000000 -0.395264 0.040696 
243 1.809088 0.000000 -0.154116 96.964333 0.000000 -0.401283 0.059776 
244 1.707690 0.000000 -0.154116 95.695096 0.000000 -0.410718 0.084228 
245 1.809088 0.000000 -0.248473 97.024082 0.000000 -0.499126 0.058608 
246 1.910486 0.000000 -0.154116 96.995985 0.000000 -0.395657 0.059162 
247 1.758389 0.000000 -0.012580 94.783964 0.000000 -0.200151 0.101596 
248 1.707690 0.000000 -0.012580 93.922080 0.000000 -0.205722 0.117860 
249 1.758389 0.000000 -0.059759 95.198298 0.000000 -0.253658 0.093722 
250 1.809088 0.000000 -0.012580 95.804628 0.000000 -0.175980 0.082144 
251 2.011884 0.000000 0.034598 97.603361 0.000000 -0.131062 0.047357 
252 2.011884 0.000000 -0.059759 97.538638 0.000000 -0.160669 0.048619 
253 2.113282 0.000000 0.034598 98.017770 0.000000 -0.115114 0.039250 
254 2.011884 0.000000 0.128955 97.708800 0.000000 -0.314762 0.045289 
255 1.859787 0.000000 0.081777 96.526746 0.000000 -0.231224 0.068253 
256 1.859787 0.000000 0.034598 96.589336 0.000000 -0.164130 0.067047 
257 1.910486 0.000000 0.081777 97.068457 0.000000 -0.230766 0.057766 
258 1.859787 0.000000 0.128955 97.005108 0.000000 -0.382244 0.058986 
259 1.783738 0.000000 0.058188 97.898008 0.000000 -0.329950 0.041587 
260 1.758389 0.000000 0.058188 97.647470 0.000000 -0.327435 0.046486 
261 1.783738 0.000000 0.034598 97.058964 0.000000 -0.287814 0.057947 
262 1.809088 0.000000 0.058188 98.084746 0.000000 -0.339368 0.037927 
263 1.783738 0.000000 0.081777 95.486079 0.000000 -0.267963 0.088234 
264 1.859787 0.000000 -0.012580 96.571354 0.000000 -0.108741 0.067396 
265 1.859787 0.000000 -0.059759 96.495548 0.000000 -0.208145 0.068857 
266 1.910486 0.000000 -0.012580 97.024896 0.000000 -0.191589 0.058613 
267 1.783738 0.000000 0.011009 95.431389 0.000000 -0.208876 0.089281 
268 1.758389 0.000000 0.011009 94.789320 0.000000 -0.200500 0.101494 
269 1.783738 0.000000 -0.012580 95.426504 0.000000 -0.208616 0.089374 
270 1.809088 0.000000 0.011009 95.809552 0.000000 -0.175973 0.082050 
271 1.834437 0.000000 0.058188 95.944831 0.000000 -0.197135 0.079455 
272 1.834437 0.000000 0.034598 95.986243 0.000000 -0.171203 0.078661 
273 1.859787 0.000000 0.058188 96.509466 0.000000 -0.208902 0.068588 
274 1.834437 0.000000 0.081777 95.810445 0.000000 -0.238856 0.082030 
275 1.796413 0.000000 0.046393 98.325120 0.000000 -0.347727 0.033205 
276 1.783738 0.000000 0.046393 98.012385 0.000000 -0.333058 0.039346 
277 1.796413 0.000000 0.034598 97.596380 0.000000 -0.310196 0.047485 
278 1.809088 0.000000 0.046393 98.272058 0.000000 -0.346810 0.034248 
279 1.796413 0.000000 0.058188 97.998675 0.000000 -0.333873 0.039615 
280 -17.557946 0.000000 6.167802 98.500458 0.000000 17.385823 -0.000461 
281 -24.047424 0.000000 6.167802 98.490053 0.000000 17.377761 -0.000228 
282 -17.557946 0.000000 12.206648 98.505639 0.000000 17.375349 -0.000526 
283 -7.823730 0.000000 3.148379 98.564119 0.000000 17.452253 -0.001947 
284 -11.068469 0.000000 3.148379 98.519147 0.000000 17.418547 -0.000943 
285 -7.823730 0.000000 6.167802 98.584571 0.000000 17.406601 -0.002191 
286 -2.956622 0.000000 1.638667 98.771033 0.000000 17.706713 -0.006924 
287 -4.578991 0.000000 1.638667 98.628091 0.000000 17.574952 -0.003638 
288 -2.956622 0.000000 3.148379 98.868079 0.000000 17.536721 -0.008243 
289 -0.523068 0.000000 0.883811 98.910144 0.000000 19.213748 -0.015238 
290 -1.334253 0.000000 0.883811 98.824201 0.000000 18.281717 -0.010044 
291 -0.523068 0.000000 1.638667 99.689576 0.000000 18.299237 -0.027287 
292 0.693709 0.000000 0.506383 94.688460 0.000000 -0.727239 0.103357 
293 0.288117 0.000000 0.506383 100.908580 0.000000 22.150234 -0.067317 
294 0.693709 0.000000 0.883811 103.377172 0.000000 20.742405 -0.111709 
295 1.302097 0.000000 0.317669 96.524913 0.000000 -0.544491 0.068264 
296 1.099301 0.000000 0.317669 96.353790 0.000000 -0.562997 0.071563 
297 1.302097 0.000000 0.506383 96.571508 0.000000 -0.540756 0.067365 
298 1.606292 0.000000 0.223312 96.906922 0.000000 -0.507918 0.060879 
299 1.504894 0.000000 0.223312 96.776633 0.000000 -0.519499 0.063401 
300 1.606292 0.000000 0.317669 96.888619 0.000000 -0.509942 0.061234 
301 1.656991 0.000000 0.081777 94.930291 0.000000 -0.281831 0.098816 
302 1.606292 0.000000 0.081777 94.510539 0.000000 -0.296877 0.106767 
303 1.656991 0.000000 0.034598 94.966959 0.000000 -0.257176 0.098121 
304 1.656991 0.000000 0.128955 95.542029 0.000000 -0.400851 0.087156 
305 1.403496 0.000000 0.034598 88.737755 0.000000 -0.326290 0.212550 
306 1.302097 0.000000 0.034598 83.756171 0.000000 -0.356836 0.298478 
307 1.403496 0.000000 -0.059759 83.257445 0.000000 -0.256224 0.306813 
308 1.403496 0.000000 0.128955 85.983565 0.000000 -0.334881 0.260671 
309 1.403496 0.000000 0.223312 96.636897 0.000000 -0.532762 0.066103 
310 1.302097 0.000000 0.223312 96.504802 0.000000 -0.546110 0.068652 
311 1.403496 0.000000 0.317669 96.644385 0.000000 -0.532485 0.065958 
312 1.454195 0.000000 0.081777 91.454014 0.000000 -0.315632 0.163606 
313 1.403496 0.000000 0.081777 89.151159 0.000000 -0.340340 0.205195 
314 1.454195 0.000000 0.034598 89.667752 0.000000 -0.280709 0.195962 
315 1.504894 0.000000 0.081777 93.129288 0.000000 -0.311803 0.132684 
316 1.454195 0.000000 0.128955 93.376591 0.000000 -0.422912 0.128063 
317 0.896505 0.000000 -0.059759 92.922441 0.000000 -0.218814 0.136537 
318 0.693709 0.000000 -0.059759 96.977778 0.000000 -0.180210 0.059528 
319 0.896505 0.000000 -0.248473 95.379415 0.000000 -0.644224 0.090235 
320 0.896505 0.000000 0.128955 95.774749 0.000000 -0.374987 0.082706 
321 1.200699 0.000000 0.034598 87.135572 0.000000 -0.557207 0.240708 
322 1.099301 0.000000 0.034598 82.395128 0.000000 -0.203451 0.321100 
323 1.200699 0.000000 -0.059759 78.431469 0.000000 -0.260461 0.384844 
324 1.200699 0.000000 0.128955 84.345315 0.000000 -0.342229 0.288575 
325 0.896505 0.000000 0.317669 95.557322 0.000000 -0.627747 0.086840 
326 0.693709 0.000000 0.317669 94.916527 0.000000 -0.697227 0.099037 
327 0.896505 0.000000 0.506383 95.404414 0.000000 -0.640837 0.089759 
328 1.200699 0.000000 0.223312 96.396180 0.000000 -0.557739 0.070747 
329 1.099301 0.000000 0.223312 96.320748 0.000000 -0.566269 0.072199 
330 1.200699 0.000000 0.317669 96.425292 0.000000 -0.555041 0.070186 
331 1.251398 0.000000 0.081777 83.591752 0.000000 -0.395681 0.301226 
332 1.200699 0.000000 0.081777 79.697642 0.000000 -0.280927 0.364821 
333 1.251398 0.000000 0.034598 82.408134 0.000000 -0.381909 0.320875 
334 1.302097 0.000000 0.081777 84.968745 0.000000 -0.370632 0.278018 
335 1.251398 0.000000 0.128955 87.836390 0.000000 -0.441705 0.228457 
336 0.997903 0.000000 0.034598 90.027614 0.000000 -0.220658 0.189498 
337 0.896505 0.000000 0.034598 93.277365 0.000000 -0.190217 0.129930 
338 0.997903 0.000000 -0.059759 89.918502 0.000000 -0.249153 0.191460 
339 0.997903 0.000000 0.128955 92.329591 0.000000 -0.331188 0.147514 
340 1.150000 0.000000 0.081777 83.025470 0.000000 -0.306232 0.310668 
341 1.099301 0.000000 0.081777 83.229956 0.000000 -0.275166 0.307270 
342 1.150000 0.000000 0.034598 81.210800 0.000000 -0.249572 0.340474 
343 1.150000 0.000000 0.128955 84.672435 0.000000 -0.340758 0.283046 
344 1.302097 0.000000 -0.437187 96.587430 0.000000 -0.539533 0.067058 
345 1.099301 0.000000 -0.437187 96.044836 0.000000 -0.582065 0.077505 
346 1.302097 0.000000 -0.625900 96.178338 0.000000 -0.567389 0.074941 
347 1.200699 0.000000 -0.154116 88.849686 0.000000 -0.456675 0.210552 
348 1.099301 0.000000 -0.154116 92.853804 0.000000 -0.452188 0.137797 
349 1.200699 0.000000 -0.248473 96.452729 0.000000 -0.552543 0.069657 
350 1.302097 0.000000 -0.154116 88.797214 0.000000 -0.446142 0.211486 
351 1.150000 0.000000 -0.012580 80.819658 0.000000 -0.240206 0.346813 
352 1.099301 0.000000 -0.012580 81.803727 0.000000 -0.175605 0.330812 
353 1.150000 0.000000 -0.059759 81.690931 0.000000 -0.259925 0.332652 
354 1.200699 0.000000 -0.012580 76.857416 0.000000 -0.238677 0.409288 
355 1.175350 0.000000 0.058188 90.429532 0.000000 -0.708149 0.182200 
356 1.150000 0.000000 0.058188 81.825546 0.000000 -0.263610 0.330451 
357 1.175350 0.000000 0.034598 85.347386 0.000000 -0.506888 0.271557 
358 1.200699 0.000000 0.058188 88.608198 0.000000 -0.599197 0.214823 
359 1.175350 0.000000 0.081777 82.602068 0.000000 -0.307227 0.317680 
360 0.997903 0.000000 0.223312 96.279239 0.000000 -0.571282 0.072998 
361 0.896505 0.000000 0.223312 95.713566 0.000000 -0.614919 0.083854 
362 0.997903 0.000000 0.317669 96.192620 0.000000 -0.576381 0.074665 
363 1.048602 0.000000 0.081777 89.695799 0.000000 -0.271871 0.195459 
364 0.997903 0.000000 0.081777 91.594438 0.000000 -0.295755 0.161037 
365 1.048602 0.000000 0.034598 85.882651 0.000000 -0.197810 0.262413 
366 1.048602 0.000000 0.128955 92.370823 0.000000 -0.444438 0.146743 
367 1.124651 0.000000 0.058188 82.247766 0.000000 -0.258430 0.323524 
368 1.099301 0.000000 0.058188 83.026949 0.000000 -0.229117 0.310647 
369 1.124651 0.000000 0.034598 81.690042 0.000000 -0.240140 0.332668 
370 1.124651 0.000000 0.081777 82.905217 0.000000 -0.277106 0.312665 
371 1.251398 0.000000 -0.012580 69.094318 0.000000 -0.156589 0.522595 
372 1.251398 0.000000 -0.059759 75.996281 0.000000 -0.230251 0.422451 
373 1.302097 0.000000 -0.012580 73.306950 0.000000 -0.195047 0.462605 
374 1.175350 0.000000 0.011009 78.131987 0.000000 -0.226942 0.389534 
375 1.150000 0.000000 0.011009 80.842997 0.000000 -0.240837 0.346435 
376 1.175350 0.000000 -0.012580 78.104913 0.000000 -0.226273 0.389957 
377 1.200699 0.000000 0.011009 76.880215 0.000000 -0.239273 0.408938 
378 1.162675 0.000000 0.046393 91.217662 0.000000 -0.762908 0.167876 
379 1.150000 0.000000 0.046393 91.369560 0.000000 -0.801494 0.165096 
380 1.162675 0.000000 0.034598 87.255682 0.000000 -0.574297 0.238612 
381 1.175350 0.000000 0.046393 89.902457 0.000000 -0.709051 0.191705 
382 1.162675 0.000000 0.058188 89.821932 0.000000 -0.699531 0.193153 
383 3.330059 0.000000 -0.059759 99.486539 0.000000 -0.000000 0.010243 
384 3.330059 0.000000 -0.248473 99.510909 0.000000 2.704118 0.009027 
385 3.330059 0.000000 0.128955 99.516998 0.000000 -0.000000 0.009637 
386 3.735652 0.000000 0.317669 98.622002 0.000000 5.440931 0.024410 
387 3.532855 0.000000 0.317669 98.883717 0.000000 3.098688 0.021241 
388 3.938448 0.000000 0.317669 99.279342 0.000000 7.256483 0.009096 
389 3.735652 0.000000 0.506383 100.666979 0.000000 0.865447 -0.013459 
390 3.634253 0.000000 0.034598 99.164407 0.000000 -0.000000 0.016642 
391 3.532855 0.000000 0.034598 99.291842 0.000000 -0.000000 0.014113 
392 3.634253 0.000000 -0.059759 99.167001 0.000000 -0.000000 0.016591 
393 3.735652 0.000000 0.034598 99.072462 0.000000 -0.000000 0.018465 
394 3.634253 0.000000 0.128955 99.204393 0.000000 -0.000000 0.015849 
395 3.330059 0.000000 0.317669 99.794601 0.000000 1.345917 0.003923 
396 3.127263 0.000000 0.317669 100.344976 0.000000 -0.095275 -0.006912 
397 3.330059 0.000000 0.506383 101.147336 0.000000 0.097603 -0.023079 
398 3.431457 0.000000 0.034598 99.418234 0.000000 -0.000000 0.011601 
399 3.330059 0.000000 0.034598 99.486982 0.000000 -0.000000 0.010234 
400 3.431457 0.000000 -0.059759 99.404245 0.000000 0.000000 0.011880 
401 3.431457 0.000000 0.128955 99.443732 0.000000 -0.000000 0.011094 
402 8.399963 0.000000 -17.987584 98.444731 0.000000 17.284269 0.000989 
403 8.399963 0.000000 -24.026431 98.457462 0.000000 17.322130 0.000607 
404 14.889441 0.000000 -17.987584 98.463227 0.000000 17.275898 0.000654 
405 5.155225 0.000000 -8.929314 98.347514 0.000000 17.050595 0.003704 
406 5.155225 0.000000 -11.948738 98.395629 0.000000 17.193231 0.002269 
407 8.399963 0.000000 -8.929314 98.417337 0.000000 17.027873 0.002408 
408 3.532855 0.000000 -4.400180 98.034945 0.000000 16.383458 0.012073 
409 3.532855 0.000000 -5.909891 98.170651 0.000000 16.780481 0.008094 
410 5.155225 0.000000 -4.400180 98.272111 0.000000 16.309716 0.007659 
411 4.344040 0.000000 -2.135612 98.202917 0.000000 14.693409 0.014029 
412 3.532855 0.000000 -2.135612 97.768953 0.000000 14.636360 0.022701 
413 4.344040 0.000000 -2.890468 98.124524 0.000000 15.467325 0.013234 
414 5.155225 0.000000 -2.135612 98.486436 0.000000 14.857697 0.007967 
415 3.938448 0.000000 -1.003328 98.412666 0.000000 12.011930 0.017066 
416 3.532855 0.000000 -1.003328 98.046581 0.000000 11.755693 0.024867 
417 3.938448 0.000000 -1.380756 98.177911 0.000000 13.184009 0.018728 
418 4.344040 0.000000 -1.003328 98.659307 0.000000 12.294376 0.011519 
419 3.735652 0.000000 -0.437187 99.484991 0.000000 8.621225 0.002841 
420 3.532855 0.000000 -0.437187 99.218676 0.000000 7.738308 0.009577 
421 3.735652 0.000000 -0.625900 98.790474 0.000000 10.003154 0.014038 
422 3.938448 0.000000 -0.437187 99.345203 0.000000 9.257795 0.004482 
423 3.634253 0.000000 -0.154116 99.179584 0.000000 -0.000000 0.016341 
424 3.532855 0.000000 -0.154116 99.229996 0.000000 -0.000000 0.015341 
425 3.634253 0.000000 -0.248473 101.341688 0.000000 5.298739 -0.029821 
426 3.735652 0.000000 -0.154116 103.125782 0.000000 3.880865 -0.064999 
427 3.583554 0.000000 -0.012580 99.193135 0.000000 -0.000000 0.016072 
428 3.532855 0.000000 -0.012580 99.270816 0.000000 -0.000000 0.014531 
429 3.583554 0.000000 -0.059759 99.204497 0.000000 -0.000000 0.015847 
430 3.634253 0.000000 -0.012580 99.142384 0.000000 -0.000000 0.017079 
431 3.583554 0.000000 0.034598 99.196972 0.000000 -0.000000 0.015996 
432 5.966409 0.000000 -0.625900 99.576943 0.000000 12.285121 -0.006649 
433 5.966409 0.000000 -1.380756 98.945337 0.000000 14.179201 0.000877 
434 6.777594 0.000000 -0.625900 99.394308 0.000000 13.157762 -0.005236 
435 5.966409 0.000000 0.128955 101.351358 0.000000 -11.040974 -0.039400 
436 4.749632 0.000000 -0.248473 99.425142 0.000000 8.043894 0.004994 
437 4.749632 0.000000 -0.625900 99.144255 0.000000 11.065384 0.004797 
438 5.155225 0.000000 -0.248473 99.689836 0.000000 8.307336 -0.000708 
439 4.749632 0.000000 0.128955 98.975571 0.000000 2.761283 0.019621 
440 4.141244 0.000000 -0.059759 99.090536 0.000000 3.078671 0.017159 
441 4.141244 0.000000 -0.248473 99.340788 0.000000 8.082725 0.006608 
442 4.344040 0.000000 -0.059759 99.169523 0.000000 2.767222 0.015775 
443 4.141244 0.000000 0.128955 99.157351 0.000000 1.026931 0.016677 
444 3.837050 0.000000 0.034598 98.939398 0.000000 0.000000 0.021100 
445 3.837050 0.000000 -0.059759 98.933453 0.000000 0.000000 0.021217 
446 3.938448 0.000000 0.034598 98.929201 0.000000 0.000000 0.021301 
447 3.837050 0.000000 0.128955 98.928812 0.000000 0.000000 0.021309 
448 3.684952 0.000000 -0.012580 99.117825 0.000000 -0.000000 0.017566 
449 3.684952 0.000000 -0.059759 99.096516 0.000000 -0.000000 0.017988 
450 3.735652 0.000000 -0.012580 99.062850 0.000000 -0.000000 0.018655 
451 3.684952 0.000000 0.034598 99.107841 0.000000 -0.000000 0.017764 
452 3.634253 0.000000 0.223312 96.898354 0.000000 1.737774 0.060769 
453 3.532855 0.000000 0.223312 97.367978 0.000000 0.096908 0.051947 
454 3.735652 0.000000 0.223312 97.034158 0.000000 3.398285 0.057282 
455 3.634253 0.000000 0.317669 98.601067 0.000000 4.272043 0.025958 
456 3.583554 0.000000 0.081777 99.230819 0.000000 -0.000000 0.015324 
457 3.532855 0.000000 0.081777 99.279219 0.000000 -0.000000 0.014364 
458 3.634253 0.000000 0.081777 99.198605 0.000000 -0.000000 0.015964 
459 3.583554 0.000000 0.128955 99.224188 0.000000 -0.000000 0.015456 
460 3.608904 0.000000 0.011009 99.162945 0.000000 -0.000000 0.016671 
461 3.583554 0.000000 0.011009 99.196643 0.000000 0.000000 0.016003 
462 3.608904 0.000000 -0.012580 99.163248 0.000000 -0.000000 0.016665 
463 3.634253 0.000000 0.011009 99.142355 0.000000 -0.000000 0.017079 
464 3.608904 0.000000 0.034598 99.169308 0.000000 -0.000000 0.016545 
465 2.721671 0.000000 -2.135612 97.203453 0.000000 14.847340 0.033105 
466 2.721671 0.000000 -2.890468 97.512245 0.000000 15.711432 0.024451 
467 3.127263 0.000000 -1.003328 97.518565 0.000000 11.561309 0.035647 
468 2.721671 0.000000 -1.003328 96.795284 0.000000 11.463386 0.049926 
469 3.127263 0.000000 -1.380756 97.406943 0.000000 13.002914 0.034281 
470 3.330059 0.000000 -0.437187 98.665388 0.000000 7.129726 0.021431 
471 3.127263 0.000000 -0.437187 98.164399 0.000000 6.738826 0.031834 
472 3.330059 0.000000 -0.625900 98.206780 0.000000 9.277730 0.026935 
473 3.431457 0.000000 -0.154116 99.440456 0.000000 0.000000 0.011160 
474 3.330059 0.000000 -0.154116 99.530207 0.000000 -0.000000 0.009374 
475 3.431457 0.000000 -0.248473 100.201964 0.000000 3.194436 -0.005064 
476 3.482156 0.000000 -0.012580 99.316615 0.000000 -0.000000 0.013621 
477 3.431457 0.000000 -0.012580 99.420706 0.000000 -0.000000 0.011552 
478 3.482156 0.000000 -0.059759 99.351436 0.000000 0.000000 0.012929 
479 3.482156 0.000000 0.034598 99.350697 0.000000 0.000000 0.012944 
480 3.558205 0.000000 0.011009 99.222258 0.000000 -0.000000 0.015494 
481 3.532855 0.000000 0.011009 99.269634 0.000000 -0.000000 0.014554 
482 3.558205 0.000000 -0.012580 99.222073 0.000000 -0.000000 0.015498 
483 3.558205 0.000000 0.034598 99.221500 0.000000 -0.000000 0.015509 
484 3.583554 0.000000 -0.106937 99.223239 0.000000 -0.000000 0.015475 
485 3.532855 0.000000 -0.106937 99.280873 0.000000 -0.000000 0.014331 
486 3.583554 0.000000 -0.154116 99.203367 0.000000 -0.000000 0.015869 
487 3.634253 0.000000 -0.106937 99.217435 0.000000 -0.000000 0.015590 
488 3.558205 0.000000 -0.036169 99.221798 0.000000 -0.000000 0.015503 
489 3.532855 0.000000 -0.036169 99.291939 0.000000 -0.000000 0.014111 
490 3.558205 0.000000 -0.059759 99.269345 0.000000 -0.000000 0.014560 
491 3.583554 0.000000 -0.036169 99.197457 0.000000 -0.000000 0.015986 
492 3.570880 0.000000 -0.000786 99.213571 0.000000 0.000000 0.015667 
493 3.558205 0.000000 -0.000786 99.222859 0.000000 0.000000 0.015482 
494 3.570880 0.000000 -0.012580 99.209457 0.000000 0.000000 0.015748 
495 3.583554 0.000000 -0.000786 99.199864 0.000000 0.000000 0.015939 
496 3.570880 0.000000 0.011009 99.209786 0.000000 0.000000 0.015742 
497 3.228661 0.000000 0.034598 99.398955 0.000000 -0.000000 0.011985 
498 3.127263 0.000000 0.034598 99.161142 0.000000 -0.000000 0.016707 
499 3.228661 0.000000 -0.059759 99.430259 0.000000 -0.000000 0.011362 
500 3.228661 0.000000 0.128955 99.506512 0.000000 -0.000000 0.009845 
501 3.380758 0.000000 -0.012580 99.501293 0.000000 -0.000000 0.009949 
502 3.330059 0.000000 -0.012580 99.508794 0.000000 -0.000000 0.009800 
503 3.380758 0.000000 -0.059759 99.460852 0.000000 -0.000000 0.010754 
504 3.380758 0.000000 0.034598 99.462260 0.000000 -0.000000 0.010726 
505 3.431457 0.000000 0.223312 98.279920 0.000000 -1.081557 0.033989 
506 3.330059 0.000000 0.223312 99.037292 0.000000 -1.750859 0.018855 
507 3.431457 0.000000 0.317669 99.352043 0.000000 2.116792 0.012469 
508 3.482156 0.000000 0.081777 99.342308 0.000000 -0.000000 0.013111 
509 3.431457 0.000000 0.081777 99.415028 0.000000 0.000000 0.011665 
510 3.482156 0.000000 0.128955 99.315252 0.000000 -0.000000 0.013648 
511 3.456807 0.000000 0.011009 99.360123 0.000000 0.000000 0.012757 
512 3.431457 0.000000 0.011009 99.424188 0.000000 -0.000000 0.011483 
513 3.456807 0.000000 -0.012580 99.363056 0.000000 0.000000 0.012698 
514 3.482156 0.000000 0.011009 99.315600 0.000000 -0.000000 0.013641 
515 3.456807 0.000000 0.034598 99.353378 0.000000 -0.000000 0.012891 
516 3.228661 0.000000 -0.154116 99.522123 0.000000 -0.000000 0.009535 
517 3.127263 0.000000 -0.154116 98.763221 0.000000 0.000000 0.024583 
518 3.228661 0.000000 -0.248473 99.021910 0.000000 2.379176 0.018900 
519 3.279360 0.000000 -0.012580 99.471011 0.000000 -0.000000 0.010552 
520 3.228661 0.000000 -0.012580 99.403639 0.000000 -0.000000 0.011892 
521 3.279360 0.000000 -0.059759 99.494699 0.000000 -0.000000 0.010080 
522 3.279360 0.000000 0.034598 99.471070 0.000000 -0.000000 0.010551 
523 3.380758 0.000000 0.081777 99.474085 0.000000 -0.000000 0.010491 
524 3.330059 0.000000 0.081777 99.490366 0.000000 -0.000000 0.010167 
525 3.380758 0.000000 0.128955 99.491305 0.000000 -0.000000 0.010148 
526 3.355409 0.000000 0.011009 99.505659 0.000000 -0.000000 0.009862 
527 3.330059 0.000000 0.011009 99.510347 0.000000 -0.000000 0.009769 
528 3.355409 0.000000 -0.012580 99.503913 0.000000 -0.000000 0.009897 
529 3.380758 0.000000 0.011009 99.502482 0.000000 -0.000000 0.009926 
530 3.355409 0.000000 0.034598 99.478128 0.000000 -0.000000 0.010410 
531 2.924467 0.000000 0.317669 100.765918 0.000000 -1.579014 -0.015626 
532 2.721671 0.000000 0.317669 101.336342 0.000000 -3.100211 -0.027867 
533 2.924467 0.000000 0.506383 101.820301 0.000000 -2.423544 -0.037325 
534 3.228661 0.000000 0.223312 99.487605 0.000000 -2.245233 0.009718 
535 3.127263 0.000000 0.223312 99.753683 0.000000 -2.698716 0.004192 
536 3.228661 0.000000 0.317669 100.119120 0.000000 0.628594 -0.002423 
537 3.279360 0.000000 0.081777 99.501260 0.000000 -0.000000 0.009950 
538 3.228661 0.000000 0.081777 99.430226 0.000000 -0.000000 0.011363 
539 3.279360 0.000000 0.128955 99.529315 0.000000 -0.000000 0.009392 
540 3.304710 0.000000 0.011009 99.504115 0.000000 -0.000000 0.009893 
541 3.279360 0.000000 0.011009 99.471007 0.000000 -0.000000 0.010552 
542 3.304710 0.000000 -0.012580 99.503181 0.000000 -0.000000 0.009912 
543 3.304710 0.000000 0.034598 99.496126 0.000000 -0.000000 0.010052 
544 3.025865 0.000000 0.034598 98.798173 0.000000 -0.000000 0.023892 
545 2.924467 0.000000 0.034598 98.665237 0.000000 0.000000 0.026517 
546 3.025865 0.000000 -0.059759 98.808063 0.000000 -0.000000 0.023697 
547 3.025865 0.000000 0.128955 98.765135 0.000000 0.000000 0.024545 
548 3.177962 0.000000 -0.012580 99.362111 0.000000 -0.000000 0.012717 
549 3.127263 0.000000 -0.012580 99.161227 0.000000 -0.000000 0.016705 
550 3.177962 0.000000 -0.059759 99.311130 0.000000 -0.000000 0.013730 
551 3.177962 0.000000 0.034598 99.355896 0.000000 -0.000000 0.012841 
552 3.254011 0.000000 0.011009 99.444683 0.000000 -0.000000 0.011075 
553 3.228661 0.000000 0.011009 99.403940 0.000000 -0.000000 0.011886 
554 3.254011 0.000000 -0.012580 99.444679 0.000000 -0.000000 0.011076 
555 3.254011 0.000000 0.034598 99.444520 0.000000 -0.000000 0.011079 
556 3.279360 0.000000 -0.106937 99.502636 0.000000 -0.000000 0.009923 
557 3.228661 0.000000 -0.106937 99.504725 0.000000 -0.000000 0.009881 
558 3.279360 0.000000 -0.154116 99.527722 0.000000 -0.000000 0.009423 
559 3.330059 0.000000 -0.106937 99.504893 0.000000 -0.000000 0.009878 
560 3.304710 0.000000 -0.036169 99.496173 0.000000 -0.000000 0.010051 
561 3.279360 0.000000 -0.036169 99.471073 0.000000 -0.000000 0.010551 
562 3.304710 0.000000 -0.059759 99.496880 0.000000 -0.000000 0.010037 
563 3.330059 0.000000 -0.036169 99.486962 0.000000 -0.000000 0.010234 
564 3.292035 0.000000 -0.000786 99.515271 0.000000 0.000000 0.009671 
565 3.279360 0.000000 -0.000786 99.487509 0.000000 -0.000000 0.010224 
566 3.292035 0.000000 -0.012580 99.473389 0.000000 -0.000000 0.010504 
567 3.304710 0.000000 -0.000786 99.517556 0.000000 -0.000000 0.009626 
568 3.292035 0.000000 0.011009 99.473391 0.000000 -0.000000 0.010504 
569 3.254011 0.000000 -0.036169 99.444501 0.000000 -0.000000 0.011079 
570 3.228661 0.000000 -0.036169 99.398653 0.000000 -0.000000 0.011991 
571 3.254011 0.000000 -0.059759 99.469781 0.000000 -0.000000 0.010576 
572 3.266685 0.000000 -0.000786 99.471068 0.000000 -0.000000 0.010551 
573 3.254011 0.000000 -0.000786 99.444696 0.000000 -0.000000 0.011075 
574 3.266685 0.000000 -0.012580 99.471154 0.000000 -0.000000 0.010549 
575 3.266685 0.000000 0.011009 99.471134 0.000000 -0.000000 0.010549 
576 3.304710 0.000000 0.058188 99.496835 0.000000 -0.000000 0.010038 
577 3.279360 0.000000 0.058188 99.471031 0.000000 -0.000000 0.010551 
578 3.330059 0.000000 0.058188 99.486574 0.000000 -0.000000 0.010242 
579 3.304710 0.000000 0.081777 99.497425 0.000000 -0.000000 0.010026 
580 3.292035 0.000000 0.022804 99.473363 0.000000 -0.000000 0.010505 
581 3.279360 0.000000 0.022804 99.471040 0.000000 -0.000000 0.010551 
582 3.304710 0.000000 0.022804 99.485957 0.000000 -0.000000 0.010254 
583 3.292035 0.000000 0.034598 99.473299 0.000000 -0.000000 0.010506 
584 3.285698 0.000000 0.005112 99.505299 0.000000 0.000000 0.009870 
585 3.279360 0.000000 0.005112 99.470997 0.000000 -0.000000 0.010552 
586 3.285698 0.000000 -0.000786 99.514958 0.000000 0.000000 0.009677 
587 3.292035 0.000000 0.005112 99.511825 0.000000 0.000000 0.009740 
588 3.285698 0.000000 0.011009 99.472231 0.000000 -0.000000 0.010528 
589 2.518875 0.000000 0.317669 98.903295 0.000000 -0.374524 0.021800 
590 2.518875 0.000000 0.506383 102.754308 0.000000 -2.841522 -0.056652 
591 2.620273 0.000000 0.034598 98.407362 0.000000 -0.007314 0.031599 
592 2.518875 0.000000 0.034598 98.407108 0.000000 -0.049436 0.031604 
593 2.620273 0.000000 -0.059759 98.395705 0.000000 0.000000 0.031829 
594 2.721671 0.000000 0.034598 98.471112 0.000000 0.000000 0.030344 
595 2.620273 0.000000 0.128955 98.466566 0.000000 -0.045732 0.030433 
596 5.966409 0.000000 0.883811 102.302436 0.000000 0.947579 -0.046669 
597 6.777594 0.000000 0.883811 103.224879 0.000000 -5.583595 -0.068655 
598 5.966409 0.000000 1.638667 99.122346 0.000000 12.819987 0.001041 
599 -17.557946 0.000000 -17.987584 98.463780 0.000000 17.370086 0.000316 
600 -24.047424 0.000000 -17.987584 98.470998 0.000000 17.370739 0.000172 
601 -17.557946 0.000000 -24.026431 98.466434 0.000000 17.365899 0.000279 
602 21.378918 0.000000 -17.987584 98.475440 0.000000 17.279274 0.000401 
603 21.378918 0.000000 -24.026431 98.472753 0.000000 17.314151 0.000334 
604 27.868396 0.000000 -17.987584 98.481899 0.000000 17.286128 0.000251 
605 -7.823730 0.000000 -8.929314 98.411231 0.000000 17.384180 0.001302 
606 -11.068469 0.000000 -8.929314 98.440343 0.000000 17.388827 0.000713 
607 -7.823730 0.000000 -11.948738 98.422209 0.000000 17.368616 0.001140 
608 11.644702 0.000000 -8.929314 98.464731 0.000000 17.046407 0.001412 
609 11.644702 0.000000 -11.948738 98.452520 0.000000 17.171938 0.001223 
610 14.889441 0.000000 -8.929314 98.486193 0.000000 17.075928 0.000888 
611 -2.956622 0.000000 -4.400180 98.205674 0.000000 17.438586 0.005154 
612 -4.578991 0.000000 -4.400180 98.317380 0.000000 17.450917 0.002916 
613 -2.956622 0.000000 -5.909891 98.249402 0.000000 17.367118 0.004544 
614 6.777594 0.000000 -4.400180 98.426027 0.000000 16.363361 0.004456 
615 6.777594 0.000000 -5.909891 98.384519 0.000000 16.704551 0.004144 
616 8.399963 0.000000 -4.400180 98.501668 0.000000 16.448857 0.002686 
617 -0.523068 0.000000 -2.135612 97.446687 0.000000 17.743760 0.018930 
618 -1.334253 0.000000 -2.135612 97.863218 0.000000 17.760594 0.010735 
619 -0.523068 0.000000 -2.890468 97.621580 0.000000 17.445525 0.016568 
620 0.693709 0.000000 -1.003328 94.237196 0.000000 17.991908 0.079564 
621 0.288117 0.000000 -1.003328 95.739219 0.000000 19.043953 0.047133 
622 0.693709 0.000000 -1.380756 95.368169 0.000000 17.451637 0.060035 
623 2.316078 0.000000 -1.003328 95.789076 0.000000 11.650884 0.068871 
624 2.316078 0.000000 -1.380756 96.178079 0.000000 13.346671 0.057164 
625 0.896505 0.000000 -0.437187 95.197987 0.000000 -0.662346 0.093690 
626 0.693709 0.000000 -0.437187 94.457749 0.000000 -0.763407 0.107715 
627 0.896505 0.000000 -0.625900 94.471289 0.000000 -0.760745 0.107460 
628 1.403496 0.000000 -0.154116 93.729082 0.000000 -0.441191 0.121466 
629 1.403496 0.000000 -0.248473 96.649684 0.000000 -0.532415 0.065856 
630 1.504894 0.000000 -0.154116 93.764707 0.000000 -0.428968 0.120800 
631 2.113282 0.000000 -0.437187 98.491640 0.000000 -0.364164 0.029926 
632 2.113282 0.000000 -0.625900 98.865460 0.000000 -0.370331 0.022548 
633 2.316078 0.000000 -0.437187 98.805979 0.000000 -0.366568 0.023724 
634 2.518875 0.000000 -0.437187 96.353071 0.000000 6.119916 0.067863 
635 2.518875 0.000000 -0.625900 96.295456 0.000000 8.619643 0.065289 
636 2.721671 0.000000 -0.437187 97.079012 0.000000 6.216278 0.053702 
637 1.606292 0.000000 -0.154116 95.649840 0.000000 -0.420207 0.085093 
638 1.606292 0.000000 -0.248473 96.867798 0.000000 -0.512202 0.061637 
639 2.011884 0.000000 -0.154116 97.831833 0.000000 -0.306243 0.042884 
640 2.011884 0.000000 -0.248473 97.992369 0.000000 -0.393269 0.039734 
641 2.113282 0.000000 -0.154116 98.096649 0.000000 -0.272943 0.037697 
642 5.966409 0.000000 -2.135612 98.643766 0.000000 15.082902 0.004191 
643 5.966409 0.000000 -2.890468 98.485350 0.000000 15.649214 0.005574 
644 6.777594 0.000000 -2.135612 98.707505 0.000000 15.299648 0.002275 
645 4.749632 0.000000 -1.003328 98.851195 0.000000 12.558657 0.007072 
646 4.749632 0.000000 -1.380756 98.626718 0.000000 13.544367 0.008932 
647 5.155225 0.000000 -1.003328 99.012458 0.000000 12.835481 0.003178 
648 2.924467 0.000000 -0.437187 97.663904 0.000000 6.420468 0.042054 
649 2.924467 0.000000 -0.625900 97.426444 0.000000 8.857063 0.042964 
650 4.749632 0.000000 0.506383 100.940515 0.000000 6.134665 -0.022662 
651 5.155225 0.000000 0.506383 101.112130 0.000000 7.819442 -0.028481 
652 4.749632 0.000000 0.883811 100.936349 0.000000 4.414165 -0.020763 
653 3.025865 0.000000 -0.154116 98.763221 0.000000 0.000000 0.024583 
654 2.924467 0.000000 -0.154116 98.659321 0.000000 0.000000 0.026634 
655 3.025865 0.000000 -0.248473 98.302923 0.000000 1.920681 0.033285 
656 2.823069 0.000000 0.034598 98.550799 0.000000 0.000000 0.028774 
657 2.823069 0.000000 -0.059759 98.568750 0.000000 0.000000 0.028420 
658 2.823069 0.000000 0.128955 98.557640 0.000000 0.000000 0.028639 
659 4.141244 0.000000 -0.437187 99.179973 0.000000 9.543674 0.007225 
660 4.141244 0.000000 -0.625900 98.918681 0.000000 10.564032 0.010350 
661 4.344040 0.000000 -0.437187 99.144326 0.000000 9.658049 0.007712 
662 4.141244 0.000000 0.317669 99.862555 0.000000 8.163218 -0.003917 
663 4.344040 0.000000 0.317669 100.107072 0.000000 8.793938 -0.009876 
664 4.141244 0.000000 0.506383 101.018987 0.000000 1.709751 -0.020776 
665 3.837050 0.000000 -0.154116 98.891453 0.000000 0.000000 0.022048 
666 3.837050 0.000000 -0.248473 100.721097 0.000000 7.461515 -0.020041 
667 3.938448 0.000000 -0.154116 100.564148 0.000000 6.950126 -0.016145 
668 1.656991 0.000000 -0.012580 90.945109 0.000000 -0.112127 0.172897 
669 1.606292 0.000000 -0.012580 92.329604 0.000000 -0.237684 0.147519 
670 1.656991 0.000000 -0.059759 92.850231 0.000000 -0.226296 0.137878 
671 1.555593 0.000000 0.081777 94.246110 0.000000 -0.317564 0.111757 
672 1.555593 0.000000 0.034598 93.380796 0.000000 -0.289906 0.127994 
673 1.555593 0.000000 0.128955 92.305478 0.000000 -0.320654 0.147960 
674 2.011884 0.000000 0.223312 97.641525 0.000000 -0.426830 0.046595 
675 2.113282 0.000000 0.223312 98.193764 0.000000 -0.379135 0.035784 
676 2.011884 0.000000 0.317669 97.818413 0.000000 -0.408925 0.043139 
677 1.834437 0.000000 0.011009 96.091780 0.000000 -0.133636 0.076635 
678 1.834437 0.000000 -0.012580 96.081210 0.000000 -0.135667 0.076838 
679 1.859787 0.000000 0.011009 96.571683 0.000000 -0.103270 0.067390 
680 1.352797 0.000000 0.081777 88.981111 0.000000 -0.393402 0.208221 
681 1.352797 0.000000 0.034598 87.171012 0.000000 -0.368646 0.240108 
682 1.352797 0.000000 0.128955 85.232233 0.000000 -0.337159 0.273535 
683 0.997903 0.000000 -0.154116 93.365921 0.000000 -0.392111 0.128265 
684 0.896505 0.000000 -0.154116 95.765023 0.000000 -0.458272 0.082885 
685 0.997903 0.000000 -0.248473 95.942342 0.000000 -0.593757 0.079471 
686 1.048602 0.000000 -0.012580 84.783973 0.000000 -0.166359 0.281165 
687 0.997903 0.000000 -0.012580 89.820528 0.000000 -0.212348 0.193223 
688 1.048602 0.000000 -0.059759 86.757445 0.000000 -0.222301 0.247310 
689 1.124651 0.000000 0.011009 81.344829 0.000000 -0.227073 0.338297 
690 1.099301 0.000000 0.011009 81.797337 0.000000 -0.174874 0.330917 
691 1.124651 0.000000 -0.012580 81.325226 0.000000 -0.226674 0.338616 
692 3.837050 0.000000 0.223312 97.651655 0.000000 4.936007 0.043979 
693 3.938448 0.000000 0.223312 98.490582 0.000000 5.973806 0.026392 
694 3.837050 0.000000 0.317669 98.895349 0.000000 6.475959 0.017777 
695 3.684952 0.000000 0.081777 99.137095 0.000000 -0.000000 0.017184 
696 3.735652 0.000000 0.081777 99.057825 0.000000 -0.000000 0.018755 
697 3.684952 0.000000 0.128955 99.205735 0.000000 -0.000000 0.015822 
698 3.684952 0.000000 -0.106937 99.173422 0.000000 -0.000000 0.016463 
699 3.684952 0.000000 -0.154116 99.147184 0.000000 -0.000000 0.016984 
700 3.735652 0.000000 -0.106937 99.048321 0.000000 -0.000000 0.018943 
701 3.608904 0.000000 -0.036169 99.169771 0.000000 -0.000000 0.016536 
702 3.608904 0.000000 -0.059759 99.175823 0.000000 -0.000000 0.016416 
703 3.634253 0.000000 -0.036169 99.164582 0.000000 -0.000000 0.016639 
704 3.482156 0.000000 -0.106937 99.330663 0.000000 -0.000000 0.013342 
705 3.431457 0.000000 -0.106937 99.427934 0.000000 0.000000 0.011409 
706 3.482156 0.000000 -0.154116 99.350635 0.000000 0.000000 0.012945 
707 3.380758 0.000000 -0.106937 99.472662 0.000000 -0.000000 0.010519 
708 3.380758 0.000000 -0.154116 99.515353 0.000000 -0.000000 0.009669 
709 3.507506 0.000000 0.011009 99.283019 0.000000 -0.000000 0.014288 
710 3.507506 0.000000 -0.012580 99.283775 0.000000 -0.000000 0.014273 
711 3.507506 0.000000 0.034598 99.316587 0.000000 -0.000000 0.013622 
712 3.177962 0.000000 0.081777 99.331286 0.000000 -0.000000 0.013330 
713 3.127263 0.000000 0.081777 99.056665 0.000000 -0.000000 0.018778 
714 3.177962 0.000000 0.128955 99.317814 0.000000 -0.000000 0.013597 
715 3.355409 0.000000 -0.036169 99.478068 0.000000 -0.000000 0.010411 
716 3.355409 0.000000 -0.059759 99.476963 0.000000 -0.000000 0.010433 
717 3.380758 0.000000 -0.036169 99.462187 0.000000 -0.000000 0.010727 
718 3.406108 0.000000 0.011009 99.482485 0.000000 0.000000 0.010324 
719 3.406108 0.000000 -0.012580 99.481369 0.000000 0.000000 0.010346 
720 3.406108 0.000000 0.034598 99.428154 0.000000 0.000000 0.011404 
721 3.177962 0.000000 -0.106937 99.305629 0.000000 -0.000000 0.013839 
722 3.127263 0.000000 -0.106937 99.109031 0.000000 -0.000000 0.017740 
723 3.177962 0.000000 -0.154116 99.163584 0.000000 -2.333659 0.016114 
724 3.355409 0.000000 0.058188 99.477047 0.000000 -0.000000 0.010432 
725 3.380758 0.000000 0.058188 99.460952 0.000000 -0.000000 0.010752 
726 3.355409 0.000000 0.081777 99.475708 0.000000 -0.000000 0.010458 
727 3.406108 0.000000 0.058188 99.438809 0.000000 0.000000 0.011192 
728 3.431457 0.000000 0.058188 99.404317 0.000000 0.000000 0.011878 
729 3.406108 0.000000 0.081777 99.437268 0.000000 0.000000 0.011223 
730 3.025865 0.000000 0.223312 99.984865 0.000000 -3.161398 -0.000697 
731 2.924467 0.000000 0.223312 100.236904 0.000000 -3.590441 -0.006033 
732 3.025865 0.000000 0.317669 100.537026 0.000000 -0.837152 -0.010839 
733 3.254011 0.000000 0.058188 99.469723 0.000000 -0.000000 0.010577 
734 3.228661 0.000000 0.058188 99.430269 0.000000 -0.000000 0.011362 
735 3.254011 0.000000 0.081777 99.499055 0.000000 -0.000000 0.009994 
736 3.266685 0.000000 0.022804 99.471331 0.000000 -0.000000 0.010545 
737 3.254011 0.000000 0.022804 99.444631 0.000000 -0.000000 0.011077 
738 3.266685 0.000000 0.034598 99.471600 0.000000 -0.000000 0.010540 
739 2.823069 0.000000 -0.154116 98.557640 0.000000 0.000000 0.028639 
740 2.721671 0.000000 -0.154116 98.478260 0.000000 0.000000 0.030203 
741 2.823069 0.000000 -0.248473 97.586728 0.000000 1.702425 0.047393 
742 1.555593 0.000000 -0.012580 90.992080 0.000000 -0.239083 0.172038 
743 1.504894 0.000000 -0.012580 88.380426 0.000000 -0.223738 0.218885 
744 1.555593 0.000000 -0.059759 91.107601 0.000000 -0.271763 0.169933 
745 1.352797 0.000000 -0.012580 81.838190 0.000000 -0.283373 0.330243 
746 1.352797 0.000000 -0.059759 79.816120 0.000000 -0.261370 0.362932 
747 1.403496 0.000000 -0.012580 82.477067 0.000000 -0.232473 0.319748 
748 1.454195 0.000000 -0.012580 83.966519 0.000000 -0.162081 0.294960 
749 1.454195 0.000000 -0.059759 86.572435 0.000000 -0.241307 0.250516 
750 3.507506 0.000000 -0.036169 99.316655 0.000000 -0.000000 0.013620 
751 3.482156 0.000000 -0.036169 99.350735 0.000000 0.000000 0.012943 
752 3.507506 0.000000 -0.059759 99.317898 0.000000 -0.000000 0.013596 
753 3.406108 0.000000 -0.036169 99.428064 0.000000 0.000000 0.011406 
754 3.406108 0.000000 -0.059759 99.438711 0.000000 0.000000 0.011194 
755 3.431457 0.000000 -0.036169 99.387356 0.000000 -0.000000 0.012215 
756 3.456807 0.000000 0.058188 99.372634 0.000000 -0.000000 0.012508 
757 3.482156 0.000000 0.058188 99.351383 0.000000 0.000000 0.012930 
758 3.456807 0.000000 0.081777 99.372307 0.000000 -0.000000 0.012514 
759 3.507506 0.000000 0.058188 99.317805 0.000000 -0.000000 0.013597 
760 3.532855 0.000000 0.058188 99.293592 0.000000 -0.000000 0.014078 
761 3.507506 0.000000 0.081777 99.305368 0.000000 -0.000000 0.013844 
762 2.823069 0.000000 0.223312 100.504297 0.000000 -3.990950 -0.011704 
763 2.721671 0.000000 0.223312 100.802835 0.000000 -4.375370 -0.018036 
764 2.823069 0.000000 0.317669 101.034228 0.000000 -2.325940 -0.021333 
765 2.620273 0.000000 0.223312 101.121102 0.000000 -4.772905 -0.024826 
766 2.518875 0.000000 0.223312 98.866713 0.000000 -0.370497 0.022524 
767 2.620273 0.000000 0.317669 101.671899 0.000000 -3.905107 -0.035242 
768 2.620273 0.000000 -0.154116 98.402659 0.000000 0.000000 0.031692 
769 2.518875 0.000000 -0.154116 98.502707 0.000000 -0.106774 0.029721 
770 2.620273 0.000000 -0.248473 96.817817 0.000000 1.651853 0.062358 
771 3.558205 0.000000 0.058188 99.269208 0.000000 -0.000000 0.014562 
772 3.583554 0.000000 0.058188 99.204062 0.000000 -0.000000 0.015855 
773 3.558205 0.000000 0.081777 99.251718 0.000000 -0.000000 0.014910 
774 3.608904 0.000000 0.058188 99.175480 0.000000 -0.000000 0.016422 
775 3.634253 0.000000 0.058188 99.166857 0.000000 -0.000000 0.016593 
776 3.608904 0.000000 0.081777 99.229868 0.000000 -0.000000 0.015343 
777 3.456807 0.000000 -0.036169 99.372896 0.000000 -0.000000 0.012503 
778 3.456807 0.000000 -0.059759 99.372613 0.000000 -0.000000 0.012508 
1 19 21 9 22 
2 20 19 22 4 
3 28 29 3 30 
4 21 28 30 9 
5 35 37 21 38 
6 36 35 38 19 
7 44 45 28 46 
8 37 44 46 21 
9 51 53 37 54 
10 52 51 54 35 
11 60 61 44 62 
12 53 60 62 37 
13 67 69 53 70 
14 68 67 70 51 
15 76 77 60 78 
16 69 76 78 53 
17 83 85 69 86 
18 84 83 86 67 
19 11 94 92 93 
20 94 10 24 92 
21 92 24 14 95 
22 93 92 95 6 
23 24 98 96 97 
24 98 23 40 96 
25 96 40 27 99 
26 97 96 99 14 
27 40 102 100 101 
28 102 39 56 100 
29 100 56 43 103 
30 101 100 103 27 
31 56 106 104 105 
32 106 55 72 104 
33 104 72 59 107 
34 105 104 107 43 
35 72 110 108 109 
36 109 108 111 59 
37 112 113 76 114 
38 85 112 114 69 
39 115 117 85 118 
40 116 115 118 83 
41 132 133 112 134 
42 117 132 134 85 
43 136 124 137 135 
44 135 137 127 138 
45 15 140 139 33 
46 140 17 141 139 
47 139 141 8 142 
48 33 139 142 18 
49 31 144 143 49 
50 144 33 145 143 
51 143 145 18 146 
52 49 143 146 34 
53 148 49 149 147 
54 147 149 34 150 
55 124 160 159 137 
56 137 159 162 127 
57 18 142 163 45 
58 142 8 164 163 
59 163 164 29 165 
60 45 163 165 28 
61 34 146 166 61 
62 146 18 167 166 
63 166 167 45 168 
64 61 166 168 44 
65 150 34 170 169 
66 169 170 61 171 
67 77 169 171 60 
68 172 173 77 174 
69 113 172 174 76 
70 175 176 113 177 
71 133 175 177 112 
72 186 187 172 188 
73 176 186 188 113 
74 194 196 117 197 
75 195 194 197 115 
76 138 127 208 207 
77 207 208 132 209 
78 196 207 209 117 
79 131 202 210 211 
80 202 5 212 210 
81 210 212 196 213 
82 211 210 213 194 
83 199 216 214 215 
84 214 217 202 218 
85 215 214 218 131 
86 12 221 219 220 
87 221 7 222 219 
88 219 222 13 25 
89 220 219 25 10 
90 25 225 223 224 
91 225 13 226 223 
92 223 226 26 41 
93 224 223 41 23 
94 41 229 227 228 
95 229 26 230 227 
96 227 230 42 57 
97 228 227 57 39 
98 57 233 231 232 
99 233 42 234 231 
100 231 234 58 73 
101 232 231 73 55 
102 73 237 235 236 
103 237 58 238 235 
104 235 238 74 89 
105 236 235 89 71 
106 89 241 239 240 
107 241 74 242 239 
108 239 242 90 129 
109 240 239 129 87 
110 129 245 243 244 
111 245 90 246 243 
112 243 246 130 200 
113 244 243 200 128 
114 128 249 247 248 
115 249 200 250 247 
116 248 247 216 199 
117 130 252 251 201 
118 252 135 253 251 
119 251 253 138 254 
120 201 251 254 5 
121 256 201 257 255 
122 255 257 5 258 
123 217 255 258 202 
124 216 261 259 260 
125 259 262 217 263 
126 260 259 263 214 
127 200 265 264 250 
128 265 130 266 264 
129 264 266 201 256 
130 247 269 267 268 
131 269 250 270 267 
132 267 270 198 261 
133 268 267 261 216 
134 198 272 271 262 
135 272 256 273 271 
136 271 273 255 274 
137 262 271 274 217 
138 261 277 275 276 
139 277 198 278 275 
140 275 278 262 279 
141 276 275 279 259 
142 6 95 280 281 
143 95 14 36 280 
144 280 36 19 282 
145 281 280 282 20 
146 14 99 283 284 
147 99 27 52 283 
148 283 52 35 285 
149 284 283 285 36 
150 27 103 286 287 
151 103 43 68 286 
152 286 68 51 288 
153 287 286 288 52 
154 43 107 289 290 
155 107 59 84 289 
156 289 84 67 291 
157 290 289 291 68 
158 59 111 292 293 
159 292 116 83 294 
160 293 292 294 84 
161 295 195 115 297 
162 296 295 297 116 
163 91 206 298 299 
164 206 131 211 298 
165 298 211 194 300 
166 299 298 300 195 
167 203 303 301 302 
168 303 199 215 301 
169 301 215 131 304 
170 302 301 304 206 
171 123 308 309 310 
172 308 91 299 309 
173 309 299 195 311 
174 310 309 311 295 
175 305 314 312 313 
176 314 204 315 312 
177 312 315 91 316 
178 313 312 316 308 
179 108 319 317 318 
180 318 317 320 111 
181 111 320 325 326 
182 325 296 116 327 
183 326 325 327 292 
184 75 324 328 329 
185 324 123 310 328 
186 328 310 295 330 
187 329 328 330 296 
188 321 333 331 332 
189 333 306 334 331 
190 331 334 123 335 
191 332 331 335 324 
192 317 338 336 337 
193 337 336 339 320 
194 340 332 324 343 
195 341 340 343 75 
196 71 346 344 345 
197 346 89 240 344 
198 344 240 87 121 
199 345 344 121 88 
200 88 349 347 348 
201 349 121 350 347 
202 347 350 119 323 
203 348 347 323 120 
204 120 353 351 352 
205 353 323 354 351 
206 357 321 358 355 
207 355 358 332 359 
208 356 355 359 340 
209 320 339 360 361 
210 339 75 329 360 
211 360 329 296 362 
212 361 360 362 325 
213 336 365 363 364 
214 365 322 341 363 
215 363 341 75 366 
216 364 363 366 339 
217 322 369 367 368 
218 369 342 356 367 
219 367 356 340 370 
220 368 367 370 341 
221 323 372 371 354 
222 372 119 373 371 
223 371 373 306 333 
224 354 371 333 321 
225 351 376 374 375 
226 376 354 377 374 
227 374 377 321 357 
228 375 374 357 342 
229 342 380 378 379 
230 380 357 381 378 
231 378 381 355 382 
232 379 378 382 356 
233 386 388 186 389 
234 387 386 389 176 
235 395 387 176 397 
236 396 395 397 175 
237 7 403 402 222 
238 403 16 404 402 
239 402 404 15 32 
240 222 402 32 13 
241 13 406 405 226 
242 406 32 407 405 
243 405 407 31 48 
244 226 405 48 26 
245 26 409 408 230 
246 409 48 410 408 
247 408 410 47 64 
248 230 408 64 42 
249 64 413 411 412 
250 413 47 414 411 
251 411 414 65 152 
252 412 411 152 63 
253 63 417 415 416 
254 417 152 418 415 
255 415 418 151 183 
256 416 415 183 81 
257 81 421 419 420 
258 421 183 422 419 
259 419 422 182 191 
260 420 419 191 157 
261 157 425 423 424 
262 425 191 426 423 
263 65 433 432 153 
264 433 147 434 432 
265 432 434 150 435 
266 153 432 435 50 
267 151 437 436 184 
268 437 153 438 436 
269 436 438 50 439 
270 184 436 439 154 
271 182 441 440 192 
272 441 184 442 440 
273 440 442 154 443 
274 192 440 443 185 
275 189 445 444 393 
276 445 192 446 444 
277 444 446 185 447 
278 393 444 447 193 
279 392 449 448 430 
280 449 189 450 448 
281 448 450 393 451 
282 430 448 451 390 
283 66 394 452 453 
284 394 193 454 452 
285 452 454 386 455 
286 453 452 455 387 
287 456 458 394 459 
288 457 456 459 66 
289 427 462 460 461 
290 462 430 463 460 
291 460 463 390 464 
292 461 460 464 431 
293 42 466 465 234 
294 466 64 412 465 
295 465 412 63 80 
296 234 465 80 58 
297 80 469 467 468 
298 469 63 416 467 
299 467 416 81 156 
300 468 467 156 79 
301 156 472 470 471 
302 472 81 420 470 
303 470 420 157 384 
304 471 470 384 155 
305 384 475 473 474 
306 475 157 424 473 
307 428 482 480 481 
308 480 461 431 483 
309 481 480 483 391 
310 424 486 484 485 
311 486 423 487 484 
312 484 487 392 429 
313 485 484 429 190 
314 190 490 488 489 
315 490 429 491 488 
316 488 491 427 482 
317 489 488 482 428 
318 482 494 492 493 
319 494 427 495 492 
320 492 495 461 496 
321 493 492 496 480 
322 385 401 505 506 
323 401 66 453 505 
324 505 453 387 507 
325 506 505 507 395 
326 508 457 66 510 
327 509 508 510 401 
328 477 513 511 512 
329 513 476 514 511 
330 511 514 479 515 
331 512 511 515 398 
332 155 518 516 517 
333 518 384 474 516 
334 523 509 401 525 
335 524 523 525 385 
336 502 528 526 527 
337 528 501 529 526 
338 526 529 504 530 
339 527 526 530 399 
340 531 396 175 533 
341 532 531 533 133 
342 158 500 534 535 
343 500 385 506 534 
344 534 506 395 536 
345 535 534 536 396 
346 537 524 385 539 
347 538 537 539 500 
348 542 502 527 540 
349 540 527 399 543 
350 178 546 544 545 
351 546 180 498 544 
352 544 498 158 547 
353 545 544 547 181 
354 180 550 548 549 
355 550 499 520 548 
356 548 520 497 551 
357 549 548 551 498 
358 520 554 552 553 
359 553 552 555 497 
360 516 558 556 557 
361 558 474 559 556 
362 556 559 383 521 
363 557 556 521 499 
364 521 562 560 561 
365 562 383 563 560 
366 560 563 502 542 
367 561 560 542 519 
368 519 566 564 565 
369 566 542 567 564 
370 564 567 540 568 
371 499 571 569 570 
372 571 521 561 569 
373 569 561 519 554 
374 570 569 554 520 
375 554 574 572 573 
376 574 519 565 572 
377 572 565 541 575 
378 573 572 575 552 
379 522 543 576 577 
380 543 399 578 576 
381 576 578 524 579 
382 577 576 579 537 
383 541 568 580 581 
384 568 540 582 580 
385 580 582 543 583 
386 581 580 583 522 
387 565 586 584 585 
388 586 564 587 584 
389 584 587 568 588 
390 585 584 588 541 
391 127 162 589 208 
392 589 532 133 590 
393 208 589 590 132 
394 159 593 591 592 
395 593 161 594 591 
396 591 594 82 595 
397 592 591 595 162 
398 50 435 596 173 
399 435 150 597 596 
400 596 597 169 598 
401 173 596 598 77 
402 1 601 599 600 
403 601 12 220 599 
404 599 220 10 94 
405 600 599 94 11 
406 16 603 602 404 
407 603 2 604 602 
408 602 604 17 140 
409 404 602 140 15 
410 10 607 605 606 
411 607 25 224 605 
412 605 224 23 98 
413 606 605 98 24 
414 32 609 608 407 
415 609 15 610 608 
416 608 610 33 144 
417 407 608 144 31 
418 23 613 611 612 
419 613 41 228 611 
420 611 228 39 102 
421 612 611 102 40 
422 48 615 614 410 
423 615 31 616 614 
424 614 616 49 148 
425 410 614 148 47 
426 39 619 617 618 
427 619 57 232 617 
428 617 232 55 106 
429 618 617 106 56 
430 55 622 620 621 
431 622 73 236 620 
432 620 236 71 110 
433 621 620 110 72 
434 58 624 623 238 
435 624 80 468 623 
436 623 468 79 125 
437 238 623 125 74 
438 110 627 625 626 
439 627 71 345 625 
440 625 345 88 319 
441 626 625 319 108 
442 121 629 628 350 
443 629 87 630 628 
444 628 630 122 307 
445 350 628 307 119 
446 74 632 631 242 
447 632 125 633 631 
448 631 633 124 136 
449 242 631 136 90 
450 125 635 634 633 
451 635 79 636 634 
452 634 636 126 160 
453 633 634 160 124 
454 87 638 637 630 
455 638 129 244 637 
456 637 244 128 205 
457 630 637 205 122 
458 90 640 639 246 
459 640 136 641 639 
460 639 641 135 252 
461 246 639 252 130 
462 47 643 642 414 
463 643 148 644 642 
464 642 644 147 433 
465 414 642 433 65 
466 152 646 645 418 
467 646 65 647 645 
468 645 647 153 437 
469 418 645 437 151 
470 79 649 648 636 
471 649 156 471 648 
472 648 471 155 179 
473 636 648 179 126 
474 154 439 650 187 
475 439 50 651 650 
476 650 651 173 652 
477 187 650 652 172 
478 179 655 653 654 
479 655 155 517 653 
480 653 517 180 546 
481 654 653 546 178 
482 161 657 656 594 
483 657 178 545 656 
484 656 545 181 658 
485 594 656 658 82 
486 183 660 659 422 
487 660 151 661 659 
488 659 661 184 441 
489 422 659 441 182 
490 185 443 662 388 
491 443 154 663 662 
492 662 663 187 664 
493 388 662 664 186 
494 191 666 665 426 
495 666 182 667 665 
496 665 667 192 445 
497 426 665 445 189 
498 205 670 668 669 
499 670 128 248 668 
500 668 248 199 303 
501 669 668 303 203 
502 204 672 671 315 
503 672 203 302 671 
504 671 302 206 673 
505 315 671 673 91 
506 5 254 674 212 
507 254 138 675 674 
508 674 675 207 676 
509 212 674 676 196 
510 250 678 677 270 
511 678 264 679 677 
512 677 679 256 272 
513 270 677 272 198 
514 306 681 680 334 
515 681 305 313 680 
516 680 313 308 682 
517 334 680 682 123 
518 319 685 683 684 
519 685 88 348 683 
520 683 348 120 338 
521 684 683 338 317 
522 338 688 686 687 
523 688 120 352 686 
524 686 352 322 365 
525 687 686 365 336 
526 352 691 689 690 
527 691 351 375 689 
528 689 375 342 369 
529 690 689 369 322 
530 193 447 692 454 
531 447 185 693 692 
532 692 693 388 694 
533 454 692 694 386 
534 390 451 695 458 
535 451 393 696 695 
536 695 696 193 697 
537 458 695 697 394 
538 423 699 698 487 
539 699 426 700 698 
540 698 700 189 449 
541 487 698 449 392 
542 429 702 701 491 
543 702 392 703 701 
544 701 703 430 462 
545 491 701 462 427 
546 473 706 704 705 
547 706 424 485 704 
548 704 485 190 478 
549 705 704 478 400 
550 474 708 707 559 
551 708 473 705 707 
552 707 705 400 503 
553 559 707 503 383 
554 476 710 709 514 
555 710 428 481 709 
556 709 481 391 711 
557 514 709 711 479 
558 498 551 712 713 
559 551 497 538 712 
560 712 538 500 714 
561 713 712 714 158 
562 383 716 715 563 
563 716 503 717 715 
564 715 717 501 528 
565 563 715 528 502 
566 501 719 718 529 
567 719 477 512 718 
568 718 512 398 720 
569 529 718 720 504 
570 517 723 721 722 
571 723 516 557 721 
572 721 557 499 550 
573 722 721 550 180 
574 399 530 724 578 
575 530 504 725 724 
576 724 725 523 726 
577 578 724 726 524 
578 504 720 727 725 
579 720 398 728 727 
580 727 728 509 729 
581 725 727 729 523 
582 181 547 730 731 
583 547 158 535 730 
584 730 535 396 732 
585 731 730 732 531 
586 497 555 733 734 
587 555 522 577 733 
588 733 577 537 735 
589 734 733 735 538 
590 552 575 736 737 
591 575 541 581 736 
592 736 581 522 738 
593 737 736 738 555 
594 126 741 739 740 
595 741 179 654 739 
596 739 654 178 657 
597 740 739 657 161 
598 122 744 742 743 
599 744 205 669 742 
600 742 669 203 672 
601 743 742 672 204 
602 119 746 745 373 
603 746 307 747 745 
604 745 747 305 681 
605 373 745 681 306 
606 307 749 748 747 
607 749 122 743 748 
608 748 743 204 314 
609 747 748 314 305 
610 478 752 750 751 
611 752 190 489 750 
612 750 489 428 710 
613 751 750 710 476 
614 503 754 753 717 
615 754 400 755 753 
616 753 755 477 719 
617 717 753 719 501 
618 398 515 756 728 
619 515 479 757 756 
620 756 757 508 758 
621 728 756 758 509 
622 479 711 759 757 
623 711 391 760 759 
624 759 760 457 761 
625 757 759 761 508 
626 82 658 762 763 
627 658 181 731 762 
628 762 731 531 764 
629 763 762 764 532 
630 162 595 765 766 
631 595 82 763 765 
632 765 763 532 767 
633 766 765 767 589 
634 160 770 768 769 
635 770 126 740 768 
636 768 740 161 593 
637 769 768 593 159 
638 391 483 771 760 
639 483 431 772 771 
640 771 772 456 773 
641 760 771 773 457 
642 431 464 774 772 
643 464 390 775 774 
644 774 775 458 776 
645 772 774 776 456 
646 400 778 777 755 
647 778 478 751 777 
648 777 751 476 513 
649 755 777 513 477 
