2 0.000000 100.000000 473.401889
773 640 
1 -24.543877 0.000000 -24.520467 99.763029 0.000000 -6.976721 -0.000134 
2 27.755917 0.000000 -24.520467 99.764379 0.000000 -6.932651 -0.000099 
3 27.755917 0.000000 24.733386 99.752824 0.000000 -6.943134 0.000117 
4 -24.543877 0.000000 24.733386 99.750461 0.000000 -6.977003 0.000117 
5 1.606020 0.000000 0.106459 107.472571 0.000000 0.163417 -0.155038 
6 -24.543877 0.000000 0.106459 99.756967 0.000000 -6.984313 -0.000023 
7 1.606020 0.000000 -24.520467 99.775973 0.000000 -6.954805 -0.000361 
8 27.755917 0.000000 0.106459 99.868039 0.000000 -5.365008 -0.000241 
9 1.606020 0.000000 24.733386 99.739220 0.000000 -6.957187 0.000369 
10 -11.468929 0.000000 -12.207004 99.784117 0.000000 -6.979592 -0.000558 
11 -24.543877 0.000000 -12.207004 99.763065 0.000000 -6.980780 -0.000140 
12 -11.468929 0.000000 -24.520467 99.770411 0.000000 -6.971591 -0.000274 
13 1.606020 0.000000 -12.207004 99.832841 0.000000 -6.891436 -0.001409 
14 -11.468929 0.000000 0.106459 99.758401 0.000000 -7.012721 -0.000092 
15 14.680969 0.000000 -12.207004 99.785250 0.000000 -6.817305 -0.000357 
16 14.680969 0.000000 -24.520467 99.770209 0.000000 -6.938895 -0.000224 
17 27.755917 0.000000 -12.207004 99.773171 0.000000 -6.794938 -0.000086 
18 14.680969 0.000000 0.106459 99.955801 0.000000 -4.075833 -0.000777 
19 -11.468929 0.000000 12.419923 99.731337 0.000000 -6.980670 0.000493 
20 -24.543877 0.000000 12.419923 99.750708 0.000000 -6.981006 0.000106 
21 1.606020 0.000000 12.419923 99.689523 0.000000 -6.900324 0.001438 
22 -11.468929 0.000000 24.733386 99.743693 0.000000 -6.972396 0.000258 
23 -4.931454 0.000000 -6.050272 99.872296 0.000000 -6.988502 -0.002331 
24 -11.468929 0.000000 -6.050272 99.784872 0.000000 -6.997061 -0.000598 
25 -4.931454 0.000000 -12.207004 99.813529 0.000000 -6.957478 -0.001115 
26 1.606020 0.000000 -6.050272 100.016522 0.000000 -6.673167 -0.004784 
27 -4.931454 0.000000 0.106459 99.759022 0.000000 -7.140767 -0.000285 
28 14.680969 0.000000 12.419923 99.743573 0.000000 -6.853361 0.000425 
29 27.755917 0.000000 12.419923 99.758245 0.000000 -6.868054 0.000112 
30 14.680969 0.000000 24.733386 99.746220 0.000000 -6.944647 0.000246 
31 8.143494 0.000000 -6.050272 99.849588 0.000000 -6.467547 -0.001177 
32 8.143494 0.000000 -12.207004 99.807258 0.000000 -6.836081 -0.000822 
33 14.680969 0.000000 -6.050272 99.810152 0.000000 -6.412395 -0.000319 
34 8.143494 0.000000 0.106459 100.032341 0.000000 -3.662162 -0.001988 
35 -4.931454 0.000000 6.263191 99.650009 0.000000 -6.990981 0.002100 
36 -11.468929 0.000000 6.263191 99.731536 0.000000 -6.997823 0.000465 
37 1.606020 0.000000 6.263191 99.529110 0.000000 -6.707472 0.004897 
38 -4.931454 0.000000 12.419923 99.704262 0.000000 -6.960546 0.001061 
39 -1.662717 0.000000 -2.971906 100.234945 0.000000 -7.002267 -0.009608 
40 -4.931454 0.000000 -2.971906 99.879070 0.000000 -7.066436 -0.002576 
41 -1.662717 0.000000 -6.050272 99.978931 0.000000 -6.897729 -0.004337 
42 1.606020 0.000000 -2.971906 100.512022 0.000000 -6.000096 -0.013867 
43 -1.662717 0.000000 0.106459 99.647627 0.000000 -7.865737 0.000848 
44 8.143494 0.000000 6.263191 99.711738 0.000000 -6.578194 0.001430 
45 14.680969 0.000000 6.263191 99.760773 0.000000 -6.621557 0.000394 
46 8.143494 0.000000 12.419923 99.719176 0.000000 -6.856542 0.000907 
47 4.874757 0.000000 -2.971906 99.994623 0.000000 -5.399336 -0.002808 
48 4.874757 0.000000 -6.050272 99.920825 0.000000 -6.514159 -0.002661 
49 8.143494 0.000000 -2.971906 99.908286 0.000000 -5.288907 -0.000964 
50 4.874757 0.000000 0.106459 100.249200 0.000000 -5.179302 -0.007673 
51 -1.662717 0.000000 3.184825 99.310616 0.000000 -6.993590 0.008849 
52 -4.931454 0.000000 3.184825 99.643089 0.000000 -7.066014 0.002133 
53 1.606020 0.000000 3.184825 99.166283 0.000000 -6.144585 0.012829 
54 -1.662717 0.000000 6.263191 99.552523 0.000000 -6.907091 0.004159 
55 -0.028349 0.000000 -1.432724 101.686764 0.000000 -6.166496 -0.037822 
56 -1.662717 0.000000 -1.432724 100.361109 0.000000 -7.353141 -0.012642 
57 -0.028349 0.000000 -2.971906 100.530648 0.000000 -6.607077 -0.015006 
58 1.606020 0.000000 -1.432724 101.412896 0.000000 -4.253126 -0.030266 
59 -0.028349 0.000000 0.106459 113.741343 0.000000 1.642611 -0.293979 
60 4.874757 0.000000 3.184825 99.621267 0.000000 -5.962401 0.004005 
61 8.143494 0.000000 3.184825 99.761826 0.000000 -6.081972 0.001059 
62 4.874757 0.000000 6.263191 99.631246 0.000000 -6.585364 0.003025 
63 3.240389 0.000000 -1.432724 101.712720 0.000000 -1.034916 -0.034655 
64 3.240389 0.000000 -2.971906 100.256993 0.000000 -5.544662 -0.008221 
65 4.874757 0.000000 -1.432724 99.628244 0.000000 1.601403 0.007165 
66 3.240389 0.000000 0.106459 102.288943 0.000000 -0.000000 -0.046303 
67 -0.028349 0.000000 1.645642 98.059496 0.000000 -6.068542 0.034751 
68 -1.662717 0.000000 1.645642 99.144000 0.000000 -7.280943 0.011746 
69 1.606020 0.000000 1.645642 98.890207 0.000000 -4.514702 0.020034 
70 -0.028349 0.000000 3.184825 99.066929 0.000000 -6.623991 0.014187 
71 0.788836 0.000000 -0.663132 109.508257 0.000000 0.700258 -0.199255 
72 -0.028349 0.000000 -0.663132 105.142178 0.000000 -5.242296 -0.108236 
73 0.788836 0.000000 -1.432724 101.551556 0.000000 -4.975381 -0.033747 
74 1.606020 0.000000 -0.663132 102.485335 0.000000 -0.308788 -0.050334 
75 0.788836 0.000000 0.106459 112.403453 0.000000 0.428857 -0.263472 
76 -18.006403 0.000000 -6.050272 99.766241 0.000000 -6.988001 -0.000214 
77 -24.543877 0.000000 -6.050272 99.760833 0.000000 -6.983191 -0.000099 
78 -18.006403 0.000000 -12.207004 99.769371 0.000000 -6.981900 -0.000267 
79 -18.006403 0.000000 0.106459 99.757378 0.000000 -6.991437 -0.000041 
80 -8.200191 0.000000 -2.971906 99.798783 0.000000 -7.028182 -0.000919 
81 -11.468929 0.000000 -2.971906 99.775363 0.000000 -7.007723 -0.000423 
82 -8.200191 0.000000 -6.050272 99.813571 0.000000 -7.003307 -0.001180 
83 -8.200191 0.000000 0.106459 99.759304 0.000000 -7.042701 -0.000152 
84 -3.297086 0.000000 -1.432724 99.944982 0.000000 -7.212482 -0.004102 
85 -4.931454 0.000000 -1.432724 99.837542 0.000000 -7.117043 -0.001819 
86 -3.297086 0.000000 -2.971906 99.994680 0.000000 -7.079470 -0.004905 
87 -3.297086 0.000000 0.106459 99.750676 0.000000 -7.291134 -0.000336 
88 -0.845533 0.000000 -0.663132 101.185330 0.000000 -8.081044 -0.030377 
89 -1.662717 0.000000 -0.663132 100.182829 0.000000 -7.687384 -0.009570 
90 -0.845533 0.000000 -1.432724 100.925188 0.000000 -7.142491 -0.023691 
91 -0.845533 0.000000 0.106459 99.085046 0.000000 -9.149325 0.009844 
92 3.240389 0.000000 1.645642 99.459534 0.000000 -4.845569 0.008432 
93 4.874757 0.000000 1.645642 99.733214 0.000000 -5.065349 0.002763 
94 3.240389 0.000000 3.184825 99.433129 0.000000 -5.964093 0.007748 
95 0.788836 0.000000 0.876051 97.114661 0.000000 -0.551042 0.056844 
96 -0.028349 0.000000 0.876051 95.237158 0.000000 -4.897964 0.090589 
97 1.606020 0.000000 0.876051 99.578758 0.000000 -1.494927 0.008184 
98 0.788836 0.000000 1.645642 98.244561 0.000000 -4.890449 0.032409 
99 0.380244 0.000000 -0.278336 111.839953 0.000000 1.085748 -0.250935 
100 -0.028349 0.000000 -0.278336 110.416999 0.000000 1.599617 -0.219447 
101 0.380244 0.000000 -0.663132 116.083465 0.000000 1.678326 -0.347819 
102 0.788836 0.000000 -0.278336 109.754347 0.000000 0.733544 -0.204655 
103 0.380244 0.000000 0.106459 105.594602 0.000000 0.481252 -0.115045 
104 2.423204 0.000000 -0.663132 108.921282 0.000000 11.969949 -0.200713 
105 2.423204 0.000000 -1.432724 101.581304 0.000000 -3.072417 -0.032820 
106 3.240389 0.000000 -0.663132 108.139796 0.000000 10.846396 -0.181186 
107 2.423204 0.000000 0.106459 102.083225 0.000000 -3.000847 -0.042999 
108 1.197428 0.000000 -0.278336 108.700497 0.000000 0.563450 -0.181612 
109 1.197428 0.000000 -0.663132 109.680161 0.000000 0.488491 -0.202998 
110 1.606020 0.000000 -0.278336 105.930351 0.000000 0.057582 -0.122124 
111 1.197428 0.000000 0.106459 108.547945 0.000000 0.538012 -0.178295 
112 -18.006403 0.000000 6.263191 99.748391 0.000000 -6.988289 0.000142 
113 -24.543877 0.000000 6.263191 99.753055 0.000000 -6.983323 0.000056 
114 -18.006403 0.000000 12.419923 99.744963 0.000000 -6.982358 0.000219 
115 -8.200191 0.000000 3.184825 99.720153 0.000000 -7.027964 0.000650 
116 -11.468929 0.000000 3.184825 99.741352 0.000000 -7.008120 0.000255 
117 -8.200191 0.000000 6.263191 99.704820 0.000000 -7.004613 0.000988 
118 -3.297086 0.000000 1.645642 99.569947 0.000000 -7.202183 0.003395 
119 -4.931454 0.000000 1.645642 99.682190 0.000000 -7.115575 0.001283 
120 -3.297086 0.000000 3.184825 99.532340 0.000000 -7.075655 0.004325 
121 -0.845533 0.000000 0.876051 98.087349 0.000000 -7.611163 0.032094 
122 -1.662717 0.000000 0.876051 99.216446 0.000000 -7.587931 0.009852 
123 -0.845533 0.000000 1.645642 98.556156 0.000000 -7.051372 0.023696 
124 0.380244 0.000000 0.491255 113.082825 0.000000 1.245787 -0.278928 
125 -0.028349 0.000000 0.491255 105.200528 0.000000 1.252272 -0.106872 
126 0.788836 0.000000 0.491255 109.631579 0.000000 0.716845 -0.201960 
127 0.380244 0.000000 0.876051 95.451369 0.000000 -2.010211 0.088500 
128 0.584540 0.000000 -0.085938 110.777030 0.000000 0.428476 -0.227173 
129 0.380244 0.000000 -0.085938 105.419987 0.000000 0.476264 -0.111360 
130 0.584540 0.000000 -0.278336 110.036489 0.000000 0.793160 -0.210866 
131 0.788836 0.000000 -0.085938 112.506055 0.000000 0.412366 -0.265778 
132 0.584540 0.000000 0.106459 110.794512 0.000000 0.446449 -0.227562 
133 -0.436941 0.000000 -0.278336 102.953838 0.000000 -11.015515 -0.072083 
134 -0.845533 0.000000 -0.278336 100.553300 0.000000 -8.945867 -0.019099 
135 -0.436941 0.000000 -0.663132 102.937843 0.000000 -7.938231 -0.065922 
136 -0.436941 0.000000 0.106459 97.238029 0.000000 -12.565054 0.038689 
137 0.175947 0.000000 -0.085938 106.398562 0.000000 0.683437 -0.132112 
138 -0.028349 0.000000 -0.085938 104.365612 0.000000 0.472528 -0.089240 
139 0.175947 0.000000 -0.278336 114.292199 0.000000 1.458462 -0.306483 
140 0.175947 0.000000 0.106459 108.615800 0.000000 0.891401 -0.179819 
141 2.423204 0.000000 0.876051 99.799707 0.000000 -3.060237 0.003065 
142 3.240389 0.000000 0.876051 99.544674 0.000000 -3.380263 0.007943 
143 2.423204 0.000000 1.645642 99.298868 0.000000 -4.737337 0.011729 
144 1.197428 0.000000 0.491255 108.825515 0.000000 0.585072 -0.184334 
145 1.606020 0.000000 0.491255 103.857342 0.000000 -0.140728 -0.078637 
146 1.197428 0.000000 0.876051 98.673984 0.000000 -0.707293 0.026294 
147 0.584540 0.000000 0.298857 110.062694 0.000000 0.797630 -0.211443 
148 0.380244 0.000000 0.298857 111.850418 0.000000 1.088410 -0.251170 
149 0.788836 0.000000 0.298857 109.775025 0.000000 0.736169 -0.205110 
150 0.584540 0.000000 0.491255 109.881944 0.000000 0.766699 -0.207463 
151 0.482392 0.000000 0.010260 103.535236 0.000000 0.196703 -0.071958 
152 0.380244 0.000000 0.010260 101.767752 0.000000 0.177479 -0.035671 
153 0.482392 0.000000 -0.085938 107.217214 0.000000 0.420588 -0.149571 
154 0.584540 0.000000 0.010260 105.292761 0.000000 0.174372 -0.108660 
155 0.482392 0.000000 0.106459 106.055173 0.000000 0.484344 -0.124793 
156 -0.436941 0.000000 0.491255 95.428583 0.000000 -8.511057 0.082095 
157 -0.845533 0.000000 0.491255 98.137809 0.000000 -8.343912 0.029935 
158 -0.436941 0.000000 0.876051 96.757172 0.000000 -6.895435 0.059050 
159 0.175947 0.000000 0.298857 114.286909 0.000000 1.458885 -0.306363 
160 -0.028349 0.000000 0.298857 113.769598 0.000000 1.643492 -0.294622 
161 0.175947 0.000000 0.491255 114.890792 0.000000 1.552248 -0.320230 
162 0.278096 0.000000 0.010260 100.598764 0.000000 0.137025 -0.012013 
163 0.175947 0.000000 0.010260 100.814401 0.000000 0.147054 -0.016357 
164 0.278096 0.000000 -0.085938 104.976994 0.000000 0.511743 -0.102043 
165 0.278096 0.000000 0.106459 105.305657 0.000000 0.540984 -0.108957 
166 -4.931454 0.000000 -18.363735 99.786460 0.000000 -6.960415 -0.000578 
167 -11.468929 0.000000 -18.363735 99.776438 0.000000 -6.973093 -0.000396 
168 -4.931454 0.000000 -24.520467 99.774449 0.000000 -6.964589 -0.000345 
169 1.606020 0.000000 -18.363735 99.790750 0.000000 -6.938359 -0.000633 
170 -1.662717 0.000000 -9.128638 99.876006 0.000000 -6.911758 -0.002299 
171 -4.931454 0.000000 -9.128638 99.842242 0.000000 -6.964523 -0.001698 
172 -1.662717 0.000000 -12.207004 99.827860 0.000000 -6.928686 -0.001361 
173 1.606020 0.000000 -9.128638 99.885103 0.000000 -6.831908 -0.002371 
174 -0.028349 0.000000 -4.511089 100.178551 0.000000 -6.721676 -0.008092 
175 -1.662717 0.000000 -4.511089 100.080296 0.000000 -6.912143 -0.006384 
176 -0.028349 0.000000 -6.050272 100.019117 0.000000 -6.794259 -0.004999 
177 1.606020 0.000000 -4.511089 100.172230 0.000000 -6.475687 -0.007641 
178 0.788836 0.000000 -2.202315 100.955308 0.000000 -5.918665 -0.022700 
179 -0.028349 0.000000 -2.202315 100.909287 0.000000 -6.486442 -0.022476 
180 0.788836 0.000000 -2.971906 100.568160 0.000000 -6.297039 -0.015361 
181 1.606020 0.000000 -2.202315 100.828610 0.000000 -5.452898 -0.019614 
182 0.380244 0.000000 -1.047928 102.609997 0.000000 -4.514401 -0.054919 
183 -0.028349 0.000000 -1.047928 102.726454 0.000000 -5.871186 -0.058720 
184 0.380244 0.000000 -1.432724 101.774393 0.000000 -5.490290 -0.038817 
185 0.788836 0.000000 -1.047928 102.025501 0.000000 -3.780443 -0.042349 
186 0.584540 0.000000 -0.470734 109.856627 0.000000 0.762540 -0.206906 
187 0.380244 0.000000 -0.470734 113.079100 0.000000 1.243989 -0.278843 
188 0.584540 0.000000 -0.663132 113.046815 0.000000 1.221382 -0.278107 
189 0.788836 0.000000 -0.470734 109.614572 0.000000 0.714711 -0.201587 
190 0.482392 0.000000 -0.182137 108.549601 0.000000 0.687655 -0.178349 
191 0.380244 0.000000 -0.182137 109.055299 0.000000 0.806506 -0.189371 
192 0.482392 0.000000 -0.278336 110.085214 0.000000 0.807521 -0.211941 
193 0.584540 0.000000 -0.182137 108.728957 0.000000 0.684934 -0.182246 
194 0.431318 0.000000 -0.037839 103.112173 0.000000 0.258021 -0.063219 
195 0.380244 0.000000 -0.037839 102.410177 0.000000 0.223683 -0.048789 
196 0.431318 0.000000 -0.085938 104.981872 0.000000 0.408936 -0.102136 
197 0.482392 0.000000 -0.037839 103.959374 0.000000 0.223228 -0.080760 
198 0.431318 0.000000 0.010260 101.635542 0.000000 0.143778 -0.032980 
199 0.993132 0.000000 -0.085938 106.182505 0.000000 0.439542 -0.127492 
200 0.993132 0.000000 -0.278336 109.228087 0.000000 0.643869 -0.193119 
201 1.197428 0.000000 -0.085938 108.562670 0.000000 0.540415 -0.178615 
202 0.993132 0.000000 0.106459 106.434081 0.000000 0.453367 -0.132842 
203 0.686688 0.000000 0.010260 124.403327 0.000000 0.832224 -0.547688 
204 0.686688 0.000000 -0.085938 112.925303 0.000000 0.426980 -0.275231 
205 0.788836 0.000000 0.010260 127.650538 0.000000 1.109088 -0.629589 
206 0.686688 0.000000 0.106459 112.742149 0.000000 0.444457 -0.271099 
207 0.686688 0.000000 -0.182137 112.437173 0.000000 0.669499 -0.264257 
208 0.686688 0.000000 -0.278336 109.930563 0.000000 0.768596 -0.208532 
209 0.788836 0.000000 -0.182137 110.202493 0.000000 0.639071 -0.214500 
210 0.635614 0.000000 -0.037839 109.299036 0.000000 0.285878 -0.194636 
211 0.584540 0.000000 -0.037839 106.852682 0.000000 0.241660 -0.141755 
212 0.635614 0.000000 -0.085938 111.488965 0.000000 0.431247 -0.242998 
213 0.686688 0.000000 -0.037839 113.289852 0.000000 0.403439 -0.283475 
214 0.635614 0.000000 0.010260 108.695792 0.000000 0.259113 -0.181484 
215 0.993132 0.000000 0.298857 109.223073 0.000000 0.642276 -0.193009 
216 1.197428 0.000000 0.298857 108.670882 0.000000 0.558502 -0.180967 
217 0.993132 0.000000 0.491255 109.229573 0.000000 0.648089 -0.193152 
218 0.890984 0.000000 0.010260 105.838874 0.000000 0.277318 -0.120194 
219 0.890984 0.000000 -0.085938 107.225282 0.000000 0.414817 -0.149743 
220 0.993132 0.000000 0.010260 103.046233 0.000000 0.422902 -0.061870 
221 0.890984 0.000000 0.106459 107.401659 0.000000 0.432094 -0.153530 
222 0.737762 0.000000 -0.037839 112.956201 0.000000 0.435180 -0.275929 
223 0.737762 0.000000 -0.085938 113.088343 0.000000 0.421227 -0.278915 
224 0.788836 0.000000 -0.037839 112.668488 0.000000 0.389535 -0.269434 
225 0.737762 0.000000 0.010260 113.234829 0.000000 0.470298 -0.282235 
226 0.686688 0.000000 0.202658 110.037044 0.000000 0.785109 -0.210877 
227 0.584540 0.000000 0.202658 110.140644 0.000000 0.811339 -0.213162 
228 0.788836 0.000000 0.202658 109.843053 0.000000 0.745274 -0.206605 
229 0.686688 0.000000 0.298857 109.956570 0.000000 0.772534 -0.209104 
230 0.635614 0.000000 0.058360 109.679610 0.000000 0.310610 -0.202971 
231 0.584540 0.000000 0.058360 108.573204 0.000000 0.319706 -0.178824 
232 0.686688 0.000000 0.058360 113.141428 0.000000 0.415186 -0.280116 
233 0.635614 0.000000 0.106459 112.480968 0.000000 0.493078 -0.265221 
234 0.661151 0.000000 -0.013789 117.776654 0.000000 0.507414 -0.387160 
235 0.635614 0.000000 -0.013789 108.753759 0.000000 0.261119 -0.182745 
236 0.661151 0.000000 -0.037839 110.171593 0.000000 0.306620 -0.213787 
237 0.686688 0.000000 -0.013789 124.288434 0.000000 0.848402 -0.544833 
238 0.661151 0.000000 0.010260 118.502984 0.000000 0.527286 -0.404324 
239 0.533466 0.000000 -0.037839 104.749040 0.000000 0.236848 -0.097242 
240 0.533466 0.000000 -0.085938 107.644323 0.000000 0.424561 -0.158748 
241 0.533466 0.000000 0.010260 103.620113 0.000000 0.170474 -0.073716 
242 0.610077 0.000000 -0.013789 106.264151 0.000000 0.198512 -0.129211 
243 0.584540 0.000000 -0.013789 105.471264 0.000000 0.182099 -0.112422 
244 0.610077 0.000000 -0.037839 108.160646 0.000000 0.279382 -0.169880 
245 0.610077 0.000000 0.010260 105.844482 0.000000 0.181717 -0.120309 
246 0.737762 0.000000 0.058360 113.288875 0.000000 0.409640 -0.283454 
247 0.788836 0.000000 0.058360 112.601284 0.000000 0.400740 -0.267921 
248 0.737762 0.000000 0.106459 113.788280 0.000000 0.482856 -0.294801 
249 0.661151 0.000000 0.034310 110.153164 0.000000 0.306107 -0.213381 
250 0.635614 0.000000 0.034310 109.224660 0.000000 0.283410 -0.193011 
251 0.686688 0.000000 0.034310 113.304579 0.000000 0.404046 -0.283809 
252 0.661151 0.000000 0.058360 112.979314 0.000000 0.417056 -0.276450 
253 0.648382 0.000000 -0.001764 126.538091 0.000000 0.361967 -0.601202 
254 0.635614 0.000000 -0.001764 124.924219 0.000000 0.119277 -0.560607 
255 0.648382 0.000000 -0.013789 109.485404 0.000000 0.281245 -0.198713 
256 0.661151 0.000000 -0.001764 121.045180 0.000000 0.590218 -0.465228 
257 0.648382 0.000000 0.010260 109.460116 0.000000 0.280388 -0.198160 
258 1.197428 0.000000 -1.047928 101.684173 0.000000 -3.507449 -0.035197 
259 1.197428 0.000000 -1.432724 101.405091 0.000000 -4.631887 -0.030445 
260 1.606020 0.000000 -1.047928 101.786664 0.000000 -3.290114 -0.037135 
261 0.993132 0.000000 -0.470734 109.234918 0.000000 0.649670 -0.193269 
262 0.993132 0.000000 -0.663132 109.238965 0.000000 0.653962 -0.193358 
263 1.197428 0.000000 -0.470734 108.852605 0.000000 0.589746 -0.184924 
264 0.890984 0.000000 -0.182137 109.550391 0.000000 0.694004 -0.200177 
265 0.890984 0.000000 -0.278336 109.511511 0.000000 0.690363 -0.199325 
266 0.993132 0.000000 -0.182137 109.223880 0.000000 0.640862 -0.193027 
267 0.839910 0.000000 -0.037839 109.404771 0.000000 0.430412 -0.196959 
268 0.839910 0.000000 -0.085938 111.185989 0.000000 0.441716 -0.236252 
269 0.890984 0.000000 -0.037839 106.562429 0.000000 0.307651 -0.135565 
270 0.839910 0.000000 0.010260 109.343772 0.000000 0.459709 -0.195627 
271 2.014612 0.000000 -0.278336 102.390701 0.000000 -0.159587 -0.048388 
272 2.014612 0.000000 -0.663132 105.745231 0.000000 2.645972 -0.118906 
273 2.423204 0.000000 -0.278336 104.448430 0.000000 0.999572 -0.091047 
274 2.014612 0.000000 0.106459 102.394316 0.000000 -0.380770 -0.048474 
275 1.401724 0.000000 -0.085938 108.245588 0.000000 0.496378 -0.171735 
276 1.401724 0.000000 -0.278336 108.405623 0.000000 0.521299 -0.175205 
277 1.606020 0.000000 -0.085938 100.490228 0.000000 0.047286 -0.009829 
278 1.401724 0.000000 0.106459 108.229770 0.000000 0.493946 -0.171393 
279 1.095280 0.000000 0.010260 95.089670 0.000000 -0.007357 0.095795 
280 1.095280 0.000000 -0.085938 108.860922 0.000000 0.583907 -0.185104 
281 1.197428 0.000000 0.010260 95.265420 0.000000 -0.156491 0.092448 
282 1.095280 0.000000 0.106459 108.851206 0.000000 0.582141 -0.184892 
283 0.942058 0.000000 -0.037839 104.374199 0.000000 0.251038 -0.089404 
284 0.942058 0.000000 -0.085938 106.822264 0.000000 0.402685 -0.141116 
285 0.993132 0.000000 -0.037839 102.945639 0.000000 0.390826 -0.059796 
286 0.942058 0.000000 0.010260 103.707982 0.000000 0.282779 -0.075543 
287 1.095280 0.000000 -0.182137 108.898199 0.000000 0.590945 -0.185917 
288 1.095280 0.000000 -0.278336 108.944724 0.000000 0.599903 -0.186931 
289 1.197428 0.000000 -0.182137 108.623308 0.000000 0.550466 -0.179933 
290 1.044206 0.000000 -0.037839 102.115302 0.000000 0.315298 -0.042763 
291 1.044206 0.000000 -0.085938 103.352287 0.000000 0.393860 -0.068185 
292 1.095280 0.000000 -0.037839 96.020768 0.000000 0.099603 0.078000 
293 1.044206 0.000000 0.010260 97.593411 0.000000 0.004463 0.047553 
294 0.890984 0.000000 0.202658 109.559143 0.000000 0.694625 -0.200369 
295 0.993132 0.000000 0.202658 109.219831 0.000000 0.639549 -0.192938 
296 0.890984 0.000000 0.298857 109.521130 0.000000 0.691013 -0.199536 
297 0.942058 0.000000 0.058360 104.835325 0.000000 0.279214 -0.099052 
298 0.890984 0.000000 0.058360 106.257341 0.000000 0.271052 -0.129070 
299 0.993132 0.000000 0.058360 103.036272 0.000000 0.343567 -0.061659 
300 0.942058 0.000000 0.106459 107.062572 0.000000 0.419098 -0.146257 
301 0.967595 0.000000 -0.013789 103.123479 0.000000 0.337933 -0.063457 
302 0.942058 0.000000 -0.013789 103.743923 0.000000 0.285224 -0.076288 
303 0.967595 0.000000 -0.037839 103.210459 0.000000 0.316687 -0.065250 
304 0.993132 0.000000 -0.013789 102.998661 0.000000 0.416131 -0.060890 
305 0.967595 0.000000 0.010260 103.126986 0.000000 0.342372 -0.063529 
306 0.916521 0.000000 -0.013789 103.154548 0.000000 0.170362 -0.064089 
307 0.890984 0.000000 -0.013789 105.926324 0.000000 0.281039 -0.122047 
308 0.916521 0.000000 -0.037839 104.279892 0.000000 0.238916 -0.087435 
309 0.916521 0.000000 0.010260 102.903551 0.000000 0.155111 -0.058916 
310 2.014612 0.000000 0.491255 100.852277 0.000000 -0.445581 -0.017138 
311 2.423204 0.000000 0.491255 100.542199 0.000000 -1.769114 -0.011186 
312 2.014612 0.000000 0.876051 99.845967 0.000000 -2.276966 0.002560 
313 1.401724 0.000000 0.298857 108.371248 0.000000 0.515927 -0.174459 
314 1.606020 0.000000 0.298857 105.911326 0.000000 0.055635 -0.121721 
315 1.401724 0.000000 0.491255 109.134805 0.000000 0.427568 -0.191059 
316 1.095280 0.000000 0.202658 108.881755 0.000000 0.587923 -0.185558 
317 1.197428 0.000000 0.202658 108.598231 0.000000 0.546335 -0.179387 
318 1.095280 0.000000 0.298857 108.925445 0.000000 0.596309 -0.186511 
319 1.044206 0.000000 0.058360 102.604710 0.000000 0.367126 -0.052786 
320 1.095280 0.000000 0.058360 104.322922 0.000000 0.435131 -0.088346 
321 1.044206 0.000000 0.106459 109.029929 0.000000 0.608884 -0.188790 
322 0.967595 0.000000 0.034310 103.194517 0.000000 0.318712 -0.064921 
323 0.942058 0.000000 0.034310 104.304949 0.000000 0.247017 -0.087958 
324 0.993132 0.000000 0.034310 102.938603 0.000000 0.392888 -0.059651 
325 0.967595 0.000000 0.058360 106.424227 0.000000 0.385143 -0.132626 
326 0.954826 0.000000 -0.001764 104.887513 0.000000 0.436391 -0.100158 
327 0.942058 0.000000 -0.001764 104.508994 0.000000 0.375823 -0.092227 
328 0.954826 0.000000 -0.013789 103.112469 0.000000 0.303966 -0.063227 
329 0.967595 0.000000 -0.001764 103.131774 0.000000 0.349186 -0.063628 
330 0.954826 0.000000 0.010260 104.257072 0.000000 0.389579 -0.086969 
331 1.299576 0.000000 0.010260 94.654066 0.000000 0.075660 0.104060 
332 1.299576 0.000000 -0.085938 108.357458 0.000000 0.511456 -0.174160 
333 1.401724 0.000000 0.010260 95.969236 0.000000 0.063764 0.078990 
334 1.299576 0.000000 0.106459 108.340896 0.000000 0.508864 -0.173801 
335 1.146354 0.000000 -0.037839 97.212427 0.000000 0.114007 0.054973 
336 1.146354 0.000000 -0.085938 108.701390 0.000000 0.560459 -0.181631 
337 1.197428 0.000000 -0.037839 99.073360 0.000000 0.276539 0.018439 
338 1.146354 0.000000 0.010260 96.368789 0.000000 0.014330 0.071306 
339 1.401724 0.000000 -0.470734 108.655831 0.000000 0.323441 -0.180619 
340 1.401724 0.000000 -0.663132 103.927639 0.000000 -0.131835 -0.080097 
341 1.606020 0.000000 -0.470734 103.864019 0.000000 -0.139883 -0.078775 
342 1.299576 0.000000 -0.182137 108.427771 0.000000 0.522573 -0.175685 
343 1.299576 0.000000 -0.278336 108.519287 0.000000 0.537213 -0.177672 
344 1.401724 0.000000 -0.182137 108.314123 0.000000 0.506993 -0.173221 
345 1.248502 0.000000 -0.037839 98.756202 0.000000 0.250061 0.024715 
346 1.248502 0.000000 -0.085938 108.447743 0.000000 0.524073 -0.176119 
347 1.299576 0.000000 -0.037839 98.038560 0.000000 0.158889 0.038842 
348 1.248502 0.000000 0.010260 95.047786 0.000000 0.001932 0.096592 
349 1.299576 0.000000 0.202658 108.399163 0.000000 0.518059 -0.175065 
350 1.401724 0.000000 0.202658 108.286292 0.000000 0.502686 -0.172617 
351 1.299576 0.000000 0.298857 108.484842 0.000000 0.531712 -0.176924 
352 1.248502 0.000000 0.058360 102.162946 0.000000 0.347511 -0.043739 
353 1.197428 0.000000 0.058360 103.094079 0.000000 0.382669 -0.062854 
354 1.299576 0.000000 0.058360 101.529513 0.000000 0.253007 -0.030831 
355 1.248502 0.000000 0.106459 108.431714 0.000000 0.521523 -0.175771 
356 1.222965 0.000000 -0.013789 95.273656 0.000000 -0.153632 0.092291 
357 1.197428 0.000000 -0.013789 95.287037 0.000000 -0.145216 0.092036 
358 1.222965 0.000000 -0.037839 99.098947 0.000000 0.262671 0.017933 
359 1.248502 0.000000 -0.013789 94.461572 0.000000 0.125137 0.107700 
360 1.222965 0.000000 0.010260 95.283385 0.000000 -0.163767 0.092105 
361 1.810316 0.000000 -0.085938 101.027575 0.000000 -0.065564 -0.020658 
362 1.810316 0.000000 -0.278336 102.642368 0.000000 -0.292960 -0.053554 
363 2.014612 0.000000 -0.085938 101.605676 0.000000 -0.059497 -0.032372 
364 1.810316 0.000000 0.106459 103.269313 0.000000 -0.219055 -0.066460 
365 21.218443 0.000000 -6.050272 99.805504 0.000000 -6.342222 -0.000136 
366 21.218443 0.000000 -12.207004 99.776410 0.000000 -6.806233 -0.000166 
367 27.755917 0.000000 -6.050272 99.809530 0.000000 -6.245189 -0.000094 
368 21.218443 0.000000 0.106459 99.901992 0.000000 -4.870104 -0.000413 
369 11.412232 0.000000 -2.971906 99.909689 0.000000 -5.014586 -0.000709 
370 11.412232 0.000000 -6.050272 99.823178 0.000000 -6.437896 -0.000611 
371 14.680969 0.000000 -2.971906 99.929284 0.000000 -4.606139 -0.000708 
372 11.412232 0.000000 0.106459 99.983899 0.000000 -3.643465 -0.001005 
373 6.509126 0.000000 -1.432724 100.371962 0.000000 2.067790 -0.007881 
374 6.509126 0.000000 -2.971906 99.927887 0.000000 -5.371710 -0.001444 
375 8.143494 0.000000 -1.432724 100.368487 0.000000 1.891529 -0.007741 
376 6.509126 0.000000 0.106459 99.928502 0.000000 -4.479256 -0.000577 
377 4.057573 0.000000 -0.663132 102.895670 0.000000 1.882440 -0.059106 
378 4.057573 0.000000 -1.432724 100.851298 0.000000 1.786008 -0.017417 
379 4.874757 0.000000 -0.663132 100.451756 0.000000 0.083701 -0.009056 
380 4.057573 0.000000 0.106459 100.652529 0.000000 -4.164661 -0.014828 
381 2.831796 0.000000 -0.278336 106.938469 0.000000 -0.123365 -0.143585 
382 2.831796 0.000000 -0.663132 107.501035 0.000000 12.392034 -0.171004 
383 3.240389 0.000000 -0.278336 105.183194 0.000000 -1.655493 -0.106625 
384 2.831796 0.000000 0.106459 102.784655 0.000000 -0.000000 -0.056469 
385 2.218908 0.000000 -0.085938 102.255699 0.000000 0.000000 -0.045623 
386 2.218908 0.000000 -0.278336 103.584676 0.000000 2.057557 -0.073402 
387 2.423204 0.000000 -0.085938 102.781286 0.000000 0.000000 -0.056399 
388 2.218908 0.000000 0.106459 101.990731 0.000000 -2.290636 -0.040736 
389 1.810316 0.000000 0.298857 103.278357 0.000000 -0.217985 -0.066647 
390 2.014612 0.000000 0.298857 102.390701 0.000000 -0.159587 -0.048388 
391 1.810316 0.000000 0.491255 102.483782 0.000000 -0.309076 -0.050302 
392 1.912464 0.000000 0.010260 100.824229 0.000000 -0.010889 -0.016553 
393 1.810316 0.000000 0.010260 100.027952 0.000000 -0.010903 -0.000559 
394 1.912464 0.000000 -0.085938 101.214684 0.000000 -0.071090 -0.024442 
395 2.014612 0.000000 0.010260 101.478943 0.000000 -0.007856 -0.029798 
396 1.912464 0.000000 0.106459 102.482656 0.000000 -0.309267 -0.050279 
397 21.218443 0.000000 6.263191 99.770542 0.000000 -6.661884 0.000146 
398 27.755917 0.000000 6.263191 99.772299 0.000000 -6.692575 0.000070 
399 21.218443 0.000000 12.419923 99.754002 0.000000 -6.860314 0.000208 
400 11.412232 0.000000 3.184825 99.785693 0.000000 -6.164494 0.000481 
401 14.680969 0.000000 3.184825 99.794555 0.000000 -6.232475 0.000220 
402 11.412232 0.000000 6.263191 99.744909 0.000000 -6.596271 0.000744 
403 6.509126 0.000000 1.645642 99.823330 0.000000 -5.256163 0.000768 
404 8.143494 0.000000 1.645642 99.841647 0.000000 -5.415988 0.000231 
405 6.509126 0.000000 3.184825 99.719484 0.000000 -6.020995 0.001977 
406 4.057573 0.000000 0.876051 99.849333 0.000000 -3.686212 0.001652 
407 4.874757 0.000000 0.876051 99.879186 0.000000 -3.992857 0.000821 
408 4.057573 0.000000 1.645642 99.630583 0.000000 -4.945682 0.004929 
409 2.831796 0.000000 0.491255 99.468055 0.000000 -2.324445 0.010070 
410 3.240389 0.000000 0.491255 99.531722 0.000000 -1.788229 0.009024 
411 2.831796 0.000000 0.876051 99.554242 0.000000 -3.393492 0.007744 
412 2.218908 0.000000 0.298857 101.459949 0.000000 -0.662308 -0.029456 
413 2.423204 0.000000 0.298857 101.211859 0.000000 -1.486376 -0.024605 
414 2.218908 0.000000 0.491255 100.812219 0.000000 -1.098412 -0.016431 
415 2.116760 0.000000 0.010260 101.901002 0.000000 0.000000 -0.038381 
416 2.116760 0.000000 -0.085938 101.867837 0.000000 0.000000 -0.037706 
417 2.218908 0.000000 0.010260 102.284733 0.000000 0.000000 -0.046217 
418 2.116760 0.000000 0.106459 101.775984 0.000000 -2.115911 -0.036283 
419 2.627500 0.000000 -0.085938 104.963978 0.000000 -10.556267 -0.112887 
420 2.627500 0.000000 -0.278336 105.621501 0.000000 0.292911 -0.115599 
421 2.831796 0.000000 -0.085938 102.702637 0.000000 -0.000000 -0.054783 
422 2.627500 0.000000 0.106459 101.307486 0.000000 -4.301656 -0.028171 
423 2.321056 0.000000 0.010260 102.570949 0.000000 0.000000 -0.052080 
424 2.321056 0.000000 -0.085938 102.530103 0.000000 0.000000 -0.051242 
425 2.423204 0.000000 0.010260 102.776100 0.000000 0.000000 -0.056293 
426 2.321056 0.000000 0.106459 102.103959 0.000000 -2.572270 -0.043183 
427 2.627500 0.000000 0.298857 100.385337 0.000000 -2.309503 -0.008255 
428 2.831796 0.000000 0.298857 98.989932 0.000000 -2.226409 0.019604 
429 2.627500 0.000000 0.491255 100.036234 0.000000 -2.264946 -0.001238 
430 2.525352 0.000000 0.010260 102.873640 0.000000 0.000000 -0.058299 
431 2.525352 0.000000 -0.085938 102.891363 0.000000 0.000000 -0.058663 
432 2.627500 0.000000 0.010260 102.895886 0.000000 0.000000 -0.058756 
433 2.525352 0.000000 0.106459 101.866047 0.000000 -3.582496 -0.038953 
434 3.648981 0.000000 -0.278336 102.518210 0.000000 -8.786366 -0.058718 
435 3.648981 0.000000 -0.663132 105.776487 0.000000 5.279364 -0.121654 
436 4.057573 0.000000 -0.278336 100.427779 0.000000 -16.403124 -0.035480 
437 3.648981 0.000000 0.106459 101.027259 0.000000 -3.412761 -0.021815 
438 3.036093 0.000000 -0.085938 102.606182 0.000000 0.000000 -0.052803 
439 3.036093 0.000000 -0.278336 106.797110 0.000000 -0.060777 -0.140563 
440 3.240389 0.000000 -0.085938 102.287245 0.000000 -0.000000 -0.046268 
441 3.036093 0.000000 0.106459 102.630761 0.000000 -0.000000 -0.053307 
442 2.729648 0.000000 0.010260 102.814329 0.000000 -0.000000 -0.057079 
443 2.729648 0.000000 -0.085938 102.807707 0.000000 -0.000000 -0.056942 
444 2.831796 0.000000 0.010260 102.732352 0.000000 -0.000000 -0.055394 
445 2.729648 0.000000 0.106459 102.803037 0.000000 -0.000000 -0.056846 
446 8.143494 0.000000 -18.363735 99.784732 0.000000 -6.917985 -0.000485 
447 8.143494 0.000000 -24.520467 99.773953 0.000000 -6.945411 -0.000308 
448 14.680969 0.000000 -18.363735 99.776082 0.000000 -6.906685 -0.000297 
449 4.874757 0.000000 -9.128638 99.859062 0.000000 -6.763753 -0.001758 
450 4.874757 0.000000 -12.207004 99.822521 0.000000 -6.857850 -0.001157 
451 8.143494 0.000000 -9.128638 99.829202 0.000000 -6.726655 -0.001112 
452 3.240389 0.000000 -4.511089 100.071212 0.000000 -6.290902 -0.005382 
453 3.240389 0.000000 -6.050272 99.974301 0.000000 -6.573731 -0.003807 
454 4.874757 0.000000 -4.511089 99.962795 0.000000 -6.208274 -0.003110 
455 2.423204 0.000000 -2.202315 100.723838 0.000000 -4.976848 -0.017006 
456 2.423204 0.000000 -2.971906 100.401098 0.000000 -5.745661 -0.011339 
457 3.240389 0.000000 -2.202315 100.530085 0.000000 -4.457340 -0.012617 
458 2.831796 0.000000 -1.047928 103.052590 0.000000 2.823108 -0.062781 
459 2.423204 0.000000 -1.047928 103.143341 0.000000 -0.052255 -0.063855 
460 2.831796 0.000000 -1.432724 101.627219 0.000000 -2.111874 -0.033255 
461 3.240389 0.000000 -1.047928 103.200580 0.000000 5.234700 -0.067776 
462 2.627500 0.000000 -0.470734 106.353513 0.000000 6.893021 -0.135858 
463 2.423204 0.000000 -0.470734 106.275899 0.000000 9.213265 -0.137945 
464 2.627500 0.000000 -0.663132 107.552949 0.000000 12.114403 -0.171440 
465 2.831796 0.000000 -0.470734 107.019228 0.000000 6.020823 -0.148937 
466 2.729648 0.000000 -0.182137 106.654204 0.000000 -5.698234 -0.140759 
467 2.627500 0.000000 -0.182137 105.752834 0.000000 -5.416474 -0.121300 
468 2.729648 0.000000 -0.278336 106.282631 0.000000 0.029792 -0.129600 
469 2.831796 0.000000 -0.182137 102.813367 0.000000 -0.000000 -0.057059 
470 2.678574 0.000000 -0.037839 102.849666 0.000000 -0.000000 -0.057805 
471 2.627500 0.000000 -0.037839 102.868701 0.000000 0.000000 -0.058197 
472 2.678574 0.000000 -0.085938 102.929521 0.000000 0.000000 -0.059449 
473 2.729648 0.000000 -0.037839 102.789179 0.000000 -0.000000 -0.056562 
474 2.678574 0.000000 0.010260 102.877462 0.000000 -0.000000 -0.058377 
475 3.648981 0.000000 0.491255 100.052894 0.000000 -2.183016 -0.001535 
476 4.057573 0.000000 0.491255 100.122788 0.000000 -2.693863 -0.003183 
477 3.648981 0.000000 0.876051 99.721260 0.000000 -3.473889 0.004360 
478 3.444685 0.000000 -0.085938 102.160781 0.000000 -0.000000 -0.043683 
479 3.444685 0.000000 -0.278336 103.652656 0.000000 -4.689307 -0.076586 
480 3.648981 0.000000 -0.085938 101.113219 0.000000 -14.149072 -0.042408 
481 3.444685 0.000000 0.106459 102.155926 0.000000 -0.000000 -0.043583 
482 3.444685 0.000000 0.298857 100.226419 0.000000 -1.053539 -0.004644 
483 3.240389 0.000000 0.298857 99.568254 0.000000 -0.628902 0.008577 
484 3.648981 0.000000 0.298857 100.438318 0.000000 -1.637787 -0.009054 
485 3.444685 0.000000 0.491255 99.857333 0.000000 -1.903730 0.002489 
486 3.342537 0.000000 0.010260 102.233207 0.000000 -0.000000 -0.045163 
487 3.240389 0.000000 0.010260 102.236584 0.000000 0.000000 -0.045232 
488 3.342537 0.000000 -0.085938 102.215290 0.000000 -0.000000 -0.044797 
489 3.444685 0.000000 0.010260 102.181959 0.000000 -0.000000 -0.044115 
490 3.342537 0.000000 0.106459 102.215823 0.000000 -0.000000 -0.044807 
491 3.036093 0.000000 0.298857 98.701740 0.000000 -1.004315 0.025696 
492 3.036093 0.000000 0.491255 99.275179 0.000000 -1.973402 0.014054 
493 3.138241 0.000000 0.010260 102.398037 0.000000 -0.000000 -0.048536 
494 3.036093 0.000000 0.010260 102.547171 0.000000 0.000000 -0.051592 
495 3.138241 0.000000 -0.085938 102.362249 0.000000 -0.000000 -0.047803 
496 3.138241 0.000000 0.106459 102.361957 0.000000 -0.000000 -0.047797 
497 4.057573 0.000000 -2.202315 100.204516 0.000000 -4.055692 -0.005739 
498 4.057573 0.000000 -2.971906 100.105480 0.000000 -5.424321 -0.005053 
499 4.874757 0.000000 -2.202315 99.967087 0.000000 -4.063266 -0.000993 
500 3.648981 0.000000 -1.047928 103.780132 0.000000 7.642995 -0.082873 
501 3.648981 0.000000 -1.432724 101.718272 0.000000 0.395059 -0.034676 
502 4.057573 0.000000 -1.047928 102.487938 0.000000 12.571845 -0.066183 
503 3.444685 0.000000 -0.470734 105.348961 0.000000 2.749235 -0.110596 
504 3.240389 0.000000 -0.470734 106.459130 0.000000 4.357498 -0.135253 
505 3.444685 0.000000 -0.663132 107.405258 0.000000 8.044576 -0.160060 
506 3.648981 0.000000 -0.470734 104.081994 0.000000 1.054738 -0.083417 
507 3.342537 0.000000 -0.182137 102.170106 0.000000 -0.000000 -0.043873 
508 3.240389 0.000000 -0.182137 102.244180 0.000000 -0.000000 -0.045387 
509 3.342537 0.000000 -0.278336 104.373158 0.000000 -3.054946 -0.090309 
510 3.444685 0.000000 -0.182137 103.560764 0.000000 -5.449517 -0.075453 
511 3.291463 0.000000 -0.037839 102.256749 0.000000 -0.000000 -0.045644 
512 3.240389 0.000000 -0.037839 102.283679 0.000000 -0.000000 -0.046195 
513 3.291463 0.000000 -0.085938 102.260054 0.000000 -0.000000 -0.045712 
514 3.342537 0.000000 -0.037839 102.233719 0.000000 -0.000000 -0.045173 
515 3.291463 0.000000 0.010260 102.255790 0.000000 -0.000000 -0.045625 
516 3.036093 0.000000 -0.470734 107.140133 0.000000 5.446163 -0.150867 
517 3.036093 0.000000 -0.663132 108.055337 0.000000 12.333910 -0.182808 
518 3.138241 0.000000 -0.182137 102.371840 0.000000 0.000000 -0.047999 
519 3.036093 0.000000 -0.182137 102.600517 0.000000 0.000000 -0.052687 
520 3.138241 0.000000 -0.278336 106.035779 0.000000 -0.609709 -0.124396 
521 3.189315 0.000000 -0.037839 102.318353 0.000000 -0.000000 -0.046905 
522 3.138241 0.000000 -0.037839 102.398751 0.000000 -0.000000 -0.048550 
523 3.189315 0.000000 -0.085938 102.320200 0.000000 -0.000000 -0.046942 
524 3.189315 0.000000 0.010260 102.322895 0.000000 -0.000000 -0.046997 
525 3.342537 0.000000 0.202658 100.266215 0.000000 -0.568851 -0.005364 
526 3.240389 0.000000 0.202658 102.199851 0.000000 -0.000000 -0.044481 
527 3.444685 0.000000 0.202658 100.582220 0.000000 -1.017125 -0.011782 
528 3.342537 0.000000 0.298857 99.961114 0.000000 -0.792339 0.000715 
529 3.291463 0.000000 0.058360 102.258003 0.000000 -0.000000 -0.045670 
530 3.240389 0.000000 0.058360 102.285037 0.000000 -0.000000 -0.046223 
531 3.342537 0.000000 0.058360 102.234403 0.000000 -0.000000 -0.045187 
532 3.291463 0.000000 0.106459 102.238570 0.000000 -0.000000 -0.045273 
533 3.265926 0.000000 -0.013789 102.277135 0.000000 -0.000000 -0.046061 
534 3.240389 0.000000 -0.013789 102.240909 0.000000 0.000000 -0.045320 
535 3.265926 0.000000 -0.037839 102.278305 0.000000 -0.000000 -0.046085 
536 3.291463 0.000000 -0.013789 102.255855 0.000000 -0.000000 -0.045626 
537 3.265926 0.000000 0.010260 102.277051 0.000000 -0.000000 -0.046060 
538 3.138241 0.000000 0.202658 102.440341 0.000000 0.000000 -0.049402 
539 3.036093 0.000000 0.202658 102.548019 0.000000 0.000000 -0.051610 
540 3.138241 0.000000 0.298857 99.105599 0.000000 -0.673033 0.017763 
541 3.189315 0.000000 0.058360 102.319039 0.000000 -0.000000 -0.046919 
542 3.138241 0.000000 0.058360 102.386246 0.000000 -0.000000 -0.048294 
543 3.189315 0.000000 0.106459 102.321128 0.000000 -0.000000 -0.046961 
544 3.214852 0.000000 -0.013789 102.280389 0.000000 0.000000 -0.046128 
545 3.189315 0.000000 -0.013789 102.325017 0.000000 -0.000000 -0.047041 
546 3.214852 0.000000 -0.037839 102.308675 0.000000 -0.000000 -0.046706 
547 3.214852 0.000000 0.010260 102.277913 0.000000 0.000000 -0.046077 
548 2.933944 0.000000 0.010260 102.724377 0.000000 -0.000000 -0.055230 
549 2.933944 0.000000 -0.085938 102.712430 0.000000 -0.000000 -0.054984 
550 2.933944 0.000000 0.106459 102.710749 0.000000 -0.000000 -0.054950 
551 3.087167 0.000000 -0.037839 102.498686 0.000000 -0.000000 -0.050598 
552 3.036093 0.000000 -0.037839 102.568333 0.000000 0.000000 -0.052026 
553 3.087167 0.000000 -0.085938 102.464998 0.000000 -0.000000 -0.049908 
554 3.087167 0.000000 0.010260 102.499596 0.000000 -0.000000 -0.050617 
555 3.163778 0.000000 -0.013789 102.365795 0.000000 -0.000000 -0.047876 
556 3.138241 0.000000 -0.013789 102.396659 0.000000 -0.000000 -0.048508 
557 3.163778 0.000000 -0.037839 102.350320 0.000000 -0.000000 -0.047559 
558 3.163778 0.000000 0.010260 102.365021 0.000000 -0.000000 -0.047860 
559 2.933944 0.000000 -0.182137 102.753429 0.000000 -0.000000 -0.055827 
560 2.933944 0.000000 -0.278336 107.192082 0.000000 0.009893 -0.149014 
561 2.985019 0.000000 -0.037839 102.646275 0.000000 -0.000000 -0.053626 
562 2.933944 0.000000 -0.037839 102.669521 0.000000 -0.000000 -0.054103 
563 2.985019 0.000000 -0.085938 102.675032 0.000000 -0.000000 -0.054216 
564 2.985019 0.000000 0.010260 102.649418 0.000000 0.000000 -0.053690 
565 2.882870 0.000000 -0.037839 102.684951 0.000000 -0.000000 -0.054420 
566 2.831796 0.000000 -0.037839 102.711110 0.000000 -0.000000 -0.054957 
567 2.882870 0.000000 -0.085938 102.680645 0.000000 -0.000000 -0.054331 
568 2.882870 0.000000 0.010260 102.833757 0.000000 -0.000000 -0.057478 
569 2.933944 0.000000 0.202658 102.822281 0.000000 0.000000 -0.057242 
570 2.831796 0.000000 0.202658 102.760168 0.000000 -0.000000 -0.055965 
571 2.933944 0.000000 0.298857 98.598219 0.000000 -1.633387 0.027572 
572 2.882870 0.000000 0.058360 102.683288 0.000000 -0.000000 -0.054386 
573 2.831796 0.000000 0.058360 102.708693 0.000000 -0.000000 -0.054908 
574 2.933944 0.000000 0.058360 102.667722 0.000000 -0.000000 -0.054066 
575 2.882870 0.000000 0.106459 102.759592 0.000000 -0.000000 -0.055953 
576 2.908407 0.000000 -0.013789 102.770511 0.000000 -0.000000 -0.056178 
577 2.882870 0.000000 -0.013789 102.777048 0.000000 -0.000000 -0.056312 
578 2.908407 0.000000 -0.037839 102.672375 0.000000 -0.000000 -0.054162 
579 2.933944 0.000000 -0.013789 102.722114 0.000000 -0.000000 -0.055183 
580 2.908407 0.000000 0.010260 102.775139 0.000000 -0.000000 -0.056273 
581 2.780722 0.000000 -0.037839 102.748435 0.000000 -0.000000 -0.055724 
582 2.780722 0.000000 -0.085938 102.788572 0.000000 -0.000000 -0.056549 
583 2.780722 0.000000 0.010260 102.753700 0.000000 -0.000000 -0.055832 
584 2.857333 0.000000 -0.013789 102.585832 0.000000 -0.000000 -0.052385 
585 2.831796 0.000000 -0.013789 102.731152 0.000000 -0.000000 -0.055369 
586 2.857333 0.000000 -0.037839 102.726116 0.000000 -0.000000 -0.055266 
587 2.857333 0.000000 0.010260 102.698680 0.000000 -0.000000 -0.054702 
588 2.729648 0.000000 0.202658 99.715162 0.000000 -3.321350 0.004586 
589 2.627500 0.000000 0.202658 100.726829 0.000000 -2.969335 -0.015471 
590 2.729648 0.000000 0.298857 99.704821 0.000000 -2.471174 0.005284 
591 2.780722 0.000000 0.058360 102.745448 0.000000 -0.000000 -0.055663 
592 2.729648 0.000000 0.058360 102.795470 0.000000 -0.000000 -0.056691 
593 2.780722 0.000000 0.106459 102.802351 0.000000 -0.000000 -0.056832 
594 2.857333 0.000000 0.034310 102.726403 0.000000 -0.000000 -0.055271 
595 2.831796 0.000000 0.034310 102.711522 0.000000 -0.000000 -0.054966 
596 2.882870 0.000000 0.034310 102.685187 0.000000 -0.000000 -0.054425 
597 2.857333 0.000000 0.058360 102.714541 0.000000 -0.000000 -0.055028 
598 2.870102 0.000000 -0.001764 102.825059 0.000000 -0.000000 -0.057299 
599 2.857333 0.000000 -0.001764 102.781337 0.000000 0.000000 -0.056400 
600 2.870102 0.000000 -0.013789 102.813089 0.000000 -0.000000 -0.057053 
601 2.882870 0.000000 -0.001764 102.848858 0.000000 -0.000000 -0.057789 
602 2.870102 0.000000 0.010260 102.827567 0.000000 -0.000000 -0.057351 
603 5.691941 0.000000 -0.663132 100.097616 0.000000 -0.778188 -0.002014 
604 5.691941 0.000000 -1.432724 100.244024 0.000000 1.442145 -0.005094 
605 6.509126 0.000000 -0.663132 99.996780 0.000000 -1.799716 -0.000260 
606 5.691941 0.000000 0.106459 99.908897 0.000000 -5.588198 -0.001302 
607 9.777863 0.000000 -1.432724 98.901025 0.000000 -19.331123 -0.015511 
608 9.777863 0.000000 -2.971906 99.904468 0.000000 -5.171790 -0.000765 
609 11.412232 0.000000 -1.432724 100.564251 0.000000 4.502348 -0.013344 
610 9.777863 0.000000 0.106459 99.990114 0.000000 -3.545565 -0.001059 
611 7.326310 0.000000 -0.663132 99.975831 0.000000 -2.039917 0.000067 
612 7.326310 0.000000 -1.432724 100.400879 0.000000 2.478592 -0.008648 
613 8.143494 0.000000 -0.663132 100.018034 0.000000 -2.049287 -0.000781 
614 7.326310 0.000000 0.106459 100.042748 0.000000 -4.062746 -0.002506 
615 5.691941 0.000000 0.876051 99.885371 0.000000 -4.132766 0.000583 
616 6.509126 0.000000 0.876051 99.934709 0.000000 -4.253689 -0.000504 
617 5.691941 0.000000 1.645642 99.787253 0.000000 -5.167294 0.001580 
618 6.100534 0.000000 -0.278336 98.862300 0.000000 -12.804731 0.006228 
619 5.691941 0.000000 -0.278336 99.270104 0.000000 -18.818593 -0.020869 
620 6.100534 0.000000 -0.663132 100.012184 0.000000 -1.377913 -0.000434 
621 6.509126 0.000000 -0.278336 99.389288 0.000000 -8.764074 0.004496 
622 6.100534 0.000000 0.106459 99.807862 0.000000 -4.962304 0.001377 
623 2.014612 0.000000 -1.047928 102.407262 0.000000 -2.287521 -0.049248 
624 2.014612 0.000000 -1.432724 101.470517 0.000000 -3.814203 -0.031081 
625 2.218908 0.000000 -0.470734 108.729155 0.000000 15.409305 -0.205948 
626 2.014612 0.000000 -0.470734 113.792832 0.000000 19.909038 -0.334518 
627 2.218908 0.000000 -0.663132 108.321336 0.000000 8.027257 -0.179795 
628 2.116760 0.000000 -0.182137 102.772732 0.000000 -3.284499 -0.057302 
629 2.014612 0.000000 -0.182137 102.387460 0.000000 -0.308317 -0.048329 
630 2.116760 0.000000 -0.278336 103.325124 0.000000 3.105802 -0.068573 
631 2.218908 0.000000 -0.182137 103.339279 0.000000 -3.035069 -0.068822 
632 2.065686 0.000000 -0.037839 101.649156 0.000000 -0.002337 -0.033255 
633 2.014612 0.000000 -0.037839 101.459841 0.000000 -0.016244 -0.029410 
634 2.065686 0.000000 -0.085938 102.390700 0.000000 -0.159587 -0.048388 
635 2.116760 0.000000 -0.037839 101.885890 0.000000 0.000000 -0.038073 
636 2.065686 0.000000 0.010260 101.658627 0.000000 -0.001460 -0.033448 
637 4.466165 0.000000 -0.278336 100.486610 0.000000 -25.444269 -0.074497 
638 4.466165 0.000000 -0.663132 101.086325 0.000000 0.324426 -0.021855 
639 4.874757 0.000000 -0.278336 101.596777 0.000000 -29.300428 -0.118042 
640 4.466165 0.000000 0.106459 100.405802 0.000000 -4.757754 -0.010396 
641 5.283349 0.000000 -0.278336 100.525412 0.000000 -22.719697 -0.062154 
642 5.283349 0.000000 -0.663132 100.292083 0.000000 -0.197369 -0.005854 
643 5.283349 0.000000 0.106459 100.215733 0.000000 -5.573689 -0.007426 
644 6.509126 0.000000 -4.511089 99.898277 0.000000 -6.179451 -0.001785 
645 6.509126 0.000000 -6.050272 99.878119 0.000000 -6.484082 -0.001768 
646 8.143494 0.000000 -4.511089 99.865586 0.000000 -6.159029 -0.001107 
647 5.691941 0.000000 -2.202315 99.977103 0.000000 -4.078376 -0.001205 
648 5.691941 0.000000 -2.971906 99.947881 0.000000 -5.394707 -0.001868 
649 6.509126 0.000000 -2.202315 99.996173 0.000000 -3.959519 -0.001491 
650 6.100534 0.000000 -1.047928 100.527102 0.000000 4.840006 -0.012912 
651 5.691941 0.000000 -1.047928 100.511253 0.000000 4.600270 -0.012367 
652 6.100534 0.000000 -1.432724 100.340735 0.000000 1.765413 -0.007138 
653 6.509126 0.000000 -1.047928 100.524510 0.000000 4.789182 -0.012811 
654 9.777863 0.000000 1.645642 99.837734 0.000000 -5.522845 0.000193 
655 11.412232 0.000000 1.645642 99.835654 0.000000 -5.600878 0.000147 
656 9.777863 0.000000 3.184825 99.779304 0.000000 -6.131484 0.000650 
657 7.326310 0.000000 0.876051 99.954957 0.000000 -4.431767 -0.001063 
658 8.143494 0.000000 0.876051 99.925902 0.000000 -4.587676 -0.000623 
659 7.326310 0.000000 1.645642 99.840350 0.000000 -5.342587 0.000336 
660 6.917718 0.000000 -0.278336 99.696067 0.000000 -7.686858 0.000161 
661 6.917718 0.000000 -0.663132 99.991091 0.000000 -2.017313 -0.000229 
662 7.326310 0.000000 -0.278336 99.534088 0.000000 -8.149991 0.002654 
663 6.917718 0.000000 0.106459 100.005212 0.000000 -4.299143 -0.001953 
664 6.304830 0.000000 -0.470734 99.986514 0.000000 -1.239030 0.000116 
665 6.100534 0.000000 -0.470734 99.949485 0.000000 -1.189477 0.000869 
666 6.304830 0.000000 -0.663132 100.001516 0.000000 -1.615924 -0.000291 
667 6.509126 0.000000 -0.470734 100.024879 0.000000 -1.290102 -0.000664 
668 6.304830 0.000000 -0.278336 99.126649 0.000000 -9.961131 0.007468 
669 -18.006403 0.000000 -18.363735 99.768378 0.000000 -6.977500 -0.000241 
670 -24.543877 0.000000 -18.363735 99.763548 0.000000 -6.978416 -0.000146 
671 -18.006403 0.000000 -24.520467 99.766216 0.000000 -6.975237 -0.000195 
672 21.218443 0.000000 -18.363735 99.770156 0.000000 -6.900958 -0.000171 
673 21.218443 0.000000 -24.520467 99.766795 0.000000 -6.935044 -0.000151 
674 27.755917 0.000000 -18.363735 99.766883 0.000000 -6.897023 -0.000100 
675 -8.200191 0.000000 -9.128638 99.806783 0.000000 -6.982237 -0.001015 
676 -11.468929 0.000000 -9.128638 99.786619 0.000000 -6.986765 -0.000618 
677 -8.200191 0.000000 -12.207004 99.797127 0.000000 -6.973013 -0.000809 
678 11.412232 0.000000 -9.128638 99.805650 0.000000 -6.711153 -0.000621 
679 11.412232 0.000000 -12.207004 99.793922 0.000000 -6.824736 -0.000540 
680 14.680969 0.000000 -9.128638 99.792788 0.000000 -6.702220 -0.000352 
681 -3.297086 0.000000 -4.511089 99.965239 0.000000 -6.998160 -0.004202 
682 -4.931454 0.000000 -4.511089 99.884669 0.000000 -7.019970 -0.002623 
683 -3.297086 0.000000 -6.050272 99.922119 0.000000 -6.960439 -0.003288 
684 -0.845533 0.000000 -2.202315 100.615217 0.000000 -6.929053 -0.017143 
685 -1.662717 0.000000 -2.202315 100.323640 0.000000 -7.124378 -0.011559 
686 -0.845533 0.000000 -2.971906 100.398836 0.000000 -6.857071 -0.012695 
687 -0.436941 0.000000 -1.047928 101.951757 0.000000 -6.979425 -0.044287 
688 -0.845533 0.000000 -1.047928 101.164642 0.000000 -7.494382 -0.029045 
689 -0.436941 0.000000 -1.432724 101.391009 0.000000 -6.811114 -0.032653 
690 0.175947 0.000000 -0.470734 115.927943 0.000000 1.674540 -0.344209 
691 -0.028349 0.000000 -0.470734 104.144352 0.000000 1.254453 -0.084762 
692 0.175947 0.000000 -0.663132 104.372240 0.000000 1.254081 -0.089514 
693 0.278096 0.000000 -0.182137 113.085886 0.000000 1.262121 -0.279001 
694 0.175947 0.000000 -0.182137 114.274909 0.000000 1.459775 -0.306089 
695 0.278096 0.000000 -0.278336 113.083089 0.000000 1.257514 -0.278937 
696 0.482392 0.000000 0.202658 110.176427 0.000000 0.824933 -0.213953 
697 0.380244 0.000000 0.202658 110.928853 0.000000 0.925347 -0.230607 
698 0.482392 0.000000 0.298857 110.108672 0.000000 0.811893 -0.212458 
699 0.533466 0.000000 0.058360 105.891763 0.000000 0.314280 -0.121316 
700 0.482392 0.000000 0.058360 104.674973 0.000000 0.264725 -0.095692 
701 0.533466 0.000000 0.106459 107.781685 0.000000 0.442580 -0.161709 
702 0.431318 0.000000 0.058360 103.597148 0.000000 0.297581 -0.073246 
703 0.380244 0.000000 0.058360 103.542435 0.000000 0.325158 -0.072114 
704 0.431318 0.000000 0.106459 105.196646 0.000000 0.426860 -0.106652 
705 0.278096 0.000000 0.202658 113.086467 0.000000 1.263253 -0.279014 
706 0.175947 0.000000 0.202658 114.270658 0.000000 1.460092 -0.305992 
707 0.278096 0.000000 0.298857 113.084324 0.000000 1.258987 -0.278965 
708 0.839910 0.000000 0.058360 110.447542 0.000000 0.457235 -0.219887 
709 0.839910 0.000000 0.106459 111.165439 0.000000 0.458095 -0.235796 
710 0.610077 0.000000 0.034310 107.983156 0.000000 0.272345 -0.166044 
711 0.584540 0.000000 0.034310 106.726353 0.000000 0.236528 -0.139057 
712 0.610077 0.000000 0.058360 108.897938 0.000000 0.319673 -0.185886 
713 1.810316 0.000000 -0.470734 102.415789 0.000000 -0.334864 -0.048911 
714 1.810316 0.000000 -0.663132 103.737474 0.000000 -0.389005 -0.076161 
715 1.146354 0.000000 0.058360 102.653732 0.000000 0.390124 -0.053794 
716 1.146354 0.000000 0.106459 108.688785 0.000000 0.558319 -0.181356 
717 0.916521 0.000000 0.034310 104.167200 0.000000 0.232241 -0.085086 
718 0.890984 0.000000 0.034310 106.486036 0.000000 0.304936 -0.133937 
719 0.916521 0.000000 0.058360 104.869503 0.000000 0.275704 -0.099769 
720 1.912464 0.000000 -0.182137 102.482905 0.000000 -0.309224 -0.050284 
721 1.810316 0.000000 -0.182137 103.274572 0.000000 -0.218433 -0.066568 
722 1.912464 0.000000 -0.278336 102.415636 0.000000 -0.334736 -0.048907 
723 9.777863 0.000000 -4.511089 99.849724 0.000000 -6.133620 -0.000759 
724 9.777863 0.000000 -6.050272 99.835817 0.000000 -6.448966 -0.000878 
725 11.412232 0.000000 -4.511089 99.841294 0.000000 -6.103760 -0.000554 
726 7.326310 0.000000 -2.202315 100.001007 0.000000 -3.794933 -0.001460 
727 7.326310 0.000000 -2.971906 99.915476 0.000000 -5.334836 -0.001156 
728 8.143494 0.000000 -2.202315 100.010199 0.000000 -3.598790 -0.001499 
729 4.466165 0.000000 -1.047928 102.444165 0.000000 31.252550 -0.147153 
730 4.466165 0.000000 -1.432724 99.792789 0.000000 1.999096 0.003740 
731 4.874757 0.000000 -1.047928 111.548973 0.000000 62.649450 -0.636813 
732 2.321056 0.000000 -0.182137 103.937569 0.000000 -2.006345 -0.080704 
733 2.321056 0.000000 -0.278336 103.971199 0.000000 1.425929 -0.081204 
734 2.423204 0.000000 -0.182137 105.158780 0.000000 4.842366 -0.108182 
735 4.466165 0.000000 0.491255 100.057851 0.000000 -3.025582 -0.002073 
736 4.874757 0.000000 0.491255 99.992870 0.000000 -3.224166 -0.000897 
737 4.466165 0.000000 0.876051 99.879649 0.000000 -3.868575 0.000909 
738 2.525352 0.000000 -0.182137 104.850798 0.000000 -4.802086 -0.101675 
739 2.525352 0.000000 -0.278336 104.996701 0.000000 0.628128 -0.102470 
740 2.525352 0.000000 0.202658 101.322720 0.000000 -2.430944 -0.027220 
741 2.423204 0.000000 0.202658 101.636281 0.000000 -1.890818 -0.033351 
742 2.525352 0.000000 0.298857 100.889305 0.000000 -1.938224 -0.018241 
743 2.678574 0.000000 0.058360 102.834135 0.000000 -0.000000 -0.057486 
744 2.627500 0.000000 0.058360 102.890176 0.000000 0.000000 -0.058639 
745 2.678574 0.000000 0.106459 100.806175 0.000000 -4.695830 -0.018394 
746 3.087167 0.000000 0.058360 102.465498 0.000000 -0.000000 -0.049918 
747 3.036093 0.000000 0.058360 102.606087 0.000000 0.000000 -0.052801 
748 3.087167 0.000000 0.106459 102.456733 0.000000 -0.000000 -0.049738 
749 2.985019 0.000000 0.058360 102.675939 0.000000 -0.000000 -0.054235 
750 2.985019 0.000000 0.106459 102.674289 0.000000 -0.000000 -0.054201 
751 2.908407 0.000000 0.034310 102.672659 0.000000 -0.000000 -0.054167 
752 2.933944 0.000000 0.034310 102.669775 0.000000 -0.000000 -0.054108 
753 2.908407 0.000000 0.058360 102.683224 0.000000 -0.000000 -0.054384 
754 5.283349 0.000000 -1.047928 101.231348 0.000000 5.236681 -0.027521 
755 5.283349 0.000000 -1.432724 99.935939 0.000000 1.352480 0.001098 
756 6.917718 0.000000 -1.047928 100.510194 0.000000 4.574638 -0.012323 
757 6.917718 0.000000 -1.432724 100.389713 0.000000 2.320910 -0.008348 
758 7.326310 0.000000 -1.047928 100.488959 0.000000 4.239535 -0.011600 
759 5.283349 0.000000 0.491255 99.956938 0.000000 -3.363188 -0.000270 
760 5.691941 0.000000 0.491255 99.934488 0.000000 -3.449629 0.000120 
761 5.283349 0.000000 0.876051 99.877593 0.000000 -4.072404 0.000788 
762 6.100534 0.000000 0.491255 99.946209 0.000000 -3.480872 -0.000136 
763 6.509126 0.000000 0.491255 99.997110 0.000000 -3.500288 -0.001167 
764 6.100534 0.000000 0.876051 99.906573 0.000000 -4.188271 0.000114 
765 6.917718 0.000000 0.491255 100.045558 0.000000 -3.555262 -0.002175 
766 7.326310 0.000000 0.491255 100.061129 0.000000 -3.655600 -0.002559 
767 6.917718 0.000000 0.876051 99.954185 0.000000 -4.338507 -0.000966 
768 2.321056 0.000000 0.202658 101.764571 0.000000 -1.436000 -0.035809 
769 2.218908 0.000000 0.202658 101.760932 0.000000 -1.086952 -0.035647 
770 2.321056 0.000000 0.298857 101.392451 0.000000 -1.056775 -0.028155 
771 2.116760 0.000000 0.202658 101.660307 0.000000 -0.839023 -0.033552 
772 2.014612 0.000000 0.202658 102.394320 0.000000 -0.380857 -0.048474 
773 2.116760 0.000000 0.298857 101.441554 0.000000 -0.347592 -0.029051 
1 19 21 9 22 
2 20 19 22 4 
3 28 29 3 30 
4 21 28 30 9 
5 35 37 21 38 
6 36 35 38 19 
7 44 45 28 46 
8 37 44 46 21 
9 51 53 37 54 
10 52 51 54 35 
11 60 61 44 62 
12 53 60 62 37 
13 67 69 53 70 
14 68 67 70 51 
15 11 78 76 77 
16 78 10 24 76 
17 76 24 14 79 
18 77 76 79 6 
19 24 82 80 81 
20 82 23 40 80 
21 80 40 27 83 
22 81 80 83 14 
23 40 86 84 85 
24 86 39 56 84 
25 84 56 43 87 
26 85 84 87 27 
27 56 90 88 89 
28 89 88 91 43 
29 92 93 60 94 
30 69 92 94 53 
31 95 97 69 98 
32 96 95 98 67 
33 6 79 112 113 
34 79 14 36 112 
35 112 36 19 114 
36 113 112 114 20 
37 14 83 115 116 
38 83 27 52 115 
39 115 52 35 117 
40 116 115 117 36 
41 27 87 118 119 
42 87 43 68 118 
43 118 68 51 120 
44 119 118 120 52 
45 43 91 121 122 
46 121 96 67 123 
47 122 121 123 68 
48 124 126 95 127 
49 125 124 127 96 
50 88 135 133 134 
51 135 72 100 133 
52 133 100 59 136 
53 134 133 136 91 
54 100 139 137 138 
55 138 137 140 59 
56 141 142 92 143 
57 97 141 143 69 
58 144 145 97 146 
59 126 144 146 95 
60 147 149 126 150 
61 148 147 150 124 
62 91 136 156 157 
63 136 59 125 156 
64 156 125 96 158 
65 157 156 158 121 
66 59 140 159 160 
67 159 148 124 161 
68 160 159 161 125 
69 137 164 162 163 
70 164 129 152 162 
71 162 152 103 165 
72 163 162 165 140 
73 12 168 166 167 
74 168 7 169 166 
75 166 169 13 25 
76 167 166 25 10 
77 25 172 170 171 
78 172 13 173 170 
79 170 173 26 41 
80 171 170 41 23 
81 41 176 174 175 
82 176 26 177 174 
83 174 177 42 57 
84 175 174 57 39 
85 57 180 178 179 
86 180 42 181 178 
87 178 181 58 73 
88 179 178 73 55 
89 55 184 182 183 
90 184 73 185 182 
91 182 185 71 101 
92 183 182 101 72 
93 101 188 186 187 
94 188 71 189 186 
95 186 189 102 130 
96 187 186 130 99 
97 99 192 190 191 
98 192 130 193 190 
99 190 193 128 153 
100 191 190 153 129 
101 129 196 194 195 
102 196 153 197 194 
103 194 197 151 198 
104 195 194 198 152 
105 130 208 207 193 
106 208 102 209 207 
107 207 209 131 204 
108 193 207 204 128 
109 128 212 210 211 
110 212 204 213 210 
111 215 216 144 217 
112 149 215 217 126 
113 204 223 222 213 
114 223 131 224 222 
115 222 224 205 225 
116 213 222 225 203 
117 132 206 226 227 
118 206 75 228 226 
119 226 228 149 229 
120 227 226 229 147 
121 230 232 206 233 
122 231 230 233 132 
123 210 236 234 235 
124 236 213 237 234 
125 234 237 203 238 
126 153 240 239 197 
127 240 128 211 239 
128 239 211 154 241 
129 197 239 241 151 
130 211 244 242 243 
131 244 210 235 242 
132 242 235 214 245 
133 243 242 245 154 
134 203 225 246 232 
135 225 205 247 246 
136 246 247 75 248 
137 232 246 248 206 
138 214 238 249 250 
139 238 203 251 249 
140 249 251 232 252 
141 250 249 252 230 
142 235 255 253 254 
143 255 234 256 253 
144 253 256 238 257 
145 254 253 257 214 
146 73 259 258 185 
147 259 58 260 258 
148 258 260 74 109 
149 185 258 109 71 
150 71 262 261 189 
151 262 109 263 261 
152 261 263 108 200 
153 189 261 200 102 
154 102 265 264 209 
155 265 200 266 264 
156 264 266 199 219 
157 209 264 219 131 
158 131 268 267 224 
159 268 219 269 267 
160 267 269 218 270 
161 224 267 270 205 
162 276 110 277 275 
163 275 277 5 278 
164 219 284 283 269 
165 284 199 285 283 
166 200 288 287 266 
167 288 108 289 287 
168 287 289 201 280 
169 266 287 280 199 
170 199 291 290 285 
171 291 280 292 290 
172 290 292 279 293 
173 285 290 293 220 
174 75 221 294 228 
175 221 202 295 294 
176 294 295 215 296 
177 228 294 296 149 
178 297 299 202 300 
179 298 297 300 221 
180 283 303 301 302 
181 303 285 304 301 
182 301 304 220 305 
183 269 308 306 307 
184 308 283 302 306 
185 306 302 286 309 
186 307 306 309 218 
187 310 311 141 312 
188 145 310 312 97 
189 278 5 314 313 
190 313 314 145 315 
191 216 313 315 144 
192 202 282 316 295 
193 282 111 317 316 
194 316 317 216 318 
195 295 316 318 215 
196 220 293 319 299 
197 293 279 320 319 
198 319 320 282 321 
199 299 319 321 202 
200 286 305 322 323 
201 305 220 324 322 
202 322 324 299 325 
203 323 322 325 297 
204 302 328 326 327 
205 328 301 329 326 
206 326 329 305 330 
207 327 326 330 286 
208 332 275 333 331 
209 331 333 278 334 
210 280 336 335 292 
211 336 201 337 335 
212 335 337 281 338 
213 292 335 338 279 
214 109 340 339 263 
215 340 74 341 339 
216 339 341 110 276 
217 263 339 276 108 
218 108 343 342 289 
219 343 276 344 342 
220 342 344 275 332 
221 289 342 332 201 
222 201 346 345 337 
223 346 332 347 345 
224 345 347 331 348 
225 111 334 349 317 
226 334 278 350 349 
227 349 350 313 351 
228 317 349 351 216 
229 281 348 352 353 
230 348 331 354 352 
231 352 354 334 355 
232 353 352 355 111 
233 337 358 356 357 
234 358 345 359 356 
235 356 359 348 360 
236 357 356 360 281 
237 110 362 361 277 
238 277 361 364 5 
239 15 366 365 33 
240 366 17 367 365 
241 365 367 8 368 
242 33 365 368 18 
243 370 33 371 369 
244 369 371 18 372 
245 5 364 389 314 
246 364 274 390 389 
247 389 390 310 391 
248 314 389 391 145 
249 361 394 392 393 
250 394 363 395 392 
251 392 395 274 396 
252 393 392 396 364 
253 18 368 397 45 
254 368 8 398 397 
255 397 398 29 399 
256 45 397 399 28 
257 372 18 401 400 
258 400 401 45 402 
259 61 400 402 44 
260 403 404 61 405 
261 93 403 405 60 
262 406 407 93 408 
263 142 406 408 92 
264 409 410 142 411 
265 311 409 411 141 
266 412 413 311 414 
267 390 412 414 310 
268 416 385 417 415 
269 415 417 388 418 
270 395 415 418 274 
271 385 424 423 417 
272 424 387 425 423 
273 423 425 107 426 
274 417 423 426 388 
275 427 428 409 429 
276 413 427 429 311 
277 387 431 430 425 
278 431 419 432 430 
279 430 432 422 433 
280 425 430 433 107 
281 435 377 436 434 
282 434 436 380 437 
283 7 447 446 169 
284 447 16 448 446 
285 446 448 15 32 
286 169 446 32 13 
287 13 450 449 173 
288 450 32 451 449 
289 449 451 31 48 
290 173 449 48 26 
291 26 453 452 177 
292 453 48 454 452 
293 452 454 47 64 
294 177 452 64 42 
295 42 456 455 181 
296 456 64 457 455 
297 455 457 63 105 
298 181 455 105 58 
299 105 460 458 459 
300 460 63 461 458 
301 458 461 106 382 
302 459 458 382 104 
303 104 464 462 463 
304 464 382 465 462 
305 462 465 381 420 
306 463 462 420 273 
307 420 468 466 467 
308 468 381 469 466 
309 466 469 421 443 
310 467 466 443 419 
311 419 472 470 471 
312 472 443 473 470 
313 470 473 442 474 
314 471 470 474 432 
315 437 380 476 475 
316 475 476 406 477 
317 410 475 477 142 
318 479 434 480 478 
319 478 480 437 481 
320 481 437 484 482 
321 482 484 475 485 
322 483 482 485 410 
323 488 478 489 486 
324 486 489 481 490 
325 491 483 410 492 
326 428 491 492 409 
327 64 498 497 457 
328 498 47 499 497 
329 497 499 65 378 
330 457 497 378 63 
331 63 501 500 461 
332 501 378 502 500 
333 500 502 377 435 
334 461 500 435 106 
335 106 505 503 504 
336 505 435 506 503 
337 503 506 434 479 
338 504 503 479 383 
339 383 509 507 508 
340 509 479 510 507 
341 507 510 478 488 
342 508 507 488 440 
343 440 513 511 512 
344 513 488 514 511 
345 511 514 486 515 
346 382 517 516 465 
347 517 106 504 516 
348 516 504 383 439 
349 465 516 439 381 
350 439 520 518 519 
351 520 383 508 518 
352 518 508 440 495 
353 519 518 495 438 
354 495 523 521 522 
355 523 440 512 521 
356 66 490 525 526 
357 490 481 527 525 
358 525 527 482 528 
359 526 525 528 483 
360 487 515 529 530 
361 515 486 531 529 
362 529 531 490 532 
363 530 529 532 66 
364 512 535 533 534 
365 535 511 536 533 
366 533 536 515 537 
367 534 533 537 487 
368 441 496 538 539 
369 496 66 526 538 
370 538 526 483 540 
371 539 538 540 491 
372 493 524 541 542 
373 524 487 530 541 
374 541 530 66 543 
375 542 541 543 496 
376 521 546 544 545 
377 546 512 534 544 
378 544 534 487 547 
379 545 544 547 524 
380 438 553 551 552 
381 553 495 522 551 
382 551 522 493 554 
383 552 551 554 494 
384 522 557 555 556 
385 557 521 545 555 
386 555 545 524 558 
387 556 555 558 493 
388 381 560 559 469 
389 560 439 519 559 
390 559 519 438 549 
391 469 559 549 421 
392 549 563 561 562 
393 563 438 552 561 
394 561 552 494 564 
395 562 561 564 548 
396 421 567 565 566 
397 567 549 562 565 
398 384 550 569 570 
399 550 441 539 569 
400 569 539 491 571 
401 570 569 571 428 
402 572 574 550 575 
403 573 572 575 384 
404 565 578 576 577 
405 578 562 579 576 
406 576 579 548 580 
407 577 576 580 568 
408 443 582 581 473 
409 582 421 566 581 
410 581 566 444 583 
411 473 581 583 442 
412 566 586 584 585 
413 586 565 577 584 
414 585 584 587 444 
415 422 445 588 589 
416 445 384 570 588 
417 588 570 428 590 
418 589 588 590 427 
419 442 583 591 592 
420 583 444 573 591 
421 591 573 384 593 
422 592 591 593 445 
423 444 587 594 595 
424 587 568 596 594 
425 594 596 572 597 
426 595 594 597 573 
427 584 600 598 599 
428 600 577 601 598 
429 598 601 568 602 
430 599 598 602 587 
431 49 608 607 375 
432 608 369 609 607 
433 607 609 372 610 
434 375 607 610 34 
435 612 375 613 611 
436 611 613 34 614 
437 615 616 403 617 
438 407 615 617 93 
439 603 620 618 619 
440 618 621 376 622 
441 619 618 622 606 
442 58 624 623 260 
443 624 105 459 623 
444 623 459 104 272 
445 260 623 272 74 
446 272 627 625 626 
447 627 104 463 625 
448 625 463 273 386 
449 626 625 386 271 
450 271 630 628 629 
451 630 386 631 628 
452 628 631 385 416 
453 629 628 416 363 
454 363 634 632 633 
455 634 416 635 632 
456 632 635 415 636 
457 633 632 636 395 
458 377 638 637 436 
459 638 379 639 637 
460 637 639 50 640 
461 436 637 640 380 
462 379 642 641 639 
463 642 603 619 641 
464 641 619 606 643 
465 639 641 643 50 
466 48 645 644 454 
467 645 31 646 644 
468 644 646 49 374 
469 454 644 374 47 
470 47 648 647 499 
471 648 374 649 647 
472 647 649 373 604 
473 499 647 604 65 
474 604 652 650 651 
475 652 373 653 650 
476 650 653 605 620 
477 651 650 620 603 
478 34 610 654 404 
479 610 372 655 654 
480 654 655 400 656 
481 404 654 656 61 
482 614 34 658 657 
483 657 658 404 659 
484 616 657 659 403 
485 605 661 660 621 
486 661 611 662 660 
487 660 662 614 663 
488 621 660 663 376 
489 620 666 664 665 
490 666 605 667 664 
491 664 667 621 668 
492 665 664 668 618 
493 1 671 669 670 
494 671 12 167 669 
495 669 167 10 78 
496 670 669 78 11 
497 16 673 672 448 
498 673 2 674 672 
499 672 674 17 366 
500 448 672 366 15 
501 10 677 675 676 
502 677 25 171 675 
503 675 171 23 82 
504 676 675 82 24 
505 32 679 678 451 
506 679 15 680 678 
507 678 680 33 370 
508 451 678 370 31 
509 23 683 681 682 
510 683 41 175 681 
511 681 175 39 86 
512 682 681 86 40 
513 39 686 684 685 
514 686 57 179 684 
515 684 179 55 90 
516 685 684 90 56 
517 90 689 687 688 
518 689 55 183 687 
519 687 183 72 135 
520 688 687 135 88 
521 72 692 690 691 
522 692 101 187 690 
523 690 187 99 139 
524 691 690 139 100 
525 139 695 693 694 
526 695 99 191 693 
527 693 191 129 164 
528 694 693 164 137 
529 103 155 696 697 
530 155 132 227 696 
531 696 227 147 698 
532 697 696 698 148 
533 151 241 699 700 
534 241 154 231 699 
535 699 231 132 701 
536 700 699 701 155 
537 152 198 702 703 
538 198 151 700 702 
539 702 700 155 704 
540 703 702 704 103 
541 140 165 705 706 
542 165 103 697 705 
543 705 697 148 707 
544 706 705 707 159 
545 205 270 708 247 
546 270 218 298 708 
547 708 298 221 709 
548 247 708 709 75 
549 154 245 710 711 
550 245 214 250 710 
551 710 250 230 712 
552 711 710 712 231 
553 74 714 713 341 
554 714 272 626 713 
555 713 626 271 362 
556 341 713 362 110 
557 279 338 715 320 
558 338 281 353 715 
559 715 353 111 716 
560 320 715 716 282 
561 218 309 717 718 
562 309 286 323 717 
563 717 323 297 719 
564 718 717 719 298 
565 362 722 720 721 
566 722 271 629 720 
567 720 629 363 394 
568 721 720 394 361 
569 31 724 723 646 
570 724 370 725 723 
571 723 725 369 608 
572 646 723 608 49 
573 374 727 726 649 
574 727 49 728 726 
575 726 728 375 612 
576 649 726 612 373 
577 378 730 729 502 
578 730 65 731 729 
579 729 731 379 638 
580 502 729 638 377 
581 386 733 732 631 
582 733 273 734 732 
583 732 734 387 424 
584 631 732 424 385 
585 380 640 735 476 
586 640 50 736 735 
587 735 736 407 737 
588 476 735 737 406 
589 273 739 738 734 
590 739 420 467 738 
591 738 467 419 431 
592 734 738 431 387 
593 107 433 740 741 
594 433 422 589 740 
595 740 589 427 742 
596 741 740 742 413 
597 432 474 743 744 
598 474 442 592 743 
599 743 592 445 745 
600 744 743 745 422 
601 494 554 746 747 
602 554 493 542 746 
603 746 542 496 748 
604 747 746 748 441 
605 548 564 749 574 
606 564 494 747 749 
607 749 747 441 750 
608 574 749 750 550 
609 568 580 751 596 
610 580 548 752 751 
611 751 752 574 753 
612 596 751 753 572 
613 65 755 754 731 
614 755 604 651 754 
615 754 651 603 642 
616 731 754 642 379 
617 373 757 756 653 
618 757 612 758 756 
619 756 758 611 661 
620 653 756 661 605 
621 50 643 759 736 
622 643 606 760 759 
623 759 760 615 761 
624 736 759 761 407 
625 606 622 762 760 
626 622 376 763 762 
627 762 763 616 764 
628 760 762 764 615 
629 376 663 765 763 
630 663 614 766 765 
631 765 766 657 767 
632 763 765 767 616 
633 388 426 768 769 
634 426 107 741 768 
635 768 741 413 770 
636 769 768 770 412 
637 274 418 771 772 
638 418 388 769 771 
639 771 769 412 773 
640 772 771 773 390 
