2 0.000000 100.000000 473.401889
713 592 
1 -23.548021 0.000000 -23.527028 96.111487 0.000000 27.569451 0.000251 
2 27.348993 0.000000 -23.527028 96.124392 0.000000 27.493391 0.000421 
3 27.348993 0.000000 23.778693 96.206820 0.000000 27.321607 -0.000222 
4 -23.548021 0.000000 23.778693 96.149629 0.000000 27.566000 -0.000464 
5 1.900486 0.000000 0.125833 94.680028 0.000000 -0.253924 0.103563 
6 -23.548021 0.000000 0.125833 96.133304 0.000000 27.589405 -0.000279 
7 1.900486 0.000000 -23.527028 96.081811 0.000000 27.518234 0.001103 
8 27.348993 0.000000 0.125833 96.388006 0.000000 26.607901 0.000137 
9 1.900486 0.000000 23.778693 96.203904 0.000000 27.485518 -0.001064 
10 -10.823767 0.000000 -11.700597 96.065328 0.000000 27.586292 0.001045 
11 -23.548021 0.000000 -11.700597 96.114051 0.000000 27.581023 0.000138 
12 -10.823767 0.000000 -23.527028 96.093237 0.000000 27.558448 0.000662 
13 1.900486 0.000000 -11.700597 95.954528 0.000000 27.375481 0.004331 
14 -10.823767 0.000000 0.125833 96.154704 0.000000 27.668559 -0.001128 
15 14.624739 0.000000 -11.700597 96.120818 0.000000 27.295131 0.001576 
16 14.624739 0.000000 -23.527028 96.104792 0.000000 27.488819 0.000823 
17 27.348993 0.000000 -11.700597 96.154399 0.000000 27.379602 0.000469 
18 14.624739 0.000000 0.125833 96.820767 0.000000 25.005059 0.000049 
19 -10.823767 0.000000 11.952263 96.222416 0.000000 27.572279 -0.001898 
20 -23.548021 0.000000 11.952263 96.150570 0.000000 27.578294 -0.000549 
21 1.900486 0.000000 11.952263 96.428285 0.000000 27.252495 -0.004111 
22 -10.823767 0.000000 23.778693 96.176445 0.000000 27.548074 -0.000881 
23 -4.461641 0.000000 -5.787382 95.877199 0.000000 27.639307 0.004363 
24 -10.823767 0.000000 -5.787382 96.074719 0.000000 27.634628 0.000598 
25 -4.461641 0.000000 -11.700597 95.992627 0.000000 27.540065 0.002696 
26 1.900486 0.000000 -5.787382 95.507183 0.000000 26.903741 0.015457 
27 -4.461641 0.000000 0.125833 96.224621 0.000000 27.985914 -0.004239 
28 14.624739 0.000000 11.952263 96.403617 0.000000 26.731686 -0.000824 
29 27.348993 0.000000 11.952263 96.669706 0.000000 25.687613 -0.000489 
30 14.624739 0.000000 23.778693 96.201722 0.000000 27.405111 -0.000581 
31 8.262613 0.000000 -5.787382 96.112435 0.000000 26.633984 0.005303 
32 8.262613 0.000000 -11.700597 96.053633 0.000000 27.271870 0.002994 
33 14.624739 0.000000 -5.787382 96.232430 0.000000 26.908234 0.001527 
34 8.262613 0.000000 0.125833 97.695116 0.000000 22.021291 -0.002927 
35 -4.461641 0.000000 6.039048 96.514801 0.000000 27.588192 -0.007622 
36 -10.823767 0.000000 6.039048 96.226770 0.000000 27.623851 -0.002267 
37 1.900486 0.000000 6.039048 97.134901 0.000000 26.565140 -0.014090 
38 -4.461641 0.000000 11.952263 96.327135 0.000000 27.497120 -0.003501 
39 -1.280577 0.000000 -2.830775 95.161077 0.000000 27.881165 0.016701 
40 -4.461641 0.000000 -2.830775 95.910426 0.000000 27.831102 0.002662 
41 -1.280577 0.000000 -5.787382 95.615480 0.000000 27.448647 0.010425 
42 1.900486 0.000000 -2.830775 94.226298 0.000000 25.634348 0.046428 
43 -1.280577 0.000000 0.125833 96.254437 0.000000 29.268517 -0.012156 
44 8.262613 0.000000 6.039048 96.864122 0.000000 25.373443 -0.002647 
45 14.624739 0.000000 6.039048 97.154318 0.000000 24.038550 -0.001681 
46 8.262613 0.000000 11.952263 96.397552 0.000000 26.979281 -0.002037 
47 5.081549 0.000000 -2.830775 95.981945 0.000000 24.847200 0.017008 
48 5.081549 0.000000 -5.787382 95.846970 0.000000 26.560554 0.010790 
49 8.262613 0.000000 -2.830775 96.427961 0.000000 25.601866 0.004619 
50 5.081549 0.000000 0.125833 98.516952 0.000000 16.947025 0.000721 
51 -1.280577 0.000000 3.082440 97.468858 0.000000 27.764277 -0.027103 
52 -4.461641 0.000000 3.082440 96.519486 0.000000 27.797838 -0.008873 
53 1.900486 0.000000 3.082440 98.865006 0.000000 25.214599 -0.041007 
54 -1.280577 0.000000 6.039048 96.882525 0.000000 27.329024 -0.013310 
55 0.309954 0.000000 -1.352471 92.362948 0.000000 28.437403 0.066040 
56 -1.280577 0.000000 -1.352471 95.221799 0.000000 28.689471 0.010972 
57 0.309954 0.000000 -2.830775 94.307038 0.000000 27.217377 0.036540 
58 1.900486 0.000000 -1.352471 91.737630 0.000000 22.433030 0.108097 
59 0.309954 0.000000 0.125833 98.408059 0.000000 0.000000 0.031585 
60 5.081549 0.000000 3.082440 97.542851 0.000000 23.418631 -0.006304 
61 8.262613 0.000000 3.082440 97.404054 0.000000 23.201782 -0.002587 
62 5.081549 0.000000 6.039048 96.954059 0.000000 25.843096 -0.006796 
63 3.491018 0.000000 -1.352471 95.253291 0.000000 21.353010 0.047086 
64 3.491018 0.000000 -2.830775 95.195444 0.000000 24.773037 0.032412 
65 5.081549 0.000000 -1.352471 96.667296 0.000000 22.444070 0.015170 
66 3.491018 0.000000 0.125833 96.698753 0.000000 -0.000000 0.064935 
67 0.309954 0.000000 1.604136 100.289069 0.000000 28.581635 -0.087481 
68 -1.280577 0.000000 1.604136 97.479193 0.000000 28.665808 -0.032392 
69 1.900486 0.000000 1.604136 101.532612 0.000000 23.478704 -0.086012 
70 0.309954 0.000000 3.082440 98.504540 0.000000 26.997655 -0.043202 
71 1.105220 0.000000 -0.613319 91.030692 0.000000 -0.830322 0.171272 
72 0.309954 0.000000 -0.613319 90.049164 0.000000 30.858933 0.093887 
73 1.105220 0.000000 -1.352471 90.733151 0.000000 25.607877 0.111173 
74 1.900486 0.000000 -0.613319 96.529215 0.000000 -0.186615 0.068208 
75 1.105220 0.000000 0.125833 82.854636 0.000000 -0.401320 0.313495 
76 3.491018 0.000000 1.604136 98.645511 0.000000 22.015105 -0.021560 
77 5.081549 0.000000 1.604136 99.336137 0.000000 16.664999 -0.014539 
78 3.491018 0.000000 3.082440 98.157052 0.000000 23.913086 -0.020664 
79 2.695752 0.000000 -0.613319 94.100279 0.000000 15.645993 0.090034 
80 2.695752 0.000000 -1.352471 93.810529 0.000000 21.312663 0.074536 
81 3.491018 0.000000 -0.613319 96.217594 0.000000 16.850836 0.045822 
82 2.695752 0.000000 0.125833 97.626522 0.000000 0.000000 0.046906 
83 1.105220 0.000000 0.864985 89.870694 0.000000 -1.030652 0.192220 
84 0.309954 0.000000 0.864985 100.970692 0.000000 31.988970 -0.121837 
85 1.900486 0.000000 0.864985 97.174632 0.000000 -0.167410 0.055706 
86 1.105220 0.000000 1.604136 102.070851 0.000000 26.365031 -0.111357 
87 1.502853 0.000000 -0.243743 93.819708 0.000000 -0.503665 0.119761 
88 1.105220 0.000000 -0.243743 93.210921 0.000000 -0.580046 0.131139 
89 1.502853 0.000000 -0.613319 93.781870 0.000000 -0.510474 0.120470 
90 1.900486 0.000000 -0.243743 94.561656 0.000000 -0.409220 0.105793 
91 1.502853 0.000000 0.125833 86.528821 0.000000 -0.314224 0.251266 
92 -17.185894 0.000000 -5.787382 96.112219 0.000000 27.602753 0.000053 
93 -23.548021 0.000000 -5.787382 96.121664 0.000000 27.587215 -0.000043 
94 -17.185894 0.000000 -11.700597 96.100025 0.000000 27.586608 0.000376 
95 -17.185894 0.000000 0.125833 96.138890 0.000000 27.610095 -0.000500 
96 -7.642704 0.000000 -2.830775 96.063739 0.000000 27.724405 0.000312 
97 -10.823767 0.000000 -2.830775 96.106273 0.000000 27.659071 -0.000144 
98 -7.642704 0.000000 -5.787382 96.017334 0.000000 27.652318 0.001602 
99 -7.642704 0.000000 0.125833 96.176751 0.000000 27.759135 -0.002054 
100 -2.871109 0.000000 -1.352471 95.849243 0.000000 28.193548 0.001805 
101 -4.461641 0.000000 -1.352471 96.031724 0.000000 27.942166 -0.000286 
102 -2.871109 0.000000 -2.830775 95.671236 0.000000 27.918620 0.006757 
103 -2.871109 0.000000 0.125833 96.267589 0.000000 28.327637 -0.006990 
104 -0.485311 0.000000 -0.613319 95.177434 0.000000 30.026226 0.003968 
105 -1.280577 0.000000 -0.613319 95.658848 0.000000 29.084069 0.000350 
106 -0.485311 0.000000 -1.352471 94.339791 0.000000 28.944343 0.026223 
107 -0.485311 0.000000 0.125833 95.531552 0.000000 29.805325 -0.001463 
108 0.707587 0.000000 -0.243743 90.529404 0.000000 -0.910395 0.180360 
109 0.309954 0.000000 -0.243743 85.024232 0.000000 28.365990 0.196625 
110 0.707587 0.000000 -0.613319 86.602448 0.000000 27.320130 0.175363 
111 0.707587 0.000000 0.125833 93.309187 0.000000 -0.357430 0.129327 
112 2.695752 0.000000 0.864985 101.327172 0.000000 15.192397 -0.049800 
113 3.491018 0.000000 0.864985 100.724128 0.000000 12.892042 -0.031155 
114 2.695752 0.000000 1.604136 99.831267 0.000000 22.294615 -0.046333 
115 1.502853 0.000000 0.495409 93.810780 0.000000 -0.505500 0.119928 
116 1.105220 0.000000 0.495409 93.285522 0.000000 -0.570976 0.129749 
117 1.900486 0.000000 0.495409 95.411712 0.000000 -0.293549 0.089652 
118 1.502853 0.000000 0.864985 94.753127 0.000000 -0.296732 0.102176 
119 1.304037 0.000000 -0.058955 66.911306 0.000000 -0.261624 0.552281 
120 1.105220 0.000000 -0.058955 74.103683 0.000000 -0.264535 0.450857 
121 1.304037 0.000000 -0.243743 93.466099 0.000000 -0.546792 0.126379 
122 1.502853 0.000000 -0.058955 82.717391 0.000000 -0.240019 0.315778 
123 1.304037 0.000000 0.125833 77.177373 0.000000 -0.386164 0.404350 
124 2.298119 0.000000 -0.243743 96.951709 0.000000 -0.169016 0.060034 
125 2.298119 0.000000 -0.613319 92.263047 0.000000 15.287756 0.125381 
126 2.695752 0.000000 -0.243743 94.895500 0.000000 7.972723 0.093128 
127 2.298119 0.000000 0.125833 97.337794 0.000000 -0.062361 0.052535 
128 1.701670 0.000000 -0.058955 89.403526 0.000000 -0.214369 0.200696 
129 1.701670 0.000000 -0.243743 94.137708 0.000000 -0.467517 0.113787 
130 1.900486 0.000000 -0.058955 94.399887 0.000000 -0.192067 0.108862 
131 1.701670 0.000000 0.125833 91.224055 0.000000 -0.280139 0.167809 
132 2.298119 0.000000 0.495409 96.949477 0.000000 -0.169024 0.060077 
133 2.695752 0.000000 0.495409 101.249862 0.000000 6.709469 -0.029655 
134 2.298119 0.000000 0.864985 102.335370 0.000000 16.838701 -0.075607 
135 2.099302 0.000000 -0.058955 97.299677 0.000000 -0.073307 0.053277 
136 2.099302 0.000000 -0.243743 96.326429 0.000000 -0.201306 0.072118 
137 2.298119 0.000000 -0.058955 97.362351 0.000000 -0.041901 0.052057 
138 2.099302 0.000000 0.125833 97.130510 0.000000 -0.103690 0.056565 
139 20.986866 0.000000 -5.787382 96.223852 0.000000 27.089978 0.000710 
140 20.986866 0.000000 -11.700597 96.147368 0.000000 27.340508 0.000818 
141 27.348993 0.000000 -5.787382 96.208442 0.000000 27.205098 0.000382 
142 20.986866 0.000000 0.125833 96.528925 0.000000 26.087497 0.000161 
143 11.443676 0.000000 -2.830775 96.425007 0.000000 26.077306 0.002219 
144 11.443676 0.000000 -5.787382 96.206266 0.000000 26.768478 0.002780 
145 14.624739 0.000000 -2.830775 96.394957 0.000000 26.398389 0.001114 
146 11.443676 0.000000 0.125833 97.104397 0.000000 23.933765 -0.000209 
147 6.672081 0.000000 -1.352471 96.952338 0.000000 23.702269 0.003845 
148 6.672081 0.000000 -2.830775 96.329632 0.000000 25.239814 0.008355 
149 8.262613 0.000000 -1.352471 96.843148 0.000000 24.503529 0.002098 
150 6.672081 0.000000 0.125833 98.659925 0.000000 20.246635 -0.014371 
151 4.286283 0.000000 -0.613319 97.170920 0.000000 18.845070 0.020268 
152 4.286283 0.000000 -1.352471 96.167140 0.000000 21.811098 0.027616 
153 5.081549 0.000000 -0.613319 97.557975 0.000000 20.047589 0.008054 
154 4.286283 0.000000 0.125833 99.565140 0.000000 4.059697 0.007030 
155 3.093385 0.000000 -0.243743 96.201359 0.000000 9.111919 0.066227 
156 3.093385 0.000000 -0.613319 95.172054 0.000000 16.207071 0.067961 
157 3.491018 0.000000 -0.243743 99.506415 0.000000 11.234948 -0.002775 
158 3.093385 0.000000 0.125833 97.658685 0.000000 0.000000 0.046278 
159 2.496935 0.000000 -0.058955 97.440802 0.000000 -0.024598 0.050529 
160 2.496935 0.000000 -0.243743 97.238070 0.000000 -0.169029 0.054473 
161 2.695752 0.000000 -0.058955 97.568114 0.000000 0.000000 0.048046 
162 2.496935 0.000000 0.125833 97.465670 0.000000 -0.038653 0.050044 
163 20.986866 0.000000 6.039048 99.840696 0.000000 14.613978 -0.018173 
164 27.348993 0.000000 6.039048 97.909008 0.000000 21.337792 -0.004148 
165 20.986866 0.000000 11.952263 96.488479 0.000000 26.351638 -0.000444 
166 11.443676 0.000000 3.082440 100.796003 0.000000 11.284339 -0.028717 
167 14.624739 0.000000 3.082440 100.470918 0.000000 12.390843 -0.024794 
168 11.443676 0.000000 6.039048 96.971719 0.000000 24.778657 -0.001750 
169 6.672081 0.000000 1.604136 101.413894 0.000000 9.402237 -0.037318 
170 8.262613 0.000000 1.604136 99.776478 0.000000 14.897817 -0.017729 
171 6.672081 0.000000 3.082440 97.362537 0.000000 23.353301 -0.002484 
172 4.286283 0.000000 0.864985 100.666083 0.000000 11.650819 -0.026940 
173 5.081549 0.000000 0.864985 100.349511 0.000000 14.718716 -0.028666 
174 4.286283 0.000000 1.604136 98.419038 0.000000 20.518371 -0.010731 
175 3.093385 0.000000 0.495409 100.656876 0.000000 7.995031 -0.019573 
176 3.491018 0.000000 0.495409 99.451758 0.000000 10.364947 0.000192 
177 3.093385 0.000000 0.864985 100.915423 0.000000 14.285619 -0.038800 
178 2.894568 0.000000 -0.058955 97.702710 0.000000 -0.000000 0.045418 
179 2.894568 0.000000 -0.243743 95.627740 0.000000 8.491311 0.078323 
180 3.093385 0.000000 -0.058955 97.420412 0.000000 -0.000000 0.050926 
181 2.894568 0.000000 0.125833 97.762614 0.000000 0.000000 0.044247 
182 3.888651 0.000000 -0.243743 99.280631 0.000000 17.433667 -0.016058 
183 3.888651 0.000000 -0.613319 96.972240 0.000000 18.019091 0.027170 
184 4.286283 0.000000 -0.243743 97.741623 0.000000 17.859681 0.012761 
185 3.888651 0.000000 0.125833 97.017037 0.000000 0.000000 0.058769 
186 3.888651 0.000000 0.495409 98.517516 0.000000 14.464711 0.008507 
187 4.286283 0.000000 0.495409 98.935925 0.000000 16.026941 -0.004518 
188 3.888651 0.000000 0.864985 100.286218 0.000000 13.485200 -0.023918 
189 3.689834 0.000000 -0.058955 97.065700 0.000000 -0.000000 0.057825 
190 3.491018 0.000000 -0.058955 96.763132 0.000000 -0.000000 0.063690 
191 3.689834 0.000000 -0.243743 100.581668 0.000000 14.673989 -0.033200 
192 3.888651 0.000000 -0.058955 97.114387 0.000000 0.000000 0.056880 
193 3.689834 0.000000 0.125833 97.098356 0.000000 -0.000000 0.057191 
194 1.701670 0.000000 0.310621 94.186383 0.000000 -0.461555 0.112871 
195 1.502853 0.000000 0.310621 93.832906 0.000000 -0.501451 0.119513 
196 1.900486 0.000000 0.310621 94.377810 0.000000 -0.441574 0.109263 
197 1.701670 0.000000 0.495409 94.084073 0.000000 -0.474195 0.114796 
198 1.801078 0.000000 0.033439 94.857379 0.000000 -0.174831 0.100205 
199 1.701670 0.000000 0.033439 92.938013 0.000000 -0.181394 0.136249 
200 1.801078 0.000000 -0.058955 91.455973 0.000000 -0.200805 0.163576 
201 1.900486 0.000000 0.033439 94.350330 0.000000 -0.179642 0.109798 
202 1.801078 0.000000 0.125833 92.923280 0.000000 -0.298489 0.136517 
203 2.099302 0.000000 0.310621 96.071584 0.000000 -0.224054 0.077020 
204 2.298119 0.000000 0.310621 96.784167 0.000000 -0.174723 0.063279 
205 2.099302 0.000000 0.495409 96.568053 0.000000 -0.185286 0.067458 
206 1.999894 0.000000 0.033439 96.268459 0.000000 -0.099110 0.073237 
207 1.999894 0.000000 -0.058955 95.900414 0.000000 -0.121422 0.080310 
208 2.099302 0.000000 0.033439 97.357866 0.000000 -0.068300 0.052144 
209 1.999894 0.000000 0.125833 95.914994 0.000000 -0.193653 0.080028 
210 1.801078 0.000000 0.218227 94.354022 0.000000 -0.443236 0.109712 
211 1.701670 0.000000 0.218227 94.228911 0.000000 -0.456345 0.112070 
212 1.900486 0.000000 0.218227 94.427102 0.000000 -0.435979 0.108333 
213 1.801078 0.000000 0.310621 94.304722 0.000000 -0.448991 0.110642 
214 1.850782 0.000000 0.079636 93.100829 0.000000 -0.206219 0.133219 
215 1.801078 0.000000 0.079636 91.582861 0.000000 -0.216212 0.161253 
216 1.850782 0.000000 0.033439 93.226613 0.000000 -0.146324 0.130878 
217 1.900486 0.000000 0.079636 94.451846 0.000000 -0.205293 0.107881 
218 1.850782 0.000000 0.125833 93.954520 0.000000 -0.339805 0.117243 
219 1.602261 0.000000 0.033439 89.689970 0.000000 -0.204189 0.195567 
220 1.502853 0.000000 0.033439 87.498275 0.000000 -0.245091 0.234399 
221 1.602261 0.000000 -0.058955 85.324448 0.000000 -0.226438 0.271969 
222 1.602261 0.000000 0.125833 87.200624 0.000000 -0.296678 0.239596 
223 1.751374 0.000000 0.079636 93.320727 0.000000 -0.213210 0.129120 
224 1.701670 0.000000 0.079636 92.929286 0.000000 -0.199385 0.136411 
225 1.751374 0.000000 0.033439 94.247464 0.000000 -0.179555 0.111738 
226 1.751374 0.000000 0.125833 91.452328 0.000000 -0.271540 0.163640 
227 -4.461641 0.000000 -17.613812 96.055106 0.000000 27.535622 0.001521 
228 -10.823767 0.000000 -17.613812 96.079864 0.000000 27.565130 0.000882 
229 -4.461641 0.000000 -23.527028 96.083600 0.000000 27.541668 0.000940 
230 1.900486 0.000000 -17.613812 96.047933 0.000000 27.482514 0.001951 
231 -1.280577 0.000000 -8.743990 95.840778 0.000000 27.438868 0.006165 
232 -4.461641 0.000000 -8.743990 95.937398 0.000000 27.561211 0.003640 
233 -1.280577 0.000000 -11.700597 95.961220 0.000000 27.467376 0.003699 
234 1.900486 0.000000 -8.743990 95.832844 0.000000 27.232631 0.007445 
235 0.309954 0.000000 -4.309079 95.111309 0.000000 27.131142 0.021774 
236 -1.280577 0.000000 -4.309079 95.395829 0.000000 27.556463 0.014028 
237 0.309954 0.000000 -5.787382 95.493585 0.000000 27.211349 0.014052 
238 1.900486 0.000000 -4.309079 95.114440 0.000000 26.501002 0.025094 
239 1.105220 0.000000 -2.091623 92.950059 0.000000 26.151988 0.067636 
240 0.309954 0.000000 -2.091623 93.541991 0.000000 27.516450 0.049274 
241 1.105220 0.000000 -2.830775 94.075072 0.000000 26.454366 0.045005 
242 1.900486 0.000000 -2.091623 93.311592 0.000000 24.649302 0.068536 
243 1.502853 0.000000 -0.982895 89.028168 0.000000 22.082885 0.158633 
244 1.105220 0.000000 -0.982895 88.564210 0.000000 24.910946 0.153583 
245 1.502853 0.000000 -1.352471 90.931118 0.000000 23.832591 0.116354 
246 1.900486 0.000000 -0.982895 90.640750 0.000000 20.125144 0.137923 
247 1.701670 0.000000 -0.428531 94.037392 0.000000 -0.479976 0.115674 
248 1.502853 0.000000 -0.428531 93.797945 0.000000 -0.507587 0.120169 
249 1.701670 0.000000 -0.613319 95.577021 0.000000 -0.269646 0.086496 
250 1.900486 0.000000 -0.428531 95.690251 0.000000 -0.260953 0.084331 
251 1.801078 0.000000 -0.151349 93.922125 0.000000 -0.363134 0.117850 
252 1.701670 0.000000 -0.151349 91.908090 0.000000 -0.378219 0.155276 
253 1.801078 0.000000 -0.243743 94.248330 0.000000 -0.455602 0.111704 
254 1.900486 0.000000 -0.151349 93.969938 0.000000 -0.354689 0.116953 
255 1.850782 0.000000 -0.012758 92.926069 0.000000 -0.099902 0.136474 
256 1.801078 0.000000 -0.012758 91.742070 0.000000 -0.158366 0.158337 
257 1.850782 0.000000 -0.058955 92.992309 0.000000 -0.187289 0.135240 
258 1.900486 0.000000 -0.012758 94.302681 0.000000 -0.171837 0.110697 
259 1.825930 0.000000 0.056537 95.563561 0.000000 -0.173761 0.086758 
260 1.801078 0.000000 0.056537 95.640215 0.000000 -0.177570 0.085292 
261 1.825930 0.000000 0.033439 92.027940 0.000000 -0.152685 0.153083 
262 1.850782 0.000000 0.056537 93.011253 0.000000 -0.186311 0.134887 
263 1.825930 0.000000 0.079636 93.005205 0.000000 -0.209875 0.134999 
264 1.751374 0.000000 -0.012758 90.083903 0.000000 -0.182514 0.188486 
265 1.701670 0.000000 -0.012758 88.748618 0.000000 -0.191122 0.212365 
266 1.751374 0.000000 -0.058955 90.778272 0.000000 -0.231038 0.175925 
267 1.776226 0.000000 0.056537 95.246365 0.000000 -0.178508 0.092810 
268 1.751374 0.000000 0.056537 95.413024 0.000000 -0.179587 0.089632 
269 1.776226 0.000000 0.033439 94.569375 0.000000 -0.177943 0.105660 
270 1.776226 0.000000 0.079636 91.383271 0.000000 -0.220272 0.164905 
271 -17.185894 0.000000 6.039048 96.163871 0.000000 27.599147 -0.000920 
272 -23.548021 0.000000 6.039048 96.144384 0.000000 27.585635 -0.000471 
273 -17.185894 0.000000 11.952263 96.172164 0.000000 27.580919 -0.000979 
274 -7.642704 0.000000 3.082440 96.283533 0.000000 27.710010 -0.003836 
275 -10.823767 0.000000 3.082440 96.201044 0.000000 27.652882 -0.001932 
276 -7.642704 0.000000 6.039048 96.316908 0.000000 27.632412 -0.004050 
277 -2.871109 0.000000 1.604136 96.682183 0.000000 28.162515 -0.014057 
278 -4.461641 0.000000 1.604136 96.412798 0.000000 27.923002 -0.007512 
279 -2.871109 0.000000 3.082440 96.834130 0.000000 27.857687 -0.015290 
280 -0.485311 0.000000 0.864985 97.585406 0.000000 30.332509 -0.044297 
281 -1.280577 0.000000 0.864985 96.969658 0.000000 29.128906 -0.025161 
282 -0.485311 0.000000 1.604136 98.424325 0.000000 28.906963 -0.052296 
283 0.707587 0.000000 0.495409 90.541967 0.000000 -0.907961 0.180133 
284 0.309954 0.000000 0.495409 101.702332 0.000000 32.416421 -0.139419 
285 0.707587 0.000000 0.864985 104.046081 0.000000 31.101416 -0.179289 
286 1.304037 0.000000 0.310621 93.435464 0.000000 -0.549995 0.126951 
287 1.105220 0.000000 0.310621 93.156846 0.000000 -0.586642 0.132146 
288 1.304037 0.000000 0.495409 93.510864 0.000000 -0.541974 0.125542 
289 1.602261 0.000000 0.218227 94.053799 0.000000 -0.475511 0.115366 
290 1.502853 0.000000 0.218227 93.842235 0.000000 -0.499714 0.119339 
291 1.602261 0.000000 0.310621 94.025164 0.000000 -0.479356 0.115904 
292 1.651965 0.000000 0.079636 91.421361 0.000000 -0.208002 0.164209 
293 1.602261 0.000000 0.079636 89.271016 0.000000 -0.226834 0.203063 
294 1.651965 0.000000 0.033439 90.953914 0.000000 -0.170046 0.172736 
295 1.651965 0.000000 0.125833 91.611508 0.000000 -0.368989 0.160720 
296 1.403445 0.000000 0.033439 82.018514 0.000000 -0.309071 0.327287 
297 1.304037 0.000000 0.033439 76.371523 0.000000 -0.404498 0.416723 
298 1.403445 0.000000 -0.058955 74.293157 0.000000 -0.253266 0.448046 
299 1.403445 0.000000 0.125833 78.188330 0.000000 -0.331462 0.388648 
300 1.403445 0.000000 0.218227 93.616551 0.000000 -0.526732 0.123566 
301 1.304037 0.000000 0.218227 93.403262 0.000000 -0.553429 0.127552 
302 1.403445 0.000000 0.310621 93.628808 0.000000 -0.525890 0.123337 
303 1.453149 0.000000 0.079636 84.826269 0.000000 -0.280997 0.280443 
304 1.403445 0.000000 0.079636 82.798052 0.000000 -0.325082 0.314438 
305 1.453149 0.000000 0.033439 85.051402 0.000000 -0.248804 0.276620 
306 1.502853 0.000000 0.079636 88.200214 0.000000 -0.265361 0.222065 
307 1.453149 0.000000 0.125833 88.683200 0.000000 -0.411507 0.213512 
308 0.906404 0.000000 -0.058955 88.242672 0.000000 -0.255252 0.221317 
309 0.707587 0.000000 -0.058955 93.992432 0.000000 -0.228327 0.116537 
310 0.906404 0.000000 -0.243743 91.613449 0.000000 -0.755922 0.160640 
311 0.906404 0.000000 0.125833 90.663740 0.000000 -0.361395 0.177996 
312 1.204628 0.000000 0.033439 79.264288 0.000000 -0.667679 0.371673 
313 1.105220 0.000000 0.033439 74.223115 0.000000 -0.223464 0.449088 
314 1.204628 0.000000 -0.058955 67.487307 0.000000 -0.269136 0.544539 
315 1.204628 0.000000 0.125833 76.228176 0.000000 -0.355239 0.418914 
316 0.906404 0.000000 0.310621 91.894129 0.000000 -0.723558 0.155495 
317 0.707587 0.000000 0.310621 90.893593 0.000000 -0.854764 0.173762 
318 0.906404 0.000000 0.495409 91.308855 0.000000 -0.794347 0.166206 
319 1.204628 0.000000 0.218227 93.227082 0.000000 -0.576425 0.130838 
320 1.105220 0.000000 0.218227 93.103707 0.000000 -0.593193 0.133135 
321 1.204628 0.000000 0.310621 93.273696 0.000000 -0.570947 0.129969 
322 1.254333 0.000000 0.079636 75.121173 0.000000 -0.447195 0.435661 
323 1.204628 0.000000 0.079636 76.354351 0.000000 -0.499366 0.416976 
324 1.254333 0.000000 0.033439 72.171089 0.000000 -0.423114 0.479115 
325 1.304037 0.000000 0.079636 77.070893 0.000000 -0.399992 0.405992 
326 1.254333 0.000000 0.125833 80.749922 0.000000 -0.452114 0.347925 
327 1.005812 0.000000 0.033439 84.025368 0.000000 -0.249644 0.293968 
328 0.906404 0.000000 0.033439 88.691601 0.000000 -0.229883 0.213375 
329 1.005812 0.000000 -0.058955 84.574612 0.000000 -0.262941 0.284707 
330 1.005812 0.000000 0.125833 87.856611 0.000000 -0.351645 0.228109 
331 1.154924 0.000000 0.079636 74.340947 0.000000 -0.320620 0.447332 
332 1.105220 0.000000 0.079636 75.043252 0.000000 -0.289751 0.436843 
333 1.154924 0.000000 0.033439 71.959553 0.000000 -0.263920 0.482175 
334 1.154924 0.000000 0.125833 76.709754 0.000000 -0.355650 0.411549 
335 1.304037 0.000000 -0.428531 93.538212 0.000000 -0.539134 0.125031 
336 1.105220 0.000000 -0.428531 92.397881 0.000000 -0.660170 0.146220 
337 1.304037 0.000000 -0.613319 92.592981 0.000000 -0.633342 0.142614 
338 1.204628 0.000000 -0.151349 82.144788 0.000000 -0.468084 0.325201 
339 1.105220 0.000000 -0.151349 88.740097 0.000000 -0.472880 0.212497 
340 1.204628 0.000000 -0.243743 93.319912 0.000000 -0.565579 0.129107 
341 1.304037 0.000000 -0.151349 82.394641 0.000000 -0.451790 0.321092 
342 1.154924 0.000000 -0.012758 71.406451 0.000000 -0.254842 0.490105 
343 1.105220 0.000000 -0.012758 73.758304 0.000000 -0.205640 0.455967 
344 1.154924 0.000000 -0.058955 73.007829 0.000000 -0.298410 0.466977 
345 1.204628 0.000000 -0.012758 64.646395 0.000000 -0.243503 0.582078 
346 1.179776 0.000000 0.056537 83.476927 0.000000 -0.890595 0.303081 
347 1.154924 0.000000 0.056537 85.598335 0.000000 -1.046034 0.267183 
348 1.179776 0.000000 0.033439 77.421775 0.000000 -0.629381 0.400547 
349 1.204628 0.000000 0.056537 81.988043 0.000000 -0.735909 0.327742 
350 1.179776 0.000000 0.079636 73.647922 0.000000 -0.320256 0.457588 
351 1.005812 0.000000 0.218227 93.034998 0.000000 -0.602999 0.134413 
352 0.906404 0.000000 0.218227 91.862930 0.000000 -0.728214 0.156067 
353 1.005812 0.000000 0.310621 92.689946 0.000000 -0.636425 0.140817 
354 1.055516 0.000000 0.079636 81.184868 0.000000 -0.259878 0.340895 
355 1.005812 0.000000 0.079636 85.156125 0.000000 -0.284460 0.274835 
356 1.055516 0.000000 0.033439 78.823588 0.000000 -0.200552 0.378680 
357 1.055516 0.000000 0.125833 87.977989 0.000000 -0.467200 0.225966 
358 1.130072 0.000000 0.056537 73.610866 0.000000 -0.273990 0.458137 
359 1.105220 0.000000 0.056537 74.239089 0.000000 -0.267792 0.448849 
360 1.130072 0.000000 0.033439 72.885899 0.000000 -0.257825 0.468758 
361 1.130072 0.000000 0.079636 74.502837 0.000000 -0.291810 0.444924 
362 1.254333 0.000000 -0.012758 50.682972 0.000000 -0.136549 0.743122 
363 1.254333 0.000000 -0.058955 63.541457 0.000000 -0.254150 0.596242 
364 1.304037 0.000000 -0.012758 61.865552 0.000000 -0.210378 0.617261 
365 1.179776 0.000000 0.010340 67.040518 0.000000 -0.254554 0.550550 
366 1.154924 0.000000 0.010340 71.429180 0.000000 -0.255544 0.489781 
367 1.179776 0.000000 -0.012758 67.014657 0.000000 -0.253868 0.550897 
368 1.204628 0.000000 0.010340 64.640368 0.000000 -0.243937 0.582156 
369 1.167350 0.000000 0.044988 84.778337 0.000000 -0.988096 0.281166 
370 1.154924 0.000000 0.044988 85.945982 0.000000 -1.073379 0.261214 
371 1.167350 0.000000 0.033439 78.271372 0.000000 -0.714900 0.387308 
372 1.179776 0.000000 0.044988 83.506394 0.000000 -0.895238 0.302588 
373 1.167350 0.000000 0.056537 85.327809 0.000000 -0.977076 0.271821 
374 3.292201 0.000000 -0.058955 97.094782 0.000000 -0.000000 0.057260 
375 3.292201 0.000000 -0.243743 97.141836 0.000000 9.680470 0.046975 
376 3.292201 0.000000 0.125833 97.132934 0.000000 -0.000000 0.056519 
377 3.689834 0.000000 0.310621 96.277516 0.000000 12.737145 0.056840 
378 3.491018 0.000000 0.310621 97.189671 0.000000 10.313082 0.044781 
379 3.888651 0.000000 0.310621 96.995566 0.000000 14.785255 0.037326 
380 3.689834 0.000000 0.495409 98.706078 0.000000 12.597950 0.009840 
381 3.590426 0.000000 0.033439 96.930943 0.000000 -0.000000 0.060439 
382 3.491018 0.000000 0.033439 96.759277 0.000000 -0.000000 0.063764 
383 3.590426 0.000000 -0.058955 96.941819 0.000000 -0.000000 0.060228 
384 3.689834 0.000000 0.033439 97.041846 0.000000 -0.000000 0.058288 
385 3.590426 0.000000 0.125833 96.902069 0.000000 -0.000000 0.060999 
386 3.292201 0.000000 0.310621 98.743439 0.000000 9.134336 0.016630 
387 3.093385 0.000000 0.310621 99.347001 0.000000 8.375177 0.006003 
388 3.292201 0.000000 0.495409 100.295015 0.000000 8.712118 -0.013499 
389 3.391609 0.000000 0.033439 97.018853 0.000000 0.000000 0.058734 
390 3.292201 0.000000 0.033439 97.102532 0.000000 -0.000000 0.057110 
391 3.391609 0.000000 -0.058955 96.943713 0.000000 0.000000 0.060192 
392 3.391609 0.000000 0.125833 96.981310 0.000000 -0.000000 0.059463 
393 8.262613 0.000000 -17.613812 96.072610 0.000000 27.440034 0.001710 
394 8.262613 0.000000 -23.527028 96.090932 0.000000 27.498095 0.001039 
395 14.624739 0.000000 -17.613812 96.103659 0.000000 27.430755 0.001164 
396 5.081549 0.000000 -8.743990 95.932066 0.000000 27.082488 0.006358 
397 5.081549 0.000000 -11.700597 96.000315 0.000000 27.300723 0.003861 
398 8.262613 0.000000 -8.743990 96.048769 0.000000 27.057768 0.004251 
399 3.491018 0.000000 -4.309079 95.456002 0.000000 26.060712 0.020899 
400 3.491018 0.000000 -5.787382 95.654083 0.000000 26.662887 0.013939 
401 5.081549 0.000000 -4.309079 95.838636 0.000000 25.966736 0.014068 
402 4.286283 0.000000 -2.091623 95.772962 0.000000 23.624370 0.026943 
403 3.491018 0.000000 -2.091623 95.104759 0.000000 23.507948 0.040246 
404 4.286283 0.000000 -2.830775 95.631546 0.000000 24.720611 0.024350 
405 5.081549 0.000000 -2.091623 96.212005 0.000000 23.905093 0.017180 
406 3.888651 0.000000 -0.982895 96.136844 0.000000 19.976707 0.035864 
407 3.491018 0.000000 -0.982895 95.510984 0.000000 19.597214 0.049360 
408 3.888651 0.000000 -1.352471 95.763007 0.000000 21.524090 0.036616 
409 4.286283 0.000000 -0.982895 96.564391 0.000000 20.477360 0.025600 
410 3.689834 0.000000 -0.428531 97.819140 0.000000 16.039460 0.017415 
411 3.491018 0.000000 -0.428531 97.143580 0.000000 14.722174 0.034638 
412 3.689834 0.000000 -0.613319 96.699524 0.000000 17.449705 0.034471 
413 3.888651 0.000000 -0.428531 97.812386 0.000000 17.208798 0.013659 
414 3.590426 0.000000 -0.151349 96.609466 0.000000 -0.000000 0.066661 
415 3.491018 0.000000 -0.151349 96.635014 0.000000 -0.000000 0.066167 
416 3.590426 0.000000 -0.243743 100.408371 0.000000 12.880320 -0.024774 
417 3.689834 0.000000 -0.151349 97.846766 0.000000 -0.000000 0.042601 
418 3.540722 0.000000 -0.012758 96.779752 0.000000 0.000000 0.063368 
419 3.491018 0.000000 -0.012758 96.657796 0.000000 -0.000000 0.065727 
420 3.540722 0.000000 -0.058955 96.856118 0.000000 -0.000000 0.061889 
421 3.590426 0.000000 -0.012758 96.945511 0.000000 -0.000000 0.060157 
422 3.540722 0.000000 0.033439 96.913530 0.000000 -0.000000 0.060777 
423 5.876815 0.000000 -0.613319 97.734194 0.000000 21.246687 -0.000339 
424 5.876815 0.000000 -1.352471 96.907654 0.000000 23.118474 0.007444 
425 6.672081 0.000000 -0.613319 97.591363 0.000000 22.306821 -0.002167 
426 5.876815 0.000000 0.125833 99.175454 0.000000 18.523044 -0.017887 
427 4.683916 0.000000 -0.243743 97.903930 0.000000 18.052833 0.008892 
428 4.683916 0.000000 -0.613319 97.373385 0.000000 19.463955 0.013958 
429 5.081549 0.000000 -0.243743 98.141236 0.000000 18.507293 0.002578 
430 4.683916 0.000000 0.125833 98.311754 0.000000 14.831760 0.011482 
431 4.087467 0.000000 -0.058955 97.652816 0.000000 19.310638 0.009103 
432 4.087467 0.000000 -0.243743 98.020673 0.000000 17.927843 0.007054 
433 4.286283 0.000000 -0.058955 97.561619 0.000000 18.484860 0.014004 
434 4.087467 0.000000 0.125833 101.792921 0.000000 -14.270879 -0.056546 
435 3.789242 0.000000 0.033439 97.224069 0.000000 0.000000 0.054748 
436 3.789242 0.000000 -0.058955 97.216784 0.000000 0.000000 0.054890 
437 3.888651 0.000000 0.033439 97.118258 0.000000 0.000000 0.056804 
438 3.789242 0.000000 0.125833 97.109155 0.000000 0.000000 0.056981 
439 3.640130 0.000000 -0.012758 97.105755 0.000000 -0.000000 0.057047 
440 3.640130 0.000000 -0.058955 96.968342 0.000000 -0.000000 0.059714 
441 3.689834 0.000000 -0.012758 97.087232 0.000000 -0.000000 0.057407 
442 3.640130 0.000000 0.033439 97.002908 0.000000 -0.000000 0.059044 
443 3.590426 0.000000 0.218227 94.627972 0.000000 7.471713 0.098972 
444 3.491018 0.000000 0.218227 95.695158 0.000000 6.148227 0.080464 
445 3.689834 0.000000 0.218227 94.467613 0.000000 8.885437 0.099692 
446 3.590426 0.000000 0.310621 96.518822 0.000000 11.427713 0.055352 
447 3.540722 0.000000 0.079636 96.858576 0.000000 -0.000000 0.061842 
448 3.491018 0.000000 0.079636 96.737295 0.000000 -0.000000 0.064190 
449 3.590426 0.000000 0.079636 96.879984 0.000000 -0.000000 0.061427 
450 3.540722 0.000000 0.125833 96.631496 0.000000 -0.000000 0.066235 
451 3.565574 0.000000 0.010340 96.838192 0.000000 -0.000000 0.062236 
452 3.540722 0.000000 0.010340 96.769930 0.000000 0.000000 0.063558 
453 3.565574 0.000000 -0.012758 96.933009 0.000000 -0.000000 0.060399 
454 3.590426 0.000000 0.010340 96.946546 0.000000 -0.000000 0.060137 
455 3.565574 0.000000 0.033439 96.923746 0.000000 -0.000000 0.060579 
456 2.695752 0.000000 -2.091623 94.250454 0.000000 23.790234 0.055088 
457 2.695752 0.000000 -2.830775 94.674467 0.000000 25.046069 0.040944 
458 3.093385 0.000000 -0.982895 94.745466 0.000000 19.313870 0.065027 
459 2.695752 0.000000 -0.982895 93.779873 0.000000 19.160182 0.083822 
460 3.093385 0.000000 -1.352471 94.589777 0.000000 21.233664 0.060191 
461 3.292201 0.000000 -0.428531 96.200462 0.000000 13.988672 0.054979 
462 3.093385 0.000000 -0.428531 95.587099 0.000000 13.563983 0.067912 
463 3.292201 0.000000 -0.613319 95.675241 0.000000 16.474809 0.057483 
464 3.391609 0.000000 -0.151349 96.986259 0.000000 0.000000 0.059367 
465 3.292201 0.000000 -0.151349 97.160239 0.000000 -0.000000 0.055989 
466 3.391609 0.000000 -0.243743 98.189971 0.000000 10.174961 0.025520 
467 3.441314 0.000000 -0.012758 96.703213 0.000000 -0.000000 0.064849 
468 3.391609 0.000000 -0.012758 97.093210 0.000000 0.000000 0.057291 
469 3.441314 0.000000 -0.058955 96.853009 0.000000 0.000000 0.061949 
470 3.441314 0.000000 0.033439 96.786331 0.000000 -0.000000 0.063241 
471 3.515870 0.000000 0.010340 96.752240 0.000000 -0.000000 0.063900 
472 3.491018 0.000000 0.010340 96.652485 0.000000 -0.000000 0.065830 
473 3.515870 0.000000 -0.012758 96.761100 0.000000 -0.000000 0.063729 
474 3.515870 0.000000 0.033439 96.812168 0.000000 -0.000000 0.062740 
475 3.540722 0.000000 -0.105152 96.630853 0.000000 -0.000000 0.066248 
476 3.491018 0.000000 -0.105152 96.740841 0.000000 -0.000000 0.064121 
477 3.540722 0.000000 -0.151349 96.599066 0.000000 -0.000000 0.066862 
478 3.590426 0.000000 -0.105152 96.877897 0.000000 -0.000000 0.061467 
479 3.565574 0.000000 -0.035857 96.922476 0.000000 -0.000000 0.060603 
480 3.540722 0.000000 -0.035857 96.913091 0.000000 -0.000000 0.060785 
481 3.565574 0.000000 -0.058955 96.910805 0.000000 -0.000000 0.060830 
482 3.590426 0.000000 -0.035857 96.928849 0.000000 -0.000000 0.060480 
483 3.553148 0.000000 -0.001209 96.744650 0.000000 0.000000 0.064047 
484 3.540722 0.000000 -0.001209 96.694358 0.000000 0.000000 0.065020 
485 3.553148 0.000000 -0.012758 96.842360 0.000000 -0.000000 0.062156 
486 3.565574 0.000000 -0.001209 96.748692 0.000000 -0.000000 0.063969 
487 3.553148 0.000000 0.010340 96.784874 0.000000 0.000000 0.063269 
488 3.391609 0.000000 0.218227 97.257619 0.000000 5.544766 0.051021 
489 3.292201 0.000000 0.218227 98.374868 0.000000 5.588531 0.029115 
490 3.391609 0.000000 0.310621 98.047090 0.000000 9.567723 0.029523 
491 3.441314 0.000000 0.079636 96.841345 0.000000 -0.000000 0.062175 
492 3.391609 0.000000 0.079636 96.941830 0.000000 0.000000 0.060228 
493 3.441314 0.000000 0.125833 96.826344 0.000000 0.000000 0.062466 
494 3.466166 0.000000 0.010340 96.670124 0.000000 0.000000 0.065489 
495 3.441314 0.000000 0.010340 96.697645 0.000000 -0.000000 0.064957 
496 3.466166 0.000000 -0.012758 96.682121 0.000000 -0.000000 0.065257 
497 3.466166 0.000000 0.033439 96.734332 0.000000 -0.000000 0.064247 
498 3.192793 0.000000 0.033439 97.206618 0.000000 -0.000000 0.055087 
499 3.093385 0.000000 0.033439 97.426698 0.000000 -0.000000 0.050804 
500 3.192793 0.000000 -0.058955 97.212434 0.000000 -0.000000 0.054974 
501 3.192793 0.000000 0.125833 97.119973 0.000000 -0.000000 0.056771 
502 3.341905 0.000000 -0.012758 97.140987 0.000000 -0.000000 0.056363 
503 3.292201 0.000000 -0.012758 97.132916 0.000000 -0.000000 0.056520 
504 3.341905 0.000000 -0.058955 97.032446 0.000000 -0.000000 0.058470 
505 3.341905 0.000000 0.033439 97.035973 0.000000 -0.000000 0.058402 
506 3.192793 0.000000 -0.151349 97.103715 0.000000 -0.000000 0.057087 
507 3.093385 0.000000 -0.151349 97.822785 0.000000 0.000000 0.043070 
508 3.192793 0.000000 -0.243743 96.540799 0.000000 9.396273 0.059158 
509 3.242497 0.000000 -0.012758 97.153831 0.000000 -0.000000 0.056113 
510 3.192793 0.000000 -0.012758 97.198852 0.000000 -0.000000 0.055238 
511 3.242497 0.000000 -0.058955 97.131881 0.000000 -0.000000 0.056540 
512 3.242497 0.000000 0.033439 97.154567 0.000000 -0.000000 0.056099 
513 3.341905 0.000000 0.079636 97.039403 0.000000 -0.000000 0.058335 
514 3.292201 0.000000 0.079636 97.092820 0.000000 -0.000000 0.057298 
515 3.341905 0.000000 0.125833 97.074050 0.000000 -0.000000 0.057663 
516 3.317053 0.000000 0.010340 97.137395 0.000000 -0.000000 0.056433 
517 3.292201 0.000000 0.010340 97.136362 0.000000 -0.000000 0.056453 
518 3.317053 0.000000 -0.012758 97.130817 0.000000 -0.000000 0.056560 
519 3.341905 0.000000 0.010340 97.145580 0.000000 -0.000000 0.056274 
520 3.317053 0.000000 0.033439 97.067031 0.000000 -0.000000 0.057799 
521 2.894568 0.000000 0.310621 99.631968 0.000000 7.199672 0.002164 
522 2.695752 0.000000 0.310621 100.164455 0.000000 5.699075 -0.006540 
523 2.894568 0.000000 0.495409 100.788121 0.000000 7.636619 -0.021656 
524 3.192793 0.000000 0.218227 98.865002 0.000000 5.770073 0.019242 
525 3.093385 0.000000 0.218227 98.978770 0.000000 5.791525 0.016966 
526 3.192793 0.000000 0.310621 99.149237 0.000000 8.793672 0.009210 
527 3.242497 0.000000 0.079636 97.145669 0.000000 -0.000000 0.056272 
528 3.192793 0.000000 0.079636 97.215754 0.000000 -0.000000 0.054910 
529 3.242497 0.000000 0.125833 97.138917 0.000000 -0.000000 0.056403 
530 3.267349 0.000000 0.010340 97.129804 0.000000 -0.000000 0.056580 
531 3.242497 0.000000 0.010340 97.153783 0.000000 -0.000000 0.056114 
532 3.267349 0.000000 -0.012758 97.129962 0.000000 -0.000000 0.056577 
533 3.267349 0.000000 0.033439 97.131755 0.000000 -0.000000 0.056542 
534 2.993977 0.000000 0.033439 97.733727 0.000000 -0.000000 0.044812 
535 2.894568 0.000000 0.033439 97.705365 0.000000 -0.000000 0.045366 
536 2.993977 0.000000 -0.058955 97.755494 0.000000 -0.000000 0.044386 
537 2.993977 0.000000 0.125833 97.737302 0.000000 -0.000000 0.044742 
538 3.143089 0.000000 -0.012758 97.260155 0.000000 -0.000000 0.054046 
539 3.093385 0.000000 -0.012758 97.429923 0.000000 -0.000000 0.050741 
540 3.143089 0.000000 -0.058955 97.286169 0.000000 -0.000000 0.053540 
541 3.143089 0.000000 0.033439 97.245038 0.000000 -0.000000 0.054340 
542 3.217645 0.000000 0.010340 97.197637 0.000000 -0.000000 0.055262 
543 3.192793 0.000000 0.010340 97.197807 0.000000 -0.000000 0.055259 
544 3.217645 0.000000 -0.012758 97.197834 0.000000 -0.000000 0.055258 
545 3.217645 0.000000 0.033439 97.170863 0.000000 -0.000000 0.055782 
546 3.242497 0.000000 -0.105152 97.146899 0.000000 -0.000000 0.056248 
547 3.192793 0.000000 -0.105152 97.185277 0.000000 -0.000000 0.055502 
548 3.242497 0.000000 -0.151349 97.139524 0.000000 -0.000000 0.056391 
549 3.292201 0.000000 -0.105152 97.129229 0.000000 -0.000000 0.056591 
550 3.267349 0.000000 -0.035857 97.131779 0.000000 -0.000000 0.056542 
551 3.242497 0.000000 -0.035857 97.154683 0.000000 -0.000000 0.056097 
552 3.267349 0.000000 -0.058955 97.132001 0.000000 -0.000000 0.056537 
553 3.292201 0.000000 -0.035857 97.102397 0.000000 -0.000000 0.057112 
554 3.254923 0.000000 -0.001209 97.098211 0.000000 0.000000 0.057194 
555 3.242497 0.000000 -0.001209 97.075998 0.000000 -0.000000 0.057625 
556 3.254923 0.000000 -0.012758 97.131468 0.000000 -0.000000 0.056548 
557 3.267349 0.000000 -0.001209 97.119515 0.000000 -0.000000 0.056780 
558 3.254923 0.000000 0.010340 97.116105 0.000000 -0.000000 0.056846 
559 2.496935 0.000000 0.310621 97.238149 0.000000 -0.169032 0.054471 
560 2.496935 0.000000 0.495409 97.311669 0.000000 -0.172495 0.053041 
561 2.596344 0.000000 0.033439 97.522165 0.000000 -0.006868 0.048943 
562 2.496935 0.000000 0.033439 97.448588 0.000000 -0.022597 0.050377 
563 2.596344 0.000000 -0.058955 97.521495 0.000000 -0.004359 0.048956 
564 2.695752 0.000000 0.033439 97.570478 0.000000 0.000000 0.048000 
565 2.596344 0.000000 0.125833 97.498362 0.000000 -0.037140 0.049407 
566 5.876815 0.000000 0.864985 101.740485 0.000000 16.789202 -0.063300 
567 6.672081 0.000000 0.864985 100.688442 0.000000 14.637335 -0.035241 
568 5.876815 0.000000 1.604136 100.201649 0.000000 13.029523 -0.021014 
569 -17.185894 0.000000 -17.613812 96.099706 0.000000 27.573848 0.000453 
570 -23.548021 0.000000 -17.613812 96.111243 0.000000 27.574458 0.000228 
571 -17.185894 0.000000 -23.527028 96.103650 0.000000 27.566636 0.000417 
572 20.986866 0.000000 -17.613812 96.123348 0.000000 27.440272 0.000733 
573 20.986866 0.000000 -23.527028 96.116580 0.000000 27.488816 0.000597 
574 27.348993 0.000000 -17.613812 96.133110 0.000000 27.454392 0.000468 
575 -7.642704 0.000000 -8.743990 96.017009 0.000000 27.601654 0.001888 
576 -10.823767 0.000000 -8.743990 96.063744 0.000000 27.607043 0.000961 
577 -7.642704 0.000000 -11.700597 96.033574 0.000000 27.574088 0.001722 
578 11.443676 0.000000 -8.743990 96.125992 0.000000 27.101890 0.002528 
579 11.443676 0.000000 -11.700597 96.095452 0.000000 27.277238 0.002162 
580 14.624739 0.000000 -8.743990 96.156727 0.000000 27.158143 0.001632 
581 -2.871109 0.000000 -4.309079 95.688617 0.000000 27.698988 0.007645 
582 -4.461641 0.000000 -4.309079 95.870006 0.000000 27.720320 0.004053 
583 -2.871109 0.000000 -5.787382 95.758676 0.000000 27.582218 0.006950 
584 6.672081 0.000000 -4.309079 96.089074 0.000000 26.072734 0.008710 
585 6.672081 0.000000 -5.787382 96.006138 0.000000 26.568930 0.007691 
586 8.262613 0.000000 -4.309079 96.214186 0.000000 26.231845 0.005472 
587 -0.485311 0.000000 -2.091623 94.398758 0.000000 28.145801 0.029669 
588 -1.280577 0.000000 -2.091623 95.077254 0.000000 28.247055 0.016242 
589 -0.485311 0.000000 -2.830775 94.740420 0.000000 27.693250 0.025734 
590 0.707587 0.000000 -0.982895 89.571618 0.000000 27.651480 0.121232 
591 0.309954 0.000000 -0.982895 91.493742 0.000000 29.430510 0.076274 
592 0.707587 0.000000 -1.352471 91.301077 0.000000 27.286446 0.091956 
593 2.298119 0.000000 -0.982895 92.398382 0.000000 19.285961 0.109059 
594 2.298119 0.000000 -1.352471 92.821018 0.000000 21.631401 0.091634 
595 0.906404 0.000000 -0.428531 91.330823 0.000000 -0.790746 0.165806 
596 0.707587 0.000000 -0.428531 90.189201 0.000000 -0.970880 0.186497 
597 0.906404 0.000000 -0.613319 90.212102 0.000000 -0.966178 0.186084 
598 1.403445 0.000000 -0.151349 89.191392 0.000000 -0.434593 0.204471 
599 1.403445 0.000000 -0.243743 93.638377 0.000000 -0.525393 0.123158 
600 1.502853 0.000000 -0.151349 89.347822 0.000000 -0.413888 0.201680 
601 2.099302 0.000000 -0.428531 96.559915 0.000000 -0.185566 0.067615 
602 2.099302 0.000000 -0.613319 97.082029 0.000000 -0.166987 0.057505 
603 2.298119 0.000000 -0.428531 97.085133 0.000000 -0.167029 0.057445 
604 2.496935 0.000000 -0.428531 93.567715 0.000000 12.366684 0.109215 
605 2.496935 0.000000 -0.613319 93.299347 0.000000 15.415571 0.105759 
606 2.695752 0.000000 -0.428531 94.445014 0.000000 12.720748 0.091832 
607 1.602261 0.000000 -0.151349 91.810914 0.000000 -0.394350 0.157060 
608 1.602261 0.000000 -0.243743 93.991474 0.000000 -0.483821 0.116537 
609 1.999894 0.000000 -0.151349 96.206151 0.000000 -0.214173 0.074433 
610 1.999894 0.000000 -0.243743 95.772234 0.000000 -0.254891 0.082761 
611 2.099302 0.000000 -0.151349 96.694476 0.000000 -0.161335 0.065015 
612 5.876815 0.000000 -2.091623 96.455986 0.000000 24.261606 0.010762 
613 5.876815 0.000000 -2.830775 96.200696 0.000000 25.035426 0.011865 
614 6.672081 0.000000 -2.091623 96.568696 0.000000 24.604092 0.006913 
615 4.683916 0.000000 -0.982895 96.848397 0.000000 20.951849 0.018141 
616 4.683916 0.000000 -1.352471 96.463365 0.000000 22.134149 0.020490 
617 5.081549 0.000000 -0.982895 97.052383 0.000000 21.416250 0.012218 
618 2.894568 0.000000 -0.428531 95.083981 0.000000 13.136451 0.078647 
619 2.894568 0.000000 -0.613319 94.690274 0.000000 15.926842 0.078009 
620 4.683916 0.000000 0.495409 99.407741 0.000000 15.696742 -0.012829 
621 5.081549 0.000000 0.495409 100.441158 0.000000 13.549701 -0.027202 
622 4.683916 0.000000 0.864985 100.272648 0.000000 13.897391 -0.024774 
623 2.993977 0.000000 -0.151349 97.822785 0.000000 0.000000 0.043070 
624 2.894568 0.000000 -0.151349 97.762069 0.000000 0.000000 0.044258 
625 2.993977 0.000000 -0.243743 95.931192 0.000000 8.789588 0.071995 
626 2.795160 0.000000 0.033439 97.663073 0.000000 0.000000 0.046192 
627 2.795160 0.000000 -0.058955 97.653259 0.000000 0.000000 0.046384 
628 2.795160 0.000000 0.125833 97.707778 0.000000 0.000000 0.045319 
629 4.087467 0.000000 -0.428531 97.597429 0.000000 17.815279 0.015736 
630 4.087467 0.000000 -0.613319 97.065080 0.000000 18.468760 0.023728 
631 4.286283 0.000000 -0.428531 97.507333 0.000000 18.103382 0.016459 
632 4.087467 0.000000 0.310621 98.280500 0.000000 15.189300 0.011023 
633 4.286283 0.000000 0.310621 99.567439 0.000000 13.326891 -0.009128 
634 4.087467 0.000000 0.495409 98.675259 0.000000 15.589138 0.002017 
635 3.789242 0.000000 -0.151349 96.906346 0.000000 0.000000 0.060916 
636 3.789242 0.000000 -0.243743 100.138552 0.000000 16.302706 -0.029351 
637 3.888651 0.000000 -0.151349 96.815792 0.000000 0.000000 0.062670 
638 1.999894 0.000000 0.218227 95.238260 0.000000 -0.318684 0.092957 
639 2.099302 0.000000 0.218227 96.085853 0.000000 -0.223196 0.076746 
640 1.999894 0.000000 0.310621 95.511082 0.000000 -0.285381 0.087755 
641 1.651965 0.000000 -0.012758 84.817541 0.000000 -0.107100 0.280597 
642 1.602261 0.000000 -0.012758 86.612321 0.000000 -0.198323 0.249827 
643 1.651965 0.000000 -0.058955 87.149962 0.000000 -0.210216 0.240484 
644 1.552557 0.000000 0.079636 89.855263 0.000000 -0.253461 0.192597 
645 1.552557 0.000000 0.033439 88.265954 0.000000 -0.218551 0.220907 
646 1.552557 0.000000 0.125833 86.803428 0.000000 -0.303475 0.246507 
647 1.353741 0.000000 0.079636 82.573654 0.000000 -0.405631 0.318143 
648 1.353741 0.000000 0.033439 79.742327 0.000000 -0.377256 0.364102 
649 1.353741 0.000000 0.125833 77.076989 0.000000 -0.337708 0.405902 
650 1.005812 0.000000 -0.151349 88.695603 0.000000 -0.427904 0.213291 
651 0.906404 0.000000 -0.151349 92.210927 0.000000 -0.531727 0.149686 
652 1.005812 0.000000 -0.243743 92.505351 0.000000 -0.654059 0.144233 
653 1.055516 0.000000 -0.012758 76.561884 0.000000 -0.144793 0.413826 
654 1.005812 0.000000 -0.012758 83.646634 0.000000 -0.238465 0.300318 
655 1.055516 0.000000 -0.058955 80.238558 0.000000 -0.233573 0.356172 
656 1.130072 0.000000 0.010340 72.463316 0.000000 -0.247337 0.474901 
657 1.105220 0.000000 0.010340 73.764724 0.000000 -0.205419 0.455872 
658 1.130072 0.000000 -0.012758 72.440039 0.000000 -0.246802 0.475238 
659 3.789242 0.000000 0.218227 95.094515 0.000000 10.077564 0.085548 
660 3.888651 0.000000 0.218227 96.380126 0.000000 10.430611 0.060207 
661 3.789242 0.000000 0.310621 96.483799 0.000000 13.918755 0.049714 
662 3.640130 0.000000 0.079636 96.923354 0.000000 -0.000000 0.060586 
663 3.689834 0.000000 0.079636 97.092574 0.000000 -0.000000 0.057303 
664 3.640130 0.000000 0.125833 96.989370 0.000000 -0.000000 0.059306 
665 3.640130 0.000000 -0.105152 96.980225 0.000000 -0.000000 0.059484 
666 3.640130 0.000000 -0.151349 96.923681 0.000000 -0.000000 0.060580 
667 3.689834 0.000000 -0.105152 97.034552 0.000000 -0.000000 0.058430 
668 3.515870 0.000000 -0.035857 96.812547 0.000000 -0.000000 0.062733 
669 3.491018 0.000000 -0.035857 96.759580 0.000000 -0.000000 0.063758 
670 3.515870 0.000000 -0.058955 96.816973 0.000000 -0.000000 0.062647 
671 3.441314 0.000000 -0.105152 96.825022 0.000000 -0.000000 0.062492 
672 3.391609 0.000000 -0.105152 96.957969 0.000000 0.000000 0.059915 
673 3.441314 0.000000 -0.151349 96.821192 0.000000 0.000000 0.062566 
674 3.341905 0.000000 -0.105152 97.035585 0.000000 -0.000000 0.058410 
675 3.341905 0.000000 -0.151349 97.132759 0.000000 -0.000000 0.056523 
676 3.466166 0.000000 -0.035857 96.799340 0.000000 -0.000000 0.062989 
677 3.441314 0.000000 -0.035857 96.851487 0.000000 0.000000 0.061979 
678 3.466166 0.000000 -0.058955 96.802115 0.000000 -0.000000 0.062935 
679 3.143089 0.000000 0.079636 97.287427 0.000000 -0.000000 0.053516 
680 3.093385 0.000000 0.079636 97.456467 0.000000 -0.000000 0.050224 
681 3.143089 0.000000 0.125833 97.342085 0.000000 -0.000000 0.052452 
682 3.317053 0.000000 -0.035857 97.066778 0.000000 -0.000000 0.057804 
683 3.317053 0.000000 -0.058955 97.063802 0.000000 -0.000000 0.057862 
684 3.341905 0.000000 -0.035857 97.035696 0.000000 -0.000000 0.058407 
685 3.143089 0.000000 -0.105152 97.303578 0.000000 -0.000000 0.053201 
686 3.093385 0.000000 -0.105152 97.644640 0.000000 -0.000000 0.046552 
687 3.143089 0.000000 -0.151349 97.822785 0.000000 0.000000 0.043070 
688 3.217645 0.000000 -0.035857 97.171025 0.000000 -0.000000 0.055779 
689 3.192793 0.000000 -0.035857 97.207305 0.000000 -0.000000 0.055074 
690 3.217645 0.000000 -0.058955 97.172778 0.000000 -0.000000 0.055745 
691 2.993977 0.000000 0.218227 99.010400 0.000000 5.573814 0.016587 
692 2.894568 0.000000 0.218227 99.120748 0.000000 5.217565 0.014785 
693 2.993977 0.000000 0.310621 99.467714 0.000000 7.832193 0.004483 
694 2.795160 0.000000 -0.151349 97.707778 0.000000 0.000000 0.045319 
695 2.695752 0.000000 -0.151349 97.625771 0.000000 0.000000 0.046921 
696 2.795160 0.000000 -0.243743 95.289673 0.000000 8.215269 0.085239 
697 1.552557 0.000000 -0.012758 84.976730 0.000000 -0.213454 0.277891 
698 1.502853 0.000000 -0.012758 83.542548 0.000000 -0.218279 0.302059 
699 1.552557 0.000000 -0.058955 85.011686 0.000000 -0.258880 0.277295 
700 1.353741 0.000000 -0.012758 72.331216 0.000000 -0.267257 0.476812 
701 1.353741 0.000000 -0.058955 72.909417 0.000000 -0.286401 0.468413 
702 1.403445 0.000000 -0.012758 76.367315 0.000000 -0.264924 0.416796 
703 1.453149 0.000000 -0.012758 74.419424 0.000000 -0.141037 0.446173 
704 1.453149 0.000000 -0.058955 78.701512 0.000000 -0.235631 0.380602 
705 2.795160 0.000000 0.218227 99.299896 0.000000 4.827391 0.011623 
706 2.695752 0.000000 0.218227 99.549622 0.000000 4.418511 0.007035 
707 2.795160 0.000000 0.310621 99.861781 0.000000 6.485275 -0.001443 
708 2.596344 0.000000 0.218227 97.311669 0.000000 -0.172495 0.053041 
709 2.496935 0.000000 0.218227 97.178082 0.000000 -0.167516 0.055639 
710 2.596344 0.000000 0.310621 100.523876 0.000000 4.826165 -0.012834 
711 2.596344 0.000000 -0.151349 97.553081 0.000000 0.000000 0.048340 
712 2.496935 0.000000 -0.151349 97.370757 0.000000 -0.080895 0.051893 
713 2.596344 0.000000 -0.243743 94.453357 0.000000 7.727156 0.101885 
1 19 21 9 22 
2 20 19 22 4 
3 28 29 3 30 
4 21 28 30 9 
5 35 37 21 38 
6 36 35 38 19 
7 44 45 28 46 
8 37 44 46 21 
9 51 53 37 54 
10 52 51 54 35 
11 60 61 44 62 
12 53 60 62 37 
13 67 69 53 70 
14 68 67 70 51 
15 76 77 60 78 
16 69 76 78 53 
17 83 85 69 86 
18 84 83 86 67 
19 11 94 92 93 
20 94 10 24 92 
21 92 24 14 95 
22 93 92 95 6 
23 24 98 96 97 
24 98 23 40 96 
25 96 40 27 99 
26 97 96 99 14 
27 40 102 100 101 
28 102 39 56 100 
29 100 56 43 103 
30 101 100 103 27 
31 56 106 104 105 
32 106 55 72 104 
33 104 72 59 107 
34 105 104 107 43 
35 72 110 108 109 
36 109 108 111 59 
37 112 113 76 114 
38 85 112 114 69 
39 115 117 85 118 
40 116 115 118 83 
41 132 133 112 134 
42 117 132 134 85 
43 136 124 137 135 
44 135 137 127 138 
45 15 140 139 33 
46 140 17 141 139 
47 139 141 8 142 
48 33 139 142 18 
49 31 144 143 49 
50 144 33 145 143 
51 143 145 18 146 
52 49 143 146 34 
53 148 49 149 147 
54 147 149 34 150 
55 124 160 159 137 
56 137 159 162 127 
57 18 142 163 45 
58 142 8 164 163 
59 163 164 29 165 
60 45 163 165 28 
61 34 146 166 61 
62 146 18 167 166 
63 166 167 45 168 
64 61 166 168 44 
65 150 34 170 169 
66 169 170 61 171 
67 77 169 171 60 
68 172 173 77 174 
69 113 172 174 76 
70 175 176 113 177 
71 133 175 177 112 
72 186 187 172 188 
73 176 186 188 113 
74 194 196 117 197 
75 195 194 197 115 
76 138 127 204 203 
77 203 204 132 205 
78 196 203 205 117 
79 130 207 206 201 
80 207 135 208 206 
81 206 208 138 209 
82 201 206 209 5 
83 131 202 210 211 
84 202 5 212 210 
85 210 212 196 213 
86 211 210 213 194 
87 216 201 217 214 
88 214 217 5 218 
89 215 214 218 202 
90 199 225 223 224 
91 223 215 202 226 
92 224 223 226 131 
93 12 229 227 228 
94 229 7 230 227 
95 227 230 13 25 
96 228 227 25 10 
97 25 233 231 232 
98 233 13 234 231 
99 231 234 26 41 
100 232 231 41 23 
101 41 237 235 236 
102 237 26 238 235 
103 235 238 42 57 
104 236 235 57 39 
105 57 241 239 240 
106 241 42 242 239 
107 239 242 58 73 
108 240 239 73 55 
109 73 245 243 244 
110 245 58 246 243 
111 243 246 74 89 
112 244 243 89 71 
113 89 249 247 248 
114 249 74 250 247 
115 247 250 90 129 
116 248 247 129 87 
117 129 253 251 252 
118 253 90 254 251 
119 251 254 130 200 
120 252 251 200 128 
121 200 257 255 256 
122 257 130 258 255 
123 255 258 201 216 
124 256 255 216 198 
125 198 261 259 260 
126 261 216 262 259 
127 259 262 214 263 
128 260 259 263 215 
129 128 266 264 265 
130 266 200 256 264 
131 264 256 198 225 
132 265 264 225 199 
133 225 269 267 268 
134 269 198 260 267 
135 267 260 215 270 
136 268 267 270 223 
137 6 95 271 272 
138 95 14 36 271 
139 271 36 19 273 
140 272 271 273 20 
141 14 99 274 275 
142 99 27 52 274 
143 274 52 35 276 
144 275 274 276 36 
145 27 103 277 278 
146 103 43 68 277 
147 277 68 51 279 
148 278 277 279 52 
149 43 107 280 281 
150 107 59 84 280 
151 280 84 67 282 
152 281 280 282 68 
153 59 111 283 284 
154 283 116 83 285 
155 284 283 285 84 
156 286 195 115 288 
157 287 286 288 116 
158 91 222 289 290 
159 222 131 211 289 
160 289 211 194 291 
161 290 289 291 195 
162 219 294 292 293 
163 294 199 224 292 
164 292 224 131 295 
165 293 292 295 222 
166 123 299 300 301 
167 299 91 290 300 
168 300 290 195 302 
169 301 300 302 286 
170 296 305 303 304 
171 305 220 306 303 
172 303 306 91 307 
173 304 303 307 299 
174 108 310 308 309 
175 309 308 311 111 
176 111 311 316 317 
177 316 287 116 318 
178 317 316 318 283 
179 75 315 319 320 
180 315 123 301 319 
181 319 301 286 321 
182 320 319 321 287 
183 312 324 322 323 
184 324 297 325 322 
185 322 325 123 326 
186 323 322 326 315 
187 308 329 327 328 
188 328 327 330 311 
189 331 323 315 334 
190 332 331 334 75 
191 71 337 335 336 
192 337 89 248 335 
193 335 248 87 121 
194 336 335 121 88 
195 88 340 338 339 
196 340 121 341 338 
197 338 341 119 314 
198 339 338 314 120 
199 120 344 342 343 
200 344 314 345 342 
201 348 312 349 346 
202 346 349 323 350 
203 347 346 350 331 
204 311 330 351 352 
205 330 75 320 351 
206 351 320 287 353 
207 352 351 353 316 
208 327 356 354 355 
209 356 313 332 354 
210 354 332 75 357 
211 355 354 357 330 
212 313 360 358 359 
213 360 333 347 358 
214 358 347 331 361 
215 359 358 361 332 
216 314 363 362 345 
217 363 119 364 362 
218 362 364 297 324 
219 345 362 324 312 
220 342 367 365 366 
221 367 345 368 365 
222 365 368 312 348 
223 366 365 348 333 
224 333 371 369 370 
225 371 348 372 369 
226 369 372 346 373 
227 370 369 373 347 
228 377 379 186 380 
229 378 377 380 176 
230 386 378 176 388 
231 387 386 388 175 
232 7 394 393 230 
233 394 16 395 393 
234 393 395 15 32 
235 230 393 32 13 
236 13 397 396 234 
237 397 32 398 396 
238 396 398 31 48 
239 234 396 48 26 
240 26 400 399 238 
241 400 48 401 399 
242 399 401 47 64 
243 238 399 64 42 
244 64 404 402 403 
245 404 47 405 402 
246 402 405 65 152 
247 403 402 152 63 
248 63 408 406 407 
249 408 152 409 406 
250 406 409 151 183 
251 407 406 183 81 
252 81 412 410 411 
253 412 183 413 410 
254 410 413 182 191 
255 411 410 191 157 
256 157 416 414 415 
257 416 191 417 414 
258 65 424 423 153 
259 424 147 425 423 
260 423 425 150 426 
261 153 423 426 50 
262 151 428 427 184 
263 428 153 429 427 
264 427 429 50 430 
265 184 427 430 154 
266 182 432 431 192 
267 432 184 433 431 
268 431 433 154 434 
269 192 431 434 185 
270 189 436 435 384 
271 436 192 437 435 
272 435 437 185 438 
273 384 435 438 193 
274 383 440 439 421 
275 440 189 441 439 
276 439 441 384 442 
277 421 439 442 381 
278 66 385 443 444 
279 385 193 445 443 
280 443 445 377 446 
281 444 443 446 378 
282 382 422 447 448 
283 422 381 449 447 
284 447 449 385 450 
285 448 447 450 66 
286 453 421 454 451 
287 451 454 381 455 
288 452 451 455 422 
289 42 457 456 242 
290 457 64 403 456 
291 456 403 63 80 
292 242 456 80 58 
293 80 460 458 459 
294 460 63 407 458 
295 458 407 81 156 
296 459 458 156 79 
297 156 463 461 462 
298 463 81 411 461 
299 461 411 157 375 
300 462 461 375 155 
301 375 466 464 465 
302 466 157 415 464 
303 391 469 467 468 
304 468 467 470 389 
305 419 473 471 472 
306 473 418 452 471 
307 471 452 422 474 
308 472 471 474 382 
309 415 477 475 476 
310 477 414 478 475 
311 475 478 383 420 
312 476 475 420 190 
313 420 481 479 480 
314 481 383 482 479 
315 479 482 421 453 
316 480 479 453 418 
317 418 485 483 484 
318 485 453 486 483 
319 483 486 451 487 
320 484 483 487 452 
321 376 392 488 489 
322 392 66 444 488 
323 488 444 378 490 
324 489 488 490 386 
325 389 470 491 492 
326 470 382 448 491 
327 491 448 66 493 
328 492 491 493 392 
329 467 496 494 495 
330 496 419 472 494 
331 494 472 382 497 
332 495 494 497 470 
333 504 391 468 502 
334 502 468 389 505 
335 155 508 506 507 
336 508 375 465 506 
337 390 505 513 514 
338 505 389 492 513 
339 513 492 392 515 
340 514 513 515 376 
341 503 518 516 517 
342 518 502 519 516 
343 516 519 505 520 
344 517 516 520 390 
345 521 387 175 523 
346 522 521 523 133 
347 158 501 524 525 
348 501 376 489 524 
349 524 489 386 526 
350 525 524 526 387 
351 498 512 527 528 
352 512 390 514 527 
353 527 514 376 529 
354 528 527 529 501 
355 532 503 517 530 
356 530 517 390 533 
357 531 530 533 512 
358 178 536 534 535 
359 536 180 499 534 
360 534 499 158 537 
361 535 534 537 181 
362 180 540 538 539 
363 540 500 510 538 
364 538 510 498 541 
365 539 538 541 499 
366 510 544 542 543 
367 544 509 531 542 
368 542 531 512 545 
369 543 542 545 498 
370 506 548 546 547 
371 548 465 549 546 
372 546 549 374 511 
373 547 546 511 500 
374 511 552 550 551 
375 552 374 553 550 
376 550 553 503 532 
377 551 550 532 509 
378 509 556 554 555 
379 556 532 557 554 
380 554 557 530 558 
381 555 554 558 531 
382 127 162 559 204 
383 559 522 133 560 
384 204 559 560 132 
385 159 563 561 562 
386 563 161 564 561 
387 561 564 82 565 
388 562 561 565 162 
389 50 426 566 173 
390 426 150 567 566 
391 566 567 169 568 
392 173 566 568 77 
393 1 571 569 570 
394 571 12 228 569 
395 569 228 10 94 
396 570 569 94 11 
397 16 573 572 395 
398 573 2 574 572 
399 572 574 17 140 
400 395 572 140 15 
401 10 577 575 576 
402 577 25 232 575 
403 575 232 23 98 
404 576 575 98 24 
405 32 579 578 398 
406 579 15 580 578 
407 578 580 33 144 
408 398 578 144 31 
409 23 583 581 582 
410 583 41 236 581 
411 581 236 39 102 
412 582 581 102 40 
413 48 585 584 401 
414 585 31 586 584 
415 584 586 49 148 
416 401 584 148 47 
417 39 589 587 588 
418 589 57 240 587 
419 587 240 55 106 
420 588 587 106 56 
421 55 592 590 591 
422 592 73 244 590 
423 590 244 71 110 
424 591 590 110 72 
425 58 594 593 246 
426 594 80 459 593 
427 593 459 79 125 
428 246 593 125 74 
429 110 597 595 596 
430 597 71 336 595 
431 595 336 88 310 
432 596 595 310 108 
433 121 599 598 341 
434 599 87 600 598 
435 598 600 122 298 
436 341 598 298 119 
437 74 602 601 250 
438 602 125 603 601 
439 601 603 124 136 
440 250 601 136 90 
441 125 605 604 603 
442 605 79 606 604 
443 604 606 126 160 
444 603 604 160 124 
445 87 608 607 600 
446 608 129 252 607 
447 607 252 128 221 
448 600 607 221 122 
449 90 610 609 254 
450 610 136 611 609 
451 609 611 135 207 
452 254 609 207 130 
453 47 613 612 405 
454 613 148 614 612 
455 612 614 147 424 
456 405 612 424 65 
457 152 616 615 409 
458 616 65 617 615 
459 615 617 153 428 
460 409 615 428 151 
461 79 619 618 606 
462 619 156 462 618 
463 618 462 155 179 
464 606 618 179 126 
465 154 430 620 187 
466 430 50 621 620 
467 620 621 173 622 
468 187 620 622 172 
469 179 625 623 624 
470 625 155 507 623 
471 623 507 180 536 
472 624 623 536 178 
473 161 627 626 564 
474 627 178 535 626 
475 626 535 181 628 
476 564 626 628 82 
477 183 630 629 413 
478 630 151 631 629 
479 629 631 184 432 
480 413 629 432 182 
481 185 434 632 379 
482 434 154 633 632 
483 632 633 187 634 
484 379 632 634 186 
485 191 636 635 417 
486 636 182 637 635 
487 635 637 192 436 
488 417 635 436 189 
489 5 209 638 212 
490 209 138 639 638 
491 638 639 203 640 
492 212 638 640 196 
493 221 643 641 642 
494 643 128 265 641 
495 641 265 199 294 
496 642 641 294 219 
497 220 645 644 306 
498 645 219 293 644 
499 644 293 222 646 
500 306 644 646 91 
501 297 648 647 325 
502 648 296 304 647 
503 647 304 299 649 
504 325 647 649 123 
505 310 652 650 651 
506 652 88 339 650 
507 650 339 120 329 
508 651 650 329 308 
509 329 655 653 654 
510 655 120 343 653 
511 653 343 313 356 
512 654 653 356 327 
513 343 658 656 657 
514 658 342 366 656 
515 656 366 333 360 
516 657 656 360 313 
517 193 438 659 445 
518 438 185 660 659 
519 659 660 379 661 
520 445 659 661 377 
521 381 442 662 449 
522 442 384 663 662 
523 662 663 193 664 
524 449 662 664 385 
525 414 666 665 478 
526 666 417 667 665 
527 665 667 189 440 
528 478 665 440 383 
529 190 670 668 669 
530 670 420 480 668 
531 668 480 418 473 
532 669 668 473 419 
533 464 673 671 672 
534 673 415 476 671 
535 671 476 190 469 
536 672 671 469 391 
537 465 675 674 549 
538 675 464 672 674 
539 674 672 391 504 
540 549 674 504 374 
541 469 678 676 677 
542 678 190 669 676 
543 676 669 419 496 
544 677 676 496 467 
545 499 541 679 680 
546 541 498 528 679 
547 679 528 501 681 
548 680 679 681 158 
549 374 683 682 553 
550 683 504 684 682 
551 682 684 502 518 
552 553 682 518 503 
553 507 687 685 686 
554 687 506 547 685 
555 685 547 500 540 
556 686 685 540 180 
557 500 690 688 689 
558 690 511 551 688 
559 688 551 509 544 
560 689 688 544 510 
561 181 537 691 692 
562 537 158 525 691 
563 691 525 387 693 
564 692 691 693 521 
565 126 696 694 695 
566 696 179 624 694 
567 694 624 178 627 
568 695 694 627 161 
569 122 699 697 698 
570 699 221 642 697 
571 697 642 219 645 
572 698 697 645 220 
573 119 701 700 364 
574 701 298 702 700 
575 700 702 296 648 
576 364 700 648 297 
577 298 704 703 702 
578 704 122 698 703 
579 703 698 220 305 
580 702 703 305 296 
581 82 628 705 706 
582 628 181 692 705 
583 705 692 521 707 
584 706 705 707 522 
585 162 565 708 709 
586 565 82 706 708 
587 708 706 522 710 
588 709 708 710 559 
589 160 713 711 712 
590 713 126 695 711 
591 711 695 161 563 
592 712 711 563 159 
