2 0.000000 100.000000 473.401889
669 553 
1 -37.468793 0.000000 -37.625251 99.774094 0.000000 -6.979364 -0.000358 
2 44.010151 0.000000 -37.625251 99.779897 0.000000 -6.853159 -0.000299 
3 44.010151 0.000000 37.902022 99.745180 0.000000 -6.879577 0.000357 
4 -37.468793 0.000000 37.902022 99.740203 0.000000 -6.979755 0.000317 
5 3.270679 0.000000 0.138385 100.507932 0.000000 0.582103 -0.010218 
6 -37.468793 0.000000 0.138385 99.757269 0.000000 -6.998613 -0.000049 
7 3.270679 0.000000 -37.625251 99.812885 0.000000 -6.920323 -0.001050 
8 44.010151 0.000000 0.138385 99.970486 0.000000 -3.860527 -0.000900 
9 3.270679 0.000000 37.902022 99.706075 0.000000 -6.924853 0.001074 
10 -17.099057 0.000000 -18.743433 99.826222 0.000000 -6.990952 -0.001415 
11 -37.468793 0.000000 -18.743433 99.773277 0.000000 -6.990063 -0.000357 
12 -17.099057 0.000000 -37.625251 99.794713 0.000000 -6.966637 -0.000752 
13 3.270679 0.000000 -18.743433 99.971160 0.000000 -6.772236 -0.004010 
14 -17.099057 0.000000 0.138385 99.757342 0.000000 -7.068486 -0.000149 
15 23.640415 0.000000 -18.743433 99.842499 0.000000 -6.542573 -0.001133 
16 23.640415 0.000000 -37.625251 99.797635 0.000000 -6.872232 -0.000680 
17 44.010151 0.000000 -18.743433 99.803407 0.000000 -6.481319 -0.000273 
18 23.640415 0.000000 0.138385 99.863293 0.000000 -5.175534 0.000054 
19 -17.099057 0.000000 19.020204 99.690795 0.000000 -6.991200 0.001287 
20 -37.468793 0.000000 19.020204 99.741255 0.000000 -6.990240 0.000282 
21 3.270679 0.000000 19.020204 99.560339 0.000000 -6.781471 0.004175 
22 -17.099057 0.000000 37.902022 99.721075 0.000000 -6.967810 0.000716 
23 -6.914189 0.000000 -9.302524 100.032428 0.000000 -7.048778 -0.005617 
24 -17.099057 0.000000 -9.302524 99.822507 0.000000 -7.034223 -0.001401 
25 -6.914189 0.000000 -18.743433 99.904662 0.000000 -6.942020 -0.002913 
26 3.270679 0.000000 -9.302524 100.467228 0.000000 -6.337529 -0.013383 
27 -6.914189 0.000000 0.138385 99.742795 0.000000 -7.357753 -0.000276 
28 23.640415 0.000000 19.020204 99.710730 0.000000 -6.614891 0.001401 
29 44.010151 0.000000 19.020204 99.760622 0.000000 -6.654613 0.000353 
30 23.640415 0.000000 37.902022 99.725026 0.000000 -6.885557 0.000751 
31 13.455547 0.000000 -9.302524 100.043580 0.000000 -5.703790 -0.004125 
32 13.455547 0.000000 -18.743433 99.909003 0.000000 -6.605422 -0.002544 
33 23.640415 0.000000 -9.302524 99.897847 0.000000 -5.587112 -0.001080 
34 13.455547 0.000000 0.138385 99.666954 0.000000 -5.060823 0.004089 
35 -6.914189 0.000000 9.579295 99.486256 0.000000 -7.040961 0.005291 
36 -17.099057 0.000000 9.579295 99.693661 0.000000 -7.033405 0.001171 
37 3.270679 0.000000 9.579295 99.097833 0.000000 -6.351969 0.013927 
38 -6.914189 0.000000 19.020204 99.616913 0.000000 -6.943119 0.002826 
39 -1.821755 0.000000 -4.582069 100.718572 0.000000 -7.208736 -0.019620 
40 -6.914189 0.000000 -4.582069 100.010933 0.000000 -7.218117 -0.005429 
41 -1.821755 0.000000 -9.302524 100.296888 0.000000 -6.864489 -0.010659 
42 3.270679 0.000000 -4.582069 101.650967 0.000000 -5.387446 -0.036194 
43 -1.821755 0.000000 0.138385 99.533370 0.000000 -8.738714 0.001674 
44 13.455547 0.000000 9.579295 99.576908 0.000000 -5.842743 0.005030 
45 23.640415 0.000000 9.579295 99.757564 0.000000 -5.936532 0.001319 
46 13.455547 0.000000 19.020204 99.636169 0.000000 -6.638875 0.002856 
47 8.363113 0.000000 -4.582069 100.605779 0.000000 -4.043271 -0.013787 
48 8.363113 0.000000 -9.302524 100.262265 0.000000 -5.868827 -0.008696 
49 13.455547 0.000000 -4.582069 100.145224 0.000000 -3.759316 -0.004320 
50 8.363113 0.000000 0.138385 101.852567 0.000000 0.655250 -0.037437 
51 -1.821755 0.000000 4.858840 98.813532 0.000000 -7.145341 0.018483 
52 -6.914189 0.000000 4.858840 99.493759 0.000000 -7.202520 0.004912 
53 3.270679 0.000000 4.858840 98.053113 0.000000 -5.582424 0.035442 
54 -1.821755 0.000000 9.579295 99.238621 0.000000 -6.852456 0.010474 
55 0.724462 0.000000 -2.221842 102.781214 0.000000 -6.914362 -0.061179 
56 -1.821755 0.000000 -2.221842 100.816423 0.000000 -7.831127 -0.022528 
57 0.724462 0.000000 -4.582069 101.419471 0.000000 -6.620764 -0.032974 
58 3.270679 0.000000 -2.221842 103.812504 0.000000 -2.895573 -0.078542 
59 0.724462 0.000000 0.138385 104.056871 0.000000 -0.160666 -0.082786 
60 8.363113 0.000000 4.858840 99.103483 0.000000 -4.555175 0.015775 
61 13.455547 0.000000 4.858840 99.642651 0.000000 -4.636246 0.004985 
62 8.363113 0.000000 9.579295 99.328697 0.000000 -5.933222 0.009861 
63 5.816896 0.000000 -2.221842 102.106663 0.000000 0.250141 -0.042583 
64 5.816896 0.000000 -4.582069 101.120264 0.000000 -4.440965 -0.024503 
65 8.363113 0.000000 -2.221842 101.335131 0.000000 2.691764 -0.027605 
66 5.816896 0.000000 0.138385 99.433876 0.000000 0.243599 0.011284 
67 0.724462 0.000000 2.498613 97.126198 0.000000 -6.909784 0.051876 
68 -1.821755 0.000000 2.498613 98.658703 0.000000 -7.678056 0.020751 
69 3.270679 0.000000 2.498613 96.609350 0.000000 -4.636631 0.064514 
70 0.724462 0.000000 4.858840 98.218005 0.000000 -6.599180 0.030967 
71 1.997570 0.000000 -1.041728 110.044152 0.000000 0.382110 -0.210986 
72 0.724462 0.000000 -1.041728 103.432302 0.000000 -6.083706 -0.073525 
73 1.997570 0.000000 -2.221842 103.916015 0.000000 -5.286626 -0.082649 
74 3.270679 0.000000 -1.041728 104.348392 0.000000 2.322400 -0.089398 
75 1.997570 0.000000 0.138385 95.207605 0.000000 0.155395 0.093549 
76 -27.283925 0.000000 -9.302524 99.779867 0.000000 -7.008868 -0.000515 
77 -37.468793 0.000000 -9.302524 99.767181 0.000000 -6.996005 -0.000243 
78 -27.283925 0.000000 -18.743433 99.789039 0.000000 -6.993931 -0.000677 
79 -27.283925 0.000000 0.138385 99.757548 0.000000 -7.016651 -0.000080 
80 -12.006623 0.000000 -4.582069 99.847747 0.000000 -7.118626 -0.002025 
81 -17.099057 0.000000 -4.582069 99.797542 0.000000 -7.058120 -0.000937 
82 -12.006623 0.000000 -9.302524 99.883720 0.000000 -7.051834 -0.002649 
83 -12.006623 0.000000 0.138385 99.754697 0.000000 -7.159303 -0.000226 
84 -4.367972 0.000000 -2.221842 100.101835 0.000000 -7.532986 -0.007712 
85 -6.914189 0.000000 -2.221842 99.909771 0.000000 -7.317295 -0.003551 
86 -4.367972 0.000000 -4.582069 100.240620 0.000000 -7.278518 -0.010116 
87 -4.367972 0.000000 0.138385 99.715281 0.000000 -7.665310 -0.000189 
88 -0.548647 0.000000 -1.041728 102.645540 0.000000 -8.452525 -0.060755 
89 -1.821755 0.000000 -1.041728 100.545043 0.000000 -8.400169 -0.017987 
90 -0.548647 0.000000 -2.221842 101.708692 0.000000 -7.652719 -0.040322 
91 -0.548647 0.000000 0.138385 98.231169 0.000000 -13.170268 0.017718 
92 5.816896 0.000000 2.498613 98.151622 0.000000 -3.485492 0.035411 
93 8.363113 0.000000 2.498613 99.127615 0.000000 -3.511779 0.016138 
94 5.816896 0.000000 4.858840 98.550607 0.000000 -4.804112 0.026470 
95 1.997570 0.000000 1.318499 94.891163 0.000000 -6.502038 0.095339 
96 0.724462 0.000000 1.318499 96.671225 0.000000 -7.073494 0.060464 
97 3.270679 0.000000 1.318499 95.321217 0.000000 -4.089620 0.089714 
98 1.997570 0.000000 2.498613 96.488479 0.000000 -5.902820 0.065513 
99 1.361016 0.000000 -0.451671 110.355374 0.000000 -0.168980 -0.217834 
100 0.724462 0.000000 -0.451671 106.136420 0.000000 -1.352573 -0.126677 
101 1.361016 0.000000 -1.041728 110.198760 0.000000 -0.701814 -0.214426 
102 1.997570 0.000000 -0.451671 109.444219 0.000000 0.474968 -0.197826 
103 1.361016 0.000000 0.138385 102.213826 0.000000 -0.033444 -0.044767 
104 4.543787 0.000000 -1.041728 103.120442 0.000000 2.084979 -0.063817 
105 4.543787 0.000000 -2.221842 102.900401 0.000000 -1.094835 -0.058969 
106 5.816896 0.000000 -1.041728 102.836778 0.000000 2.350515 -0.058093 
107 4.543787 0.000000 0.138385 101.962872 0.000000 0.641260 -0.039684 
108 2.634124 0.000000 -0.451671 106.794796 0.000000 1.952643 -0.140894 
109 2.634124 0.000000 -1.041728 108.438807 0.000000 0.941794 -0.175986 
110 3.270679 0.000000 -0.451671 104.360284 0.000000 1.949506 -0.089487 
111 2.634124 0.000000 0.138385 98.673680 0.000000 0.337108 0.026339 
112 -27.283925 0.000000 9.579295 99.735369 0.000000 -7.008855 0.000373 
113 -37.468793 0.000000 9.579295 99.747367 0.000000 -6.996073 0.000152 
114 -27.283925 0.000000 19.020204 99.726302 0.000000 -6.994155 0.000575 
115 -12.006623 0.000000 4.858840 99.662048 0.000000 -7.123237 0.001674 
116 -17.099057 0.000000 4.858840 99.717638 0.000000 -7.057355 0.000659 
117 -12.006623 0.000000 9.579295 99.632990 0.000000 -7.049236 0.002358 
118 -4.367972 0.000000 2.498613 99.362817 0.000000 -7.493272 0.007088 
119 -6.914189 0.000000 2.498613 99.582698 0.000000 -7.305214 0.002992 
120 -4.367972 0.000000 4.858840 99.262210 0.000000 -7.243679 0.009454 
121 -0.548647 0.000000 1.318499 97.295100 0.000000 -8.001743 0.046964 
122 -1.821755 0.000000 1.318499 98.776595 0.000000 -8.181619 0.017625 
123 -0.548647 0.000000 2.498613 97.924287 0.000000 -7.483756 0.035483 
124 1.361016 0.000000 0.728442 110.219890 0.000000 -0.697881 -0.214891 
125 0.724462 0.000000 0.728442 98.103128 0.000000 -9.166418 0.029175 
126 1.997570 0.000000 0.728442 110.042951 0.000000 0.391880 -0.210960 
127 1.361016 0.000000 1.318499 95.900910 0.000000 -7.303544 0.074967 
128 1.679293 0.000000 -0.156643 97.586103 0.000000 0.043964 0.047695 
129 1.361016 0.000000 -0.156643 102.825085 0.000000 -0.050024 -0.057300 
130 1.679293 0.000000 -0.451671 109.881221 0.000000 0.180252 -0.207392 
131 1.997570 0.000000 -0.156643 102.776585 0.000000 -0.287010 -0.056311 
132 1.679293 0.000000 0.138385 97.155899 0.000000 0.048450 0.056073 
133 4.543787 0.000000 1.318499 96.961947 0.000000 -3.109917 0.058871 
134 5.816896 0.000000 1.318499 98.170264 0.000000 -3.307950 0.035166 
135 4.543787 0.000000 2.498613 97.360186 0.000000 -3.814329 0.050645 
136 2.634124 0.000000 0.728442 108.422889 0.000000 0.939113 -0.175640 
137 3.270679 0.000000 0.728442 104.350590 0.000000 2.321533 -0.089444 
138 2.634124 0.000000 1.318499 94.769682 0.000000 -5.176004 0.099192 
139 2.315847 0.000000 -0.156643 103.891998 0.000000 1.436069 -0.079561 
140 2.315847 0.000000 -0.451671 112.114079 0.000000 1.765363 -0.257268 
141 2.634124 0.000000 -0.156643 101.454845 0.000000 1.267764 -0.029469 
142 2.315847 0.000000 0.138385 97.376777 0.000000 0.272419 0.051769 
143 3.907233 0.000000 -0.451671 102.866298 0.000000 1.928573 -0.058519 
144 3.907233 0.000000 -1.041728 102.956124 0.000000 1.986292 -0.060391 
145 4.543787 0.000000 -0.451671 103.066792 0.000000 2.078296 -0.062708 
146 3.907233 0.000000 0.138385 101.555593 0.000000 0.677032 -0.031400 
147 2.952401 0.000000 -0.156643 101.151812 0.000000 1.039752 -0.023277 
148 2.952401 0.000000 -0.451671 105.239449 0.000000 1.713538 -0.107828 
149 3.270679 0.000000 -0.156643 101.200330 0.000000 0.973904 -0.024246 
150 2.952401 0.000000 0.138385 99.768777 0.000000 0.396573 0.004603 
151 3.907233 0.000000 0.728442 102.958506 0.000000 1.987604 -0.060440 
152 4.543787 0.000000 0.728442 103.119880 0.000000 2.085254 -0.063806 
153 3.907233 0.000000 1.318499 96.130179 0.000000 -3.402121 0.074741 
154 3.588956 0.000000 -0.156643 101.494939 0.000000 1.007835 -0.030224 
155 3.588956 0.000000 -0.451671 103.245441 0.000000 2.037050 -0.066377 
156 3.907233 0.000000 -0.156643 101.825038 0.000000 0.939307 -0.036922 
157 3.588956 0.000000 0.138385 101.086884 0.000000 0.653465 -0.021899 
158 33.825283 0.000000 -9.302524 99.877573 0.000000 -5.451490 -0.000525 
159 33.825283 0.000000 -18.743433 99.814391 0.000000 -6.510418 -0.000530 
160 44.010151 0.000000 -9.302524 99.881344 0.000000 -5.271178 -0.000407 
161 33.825283 0.000000 0.138385 99.974693 0.000000 -3.748166 -0.000899 
162 18.547981 0.000000 -4.582069 100.051430 0.000000 -3.465438 -0.002230 
163 18.547981 0.000000 -9.302524 99.943226 0.000000 -5.637134 -0.002043 
164 23.640415 0.000000 -4.582069 100.054434 0.000000 -2.985541 -0.001980 
165 18.547981 0.000000 0.138385 99.504740 0.000000 -10.043588 -0.000207 
166 10.909330 0.000000 -2.221842 100.982576 0.000000 5.690060 -0.022986 
167 10.909330 0.000000 -4.582069 100.300463 0.000000 -3.879659 -0.007523 
168 13.455547 0.000000 -2.221842 100.755239 0.000000 7.484738 -0.020764 
169 10.909330 0.000000 0.138385 99.043492 0.000000 -3.337055 0.017925 
170 7.090004 0.000000 -1.041728 101.926927 0.000000 6.710751 -0.043413 
171 7.090004 0.000000 -2.221842 101.615104 0.000000 1.474312 -0.032780 
172 8.363113 0.000000 -1.041728 101.424633 0.000000 3.937445 -0.030246 
173 7.090004 0.000000 0.138385 100.509258 0.000000 6.100763 -0.013933 
174 5.180341 0.000000 -0.451671 103.206292 0.000000 2.180222 -0.065629 
175 5.180341 0.000000 -1.041728 103.270332 0.000000 2.236588 -0.066976 
176 5.816896 0.000000 -0.451671 100.235697 0.000000 0.705196 -0.004769 
177 5.180341 0.000000 0.138385 101.865895 0.000000 0.439275 -0.037685 
178 33.825283 0.000000 9.579295 99.793700 0.000000 -6.047940 0.000464 
179 44.010151 0.000000 9.579295 99.801945 0.000000 -6.137784 0.000190 
180 33.825283 0.000000 19.020204 99.746101 0.000000 -6.631950 0.000673 
181 18.547981 0.000000 4.858840 99.797239 0.000000 -4.807011 0.001740 
182 23.640415 0.000000 4.858840 99.844142 0.000000 -4.956693 0.000658 
183 18.547981 0.000000 9.579295 99.698966 0.000000 -5.874750 0.002560 
184 10.909330 0.000000 2.498613 99.523445 0.000000 -3.597882 0.008214 
185 13.455547 0.000000 2.498613 99.748537 0.000000 -3.702100 0.003652 
186 10.909330 0.000000 4.858840 99.452892 0.000000 -4.564736 0.008829 
187 7.090004 0.000000 1.318499 98.928405 0.000000 -3.842256 0.019841 
188 8.363113 0.000000 1.318499 99.334485 0.000000 -4.599766 0.011150 
189 7.090004 0.000000 2.498613 98.739425 0.000000 -3.445612 0.023865 
190 5.180341 0.000000 0.728442 103.270551 0.000000 2.236326 -0.066981 
191 5.816896 0.000000 0.728442 102.836797 0.000000 2.350516 -0.058093 
192 5.180341 0.000000 1.318499 97.651008 0.000000 -3.134352 0.045446 
193 4.862064 0.000000 -0.156643 102.781676 0.000000 1.047654 -0.056517 
194 4.543787 0.000000 -0.156643 102.561790 0.000000 1.157534 -0.052026 
195 4.862064 0.000000 -0.451671 103.144303 0.000000 2.125294 -0.064326 
196 5.180341 0.000000 -0.156643 101.797562 0.000000 0.526096 -0.036302 
197 4.862064 0.000000 0.138385 102.563456 0.000000 0.610197 -0.051963 
198 6.453450 0.000000 -0.451671 98.761058 0.000000 -0.000000 0.024625 
199 6.453450 0.000000 -1.041728 102.710514 0.000000 7.958386 -0.061279 
200 7.090004 0.000000 -0.451671 99.644860 0.000000 -3.516521 0.005854 
201 6.453450 0.000000 0.138385 98.913149 0.000000 -0.000000 0.021619 
202 13.455547 0.000000 -28.184342 99.841022 0.000000 -6.818728 -0.001472 
203 3.270679 0.000000 -28.184342 99.854893 0.000000 -6.879760 -0.001833 
204 13.455547 0.000000 -37.625251 99.808289 0.000000 -6.892342 -0.000920 
205 23.640415 0.000000 -28.184342 99.815789 0.000000 -6.782948 -0.000920 
206 8.363113 0.000000 -14.022978 100.067992 0.000000 -6.437323 -0.005504 
207 3.270679 0.000000 -14.022978 100.118254 0.000000 -6.638607 -0.006774 
208 8.363113 0.000000 -18.743433 99.952076 0.000000 -6.672950 -0.003495 
209 13.455547 0.000000 -14.022978 99.973367 0.000000 -6.324697 -0.003468 
210 5.816896 0.000000 -6.942296 100.675188 0.000000 -5.533538 -0.016611 
211 3.270679 0.000000 -6.942296 100.872213 0.000000 -6.022910 -0.021148 
212 5.816896 0.000000 -9.302524 100.392544 0.000000 -6.059448 -0.011538 
213 8.363113 0.000000 -6.942296 100.413983 0.000000 -5.261404 -0.011065 
214 4.543787 0.000000 -3.401955 101.970600 0.000000 -3.800507 -0.041245 
215 3.270679 0.000000 -3.401955 102.409299 0.000000 -4.694647 -0.050970 
216 4.543787 0.000000 -4.582069 101.428709 0.000000 -4.826192 -0.031108 
217 5.816896 0.000000 -3.401955 101.460803 0.000000 -3.235145 -0.030476 
218 5.180341 0.000000 -1.631785 103.343872 0.000000 4.013362 -0.069606 
219 4.543787 0.000000 -1.631785 103.877398 0.000000 2.623145 -0.079739 
220 5.180341 0.000000 -2.221842 102.457346 0.000000 -0.383359 -0.049765 
221 5.816896 0.000000 -1.631785 102.938453 0.000000 5.222615 -0.062360 
222 4.862064 0.000000 -0.746700 103.136732 0.000000 2.115263 -0.064166 
223 4.543787 0.000000 -0.746700 103.052404 0.000000 2.073632 -0.062410 
224 4.862064 0.000000 -1.041728 103.213868 0.000000 2.152757 -0.065774 
225 5.180341 0.000000 -0.746700 103.208227 0.000000 2.172059 -0.065666 
226 5.498618 0.000000 -0.156643 101.221259 0.000000 0.382196 -0.024589 
227 5.498618 0.000000 -0.451671 100.897671 0.000000 0.945163 -0.018123 
228 5.816896 0.000000 -0.156643 99.547285 0.000000 0.296021 0.009025 
229 5.498618 0.000000 0.138385 101.643792 0.000000 0.263442 -0.033153 
230 5.021203 0.000000 -0.304157 102.168553 0.000000 1.551174 -0.044082 
231 4.862064 0.000000 -0.304157 103.257645 0.000000 2.316510 -0.066751 
232 5.021203 0.000000 -0.451671 103.211473 0.000000 2.175527 -0.065734 
233 5.180341 0.000000 -0.304157 101.748188 0.000000 1.323031 -0.035444 
234 5.021203 0.000000 -0.156643 101.241080 0.000000 0.992816 -0.025074 
235 4.225510 0.000000 -0.156643 101.300720 0.000000 0.931182 -0.026270 
236 4.225510 0.000000 -0.451671 102.994834 0.000000 1.914854 -0.061160 
237 4.225510 0.000000 0.138385 100.649944 0.000000 0.655057 -0.013084 
238 4.702926 0.000000 -0.304157 103.723918 0.000000 2.055114 -0.076287 
239 4.543787 0.000000 -0.304157 103.483052 0.000000 2.106252 -0.071318 
240 4.702926 0.000000 -0.451671 103.144155 0.000000 2.110977 -0.064317 
241 4.702926 0.000000 -0.156643 103.898545 0.000000 1.422664 -0.079693 
242 4.862064 0.000000 0.433414 103.135812 0.000000 2.114499 -0.064147 
243 4.543787 0.000000 0.433414 103.128455 0.000000 2.088840 -0.063984 
244 5.180341 0.000000 0.433414 103.208249 0.000000 2.171322 -0.065666 
245 4.862064 0.000000 0.728442 103.213531 0.000000 2.152499 -0.065767 
246 5.021203 0.000000 -0.009129 100.775573 0.000000 0.323714 -0.015582 
247 4.862064 0.000000 -0.009129 102.617933 0.000000 0.511861 -0.053070 
248 5.180341 0.000000 -0.009129 101.900046 0.000000 0.370034 -0.038376 
249 5.021203 0.000000 0.138385 101.063964 0.000000 0.883809 -0.021471 
250 4.941634 0.000000 -0.230400 102.719487 0.000000 1.978974 -0.055521 
251 4.862064 0.000000 -0.230400 103.183367 0.000000 2.037800 -0.065096 
252 4.941634 0.000000 -0.304157 102.725923 0.000000 2.137985 -0.055719 
253 5.021203 0.000000 -0.230400 102.152269 0.000000 1.777871 -0.043825 
254 4.941634 0.000000 -0.156643 102.212844 0.000000 0.729436 -0.044800 
255 4.702926 0.000000 -0.009129 104.590034 0.000000 0.186681 -0.093911 
256 4.543787 0.000000 -0.009129 101.874892 0.000000 0.538207 -0.037878 
257 4.702926 0.000000 0.138385 104.031157 0.000000 0.938846 -0.082336 
258 4.782495 0.000000 -0.230400 103.601522 0.000000 2.104455 -0.073770 
259 4.702926 0.000000 -0.230400 103.716461 0.000000 1.888420 -0.076067 
260 4.782495 0.000000 -0.304157 103.663084 0.000000 2.101740 -0.075045 
261 4.782495 0.000000 -0.156643 103.337466 0.000000 1.360224 -0.068048 
262 -6.914189 0.000000 -28.184342 99.838605 0.000000 -6.940260 -0.001591 
263 -17.099057 0.000000 -28.184342 99.809535 0.000000 -6.972184 -0.001055 
264 -6.914189 0.000000 -37.625251 99.806982 0.000000 -6.947948 -0.000971 
265 -1.821755 0.000000 -14.022978 100.074039 0.000000 -6.852484 -0.006177 
266 -6.914189 0.000000 -14.022978 99.972582 0.000000 -6.974158 -0.004316 
267 -1.821755 0.000000 -18.743433 99.950014 0.000000 -6.875022 -0.003727 
268 0.724462 0.000000 -6.942296 100.775205 0.000000 -6.586727 -0.019903 
269 -1.821755 0.000000 -6.942296 100.490051 0.000000 -6.954280 -0.014661 
270 0.724462 0.000000 -9.302524 100.428948 0.000000 -6.637514 -0.013003 
271 1.997570 0.000000 -3.401955 102.437819 0.000000 -5.819818 -0.052738 
272 0.724462 0.000000 -3.401955 101.964698 0.000000 -6.733604 -0.044214 
273 1.997570 0.000000 -4.582069 101.653092 0.000000 -6.042386 -0.036986 
274 2.634124 0.000000 -1.631785 105.559345 0.000000 -2.526194 -0.114916 
275 1.997570 0.000000 -1.631785 105.318637 0.000000 -4.649609 -0.111363 
276 2.634124 0.000000 -2.221842 104.057444 0.000000 -4.063100 -0.084446 
277 3.270679 0.000000 -1.631785 105.113679 0.000000 -0.574164 -0.104922 
278 2.315847 0.000000 -0.746700 108.782082 0.000000 0.798478 -0.183418 
279 1.997570 0.000000 -0.746700 109.381425 0.000000 0.522799 -0.196457 
280 2.315847 0.000000 -1.041728 109.278881 0.000000 0.701007 -0.194237 
281 2.634124 0.000000 -0.746700 108.018207 0.000000 1.033100 -0.166900 
282 2.156709 0.000000 -0.304157 113.403494 0.000000 0.701236 -0.286084 
283 1.997570 0.000000 -0.304157 112.088915 0.000000 -0.665957 -0.256437 
284 2.156709 0.000000 -0.451671 108.975890 0.000000 0.672960 -0.187620 
285 2.315847 0.000000 -0.304157 114.070874 0.000000 2.757063 -0.301977 
286 2.156709 0.000000 -0.156643 106.607502 0.000000 0.620787 -0.136554 
287 1.361016 0.000000 -1.631785 104.243188 0.000000 -6.186844 -0.090492 
288 0.724462 0.000000 -1.631785 103.243668 0.000000 -6.829522 -0.070590 
289 1.361016 0.000000 -2.221842 103.400057 0.000000 -6.278648 -0.073099 
290 1.679293 0.000000 -0.746700 109.921985 0.000000 0.236484 -0.208290 
291 1.361016 0.000000 -0.746700 110.439328 0.000000 -0.134381 -0.219686 
292 1.679293 0.000000 -1.041728 110.626509 0.000000 -0.059247 -0.223823 
293 1.838432 0.000000 -0.304157 105.147419 0.000000 -0.653922 -0.105641 
294 1.679293 0.000000 -0.304157 103.638834 0.000000 0.116294 -0.074102 
295 1.838432 0.000000 -0.451671 109.375840 0.000000 0.395229 -0.196323 
296 1.838432 0.000000 -0.156643 96.991306 0.000000 0.152562 0.059266 
297 0.087907 0.000000 -0.451671 107.534002 0.000000 -5.346349 -0.159214 
298 -0.548647 0.000000 -0.451671 103.407838 0.000000 -10.888007 -0.081173 
299 0.087907 0.000000 -1.041728 103.641904 0.000000 -6.766699 -0.078743 
300 0.087907 0.000000 0.138385 112.273908 0.000000 -0.000000 -0.260543 
301 1.042739 0.000000 -0.156643 104.480259 0.000000 -0.176374 -0.091616 
302 0.724462 0.000000 -0.156643 104.029240 0.000000 -0.176738 -0.082211 
303 1.042739 0.000000 -0.451671 110.031778 0.000000 -0.731208 -0.210753 
304 1.042739 0.000000 0.138385 103.740233 0.000000 -0.140157 -0.076206 
305 1.520154 0.000000 -0.304157 106.355850 0.000000 0.097067 -0.131158 
306 1.361016 0.000000 -0.304157 106.241490 0.000000 -0.115479 -0.128727 
307 1.520154 0.000000 -0.451671 109.823920 0.000000 0.156836 -0.206132 
308 1.520154 0.000000 -0.156643 100.932725 0.000000 0.049152 -0.018742 
309 1.679293 0.000000 0.433414 109.932670 0.000000 0.251707 -0.208526 
310 1.361016 0.000000 0.433414 110.462705 0.000000 -0.124599 -0.220202 
311 1.997570 0.000000 0.433414 109.367036 0.000000 0.536602 -0.196144 
312 1.679293 0.000000 0.728442 110.645840 0.000000 -0.049749 -0.224250 
313 1.838432 0.000000 -0.009129 92.659093 0.000000 0.078981 0.141429 
314 1.679293 0.000000 -0.009129 96.038502 0.000000 0.034916 0.077660 
315 1.997570 0.000000 -0.009129 93.507562 0.000000 0.111264 0.125632 
316 1.838432 0.000000 0.138385 94.886593 0.000000 0.126440 0.099652 
317 1.758862 0.000000 -0.230400 99.625283 0.000000 0.184665 0.007477 
318 1.679293 0.000000 -0.230400 101.776684 0.000000 0.083642 -0.035850 
319 1.758862 0.000000 -0.304157 103.530716 0.000000 0.252035 -0.071867 
320 1.838432 0.000000 -0.230400 104.173918 0.000000 -1.000954 -0.085321 
321 1.758862 0.000000 -0.156643 98.173526 0.000000 0.138095 0.036194 
322 1.838432 0.000000 -0.599186 109.363091 0.000000 0.423715 -0.196047 
323 1.679293 0.000000 -0.599186 109.901379 0.000000 0.206311 -0.207836 
324 1.838432 0.000000 -0.746700 109.988035 0.000000 0.281178 -0.209745 
325 1.997570 0.000000 -0.599186 109.415694 0.000000 0.497417 -0.197204 
326 1.758862 0.000000 -0.377914 109.915210 0.000000 0.191185 -0.208139 
327 1.679293 0.000000 -0.377914 109.872975 0.000000 0.170310 -0.207210 
328 1.758862 0.000000 -0.451671 109.921837 0.000000 0.201105 -0.208285 
329 1.838432 0.000000 -0.377914 109.380006 0.000000 0.384260 -0.196413 
330 1.918001 0.000000 -0.230400 105.667978 0.000000 -0.917219 -0.116656 
331 1.918001 0.000000 -0.304157 108.456833 0.000000 -0.955178 -0.176380 
332 1.997570 0.000000 -0.230400 108.787196 0.000000 -0.810112 -0.183531 
333 1.918001 0.000000 -0.156643 99.377434 0.000000 -0.260570 0.012406 
334 1.798647 0.000000 -0.267279 104.720429 0.000000 -1.014127 -0.096740 
335 1.758862 0.000000 -0.267279 102.997756 0.000000 0.241423 -0.060860 
336 1.798647 0.000000 -0.304157 103.599863 0.000000 0.262623 -0.073300 
337 1.838432 0.000000 -0.267279 104.992470 0.000000 -1.062494 -0.102455 
338 1.798647 0.000000 -0.230400 103.784127 0.000000 -0.945022 -0.077204 
339 1.918001 0.000000 -0.377914 109.418870 0.000000 0.421156 -0.197267 
340 1.918001 0.000000 -0.451671 109.411564 0.000000 0.431250 -0.197108 
341 1.997570 0.000000 -0.377914 109.454899 0.000000 0.466285 -0.198059 
342 1.878216 0.000000 -0.267279 106.331700 0.000000 -1.135884 -0.130772 
343 1.878216 0.000000 -0.304157 106.452672 0.000000 -0.886183 -0.133296 
344 1.918001 0.000000 -0.267279 106.944387 0.000000 -0.991140 -0.143808 
345 1.878216 0.000000 -0.230400 106.213977 0.000000 -1.104337 -0.128263 
346 1.520154 0.000000 -0.009129 98.798507 0.000000 0.028220 0.023885 
347 1.361016 0.000000 -0.009129 101.595105 0.000000 -0.028088 -0.032157 
348 1.520154 0.000000 0.138385 99.248085 0.000000 0.044450 0.014982 
349 1.758862 0.000000 -0.082886 95.680491 0.000000 0.091617 0.084524 
350 1.679293 0.000000 -0.082886 96.656676 0.000000 0.037866 0.065749 
351 1.838432 0.000000 -0.082886 94.110998 0.000000 0.102833 0.114311 
352 1.758862 0.000000 -0.009129 92.533284 0.000000 0.027356 0.143759 
353 1.798647 0.000000 -0.193522 98.979348 0.000000 0.180465 0.020306 
354 1.758862 0.000000 -0.193522 98.917176 0.000000 0.172845 0.021536 
355 1.838432 0.000000 -0.193522 102.454430 0.000000 -0.537601 -0.049720 
356 1.798647 0.000000 -0.156643 98.122242 0.000000 0.166249 0.037200 
357 1.818539 0.000000 -0.248839 104.750033 0.000000 -1.269294 -0.097418 
358 1.798647 0.000000 -0.248839 104.674386 0.000000 -1.061603 -0.095785 
359 1.818539 0.000000 -0.267279 104.808304 0.000000 -1.090886 -0.098597 
360 1.838432 0.000000 -0.248839 104.949784 0.000000 -1.097706 -0.101566 
361 1.818539 0.000000 -0.230400 104.079713 0.000000 -1.024406 -0.083364 
362 6.453450 0.000000 0.728442 99.019764 0.000000 -5.198862 0.016806 
363 7.090004 0.000000 0.728442 99.246303 0.000000 -5.890732 0.011547 
364 6.453450 0.000000 1.318499 98.587004 0.000000 -3.549608 0.026800 
365 6.135173 0.000000 -0.156643 99.061266 0.000000 0.103614 0.018685 
366 6.135173 0.000000 -0.451671 99.400498 0.000000 0.368591 0.011941 
367 6.453450 0.000000 -0.156643 98.912703 0.000000 -0.000000 0.021628 
368 6.135173 0.000000 0.138385 99.053460 0.000000 0.099500 0.018840 
369 9.636221 0.000000 -1.041728 109.147999 0.000000 9.157283 -0.199714 
370 9.636221 0.000000 -2.221842 101.273408 0.000000 4.241534 -0.027429 
371 10.909330 0.000000 -1.041728 100.033289 0.000000 -3.101911 -0.001628 
372 9.636221 0.000000 0.138385 99.183360 0.000000 -4.496510 0.014244 
373 7.726558 0.000000 -0.451671 99.940102 0.000000 0.100826 0.001197 
374 7.726558 0.000000 -1.041728 101.424196 0.000000 5.219305 -0.031411 
375 8.363113 0.000000 -0.451671 107.109539 0.000000 7.975707 -0.153607 
376 7.726558 0.000000 0.138385 100.915712 0.000000 3.816909 -0.019855 
377 6.771727 0.000000 -0.156643 99.039100 0.000000 -0.000000 0.019126 
378 6.771727 0.000000 -0.451671 100.117860 0.000000 -3.892672 -0.003874 
379 7.090004 0.000000 -0.156643 102.035756 0.000000 42.730425 -0.223718 
380 6.771727 0.000000 0.138385 99.039753 0.000000 -0.000000 0.019113 
381 6.135173 0.000000 0.433414 98.761525 0.000000 0.000000 0.024616 
382 5.816896 0.000000 0.433414 99.844647 0.000000 0.483707 0.003081 
383 6.453450 0.000000 0.433414 98.740638 0.000000 -0.000000 0.025029 
384 6.135173 0.000000 0.728442 98.815172 0.000000 -4.818756 0.021234 
385 6.294311 0.000000 -0.009129 98.660526 0.000000 -0.000000 0.026610 
386 6.135173 0.000000 -0.009129 98.854945 0.000000 0.028845 0.022770 
387 6.294311 0.000000 -0.156643 98.884562 0.000000 -0.000000 0.022184 
388 6.453450 0.000000 -0.009129 101.091070 0.000000 -0.000000 -0.021940 
389 6.294311 0.000000 0.138385 98.883796 0.000000 -0.000000 0.022199 
390 9.636221 0.000000 1.318499 99.305722 0.000000 -4.689895 0.011638 
391 10.909330 0.000000 1.318499 99.436320 0.000000 -4.286328 0.009405 
392 9.636221 0.000000 2.498613 99.352129 0.000000 -3.557167 0.011650 
393 7.726558 0.000000 0.728442 99.482274 0.000000 -6.400463 0.006231 
394 8.363113 0.000000 0.728442 99.621944 0.000000 -7.090345 0.002520 
395 7.726558 0.000000 1.318499 99.201482 0.000000 -4.199730 0.014143 
396 6.771727 0.000000 0.433414 99.683568 0.000000 -5.812525 0.002940 
397 7.090004 0.000000 0.433414 99.751521 0.000000 -6.551195 0.000672 
398 6.771727 0.000000 0.728442 99.161645 0.000000 -5.585849 0.013577 
399 6.612588 0.000000 -0.009129 98.959846 0.000000 -0.000000 0.020695 
400 6.612588 0.000000 -0.156643 98.954301 0.000000 -0.000000 0.020805 
401 6.771727 0.000000 -0.009129 99.042344 0.000000 -0.000000 0.019061 
402 6.612588 0.000000 0.138385 98.955366 0.000000 -0.000000 0.020784 
403 6.294311 0.000000 0.285900 98.888943 0.000000 -0.000000 0.022098 
404 6.135173 0.000000 0.285900 98.905333 0.000000 0.069526 0.021773 
405 6.453450 0.000000 0.285900 98.915325 0.000000 -0.000000 0.021576 
406 6.294311 0.000000 0.433414 98.745971 0.000000 -0.000000 0.024923 
407 6.373881 0.000000 0.064628 98.896419 0.000000 -0.000000 0.021950 
408 6.294311 0.000000 0.064628 98.778816 0.000000 -0.000000 0.024275 
409 6.373881 0.000000 -0.009129 98.656722 0.000000 0.000000 0.026685 
410 6.453450 0.000000 0.064628 98.914590 0.000000 -0.000000 0.021590 
411 6.373881 0.000000 0.138385 98.897133 0.000000 -0.000000 0.021936 
412 7.090004 0.000000 -3.401955 101.044758 0.000000 -2.876934 -0.021832 
413 7.090004 0.000000 -4.582069 100.828619 0.000000 -4.203113 -0.018408 
414 8.363113 0.000000 -3.401955 100.754898 0.000000 -2.590937 -0.015826 
415 6.453450 0.000000 -1.631785 102.626770 0.000000 6.289489 -0.057181 
416 6.453450 0.000000 -2.221842 101.830492 0.000000 0.870593 -0.037021 
417 7.090004 0.000000 -1.631785 102.300069 0.000000 7.084985 -0.051550 
418 6.135173 0.000000 -0.746700 102.592024 0.000000 5.991684 -0.056102 
419 5.816896 0.000000 -0.746700 103.148266 0.000000 2.355951 -0.064512 
420 6.135173 0.000000 -1.041728 103.102519 0.000000 8.420329 -0.070103 
421 6.453450 0.000000 -0.746700 102.104240 0.000000 5.272134 -0.045307 
422 6.294311 0.000000 -0.304157 98.889607 0.000000 -0.000000 0.022085 
423 6.135173 0.000000 -0.304157 99.034337 0.000000 0.142804 0.019218 
424 6.294311 0.000000 -0.451671 98.628642 0.000000 0.000000 0.027239 
425 6.453450 0.000000 -0.304157 98.914946 0.000000 -0.000000 0.021583 
426 6.373881 0.000000 -0.082886 98.896603 0.000000 -0.000000 0.021946 
427 6.294311 0.000000 -0.082886 98.881741 0.000000 -0.000000 0.022240 
428 6.373881 0.000000 -0.156643 98.897391 0.000000 -0.000000 0.021931 
429 6.453450 0.000000 -0.082886 98.914306 0.000000 -0.000000 0.021596 
430 6.612588 0.000000 0.285900 98.972030 0.000000 -0.000000 0.020454 
431 6.771727 0.000000 0.285900 99.136066 0.000000 -0.000000 0.017204 
432 6.612588 0.000000 0.433414 98.945419 0.000000 -0.000000 0.020980 
433 6.533019 0.000000 0.064628 98.935828 0.000000 -0.000000 0.021170 
434 6.533019 0.000000 -0.009129 98.936814 0.000000 -0.000000 0.021151 
435 6.612588 0.000000 0.064628 98.958776 0.000000 -0.000000 0.020716 
436 6.533019 0.000000 0.138385 98.932749 0.000000 -0.000000 0.021231 
437 6.413665 0.000000 0.027750 98.905540 0.000000 -0.000000 0.021769 
438 6.373881 0.000000 0.027750 98.688904 0.000000 0.000000 0.026050 
439 6.413665 0.000000 -0.009129 98.640760 0.000000 -0.000000 0.027000 
440 6.453450 0.000000 0.027750 101.386172 0.000000 -0.000000 -0.027916 
441 6.413665 0.000000 0.064628 98.905485 0.000000 -0.000000 0.021771 
442 6.771727 0.000000 -0.746700 101.561033 0.000000 4.363840 -0.033369 
443 6.771727 0.000000 -1.041728 102.297589 0.000000 7.379501 -0.051925 
444 7.090004 0.000000 -0.746700 101.087301 0.000000 3.241989 -0.022915 
445 6.612588 0.000000 -0.304157 98.971080 0.000000 -0.000000 0.020473 
446 6.612588 0.000000 -0.451671 100.503129 0.000000 -3.640150 -0.011413 
447 6.771727 0.000000 -0.304157 98.948151 0.000000 -0.000000 0.020926 
448 6.533019 0.000000 -0.082886 98.935216 0.000000 -0.000000 0.021182 
449 6.533019 0.000000 -0.156643 98.931807 0.000000 -0.000000 0.021250 
450 6.612588 0.000000 -0.082886 98.958108 0.000000 -0.000000 0.020729 
451 6.413665 0.000000 -0.046007 98.905518 0.000000 -0.000000 0.021770 
452 6.373881 0.000000 -0.046007 98.896269 0.000000 -0.000000 0.021953 
453 6.413665 0.000000 -0.082886 98.905439 0.000000 -0.000000 0.021771 
454 6.453450 0.000000 -0.046007 100.913460 0.000000 -0.000000 -0.018353 
455 6.493234 0.000000 0.027750 101.460242 0.000000 -0.000000 -0.029418 
456 6.493234 0.000000 -0.009129 101.593210 0.000000 -0.000000 -0.032118 
457 6.533019 0.000000 0.027750 98.936643 0.000000 -0.000000 0.021154 
458 6.493234 0.000000 0.064628 98.928659 0.000000 -0.000000 0.021312 
459 6.433558 0.000000 0.009311 100.360468 0.000000 -0.000000 -0.007222 
460 6.413665 0.000000 0.009311 98.641286 0.000000 -0.000000 0.026990 
461 6.433558 0.000000 -0.009129 100.357740 0.000000 -0.000000 -0.007168 
462 6.453450 0.000000 0.009311 101.091899 0.000000 -0.000000 -0.021957 
463 6.433558 0.000000 0.027750 101.225340 0.000000 -0.000000 -0.024657 
464 5.976034 0.000000 -0.009129 99.030250 0.000000 0.087061 0.019300 
465 5.816896 0.000000 -0.009129 99.046269 0.000000 0.058301 0.018983 
466 5.976034 0.000000 -0.156643 99.231279 0.000000 0.191422 0.015312 
467 5.976034 0.000000 0.138385 99.136804 0.000000 0.144660 0.017187 
468 6.214742 0.000000 0.064628 98.885046 0.000000 0.032924 0.022175 
469 6.135173 0.000000 0.064628 98.964384 0.000000 0.063552 0.020605 
470 6.214742 0.000000 -0.009129 98.785695 0.000000 0.010727 0.024139 
471 6.214742 0.000000 0.138385 98.964575 0.000000 0.051185 0.020601 
472 6.334096 0.000000 0.027750 98.692054 0.000000 0.000000 0.025988 
473 6.294311 0.000000 0.027750 98.719917 0.000000 -0.000000 0.025438 
474 6.334096 0.000000 -0.009129 98.652599 0.000000 0.000000 0.026766 
475 6.334096 0.000000 0.064628 98.888267 0.000000 -0.000000 0.022111 
476 5.498618 0.000000 0.433414 100.623979 0.000000 0.818429 -0.012585 
477 5.498618 0.000000 0.728442 103.153698 0.000000 2.355970 -0.064624 
478 5.657757 0.000000 -0.009129 99.449880 0.000000 0.063862 0.010972 
479 5.498618 0.000000 -0.009129 101.931594 0.000000 0.205529 -0.039009 
480 5.657757 0.000000 -0.156643 99.679187 0.000000 0.346532 0.006394 
481 5.657757 0.000000 0.138385 99.649389 0.000000 0.329465 0.006989 
482 5.976034 0.000000 0.285900 99.242972 0.000000 0.212122 0.015079 
483 5.816896 0.000000 0.285900 99.500714 0.000000 0.281741 0.009953 
484 5.976034 0.000000 0.433414 99.491489 0.000000 0.366074 0.010131 
485 5.896465 0.000000 0.064628 99.176383 0.000000 0.143056 0.016402 
486 5.816896 0.000000 0.064628 99.235834 0.000000 0.151687 0.015223 
487 5.896465 0.000000 -0.009129 99.046889 0.000000 0.078809 0.018971 
488 5.976034 0.000000 0.064628 99.016365 0.000000 0.085196 0.019575 
489 5.896465 0.000000 0.138385 99.318864 0.000000 0.210788 0.013572 
490 5.657757 0.000000 0.285900 99.807188 0.000000 0.408994 0.003836 
491 5.498618 0.000000 0.285900 100.238921 0.000000 0.603081 -0.004821 
492 5.657757 0.000000 0.433414 100.154638 0.000000 0.578874 -0.003129 
493 5.737326 0.000000 0.064628 99.365525 0.000000 0.192830 0.012646 
494 5.657757 0.000000 0.064628 99.437468 0.000000 0.210818 0.011215 
495 5.737326 0.000000 -0.009129 99.138786 0.000000 0.078242 0.017150 
496 5.737326 0.000000 0.138385 99.606748 0.000000 0.312064 0.007840 
497 5.339480 0.000000 -0.009129 103.757285 0.000000 0.174180 -0.076560 
498 5.339480 0.000000 -0.156643 101.866318 0.000000 0.467278 -0.037697 
499 5.339480 0.000000 0.138385 101.924620 0.000000 0.408192 -0.038879 
500 5.578188 0.000000 0.064628 101.402342 0.000000 0.218397 -0.028248 
501 5.498618 0.000000 0.064628 101.835652 0.000000 0.222789 -0.037055 
502 5.578188 0.000000 -0.009129 100.040705 0.000000 0.081099 -0.000815 
503 5.578188 0.000000 0.138385 101.256202 0.000000 0.224992 -0.025287 
504 5.339480 0.000000 0.285900 100.605790 0.000000 0.791350 -0.012215 
505 5.180341 0.000000 0.285900 101.621286 0.000000 1.242998 -0.032843 
506 5.339480 0.000000 0.433414 102.259244 0.000000 1.667080 -0.045973 
507 5.419049 0.000000 0.064628 102.390646 0.000000 0.245514 -0.048390 
508 5.339480 0.000000 0.064628 102.517303 0.000000 0.273000 -0.050987 
509 5.419049 0.000000 -0.009129 102.721887 0.000000 0.217115 -0.055183 
510 5.419049 0.000000 0.138385 101.759199 0.000000 0.393859 -0.035509 
511 5.498618 0.000000 -0.746700 103.249222 0.000000 2.315115 -0.066576 
512 5.498618 0.000000 -1.041728 103.255602 0.000000 2.313903 -0.066707 
513 5.657757 0.000000 -0.304157 99.867945 0.000000 0.443489 0.002620 
514 5.498618 0.000000 -0.304157 100.326468 0.000000 0.652520 -0.006583 
515 5.657757 0.000000 -0.451671 100.252983 0.000000 0.635200 -0.005106 
516 5.816896 0.000000 -0.304157 99.714914 0.000000 0.377532 0.005679 
517 5.578188 0.000000 -0.082886 101.376959 0.000000 0.229543 -0.027734 
518 5.498618 0.000000 -0.082886 101.791363 0.000000 0.237613 -0.036154 
519 5.578188 0.000000 -0.156643 100.624769 0.000000 0.382386 -0.012549 
520 5.657757 0.000000 -0.082886 99.639103 0.000000 0.323112 0.007194 
521 5.538403 0.000000 0.027750 100.771664 0.000000 0.130551 -0.015495 
522 5.498618 0.000000 0.027750 101.912556 0.000000 0.208227 -0.038621 
523 5.538403 0.000000 -0.009129 100.033679 0.000000 0.068848 -0.000674 
524 5.578188 0.000000 0.027750 100.620203 0.000000 0.134877 -0.012444 
525 5.538403 0.000000 0.064628 101.578529 0.000000 0.213931 -0.031824 
526 5.339480 0.000000 -0.304157 101.004893 0.000000 0.987883 -0.020296 
527 5.339480 0.000000 -0.451671 103.254777 0.000000 2.247105 -0.066660 
528 5.419049 0.000000 -0.082886 102.277864 0.000000 0.264694 -0.046083 
529 5.339480 0.000000 -0.082886 102.306313 0.000000 0.320002 -0.046668 
530 5.419049 0.000000 -0.156643 101.696487 0.000000 0.424505 -0.034236 
531 5.458834 0.000000 0.027750 102.126693 0.000000 0.216217 -0.042991 
532 5.419049 0.000000 0.027750 102.640271 0.000000 0.222785 -0.053507 
533 5.458834 0.000000 -0.009129 102.153372 0.000000 0.213776 -0.043536 
534 5.458834 0.000000 0.064628 102.019958 0.000000 0.230453 -0.040812 
535 5.538403 0.000000 -0.046007 101.619355 0.000000 0.209228 -0.032654 
536 5.498618 0.000000 -0.046007 101.881193 0.000000 0.217181 -0.037982 
537 5.538403 0.000000 -0.082886 101.540829 0.000000 0.226997 -0.031059 
538 5.578188 0.000000 -0.046007 100.801773 0.000000 0.156934 -0.016102 
539 5.518511 0.000000 0.009311 100.029459 0.000000 0.064825 -0.000590 
540 5.498618 0.000000 0.009311 101.931179 0.000000 0.205014 -0.039001 
541 5.518511 0.000000 -0.009129 100.022151 0.000000 0.064410 -0.000443 
542 5.538403 0.000000 0.009311 100.036445 0.000000 0.068915 -0.000730 
543 5.518511 0.000000 0.027750 101.826202 0.000000 0.206558 -0.036862 
544 16.001764 0.000000 -2.221842 100.926831 0.000000 9.485654 -0.027620 
545 16.001764 0.000000 -4.582069 100.074270 0.000000 -3.636404 -0.002808 
546 18.547981 0.000000 -2.221842 101.356113 0.000000 15.813075 -0.052311 
547 16.001764 0.000000 0.138385 99.246105 0.000000 -13.384213 -0.002893 
548 12.182438 0.000000 -1.041728 92.854565 0.000000 -21.648337 0.090938 
549 12.182438 0.000000 -2.221842 100.841483 0.000000 6.748637 -0.021455 
550 13.455547 0.000000 -1.041728 99.371680 0.000000 -6.319646 0.008533 
551 12.182438 0.000000 0.138385 99.576367 0.000000 -3.582669 0.007171 
552 -27.283925 0.000000 -28.184342 99.787741 0.000000 -6.982320 -0.000635 
553 -37.468793 0.000000 -28.184342 99.775037 0.000000 -6.983959 -0.000383 
554 -27.283925 0.000000 -37.625251 99.782824 0.000000 -6.975853 -0.000527 
555 33.825283 0.000000 -28.184342 99.797298 0.000000 -6.765330 -0.000527 
556 33.825283 0.000000 -37.625251 99.787333 0.000000 -6.860327 -0.000458 
557 44.010151 0.000000 -28.184342 99.786939 0.000000 -6.754092 -0.000305 
558 -12.006623 0.000000 -14.022978 99.878685 0.000000 -7.003275 -0.002480 
559 -17.099057 0.000000 -14.022978 99.829804 0.000000 -7.009504 -0.001512 
560 -12.006623 0.000000 -18.743433 99.859937 0.000000 -6.977307 -0.002069 
561 18.547981 0.000000 -14.022978 99.901013 0.000000 -6.274069 -0.001958 
562 18.547981 0.000000 -18.743433 99.870916 0.000000 -6.565692 -0.001731 
563 23.640415 0.000000 -14.022978 99.860641 0.000000 -6.248891 -0.001120 
564 -4.367972 0.000000 -6.942296 100.218017 0.000000 -7.091384 -0.009394 
565 -6.914189 0.000000 -6.942296 100.041879 0.000000 -7.119367 -0.005906 
566 -4.367972 0.000000 -9.302524 100.148149 0.000000 -6.991302 -0.007853 
567 10.909330 0.000000 -6.942296 100.213059 0.000000 -5.138513 -0.006906 
568 10.909330 0.000000 -9.302524 100.138342 0.000000 -5.760642 -0.006087 
569 13.455547 0.000000 -6.942296 100.085880 0.000000 -5.078661 -0.004298 
570 -0.548647 0.000000 -3.401955 101.346927 0.000000 -7.257658 -0.032387 
571 -1.821755 0.000000 -3.401955 100.803337 0.000000 -7.451121 -0.021683 
572 -0.548647 0.000000 -4.582069 101.063774 0.000000 -7.006871 -0.026298 
573 0.087907 0.000000 -1.631785 102.671481 0.000000 -7.339820 -0.059531 
574 -0.548647 0.000000 -1.631785 102.013140 0.000000 -7.920960 -0.046942 
575 0.087907 0.000000 -2.221842 102.228959 0.000000 -7.334658 -0.050456 
576 1.042739 0.000000 -0.746700 108.181846 0.000000 -1.238732 -0.170485 
577 0.724462 0.000000 -0.746700 105.125316 0.000000 -1.320996 -0.105308 
578 1.042739 0.000000 -1.041728 106.146998 0.000000 -1.352927 -0.126902 
579 3.907233 0.000000 -1.631785 104.475479 0.000000 1.090362 -0.091631 
580 3.907233 0.000000 -2.221842 103.373559 0.000000 -1.911116 -0.068975 
581 2.952401 0.000000 -0.746700 107.184253 0.000000 1.195766 -0.148989 
582 2.952401 0.000000 -1.041728 108.100453 0.000000 1.608559 -0.168830 
583 3.270679 0.000000 -0.746700 106.501730 0.000000 1.935783 -0.134637 
584 0.087907 0.000000 0.728442 95.828343 0.000000 -7.366033 0.076267 
585 -0.548647 0.000000 0.728442 96.566942 0.000000 -9.033450 0.059322 
586 0.087907 0.000000 1.318499 96.739959 0.000000 -7.258972 0.058869 
587 1.042739 0.000000 0.433414 108.190351 0.000000 -1.238387 -0.170669 
588 0.724462 0.000000 0.433414 104.746889 0.000000 -1.296606 -0.097359 
589 1.042739 0.000000 0.728442 105.126144 0.000000 -1.321050 -0.105325 
590 2.315847 0.000000 0.433414 108.751345 0.000000 0.803502 -0.182750 
591 2.634124 0.000000 0.433414 107.995039 0.000000 1.029337 -0.166399 
592 2.315847 0.000000 0.728442 109.261640 0.000000 0.705061 -0.193860 
593 2.952401 0.000000 0.433414 107.180516 0.000000 1.188338 -0.148908 
594 3.270679 0.000000 0.433414 105.716982 0.000000 2.198560 -0.118091 
595 2.952401 0.000000 0.728442 108.078751 0.000000 1.970283 -0.168490 
596 2.156709 0.000000 -0.009129 93.669303 0.000000 0.144487 0.122604 
597 2.315847 0.000000 -0.009129 95.714265 0.000000 0.204401 0.083874 
598 2.156709 0.000000 0.138385 96.408602 0.000000 0.231252 0.070533 
599 3.588956 0.000000 -0.746700 103.903349 0.000000 2.188697 -0.080070 
600 3.588956 0.000000 -1.041728 103.021579 0.000000 2.030486 -0.061757 
601 3.907233 0.000000 -0.746700 103.063984 0.000000 2.108303 -0.062663 
602 4.225510 0.000000 -0.746700 102.983081 0.000000 2.060117 -0.060976 
603 4.225510 0.000000 -1.041728 103.009661 0.000000 2.044911 -0.061517 
604 3.588956 0.000000 0.433414 103.911152 0.000000 2.190156 -0.080232 
605 3.907233 0.000000 0.433414 102.932581 0.000000 2.041158 -0.059928 
606 3.588956 0.000000 0.728442 102.925317 0.000000 2.017495 -0.059769 
607 4.225510 0.000000 0.433414 103.015933 0.000000 2.042255 -0.061645 
608 4.225510 0.000000 0.728442 103.009902 0.000000 2.046029 -0.061523 
609 16.001764 0.000000 -6.942296 100.010554 0.000000 -5.040661 -0.002752 
610 16.001764 0.000000 -9.302524 99.985140 0.000000 -5.663775 -0.002911 
611 18.547981 0.000000 -6.942296 99.973822 0.000000 -4.993562 -0.001970 
612 9.636221 0.000000 -3.401955 100.558289 0.000000 -2.347682 -0.011748 
613 9.636221 0.000000 -4.582069 100.425705 0.000000 -3.956468 -0.010098 
614 10.909330 0.000000 -3.401955 100.416664 0.000000 -2.113778 -0.008797 
615 12.182438 0.000000 -3.401955 100.316619 0.000000 -1.889223 -0.006699 
616 12.182438 0.000000 -4.582069 100.209908 0.000000 -3.816514 -0.005659 
617 13.455547 0.000000 -3.401955 100.254303 0.000000 -1.666194 -0.005370 
618 7.726558 0.000000 -1.631785 102.056645 0.000000 7.546718 -0.047251 
619 7.726558 0.000000 -2.221842 101.446506 0.000000 2.056004 -0.029562 
620 8.363113 0.000000 -1.631785 101.909808 0.000000 7.761312 -0.044585 
621 16.001764 0.000000 2.498613 99.847748 0.000000 -3.840011 0.001568 
622 18.547981 0.000000 2.498613 99.888906 0.000000 -3.957930 0.000654 
623 16.001764 0.000000 4.858840 99.745814 0.000000 -4.727344 0.002842 
624 12.182438 0.000000 1.318499 99.644635 0.000000 -3.935623 0.005546 
625 13.455547 0.000000 1.318499 99.778542 0.000000 -3.745606 0.003021 
626 12.182438 0.000000 2.498613 99.655059 0.000000 -3.638243 0.005563 
627 5.021203 0.000000 0.285900 102.020488 0.000000 1.456051 -0.041030 
628 4.862064 0.000000 0.285900 102.964968 0.000000 1.215427 -0.060326 
629 5.021203 0.000000 0.433414 103.211796 0.000000 2.166570 -0.065737 
630 2.156709 0.000000 -0.599186 109.441324 0.000000 0.593651 -0.197776 
631 2.156709 0.000000 -0.746700 109.394271 0.000000 0.607116 -0.196748 
632 2.315847 0.000000 -0.599186 108.848864 0.000000 0.795894 -0.184871 
633 1.520154 0.000000 -0.599186 109.847519 0.000000 0.181120 -0.206651 
634 1.361016 0.000000 -0.599186 110.393773 0.000000 -0.153363 -0.218681 
635 1.520154 0.000000 -0.746700 110.477016 0.000000 -0.123052 -0.220519 
636 1.918001 0.000000 -0.082886 94.007926 0.000000 0.109401 0.116250 
637 1.997570 0.000000 -0.082886 94.120919 0.000000 0.123203 0.114124 
638 1.918001 0.000000 -0.009129 93.416028 0.000000 0.099575 0.127344 
639 1.878216 0.000000 -0.193522 103.341471 0.000000 -0.721922 -0.067998 
640 1.918001 0.000000 -0.193522 103.717967 0.000000 -0.720869 -0.075794 
641 1.878216 0.000000 -0.156643 95.576700 0.000000 0.133237 0.086508 
642 5.976034 0.000000 -0.304157 99.392020 0.000000 0.286354 0.012114 
643 5.976034 0.000000 -0.451671 99.826780 0.000000 0.545798 0.003432 
644 6.214742 0.000000 -0.082886 98.959612 0.000000 0.049678 0.020699 
645 6.135173 0.000000 -0.082886 98.979837 0.000000 0.069165 0.020299 
646 6.214742 0.000000 -0.156643 98.969104 0.000000 0.053360 0.020511 
647 6.334096 0.000000 -0.046007 98.760075 0.000000 0.000000 0.024645 
648 6.294311 0.000000 -0.046007 98.755668 0.000000 -0.000000 0.024732 
649 6.334096 0.000000 -0.082886 98.888647 0.000000 -0.000000 0.022104 
650 6.493234 0.000000 -0.046007 101.307031 0.000000 -0.000000 -0.026311 
651 6.493234 0.000000 -0.082886 98.928191 0.000000 -0.000000 0.021321 
652 6.533019 0.000000 -0.046007 98.936315 0.000000 -0.000000 0.021161 
653 6.055603 0.000000 0.064628 99.010119 0.000000 0.078312 0.019699 
654 6.055603 0.000000 -0.009129 98.963702 0.000000 0.060359 0.020618 
655 6.055603 0.000000 0.138385 99.102931 0.000000 0.145454 0.017859 
656 5.737326 0.000000 -0.082886 99.547988 0.000000 0.288350 0.009011 
657 5.737326 0.000000 -0.156643 99.633843 0.000000 0.327341 0.007299 
658 5.816896 0.000000 -0.082886 99.328622 0.000000 0.194675 0.013379 
659 5.458834 0.000000 -0.046007 102.081958 0.000000 0.225185 -0.042078 
660 5.419049 0.000000 -0.046007 102.520512 0.000000 0.236457 -0.051051 
661 5.458834 0.000000 -0.082886 101.958573 0.000000 0.245799 -0.039561 
662 4.702926 0.000000 0.285900 103.894420 0.000000 1.483731 -0.079625 
663 4.543787 0.000000 0.285900 103.058637 0.000000 2.076042 -0.062539 
664 4.702926 0.000000 0.433414 103.133862 0.000000 2.102973 -0.064102 
665 5.896465 0.000000 -0.082886 99.201577 0.000000 0.155396 0.015902 
666 5.896465 0.000000 -0.156643 99.335191 0.000000 0.220013 0.013247 
667 5.976034 0.000000 -0.082886 99.083437 0.000000 0.118029 0.018246 
668 6.055603 0.000000 -0.082886 99.073406 0.000000 0.100605 0.018445 
669 6.055603 0.000000 -0.156643 99.113592 0.000000 0.151354 0.017647 
1 19 21 9 22 
2 20 19 22 4 
3 28 29 3 30 
4 21 28 30 9 
5 35 37 21 38 
6 36 35 38 19 
7 44 45 28 46 
8 37 44 46 21 
9 51 53 37 54 
10 52 51 54 35 
11 60 61 44 62 
12 53 60 62 37 
13 67 69 53 70 
14 68 67 70 51 
15 11 78 76 77 
16 78 10 24 76 
17 76 24 14 79 
18 77 76 79 6 
19 24 82 80 81 
20 82 23 40 80 
21 80 40 27 83 
22 81 80 83 14 
23 40 86 84 85 
24 86 39 56 84 
25 84 56 43 87 
26 85 84 87 27 
27 56 90 88 89 
28 89 88 91 43 
29 92 93 60 94 
30 69 92 94 53 
31 95 97 69 98 
32 96 95 98 67 
33 6 79 112 113 
34 79 14 36 112 
35 112 36 19 114 
36 113 112 114 20 
37 14 83 115 116 
38 83 27 52 115 
39 115 52 35 117 
40 116 115 117 36 
41 27 87 118 119 
42 87 43 68 118 
43 118 68 51 120 
44 119 118 120 52 
45 43 91 121 122 
46 121 96 67 123 
47 122 121 123 68 
48 124 126 95 127 
49 125 124 127 96 
50 133 134 92 135 
51 97 133 135 69 
52 136 137 97 138 
53 126 136 138 95 
54 140 108 141 139 
55 139 141 111 142 
56 108 148 147 141 
57 148 110 149 147 
58 147 149 5 150 
59 141 147 150 111 
60 151 152 133 153 
61 137 151 153 97 
62 110 155 154 149 
63 155 143 156 154 
64 154 156 146 157 
65 149 154 157 5 
66 15 159 158 33 
67 159 17 160 158 
68 158 160 8 161 
69 33 158 161 18 
70 163 33 164 162 
71 162 164 18 165 
72 18 161 178 45 
73 161 8 179 178 
74 178 179 29 180 
75 45 178 180 28 
76 165 18 182 181 
77 181 182 45 183 
78 61 181 183 44 
79 184 185 61 186 
80 93 184 186 60 
81 187 188 93 189 
82 134 187 189 92 
83 190 191 134 192 
84 152 190 192 133 
85 7 204 202 203 
86 204 16 205 202 
87 202 205 15 32 
88 203 202 32 13 
89 13 208 206 207 
90 208 32 209 206 
91 206 209 31 48 
92 207 206 48 26 
93 26 212 210 211 
94 212 48 213 210 
95 210 213 47 64 
96 211 210 64 42 
97 42 216 214 215 
98 216 64 217 214 
99 214 217 63 105 
100 215 214 105 58 
101 105 220 218 219 
102 220 63 221 218 
103 218 221 106 175 
104 219 218 175 104 
105 104 224 222 223 
106 224 175 225 222 
107 222 225 174 195 
108 223 222 195 145 
109 195 232 230 231 
110 232 174 233 230 
111 230 233 196 234 
112 143 236 235 156 
113 236 145 194 235 
114 235 194 107 237 
115 156 235 237 146 
116 145 240 238 239 
117 240 195 231 238 
118 239 238 241 194 
119 242 244 190 245 
120 243 242 245 152 
121 193 234 246 247 
122 234 196 248 246 
123 246 248 177 249 
124 247 246 249 197 
125 231 252 250 251 
126 252 230 253 250 
127 250 253 234 254 
128 251 250 254 193 
129 194 241 255 256 
130 241 193 247 255 
131 255 247 197 257 
132 256 255 257 107 
133 238 260 258 259 
134 260 231 251 258 
135 258 251 193 261 
136 259 258 261 241 
137 12 264 262 263 
138 264 7 203 262 
139 262 203 13 25 
140 263 262 25 10 
141 25 267 265 266 
142 267 13 207 265 
143 265 207 26 41 
144 266 265 41 23 
145 41 270 268 269 
146 270 26 211 268 
147 268 211 42 57 
148 269 268 57 39 
149 57 273 271 272 
150 273 42 215 271 
151 271 215 58 73 
152 272 271 73 55 
153 73 276 274 275 
154 276 58 277 274 
155 274 277 74 109 
156 275 274 109 71 
157 71 280 278 279 
158 280 109 281 278 
159 278 281 108 140 
160 102 284 282 283 
161 284 140 285 282 
162 282 285 139 286 
163 283 282 286 131 
164 55 289 287 288 
165 289 73 275 287 
166 287 275 71 101 
167 288 287 101 72 
168 101 292 290 291 
169 292 71 279 290 
170 88 299 297 298 
171 299 72 100 297 
172 297 100 59 300 
173 298 297 300 91 
174 100 303 301 302 
175 303 99 129 301 
176 301 129 103 304 
177 302 301 304 59 
178 99 307 305 306 
179 307 130 294 305 
180 305 294 128 308 
181 306 305 308 129 
182 103 132 309 310 
183 132 75 311 309 
184 309 311 126 312 
185 310 309 312 124 
186 313 315 75 316 
187 314 313 316 132 
188 294 319 317 318 
189 318 317 321 128 
190 290 324 322 323 
191 324 279 325 322 
192 322 325 102 295 
193 323 322 295 130 
194 130 328 326 327 
195 328 295 329 326 
196 326 329 293 319 
197 327 326 319 294 
198 331 283 332 330 
199 330 332 131 333 
200 319 336 334 335 
201 336 293 337 334 
202 335 334 338 317 
203 295 340 339 329 
204 340 102 341 339 
205 339 341 283 331 
206 329 339 331 293 
207 293 343 342 337 
208 343 331 344 342 
209 342 344 330 345 
210 337 342 345 320 
211 129 308 346 347 
212 308 128 314 346 
213 346 314 132 348 
214 347 346 348 103 
215 128 321 349 350 
216 321 296 351 349 
217 349 351 313 352 
218 350 349 352 314 
219 317 338 353 354 
220 338 320 355 353 
221 353 355 296 356 
222 354 353 356 321 
223 334 359 357 358 
224 359 337 360 357 
225 357 360 320 361 
226 358 357 361 338 
227 362 363 187 364 
228 191 362 364 134 
229 65 370 369 172 
230 370 166 371 369 
231 369 371 169 372 
232 172 369 372 50 
233 170 374 373 200 
234 374 172 375 373 
235 373 375 50 376 
236 200 373 376 173 
237 378 200 379 377 
238 377 379 173 380 
239 381 383 362 384 
240 382 381 384 191 
241 50 372 390 188 
242 372 169 391 390 
243 390 391 184 392 
244 188 390 392 93 
245 173 376 393 363 
246 376 50 394 393 
247 393 394 188 395 
248 363 393 395 187 
249 380 173 397 396 
250 396 397 363 398 
251 383 396 398 362 
252 400 377 401 399 
253 399 401 380 402 
254 368 389 403 404 
255 389 201 405 403 
256 403 405 383 406 
257 404 403 406 381 
258 407 410 201 411 
259 408 407 411 389 
260 64 413 412 217 
261 413 47 414 412 
262 412 414 65 171 
263 217 412 171 63 
264 63 416 415 221 
265 416 171 417 415 
266 415 417 170 199 
267 221 415 199 106 
268 106 420 418 419 
269 420 199 421 418 
270 418 421 198 366 
271 419 418 366 176 
272 366 424 422 423 
273 424 198 425 422 
274 422 425 367 387 
275 423 422 387 365 
276 387 428 426 427 
277 428 367 429 426 
278 201 402 430 405 
279 402 380 431 430 
280 430 431 396 432 
281 405 430 432 383 
282 434 399 435 433 
283 433 435 402 436 
284 410 433 436 201 
285 409 439 437 438 
286 437 440 410 441 
287 438 437 441 407 
288 199 443 442 421 
289 443 170 444 442 
290 442 444 200 378 
291 421 442 378 198 
292 198 446 445 425 
293 446 378 447 445 
294 445 447 377 400 
295 425 445 400 367 
296 367 449 448 429 
297 449 400 450 448 
298 448 450 399 434 
299 426 453 451 452 
300 453 429 454 451 
301 451 454 388 439 
302 452 451 439 409 
303 388 456 455 440 
304 456 434 457 455 
305 455 457 433 458 
306 440 455 458 410 
307 439 461 459 460 
308 461 388 462 459 
309 459 462 440 463 
310 460 459 463 437 
311 386 470 468 469 
312 470 385 408 468 
313 468 408 389 471 
314 469 468 471 368 
315 385 474 472 473 
316 474 409 438 472 
317 472 438 407 475 
318 473 472 475 408 
319 476 382 191 477 
320 244 476 477 190 
321 66 467 482 483 
322 467 368 404 482 
323 482 404 381 484 
324 483 482 484 382 
325 465 487 485 486 
326 487 464 488 485 
327 485 488 467 489 
328 486 485 489 66 
329 229 481 490 491 
330 481 66 483 490 
331 490 483 382 492 
332 491 490 492 476 
333 478 495 493 494 
334 495 465 486 493 
335 493 486 66 496 
336 494 493 496 481 
337 196 498 497 248 
338 248 497 499 177 
339 502 478 494 500 
340 500 494 481 503 
341 501 500 503 229 
342 177 499 504 505 
343 499 229 491 504 
344 504 491 476 506 
345 505 504 506 244 
346 497 509 507 508 
347 507 501 229 510 
348 508 507 510 499 
349 175 512 511 225 
350 512 106 419 511 
351 511 419 176 227 
352 225 511 227 174 
353 227 515 513 514 
354 515 176 516 513 
355 513 516 228 480 
356 514 513 480 226 
357 226 519 517 518 
358 519 480 520 517 
359 517 520 478 502 
360 523 502 524 521 
361 521 524 500 525 
362 522 521 525 501 
363 174 527 526 233 
364 527 227 514 526 
365 526 514 226 498 
366 233 526 498 196 
367 498 530 528 529 
368 530 226 518 528 
369 529 528 509 497 
370 509 533 531 532 
371 533 479 522 531 
372 531 522 501 534 
373 532 531 534 507 
374 518 537 535 536 
375 537 517 538 535 
376 535 538 502 523 
377 536 535 523 479 
378 479 541 539 540 
379 541 523 542 539 
380 539 542 521 543 
381 540 539 543 522 
382 49 545 544 168 
383 545 162 546 544 
384 544 546 165 547 
385 168 544 547 34 
386 166 549 548 371 
387 549 168 550 548 
388 548 550 34 551 
389 371 548 551 169 
390 1 554 552 553 
391 554 12 263 552 
392 552 263 10 78 
393 553 552 78 11 
394 16 556 555 205 
395 556 2 557 555 
396 555 557 17 159 
397 205 555 159 15 
398 10 560 558 559 
399 560 25 266 558 
400 558 266 23 82 
401 559 558 82 24 
402 32 562 561 209 
403 562 15 563 561 
404 561 563 33 163 
405 209 561 163 31 
406 23 566 564 565 
407 566 41 269 564 
408 564 269 39 86 
409 565 564 86 40 
410 48 568 567 213 
411 568 31 569 567 
412 567 569 49 167 
413 213 567 167 47 
414 39 572 570 571 
415 572 57 272 570 
416 570 272 55 90 
417 571 570 90 56 
418 90 575 573 574 
419 575 55 288 573 
420 573 288 72 299 
421 574 573 299 88 
422 72 578 576 577 
423 578 101 291 576 
424 576 291 99 303 
425 577 576 303 100 
426 58 580 579 277 
427 580 105 219 579 
428 579 219 104 144 
429 277 579 144 74 
430 109 582 581 281 
431 582 74 583 581 
432 581 583 110 148 
433 281 581 148 108 
434 91 300 584 585 
435 300 59 125 584 
436 584 125 96 586 
437 585 584 586 121 
438 59 304 587 588 
439 304 103 310 587 
440 587 310 124 589 
441 588 587 589 125 
442 75 142 590 311 
443 142 111 591 590 
444 590 591 136 592 
445 311 590 592 126 
446 111 150 593 591 
447 150 5 594 593 
448 593 594 137 595 
449 591 593 595 136 
450 131 286 596 315 
451 286 139 597 596 
452 596 597 142 598 
453 315 596 598 75 
454 74 600 599 583 
455 600 144 601 599 
456 599 601 143 155 
457 583 599 155 110 
458 144 603 602 601 
459 603 104 223 602 
460 602 223 145 236 
461 601 602 236 143 
462 5 157 604 594 
463 157 146 605 604 
464 604 605 151 606 
465 594 604 606 137 
466 146 237 607 605 
467 237 107 243 607 
468 607 243 152 608 
469 605 607 608 151 
470 31 610 609 569 
471 610 163 611 609 
472 609 611 162 545 
473 569 609 545 49 
474 47 613 612 414 
475 613 167 614 612 
476 612 614 166 370 
477 414 612 370 65 
478 167 616 615 614 
479 616 49 617 615 
480 615 617 168 549 
481 614 615 549 166 
482 171 619 618 417 
483 619 65 620 618 
484 618 620 172 374 
485 417 618 374 170 
486 34 547 621 185 
487 547 165 622 621 
488 621 622 181 623 
489 185 621 623 61 
490 169 551 624 391 
491 551 34 625 624 
492 624 625 185 626 
493 391 624 626 184 
494 197 249 627 628 
495 249 177 505 627 
496 627 505 244 629 
497 628 627 629 242 
498 279 631 630 325 
499 631 278 632 630 
500 630 632 140 284 
501 325 630 284 102 
502 291 635 633 634 
503 635 290 323 633 
504 633 323 130 307 
505 634 633 307 99 
506 296 333 636 351 
507 333 131 637 636 
508 636 637 315 638 
509 351 636 638 313 
510 320 345 639 355 
511 345 330 640 639 
512 639 640 333 641 
513 355 639 641 296 
514 176 643 642 516 
515 643 366 423 642 
516 642 423 365 466 
517 516 642 466 228 
518 365 646 644 645 
519 646 387 427 644 
520 644 427 385 470 
521 645 644 470 386 
522 427 649 647 648 
523 649 426 452 647 
524 647 452 409 474 
525 648 647 474 385 
526 429 651 650 454 
527 651 448 652 650 
528 650 652 434 456 
529 454 650 456 388 
530 464 654 653 488 
531 654 386 469 653 
532 653 469 368 655 
533 488 653 655 467 
534 480 657 656 520 
535 657 228 658 656 
536 656 658 465 495 
537 520 656 495 478 
538 528 661 659 660 
539 661 518 536 659 
540 659 536 479 533 
541 660 659 533 509 
542 107 257 662 663 
543 257 197 628 662 
544 662 628 242 664 
545 663 662 664 243 
546 228 666 665 658 
547 666 466 667 665 
548 665 667 464 487 
549 658 665 487 465 
550 466 669 668 667 
551 669 365 645 668 
552 668 645 386 654 
553 667 668 654 464 
