2 0.000000 100.000000 473.401889
711 589 
1 -23.547735 0.000000 -23.526742 96.112031 0.000000 27.569141 0.000242 
2 27.288707 0.000000 -23.526742 96.124523 0.000000 27.495320 0.000408 
3 27.288707 0.000000 23.775142 96.204498 0.000000 27.328568 -0.000216 
4 -23.547735 0.000000 23.775142 96.148843 0.000000 27.565798 -0.000447 
5 1.870486 0.000000 0.124200 92.343523 0.000000 -0.273267 0.147260 
6 -23.547735 0.000000 0.124200 96.133085 0.000000 27.588326 -0.000269 
7 1.870486 0.000000 -23.526742 96.083463 0.000000 27.519611 0.001064 
8 27.288707 0.000000 0.124200 96.381913 0.000000 26.630314 0.000135 
9 1.870486 0.000000 23.775142 96.201355 0.000000 27.487879 -0.001028 
10 -10.838625 0.000000 -11.701271 96.067697 0.000000 27.585124 0.001006 
11 -23.547735 0.000000 -11.701271 96.114512 0.000000 27.580262 0.000133 
12 -10.838625 0.000000 -23.526742 96.094479 0.000000 27.558462 0.000638 
13 1.870486 0.000000 -11.701271 95.961285 0.000000 27.381950 0.004166 
14 -10.838625 0.000000 0.124200 96.153655 0.000000 27.663979 -0.001082 
15 14.579597 0.000000 -11.701271 96.121076 0.000000 27.302801 0.001530 
16 14.579597 0.000000 -23.526742 96.105573 0.000000 27.491029 0.000796 
17 27.288707 0.000000 -11.701271 96.153756 0.000000 27.384305 0.000456 
18 14.579597 0.000000 0.124200 96.807224 0.000000 25.056579 0.000053 
19 -10.838625 0.000000 11.949671 96.218941 0.000000 27.571648 -0.001828 
20 -23.547735 0.000000 11.949671 96.149748 0.000000 27.577627 -0.000530 
21 1.870486 0.000000 11.949671 96.417371 0.000000 27.263517 -0.003961 
22 -10.838625 0.000000 23.775142 96.174726 0.000000 27.548416 -0.000849 
23 -4.484069 0.000000 -5.788536 95.887899 0.000000 27.635743 0.004178 
24 -10.838625 0.000000 -5.788536 96.076803 0.000000 27.631473 0.000575 
25 -4.484069 0.000000 -11.701271 95.997882 0.000000 27.540543 0.002593 
26 1.870486 0.000000 -5.788536 95.531235 0.000000 26.929182 0.014860 
27 -4.484069 0.000000 0.124200 96.220037 0.000000 27.964582 -0.004031 
28 14.579597 0.000000 11.949671 96.395211 0.000000 26.757717 -0.000801 
29 27.288707 0.000000 11.949671 96.651251 0.000000 25.751471 -0.000460 
30 14.579597 0.000000 23.775142 96.199473 0.000000 27.409749 -0.000563 
31 8.225041 0.000000 -5.788536 96.112060 0.000000 26.662919 0.005156 
32 8.225041 0.000000 -11.701271 96.056361 0.000000 27.281244 0.002891 
33 14.579597 0.000000 -5.788536 96.229510 0.000000 26.926203 0.001486 
34 8.225041 0.000000 0.124200 97.780341 0.000000 21.453579 -0.002125 
35 -4.484069 0.000000 6.036935 96.498799 0.000000 27.587102 -0.007307 
36 -10.838625 0.000000 6.036935 96.222982 0.000000 27.621172 -0.002179 
37 1.870486 0.000000 6.036935 97.099217 0.000000 26.605156 -0.013609 
38 -4.484069 0.000000 11.949671 96.319792 0.000000 27.499260 -0.003371 
39 -1.306792 0.000000 -2.832168 95.209583 0.000000 27.869513 0.015843 
40 -4.484069 0.000000 -2.832168 95.920509 0.000000 27.818763 0.002537 
41 -1.306792 0.000000 -5.788536 95.637842 0.000000 27.453316 0.009972 
42 1.870486 0.000000 -2.832168 94.297435 0.000000 25.714721 0.044675 
43 -1.306792 0.000000 0.124200 96.244949 0.000000 29.152022 -0.011293 
44 8.225041 0.000000 6.036935 96.841445 0.000000 25.448813 -0.002591 
45 14.579597 0.000000 6.036935 97.124623 0.000000 24.139869 -0.001593 
46 8.225041 0.000000 11.949671 96.388785 0.000000 26.998378 -0.001971 
47 5.047764 0.000000 -2.832168 95.994304 0.000000 24.955899 0.016230 
48 5.047764 0.000000 -5.788536 95.857100 0.000000 26.595982 0.010407 
49 8.225041 0.000000 -2.832168 96.412963 0.000000 25.661422 0.004603 
50 5.047764 0.000000 0.124200 99.921316 0.000000 9.296557 -0.007070 
51 -1.306792 0.000000 3.080568 97.404756 0.000000 27.761617 -0.025839 
52 -4.484069 0.000000 3.080568 96.501809 0.000000 27.787614 -0.008475 
53 1.870486 0.000000 3.080568 98.766775 0.000000 25.322762 -0.039612 
54 -1.306792 0.000000 6.036935 96.850907 0.000000 27.339417 -0.012754 
55 0.281847 0.000000 -1.353984 92.588689 0.000000 28.459132 0.061741 
56 -1.306792 0.000000 -1.353984 95.270466 0.000000 28.639954 0.010329 
57 0.281847 0.000000 -2.832168 94.389801 0.000000 27.244180 0.034832 
58 1.870486 0.000000 -1.353984 91.837261 0.000000 22.618073 0.105434 
59 0.281847 0.000000 0.124200 98.308972 0.000000 0.000000 0.033535 
60 5.047764 0.000000 3.080568 97.496889 0.000000 23.575313 -0.006144 
61 8.225041 0.000000 3.080568 97.438848 0.000000 23.115313 -0.002865 
62 5.047764 0.000000 6.036935 96.927147 0.000000 25.905856 -0.006599 
63 3.459125 0.000000 -1.353984 95.425352 0.000000 21.536578 0.043018 
64 3.459125 0.000000 -2.832168 95.245239 0.000000 24.876749 0.030949 
65 5.047764 0.000000 -1.353984 96.667906 0.000000 22.633497 0.014304 
66 3.459125 0.000000 0.124200 98.212131 0.000000 -0.000000 0.035438 
67 0.281847 0.000000 1.602384 100.050036 0.000000 28.604741 -0.082824 
68 -1.306792 0.000000 1.602384 97.387905 0.000000 28.604028 -0.030259 
69 1.870486 0.000000 1.602384 101.378302 0.000000 23.684762 -0.083853 
70 0.281847 0.000000 3.080568 98.401619 0.000000 27.040534 -0.041407 
71 1.076167 0.000000 -0.614892 91.561789 0.000000 -0.814951 0.161577 
72 0.281847 0.000000 -0.614892 90.583454 0.000000 30.891697 0.084034 
73 1.076167 0.000000 -1.353984 90.935495 0.000000 25.797806 0.106521 
74 1.870486 0.000000 -0.614892 96.504020 0.000000 -0.242507 0.068692 
75 1.076167 0.000000 0.124200 89.683839 0.000000 -0.473482 0.195658 
76 3.459125 0.000000 1.602384 98.491342 0.000000 22.229126 -0.019468 
77 5.047764 0.000000 1.602384 99.476537 0.000000 16.643147 -0.017258 
78 3.459125 0.000000 3.080568 98.077619 0.000000 24.058530 -0.019803 
79 2.664805 0.000000 -0.614892 94.277381 0.000000 15.668529 0.086627 
80 2.664805 0.000000 -1.353984 93.930502 0.000000 21.456639 0.071667 
81 3.459125 0.000000 -0.614892 96.691760 0.000000 16.842789 0.036702 
82 2.664805 0.000000 0.124200 95.310826 0.000000 0.000000 0.091585 
83 1.076167 0.000000 0.863292 90.620401 0.000000 -0.987978 0.178697 
84 0.281847 0.000000 0.863292 100.549371 0.000000 31.896880 -0.112759 
85 1.870486 0.000000 0.863292 97.122653 0.000000 -0.225136 0.056714 
86 1.076167 0.000000 1.602384 101.833925 0.000000 26.540365 -0.107454 
87 1.473326 0.000000 -0.245346 94.032596 0.000000 -0.529219 0.115759 
88 1.076167 0.000000 -0.245346 93.526180 0.000000 -0.592420 0.125250 
89 1.473326 0.000000 -0.614892 94.019601 0.000000 -0.532764 0.116003 
90 1.870486 0.000000 -0.245346 94.498205 0.000000 -0.477859 0.106986 
91 1.473326 0.000000 0.124200 86.530961 0.000000 -0.368217 0.251226 
92 -17.193180 0.000000 -5.788536 96.112780 0.000000 27.601071 0.000051 
93 -23.547735 0.000000 -5.788536 96.121857 0.000000 27.586219 -0.000041 
94 -17.193180 0.000000 -11.701271 96.101025 0.000000 27.585560 0.000363 
95 -17.193180 0.000000 0.124200 96.138472 0.000000 27.608129 -0.000481 
96 -7.661347 0.000000 -2.832168 96.066126 0.000000 27.718400 0.000299 
97 -10.838625 0.000000 -2.832168 96.107142 0.000000 27.654879 -0.000138 
98 -7.661347 0.000000 -5.788536 96.021951 0.000000 27.648148 0.001536 
99 -7.661347 0.000000 0.124200 96.174676 0.000000 27.750225 -0.001964 
100 -2.895430 0.000000 -1.353984 95.864314 0.000000 28.161377 0.001697 
101 -4.484069 0.000000 -1.353984 96.036338 0.000000 27.924359 -0.000275 
102 -2.895430 0.000000 -2.832168 95.693757 0.000000 27.901973 0.006418 
103 -2.895430 0.000000 0.124200 96.260113 0.000000 28.290645 -0.006637 
104 -0.512472 0.000000 -0.614892 95.262151 0.000000 29.854282 0.003384 
105 -1.306792 0.000000 -0.614892 95.690163 0.000000 28.993480 0.000277 
106 -0.512472 0.000000 -1.353984 94.462142 0.000000 28.877025 0.024302 
107 -0.512472 0.000000 0.124200 95.554845 0.000000 29.619629 -0.000805 
108 0.679007 0.000000 -0.245346 91.138883 0.000000 -0.883289 0.169292 
109 0.281847 0.000000 -0.245346 86.020364 0.000000 29.048828 0.175666 
110 0.679007 0.000000 -0.614892 87.197370 0.000000 27.658357 0.163163 
111 0.679007 0.000000 0.124200 93.765359 0.000000 -0.401685 0.120790 
112 2.664805 0.000000 0.863292 101.141111 0.000000 15.290392 -0.046332 
113 3.459125 0.000000 0.863292 100.472166 0.000000 12.945800 -0.026225 
114 2.664805 0.000000 1.602384 99.673914 0.000000 22.488695 -0.044063 
115 1.473326 0.000000 0.493746 94.030803 0.000000 -0.530092 0.115793 
116 1.076167 0.000000 0.493746 93.411148 0.000000 -0.602037 0.127399 
117 1.870486 0.000000 0.493746 94.924325 0.000000 -0.414443 0.098920 
118 1.473326 0.000000 0.863292 94.401534 0.000000 -0.398058 0.108819 
119 1.274746 0.000000 -0.060573 63.955569 0.000000 -0.269356 0.590961 
120 1.076167 0.000000 -0.060573 76.743469 0.000000 -0.241165 0.411038 
121 1.274746 0.000000 -0.245346 93.729325 0.000000 -0.566090 0.121449 
122 1.473326 0.000000 -0.060573 81.678101 0.000000 -0.253354 0.332862 
123 1.274746 0.000000 0.124200 75.445527 0.000000 -0.397796 0.430781 
124 2.267646 0.000000 -0.245346 96.747181 0.000000 -0.231443 0.063993 
125 2.267646 0.000000 -0.614892 92.274098 0.000000 15.394863 0.124849 
126 2.664805 0.000000 -0.245346 95.205542 0.000000 7.516748 0.087940 
127 2.267646 0.000000 0.124200 94.518054 0.000000 -0.091420 0.106633 
128 1.671906 0.000000 -0.060573 87.765352 0.000000 -0.230342 0.229719 
129 1.671906 0.000000 -0.245346 94.321828 0.000000 -0.496476 0.110315 
130 1.870486 0.000000 -0.060573 91.385224 0.000000 -0.208186 0.164870 
131 1.671906 0.000000 0.124200 89.827965 0.000000 -0.299934 0.193085 
132 2.267646 0.000000 0.493746 96.912087 0.000000 -0.226275 0.060800 
133 2.664805 0.000000 0.493746 100.989181 0.000000 6.834539 -0.024553 
134 2.267646 0.000000 0.863292 102.226267 0.000000 17.025955 -0.074009 
135 2.069066 0.000000 -0.060573 94.349980 0.000000 -0.105624 0.109807 
136 2.069066 0.000000 -0.245346 96.040256 0.000000 -0.278622 0.077619 
137 2.267646 0.000000 -0.060573 94.329985 0.000000 -0.063085 0.110185 
138 2.069066 0.000000 0.124200 94.576803 0.000000 -0.146321 0.105521 
139 20.934152 0.000000 -5.788536 96.221436 0.000000 27.101836 0.000693 
140 20.934152 0.000000 -11.701271 96.146895 0.000000 27.346436 0.000795 
141 27.288707 0.000000 -5.788536 96.206506 0.000000 27.213812 0.000372 
142 20.934152 0.000000 0.124200 96.519365 0.000000 26.122563 0.000162 
143 11.402319 0.000000 -2.832168 96.415574 0.000000 26.116122 0.002199 
144 11.402319 0.000000 -5.788536 96.204614 0.000000 26.792554 0.002683 
145 14.579597 0.000000 -2.832168 96.388103 0.000000 26.429039 0.001084 
146 11.402319 0.000000 0.124200 97.103096 0.000000 23.937706 -0.000203 
147 6.636403 0.000000 -1.353984 96.902783 0.000000 23.814390 0.004273 
148 6.636403 0.000000 -2.832168 96.317671 0.000000 25.323375 0.008163 
149 8.225041 0.000000 -1.353984 96.810562 0.000000 24.569853 0.002404 
150 6.636403 0.000000 0.124200 98.833693 0.000000 18.671745 -0.011673 
151 4.253444 0.000000 -0.614892 97.337203 0.000000 18.609560 0.017915 
152 4.253444 0.000000 -1.353984 96.257413 0.000000 22.028293 0.024926 
153 5.047764 0.000000 -0.614892 97.597979 0.000000 19.944213 0.007686 
154 4.253444 0.000000 0.124200 105.115619 0.000000 -36.235194 -0.236228 
155 3.061965 0.000000 -0.245346 97.131087 0.000000 8.666230 0.049045 
156 3.061965 0.000000 -0.614892 95.578719 0.000000 16.199788 0.060228 
157 3.459125 0.000000 -0.245346 100.674053 0.000000 10.995050 -0.025616 
158 3.061965 0.000000 0.124200 96.645112 0.000000 0.000000 0.065972 
159 2.466226 0.000000 -0.060573 94.237427 0.000000 -0.038984 0.111931 
160 2.466226 0.000000 -0.245346 97.181234 0.000000 -0.226484 0.055576 
161 2.664805 0.000000 -0.060573 95.294038 0.000000 0.000000 0.091905 
162 2.466226 0.000000 0.124200 94.549586 0.000000 -0.058895 0.106037 
163 20.934152 0.000000 6.036935 100.168575 0.000000 13.470233 -0.021519 
164 27.288707 0.000000 6.036935 98.573947 0.000000 19.019499 -0.007856 
165 20.934152 0.000000 11.949671 96.476921 0.000000 26.390691 -0.000426 
166 11.402319 0.000000 3.080568 101.309498 0.000000 9.495291 -0.035377 
167 14.579597 0.000000 3.080568 99.197851 0.000000 16.828386 -0.012341 
168 11.402319 0.000000 6.036935 96.945063 0.000000 24.870340 -0.001688 
169 6.636403 0.000000 1.602384 101.977207 0.000000 8.246489 -0.046736 
170 8.225041 0.000000 1.602384 98.999197 0.000000 17.556154 -0.010906 
171 6.636403 0.000000 3.080568 97.356802 0.000000 23.442760 -0.002791 
172 4.253444 0.000000 0.863292 100.653206 0.000000 11.618764 -0.026606 
173 5.047764 0.000000 0.863292 100.483540 0.000000 14.477798 -0.030655 
174 4.253444 0.000000 1.602384 98.349356 0.000000 20.707399 -0.010139 
175 3.061965 0.000000 0.493746 100.151886 0.000000 8.084824 -0.009576 
176 3.459125 0.000000 0.493746 99.023789 0.000000 10.307147 0.008805 
177 3.061965 0.000000 0.863292 100.665177 0.000000 14.281500 -0.033744 
178 2.863385 0.000000 -0.060573 96.643779 0.000000 -0.000000 0.065998 
179 2.863385 0.000000 -0.245346 96.143538 0.000000 8.075557 0.069121 
180 3.061965 0.000000 -0.060573 96.453438 0.000000 -0.000000 0.069673 
181 2.863385 0.000000 0.124200 96.551991 0.000000 0.000000 0.067771 
182 3.856285 0.000000 -0.245346 99.286028 0.000000 14.731938 -0.007475 
183 3.856285 0.000000 -0.614892 97.190896 0.000000 17.817164 0.023648 
184 4.253444 0.000000 -0.245346 98.254702 0.000000 15.503685 0.010565 
185 3.856285 0.000000 0.124200 98.841962 0.000000 0.000000 0.023027 
186 3.856285 0.000000 0.493746 98.724670 0.000000 13.282681 0.007701 
187 4.253444 0.000000 0.493746 99.153732 0.000000 14.086118 -0.002988 
188 3.856285 0.000000 0.863292 100.194630 0.000000 13.342638 -0.021699 
189 3.657705 0.000000 -0.060573 99.057863 0.000000 0.000000 0.018754 
190 3.459125 0.000000 -0.060573 98.399724 0.000000 -0.000000 0.031749 
191 3.657705 0.000000 -0.245346 100.582437 0.000000 13.131400 -0.028926 
192 3.856285 0.000000 -0.060573 99.267433 0.000000 0.000000 0.014598 
193 3.657705 0.000000 0.124200 98.996421 0.000000 0.000000 0.019971 
194 1.671906 0.000000 0.308973 94.362897 0.000000 -0.491428 0.109540 
195 1.473326 0.000000 0.308973 94.038398 0.000000 -0.527938 0.115650 
196 1.870486 0.000000 0.308973 94.550106 0.000000 -0.471982 0.106005 
197 1.671906 0.000000 0.493746 94.278975 0.000000 -0.501822 0.111122 
198 1.771196 0.000000 0.031813 92.342462 0.000000 -0.209545 0.147283 
199 1.671906 0.000000 0.031813 91.658622 0.000000 -0.217054 0.159865 
200 1.771196 0.000000 -0.060573 89.042716 0.000000 -0.217755 0.207135 
201 1.870486 0.000000 0.031813 91.104076 0.000000 -0.192965 0.170001 
202 1.771196 0.000000 0.124200 91.275690 0.000000 -0.320639 0.166865 
203 2.069066 0.000000 0.308973 96.057202 0.000000 -0.277631 0.077294 
204 2.267646 0.000000 0.308973 96.750489 0.000000 -0.231385 0.063929 
205 2.069066 0.000000 0.493746 96.295033 0.000000 -0.256722 0.072720 
206 1.969776 0.000000 0.031813 92.752100 0.000000 -0.142814 0.139703 
207 1.969776 0.000000 -0.060573 92.735319 0.000000 -0.158824 0.140014 
208 2.069066 0.000000 0.031813 94.280259 0.000000 -0.097694 0.111122 
209 1.969776 0.000000 0.124200 93.652835 0.000000 -0.272909 0.122907 
210 1.771196 0.000000 0.216586 94.519411 0.000000 -0.474445 0.106586 
211 1.671906 0.000000 0.216586 94.397941 0.000000 -0.487119 0.108879 
212 1.870486 0.000000 0.216586 94.593862 0.000000 -0.467060 0.105178 
213 1.771196 0.000000 0.308973 94.476826 0.000000 -0.479392 0.107390 
214 1.820841 0.000000 0.078007 90.339565 0.000000 -0.221695 0.183871 
215 1.771196 0.000000 0.078007 89.376981 0.000000 -0.232273 0.201170 
216 1.820841 0.000000 0.031813 89.445162 0.000000 -0.155320 0.199954 
217 1.870486 0.000000 0.078007 91.629713 0.000000 -0.220941 0.160395 
218 1.820841 0.000000 0.124200 92.637059 0.000000 -0.364888 0.141824 
219 1.572616 0.000000 0.031813 89.458148 0.000000 -0.242363 0.199718 
220 1.473326 0.000000 0.031813 84.219147 0.000000 -0.260561 0.290707 
221 1.572616 0.000000 -0.060573 84.441280 0.000000 -0.242953 0.286961 
222 1.572616 0.000000 0.124200 86.515333 0.000000 -0.314911 0.251500 
223 1.721551 0.000000 0.078007 93.128187 0.000000 -0.240638 0.132708 
224 1.671906 0.000000 0.078007 92.076042 0.000000 -0.234534 0.152195 
225 1.721551 0.000000 0.031813 92.972416 0.000000 -0.218676 0.135608 
226 1.721551 0.000000 0.124200 89.903078 0.000000 -0.291160 0.191735 
227 -4.484069 0.000000 -17.614007 96.057822 0.000000 27.536357 0.001464 
228 -10.838625 0.000000 -17.614007 96.081630 0.000000 27.564841 0.000850 
229 -4.484069 0.000000 -23.526742 96.085206 0.000000 27.542253 0.000906 
230 1.870486 0.000000 -17.614007 96.050858 0.000000 27.485089 0.001880 
231 -1.306792 0.000000 -8.744904 95.853026 0.000000 27.442600 0.005910 
232 -4.484069 0.000000 -8.744904 95.945255 0.000000 27.560675 0.003492 
233 -1.306792 0.000000 -11.701271 95.967761 0.000000 27.470504 0.003556 
234 1.870486 0.000000 -8.744904 95.844148 0.000000 27.244790 0.007162 
235 0.281847 0.000000 -4.310352 95.154062 0.000000 27.151920 0.020848 
236 -1.306792 0.000000 -4.310352 95.429566 0.000000 27.557476 0.013378 
237 0.281847 0.000000 -5.788536 95.520384 0.000000 27.225847 0.013461 
238 1.870486 0.000000 -4.310352 95.153944 0.000000 26.544481 0.024112 
239 1.076167 0.000000 -2.093076 93.075957 0.000000 26.245088 0.064806 
240 0.281847 0.000000 -2.093076 93.670650 0.000000 27.545635 0.046705 
241 1.076167 0.000000 -2.832168 94.157620 0.000000 26.512660 0.043142 
242 1.870486 0.000000 -2.093076 93.405578 0.000000 24.770271 0.066183 
243 1.473326 0.000000 -0.984438 89.151880 0.000000 22.414482 0.154953 
244 1.076167 0.000000 -0.984438 88.840346 0.000000 25.235558 0.147056 
245 1.473326 0.000000 -1.353984 91.066342 0.000000 24.049083 0.112856 
246 1.870486 0.000000 -0.984438 90.676224 0.000000 20.382609 0.136237 
247 1.671906 0.000000 -0.430119 94.240164 0.000000 -0.506637 0.111853 
248 1.473326 0.000000 -0.430119 94.025000 0.000000 -0.531286 0.115902 
249 1.671906 0.000000 -0.614892 95.587209 0.000000 -0.321471 0.086298 
250 1.870486 0.000000 -0.430119 95.429296 0.000000 -0.346756 0.089313 
251 1.771196 0.000000 -0.152960 92.838853 0.000000 -0.389871 0.138080 
252 1.671906 0.000000 -0.152960 91.759818 0.000000 -0.403784 0.157997 
253 1.771196 0.000000 -0.245346 94.426947 0.000000 -0.485215 0.108332 
254 1.870486 0.000000 -0.152960 92.845546 0.000000 -0.381000 0.137956 
255 1.820841 0.000000 -0.014380 88.389088 0.000000 -0.111461 0.218736 
256 1.771196 0.000000 -0.014380 88.589117 0.000000 -0.172790 0.215194 
257 1.820841 0.000000 -0.060573 89.956446 0.000000 -0.203870 0.190780 
258 1.870486 0.000000 -0.014380 90.938778 0.000000 -0.185398 0.173010 
259 1.796019 0.000000 0.054910 95.215592 0.000000 -0.218563 0.093394 
260 1.771196 0.000000 0.054910 95.190896 0.000000 -0.222831 0.093864 
261 1.796019 0.000000 0.031813 88.638629 0.000000 -0.163883 0.214317 
262 1.820841 0.000000 0.054910 89.902467 0.000000 -0.199708 0.191751 
263 1.796019 0.000000 0.078007 89.462145 0.000000 -0.207746 0.199648 
264 1.721551 0.000000 -0.014380 88.440463 0.000000 -0.211526 0.217824 
265 1.671906 0.000000 -0.014380 86.919121 0.000000 -0.202631 0.244503 
266 1.721551 0.000000 -0.060573 88.828020 0.000000 -0.248993 0.210952 
267 1.796019 0.000000 0.008717 88.000211 0.000000 -0.128944 0.225595 
268 1.771196 0.000000 0.008717 88.571096 0.000000 -0.171425 0.215513 
269 1.796019 0.000000 -0.014380 88.135781 0.000000 -0.136759 0.223207 
270 1.820841 0.000000 0.008717 87.866302 0.000000 -0.089826 0.227950 
271 1.969776 0.000000 0.216586 95.081883 0.000000 -0.398872 0.095928 
272 2.069066 0.000000 0.216586 95.825290 0.000000 -0.303948 0.081742 
273 1.969776 0.000000 0.308973 95.301999 0.000000 -0.368450 0.091739 
274 1.920131 0.000000 0.078007 92.200163 0.000000 -0.237696 0.149907 
275 1.920131 0.000000 0.031813 92.167284 0.000000 -0.193830 0.150515 
276 1.969776 0.000000 0.078007 92.751100 0.000000 -0.190259 0.139720 
277 1.920131 0.000000 0.124200 92.484193 0.000000 -0.266438 0.144660 
278 1.845664 0.000000 0.054910 90.368116 0.000000 -0.186497 0.183357 
279 1.845664 0.000000 0.031813 89.939857 0.000000 -0.167363 0.191079 
280 1.870486 0.000000 0.054910 91.369808 0.000000 -0.206365 0.165152 
281 1.845664 0.000000 0.078007 91.496212 0.000000 -0.223072 0.162839 
282 1.808430 0.000000 0.043362 94.009449 0.000000 -0.207670 0.116218 
283 1.796019 0.000000 0.043362 94.887690 0.000000 -0.214056 0.099628 
284 1.808430 0.000000 0.031813 88.582110 0.000000 -0.156474 0.215319 
285 1.820841 0.000000 0.043362 89.847738 0.000000 -0.172497 0.192735 
286 1.808430 0.000000 0.054910 94.928716 0.000000 -0.220363 0.098849 
287 -17.193180 0.000000 6.036935 96.162547 0.000000 27.597606 -0.000886 
288 -23.547735 0.000000 6.036935 96.143776 0.000000 27.584696 -0.000454 
289 -17.193180 0.000000 11.949671 96.170561 0.000000 27.580078 -0.000944 
290 -7.661347 0.000000 3.080568 96.277341 0.000000 27.704562 -0.003687 
291 -10.838625 0.000000 3.080568 96.198188 0.000000 27.648979 -0.001856 
292 -7.661347 0.000000 6.036935 96.309292 0.000000 27.629119 -0.003885 
293 -2.895430 0.000000 1.602384 96.653210 0.000000 28.133322 -0.013333 
294 -4.484069 0.000000 1.602384 96.399335 0.000000 27.906513 -0.007161 
295 -2.895430 0.000000 3.080568 96.800554 0.000000 27.845456 -0.014572 
296 -0.512472 0.000000 0.863292 97.461704 0.000000 30.199542 -0.041080 
297 -1.306792 0.000000 0.863292 96.912885 0.000000 29.040026 -0.023543 
298 -0.512472 0.000000 1.602384 98.278285 0.000000 28.856056 -0.049129 
299 0.679007 0.000000 0.493746 90.848712 0.000000 -0.937713 0.174563 
300 0.281847 0.000000 0.493746 101.093169 0.000000 32.418848 -0.127081 
301 0.679007 0.000000 0.863292 103.486985 0.000000 31.208155 -0.168351 
302 1.274746 0.000000 0.308973 93.696108 0.000000 -0.569685 0.122071 
303 1.076167 0.000000 0.308973 93.475970 0.000000 -0.598530 0.126188 
304 1.274746 0.000000 0.493746 93.772162 0.000000 -0.561399 0.120647 
305 1.572616 0.000000 0.216586 94.233719 0.000000 -0.505040 0.111975 
306 1.473326 0.000000 0.216586 94.041567 0.000000 -0.527003 0.115591 
307 1.572616 0.000000 0.308973 94.212485 0.000000 -0.507973 0.112375 
308 1.622261 0.000000 0.078007 90.764577 0.000000 -0.241545 0.176173 
309 1.572616 0.000000 0.078007 89.592075 0.000000 -0.260962 0.197319 
310 1.622261 0.000000 0.031813 89.462727 0.000000 -0.205120 0.199638 
311 1.622261 0.000000 0.124200 91.385381 0.000000 -0.393500 0.164856 
312 1.696729 0.000000 0.054910 94.758792 0.000000 -0.221737 0.102072 
313 1.671906 0.000000 0.054910 92.496327 0.000000 -0.225127 0.144438 
314 1.696729 0.000000 0.031813 92.336753 0.000000 -0.219213 0.147388 
315 1.721551 0.000000 0.054910 93.974724 0.000000 -0.230159 0.116870 
316 1.696729 0.000000 0.078007 92.073215 0.000000 -0.247296 0.152246 
317 1.374036 0.000000 0.031813 82.163349 0.000000 -0.355269 0.324906 
318 1.274746 0.000000 0.031813 74.001672 0.000000 -0.451428 0.452355 
319 1.374036 0.000000 -0.060573 72.334364 0.000000 -0.266512 0.476767 
320 1.374036 0.000000 0.124200 76.538749 0.000000 -0.344807 0.414170 
321 1.522971 0.000000 0.078007 89.599960 0.000000 -0.287331 0.197176 
322 1.473326 0.000000 0.078007 87.529792 0.000000 -0.297699 0.233845 
323 1.522971 0.000000 0.031813 88.494702 0.000000 -0.263435 0.216862 
324 1.522971 0.000000 0.124200 86.108836 0.000000 -0.321219 0.258517 
325 0.877587 0.000000 -0.060573 89.941193 0.000000 -0.246686 0.191052 
326 0.679007 0.000000 -0.060573 94.377265 0.000000 -0.214401 0.109289 
327 0.877587 0.000000 -0.245346 92.091740 0.000000 -0.746750 0.151855 
328 0.877587 0.000000 0.124200 92.631265 0.000000 -0.424722 0.141927 
329 1.175457 0.000000 0.031813 75.734952 0.000000 -0.571653 0.426389 
330 1.076167 0.000000 0.031813 76.460299 0.000000 -0.212176 0.415378 
331 1.175457 0.000000 -0.060573 67.182872 0.000000 -0.276477 0.548639 
332 1.175457 0.000000 0.124200 76.081401 0.000000 -0.360442 0.421149 
333 1.374036 0.000000 0.216586 93.843529 0.000000 -0.550722 0.119309 
334 1.274746 0.000000 0.216586 93.663782 0.000000 -0.573228 0.122677 
335 1.374036 0.000000 0.308973 93.859446 0.000000 -0.549345 0.119010 
336 1.324391 0.000000 0.078007 81.615390 0.000000 -0.445385 0.333873 
337 1.274746 0.000000 0.078007 78.156895 0.000000 -0.493765 0.389126 
338 1.324391 0.000000 0.031813 78.363646 0.000000 -0.422168 0.385896 
339 1.374036 0.000000 0.078007 82.186442 0.000000 -0.359142 0.324526 
340 1.324391 0.000000 0.124200 75.320216 0.000000 -0.349901 0.432674 
341 0.877587 0.000000 0.308973 92.348646 0.000000 -0.717667 0.147121 
342 0.679007 0.000000 0.308973 91.132149 0.000000 -0.884603 0.169415 
343 0.877587 0.000000 0.493746 91.813478 0.000000 -0.781684 0.156967 
344 1.175457 0.000000 0.216586 93.522462 0.000000 -0.591648 0.125320 
345 1.076167 0.000000 0.216586 93.429584 0.000000 -0.604232 0.127055 
346 1.175457 0.000000 0.308973 93.565365 0.000000 -0.586574 0.124518 
347 1.225101 0.000000 0.078007 77.321004 0.000000 -0.560832 0.402115 
348 1.175457 0.000000 0.078007 72.794942 0.000000 -0.323568 0.470079 
349 1.225101 0.000000 0.031813 73.556538 0.000000 -0.517157 0.458917 
350 1.225101 0.000000 0.124200 79.554135 0.000000 -0.464709 0.367092 
351 0.976877 0.000000 0.031813 87.384964 0.000000 -0.233309 0.236381 
352 0.877587 0.000000 0.031813 90.830223 0.000000 -0.187937 0.174984 
353 0.976877 0.000000 -0.060573 87.134028 0.000000 -0.266103 0.240759 
354 0.976877 0.000000 0.124200 89.541778 0.000000 -0.350056 0.198215 
355 1.125812 0.000000 0.078007 74.785508 0.000000 -0.322913 0.440702 
356 1.076167 0.000000 0.078007 76.498223 0.000000 -0.290019 0.414794 
357 1.125812 0.000000 0.031813 73.190622 0.000000 -0.263506 0.464306 
358 1.125812 0.000000 0.124200 76.953255 0.000000 -0.359788 0.407807 
359 1.274746 0.000000 -0.430119 93.802113 0.000000 -0.558189 0.120085 
360 1.076167 0.000000 -0.430119 92.785051 0.000000 -0.663876 0.139049 
361 1.274746 0.000000 -0.614892 92.950533 0.000000 -0.641161 0.135979 
362 1.175457 0.000000 -0.152960 81.459635 0.000000 -0.482372 0.336410 
363 1.076167 0.000000 -0.152960 90.106989 0.000000 -0.480006 0.188050 
364 1.175457 0.000000 -0.245346 93.610714 0.000000 -0.581266 0.123670 
365 1.274746 0.000000 -0.152960 81.387592 0.000000 -0.466895 0.337584 
366 1.125812 0.000000 -0.014380 72.787024 0.000000 -0.254900 0.470198 
367 1.076167 0.000000 -0.014380 76.302730 0.000000 -0.186737 0.417786 
368 1.125812 0.000000 -0.060573 73.900438 0.000000 -0.276306 0.453865 
369 1.175457 0.000000 -0.014380 64.679987 0.000000 -0.253177 0.581644 
370 1.150634 0.000000 0.054910 86.357393 0.000000 -0.996436 0.254141 
371 1.125812 0.000000 0.054910 73.929945 0.000000 -0.278052 0.453429 
372 1.150634 0.000000 0.031813 67.694239 0.000000 -0.266821 0.541742 
373 1.175457 0.000000 0.054910 83.889104 0.000000 -0.855528 0.296189 
374 1.150634 0.000000 0.078007 73.803903 0.000000 -0.323746 0.455288 
375 1.225101 0.000000 -0.014380 51.922079 0.000000 -0.170938 0.730407 
376 1.225101 0.000000 -0.060573 62.683011 0.000000 -0.244241 0.607078 
377 1.274746 0.000000 -0.014380 57.021654 0.000000 -0.204729 0.674849 
378 1.150634 0.000000 0.008717 67.125137 0.000000 -0.258806 0.549415 
379 1.125812 0.000000 0.008717 72.780619 0.000000 -0.254868 0.470292 
380 1.150634 0.000000 -0.014380 67.137247 0.000000 -0.258720 0.549252 
381 1.175457 0.000000 0.008717 64.610762 0.000000 -0.253005 0.582539 
382 1.200279 0.000000 0.054910 82.091969 0.000000 -0.727440 0.326038 
383 1.200279 0.000000 0.031813 76.633749 0.000000 -0.611166 0.412689 
384 1.225101 0.000000 0.054910 80.731372 0.000000 -0.643999 0.348203 
385 1.200279 0.000000 0.078007 75.671132 0.000000 -0.498673 0.427363 
386 1.163045 0.000000 0.043362 83.970908 0.000000 -0.877394 0.294812 
387 1.150634 0.000000 0.043362 80.969518 0.000000 -0.713451 0.344343 
388 1.163045 0.000000 0.031813 66.713231 0.000000 -0.265446 0.554927 
389 1.175457 0.000000 0.043362 83.196764 0.000000 -0.837136 0.307760 
390 1.163045 0.000000 0.054910 85.055613 0.000000 -0.916782 0.276470 
391 3.260545 0.000000 -0.060573 96.889060 0.000000 -0.000000 0.061251 
392 3.260545 0.000000 -0.245346 98.711799 0.000000 9.393703 0.016774 
393 3.260545 0.000000 0.124200 96.968185 0.000000 -0.000000 0.059717 
394 3.260545 0.000000 0.308973 97.710449 0.000000 9.130000 0.036931 
395 3.061965 0.000000 0.308973 98.614761 0.000000 8.375611 0.020498 
396 3.459125 0.000000 0.308973 96.626834 0.000000 10.148397 0.056027 
397 3.260545 0.000000 0.493746 99.694124 0.000000 8.801286 -0.001638 
398 3.359835 0.000000 0.031813 97.606091 0.000000 -0.000000 0.047305 
399 3.260545 0.000000 0.031813 96.938172 0.000000 -0.000000 0.060299 
400 3.359835 0.000000 -0.060573 97.603543 0.000000 -0.000000 0.047355 
401 3.459125 0.000000 0.031813 98.387801 0.000000 -0.000000 0.031984 
402 3.359835 0.000000 0.124200 97.649495 0.000000 0.000000 0.046458 
403 8.225041 0.000000 -17.614007 96.074540 0.000000 27.443884 0.001652 
404 8.225041 0.000000 -23.526742 96.092220 0.000000 27.500094 0.001003 
405 14.579597 0.000000 -17.614007 96.104480 0.000000 27.434650 0.001127 
406 5.047764 0.000000 -8.744904 95.939397 0.000000 27.099521 0.006125 
407 5.047764 0.000000 -11.701271 96.005103 0.000000 27.309558 0.003721 
408 8.225041 0.000000 -8.744904 96.051693 0.000000 27.074334 0.004105 
409 3.459125 0.000000 -4.310352 95.483174 0.000000 26.117435 0.020084 
410 3.459125 0.000000 -5.788536 95.671964 0.000000 26.696089 0.013419 
411 5.047764 0.000000 -4.310352 95.850413 0.000000 26.025664 0.013536 
412 2.664805 0.000000 -2.093076 94.338900 0.000000 23.914131 0.052829 
413 2.664805 0.000000 -2.832168 94.734997 0.000000 25.138882 0.039332 
414 3.459125 0.000000 -2.093076 95.189875 0.000000 23.653692 0.037939 
415 3.061965 0.000000 -0.984438 94.972068 0.000000 19.438370 0.060246 
416 2.664805 0.000000 -0.984438 93.923132 0.000000 19.274066 0.080696 
417 3.061965 0.000000 -1.353984 94.755185 0.000000 21.384345 0.056416 
418 3.459125 0.000000 -0.984438 95.783921 0.000000 19.755316 0.043517 
419 3.260545 0.000000 -0.430119 97.003832 0.000000 13.853428 0.039834 
420 3.061965 0.000000 -0.430119 96.174104 0.000000 13.432006 0.057012 
421 3.260545 0.000000 -0.614892 96.155992 0.000000 16.474781 0.048261 
422 3.459125 0.000000 -0.430119 97.856020 0.000000 14.553458 0.021240 
423 3.359835 0.000000 -0.152960 102.219607 0.000000 6.425579 -0.049014 
424 3.260545 0.000000 -0.152960 100.221955 0.000000 5.442867 -0.007406 
425 3.359835 0.000000 -0.245346 99.821298 0.000000 10.012435 -0.006454 
426 3.459125 0.000000 -0.152960 103.680153 0.000000 8.201042 -0.081683 
427 3.657705 0.000000 0.308973 96.796273 0.000000 11.417321 0.050013 
428 3.856285 0.000000 0.308973 97.845448 0.000000 12.072831 0.028051 
429 3.657705 0.000000 0.493746 98.665769 0.000000 12.063939 0.011953 
430 3.558415 0.000000 0.031813 98.779431 0.000000 -0.000000 0.024262 
431 3.558415 0.000000 -0.060573 98.541001 0.000000 -0.000000 0.028967 
432 3.657705 0.000000 0.031813 99.219144 0.000000 0.000000 0.015556 
433 3.558415 0.000000 0.124200 98.749281 0.000000 0.000000 0.024858 
434 3.409480 0.000000 -0.014380 98.009701 0.000000 -0.000000 0.039410 
435 3.359835 0.000000 -0.014380 97.590241 0.000000 -0.000000 0.047614 
436 3.409480 0.000000 -0.060573 97.954465 0.000000 -0.000000 0.040492 
437 3.459125 0.000000 -0.014380 98.629508 0.000000 -0.000000 0.027222 
438 3.409480 0.000000 0.031813 98.096155 0.000000 -0.000000 0.037714 
439 4.253444 0.000000 -2.093076 95.824987 0.000000 23.784016 0.025189 
440 4.253444 0.000000 -2.832168 95.664309 0.000000 24.832144 0.023170 
441 5.047764 0.000000 -2.093076 96.212779 0.000000 24.044700 0.016495 
442 3.856285 0.000000 -0.984438 96.330809 0.000000 20.155926 0.031411 
443 3.856285 0.000000 -1.353984 95.898937 0.000000 21.731873 0.033112 
444 4.253444 0.000000 -0.984438 96.672797 0.000000 20.640765 0.022833 
445 3.657705 0.000000 -0.430119 98.184723 0.000000 15.557957 0.011771 
446 3.657705 0.000000 -0.614892 97.066103 0.000000 17.382995 0.027600 
447 3.856285 0.000000 -0.430119 98.034301 0.000000 16.372458 0.012122 
448 3.558415 0.000000 -0.152960 99.025633 0.000000 0.000000 0.019392 
449 3.558415 0.000000 -0.245346 100.855162 0.000000 12.068629 -0.031742 
450 3.657705 0.000000 -0.152960 99.367626 0.000000 0.000000 0.012607 
451 3.508770 0.000000 -0.014380 98.581736 0.000000 -0.000000 0.028164 
452 3.508770 0.000000 -0.060573 98.514783 0.000000 -0.000000 0.029484 
453 3.558415 0.000000 -0.014380 98.860482 0.000000 -0.000000 0.022661 
454 3.508770 0.000000 0.031813 98.559028 0.000000 -0.000000 0.028612 
455 3.359835 0.000000 0.216586 95.630030 0.000000 6.406448 0.081385 
456 3.260545 0.000000 0.216586 96.737567 0.000000 6.124043 0.060434 
457 3.459125 0.000000 0.216586 94.851211 0.000000 7.055122 0.095347 
458 3.359835 0.000000 0.308973 97.091320 0.000000 9.554906 0.048198 
459 3.409480 0.000000 0.078007 97.743550 0.000000 -0.000000 0.044620 
460 3.359835 0.000000 0.078007 97.601705 0.000000 -0.000000 0.047391 
461 3.459125 0.000000 0.078007 98.266680 0.000000 -0.000000 0.034366 
462 3.409480 0.000000 0.124200 97.832558 0.000000 -0.000000 0.042879 
463 3.434302 0.000000 0.008717 98.104310 0.000000 0.000000 0.037554 
464 3.409480 0.000000 0.008717 97.980433 0.000000 -0.000000 0.039983 
465 3.434302 0.000000 -0.014380 98.292649 0.000000 -0.000000 0.033856 
466 3.459125 0.000000 0.008717 98.658705 0.000000 -0.000000 0.026646 
467 3.434302 0.000000 0.031813 98.325489 0.000000 -0.000000 0.033210 
468 3.409480 0.000000 -0.106766 97.787112 0.000000 -0.000000 0.043768 
469 3.359835 0.000000 -0.106766 97.655222 0.000000 -0.000000 0.046346 
470 3.409480 0.000000 -0.152960 103.160952 0.000000 7.221304 -0.069433 
471 3.459125 0.000000 -0.106766 98.206933 0.000000 -0.000000 0.035540 
472 3.434302 0.000000 -0.037477 98.322324 0.000000 -0.000000 0.033272 
473 3.409480 0.000000 -0.037477 98.053612 0.000000 -0.000000 0.038549 
474 3.434302 0.000000 -0.060573 98.186512 0.000000 -0.000000 0.035941 
475 3.459125 0.000000 -0.037477 98.381288 0.000000 -0.000000 0.032112 
476 3.558415 0.000000 0.216586 94.962443 0.000000 7.692836 0.092295 
477 3.657705 0.000000 0.216586 95.528648 0.000000 8.222967 0.080666 
478 3.558415 0.000000 0.308973 96.542007 0.000000 10.794119 0.056313 
479 3.508770 0.000000 0.078007 98.329208 0.000000 -0.000000 0.033137 
480 3.558415 0.000000 0.078007 98.551188 0.000000 -0.000000 0.028766 
481 3.508770 0.000000 0.124200 98.494545 0.000000 -0.000000 0.029882 
482 3.483947 0.000000 0.008717 98.846754 0.000000 -0.000000 0.022932 
483 3.483947 0.000000 -0.014380 98.775578 0.000000 -0.000000 0.024339 
484 3.508770 0.000000 0.008717 98.586240 0.000000 -0.000000 0.028075 
485 3.483947 0.000000 0.031813 98.476013 0.000000 -0.000000 0.030247 
486 3.446714 0.000000 -0.002832 98.184924 0.000000 -0.000000 0.035972 
487 3.434302 0.000000 -0.002832 98.070885 0.000000 0.000000 0.038210 
488 3.446714 0.000000 -0.014380 98.365965 0.000000 -0.000000 0.032414 
489 3.459125 0.000000 -0.002832 98.227580 0.000000 -0.000000 0.035134 
490 3.446714 0.000000 0.008717 98.363793 0.000000 -0.000000 0.032456 
491 3.161255 0.000000 0.031813 96.464329 0.000000 -0.000000 0.069463 
492 3.061965 0.000000 0.031813 96.393644 0.000000 -0.000000 0.070827 
493 3.161255 0.000000 -0.060573 96.471191 0.000000 -0.000000 0.069331 
494 3.161255 0.000000 0.124200 96.676145 0.000000 -0.000000 0.065372 
495 3.310190 0.000000 -0.014380 97.367651 0.000000 -0.000000 0.051954 
496 3.260545 0.000000 -0.014380 97.018787 0.000000 -0.000000 0.058735 
497 3.310190 0.000000 -0.060573 97.295417 0.000000 0.000000 0.053360 
498 3.310190 0.000000 0.031813 97.329279 0.000000 -0.000000 0.052701 
499 3.384657 0.000000 0.008717 97.796053 0.000000 -0.000000 0.043593 
500 3.359835 0.000000 0.008717 97.598981 0.000000 0.000000 0.047444 
501 3.384657 0.000000 -0.014380 97.832970 0.000000 -0.000000 0.042871 
502 3.384657 0.000000 0.031813 97.684549 0.000000 -0.000000 0.045773 
503 3.161255 0.000000 -0.152960 98.793283 0.000000 4.805772 0.021679 
504 3.061965 0.000000 -0.152960 96.975886 0.000000 0.000000 0.059568 
505 3.161255 0.000000 -0.245346 97.794944 0.000000 8.995455 0.035523 
506 3.210900 0.000000 -0.014380 96.808370 0.000000 -0.000000 0.062814 
507 3.161255 0.000000 -0.014380 96.448101 0.000000 -0.000000 0.069776 
508 3.210900 0.000000 -0.060573 96.759165 0.000000 -0.000000 0.063766 
509 3.210900 0.000000 0.031813 96.747668 0.000000 -0.000000 0.063989 
510 3.310190 0.000000 0.078007 97.297376 0.000000 0.000000 0.053322 
511 3.260545 0.000000 0.078007 96.888734 0.000000 -0.000000 0.061257 
512 3.310190 0.000000 0.124200 97.317698 0.000000 0.000000 0.052927 
513 3.285367 0.000000 0.008717 97.180348 0.000000 -0.000000 0.055598 
514 3.260545 0.000000 0.008717 97.077652 0.000000 -0.000000 0.057593 
515 3.285367 0.000000 -0.014380 97.141828 0.000000 -0.000000 0.056347 
516 3.310190 0.000000 0.008717 97.372086 0.000000 -0.000000 0.051868 
517 3.285367 0.000000 0.031813 97.099555 0.000000 -0.000000 0.057168 
518 2.863385 0.000000 0.308973 99.174026 0.000000 7.323103 0.011088 
519 2.664805 0.000000 0.308973 99.843920 0.000000 5.905375 -0.000368 
520 2.863385 0.000000 0.493746 100.425799 0.000000 7.725784 -0.014503 
521 3.161255 0.000000 0.216586 97.562660 0.000000 6.053963 0.044488 
522 3.061965 0.000000 0.216586 98.046691 0.000000 5.969473 0.035121 
523 3.161255 0.000000 0.308973 98.240516 0.000000 8.768133 0.027192 
524 3.210900 0.000000 0.078007 96.711690 0.000000 -0.000000 0.064685 
525 3.161255 0.000000 0.078007 96.485710 0.000000 -0.000000 0.069051 
526 3.210900 0.000000 0.124200 96.808924 0.000000 -0.000000 0.062803 
527 3.235723 0.000000 0.008717 96.939238 0.000000 -0.000000 0.060278 
528 3.210900 0.000000 0.008717 96.812602 0.000000 -0.000000 0.062732 
529 3.235723 0.000000 -0.014380 96.930819 0.000000 -0.000000 0.060442 
530 3.235723 0.000000 0.031813 96.839988 0.000000 -0.000000 0.062202 
531 2.962675 0.000000 0.031813 96.846001 0.000000 -0.000000 0.062085 
532 2.863385 0.000000 0.031813 96.634910 0.000000 -0.000000 0.066169 
533 2.962675 0.000000 -0.060573 96.802073 0.000000 -0.000000 0.062936 
534 2.962675 0.000000 0.124200 97.046339 0.000000 -0.000000 0.058201 
535 3.111610 0.000000 -0.014380 96.171700 0.000000 -0.000000 0.075100 
536 3.061965 0.000000 -0.014380 96.379806 0.000000 -0.000000 0.071093 
537 3.111610 0.000000 -0.060573 96.364516 0.000000 -0.000000 0.071388 
538 3.111610 0.000000 0.031813 96.318693 0.000000 -0.000000 0.072271 
539 3.186078 0.000000 0.008717 96.602932 0.000000 -0.000000 0.066787 
540 3.161255 0.000000 0.008717 96.444843 0.000000 -0.000000 0.069839 
541 3.186078 0.000000 -0.014380 96.588326 0.000000 -0.000000 0.067070 
542 3.186078 0.000000 0.031813 96.543901 0.000000 -0.000000 0.067928 
543 3.111610 0.000000 0.078007 96.390100 0.000000 -0.000000 0.070895 
544 3.061965 0.000000 0.078007 96.678470 0.000000 -0.000000 0.065327 
545 3.111610 0.000000 0.124200 96.598064 0.000000 -0.000000 0.066881 
546 3.136433 0.000000 0.008717 96.324184 0.000000 -0.000000 0.072165 
547 3.111610 0.000000 0.008717 96.071563 0.000000 -0.000000 0.077025 
548 3.136433 0.000000 -0.014380 96.342017 0.000000 -0.000000 0.071822 
549 3.136433 0.000000 0.031813 96.401430 0.000000 -0.000000 0.070676 
550 3.210900 0.000000 -0.106766 96.719073 0.000000 -0.000000 0.064542 
551 3.161255 0.000000 -0.106766 96.573499 0.000000 -0.000000 0.067356 
552 3.210900 0.000000 -0.152960 96.752513 0.000000 0.000000 0.063895 
553 3.260545 0.000000 -0.106766 96.968838 0.000000 -0.000000 0.059704 
554 3.186078 0.000000 -0.037477 96.546813 0.000000 -0.000000 0.067871 
555 3.161255 0.000000 -0.037477 96.470529 0.000000 -0.000000 0.069344 
556 3.186078 0.000000 -0.060573 96.656540 0.000000 -0.000000 0.065751 
557 3.210900 0.000000 -0.037477 96.749677 0.000000 -0.000000 0.063950 
558 3.173666 0.000000 -0.002832 96.545745 0.000000 0.000000 0.067892 
559 3.161255 0.000000 -0.002832 96.558071 0.000000 -0.000000 0.067654 
560 3.173666 0.000000 -0.014380 96.505817 0.000000 -0.000000 0.068663 
561 3.186078 0.000000 -0.002832 96.617750 0.000000 -0.000000 0.066501 
562 3.173666 0.000000 0.008717 96.541943 0.000000 -0.000000 0.067965 
563 2.466226 0.000000 0.308973 97.125746 0.000000 -0.225218 0.056654 
564 2.466226 0.000000 0.493746 97.243644 0.000000 -0.228719 0.054362 
565 2.565515 0.000000 0.031813 94.617720 0.000000 -0.012500 0.104749 
566 2.466226 0.000000 0.031813 94.292981 0.000000 -0.035392 0.110883 
567 2.565515 0.000000 -0.060573 94.591270 0.000000 -0.011334 0.105249 
568 2.664805 0.000000 0.031813 95.345388 0.000000 0.000000 0.090926 
569 2.565515 0.000000 0.124200 95.301099 0.000000 -0.065843 0.091770 
570 5.842083 0.000000 0.863292 101.779074 0.000000 17.214442 -0.065532 
571 5.842083 0.000000 0.124200 99.698282 0.000000 15.141870 -0.016902 
572 6.636403 0.000000 0.863292 99.886086 0.000000 17.052303 -0.026801 
573 5.842083 0.000000 1.602384 100.858862 0.000000 12.418044 -0.032672 
574 -17.193180 0.000000 -17.614007 96.100703 0.000000 27.573308 0.000437 
575 -23.547735 0.000000 -17.614007 96.111800 0.000000 27.573950 0.000220 
576 -17.193180 0.000000 -23.526742 96.104492 0.000000 27.566393 0.000402 
577 20.934152 0.000000 -17.614007 96.123538 0.000000 27.443692 0.000711 
578 20.934152 0.000000 -23.526742 96.116961 0.000000 27.490941 0.000578 
579 27.288707 0.000000 -17.614007 96.133009 0.000000 27.457303 0.000454 
580 -7.661347 0.000000 -8.744904 96.021406 0.000000 27.599715 0.001815 
581 -10.838625 0.000000 -8.744904 96.066215 0.000000 27.605025 0.000925 
582 -7.661347 0.000000 -11.701271 96.037212 0.000000 27.573314 0.001657 
583 11.402319 0.000000 -8.744904 96.126231 0.000000 27.115846 0.002448 
584 11.402319 0.000000 -11.701271 96.096522 0.000000 27.285882 0.002094 
585 14.579597 0.000000 -8.744904 96.155868 0.000000 27.169495 0.001587 
586 -2.895430 0.000000 -4.310352 95.708963 0.000000 27.691948 0.007295 
587 -4.484069 0.000000 -4.310352 95.881427 0.000000 27.713196 0.003873 
588 -2.895430 0.000000 -5.788536 95.774465 0.000000 27.581306 0.006652 
589 6.636403 0.000000 -4.310352 96.089082 0.000000 26.124222 0.008441 
590 6.636403 0.000000 -5.788536 96.009750 0.000000 26.602168 0.007445 
591 8.225041 0.000000 -4.310352 96.209295 0.000000 26.273403 0.005348 
592 -0.512472 0.000000 -2.093076 94.499520 0.000000 28.126739 0.027873 
593 -1.306792 0.000000 -2.093076 95.135876 0.000000 28.215680 0.015304 
594 -0.512472 0.000000 -2.832168 94.808787 0.000000 27.693319 0.024437 
595 0.679007 0.000000 -0.984438 89.933672 0.000000 27.829267 0.113747 
596 0.281847 0.000000 -0.984438 91.823082 0.000000 29.440146 0.070180 
597 0.679007 0.000000 -1.353984 91.541700 0.000000 27.397378 0.086950 
598 2.267646 0.000000 -0.984438 92.462199 0.000000 19.446990 0.107256 
599 2.267646 0.000000 -1.353984 92.908199 0.000000 21.793219 0.089312 
600 0.877587 0.000000 -0.430119 91.504979 0.000000 -0.825125 0.162616 
601 0.679007 0.000000 -0.430119 90.599829 0.000000 -0.991829 0.179069 
602 0.877587 0.000000 -0.614892 90.610598 0.000000 -0.989812 0.178874 
603 1.374036 0.000000 -0.152960 89.084847 0.000000 -0.455765 0.206368 
604 1.374036 0.000000 -0.245346 93.874553 0.000000 -0.548106 0.118727 
605 1.473326 0.000000 -0.152960 89.130277 0.000000 -0.435909 0.205560 
606 2.069066 0.000000 -0.430119 96.533348 0.000000 -0.241547 0.068125 
607 2.069066 0.000000 -0.614892 97.037394 0.000000 -0.224677 0.058369 
608 2.267646 0.000000 -0.430119 97.040278 0.000000 -0.224714 0.058313 
609 2.466226 0.000000 -0.430119 93.669418 0.000000 12.313266 0.107442 
610 2.466226 0.000000 -0.614892 93.401536 0.000000 15.462346 0.103707 
611 2.664805 0.000000 -0.430119 94.673578 0.000000 12.639859 0.087715 
612 1.572616 0.000000 -0.152960 91.704065 0.000000 -0.419891 0.159019 
613 1.572616 0.000000 -0.245346 94.186818 0.000000 -0.511461 0.112858 
614 1.969776 0.000000 -0.152960 94.816605 0.000000 -0.281833 0.100973 
615 1.969776 0.000000 -0.245346 95.524383 0.000000 -0.338698 0.087498 
616 2.069066 0.000000 -0.152960 95.283240 0.000000 -0.201535 0.092106 
617 5.842083 0.000000 -0.614892 97.684878 0.000000 21.215633 0.000756 
618 5.842083 0.000000 -1.353984 96.869679 0.000000 23.270968 0.007473 
619 6.636403 0.000000 -0.614892 97.520292 0.000000 22.284791 -0.000682 
620 2.863385 0.000000 -0.430119 95.449516 0.000000 13.041507 0.071931 
621 2.863385 0.000000 -0.614892 95.001491 0.000000 15.910255 0.072158 
622 2.962675 0.000000 -0.152960 96.975886 0.000000 0.000000 0.059568 
623 2.863385 0.000000 -0.152960 96.551178 0.000000 0.000000 0.067787 
624 2.962675 0.000000 -0.245346 96.610716 0.000000 8.364999 0.059640 
625 2.764095 0.000000 0.031813 95.986773 0.000000 0.000000 0.078654 
626 2.764095 0.000000 -0.060573 96.137537 0.000000 0.000000 0.075757 
627 2.764095 0.000000 0.124200 96.138013 0.000000 0.000000 0.075748 
628 1.920131 0.000000 -0.014380 92.108367 0.000000 -0.188529 0.151601 
629 1.920131 0.000000 -0.060573 92.052278 0.000000 -0.225345 0.152633 
630 1.969776 0.000000 -0.014380 92.753790 0.000000 -0.131982 0.139672 
631 1.622261 0.000000 -0.014380 82.557821 0.000000 -0.121436 0.318419 
632 1.572616 0.000000 -0.014380 85.772001 0.000000 -0.221403 0.264311 
633 1.622261 0.000000 -0.060573 86.068112 0.000000 -0.226708 0.259223 
634 1.746374 0.000000 0.054910 94.485815 0.000000 -0.222249 0.107238 
635 1.746374 0.000000 0.031813 92.166600 0.000000 -0.214929 0.150527 
636 1.746374 0.000000 0.078007 92.217014 0.000000 -0.244333 0.149596 
637 1.845664 0.000000 0.008717 89.511551 0.000000 -0.149557 0.198766 
638 1.845664 0.000000 -0.014380 89.580646 0.000000 -0.152464 0.197528 
639 1.870486 0.000000 0.008717 90.920978 0.000000 -0.184486 0.173334 
640 1.746374 0.000000 0.008717 88.571737 0.000000 -0.203702 0.215501 
641 1.721551 0.000000 0.008717 87.886599 0.000000 -0.196185 0.227591 
642 1.746374 0.000000 -0.014380 88.574862 0.000000 -0.204263 0.215445 
643 1.696729 0.000000 0.008717 89.869403 0.000000 -0.213056 0.192345 
644 1.671906 0.000000 0.008717 88.905995 0.000000 -0.206506 0.209568 
645 1.696729 0.000000 -0.014380 87.488859 0.000000 -0.211499 0.234565 
646 1.324391 0.000000 -0.014380 65.137312 0.000000 -0.254007 0.575707 
647 1.324391 0.000000 -0.060573 70.613543 0.000000 -0.297632 0.501364 
648 1.374036 0.000000 -0.014380 74.850056 0.000000 -0.285079 0.439739 
649 1.423681 0.000000 0.078007 85.053856 0.000000 -0.330949 0.276573 
650 1.423681 0.000000 0.031813 80.876448 0.000000 -0.277788 0.345892 
651 1.423681 0.000000 0.124200 88.377441 0.000000 -0.431974 0.218924 
652 0.976877 0.000000 -0.152960 90.176099 0.000000 -0.428096 0.186809 
653 0.877587 0.000000 -0.152960 92.654041 0.000000 -0.522238 0.141496 
654 0.976877 0.000000 -0.245346 92.659938 0.000000 -0.681476 0.141367 
655 0.976877 0.000000 0.216586 93.212117 0.000000 -0.627736 0.131111 
656 0.877587 0.000000 0.216586 92.323363 0.000000 -0.721432 0.147588 
657 0.976877 0.000000 0.308973 92.855274 0.000000 -0.662346 0.137746 
658 1.200279 0.000000 0.008717 59.165199 0.000000 -0.214654 0.649943 
659 1.200279 0.000000 -0.014380 59.439082 0.000000 -0.216082 0.646695 
660 1.225101 0.000000 0.008717 50.123663 0.000000 -0.159448 0.748759 
661 3.310190 0.000000 -0.106766 97.311513 0.000000 0.000000 0.053047 
662 3.310190 0.000000 -0.152960 101.171784 0.000000 5.857180 -0.027004 
663 3.384657 0.000000 -0.037477 97.683859 0.000000 -0.000000 0.045786 
664 3.359835 0.000000 -0.037477 97.605672 0.000000 -0.000000 0.047313 
665 3.384657 0.000000 -0.060573 97.680426 0.000000 -0.000000 0.045853 
666 3.508770 0.000000 -0.106766 98.329825 0.000000 -0.000000 0.033125 
667 3.508770 0.000000 -0.152960 99.367440 0.000000 0.000000 0.012611 
668 3.558415 0.000000 -0.106766 98.649468 0.000000 -0.000000 0.026828 
669 3.483947 0.000000 -0.037477 98.467424 0.000000 -0.000000 0.030417 
670 3.483947 0.000000 -0.060573 98.434665 0.000000 -0.000000 0.031062 
671 3.508770 0.000000 -0.037477 98.550222 0.000000 -0.000000 0.028785 
672 3.335012 0.000000 0.008717 97.487547 0.000000 0.000000 0.049618 
673 3.335012 0.000000 -0.014380 97.483373 0.000000 0.000000 0.049699 
674 3.335012 0.000000 0.031813 97.468213 0.000000 -0.000000 0.049995 
675 3.111610 0.000000 -0.106766 96.494151 0.000000 -0.000000 0.068888 
676 3.061965 0.000000 -0.106766 96.642725 0.000000 0.000000 0.066018 
677 3.111610 0.000000 -0.152960 98.280658 0.000000 4.532657 0.032037 
678 3.235723 0.000000 -0.037477 96.841098 0.000000 -0.000000 0.062180 
679 3.235723 0.000000 -0.060573 96.794816 0.000000 -0.000000 0.063076 
680 3.260545 0.000000 -0.037477 96.938422 0.000000 -0.000000 0.060294 
681 2.962675 0.000000 0.216586 98.354912 0.000000 5.789659 0.029279 
682 2.863385 0.000000 0.216586 98.627323 0.000000 5.526565 0.024211 
683 2.962675 0.000000 0.308973 98.898683 0.000000 7.891492 0.015677 
684 3.136433 0.000000 -0.037477 96.417366 0.000000 -0.000000 0.070369 
685 3.111610 0.000000 -0.037477 96.344055 0.000000 -0.000000 0.071782 
686 3.136433 0.000000 -0.060573 96.420912 0.000000 -0.000000 0.070301 
687 5.842083 0.000000 -2.093076 96.440883 0.000000 24.391795 0.010420 
688 5.842083 0.000000 -2.832168 96.197512 0.000000 25.133161 0.011436 
689 6.636403 0.000000 -2.093076 96.542750 0.000000 24.708781 0.006897 
690 2.764095 0.000000 -0.152960 96.138013 0.000000 0.000000 0.075748 
691 2.664805 0.000000 -0.152960 95.307950 0.000000 0.000000 0.091639 
692 2.764095 0.000000 -0.245346 95.679261 0.000000 7.810872 0.078447 
693 1.522971 0.000000 -0.014380 84.312374 0.000000 -0.246804 0.289136 
694 1.473326 0.000000 -0.014380 79.532128 0.000000 -0.224766 0.367459 
695 1.522971 0.000000 -0.060573 84.124083 0.000000 -0.275123 0.292306 
696 1.423681 0.000000 -0.014380 73.340541 0.000000 -0.170623 0.462114 
697 1.423681 0.000000 -0.060573 77.437257 0.000000 -0.250056 0.400341 
698 3.285367 0.000000 -0.037477 97.038548 0.000000 -0.000000 0.058352 
699 3.285367 0.000000 -0.060573 97.166164 0.000000 0.000000 0.055874 
700 3.310190 0.000000 -0.037477 97.329175 0.000000 -0.000000 0.052703 
701 3.335012 0.000000 -0.037477 97.467826 0.000000 -0.000000 0.050002 
702 3.335012 0.000000 -0.060573 97.517591 0.000000 -0.000000 0.049032 
703 2.764095 0.000000 0.216586 98.911775 0.000000 5.213939 0.018928 
704 2.664805 0.000000 0.216586 99.222751 0.000000 4.810455 0.013171 
705 2.764095 0.000000 0.308973 99.492783 0.000000 6.677381 0.005660 
706 2.565515 0.000000 0.216586 97.243654 0.000000 -0.228719 0.054362 
707 2.466226 0.000000 0.216586 97.125912 0.000000 -0.225222 0.056651 
708 2.565515 0.000000 0.308973 97.256869 0.000000 -0.229230 0.054105 
709 2.565515 0.000000 -0.152960 94.906720 0.000000 -0.032285 0.099271 
710 2.466226 0.000000 -0.152960 94.829857 0.000000 -0.076068 0.100729 
711 2.565515 0.000000 -0.245346 94.673524 0.000000 7.278373 0.098395 
1 19 21 9 22 
2 20 19 22 4 
3 28 29 3 30 
4 21 28 30 9 
5 35 37 21 38 
6 36 35 38 19 
7 44 45 28 46 
8 37 44 46 21 
9 51 53 37 54 
10 52 51 54 35 
11 60 61 44 62 
12 53 60 62 37 
13 67 69 53 70 
14 68 67 70 51 
15 76 77 60 78 
16 69 76 78 53 
17 83 85 69 86 
18 84 83 86 67 
19 11 94 92 93 
20 94 10 24 92 
21 92 24 14 95 
22 93 92 95 6 
23 24 98 96 97 
24 98 23 40 96 
25 96 40 27 99 
26 97 96 99 14 
27 40 102 100 101 
28 102 39 56 100 
29 100 56 43 103 
30 101 100 103 27 
31 56 106 104 105 
32 106 55 72 104 
33 104 72 59 107 
34 105 104 107 43 
35 72 110 108 109 
36 109 108 111 59 
37 112 113 76 114 
38 85 112 114 69 
39 115 117 85 118 
40 116 115 118 83 
41 132 133 112 134 
42 117 132 134 85 
43 136 124 137 135 
44 135 137 127 138 
45 15 140 139 33 
46 140 17 141 139 
47 139 141 8 142 
48 33 139 142 18 
49 31 144 143 49 
50 144 33 145 143 
51 143 145 18 146 
52 49 143 146 34 
53 148 49 149 147 
54 147 149 34 150 
55 152 65 153 151 
56 151 153 50 154 
57 124 160 159 137 
58 137 159 162 127 
59 18 142 163 45 
60 142 8 164 163 
61 163 164 29 165 
62 45 163 165 28 
63 34 146 166 61 
64 146 18 167 166 
65 166 167 45 168 
66 61 166 168 44 
67 150 34 170 169 
68 169 170 61 171 
69 77 169 171 60 
70 154 50 173 172 
71 172 173 77 174 
72 113 172 174 76 
73 175 176 113 177 
74 133 175 177 112 
75 183 151 184 182 
76 182 184 154 185 
77 185 154 187 186 
78 186 187 172 188 
79 176 186 188 113 
80 191 182 192 189 
81 189 192 185 193 
82 194 196 117 197 
83 195 194 197 115 
84 138 127 204 203 
85 203 204 132 205 
86 196 203 205 117 
87 207 135 208 206 
88 206 208 138 209 
89 131 202 210 211 
90 202 5 212 210 
91 210 212 196 213 
92 211 210 213 194 
93 214 217 5 218 
94 215 214 218 202 
95 223 215 202 226 
96 224 223 226 131 
97 12 229 227 228 
98 229 7 230 227 
99 227 230 13 25 
100 228 227 25 10 
101 25 233 231 232 
102 233 13 234 231 
103 231 234 26 41 
104 232 231 41 23 
105 41 237 235 236 
106 237 26 238 235 
107 235 238 42 57 
108 236 235 57 39 
109 57 241 239 240 
110 241 42 242 239 
111 239 242 58 73 
112 240 239 73 55 
113 73 245 243 244 
114 245 58 246 243 
115 243 246 74 89 
116 244 243 89 71 
117 89 249 247 248 
118 249 74 250 247 
119 247 250 90 129 
120 248 247 129 87 
121 129 253 251 252 
122 253 90 254 251 
123 251 254 130 200 
124 252 251 200 128 
125 200 257 255 256 
126 257 130 258 255 
127 198 261 259 260 
128 259 262 214 263 
129 260 259 263 215 
130 128 266 264 265 
131 266 200 256 264 
132 256 269 267 268 
133 269 255 270 267 
134 267 270 216 261 
135 268 267 261 198 
136 5 209 271 212 
137 209 138 272 271 
138 271 272 203 273 
139 212 271 273 196 
140 201 275 274 217 
141 275 206 276 274 
142 274 276 209 277 
143 217 274 277 5 
144 216 279 278 262 
145 279 201 280 278 
146 278 280 217 281 
147 262 278 281 214 
148 261 284 282 283 
149 284 216 285 282 
150 282 285 262 286 
151 283 282 286 259 
152 6 95 287 288 
153 95 14 36 287 
154 287 36 19 289 
155 288 287 289 20 
156 14 99 290 291 
157 99 27 52 290 
158 290 52 35 292 
159 291 290 292 36 
160 27 103 293 294 
161 103 43 68 293 
162 293 68 51 295 
163 294 293 295 52 
164 43 107 296 297 
165 107 59 84 296 
166 296 84 67 298 
167 297 296 298 68 
168 59 111 299 300 
169 299 116 83 301 
170 300 299 301 84 
171 302 195 115 304 
172 303 302 304 116 
173 91 222 305 306 
174 222 131 211 305 
175 305 211 194 307 
176 306 305 307 195 
177 219 310 308 309 
178 310 199 224 308 
179 308 224 131 311 
180 309 308 311 222 
181 199 314 312 313 
182 314 225 315 312 
183 312 315 223 316 
184 313 312 316 224 
185 220 323 321 322 
186 323 219 309 321 
187 321 309 222 324 
188 322 321 324 91 
189 108 327 325 326 
190 326 325 328 111 
191 123 320 333 334 
192 320 91 306 333 
193 333 306 195 335 
194 334 333 335 302 
195 318 338 336 337 
196 338 317 339 336 
197 336 339 320 340 
198 337 336 340 123 
199 111 328 341 342 
200 341 303 116 343 
201 342 341 343 299 
202 75 332 344 345 
203 332 123 334 344 
204 344 334 302 346 
205 345 344 346 303 
206 349 318 337 347 
207 347 337 123 350 
208 348 347 350 332 
209 325 353 351 352 
210 353 120 330 351 
211 351 330 75 354 
212 352 351 354 328 
213 330 357 355 356 
214 355 348 332 358 
215 356 355 358 75 
216 71 361 359 360 
217 361 89 248 359 
218 359 248 87 121 
219 360 359 121 88 
220 88 364 362 363 
221 364 121 365 362 
222 362 365 119 331 
223 363 362 331 120 
224 120 368 366 367 
225 368 331 369 366 
226 367 366 357 330 
227 357 372 370 371 
228 370 373 348 374 
229 371 370 374 355 
230 331 376 375 369 
231 376 119 377 375 
232 375 377 318 349 
233 366 380 378 379 
234 380 369 381 378 
235 378 381 329 372 
236 379 378 372 357 
237 329 383 382 373 
238 383 349 384 382 
239 382 384 347 385 
240 373 382 385 348 
241 372 388 386 387 
242 388 329 389 386 
243 386 389 373 390 
244 387 386 390 370 
245 394 396 176 397 
246 395 394 397 175 
247 7 404 403 230 
248 404 16 405 403 
249 403 405 15 32 
250 230 403 32 13 
251 13 407 406 234 
252 407 32 408 406 
253 406 408 31 48 
254 234 406 48 26 
255 26 410 409 238 
256 410 48 411 409 
257 409 411 47 64 
258 238 409 64 42 
259 42 413 412 242 
260 413 64 414 412 
261 412 414 63 80 
262 242 412 80 58 
263 80 417 415 416 
264 417 63 418 415 
265 415 418 81 156 
266 416 415 156 79 
267 156 421 419 420 
268 421 81 422 419 
269 419 422 157 392 
270 420 419 392 155 
271 392 425 423 424 
272 425 157 426 423 
273 193 185 428 427 
274 427 428 186 429 
275 396 427 429 176 
276 431 189 432 430 
277 430 432 193 433 
278 64 440 439 414 
279 440 47 441 439 
280 439 441 65 152 
281 414 439 152 63 
282 63 443 442 418 
283 443 152 444 442 
284 442 444 151 183 
285 418 442 183 81 
286 81 446 445 422 
287 446 183 447 445 
288 445 447 182 191 
289 422 445 191 157 
290 157 449 448 426 
291 449 191 450 448 
292 448 450 189 431 
293 452 431 453 451 
294 451 453 430 454 
295 393 402 455 456 
296 402 66 457 455 
297 455 457 396 458 
298 456 455 458 394 
299 398 438 459 460 
300 438 401 461 459 
301 459 461 66 462 
302 460 459 462 402 
303 434 465 463 464 
304 463 466 401 467 
305 464 463 467 438 
306 423 470 468 469 
307 470 426 471 468 
308 468 471 190 436 
309 469 468 436 400 
310 436 474 472 473 
311 474 190 475 472 
312 472 475 437 465 
313 473 472 465 434 
314 66 433 476 457 
315 433 193 477 476 
316 476 477 427 478 
317 457 476 478 396 
318 401 454 479 461 
319 454 430 480 479 
320 479 480 433 481 
321 461 479 481 66 
322 437 483 482 466 
323 483 451 484 482 
324 482 484 454 485 
325 466 482 485 401 
326 465 488 486 487 
327 488 437 489 486 
328 486 489 466 490 
329 487 486 490 463 
330 435 501 499 500 
331 501 434 464 499 
332 499 464 438 502 
333 500 499 502 398 
334 155 505 503 504 
335 505 392 424 503 
336 399 498 510 511 
337 498 398 460 510 
338 510 460 402 512 
339 511 510 512 393 
340 496 515 513 514 
341 515 495 516 513 
342 513 516 498 517 
343 514 513 517 399 
344 518 395 175 520 
345 519 518 520 133 
346 158 494 521 522 
347 494 393 456 521 
348 521 456 394 523 
349 522 521 523 395 
350 491 509 524 525 
351 509 399 511 524 
352 524 511 393 526 
353 525 524 526 494 
354 506 529 527 528 
355 529 496 514 527 
356 527 514 399 530 
357 528 527 530 509 
358 178 533 531 532 
359 533 180 492 531 
360 531 492 158 534 
361 532 531 534 181 
362 180 537 535 536 
363 536 535 538 492 
364 541 506 528 539 
365 539 528 509 542 
366 540 539 542 491 
367 492 538 543 544 
368 538 491 525 543 
369 543 525 494 545 
370 544 543 545 158 
371 535 548 546 547 
372 548 507 540 546 
373 546 540 491 549 
374 547 546 549 538 
375 503 552 550 551 
376 552 424 553 550 
377 550 553 391 508 
378 551 550 508 493 
379 493 556 554 555 
380 556 508 557 554 
381 554 557 506 541 
382 555 554 541 507 
383 507 560 558 559 
384 560 541 561 558 
385 558 561 539 562 
386 559 558 562 540 
387 127 162 563 204 
388 563 519 133 564 
389 204 563 564 132 
390 159 567 565 566 
391 567 161 568 565 
392 565 568 82 569 
393 566 565 569 162 
394 50 571 570 173 
395 571 150 572 570 
396 570 572 169 573 
397 173 570 573 77 
398 1 576 574 575 
399 576 12 228 574 
400 574 228 10 94 
401 575 574 94 11 
402 16 578 577 405 
403 578 2 579 577 
404 577 579 17 140 
405 405 577 140 15 
406 10 582 580 581 
407 582 25 232 580 
408 580 232 23 98 
409 581 580 98 24 
410 32 584 583 408 
411 584 15 585 583 
412 583 585 33 144 
413 408 583 144 31 
414 23 588 586 587 
415 588 41 236 586 
416 586 236 39 102 
417 587 586 102 40 
418 48 590 589 411 
419 590 31 591 589 
420 589 591 49 148 
421 411 589 148 47 
422 39 594 592 593 
423 594 57 240 592 
424 592 240 55 106 
425 593 592 106 56 
426 55 597 595 596 
427 597 73 244 595 
428 595 244 71 110 
429 596 595 110 72 
430 58 599 598 246 
431 599 80 416 598 
432 598 416 79 125 
433 246 598 125 74 
434 110 602 600 601 
435 602 71 360 600 
436 600 360 88 327 
437 601 600 327 108 
438 121 604 603 365 
439 604 87 605 603 
440 603 605 122 319 
441 365 603 319 119 
442 74 607 606 250 
443 607 125 608 606 
444 606 608 124 136 
445 250 606 136 90 
446 125 610 609 608 
447 610 79 611 609 
448 609 611 126 160 
449 608 609 160 124 
450 87 613 612 605 
451 613 129 252 612 
452 612 252 128 221 
453 605 612 221 122 
454 90 615 614 254 
455 615 136 616 614 
456 614 616 135 207 
457 254 614 207 130 
458 65 618 617 153 
459 618 147 619 617 
460 617 619 150 571 
461 153 617 571 50 
462 79 621 620 611 
463 621 156 420 620 
464 620 420 155 179 
465 611 620 179 126 
466 179 624 622 623 
467 624 155 504 622 
468 622 504 180 533 
469 623 622 533 178 
470 161 626 625 568 
471 626 178 532 625 
472 625 532 181 627 
473 568 625 627 82 
474 130 629 628 258 
475 629 207 630 628 
476 628 630 206 275 
477 258 628 275 201 
478 221 633 631 632 
479 633 128 265 631 
480 631 265 199 310 
481 632 631 310 219 
482 225 635 634 315 
483 635 198 260 634 
484 634 260 215 636 
485 315 634 636 223 
486 255 638 637 270 
487 638 258 639 637 
488 637 639 201 279 
489 270 637 279 216 
490 264 642 640 641 
491 642 256 268 640 
492 640 268 198 635 
493 641 640 635 225 
494 265 645 643 644 
495 645 264 641 643 
496 643 641 225 314 
497 644 643 314 199 
498 119 647 646 377 
499 647 319 648 646 
500 646 648 317 338 
501 377 646 338 318 
502 317 650 649 339 
503 650 220 322 649 
504 649 322 91 651 
505 339 649 651 320 
506 327 654 652 653 
507 654 88 363 652 
508 652 363 120 353 
509 653 652 353 325 
510 328 354 655 656 
511 354 75 345 655 
512 655 345 303 657 
513 656 655 657 341 
514 369 659 658 381 
515 659 375 660 658 
516 658 660 349 383 
517 381 658 383 329 
518 424 662 661 553 
519 662 423 469 661 
520 661 469 400 497 
521 553 661 497 391 
522 400 665 663 664 
523 665 436 473 663 
524 663 473 434 501 
525 664 663 501 435 
526 426 667 666 471 
527 667 448 668 666 
528 666 668 431 452 
529 471 666 452 190 
530 190 670 669 475 
531 670 452 671 669 
532 669 671 451 483 
533 475 669 483 437 
534 495 673 672 516 
535 673 435 500 672 
536 672 500 398 674 
537 516 672 674 498 
538 504 677 675 676 
539 677 503 551 675 
540 675 551 493 537 
541 676 675 537 180 
542 508 679 678 557 
543 679 391 680 678 
544 678 680 496 529 
545 557 678 529 506 
546 181 534 681 682 
547 534 158 522 681 
548 681 522 395 683 
549 682 681 683 518 
550 537 686 684 685 
551 686 493 555 684 
552 684 555 507 548 
553 685 684 548 535 
554 47 688 687 441 
555 688 148 689 687 
556 687 689 147 618 
557 441 687 618 65 
558 126 692 690 691 
559 692 179 623 690 
560 690 623 178 626 
561 691 690 626 161 
562 122 695 693 694 
563 695 221 632 693 
564 693 632 219 323 
565 694 693 323 220 
566 319 697 696 648 
567 697 122 694 696 
568 696 694 220 650 
569 648 696 650 317 
570 391 699 698 680 
571 699 497 700 698 
572 698 700 495 515 
573 680 698 515 496 
574 497 702 701 700 
575 702 400 664 701 
576 701 664 435 673 
577 700 701 673 495 
578 82 627 703 704 
579 627 181 682 703 
580 703 682 518 705 
581 704 703 705 519 
582 162 569 706 707 
583 569 82 704 706 
584 706 704 519 708 
585 707 706 708 563 
586 160 711 709 710 
587 711 126 691 709 
588 709 691 161 567 
589 710 709 567 159 
