2 0.000000 100.000000 473.401889
636 529 
1 -37.462817 0.000000 -37.619275 98.458615 0.000000 17.372239 0.000411 
2 43.869275 0.000000 -37.619275 98.472257 0.000000 17.245728 0.000580 
3 43.869275 0.000000 37.855058 98.543623 0.000000 17.120482 -0.000396 
4 -37.462817 0.000000 37.855058 98.510276 0.000000 17.369301 -0.000597 
5 3.203229 0.000000 0.117892 108.185909 0.000000 0.136202 -0.170421 
6 -37.462817 0.000000 0.117892 98.486820 0.000000 17.399691 -0.000240 
7 3.203229 0.000000 -37.619275 98.411443 0.000000 17.296264 0.001603 
8 43.869275 0.000000 0.117892 98.960411 0.000000 14.578495 -0.000570 
9 3.203229 0.000000 37.855058 98.577114 0.000000 17.270202 -0.001571 
10 -17.129794 0.000000 -18.750692 98.391854 0.000000 17.394615 0.001647 
11 -37.462817 0.000000 -18.750692 98.461570 0.000000 17.388065 0.000297 
12 -17.129794 0.000000 -37.619275 98.431526 0.000000 17.356269 0.000999 
13 3.203229 0.000000 -18.750692 98.200971 0.000000 17.097506 0.006424 
14 -17.129794 0.000000 0.117892 98.504964 0.000000 17.505158 -0.000966 
15 23.536252 0.000000 -18.750692 98.445873 0.000000 16.911217 0.002242 
16 23.536252 0.000000 -37.619275 98.442218 0.000000 17.245650 0.001172 
17 43.869275 0.000000 -18.750692 98.510492 0.000000 17.016084 0.000614 
18 23.536252 0.000000 0.117892 99.523176 0.000000 11.172219 -0.002968 
19 -17.129794 0.000000 18.986475 98.598147 0.000000 17.382652 -0.002375 
20 -37.462817 0.000000 18.986475 98.510290 0.000000 17.385677 -0.000654 
21 3.203229 0.000000 18.986475 98.858959 0.000000 17.006975 -0.006233 
22 -17.129794 0.000000 37.855058 98.544204 0.000000 17.347735 -0.001190 
23 -6.963282 0.000000 -9.316400 98.115042 0.000000 17.491768 0.006748 
24 -17.129794 0.000000 -9.316400 98.403750 0.000000 17.458475 0.001190 
25 -6.963282 0.000000 -18.750692 98.285858 0.000000 17.331673 0.003950 
26 3.203229 0.000000 -9.316400 97.526896 0.000000 16.448159 0.021796 
27 -6.963282 0.000000 0.117892 98.575658 0.000000 17.889498 -0.003719 
28 23.536252 0.000000 18.986475 98.707051 0.000000 16.507236 -0.001557 
29 43.869275 0.000000 18.986475 98.721381 0.000000 16.079125 -0.000445 
30 23.536252 0.000000 37.855058 98.561571 0.000000 17.179939 -0.000953 
31 13.369740 0.000000 -9.316400 98.340124 0.000000 15.835008 0.007847 
32 13.369740 0.000000 -18.750692 98.332915 0.000000 16.903462 0.004491 
33 23.536252 0.000000 -9.316400 98.575331 0.000000 16.132897 0.002263 
34 13.369740 0.000000 0.117892 100.761429 0.000000 1.935665 -0.015661 
35 -6.963282 0.000000 9.552183 98.951580 0.000000 17.441332 -0.009562 
36 -17.129794 0.000000 9.552183 98.598350 0.000000 17.448293 -0.002608 
37 3.203229 0.000000 9.552183 99.686318 0.000000 16.247061 -0.020133 
38 -6.963282 0.000000 18.986475 98.728036 0.000000 17.299087 -0.004648 
39 -1.880027 0.000000 -4.599254 97.237276 0.000000 17.836928 0.022676 
40 -6.963282 0.000000 -4.599254 98.181815 0.000000 17.716789 0.004645 
41 -1.880027 0.000000 -9.316400 97.749970 0.000000 17.225997 0.014821 
42 3.203229 0.000000 -4.599254 95.581606 0.000000 14.992927 0.063937 
43 -1.880027 0.000000 0.117892 98.725558 0.000000 19.214226 -0.011592 
44 13.369740 0.000000 9.552183 99.146485 0.000000 15.009534 -0.005531 
45 23.536252 0.000000 9.552183 99.064479 0.000000 14.341659 -0.001945 
46 13.369740 0.000000 18.986475 98.781956 0.000000 16.688698 -0.003639 
47 8.286485 0.000000 -4.599254 97.810517 0.000000 13.316971 0.025576 
48 8.286485 0.000000 -9.316400 97.942266 0.000000 15.846918 0.015619 
49 13.369740 0.000000 -4.599254 98.641627 0.000000 13.960085 0.007495 
50 8.286485 0.000000 0.117892 99.639766 0.000000 -7.289882 0.001877 
51 -1.880027 0.000000 4.835038 99.991966 0.000000 17.649597 -0.030990 
52 -6.963282 0.000000 4.835038 98.931320 0.000000 17.670670 -0.009966 
53 3.203229 0.000000 4.835038 101.697978 0.000000 14.967632 -0.056651 
54 -1.880027 0.000000 9.552183 99.369295 0.000000 17.119019 -0.016732 
55 0.661601 0.000000 -2.240681 94.091924 0.000000 19.332035 0.077298 
56 -1.880027 0.000000 -2.240681 97.495190 0.000000 18.794470 0.014146 
57 0.661601 0.000000 -4.599254 96.021836 0.000000 17.135007 0.048620 
58 3.203229 0.000000 -2.240681 91.746951 0.000000 11.807911 0.144307 
59 0.661601 0.000000 0.117892 102.076965 0.000000 0.050523 -0.041971 
60 8.286485 0.000000 4.835038 100.063915 0.000000 12.824333 -0.017725 
61 13.369740 0.000000 4.835038 99.427851 0.000000 12.761421 -0.004875 
62 8.286485 0.000000 9.552183 99.426595 0.000000 15.408036 -0.012306 
63 5.744857 0.000000 -2.240681 96.355278 0.000000 9.293234 0.062930 
64 5.744857 0.000000 -4.599254 96.743125 0.000000 13.514831 0.045812 
65 8.286485 0.000000 -2.240681 98.304919 0.000000 10.129410 0.023354 
66 5.744857 0.000000 0.117892 98.316536 0.000000 0.044035 0.033386 
67 0.661601 0.000000 2.476465 102.873762 0.000000 18.727485 -0.093373 
68 -1.880027 0.000000 2.476465 99.919895 0.000000 18.578603 -0.032915 
69 3.203229 0.000000 2.476465 104.857297 0.000000 13.743480 -0.118394 
70 0.661601 0.000000 4.835038 101.157905 0.000000 16.893054 -0.051830 
71 1.932415 0.000000 -1.061395 100.534162 0.000000 0.694950 -0.010760 
72 0.661601 0.000000 -1.061395 93.618858 0.000000 23.520466 0.068230 
73 1.932415 0.000000 -2.240681 91.201967 0.000000 16.314927 0.141602 
74 3.203229 0.000000 -1.061395 99.690344 0.000000 0.432408 0.006165 
75 1.932415 0.000000 0.117892 127.357185 0.000000 0.185329 -0.621989 
76 5.744857 0.000000 2.476465 101.646348 0.000000 11.330540 -0.046036 
77 8.286485 0.000000 2.476465 99.831467 0.000000 11.530582 -0.009928 
78 5.744857 0.000000 4.835038 100.930078 0.000000 13.379808 -0.036590 
79 4.474043 0.000000 -1.061395 99.104841 0.000000 0.396073 0.017807 
80 4.474043 0.000000 -2.240681 94.263280 0.000000 9.652085 0.102127 
81 5.744857 0.000000 -1.061395 99.053049 0.000000 0.412622 0.018832 
82 4.474043 0.000000 0.117892 101.828872 0.000000 0.128733 -0.036914 
83 1.932415 0.000000 1.297178 108.789490 0.000000 19.167995 -0.220257 
84 0.661601 0.000000 1.297178 103.409181 0.000000 22.415530 -0.119591 
85 3.203229 0.000000 1.297178 108.187329 0.000000 12.295256 -0.185567 
86 1.932415 0.000000 2.476465 104.837099 0.000000 16.715260 -0.127022 
87 2.567822 0.000000 -0.471751 100.156666 0.000000 0.553069 -0.003166 
88 1.932415 0.000000 -0.471751 100.465649 0.000000 0.676582 -0.009380 
89 2.567822 0.000000 -1.061395 100.279231 0.000000 0.614320 -0.005630 
90 3.203229 0.000000 -0.471751 99.679483 0.000000 0.443806 0.006380 
91 2.567822 0.000000 0.117892 114.538858 0.000000 0.182182 -0.311918 
92 -27.296305 0.000000 -9.316400 98.456987 0.000000 17.416914 0.000287 
93 -37.462817 0.000000 -9.316400 98.471508 0.000000 17.396500 0.000072 
94 -27.296305 0.000000 -18.750692 98.441270 0.000000 17.395326 0.000672 
95 -27.296305 0.000000 0.117892 98.491540 0.000000 17.427003 -0.000428 
96 -12.046538 0.000000 -4.599254 98.385943 0.000000 17.572230 0.001142 
97 -17.129794 0.000000 -4.599254 98.443657 0.000000 17.492411 0.000286 
98 -12.046538 0.000000 -9.316400 98.323914 0.000000 17.486426 0.002663 
99 -12.046538 0.000000 0.117892 98.524613 0.000000 17.633987 -0.001806 
100 -4.421655 0.000000 -2.240681 98.138661 0.000000 18.134591 0.003994 
101 -6.963282 0.000000 -2.240681 98.339207 0.000000 17.845028 0.001096 
102 -4.421655 0.000000 -4.599254 97.891011 0.000000 17.818010 0.009987 
103 -4.421655 0.000000 0.117892 98.639537 0.000000 18.259586 -0.006317 
104 -0.609213 0.000000 -1.061395 97.970523 0.000000 20.614303 -0.002317 
105 -1.880027 0.000000 -1.061395 98.104116 0.000000 19.184398 0.000754 
106 -0.609213 0.000000 -2.240681 96.521320 0.000000 19.367765 0.030852 
107 -0.609213 0.000000 0.117892 98.145012 0.000000 18.901672 0.001028 
108 1.297008 0.000000 -0.471751 100.638682 0.000000 0.744572 -0.012870 
109 0.661601 0.000000 -0.471751 100.630513 0.000000 0.874156 -0.012726 
110 1.297008 0.000000 -1.061395 100.698172 0.000000 0.777827 -0.014073 
111 1.297008 0.000000 0.117892 106.083273 0.000000 0.142064 -0.125368 
112 4.474043 0.000000 1.297178 104.808699 0.000000 7.872446 -0.104684 
113 5.744857 0.000000 1.297178 102.671792 0.000000 5.138339 -0.056790 
114 4.474043 0.000000 2.476465 103.291545 0.000000 11.883946 -0.081037 
115 2.567822 0.000000 0.707535 100.278303 0.000000 0.614087 -0.005612 
116 1.932415 0.000000 0.707535 100.533478 0.000000 0.694573 -0.010746 
117 3.203229 0.000000 0.707535 99.689721 0.000000 0.432343 0.006177 
118 2.567822 0.000000 1.297178 109.343289 0.000000 15.560526 -0.219808 
119 2.250119 0.000000 -0.176930 112.207186 0.000000 0.380391 -0.259060 
120 1.932415 0.000000 -0.176930 116.848415 0.000000 0.407324 -0.365372 
121 2.250119 0.000000 -0.471751 100.348859 0.000000 0.636492 -0.007030 
122 2.567822 0.000000 -0.176930 108.006122 0.000000 0.317275 -0.166542 
123 2.250119 0.000000 0.117892 121.667591 0.000000 0.188866 -0.480304 
124 3.838636 0.000000 -0.471751 99.220158 0.000000 0.388612 0.015521 
125 3.838636 0.000000 -1.061395 99.224737 0.000000 0.384764 0.015430 
126 4.474043 0.000000 -0.471751 99.121872 0.000000 0.394658 0.017470 
127 3.838636 0.000000 0.117892 104.365685 0.000000 0.133670 -0.089221 
128 2.885526 0.000000 -0.176930 105.665482 0.000000 0.287878 -0.116528 
129 2.885526 0.000000 -0.471751 99.938786 0.000000 0.510087 0.001198 
130 3.203229 0.000000 -0.176930 104.521205 0.000000 0.255913 -0.092475 
131 2.885526 0.000000 0.117892 110.445272 0.000000 0.172702 -0.219819 
132 3.838636 0.000000 0.707535 99.224481 0.000000 0.384775 0.015435 
133 4.474043 0.000000 0.707535 99.104758 0.000000 0.396094 0.017809 
134 3.838636 0.000000 1.297178 106.449802 0.000000 9.788312 -0.142737 
135 3.520932 0.000000 -0.176930 103.196677 0.000000 0.237620 -0.064961 
136 3.520932 0.000000 -0.471751 99.413100 0.000000 0.401073 0.011687 
137 3.838636 0.000000 -0.176930 101.768981 0.000000 0.260196 -0.035699 
138 3.520932 0.000000 0.117892 106.114647 0.000000 0.130792 -0.126034 
139 33.702763 0.000000 -9.316400 98.601321 0.000000 16.402305 0.000874 
140 33.702763 0.000000 -18.750692 98.493919 0.000000 16.963775 0.001118 
141 43.869275 0.000000 -9.316400 98.593340 0.000000 16.585184 0.000428 
142 33.702763 0.000000 0.117892 99.158189 0.000000 13.405891 -0.001206 
143 18.452996 0.000000 -4.599254 98.787445 0.000000 14.532384 0.002985 
144 18.452996 0.000000 -9.316400 98.499571 0.000000 15.973157 0.004269 
145 23.536252 0.000000 -4.599254 98.800834 0.000000 14.965260 0.001444 
146 18.452996 0.000000 0.117892 99.893340 0.000000 8.866185 -0.005729 
147 10.828113 0.000000 -2.240681 98.901619 0.000000 11.030476 0.009680 
148 10.828113 0.000000 -4.599254 98.394163 0.000000 13.610134 0.013335 
149 13.369740 0.000000 -2.240681 99.086778 0.000000 11.807126 0.004240 
150 10.828113 0.000000 0.117892 102.617374 0.000000 -11.670776 -0.066653 
151 7.015671 0.000000 -1.061395 98.320998 0.000000 5.866703 0.029856 
152 7.015671 0.000000 -2.240681 97.617337 0.000000 9.624785 0.037822 
153 8.286485 0.000000 -1.061395 98.923600 0.000000 6.805380 0.016781 
154 7.015671 0.000000 0.117892 99.579384 0.000000 -8.194378 0.001680 
155 5.109450 0.000000 -0.471751 99.082586 0.000000 0.400970 0.018248 
156 5.109450 0.000000 -1.061395 99.074108 0.000000 0.403009 0.018416 
157 5.744857 0.000000 -0.471751 99.064338 0.000000 0.406719 0.018609 
158 5.109450 0.000000 0.117892 99.697979 0.000000 0.122032 0.006030 
159 4.156339 0.000000 -0.176930 101.028640 0.000000 0.265277 -0.020686 
160 4.156339 0.000000 -0.471751 99.157052 0.000000 0.388955 0.016773 
161 4.474043 0.000000 -0.176930 100.529702 0.000000 0.258400 -0.010629 
162 4.156339 0.000000 0.117892 103.064305 0.000000 0.131543 -0.062227 
163 33.702763 0.000000 9.552183 99.170305 0.000000 13.525757 -0.001770 
164 43.869275 0.000000 9.552183 99.234403 0.000000 13.109634 -0.001933 
165 33.702763 0.000000 18.986475 98.695661 0.000000 16.322009 -0.000724 
166 18.452996 0.000000 4.835038 99.283803 0.000000 13.035086 -0.002719 
167 23.536252 0.000000 4.835038 99.740257 0.000000 10.284447 -0.005389 
168 18.452996 0.000000 9.552183 99.070564 0.000000 14.688053 -0.003072 
169 10.828113 0.000000 2.476465 100.027934 0.000000 8.417215 -0.007644 
170 13.369740 0.000000 2.476465 100.565623 0.000000 5.220702 -0.014070 
171 10.828113 0.000000 4.835038 99.598536 0.000000 12.750096 -0.008243 
172 7.015671 0.000000 1.297178 101.450777 0.000000 4.559659 -0.031305 
173 8.286485 0.000000 1.297178 101.208644 0.000000 2.443675 -0.024916 
174 7.015671 0.000000 2.476465 100.473466 0.000000 11.470896 -0.022650 
175 5.109450 0.000000 0.707535 99.074087 0.000000 0.403018 0.018416 
176 5.744857 0.000000 0.707535 99.053048 0.000000 0.412623 0.018832 
177 5.109450 0.000000 1.297178 103.541500 0.000000 6.401144 -0.076182 
178 4.791746 0.000000 -0.176930 99.763363 0.000000 0.284829 0.004719 
179 4.791746 0.000000 -0.471751 99.097369 0.000000 0.397901 0.017955 
180 5.109450 0.000000 -0.176930 99.654910 0.000000 0.186664 0.006886 
181 4.791746 0.000000 0.117892 100.620726 0.000000 0.121976 -0.012455 
182 6.380264 0.000000 -0.471751 98.390998 0.000000 0.860807 0.031847 
183 6.380264 0.000000 -1.061395 97.724216 0.000000 5.367438 0.042117 
184 7.015671 0.000000 -0.471751 98.905328 0.000000 1.618639 0.021512 
185 6.380264 0.000000 0.117892 98.392857 0.000000 -0.000000 0.031885 
186 9.557299 0.000000 -1.061395 99.193175 0.000000 7.476973 0.010481 
187 9.557299 0.000000 -2.240681 98.675221 0.000000 10.586776 0.015112 
188 10.828113 0.000000 -1.061395 99.393931 0.000000 8.172573 0.005406 
189 9.557299 0.000000 0.117892 99.923940 0.000000 -7.737628 -0.004466 
190 7.651078 0.000000 -0.471751 99.129714 0.000000 2.066446 0.016903 
191 7.651078 0.000000 -1.061395 98.701879 0.000000 6.386466 0.021715 
192 8.286485 0.000000 -0.471751 99.283606 0.000000 2.455909 0.013673 
193 7.651078 0.000000 0.117892 99.596301 0.000000 -7.674470 0.002168 
194 6.380264 0.000000 0.707535 101.532436 0.000000 0.455498 -0.030904 
195 7.015671 0.000000 0.707535 100.762440 0.000000 2.780251 -0.016080 
196 6.380264 0.000000 1.297178 101.972340 0.000000 4.407562 -0.041778 
197 6.697967 0.000000 -0.176930 99.204428 0.000000 -7.563440 0.010128 
198 6.380264 0.000000 -0.176930 98.392388 0.000000 -0.000000 0.031894 
199 6.697967 0.000000 -0.471751 98.740515 0.000000 1.297014 0.024863 
200 7.015671 0.000000 -0.176930 99.175251 0.000000 -7.509794 0.010787 
201 6.697967 0.000000 0.117892 99.252980 0.000000 -8.449489 0.007745 
202 6.062560 0.000000 -0.176930 98.262979 0.000000 0.043064 0.034439 
203 5.744857 0.000000 -0.176930 98.349315 0.000000 0.055954 0.032741 
204 6.062560 0.000000 -0.471751 99.053001 0.000000 0.412657 0.018833 
205 6.062560 0.000000 0.117892 98.249995 0.000000 0.037130 0.034694 
206 9.557299 0.000000 1.297178 100.233394 0.000000 7.726388 -0.010643 
207 10.828113 0.000000 1.297178 100.765094 0.000000 2.419244 -0.015946 
208 9.557299 0.000000 2.476465 99.817705 0.000000 10.314942 -0.006997 
209 7.651078 0.000000 0.707535 100.374122 0.000000 4.319174 -0.009362 
210 8.286485 0.000000 0.707535 100.122878 0.000000 5.545029 -0.005534 
211 7.651078 0.000000 1.297178 101.233047 0.000000 3.607409 -0.026114 
212 6.697967 0.000000 0.412713 100.118172 0.000000 2.333761 -0.002909 
213 6.380264 0.000000 0.412713 100.487675 0.000000 1.292772 -0.009944 
214 7.015671 0.000000 0.412713 99.991939 0.000000 3.055476 -0.000772 
215 6.697967 0.000000 0.707535 101.069886 0.000000 1.697286 -0.021800 
216 6.539116 0.000000 -0.029519 98.487377 0.000000 -0.000000 0.030024 
217 6.380264 0.000000 -0.029519 98.314472 0.000000 0.000000 0.033426 
218 6.539116 0.000000 -0.176930 98.531419 0.000000 -0.000000 0.029156 
219 6.697967 0.000000 -0.029519 98.615363 0.000000 -0.000000 0.027501 
220 6.539116 0.000000 0.117892 98.483041 0.000000 -0.000000 0.030109 
221 6.062560 0.000000 0.412713 99.048047 0.000000 0.416223 0.018931 
222 5.744857 0.000000 0.412713 99.057911 0.000000 0.409736 0.018736 
223 6.062560 0.000000 0.707535 102.151324 0.000000 -0.866119 -0.043564 
224 6.221412 0.000000 -0.029519 98.235207 0.000000 0.003990 0.034984 
225 6.062560 0.000000 -0.029519 98.196509 0.000000 0.012983 0.035745 
226 6.221412 0.000000 -0.176930 98.287443 0.000000 0.010694 0.033958 
227 6.221412 0.000000 0.117892 98.269274 0.000000 0.008268 0.034315 
228 6.539116 0.000000 0.265303 99.503113 0.000000 -1.278302 0.009750 
229 6.380264 0.000000 0.265303 98.345499 0.000000 -0.000000 0.032816 
230 6.697967 0.000000 0.265303 99.657885 0.000000 -0.786817 0.006769 
231 6.539116 0.000000 0.412713 100.229091 0.000000 1.845006 -0.004927 
232 6.459690 0.000000 0.044186 98.927064 0.000000 -0.000000 0.021344 
233 6.380264 0.000000 0.044186 98.393053 0.000000 -0.000000 0.031881 
234 6.459690 0.000000 -0.029519 98.957485 0.000000 -0.000000 0.020742 
235 6.539116 0.000000 0.044186 98.486934 0.000000 -0.000000 0.030032 
236 6.459690 0.000000 0.117892 98.437617 0.000000 -0.000000 0.031004 
237 13.369740 0.000000 -28.184983 98.389369 0.000000 17.173399 0.002461 
238 3.203229 0.000000 -28.184983 98.358494 0.000000 17.244171 0.002825 
239 13.369740 0.000000 -37.619275 98.422682 0.000000 17.263521 0.001495 
240 23.536252 0.000000 -28.184983 98.434489 0.000000 17.149290 0.001655 
241 8.286485 0.000000 -14.033546 98.113621 0.000000 16.632539 0.009708 
242 3.203229 0.000000 -14.033546 98.008979 0.000000 16.893062 0.010886 
243 8.286485 0.000000 -18.750692 98.246208 0.000000 16.968112 0.005977 
244 13.369740 0.000000 -14.033546 98.285616 0.000000 16.548143 0.006610 
245 5.744857 0.000000 -6.957827 97.320403 0.000000 15.210607 0.029738 
246 3.203229 0.000000 -6.957827 96.908895 0.000000 15.958112 0.035400 
247 5.744857 0.000000 -9.316400 97.689477 0.000000 16.058431 0.019889 
248 8.286485 0.000000 -6.957827 97.834865 0.000000 14.950396 0.020482 
249 4.474043 0.000000 -3.419968 95.242534 0.000000 12.502957 0.077254 
250 3.203229 0.000000 -3.419968 94.204865 0.000000 13.999211 0.092947 
251 4.474043 0.000000 -4.599254 96.072085 0.000000 14.047919 0.057281 
252 5.744857 0.000000 -3.419968 96.423129 0.000000 11.886212 0.056130 
253 5.109450 0.000000 -1.651038 95.383480 0.000000 7.224201 0.084980 
254 4.474043 0.000000 -1.651038 93.848939 0.000000 7.335281 0.113857 
255 5.109450 0.000000 -2.240681 95.422495 0.000000 9.330544 0.080749 
256 5.744857 0.000000 -1.651038 96.512048 0.000000 7.410089 0.063052 
257 4.791746 0.000000 -0.766573 99.099139 0.000000 0.397495 0.017920 
258 4.474043 0.000000 -0.766573 99.123757 0.000000 0.394512 0.017433 
259 4.791746 0.000000 -1.061395 99.086790 0.000000 0.399537 0.018165 
260 5.109450 0.000000 -0.766573 99.083804 0.000000 0.400559 0.018224 
261 5.427153 0.000000 -0.176930 98.841239 0.000000 0.081372 0.023040 
262 5.427153 0.000000 -0.471751 99.072312 0.000000 0.403790 0.018451 
263 5.427153 0.000000 0.117892 98.856255 0.000000 0.050323 0.022744 
264 4.950598 0.000000 -0.324341 99.296047 0.000000 0.299105 0.014021 
265 4.791746 0.000000 -0.324341 99.079140 0.000000 0.400471 0.018316 
266 4.950598 0.000000 -0.471751 99.095345 0.000000 0.398522 0.017995 
267 5.109450 0.000000 -0.324341 99.314476 0.000000 0.287296 0.013655 
268 4.950598 0.000000 -0.176930 99.952175 0.000000 0.172858 0.000953 
269 4.632895 0.000000 -0.324341 99.099376 0.000000 0.394464 0.017916 
270 4.474043 0.000000 -0.324341 99.114077 0.000000 0.390900 0.017625 
271 4.632895 0.000000 -0.471751 99.117090 0.000000 0.395651 0.017565 
272 4.632895 0.000000 -0.176930 100.084601 0.000000 0.279182 -0.001701 
273 4.791746 0.000000 0.412713 99.099086 0.000000 0.397510 0.017921 
274 4.474043 0.000000 0.412713 99.123659 0.000000 0.394532 0.017434 
275 5.109450 0.000000 0.412713 99.083776 0.000000 0.400569 0.018224 
276 4.791746 0.000000 0.707535 99.086747 0.000000 0.399551 0.018166 
277 4.950598 0.000000 -0.029519 100.377532 0.000000 0.093807 -0.007566 
278 4.791746 0.000000 -0.029519 100.754976 0.000000 0.093306 -0.015157 
279 5.109450 0.000000 -0.029519 99.704337 0.000000 0.081992 0.005904 
280 4.950598 0.000000 0.117892 100.170528 0.000000 0.119526 -0.003415 
281 4.871172 0.000000 -0.250635 99.229955 0.000000 0.369355 0.015328 
282 4.791746 0.000000 -0.250635 99.090811 0.000000 0.400149 0.018085 
283 4.871172 0.000000 -0.324341 99.069841 0.000000 0.405379 0.018500 
284 4.950598 0.000000 -0.250635 99.141185 0.000000 0.381390 0.017088 
285 4.871172 0.000000 -0.176930 99.821650 0.000000 0.251288 0.003558 
286 -27.296305 0.000000 9.552183 98.524476 0.000000 17.413632 -0.001031 
287 -37.462817 0.000000 9.552183 98.501621 0.000000 17.395091 -0.000516 
288 -27.296305 0.000000 18.986475 98.536705 0.000000 17.390363 -0.001191 
289 -12.046538 0.000000 4.835038 98.657163 0.000000 17.566536 -0.004182 
290 -17.129794 0.000000 4.835038 98.563966 0.000000 17.486250 -0.002062 
291 -12.046538 0.000000 9.552183 98.700612 0.000000 17.465400 -0.004685 
292 -4.421655 0.000000 2.476465 99.104748 0.000000 18.063507 -0.014804 
293 -6.963282 0.000000 2.476465 98.800345 0.000000 17.815461 -0.007890 
294 -4.421655 0.000000 4.835038 99.283401 0.000000 17.725420 -0.017138 
295 -0.609213 0.000000 1.297178 99.925364 0.000000 20.444161 -0.040304 
296 -1.880027 0.000000 1.297178 99.401030 0.000000 19.087468 -0.024490 
297 -0.609213 0.000000 2.476465 100.927267 0.000000 18.929329 -0.054463 
298 1.297008 0.000000 0.707535 100.720314 0.000000 0.816601 -0.014525 
299 0.661601 0.000000 0.707535 104.176108 0.000000 22.176308 -0.134445 
300 1.297008 0.000000 1.297178 106.304571 0.000000 21.679805 -0.177068 
301 1.614712 0.000000 -0.176930 115.059188 0.000000 0.225674 -0.323867 
302 1.297008 0.000000 -0.176930 105.352504 0.000000 0.209629 -0.109919 
303 1.614712 0.000000 -0.471751 100.558965 0.000000 0.711230 -0.011261 
304 1.614712 0.000000 0.117892 118.720610 0.000000 0.168563 -0.409461 
305 -6.963282 0.000000 -28.184983 98.374454 0.000000 17.323532 0.002236 
306 -17.129794 0.000000 -28.184983 98.412295 0.000000 17.365619 0.001346 
307 -6.963282 0.000000 -37.619275 98.416267 0.000000 17.331754 0.001385 
308 -1.880027 0.000000 -14.033546 98.051573 0.000000 17.201936 0.008998 
309 -6.963282 0.000000 -14.033546 98.194126 0.000000 17.377717 0.005593 
310 -1.880027 0.000000 -18.750692 98.228901 0.000000 17.234473 0.005406 
311 0.661601 0.000000 -6.957827 97.038727 0.000000 16.832567 0.030015 
312 -1.880027 0.000000 -6.957827 97.487467 0.000000 17.372209 0.019440 
313 0.661601 0.000000 -9.316400 97.561693 0.000000 16.887146 0.019654 
314 1.932415 0.000000 -3.419968 94.111126 0.000000 16.107772 0.088364 
315 0.661601 0.000000 -3.419968 95.184508 0.000000 17.711352 0.062622 
316 1.932415 0.000000 -4.599254 95.556691 0.000000 16.159432 0.060779 
317 2.567822 0.000000 -1.651038 88.233980 0.000000 12.541580 0.205747 
318 1.932415 0.000000 -1.651038 88.304693 0.000000 16.667992 0.192446 
319 2.567822 0.000000 -2.240681 90.994415 0.000000 13.886059 0.152719 
320 3.203229 0.000000 -1.651038 89.911712 0.000000 9.609874 0.182353 
321 2.250119 0.000000 -0.766573 100.335811 0.000000 0.633423 -0.006768 
322 1.932415 0.000000 -0.766573 100.452184 0.000000 0.671071 -0.009109 
323 2.250119 0.000000 -1.061395 100.413692 0.000000 0.653771 -0.008334 
324 2.567822 0.000000 -0.766573 100.279516 0.000000 0.612553 -0.005636 
325 2.091267 0.000000 -0.324341 100.620312 0.000000 0.662268 -0.012489 
326 1.932415 0.000000 -0.324341 100.694458 0.000000 0.724012 -0.013990 
327 2.091267 0.000000 -0.471751 100.449979 0.000000 0.667773 -0.009064 
328 2.250119 0.000000 -0.324341 100.487298 0.000000 0.608957 -0.009807 
329 2.091267 0.000000 -0.176930 111.132746 0.000000 0.468628 -0.235071 
330 1.297008 0.000000 -1.651038 90.738068 0.000000 19.921379 0.136974 
331 0.661601 0.000000 -1.651038 93.637001 0.000000 21.053951 0.078884 
332 1.297008 0.000000 -2.240681 92.438333 0.000000 18.309862 0.111990 
333 1.614712 0.000000 -0.766573 100.551494 0.000000 0.706423 -0.011110 
334 1.297008 0.000000 -0.766573 100.698063 0.000000 0.779469 -0.014071 
335 1.614712 0.000000 -1.061395 100.632601 0.000000 0.736514 -0.012746 
336 1.773563 0.000000 -0.324341 110.472902 0.000000 0.504995 -0.220452 
337 1.614712 0.000000 -0.324341 100.561282 0.000000 0.712776 -0.011308 
338 1.773563 0.000000 -0.471751 100.555585 0.000000 0.707892 -0.011193 
339 1.773563 0.000000 -0.176930 119.945482 0.000000 0.333781 -0.438703 
340 1.614712 0.000000 0.412713 100.550780 0.000000 0.705958 -0.011096 
341 1.297008 0.000000 0.412713 100.698079 0.000000 0.779317 -0.014071 
342 1.932415 0.000000 0.412713 100.450877 0.000000 0.670500 -0.009083 
343 1.614712 0.000000 0.707535 100.632343 0.000000 0.736230 -0.012741 
344 1.773563 0.000000 -0.029519 129.893974 0.000000 0.103244 -0.687246 
345 1.614712 0.000000 -0.029519 119.397194 0.000000 0.148203 -0.425571 
346 1.932415 0.000000 -0.029519 128.554006 0.000000 0.164136 -0.652616 
347 1.773563 0.000000 0.117892 122.458135 0.000000 0.233606 -0.499605 
348 1.852989 0.000000 -0.250635 103.262474 0.000000 0.760110 -0.066372 
349 1.773563 0.000000 -0.250635 112.399357 0.000000 0.470712 -0.263384 
350 1.852989 0.000000 -0.324341 100.649653 0.000000 0.776292 -0.013096 
351 1.932415 0.000000 -0.250635 105.127388 0.000000 0.681717 -0.105223 
352 1.852989 0.000000 -0.176930 113.726093 0.000000 0.503707 -0.293388 
353 0.026194 0.000000 -0.471751 99.876646 0.000000 23.901154 -0.054661 
354 -0.609213 0.000000 -0.471751 99.400975 0.000000 19.879048 -0.027573 
355 0.026194 0.000000 -1.061395 96.857301 0.000000 22.486391 0.011303 
356 0.026194 0.000000 0.117892 103.881552 0.000000 -0.000000 -0.079138 
357 0.979305 0.000000 -0.176930 102.581484 0.000000 0.166418 -0.052299 
358 0.661601 0.000000 -0.176930 101.598261 0.000000 0.088166 -0.032221 
359 0.979305 0.000000 -0.471751 100.718535 0.000000 0.817996 -0.014489 
360 0.979305 0.000000 0.117892 102.960788 0.000000 0.098332 -0.060093 
361 1.455860 0.000000 -0.324341 103.833204 0.000000 0.490209 -0.078157 
362 1.297008 0.000000 -0.324341 100.639277 0.000000 0.745376 -0.012882 
363 1.455860 0.000000 -0.471751 100.638826 0.000000 0.744206 -0.012873 
364 1.455860 0.000000 -0.176930 106.314163 0.000000 0.302057 -0.130279 
365 1.694137 0.000000 -0.250635 112.891516 0.000000 0.480729 -0.274473 
366 1.614712 0.000000 -0.250635 111.890863 0.000000 0.377757 -0.251971 
367 1.694137 0.000000 -0.324341 100.560106 0.000000 0.711405 -0.011284 
368 1.694137 0.000000 -0.176930 118.635659 0.000000 0.284135 -0.407450 
369 2.250119 0.000000 0.412713 100.334289 0.000000 0.632952 -0.006737 
370 2.567822 0.000000 0.412713 100.278711 0.000000 0.612387 -0.005619 
371 2.250119 0.000000 0.707535 100.412722 0.000000 0.653420 -0.008314 
372 2.091267 0.000000 -0.029519 129.941325 0.000000 0.124815 -0.688476 
373 2.250119 0.000000 -0.029519 122.787728 0.000000 0.167373 -0.507685 
374 2.091267 0.000000 0.117892 124.284940 0.000000 0.229324 -0.544680 
375 1.852989 0.000000 -0.103224 126.780643 0.000000 0.201668 -0.607337 
376 1.773563 0.000000 -0.103224 122.660751 0.000000 0.197630 -0.504570 
377 1.932415 0.000000 -0.103224 127.244776 0.000000 0.188155 -0.619127 
378 1.852989 0.000000 -0.029519 129.139245 0.000000 0.160106 -0.667697 
379 1.813276 0.000000 -0.213783 110.404637 0.000000 0.578724 -0.218952 
380 1.773563 0.000000 -0.213783 118.553271 0.000000 0.358856 -0.405501 
381 1.813276 0.000000 -0.250635 101.162937 0.000000 0.862158 -0.023468 
382 1.852989 0.000000 -0.213783 107.914488 0.000000 0.644684 -0.164595 
383 1.813276 0.000000 -0.176930 119.733719 0.000000 0.336943 -0.433628 
384 6.221412 0.000000 0.265303 98.197239 0.000000 -0.000000 0.035730 
385 6.062560 0.000000 0.265303 98.317559 0.000000 0.074955 0.033365 
386 6.221412 0.000000 0.412713 100.883736 0.000000 0.810263 -0.017818 
387 6.300838 0.000000 0.044186 98.302967 0.000000 -0.000000 0.033653 
388 6.221412 0.000000 0.044186 98.241201 0.000000 0.004666 0.034867 
389 6.300838 0.000000 -0.029519 98.292816 0.000000 -0.000000 0.033852 
390 6.300838 0.000000 0.117892 98.350726 0.000000 -0.000000 0.032713 
391 7.015671 0.000000 -3.419968 97.347827 0.000000 11.835697 0.038332 
392 7.015671 0.000000 -4.599254 97.358218 0.000000 13.329247 0.034371 
393 8.286485 0.000000 -3.419968 97.957274 0.000000 12.006284 0.026022 
394 6.380264 0.000000 -1.651038 97.328852 0.000000 7.706406 0.046771 
395 6.380264 0.000000 -2.240681 97.071140 0.000000 9.408869 0.048867 
396 7.015671 0.000000 -1.651038 97.911552 0.000000 8.060292 0.034836 
397 6.697967 0.000000 -0.766573 98.362537 0.000000 4.021156 0.030864 
398 6.380264 0.000000 -0.766573 98.001108 0.000000 3.698114 0.038211 
399 6.697967 0.000000 -1.061395 98.065453 0.000000 5.628283 0.035149 
400 7.015671 0.000000 -0.766573 98.606756 0.000000 4.313443 0.025810 
401 6.539116 0.000000 -0.324341 98.977142 0.000000 -1.777110 0.020037 
402 6.380264 0.000000 -0.324341 98.738356 0.000000 -2.133704 0.024618 
403 6.539116 0.000000 -0.471751 98.612627 0.000000 1.086698 0.027437 
404 6.697967 0.000000 -0.324341 98.980737 0.000000 -1.538666 0.020045 
405 6.459690 0.000000 -0.103224 98.438471 0.000000 -0.000000 0.030987 
406 6.380264 0.000000 -0.103224 98.392935 0.000000 -0.000000 0.031883 
407 6.459690 0.000000 -0.176930 98.434305 0.000000 -0.000000 0.031069 
408 6.539116 0.000000 -0.103224 98.483945 0.000000 -0.000000 0.030091 
409 6.419977 0.000000 0.007334 98.416410 0.000000 -0.000000 0.031421 
410 6.380264 0.000000 0.007334 98.293971 0.000000 0.000000 0.033830 
411 6.419977 0.000000 -0.029519 98.407214 0.000000 -0.000000 0.031602 
412 6.459690 0.000000 0.007334 98.999526 0.000000 -0.000000 0.019909 
413 6.419977 0.000000 0.044186 98.406858 0.000000 -0.000000 0.031609 
414 6.062560 0.000000 -0.766573 99.048047 0.000000 0.416223 0.018931 
415 5.744857 0.000000 -0.766573 99.057913 0.000000 0.409735 0.018736 
416 6.062560 0.000000 -1.061395 97.316856 0.000000 5.139155 0.050302 
417 6.221412 0.000000 -0.324341 99.048047 0.000000 0.416223 0.018931 
418 6.062560 0.000000 -0.324341 99.052995 0.000000 0.412661 0.018833 
419 6.221412 0.000000 -0.471751 99.048047 0.000000 0.416223 0.018931 
420 6.300838 0.000000 -0.103224 98.349992 0.000000 -0.000000 0.032728 
421 6.221412 0.000000 -0.103224 98.268644 0.000000 0.008173 0.034327 
422 6.300838 0.000000 -0.176930 98.292444 0.000000 -0.000000 0.033860 
423 6.419977 0.000000 -0.066372 98.406102 0.000000 -0.000000 0.031624 
424 6.380264 0.000000 -0.066372 98.393040 0.000000 -0.000000 0.031881 
425 6.419977 0.000000 -0.103224 98.404445 0.000000 -0.000000 0.031657 
426 6.459690 0.000000 -0.066372 98.440453 0.000000 -0.000000 0.030948 
427 7.333374 0.000000 -0.176930 99.247846 0.000000 -7.301839 0.009655 
428 7.333374 0.000000 -0.471751 99.026971 0.000000 1.838458 0.019028 
429 7.651078 0.000000 -0.176930 99.308063 0.000000 -7.097772 0.008753 
430 7.333374 0.000000 0.117892 99.597446 0.000000 -7.925913 0.001753 
431 6.856819 0.000000 -0.029519 99.279730 0.000000 -15.283709 -0.009006 
432 6.856819 0.000000 -0.176930 99.135857 0.000000 -7.593793 0.011442 
433 7.015671 0.000000 -0.029519 99.360721 0.000000 -15.108970 -0.010083 
434 6.856819 0.000000 0.117892 99.506557 0.000000 -8.348193 0.002875 
435 6.618541 0.000000 0.044186 98.539760 0.000000 -0.000000 0.028992 
436 6.618541 0.000000 -0.029519 98.539999 0.000000 -0.000000 0.028987 
437 6.697967 0.000000 0.044186 98.615363 0.000000 -0.000000 0.027501 
438 6.618541 0.000000 0.117892 98.537525 0.000000 -0.000000 0.029036 
439 6.499403 0.000000 0.007334 98.984288 0.000000 -0.000000 0.020211 
440 6.499403 0.000000 -0.029519 98.955048 0.000000 -0.000000 0.020790 
441 6.539116 0.000000 0.007334 98.487726 0.000000 -0.000000 0.030017 
442 6.499403 0.000000 0.044186 98.902629 0.000000 -0.000000 0.021827 
443 6.439833 0.000000 -0.011093 98.841999 0.000000 -0.000000 0.023026 
444 6.419977 0.000000 -0.011093 98.447030 0.000000 -0.000000 0.030818 
445 6.439833 0.000000 -0.029519 98.905423 0.000000 -0.000000 0.021772 
446 6.459690 0.000000 -0.011093 98.994268 0.000000 -0.000000 0.020013 
447 6.439833 0.000000 0.007334 98.852865 0.000000 -0.000000 0.022811 
448 6.340551 0.000000 0.007334 98.270286 0.000000 0.000000 0.034295 
449 6.300838 0.000000 0.007334 98.266951 0.000000 0.000000 0.034361 
450 6.340551 0.000000 -0.029519 98.293930 0.000000 0.000000 0.033830 
451 6.340551 0.000000 0.044186 98.320443 0.000000 0.000000 0.033309 
452 5.903709 0.000000 -0.029519 98.197085 0.000000 0.016591 0.035733 
453 5.744857 0.000000 -0.029519 98.241902 0.000000 0.019819 0.034853 
454 5.903709 0.000000 -0.176930 98.294312 0.000000 0.058535 0.033822 
455 5.903709 0.000000 0.117892 98.276748 0.000000 0.050619 0.034168 
456 6.141986 0.000000 0.044186 98.209067 0.000000 0.010073 0.035498 
457 6.062560 0.000000 0.044186 98.199301 0.000000 0.013962 0.035690 
458 6.141986 0.000000 -0.029519 98.203641 0.000000 0.007392 0.035604 
459 6.141986 0.000000 0.117892 98.240394 0.000000 0.021513 0.034882 
460 5.427153 0.000000 0.412713 99.072881 0.000000 0.403544 0.018440 
461 5.427153 0.000000 0.707535 99.064914 0.000000 0.406416 0.018598 
462 5.586005 0.000000 -0.029519 98.517132 0.000000 0.022058 0.029437 
463 5.427153 0.000000 -0.029519 98.902908 0.000000 0.040104 0.021821 
464 5.586005 0.000000 -0.176930 98.407071 0.000000 0.073810 0.031604 
465 5.586005 0.000000 0.117892 98.651027 0.000000 0.034874 0.026797 
466 5.903709 0.000000 0.265303 98.437181 0.000000 0.129078 0.031010 
467 5.744857 0.000000 0.265303 98.518082 0.000000 0.153064 0.029416 
468 5.903709 0.000000 0.412713 99.053016 0.000000 0.412645 0.018833 
469 5.824283 0.000000 0.044186 98.219499 0.000000 0.018649 0.035293 
470 5.744857 0.000000 0.044186 98.249090 0.000000 0.022201 0.034712 
471 5.824283 0.000000 -0.029519 98.211690 0.000000 0.016153 0.035446 
472 5.903709 0.000000 0.044186 98.213998 0.000000 0.023868 0.035401 
473 5.824283 0.000000 0.117892 98.290562 0.000000 0.045759 0.033896 
474 5.586005 0.000000 0.265303 98.480101 0.000000 0.100956 0.030166 
475 5.427153 0.000000 0.265303 99.184853 0.000000 0.239298 0.016231 
476 5.586005 0.000000 0.412713 99.064554 0.000000 0.406605 0.018605 
477 5.665431 0.000000 0.044186 98.273346 0.000000 0.023100 0.034235 
478 5.586005 0.000000 0.044186 98.546701 0.000000 0.024815 0.028855 
479 5.665431 0.000000 -0.029519 98.333998 0.000000 0.017886 0.033042 
480 5.665431 0.000000 0.117892 98.340146 0.000000 0.048439 0.032921 
481 5.268302 0.000000 -0.029519 99.487883 0.000000 0.067982 0.010216 
482 5.268302 0.000000 -0.176930 99.437557 0.000000 0.148539 0.011215 
483 5.268302 0.000000 0.117892 99.596432 0.000000 0.088606 0.008054 
484 5.506579 0.000000 0.044186 98.753125 0.000000 0.035328 0.024782 
485 5.427153 0.000000 0.044186 98.894297 0.000000 0.041042 0.021992 
486 5.506579 0.000000 -0.029519 98.754626 0.000000 0.034704 0.024752 
487 5.506579 0.000000 0.117892 98.747836 0.000000 0.042851 0.024886 
488 5.427153 0.000000 -0.766573 99.072894 0.000000 0.403538 0.018440 
489 5.427153 0.000000 -1.061395 99.064922 0.000000 0.406412 0.018598 
490 5.586005 0.000000 -0.324341 99.072166 0.000000 0.403860 0.018454 
491 5.427153 0.000000 -0.324341 99.072126 0.000000 0.403871 0.018455 
492 5.586005 0.000000 -0.471751 99.064308 0.000000 0.406733 0.018610 
493 5.744857 0.000000 -0.324341 99.064274 0.000000 0.406753 0.018610 
494 5.506579 0.000000 -0.103224 98.749428 0.000000 0.042314 0.024855 
495 5.427153 0.000000 -0.103224 98.862872 0.000000 0.049817 0.022613 
496 5.506579 0.000000 -0.176930 98.719831 0.000000 0.069023 0.025439 
497 5.586005 0.000000 -0.103224 98.656338 0.000000 0.038976 0.026693 
498 5.546292 0.000000 0.007334 98.426721 0.000000 0.011113 0.031218 
499 5.506579 0.000000 0.007334 98.444429 0.000000 0.008568 0.030869 
500 5.546292 0.000000 -0.029519 98.555627 0.000000 0.021693 0.028679 
501 5.586005 0.000000 0.007334 98.403903 0.000000 0.011769 0.031667 
502 5.546292 0.000000 0.044186 98.687160 0.000000 0.033073 0.026084 
503 15.911368 0.000000 -2.240681 99.128279 0.000000 12.447100 0.001865 
504 15.911368 0.000000 -4.599254 98.752114 0.000000 14.282150 0.004404 
505 18.452996 0.000000 -2.240681 99.113130 0.000000 12.967453 0.000843 
506 15.911368 0.000000 0.117892 100.233545 0.000000 6.656391 -0.009107 
507 12.098927 0.000000 -1.061395 99.483452 0.000000 8.919707 0.002348 
508 12.098927 0.000000 -2.240681 99.021319 0.000000 11.437604 0.006396 
509 13.369740 0.000000 -1.061395 99.511928 0.000000 9.584183 0.000552 
510 12.098927 0.000000 0.117892 101.464276 0.000000 -3.619387 -0.030810 
511 -27.296305 0.000000 -28.184983 98.441281 0.000000 17.378016 0.000732 
512 -37.462817 0.000000 -28.184983 98.458035 0.000000 17.379115 0.000398 
513 -27.296305 0.000000 -37.619275 98.447093 0.000000 17.368095 0.000652 
514 33.702763 0.000000 -28.184983 98.465599 0.000000 17.155755 0.001021 
515 33.702763 0.000000 -37.619275 98.459913 0.000000 17.241836 0.000836 
516 43.869275 0.000000 -28.184983 98.482359 0.000000 17.172042 0.000635 
517 -12.046538 0.000000 -14.033546 98.323419 0.000000 17.418126 0.002911 
518 -17.129794 0.000000 -14.033546 98.389530 0.000000 17.422364 0.001596 
519 -12.046538 0.000000 -18.750692 98.346339 0.000000 17.378116 0.002600 
520 18.452996 0.000000 -14.033546 98.408950 0.000000 16.573689 0.004099 
521 18.452996 0.000000 -18.750692 98.398509 0.000000 16.895722 0.003227 
522 23.536252 0.000000 -14.033546 98.482979 0.000000 16.646494 0.002400 
523 -4.421655 0.000000 -6.957827 97.877842 0.000000 17.554621 0.011176 
524 -6.963282 0.000000 -6.957827 98.120858 0.000000 17.580976 0.006321 
525 -4.421655 0.000000 -9.316400 97.955939 0.000000 17.404126 0.010173 
526 10.828113 0.000000 -6.957827 98.207843 0.000000 14.983179 0.013072 
527 10.828113 0.000000 -9.316400 98.170945 0.000000 15.793839 0.011302 
528 13.369740 0.000000 -6.957827 98.427871 0.000000 15.121504 0.008329 
529 -0.609213 0.000000 -3.419968 96.406531 0.000000 18.294337 0.037110 
530 -1.880027 0.000000 -3.419968 97.239610 0.000000 18.262531 0.021094 
531 -0.609213 0.000000 -4.599254 96.687763 0.000000 17.651581 0.033990 
532 3.838636 0.000000 -1.651038 91.961527 0.000000 8.014334 0.147885 
533 3.838636 0.000000 -2.240681 92.965302 0.000000 10.414171 0.124900 
534 2.885526 0.000000 -0.766573 100.129691 0.000000 0.573613 -0.002628 
535 2.885526 0.000000 -1.061395 100.036110 0.000000 0.515965 -0.000749 
536 3.203229 0.000000 -0.766573 99.733965 0.000000 0.451536 0.005293 
537 0.026194 0.000000 -1.651038 95.791584 0.000000 20.814285 0.039074 
538 -0.609213 0.000000 -1.651038 96.971332 0.000000 20.075269 0.019354 
539 0.026194 0.000000 -2.240681 95.527607 0.000000 19.563130 0.049176 
540 0.979305 0.000000 -0.766573 100.719139 0.000000 0.817520 -0.014501 
541 0.661601 0.000000 -0.766573 93.693533 0.000000 24.380860 0.062710 
542 0.979305 0.000000 -1.061395 100.630630 0.000000 0.874129 -0.012729 
543 2.885526 0.000000 0.412713 100.129270 0.000000 0.573596 -0.002620 
544 3.203229 0.000000 0.412713 99.733392 0.000000 0.451491 0.005305 
545 2.885526 0.000000 0.707535 100.035295 0.000000 0.515833 -0.000733 
546 3.520932 0.000000 -0.766573 99.430997 0.000000 0.400369 0.011332 
547 3.520932 0.000000 -1.061395 99.372620 0.000000 0.388670 0.012493 
548 3.838636 0.000000 -0.766573 99.232276 0.000000 0.394470 0.015280 
549 4.156339 0.000000 -0.766573 99.165044 0.000000 0.392763 0.016614 
550 4.156339 0.000000 -1.061395 99.133255 0.000000 0.393093 0.017244 
551 3.520932 0.000000 0.412713 99.430599 0.000000 0.400357 0.011340 
552 3.838636 0.000000 0.412713 99.231946 0.000000 0.394489 0.015287 
553 3.520932 0.000000 0.707535 99.372246 0.000000 0.388655 0.012501 
554 4.156339 0.000000 0.412713 99.164865 0.000000 0.392786 0.016618 
555 4.156339 0.000000 0.707535 99.133096 0.000000 0.393121 0.017247 
556 15.911368 0.000000 -6.957827 98.551955 0.000000 15.287834 0.005379 
557 15.911368 0.000000 -9.316400 98.423448 0.000000 15.876244 0.006077 
558 18.452996 0.000000 -6.957827 98.602474 0.000000 15.411316 0.004004 
559 9.557299 0.000000 -3.419968 98.341046 0.000000 12.270075 0.017848 
560 9.557299 0.000000 -4.599254 98.172526 0.000000 13.438277 0.018157 
561 10.828113 0.000000 -3.419968 98.592849 0.000000 12.559130 0.012172 
562 12.098927 0.000000 -3.419968 98.735431 0.000000 12.829596 0.008672 
563 12.098927 0.000000 -4.599254 98.542646 0.000000 13.787749 0.009924 
564 13.369740 0.000000 -3.419968 98.823635 0.000000 13.078921 0.006283 
565 7.651078 0.000000 -1.651038 98.309429 0.000000 8.427407 0.026423 
566 7.651078 0.000000 -2.240681 98.016938 0.000000 9.875665 0.029515 
567 8.286485 0.000000 -1.651038 98.580574 0.000000 8.772524 0.020491 
568 15.911368 0.000000 2.476465 100.272863 0.000000 7.035138 -0.010414 
569 18.452996 0.000000 2.476465 99.784918 0.000000 9.838230 -0.005382 
570 15.911368 0.000000 4.835038 99.344095 0.000000 12.845319 -0.003425 
571 12.098927 0.000000 1.297178 99.575919 0.000000 9.147434 0.000096 
572 13.369740 0.000000 1.297178 99.647301 0.000000 9.496883 -0.001978 
573 12.098927 0.000000 2.476465 100.216594 0.000000 7.119272 -0.009405 
574 4.632895 0.000000 -0.029519 101.496068 0.000000 0.106881 -0.030146 
575 4.474043 0.000000 -0.029519 101.796138 0.000000 0.129090 -0.036247 
576 4.632895 0.000000 0.117892 101.387499 0.000000 0.128527 -0.027944 
577 7.333374 0.000000 -0.766573 98.775759 0.000000 4.576288 0.022241 
578 7.333374 0.000000 -1.061395 98.528668 0.000000 6.129847 0.025453 
579 7.651078 0.000000 -0.766573 98.925815 0.000000 4.858300 0.019008 
580 6.856819 0.000000 -0.324341 98.998900 0.000000 -1.403335 0.019725 
581 6.856819 0.000000 -0.471751 98.829957 0.000000 1.472852 0.023047 
582 7.015671 0.000000 -0.324341 99.045740 0.000000 -1.288630 0.018828 
583 5.903709 0.000000 -0.324341 99.057822 0.000000 0.409792 0.018738 
584 5.903709 0.000000 -0.471751 99.057844 0.000000 0.409778 0.018738 
585 7.333374 0.000000 0.412713 99.886711 0.000000 3.548608 0.001005 
586 7.651078 0.000000 0.412713 99.800442 0.000000 3.964707 0.002415 
587 7.333374 0.000000 0.707535 100.547345 0.000000 3.598997 -0.012272 
588 6.856819 0.000000 0.265303 99.745212 0.000000 -0.529438 0.005061 
589 7.015671 0.000000 0.265303 99.754154 0.000000 -0.338585 0.004899 
590 6.856819 0.000000 0.412713 100.052431 0.000000 2.730139 -0.001794 
591 6.618541 0.000000 -0.103224 98.538067 0.000000 -0.000000 0.029025 
592 6.618541 0.000000 -0.176930 98.450432 0.000000 -0.000000 0.030751 
593 6.697967 0.000000 -0.103224 99.234901 0.000000 -12.110040 0.000578 
594 6.141986 0.000000 -0.103224 98.239733 0.000000 0.021278 0.034895 
595 6.062560 0.000000 -0.103224 98.249094 0.000000 0.036745 0.034711 
596 6.141986 0.000000 -0.176930 98.246870 0.000000 0.028747 0.034755 
597 5.268302 0.000000 -0.324341 99.081720 0.000000 0.401302 0.018265 
598 5.268302 0.000000 -0.471751 99.082097 0.000000 0.401169 0.018258 
599 0.026194 0.000000 0.707535 99.408784 0.000000 23.195508 -0.042014 
600 -0.609213 0.000000 0.707535 98.500899 0.000000 20.701180 -0.013097 
601 0.026194 0.000000 1.297178 101.059708 0.000000 21.764136 -0.068674 
602 0.979305 0.000000 0.412713 100.719203 0.000000 0.817469 -0.014503 
603 0.661601 0.000000 0.412713 107.867399 0.000000 11.331581 -0.176378 
604 0.979305 0.000000 0.707535 100.630638 0.000000 0.874127 -0.012729 
605 1.455860 0.000000 -0.029519 110.492587 0.000000 0.091232 -0.220862 
606 1.297008 0.000000 -0.029519 106.343164 0.000000 0.122321 -0.130888 
607 1.455860 0.000000 0.117892 107.450696 0.000000 0.235318 -0.154571 
608 1.694137 0.000000 -0.103224 120.577925 0.000000 0.174128 -0.453907 
609 1.614712 0.000000 -0.103224 118.682207 0.000000 0.170137 -0.408550 
610 1.694137 0.000000 -0.029519 122.313498 0.000000 0.147561 -0.496061 
611 6.499403 0.000000 -0.066372 98.448116 0.000000 -0.000000 0.030797 
612 6.499403 0.000000 -0.103224 98.445481 0.000000 -0.000000 0.030849 
613 6.539116 0.000000 -0.066372 98.485994 0.000000 -0.000000 0.030051 
614 6.340551 0.000000 -0.066372 98.361645 0.000000 -0.000000 0.032499 
615 6.300838 0.000000 -0.066372 98.348234 0.000000 -0.000000 0.032762 
616 6.340551 0.000000 -0.103224 98.362163 0.000000 -0.000000 0.032488 
617 5.983134 0.000000 0.044186 98.192431 0.000000 0.015604 0.035825 
618 5.983134 0.000000 -0.029519 98.199128 0.000000 0.017590 0.035693 
619 5.983134 0.000000 0.117892 98.247205 0.000000 0.038997 0.034749 
620 5.268302 0.000000 0.265303 99.336763 0.000000 0.276441 0.013213 
621 5.109450 0.000000 0.265303 99.618265 0.000000 0.205250 0.007616 
622 5.268302 0.000000 0.412713 99.073091 0.000000 0.403446 0.018436 
623 5.665431 0.000000 -0.103224 98.339879 0.000000 0.048276 0.032927 
624 5.665431 0.000000 -0.176930 98.379305 0.000000 0.063152 0.032151 
625 5.744857 0.000000 -0.103224 98.316126 0.000000 0.043931 0.033394 
626 4.950598 0.000000 0.265303 99.343371 0.000000 0.275966 0.013082 
627 4.791746 0.000000 0.265303 99.895366 0.000000 0.277026 0.002084 
628 4.950598 0.000000 0.412713 99.084672 0.000000 0.400239 0.018207 
629 5.824283 0.000000 -0.103224 98.307532 0.000000 0.048332 0.033563 
630 5.824283 0.000000 -0.176930 98.334250 0.000000 0.070000 0.033037 
631 5.903709 0.000000 -0.103224 98.239706 0.000000 0.033368 0.034896 
632 5.983134 0.000000 -0.103224 98.268784 0.000000 0.048437 0.034324 
633 5.983134 0.000000 -0.176930 98.286513 0.000000 0.056376 0.033976 
634 4.632895 0.000000 0.265303 99.887032 0.000000 0.278050 0.002250 
635 4.474043 0.000000 0.265303 100.392390 0.000000 0.283531 -0.007871 
636 4.632895 0.000000 0.412713 99.101415 0.000000 0.396865 0.017875 
1 19 21 9 22 
2 20 19 22 4 
3 28 29 3 30 
4 21 28 30 9 
5 35 37 21 38 
6 36 35 38 19 
7 44 45 28 46 
8 37 44 46 21 
9 51 53 37 54 
10 52 51 54 35 
11 60 61 44 62 
12 53 60 62 37 
13 67 69 53 70 
14 68 67 70 51 
15 76 77 60 78 
16 69 76 78 53 
17 83 85 69 86 
18 84 83 86 67 
19 11 94 92 93 
20 94 10 24 92 
21 92 24 14 95 
22 93 92 95 6 
23 24 98 96 97 
24 98 23 40 96 
25 96 40 27 99 
26 97 96 99 14 
27 40 102 100 101 
28 102 39 56 100 
29 100 56 43 103 
30 101 100 103 27 
31 56 106 104 105 
32 105 104 107 43 
33 112 113 76 114 
34 85 112 114 69 
35 115 117 85 118 
36 116 115 118 83 
37 121 87 122 119 
38 119 122 91 123 
39 87 129 128 122 
40 129 90 130 128 
41 128 130 5 131 
42 122 128 131 91 
43 132 133 112 134 
44 117 132 134 85 
45 90 136 135 130 
46 136 124 137 135 
47 135 137 127 138 
48 130 135 138 5 
49 15 140 139 33 
50 140 17 141 139 
51 139 141 8 142 
52 33 139 142 18 
53 144 33 145 143 
54 143 145 18 146 
55 124 160 159 137 
56 160 126 161 159 
57 159 161 82 162 
58 137 159 162 127 
59 18 142 163 45 
60 142 8 164 163 
61 163 164 29 165 
62 45 163 165 28 
63 146 18 167 166 
64 166 167 45 168 
65 61 166 168 44 
66 169 170 61 171 
67 77 169 171 60 
68 172 173 77 174 
69 113 172 174 76 
70 175 176 113 177 
71 133 175 177 112 
72 65 187 186 153 
73 187 147 188 186 
74 186 188 150 189 
75 153 186 189 50 
76 191 153 192 190 
77 190 192 50 193 
78 194 195 172 196 
79 176 194 196 113 
80 50 189 206 173 
81 189 150 207 206 
82 206 207 169 208 
83 173 206 208 77 
84 193 50 210 209 
85 209 210 173 211 
86 195 209 211 172 
87 212 214 195 215 
88 213 212 215 194 
89 221 213 194 223 
90 222 221 223 176 
91 185 220 228 229 
92 220 201 230 228 
93 228 230 212 231 
94 229 228 231 213 
95 232 235 220 236 
96 233 232 236 185 
97 7 239 237 238 
98 239 16 240 237 
99 237 240 15 32 
100 238 237 32 13 
101 13 243 241 242 
102 243 32 244 241 
103 241 244 31 48 
104 242 241 48 26 
105 26 247 245 246 
106 247 48 248 245 
107 245 248 47 64 
108 246 245 64 42 
109 42 251 249 250 
110 251 64 252 249 
111 249 252 63 80 
112 250 249 80 58 
113 80 255 253 254 
114 255 63 256 253 
115 253 256 81 156 
116 254 253 156 79 
117 79 259 257 258 
118 259 156 260 257 
119 257 260 155 179 
120 258 257 179 126 
121 179 266 264 265 
122 266 155 267 264 
123 264 267 180 268 
124 126 271 269 270 
125 271 179 265 269 
126 269 265 178 272 
127 270 269 272 161 
128 273 275 175 276 
129 274 273 276 133 
130 178 268 277 278 
131 268 180 279 277 
132 277 279 158 280 
133 278 277 280 181 
134 265 283 281 282 
135 283 264 284 281 
136 281 284 268 285 
137 282 281 285 178 
138 6 95 286 287 
139 95 14 36 286 
140 286 36 19 288 
141 287 286 288 20 
142 14 99 289 290 
143 99 27 52 289 
144 289 52 35 291 
145 290 289 291 36 
146 27 103 292 293 
147 103 43 68 292 
148 292 68 51 294 
149 293 292 294 52 
150 43 107 295 296 
151 295 84 67 297 
152 296 295 297 68 
153 298 116 83 300 
154 299 298 300 84 
155 12 307 305 306 
156 307 7 238 305 
157 305 238 13 25 
158 306 305 25 10 
159 25 310 308 309 
160 310 13 242 308 
161 308 242 26 41 
162 309 308 41 23 
163 41 313 311 312 
164 313 26 246 311 
165 311 246 42 57 
166 312 311 57 39 
167 57 316 314 315 
168 316 42 250 314 
169 314 250 58 73 
170 315 314 73 55 
171 73 319 317 318 
172 319 58 320 317 
173 317 320 74 89 
174 318 317 89 71 
175 71 323 321 322 
176 323 89 324 321 
177 321 324 87 121 
178 322 321 121 88 
179 88 327 325 326 
180 327 121 328 325 
181 325 328 119 329 
182 326 325 329 120 
183 55 332 330 331 
184 332 73 318 330 
185 330 318 71 110 
186 331 330 110 72 
187 110 335 333 334 
188 335 71 322 333 
189 333 322 88 303 
190 334 333 303 108 
191 303 338 336 337 
192 338 88 326 336 
193 111 304 340 341 
194 304 75 342 340 
195 340 342 116 343 
196 341 340 343 298 
197 344 346 75 347 
198 345 344 347 304 
199 336 350 348 349 
200 350 326 351 348 
201 348 351 120 352 
202 104 355 353 354 
203 355 72 109 353 
204 353 109 59 356 
205 354 353 356 107 
206 109 359 357 358 
207 359 108 302 357 
208 357 302 111 360 
209 358 357 360 59 
210 108 363 361 362 
211 363 303 337 361 
212 361 337 301 364 
213 362 361 364 302 
214 337 367 365 366 
215 367 336 349 365 
216 365 349 339 368 
217 366 365 368 301 
218 75 123 369 342 
219 123 91 370 369 
220 369 370 115 371 
221 342 369 371 116 
222 120 329 372 346 
223 329 119 373 372 
224 372 373 123 374 
225 346 372 374 75 
226 339 352 375 376 
227 352 120 377 375 
228 375 377 346 378 
229 376 375 378 344 
230 349 381 379 380 
231 381 348 382 379 
232 379 382 352 383 
233 380 379 383 339 
234 205 227 384 385 
235 227 185 229 384 
236 384 229 213 386 
237 385 384 386 221 
238 224 389 387 388 
239 387 233 185 390 
240 388 387 390 227 
241 64 392 391 252 
242 392 47 393 391 
243 391 393 65 152 
244 252 391 152 63 
245 63 395 394 256 
246 395 152 396 394 
247 394 396 151 183 
248 256 394 183 81 
249 183 399 397 398 
250 399 151 400 397 
251 397 400 184 199 
252 398 397 199 182 
253 182 403 401 402 
254 403 199 404 401 
255 401 404 197 218 
256 402 401 218 198 
257 198 407 405 406 
258 407 218 408 405 
259 217 411 409 410 
260 409 412 232 413 
261 410 409 413 233 
262 81 416 414 415 
263 416 183 398 414 
264 414 398 182 204 
265 415 414 204 157 
266 204 419 417 418 
267 419 182 402 417 
268 417 402 198 226 
269 418 417 226 202 
270 226 422 420 421 
271 422 198 406 420 
272 421 420 389 224 
273 406 425 423 424 
274 425 405 426 423 
275 423 426 234 411 
276 424 423 411 217 
277 184 428 427 200 
278 428 190 429 427 
279 427 429 193 430 
280 200 427 430 154 
281 197 432 431 219 
282 432 200 433 431 
283 431 433 154 434 
284 219 431 434 201 
285 216 436 435 235 
286 436 219 437 435 
287 435 437 201 438 
288 235 435 438 220 
289 234 440 439 412 
290 440 216 441 439 
291 439 441 235 442 
292 412 439 442 232 
293 411 445 443 444 
294 445 234 446 443 
295 443 446 412 447 
296 444 443 447 409 
297 389 450 448 449 
298 450 217 410 448 
299 448 410 233 451 
300 449 448 451 387 
301 225 458 456 457 
302 458 224 388 456 
303 456 388 227 459 
304 457 456 459 205 
305 460 222 176 461 
306 275 460 461 175 
307 66 455 466 467 
308 455 205 385 466 
309 466 385 221 468 
310 467 466 468 222 
311 453 471 469 470 
312 471 452 472 469 
313 469 472 455 473 
314 470 469 473 66 
315 263 465 474 475 
316 465 66 467 474 
317 474 467 222 476 
318 475 474 476 460 
319 462 479 477 478 
320 479 453 470 477 
321 477 470 66 480 
322 478 477 480 465 
323 180 482 481 279 
324 482 261 463 481 
325 481 463 263 483 
326 279 481 483 158 
327 463 486 484 485 
328 484 478 465 487 
329 485 484 487 263 
330 156 489 488 260 
331 489 81 415 488 
332 488 415 157 262 
333 260 488 262 155 
334 262 492 490 491 
335 492 157 493 490 
336 490 493 203 464 
337 491 490 464 261 
338 261 496 494 495 
339 496 464 497 494 
340 494 497 462 486 
341 495 494 486 463 
342 486 500 498 499 
343 500 462 501 498 
344 498 501 478 502 
345 499 498 502 484 
346 49 504 503 149 
347 504 143 505 503 
348 503 505 146 506 
349 149 503 506 34 
350 147 508 507 188 
351 508 149 509 507 
352 507 509 34 510 
353 188 507 510 150 
354 1 513 511 512 
355 513 12 306 511 
356 511 306 10 94 
357 512 511 94 11 
358 16 515 514 240 
359 515 2 516 514 
360 514 516 17 140 
361 240 514 140 15 
362 10 519 517 518 
363 519 25 309 517 
364 517 309 23 98 
365 518 517 98 24 
366 32 521 520 244 
367 521 15 522 520 
368 520 522 33 144 
369 244 520 144 31 
370 23 525 523 524 
371 525 41 312 523 
372 523 312 39 102 
373 524 523 102 40 
374 48 527 526 248 
375 527 31 528 526 
376 526 528 49 148 
377 248 526 148 47 
378 39 531 529 530 
379 531 57 315 529 
380 529 315 55 106 
381 530 529 106 56 
382 58 533 532 320 
383 533 80 254 532 
384 532 254 79 125 
385 320 532 125 74 
386 89 535 534 324 
387 535 74 536 534 
388 534 536 90 129 
389 324 534 129 87 
390 106 539 537 538 
391 539 55 331 537 
392 537 331 72 355 
393 538 537 355 104 
394 72 542 540 541 
395 542 110 334 540 
396 540 334 108 359 
397 541 540 359 109 
398 91 131 543 370 
399 131 5 544 543 
400 543 544 117 545 
401 370 543 545 115 
402 74 547 546 536 
403 547 125 548 546 
404 546 548 124 136 
405 536 546 136 90 
406 125 550 549 548 
407 550 79 258 549 
408 549 258 126 160 
409 548 549 160 124 
410 5 138 551 544 
411 138 127 552 551 
412 551 552 132 553 
413 544 551 553 117 
414 127 162 554 552 
415 162 82 274 554 
416 554 274 133 555 
417 552 554 555 132 
418 31 557 556 528 
419 557 144 558 556 
420 556 558 143 504 
421 528 556 504 49 
422 47 560 559 393 
423 560 148 561 559 
424 559 561 147 187 
425 393 559 187 65 
426 148 563 562 561 
427 563 49 564 562 
428 562 564 149 508 
429 561 562 508 147 
430 152 566 565 396 
431 566 65 567 565 
432 565 567 153 191 
433 396 565 191 151 
434 34 506 568 170 
435 506 146 569 568 
436 568 569 166 570 
437 170 568 570 61 
438 150 510 571 207 
439 510 34 572 571 
440 571 572 170 573 
441 207 571 573 169 
442 161 272 574 575 
443 272 178 278 574 
444 574 278 181 576 
445 575 574 576 82 
446 151 578 577 400 
447 578 191 579 577 
448 577 579 190 428 
449 400 577 428 184 
450 199 581 580 404 
451 581 184 582 580 
452 580 582 200 432 
453 404 580 432 197 
454 157 584 583 493 
455 584 204 418 583 
456 583 418 202 454 
457 493 583 454 203 
458 154 430 585 214 
459 430 193 586 585 
460 585 586 209 587 
461 214 585 587 195 
462 201 434 588 230 
463 434 154 589 588 
464 588 589 214 590 
465 230 588 590 212 
466 218 592 591 408 
467 592 197 593 591 
468 591 593 219 436 
469 408 591 436 216 
470 202 596 594 595 
471 596 226 421 594 
472 594 421 224 458 
473 595 594 458 225 
474 155 598 597 267 
475 598 262 491 597 
476 597 491 261 482 
477 267 597 482 180 
478 107 356 599 600 
479 356 59 299 599 
480 599 299 84 601 
481 600 599 601 295 
482 59 360 602 603 
483 360 111 341 602 
484 602 341 298 604 
485 603 602 604 299 
486 302 364 605 606 
487 364 301 345 605 
488 605 345 304 607 
489 606 605 607 111 
490 301 368 608 609 
491 368 339 376 608 
492 608 376 344 610 
493 609 608 610 345 
494 405 612 611 426 
495 612 408 613 611 
496 611 613 216 440 
497 426 611 440 234 
498 420 616 614 615 
499 616 406 424 614 
500 614 424 217 450 
501 615 614 450 389 
502 452 618 617 472 
503 618 225 457 617 
504 617 457 205 619 
505 472 617 619 455 
506 158 483 620 621 
507 483 263 475 620 
508 620 475 460 622 
509 621 620 622 275 
510 464 624 623 497 
511 624 203 625 623 
512 623 625 453 479 
513 497 623 479 462 
514 181 280 626 627 
515 280 158 621 626 
516 626 621 275 628 
517 627 626 628 273 
518 203 630 629 625 
519 630 454 631 629 
520 629 631 452 471 
521 625 629 471 453 
522 454 633 632 631 
523 633 202 595 632 
524 632 595 225 618 
525 631 632 618 452 
526 82 576 634 635 
527 576 181 627 634 
528 634 627 273 636 
529 635 634 636 274 
