2 0.000000 100.000000 473.401889
673 556 
1 -22.549420 0.000000 -22.528427 99.763807 0.000000 -6.977075 -0.000150 
2 26.320392 0.000000 -22.528427 99.766312 0.000000 -6.923741 -0.000126 
3 26.320392 0.000000 22.769951 99.751797 0.000000 -6.936202 0.000147 
4 -22.549420 0.000000 22.769951 99.749765 0.000000 -6.977369 0.000130 
5 1.885486 0.000000 0.120762 101.696530 0.000000 0.662467 -0.034262 
6 -22.549420 0.000000 0.120762 99.757006 0.000000 -6.985126 -0.000025 
7 1.885486 0.000000 -22.528427 99.779893 0.000000 -6.952232 -0.000436 
8 26.320392 0.000000 0.120762 99.868255 0.000000 -5.359502 -0.000239 
9 1.885486 0.000000 22.769951 99.735730 0.000000 -6.954841 0.000441 
10 -10.331967 0.000000 -11.203832 99.786017 0.000000 -6.981202 -0.000599 
11 -22.549420 0.000000 -11.203832 99.763580 0.000000 -6.981487 -0.000151 
12 -10.331967 0.000000 -22.528427 99.772376 0.000000 -6.971633 -0.000313 
13 1.885486 0.000000 -11.203832 99.841488 0.000000 -6.890156 -0.001580 
14 -10.331967 0.000000 0.120762 99.758404 0.000000 -7.014500 -0.000094 
15 14.102939 0.000000 -11.203832 99.792611 0.000000 -6.789193 -0.000466 
16 14.102939 0.000000 -22.528427 99.773679 0.000000 -6.931980 -0.000284 
17 26.320392 0.000000 -11.203832 99.776909 0.000000 -6.759411 -0.000112 
18 14.102939 0.000000 0.120762 99.685246 0.000000 -7.926749 0.000002 
19 -10.331967 0.000000 11.445357 99.729590 0.000000 -6.982276 0.000526 
20 -22.549420 0.000000 11.445357 99.750273 0.000000 -6.981716 0.000114 
21 1.885486 0.000000 11.445357 99.679015 0.000000 -6.899679 0.001649 
22 -10.331967 0.000000 22.769951 99.741898 0.000000 -6.972476 0.000294 
23 -4.223240 0.000000 -5.541535 99.872268 0.000000 -6.999499 -0.002346 
24 -10.331967 0.000000 -5.541535 99.785440 0.000000 -6.999178 -0.000612 
25 -4.223240 0.000000 -11.203832 99.818667 0.000000 -6.959567 -0.001220 
26 1.885486 0.000000 -5.541535 100.047485 0.000000 -6.704649 -0.005445 
27 -4.223240 0.000000 0.120762 99.760223 0.000000 -7.141446 -0.000310 
28 14.102939 0.000000 11.445357 99.739099 0.000000 -6.829971 0.000546 
29 26.320392 0.000000 11.445357 99.758164 0.000000 -6.844721 0.000146 
30 14.102939 0.000000 22.769951 99.743495 0.000000 -6.938672 0.000309 
31 7.994212 0.000000 -5.541535 99.892939 0.000000 -6.402495 -0.001959 
32 7.994212 0.000000 -11.203832 99.818670 0.000000 -6.820696 -0.001029 
33 14.102939 0.000000 -5.541535 99.821345 0.000000 -6.332471 -0.000440 
34 7.994212 0.000000 0.120762 98.610726 0.000000 -23.269549 -0.026555 
35 -4.223240 0.000000 5.783060 99.649042 0.000000 -7.002694 0.002103 
36 -10.331967 0.000000 5.783060 99.731124 0.000000 -6.999973 0.000470 
37 1.885486 0.000000 5.783060 99.493451 0.000000 -6.730893 0.005575 
38 -4.223240 0.000000 11.445357 99.699345 0.000000 -6.962531 0.001156 
39 -1.168877 0.000000 -2.710386 100.197579 0.000000 -7.017975 -0.008881 
40 -4.223240 0.000000 -2.710386 99.873721 0.000000 -7.075041 -0.002482 
41 -1.168877 0.000000 -5.541535 99.983985 0.000000 -6.918962 -0.004467 
42 1.885486 0.000000 -2.710386 100.477899 0.000000 -6.282372 -0.013528 
43 -1.168877 0.000000 0.120762 99.640510 0.000000 -7.911696 0.000917 
44 7.994212 0.000000 5.783060 99.677938 0.000000 -6.511907 0.002190 
45 14.102939 0.000000 5.783060 99.758500 0.000000 -6.553910 0.000529 
46 7.994212 0.000000 11.445357 99.707889 0.000000 -6.842364 0.001152 
47 4.939849 0.000000 -2.710386 100.222148 0.000000 -5.635590 -0.007624 
48 4.939849 0.000000 -5.541535 99.980945 0.000000 -6.501711 -0.003846 
49 7.994212 0.000000 -2.710386 99.986716 0.000000 -5.259835 -0.002501 
50 4.939849 0.000000 0.120762 82.378287 0.000000 -45.367793 0.115558 
51 -1.168877 0.000000 2.951911 99.363396 0.000000 -7.032499 0.007746 
52 -4.223240 0.000000 2.951911 99.649506 0.000000 -7.075812 0.001991 
53 1.885486 0.000000 2.951911 99.108764 0.000000 -6.441141 0.013596 
54 -1.168877 0.000000 5.783060 99.545467 0.000000 -6.928878 0.004269 
55 0.358304 0.000000 -1.294812 101.061698 0.000000 -6.227879 -0.025225 
56 -1.168877 0.000000 -1.294812 100.372245 0.000000 -7.286221 -0.012768 
57 0.358304 0.000000 -2.710386 100.414896 0.000000 -6.714389 -0.012823 
58 1.885486 0.000000 -1.294812 101.151673 0.000000 -5.183280 -0.025853 
59 0.358304 0.000000 0.120762 104.761366 0.000000 0.000000 -0.097494 
60 4.939849 0.000000 2.951911 99.444064 0.000000 -5.991632 0.007498 
61 7.994212 0.000000 2.951911 99.700008 0.000000 -5.934683 0.002469 
62 4.939849 0.000000 5.783060 99.578120 0.000000 -6.560731 0.004115 
63 3.412668 0.000000 -1.294812 100.923354 0.000000 -3.835632 -0.020024 
64 3.412668 0.000000 -2.710386 100.356786 0.000000 -5.908798 -0.010640 
65 4.939849 0.000000 -1.294812 100.813459 0.000000 -2.532699 -0.016977 
66 3.412668 0.000000 0.120762 100.833175 0.000000 -0.000000 -0.016733 
67 0.358304 0.000000 1.536337 98.787603 0.000000 -6.770384 0.019517 
68 -1.168877 0.000000 1.536337 99.239917 0.000000 -7.246040 0.009893 
69 1.885486 0.000000 1.536337 98.655195 0.000000 -6.382396 0.022642 
70 0.358304 0.000000 2.951911 99.153219 0.000000 -6.801174 0.012238 
71 1.121895 0.000000 -0.587025 101.792750 0.000000 1.120810 -0.036302 
72 0.358304 0.000000 -0.587025 101.585098 0.000000 -4.250248 -0.033760 
73 1.121895 0.000000 -1.294812 101.099361 0.000000 -5.780325 -0.025449 
74 1.885486 0.000000 -0.587025 100.898807 0.000000 1.120710 -0.018183 
75 1.121895 0.000000 0.120762 102.192056 0.000000 0.670453 -0.044367 
76 3.412668 0.000000 1.536337 98.971427 0.000000 -5.740352 0.017171 
77 4.939849 0.000000 1.536337 99.291900 0.000000 -5.396551 0.011200 
78 3.412668 0.000000 2.951911 99.266358 0.000000 -6.145216 0.010843 
79 2.649077 0.000000 -0.587025 102.252629 0.000000 0.245122 -0.045566 
80 2.649077 0.000000 -1.294812 101.041220 0.000000 -4.530295 -0.022985 
81 3.412668 0.000000 -0.587025 101.997693 0.000000 2.222521 -0.040847 
82 2.649077 0.000000 0.120762 101.604725 0.000000 0.000000 -0.032352 
83 1.121895 0.000000 0.828550 101.899197 0.000000 1.109384 -0.038468 
84 0.358304 0.000000 0.828550 98.979966 0.000000 -6.554307 0.016001 
85 1.885486 0.000000 0.828550 100.700921 0.000000 1.111840 -0.014191 
86 1.121895 0.000000 1.536337 98.694056 0.000000 -6.634640 0.021546 
87 1.503691 0.000000 -0.233131 101.339331 0.000000 1.120762 -0.027092 
88 1.121895 0.000000 -0.233131 101.433977 0.000000 1.119816 -0.029011 
89 1.503691 0.000000 -0.587025 101.341286 0.000000 1.120334 -0.027131 
90 1.885486 0.000000 -0.233131 101.182690 0.000000 1.123106 -0.023920 
91 1.503691 0.000000 0.120762 102.224313 0.000000 0.794787 -0.045044 
92 -16.440693 0.000000 -5.541535 99.766671 0.000000 -6.989202 -0.000224 
93 -22.549420 0.000000 -5.541535 99.761108 0.000000 -6.983985 -0.000105 
94 -16.440693 0.000000 -11.203832 99.770280 0.000000 -6.982932 -0.000287 
95 -16.440693 0.000000 0.120762 99.757433 0.000000 -6.992623 -0.000044 
96 -7.277604 0.000000 -2.710386 99.798453 0.000000 -7.036041 -0.000924 
97 -10.331967 0.000000 -2.710386 99.775156 0.000000 -7.008733 -0.000420 
98 -7.277604 0.000000 -5.541535 99.810523 0.000000 -7.003776 -0.001119 
99 -7.277604 0.000000 0.120762 99.759209 0.000000 -7.050954 -0.000162 
100 -2.696059 0.000000 -1.294812 99.939808 0.000000 -7.215661 -0.004003 
101 -4.223240 0.000000 -1.294812 99.833861 0.000000 -7.119527 -0.001749 
102 -2.696059 0.000000 -2.710386 99.983810 0.000000 -7.091238 -0.004705 
103 -2.696059 0.000000 0.120762 99.755829 0.000000 -7.293954 -0.000443 
104 -0.405286 0.000000 -0.587025 102.108321 0.000000 -7.507197 -0.048247 
105 -1.168877 0.000000 -0.587025 100.299075 0.000000 -7.675201 -0.011881 
106 -0.405286 0.000000 -1.294812 100.888463 0.000000 -6.953537 -0.022683 
107 -0.405286 0.000000 0.120762 98.568556 0.000000 -10.710178 0.016953 
108 0.740100 0.000000 -0.233131 101.841793 0.000000 1.116954 -0.037300 
109 0.358304 0.000000 -0.233131 100.331893 0.000000 -5.782414 -0.009993 
110 0.740100 0.000000 -0.587025 101.173847 0.000000 -4.638585 -0.025766 
111 0.740100 0.000000 0.120762 102.291129 0.000000 0.389536 -0.046363 
112 2.649077 0.000000 0.828550 98.280605 0.000000 -7.785782 0.028030 
113 3.412668 0.000000 0.828550 98.597473 0.000000 -6.838093 0.023178 
114 2.649077 0.000000 1.536337 98.781936 0.000000 -6.055235 0.020546 
115 1.503691 0.000000 0.474656 101.339329 0.000000 1.120625 -0.027092 
116 1.121895 0.000000 0.474656 101.498742 0.000000 1.121006 -0.030325 
117 1.885486 0.000000 0.474656 101.108908 0.000000 1.125032 -0.022428 
118 1.503691 0.000000 0.828550 101.323064 0.000000 1.137050 -0.026766 
119 1.312793 0.000000 -0.056184 102.818582 0.000000 0.540552 -0.057195 
120 1.121895 0.000000 -0.056184 102.346477 0.000000 0.512785 -0.047506 
121 1.312793 0.000000 -0.233131 101.396048 0.000000 1.120433 -0.028241 
122 1.503691 0.000000 -0.056184 102.888172 0.000000 0.547527 -0.058628 
123 1.312793 0.000000 0.120762 102.464619 0.000000 0.698691 -0.049949 
124 2.267281 0.000000 -0.233131 100.827908 0.000000 1.117560 -0.016752 
125 2.267281 0.000000 -0.587025 102.320096 0.000000 -0.907079 -0.047022 
126 2.649077 0.000000 -0.233131 103.166900 0.000000 1.071442 -0.064456 
127 2.267281 0.000000 0.120762 101.468711 0.000000 0.408549 -0.029607 
128 1.694588 0.000000 -0.056184 102.519049 0.000000 0.534950 -0.051044 
129 1.694588 0.000000 -0.233131 101.283640 0.000000 1.120589 -0.025963 
130 1.885486 0.000000 -0.056184 101.898839 0.000000 0.501650 -0.038362 
131 1.694588 0.000000 0.120762 102.112526 0.000000 0.694865 -0.042745 
132 2.267281 0.000000 0.474656 100.776265 0.000000 1.115236 -0.015710 
133 2.649077 0.000000 0.474656 97.446103 0.000000 -32.477577 -0.055054 
134 2.267281 0.000000 0.828550 98.219920 0.000000 -8.334142 0.028339 
135 2.076384 0.000000 -0.056184 101.667671 0.000000 0.376294 -0.033646 
136 2.076384 0.000000 -0.233131 100.938512 0.000000 1.122187 -0.018984 
137 2.267281 0.000000 -0.056184 101.604788 0.000000 0.273260 -0.032361 
138 2.076384 0.000000 0.120762 101.511542 0.000000 0.531653 -0.030488 
139 20.211665 0.000000 -5.541535 99.813883 0.000000 -6.250461 -0.000188 
140 20.211665 0.000000 -11.203832 99.781587 0.000000 -6.772970 -0.000224 
141 26.320392 0.000000 -5.541535 99.816971 0.000000 -6.147799 -0.000122 
142 20.211665 0.000000 0.120762 99.868158 0.000000 -5.348309 -0.000225 
143 11.048576 0.000000 -2.710386 99.922276 0.000000 -5.034619 -0.000981 
144 11.048576 0.000000 -5.541535 99.843664 0.000000 -6.361265 -0.000922 
145 14.102939 0.000000 -2.710386 99.923186 0.000000 -4.732804 -0.000704 
146 11.048576 0.000000 0.120762 97.813441 0.000000 -34.616947 -0.076580 
147 6.467031 0.000000 -1.294812 100.620306 0.000000 -0.727423 -0.012498 
148 6.467031 0.000000 -2.710386 100.094787 0.000000 -5.401841 -0.004815 
149 7.994212 0.000000 -1.294812 100.377968 0.000000 0.508909 -0.007600 
150 6.467031 0.000000 0.120762 99.553088 0.000000 -14.035419 -0.010781 
151 4.176258 0.000000 -0.587025 101.532882 0.000000 2.789304 -0.031671 
152 4.176258 0.000000 -1.294812 100.792074 0.000000 -3.202003 -0.016929 
153 4.939849 0.000000 -0.587025 101.611263 0.000000 2.634749 -0.033179 
154 4.176258 0.000000 0.120762 99.670534 0.000000 -21.363118 -0.039060 
155 3.030872 0.000000 -0.233131 102.759035 0.000000 1.411805 -0.056141 
156 3.030872 0.000000 -0.587025 102.199052 0.000000 1.314783 -0.044637 
157 3.412668 0.000000 -0.233131 101.652437 0.000000 1.377929 -0.033512 
158 3.030872 0.000000 0.120762 101.296851 0.000000 -0.000000 -0.026105 
159 2.458179 0.000000 -0.056184 101.588357 0.000000 0.166003 -0.032022 
160 2.458179 0.000000 -0.233131 100.683508 0.000000 1.110747 -0.013840 
161 2.649077 0.000000 -0.056184 101.619621 0.000000 0.000000 -0.032655 
162 2.458179 0.000000 0.120762 101.483853 0.000000 0.264577 -0.029904 
163 20.211665 0.000000 5.783060 99.772032 0.000000 -6.595811 0.000204 
164 26.320392 0.000000 5.783060 99.775177 0.000000 -6.633377 0.000091 
165 20.211665 0.000000 11.445357 99.752225 0.000000 -6.835399 0.000277 
166 11.048576 0.000000 2.951911 99.778503 0.000000 -6.024728 0.000795 
167 14.102939 0.000000 2.951911 99.798153 0.000000 -6.110392 0.000299 
168 11.048576 0.000000 5.783060 99.732586 0.000000 -6.524945 0.001084 
169 6.467031 0.000000 1.536337 99.569357 0.000000 -5.190986 0.005900 
170 7.994212 0.000000 1.536337 99.772105 0.000000 -5.287338 0.001757 
171 6.467031 0.000000 2.951911 99.592094 0.000000 -5.921706 0.004635 
172 4.176258 0.000000 0.828550 98.988450 0.000000 -6.333599 0.016117 
173 4.939849 0.000000 0.828550 99.118661 0.000000 -5.971413 0.013983 
174 4.176258 0.000000 1.536337 99.166857 0.000000 -5.533383 0.013532 
175 3.030872 0.000000 0.474656 98.088032 0.000000 -31.101006 -0.058853 
176 3.412668 0.000000 0.474656 98.982832 0.000000 -30.923317 -0.075385 
177 3.030872 0.000000 0.828550 98.410861 0.000000 -7.286864 0.026220 
178 2.839975 0.000000 -0.056184 101.456561 0.000000 -0.000000 -0.029343 
179 2.839975 0.000000 -0.233131 102.946504 0.000000 1.341498 -0.059978 
180 3.030872 0.000000 -0.056184 101.282527 0.000000 -0.000000 -0.025815 
181 2.839975 0.000000 0.120762 101.436097 0.000000 -0.000000 -0.028928 
182 3.794463 0.000000 -0.233131 100.626639 0.000000 -1.156463 -0.012706 
183 3.794463 0.000000 -0.587025 101.674115 0.000000 2.641550 -0.034460 
184 4.176258 0.000000 -0.233131 100.873451 0.000000 -2.668120 -0.018257 
185 3.794463 0.000000 0.120762 100.513383 0.000000 0.000000 -0.010294 
186 1.694588 0.000000 0.297709 101.275735 0.000000 1.120643 -0.025803 
187 1.503691 0.000000 0.297709 101.338321 0.000000 1.120888 -0.027071 
188 1.885486 0.000000 0.297709 101.237990 0.000000 1.120212 -0.025039 
189 1.694588 0.000000 0.474656 101.291459 0.000000 1.120516 -0.026122 
190 1.790037 0.000000 0.032289 101.635661 0.000000 0.714049 -0.033032 
191 1.694588 0.000000 0.032289 101.765010 0.000000 0.803158 -0.035676 
192 1.790037 0.000000 -0.056184 102.250096 0.000000 0.512981 -0.045535 
193 1.885486 0.000000 0.032289 101.930391 0.000000 0.475302 -0.039003 
194 1.790037 0.000000 0.120762 101.796341 0.000000 0.763016 -0.036308 
195 2.076384 0.000000 0.297709 100.986569 0.000000 1.123520 -0.019955 
196 2.267281 0.000000 0.297709 100.826717 0.000000 1.117504 -0.016728 
197 2.076384 0.000000 0.474656 100.942395 0.000000 1.122356 -0.019063 
198 1.980935 0.000000 0.032289 101.843694 0.000000 0.365710 -0.037227 
199 1.980935 0.000000 -0.056184 101.803890 0.000000 0.424367 -0.036421 
200 2.076384 0.000000 0.032289 101.691927 0.000000 0.351167 -0.034137 
201 1.980935 0.000000 0.120762 101.532293 0.000000 0.691906 -0.030929 
202 1.790037 0.000000 0.209236 101.244806 0.000000 1.120417 -0.025177 
203 1.694588 0.000000 0.209236 101.269212 0.000000 1.120688 -0.025671 
204 1.885486 0.000000 0.209236 101.229439 0.000000 1.120184 -0.024865 
205 1.790037 0.000000 0.297709 101.252971 0.000000 1.120416 -0.025342 
206 1.837762 0.000000 0.076526 102.009628 0.000000 0.537568 -0.040625 
207 1.790037 0.000000 0.076526 102.188739 0.000000 0.557730 -0.044285 
208 1.837762 0.000000 0.032289 102.156637 0.000000 0.383930 -0.043613 
209 1.885486 0.000000 0.076526 101.851508 0.000000 0.539906 -0.037402 
210 1.837762 0.000000 0.120762 101.537841 0.000000 0.875092 -0.031070 
211 1.599139 0.000000 0.032289 102.261490 0.000000 0.730646 -0.045795 
212 1.503691 0.000000 0.032289 102.278644 0.000000 0.791731 -0.046155 
213 1.599139 0.000000 -0.056184 102.855046 0.000000 0.534612 -0.057945 
214 1.599139 0.000000 0.120762 102.193092 0.000000 0.782798 -0.044404 
215 1.742313 0.000000 0.076526 101.464097 0.000000 0.875061 -0.029573 
216 1.694588 0.000000 0.076526 101.712870 0.000000 0.826725 -0.034619 
217 1.742313 0.000000 0.032289 101.502241 0.000000 0.833444 -0.030340 
218 1.742313 0.000000 0.120762 102.082873 0.000000 0.686526 -0.042138 
219 -4.223240 0.000000 -16.866129 99.790676 0.000000 -6.960166 -0.000662 
220 -10.331967 0.000000 -16.866129 99.778664 0.000000 -6.973731 -0.000441 
221 -4.223240 0.000000 -22.528427 99.777444 0.000000 -6.963777 -0.000403 
222 1.885486 0.000000 -16.866129 99.797401 0.000000 -6.934836 -0.000761 
223 -1.168877 0.000000 -8.372683 99.884658 0.000000 -6.920568 -0.002484 
224 -4.223240 0.000000 -8.372683 99.841294 0.000000 -6.968621 -0.001685 
225 -1.168877 0.000000 -11.203832 99.834419 0.000000 -6.932176 -0.001497 
226 1.885486 0.000000 -8.372683 99.901901 0.000000 -6.835960 -0.002712 
227 0.358304 0.000000 -4.125961 100.171487 0.000000 -6.785806 -0.008037 
228 -1.168877 0.000000 -4.125961 100.070607 0.000000 -6.943209 -0.006233 
229 0.358304 0.000000 -5.541535 100.032719 0.000000 -6.824020 -0.005311 
230 1.885486 0.000000 -4.125961 100.198725 0.000000 -6.570968 -0.008296 
231 1.121895 0.000000 -2.002599 100.725470 0.000000 -6.305050 -0.018537 
232 0.358304 0.000000 -2.002599 100.665864 0.000000 -6.624662 -0.017750 
233 1.121895 0.000000 -2.710386 100.467012 0.000000 -6.505759 -0.013595 
234 1.885486 0.000000 -2.002599 100.721575 0.000000 -5.981456 -0.018061 
235 1.503691 0.000000 -0.940918 101.521901 0.000000 -4.753526 -0.032929 
236 1.121895 0.000000 -0.940918 101.357130 0.000000 -5.196483 -0.030027 
237 1.503691 0.000000 -1.294812 101.150241 0.000000 -5.508537 -0.026172 
238 1.885486 0.000000 -0.940918 101.556273 0.000000 -4.169367 -0.033106 
239 1.694588 0.000000 -0.410078 101.299000 0.000000 1.120453 -0.026274 
240 1.503691 0.000000 -0.410078 101.340444 0.000000 1.120515 -0.027114 
241 1.694588 0.000000 -0.587025 101.091489 0.000000 1.126073 -0.022076 
242 1.885486 0.000000 -0.410078 101.065200 0.000000 1.125222 -0.021544 
243 1.790037 0.000000 -0.144658 101.516789 0.000000 0.906116 -0.030648 
244 1.694588 0.000000 -0.144658 101.797413 0.000000 0.920981 -0.036356 
245 1.790037 0.000000 -0.233131 101.262779 0.000000 1.120410 -0.025541 
246 1.885486 0.000000 -0.144658 101.510247 0.000000 0.901434 -0.030514 
247 1.837762 0.000000 -0.011948 102.304526 0.000000 0.265238 -0.046629 
248 1.790037 0.000000 -0.011948 102.323683 0.000000 0.404654 -0.047030 
249 1.837762 0.000000 -0.056184 102.077692 0.000000 0.448549 -0.042006 
250 1.885486 0.000000 -0.011948 101.957761 0.000000 0.454227 -0.039559 
251 1.813899 0.000000 0.054407 101.057412 0.000000 0.949464 -0.021350 
252 1.790037 0.000000 0.054407 101.064195 0.000000 0.968961 -0.021491 
253 1.813899 0.000000 0.032289 102.295155 0.000000 0.395094 -0.046445 
254 1.837762 0.000000 0.054407 102.071315 0.000000 0.451930 -0.041876 
255 1.813899 0.000000 0.076526 102.016038 0.000000 0.543689 -0.040757 
256 1.742313 0.000000 -0.011948 102.363125 0.000000 0.501698 -0.047846 
257 1.694588 0.000000 -0.011948 102.637986 0.000000 0.489019 -0.053480 
258 1.742313 0.000000 -0.056184 102.274037 0.000000 0.583384 -0.046032 
259 1.813899 0.000000 0.010171 102.383037 0.000000 0.296178 -0.048237 
260 1.790037 0.000000 0.010171 102.322492 0.000000 0.404569 -0.047006 
261 1.813899 0.000000 -0.011948 102.377914 0.000000 0.303302 -0.048133 
262 1.837762 0.000000 0.010171 102.320043 0.000000 0.252493 -0.046945 
263 1.980935 0.000000 0.209236 101.080513 0.000000 1.124239 -0.021853 
264 2.076384 0.000000 0.209236 100.982941 0.000000 1.123377 -0.019882 
265 1.980935 0.000000 0.297709 101.086376 0.000000 1.124400 -0.021972 
266 1.933210 0.000000 0.076526 101.757770 0.000000 0.582813 -0.035498 
267 1.933210 0.000000 0.032289 101.838720 0.000000 0.479325 -0.037135 
268 1.980935 0.000000 0.076526 101.769071 0.000000 0.479181 -0.035717 
269 1.933210 0.000000 0.120762 101.693560 0.000000 0.648714 -0.034200 
270 1.861624 0.000000 0.054407 102.045339 0.000000 0.457261 -0.041346 
271 1.861624 0.000000 0.032289 102.099218 0.000000 0.414203 -0.042442 
272 1.885486 0.000000 0.054407 101.891726 0.000000 0.506318 -0.038218 
273 1.861624 0.000000 0.076526 101.860740 0.000000 0.542980 -0.037591 
274 1.825830 0.000000 0.043348 101.162346 0.000000 0.884196 -0.023460 
275 1.813899 0.000000 0.043348 101.128136 0.000000 0.915195 -0.022774 
276 1.825830 0.000000 0.032289 102.293867 0.000000 0.382432 -0.046418 
277 1.837762 0.000000 0.043348 102.108514 0.000000 0.422376 -0.042633 
278 1.825830 0.000000 0.054407 101.024968 0.000000 0.950244 -0.020695 
279 -16.440693 0.000000 5.783060 99.748069 0.000000 -6.989492 0.000147 
280 -22.549420 0.000000 5.783060 99.752860 0.000000 -6.984118 0.000059 
281 -16.440693 0.000000 11.445357 99.744165 0.000000 -6.983393 0.000233 
282 -7.277604 0.000000 2.951911 99.719985 0.000000 -7.036626 0.000641 
283 -10.331967 0.000000 2.951911 99.741760 0.000000 -7.009178 0.000245 
284 -7.277604 0.000000 5.783060 99.707528 0.000000 -7.005307 0.000933 
285 -2.696059 0.000000 1.536337 99.587674 0.000000 -7.207068 0.003035 
286 -4.223240 0.000000 1.536337 99.688207 0.000000 -7.118699 0.001159 
287 -2.696059 0.000000 2.951911 99.549002 0.000000 -7.092412 0.003969 
288 -0.405286 0.000000 0.828550 98.349662 0.000000 -7.173478 0.027589 
289 -1.168877 0.000000 0.828550 99.225861 0.000000 -7.518582 0.009770 
290 -0.405286 0.000000 1.536337 98.925996 0.000000 -7.058734 0.016382 
291 0.740100 0.000000 0.474656 101.873624 0.000000 1.113419 -0.037948 
292 0.358304 0.000000 0.474656 101.457155 0.000000 -9.564801 -0.038504 
293 0.740100 0.000000 0.828550 99.334128 0.000000 -7.713677 0.007323 
294 1.312793 0.000000 0.297709 101.402107 0.000000 1.120503 -0.028364 
295 1.121895 0.000000 0.297709 101.443130 0.000000 1.119763 -0.029196 
296 1.312793 0.000000 0.474656 101.388059 0.000000 1.120363 -0.028079 
297 1.599139 0.000000 0.209236 101.301336 0.000000 1.120916 -0.026322 
298 1.503691 0.000000 0.209236 101.337954 0.000000 1.121004 -0.027064 
299 1.599139 0.000000 0.297709 101.305098 0.000000 1.120826 -0.026398 
300 1.646864 0.000000 0.076526 101.940337 0.000000 0.814657 -0.039250 
301 1.599139 0.000000 0.076526 102.164217 0.000000 0.784457 -0.043814 
302 1.646864 0.000000 0.032289 102.157028 0.000000 0.712331 -0.043657 
303 1.646864 0.000000 0.120762 101.871361 0.000000 0.894569 -0.037857 
304 1.408242 0.000000 0.032289 102.542073 0.000000 0.719012 -0.051539 
305 1.312793 0.000000 0.032289 102.299271 0.000000 0.831418 -0.046583 
306 1.408242 0.000000 -0.056184 102.911598 0.000000 0.536084 -0.059108 
307 1.408242 0.000000 0.120762 102.272692 0.000000 0.784540 -0.046032 
308 1.408242 0.000000 0.209236 101.374889 0.000000 1.120883 -0.027812 
309 1.312793 0.000000 0.209236 101.408016 0.000000 1.120561 -0.028484 
310 1.408242 0.000000 0.297709 101.371838 0.000000 1.120778 -0.027751 
311 1.455966 0.000000 0.076526 102.240435 0.000000 0.821728 -0.045378 
312 1.408242 0.000000 0.076526 102.288330 0.000000 0.815152 -0.046357 
313 1.455966 0.000000 0.032289 102.491815 0.000000 0.730678 -0.050511 
314 1.503691 0.000000 0.076526 102.200180 0.000000 0.820515 -0.044555 
315 1.455966 0.000000 0.120762 101.857184 0.000000 0.961887 -0.037581 
316 0.930998 0.000000 -0.056184 102.193089 0.000000 0.409181 -0.044359 
317 0.740100 0.000000 -0.056184 102.360192 0.000000 0.312644 -0.047771 
318 0.930998 0.000000 -0.233131 101.712302 0.000000 1.121559 -0.034665 
319 0.930998 0.000000 0.120762 102.142833 0.000000 0.560747 -0.043347 
320 1.217344 0.000000 0.032289 102.373333 0.000000 0.774604 -0.048090 
321 1.121895 0.000000 0.032289 102.376852 0.000000 0.489326 -0.048126 
322 1.217344 0.000000 -0.056184 102.596409 0.000000 0.517711 -0.052629 
323 1.217344 0.000000 0.120762 102.150116 0.000000 0.768739 -0.043524 
324 0.930998 0.000000 0.297709 101.665859 0.000000 1.121331 -0.033720 
325 0.740100 0.000000 0.297709 101.804801 0.000000 1.119279 -0.036547 
326 0.930998 0.000000 0.474656 101.756559 0.000000 1.121262 -0.035565 
327 1.217344 0.000000 0.209236 101.434105 0.000000 1.120126 -0.029013 
328 1.121895 0.000000 0.209236 101.451548 0.000000 1.119701 -0.029367 
329 1.217344 0.000000 0.297709 101.426346 0.000000 1.120132 -0.028856 
330 1.265068 0.000000 0.076526 102.274642 0.000000 0.826597 -0.046079 
331 1.217344 0.000000 0.076526 102.275010 0.000000 0.773747 -0.046078 
332 1.265068 0.000000 0.032289 102.492261 0.000000 0.741047 -0.050521 
333 1.312793 0.000000 0.076526 102.365099 0.000000 0.788796 -0.047924 
334 1.265068 0.000000 0.120762 101.951343 0.000000 0.891089 -0.039487 
335 1.026446 0.000000 0.032289 102.293245 0.000000 0.387062 -0.046406 
336 0.930998 0.000000 0.032289 102.212181 0.000000 0.389031 -0.044748 
337 1.026446 0.000000 -0.056184 102.277254 0.000000 0.414708 -0.046081 
338 1.026446 0.000000 0.120762 101.911857 0.000000 0.723095 -0.038655 
339 1.169620 0.000000 0.076526 102.325396 0.000000 0.612884 -0.047086 
340 1.121895 0.000000 0.076526 102.297681 0.000000 0.550045 -0.046512 
341 1.169620 0.000000 0.032289 102.316644 0.000000 0.730743 -0.046923 
342 1.169620 0.000000 0.120762 102.206848 0.000000 0.678059 -0.044670 
343 1.312793 0.000000 -0.410078 101.382550 0.000000 1.120297 -0.027968 
344 1.121895 0.000000 -0.410078 101.586899 0.000000 1.122069 -0.032116 
345 1.312793 0.000000 -0.587025 101.559563 0.000000 1.122746 -0.031561 
346 1.217344 0.000000 -0.144658 101.911655 0.000000 0.908588 -0.038681 
347 1.121895 0.000000 -0.144658 101.680055 0.000000 0.909112 -0.033966 
348 1.217344 0.000000 -0.233131 101.418113 0.000000 1.120127 -0.028689 
349 1.312793 0.000000 -0.144658 101.855459 0.000000 0.924667 -0.037539 
350 1.169620 0.000000 -0.011948 102.581695 0.000000 0.491444 -0.052325 
351 1.121895 0.000000 -0.011948 102.399466 0.000000 0.470356 -0.048587 
352 1.169620 0.000000 -0.056184 102.513815 0.000000 0.526599 -0.050936 
353 1.217344 0.000000 -0.011948 102.927637 0.000000 0.397599 -0.059426 
354 1.193482 0.000000 0.054407 102.089528 0.000000 0.951379 -0.042318 
355 1.169620 0.000000 0.054407 102.047894 0.000000 0.975401 -0.041472 
356 1.193482 0.000000 0.032289 102.227135 0.000000 0.838932 -0.045109 
357 1.217344 0.000000 0.054407 102.097746 0.000000 0.973300 -0.042490 
358 1.193482 0.000000 0.076526 102.474194 0.000000 0.563038 -0.050128 
359 3.794463 0.000000 0.474656 99.537013 0.000000 -29.886084 -0.080080 
360 4.176258 0.000000 0.474656 99.321677 0.000000 -27.747355 -0.063471 
361 3.794463 0.000000 0.828550 98.832464 0.000000 -6.532363 0.018947 
362 3.603565 0.000000 -0.056184 100.702998 0.000000 -0.000000 -0.014109 
363 3.412668 0.000000 -0.056184 100.860999 0.000000 -0.000000 -0.017294 
364 3.603565 0.000000 -0.233131 100.698477 0.000000 0.234912 -0.014024 
365 3.794463 0.000000 -0.056184 100.514434 0.000000 0.000000 -0.010315 
366 3.603565 0.000000 0.120762 100.719723 0.000000 -0.000000 -0.014446 
367 3.221770 0.000000 -0.056184 101.070088 0.000000 -0.000000 -0.021516 
368 3.221770 0.000000 -0.233131 102.527418 0.000000 1.496382 -0.051411 
369 3.221770 0.000000 0.120762 101.044629 0.000000 -0.000000 -0.021002 
370 3.603565 0.000000 0.297709 95.578798 0.000000 -79.456097 -0.544858 
371 3.412668 0.000000 0.297709 95.113422 0.000000 -81.202984 -0.564049 
372 3.794463 0.000000 0.297709 96.305185 0.000000 -69.869440 -0.415643 
373 3.603565 0.000000 0.474656 99.487128 0.000000 -30.797836 -0.084620 
374 3.508116 0.000000 0.032289 100.740256 0.000000 -0.000000 -0.014860 
375 3.412668 0.000000 0.032289 100.860629 0.000000 0.000000 -0.017287 
376 3.508116 0.000000 -0.056184 100.768613 0.000000 -0.000000 -0.015431 
377 3.603565 0.000000 0.032289 100.696311 0.000000 -0.000000 -0.013975 
378 3.508116 0.000000 0.120762 100.761806 0.000000 -0.000000 -0.015294 
379 7.994212 0.000000 -16.866129 99.791870 0.000000 -6.909130 -0.000615 
380 7.994212 0.000000 -22.528427 99.778047 0.000000 -6.940504 -0.000383 
381 14.102939 0.000000 -16.866129 99.781499 0.000000 -6.893683 -0.000387 
382 4.939849 0.000000 -8.372683 99.885772 0.000000 -6.748047 -0.002270 
383 4.939849 0.000000 -11.203832 99.835178 0.000000 -6.849115 -0.001397 
384 7.994212 0.000000 -8.372683 99.849770 0.000000 -6.696817 -0.001482 
385 3.412668 0.000000 -4.125961 100.147296 0.000000 -6.373363 -0.007010 
386 3.412668 0.000000 -5.541535 100.024671 0.000000 -6.590602 -0.004837 
387 4.939849 0.000000 -4.125961 100.066716 0.000000 -6.229037 -0.005215 
388 4.176258 0.000000 -2.002599 100.446562 0.000000 -5.128206 -0.011581 
389 3.412668 0.000000 -2.002599 100.547502 0.000000 -5.372300 -0.013866 
390 4.176258 0.000000 -2.710386 100.288591 0.000000 -5.761594 -0.009100 
391 4.939849 0.000000 -2.002599 100.388050 0.000000 -4.890897 -0.010168 
392 3.794463 0.000000 -0.940918 101.235063 0.000000 -1.037188 -0.024961 
393 3.412668 0.000000 -0.940918 101.337376 0.000000 -1.646270 -0.027197 
394 3.794463 0.000000 -1.294812 100.846132 0.000000 -3.506973 -0.018224 
395 4.176258 0.000000 -0.940918 101.156065 0.000000 -0.512062 -0.023281 
396 3.603565 0.000000 -0.410078 101.695175 0.000000 2.856135 -0.035007 
397 3.412668 0.000000 -0.410078 102.105751 0.000000 3.071859 -0.043502 
398 3.603565 0.000000 -0.587025 101.810065 0.000000 2.489920 -0.037149 
399 3.794463 0.000000 -0.410078 101.487449 0.000000 2.435758 -0.030564 
400 3.508116 0.000000 -0.144658 100.762329 0.000000 -0.000000 -0.015305 
401 3.412668 0.000000 -0.144658 100.839184 0.000000 0.000000 -0.016854 
402 3.508116 0.000000 -0.233131 101.068764 0.000000 0.915977 -0.021573 
403 3.603565 0.000000 -0.144658 100.725577 0.000000 -0.000000 -0.014564 
404 5.703440 0.000000 -0.587025 101.491030 0.000000 1.243979 -0.030198 
405 5.703440 0.000000 -1.294812 100.844856 0.000000 -1.622080 -0.017232 
406 6.467031 0.000000 -0.587025 100.759162 0.000000 -2.281227 -0.015761 
407 5.703440 0.000000 0.120762 101.602325 0.000000 -14.677501 -0.053846 
408 4.558054 0.000000 -0.233131 100.746575 0.000000 -3.973489 -0.016566 
409 4.558054 0.000000 -0.587025 101.515341 0.000000 2.790958 -0.031315 
410 4.939849 0.000000 -0.233131 100.472400 0.000000 -5.705852 -0.012726 
411 4.558054 0.000000 0.120762 99.264053 0.000000 -25.382444 -0.049762 
412 3.985361 0.000000 -0.056184 100.298694 0.000000 -8.807896 -0.013741 
413 3.985361 0.000000 -0.233131 100.858586 0.000000 -2.052812 -0.017667 
414 4.176258 0.000000 -0.056184 100.277424 0.000000 -9.147701 -0.013924 
415 3.985361 0.000000 0.120762 100.087442 0.000000 -20.008062 -0.041782 
416 3.699014 0.000000 0.032289 100.604201 0.000000 -0.000000 -0.012121 
417 3.699014 0.000000 -0.056184 100.596937 0.000000 -0.000000 -0.011974 
418 3.794463 0.000000 0.032289 100.515672 0.000000 0.000000 -0.010340 
419 3.699014 0.000000 0.120762 100.566175 0.000000 -0.000000 -0.011356 
420 3.555841 0.000000 -0.011948 100.711205 0.000000 -0.000000 -0.014275 
421 3.508116 0.000000 -0.011948 100.740687 0.000000 -0.000000 -0.014869 
422 3.555841 0.000000 -0.056184 100.716656 0.000000 -0.000000 -0.014384 
423 3.603565 0.000000 -0.011948 100.682053 0.000000 -0.000000 -0.013688 
424 3.555841 0.000000 0.032289 100.713549 0.000000 -0.000000 -0.014322 
425 3.221770 0.000000 0.297709 95.359983 0.000000 -74.966396 -0.471349 
426 3.030872 0.000000 0.297709 96.245825 0.000000 -64.908158 -0.347633 
427 3.221770 0.000000 0.474656 98.483298 0.000000 -30.909265 -0.065434 
428 3.317219 0.000000 0.032289 100.995225 0.000000 -0.000000 -0.020004 
429 3.221770 0.000000 0.032289 101.072634 0.000000 -0.000000 -0.021568 
430 3.317219 0.000000 -0.056184 100.970510 0.000000 -0.000000 -0.019504 
431 3.317219 0.000000 0.120762 100.982794 0.000000 -0.000000 -0.019752 
432 3.460392 0.000000 -0.011948 100.796140 0.000000 -0.000000 -0.015986 
433 3.412668 0.000000 -0.011948 100.842585 0.000000 0.000000 -0.016923 
434 3.460392 0.000000 -0.056184 100.817519 0.000000 -0.000000 -0.016417 
435 3.460392 0.000000 0.032289 100.816507 0.000000 -0.000000 -0.016397 
436 3.508116 0.000000 0.209236 99.937014 0.000000 -35.903903 -0.127650 
437 3.412668 0.000000 0.209236 99.573073 0.000000 -33.005471 -0.100416 
438 3.603565 0.000000 0.209236 99.958771 0.000000 -39.556381 -0.155646 
439 3.508116 0.000000 0.297709 95.297126 0.000000 -81.475629 -0.571982 
440 3.555841 0.000000 0.076526 100.739867 0.000000 -0.000000 -0.014852 
441 3.508116 0.000000 0.076526 100.778003 0.000000 -0.000000 -0.015621 
442 3.603565 0.000000 0.076526 100.708824 0.000000 -0.000000 -0.014227 
443 3.555841 0.000000 0.120762 100.736709 0.000000 -0.000000 -0.014788 
444 3.531979 0.000000 0.010171 100.726001 0.000000 0.000000 -0.014573 
445 3.508116 0.000000 0.010171 100.740746 0.000000 0.000000 -0.014870 
446 3.531979 0.000000 -0.011948 100.726144 0.000000 0.000000 -0.014576 
447 3.555841 0.000000 0.010171 100.711073 0.000000 -0.000000 -0.014272 
448 3.531979 0.000000 0.032289 100.732701 0.000000 -0.000000 -0.014708 
449 3.460392 0.000000 0.076526 100.803900 0.000000 -0.000000 -0.016143 
450 3.412668 0.000000 0.076526 100.861353 0.000000 -0.000000 -0.017301 
451 3.460392 0.000000 0.120762 100.805378 0.000000 -0.000000 -0.016172 
452 3.484254 0.000000 0.010171 100.774389 0.000000 -0.000000 -0.015548 
453 3.460392 0.000000 0.010171 100.795310 0.000000 -0.000000 -0.015969 
454 3.484254 0.000000 -0.011948 100.774914 0.000000 -0.000000 -0.015558 
455 3.484254 0.000000 0.032289 100.795724 0.000000 -0.000000 -0.015978 
456 3.699014 0.000000 -0.144658 100.500340 0.000000 0.000000 -0.010032 
457 3.699014 0.000000 -0.233131 100.572955 0.000000 -0.485524 -0.011516 
458 3.794463 0.000000 -0.144658 100.509623 0.000000 0.000000 -0.010218 
459 3.555841 0.000000 -0.100421 100.729728 0.000000 -0.000000 -0.014648 
460 3.508116 0.000000 -0.100421 100.779349 0.000000 -0.000000 -0.015648 
461 3.555841 0.000000 -0.144658 100.735045 0.000000 -0.000000 -0.014755 
462 3.603565 0.000000 -0.100421 100.709947 0.000000 -0.000000 -0.014249 
463 3.531979 0.000000 -0.034066 100.732962 0.000000 -0.000000 -0.014713 
464 3.508116 0.000000 -0.034066 100.740403 0.000000 -0.000000 -0.014863 
465 3.531979 0.000000 -0.056184 100.736317 0.000000 -0.000000 -0.014781 
466 3.555841 0.000000 -0.034066 100.713787 0.000000 -0.000000 -0.014327 
467 3.520048 0.000000 -0.000889 100.734351 0.000000 0.000000 -0.014741 
468 3.508116 0.000000 -0.000889 100.741083 0.000000 0.000000 -0.014877 
469 3.520048 0.000000 -0.011948 100.734236 0.000000 0.000000 -0.014739 
470 3.531979 0.000000 -0.000889 100.724726 0.000000 0.000000 -0.014547 
471 3.520048 0.000000 0.010171 100.736700 0.000000 0.000000 -0.014788 
472 2.649077 0.000000 -2.002599 100.655783 0.000000 -5.661560 -0.016364 
473 2.649077 0.000000 -2.710386 100.428297 0.000000 -6.081274 -0.012282 
474 3.030872 0.000000 -0.940918 101.420068 0.000000 -2.319158 -0.029141 
475 2.649077 0.000000 -0.940918 101.461957 0.000000 -2.953134 -0.030325 
476 3.030872 0.000000 -1.294812 100.987494 0.000000 -4.191956 -0.021605 
477 3.221770 0.000000 -0.410078 102.460721 0.000000 2.920902 -0.050673 
478 3.030872 0.000000 -0.410078 102.602895 0.000000 2.612196 -0.053418 
479 3.221770 0.000000 -0.587025 102.130724 0.000000 1.808090 -0.043395 
480 3.317219 0.000000 -0.144658 101.000627 0.000000 -0.000000 -0.020113 
481 3.221770 0.000000 -0.144658 101.053590 0.000000 -0.000000 -0.021183 
482 3.317219 0.000000 -0.233131 102.193507 0.000000 1.521410 -0.044583 
483 3.364943 0.000000 -0.011948 100.920236 0.000000 0.000000 -0.018489 
484 3.317219 0.000000 -0.011948 100.994898 0.000000 -0.000000 -0.019997 
485 3.364943 0.000000 -0.056184 100.916114 0.000000 0.000000 -0.018406 
486 3.364943 0.000000 0.032289 100.927890 0.000000 0.000000 -0.018644 
487 3.436530 0.000000 0.010171 100.815778 0.000000 -0.000000 -0.016382 
488 3.412668 0.000000 0.010171 100.842022 0.000000 0.000000 -0.016911 
489 3.436530 0.000000 -0.011948 100.817420 0.000000 -0.000000 -0.016415 
490 3.436530 0.000000 0.032289 100.826902 0.000000 -0.000000 -0.016606 
491 3.126321 0.000000 0.032289 101.135881 0.000000 -0.000000 -0.022847 
492 3.030872 0.000000 0.032289 101.262695 0.000000 -0.000000 -0.025413 
493 3.126321 0.000000 -0.056184 101.139379 0.000000 -0.000000 -0.022917 
494 3.126321 0.000000 0.120762 101.146703 0.000000 -0.000000 -0.023066 
495 3.269494 0.000000 -0.011948 101.035101 0.000000 -0.000000 -0.020809 
496 3.221770 0.000000 -0.011948 101.074968 0.000000 -0.000000 -0.021615 
497 3.269494 0.000000 -0.056184 101.035955 0.000000 -0.000000 -0.020826 
498 3.269494 0.000000 0.032289 101.037526 0.000000 -0.000000 -0.020858 
499 3.317219 0.000000 0.209236 99.217265 0.000000 -30.879306 -0.079760 
500 3.221770 0.000000 0.209236 99.085148 0.000000 -29.241158 -0.067291 
501 3.317219 0.000000 0.297709 95.123657 0.000000 -78.870297 -0.526903 
502 3.269494 0.000000 0.076526 101.034402 0.000000 -0.000000 -0.020795 
503 3.221770 0.000000 0.076526 101.067812 0.000000 -0.000000 -0.021470 
504 3.317219 0.000000 0.076526 100.969496 0.000000 -0.000000 -0.019484 
505 3.269494 0.000000 0.120762 101.026533 0.000000 -0.000000 -0.020636 
506 3.293357 0.000000 0.010171 101.014566 0.000000 -0.000000 -0.020394 
507 3.269494 0.000000 0.010171 101.035114 0.000000 -0.000000 -0.020809 
508 3.293357 0.000000 -0.011948 101.014408 0.000000 -0.000000 -0.020391 
509 3.317219 0.000000 0.010171 100.994796 0.000000 -0.000000 -0.019995 
510 3.293357 0.000000 0.032289 101.017281 0.000000 -0.000000 -0.020449 
511 3.126321 0.000000 -0.144658 101.138328 0.000000 -0.000000 -0.022896 
512 3.030872 0.000000 -0.144658 101.317185 0.000000 -0.000000 -0.026517 
513 3.126321 0.000000 -0.233131 102.681302 0.000000 1.438981 -0.054552 
514 3.174045 0.000000 -0.011948 101.119742 0.000000 -0.000000 -0.022520 
515 3.126321 0.000000 -0.011948 101.139630 0.000000 -0.000000 -0.022922 
516 3.174045 0.000000 -0.056184 101.113280 0.000000 -0.000000 -0.022390 
517 3.174045 0.000000 0.032289 101.116456 0.000000 -0.000000 -0.022454 
518 3.245632 0.000000 0.010171 101.053547 0.000000 -0.000000 -0.021182 
519 3.221770 0.000000 0.010171 101.074698 0.000000 -0.000000 -0.021609 
520 3.245632 0.000000 -0.011948 101.053558 0.000000 -0.000000 -0.021182 
521 3.245632 0.000000 0.032289 101.054726 0.000000 -0.000000 -0.021206 
522 2.839975 0.000000 0.297709 98.232837 0.000000 -55.584472 -0.273932 
523 2.649077 0.000000 0.297709 98.823146 0.000000 -49.433669 -0.220970 
524 2.839975 0.000000 0.474656 97.715027 0.000000 -31.815704 -0.056047 
525 3.126321 0.000000 0.209236 99.142227 0.000000 -27.845884 -0.060457 
526 3.030872 0.000000 0.209236 99.282239 0.000000 -26.566153 -0.056272 
527 3.126321 0.000000 0.297709 95.759035 0.000000 -70.121798 -0.408686 
528 3.174045 0.000000 0.076526 101.111403 0.000000 -0.000000 -0.022352 
529 3.126321 0.000000 0.076526 101.137399 0.000000 -0.000000 -0.022877 
530 3.174045 0.000000 0.120762 101.054706 0.000000 -0.000000 -0.021205 
531 3.197908 0.000000 0.010171 101.091820 0.000000 -0.000000 -0.021956 
532 3.174045 0.000000 0.010171 101.119969 0.000000 -0.000000 -0.022525 
533 3.197908 0.000000 -0.011948 101.091723 0.000000 -0.000000 -0.021954 
534 3.197908 0.000000 0.032289 101.098601 0.000000 -0.000000 -0.022093 
535 3.269494 0.000000 -0.100421 101.032605 0.000000 -0.000000 -0.020759 
536 3.221770 0.000000 -0.100421 101.065892 0.000000 -0.000000 -0.021431 
537 3.269494 0.000000 -0.144658 101.026033 0.000000 -0.000000 -0.020626 
538 3.317219 0.000000 -0.100421 100.983395 0.000000 -0.000000 -0.019765 
539 3.245632 0.000000 -0.034066 101.054582 0.000000 -0.000000 -0.021203 
540 3.221770 0.000000 -0.034066 101.072465 0.000000 -0.000000 -0.021564 
541 3.245632 0.000000 -0.056184 101.041388 0.000000 -0.000000 -0.020936 
542 3.269494 0.000000 -0.034066 101.037428 0.000000 -0.000000 -0.020856 
543 3.233701 0.000000 -0.000889 101.060518 0.000000 0.000000 -0.021323 
544 3.221770 0.000000 -0.000889 101.073432 0.000000 -0.000000 -0.021584 
545 3.233701 0.000000 -0.011948 101.065835 0.000000 -0.000000 -0.021430 
546 3.245632 0.000000 -0.000889 101.053608 0.000000 -0.000000 -0.021183 
547 3.233701 0.000000 0.010171 101.065442 0.000000 -0.000000 -0.021422 
548 3.174045 0.000000 -0.100421 101.103664 0.000000 -0.000000 -0.022195 
549 3.126321 0.000000 -0.100421 101.139323 0.000000 -0.000000 -0.022916 
550 3.174045 0.000000 -0.144658 101.062583 0.000000 -0.000000 -0.021365 
551 3.197908 0.000000 -0.034066 101.098430 0.000000 -0.000000 -0.022089 
552 3.174045 0.000000 -0.034066 101.116177 0.000000 -0.000000 -0.022448 
553 3.197908 0.000000 -0.056184 101.096206 0.000000 -0.000000 -0.022044 
554 3.209839 0.000000 -0.000889 101.081526 0.000000 0.000000 -0.021747 
555 3.197908 0.000000 -0.000889 101.092081 0.000000 -0.000000 -0.021961 
556 3.209839 0.000000 -0.011948 101.087678 0.000000 -0.000000 -0.021872 
557 3.209839 0.000000 0.010171 101.087745 0.000000 -0.000000 -0.021873 
558 -16.440693 0.000000 -16.866129 99.769574 0.000000 -6.978164 -0.000266 
559 -22.549420 0.000000 -16.866129 99.764245 0.000000 -6.978958 -0.000161 
560 -16.440693 0.000000 -22.528427 99.767444 0.000000 -6.975552 -0.000220 
561 20.211665 0.000000 -16.866129 99.773776 0.000000 -6.885886 -0.000222 
562 20.211665 0.000000 -22.528427 99.769412 0.000000 -6.926861 -0.000192 
563 26.320392 0.000000 -16.866129 99.769419 0.000000 -6.880857 -0.000128 
564 -7.277604 0.000000 -8.372683 99.808881 0.000000 -6.985297 -0.001061 
565 -10.331967 0.000000 -8.372683 99.787935 0.000000 -6.988797 -0.000648 
566 -7.277604 0.000000 -11.203832 99.800158 0.000000 -6.974993 -0.000872 
567 11.048576 0.000000 -8.372683 99.817499 0.000000 -6.674134 -0.000808 
568 11.048576 0.000000 -11.203832 99.803759 0.000000 -6.800521 -0.000704 
569 14.102939 0.000000 -8.372683 99.803012 0.000000 -6.654491 -0.000492 
570 -2.696059 0.000000 -4.125961 99.957897 0.000000 -7.011887 -0.004075 
571 -4.223240 0.000000 -4.125961 99.880967 0.000000 -7.030382 -0.002563 
572 -2.696059 0.000000 -5.541535 99.921513 0.000000 -6.975447 -0.003297 
573 6.467031 0.000000 -4.125961 99.988662 0.000000 -6.131923 -0.003533 
574 6.467031 0.000000 -5.541535 99.933821 0.000000 -6.440641 -0.002825 
575 7.994212 0.000000 -4.125961 99.926077 0.000000 -6.073560 -0.002211 
576 -0.405286 0.000000 -2.002599 100.508848 0.000000 -6.924748 -0.014998 
577 -1.168877 0.000000 -2.002599 100.271026 0.000000 -7.094574 -0.010461 
578 -0.405286 0.000000 -2.710386 100.328332 0.000000 -6.894779 -0.011331 
579 0.740100 0.000000 -0.940918 101.214119 0.000000 -5.404032 -0.027350 
580 0.358304 0.000000 -0.940918 101.360901 0.000000 -5.587802 -0.030526 
581 0.740100 0.000000 -1.294812 101.052356 0.000000 -5.995018 -0.024752 
582 2.267281 0.000000 -0.940918 101.506763 0.000000 -3.567427 -0.031635 
583 2.267281 0.000000 -1.294812 101.101565 0.000000 -4.856923 -0.024512 
584 0.930998 0.000000 -0.410078 101.799161 0.000000 1.120024 -0.036432 
585 0.740100 0.000000 -0.410078 101.873251 0.000000 1.113516 -0.037940 
586 0.930998 0.000000 -0.587025 101.871859 0.000000 1.113884 -0.037912 
587 1.408242 0.000000 -0.144658 101.928363 0.000000 0.919486 -0.039024 
588 1.408242 0.000000 -0.233131 101.369018 0.000000 1.120662 -0.027693 
589 1.503691 0.000000 -0.144658 101.876107 0.000000 0.928385 -0.037960 
590 2.076384 0.000000 -0.410078 100.889133 0.000000 1.120269 -0.017987 
591 2.076384 0.000000 -0.587025 100.732192 0.000000 1.113274 -0.014821 
592 2.267281 0.000000 -0.410078 100.731150 0.000000 1.113215 -0.014800 
593 2.458179 0.000000 -0.410078 102.850055 0.000000 1.139640 -0.057943 
594 2.458179 0.000000 -0.587025 102.280299 0.000000 -0.319752 -0.046136 
595 2.649077 0.000000 -0.410078 102.767019 0.000000 1.726587 -0.056404 
596 1.599139 0.000000 -0.144658 101.827977 0.000000 0.918703 -0.036978 
597 1.599139 0.000000 -0.233131 101.309903 0.000000 1.120726 -0.026495 
598 2.458179 0.000000 0.297709 100.699997 0.000000 1.111766 -0.014173 
599 2.458179 0.000000 0.474656 100.669397 0.000000 1.108764 -0.013556 
600 1.980935 0.000000 -0.144658 101.328744 0.000000 0.847132 -0.026823 
601 1.980935 0.000000 -0.233131 101.045577 0.000000 1.124564 -0.021147 
602 2.076384 0.000000 -0.144658 101.289907 0.000000 0.808787 -0.026030 
603 5.703440 0.000000 -2.002599 100.329158 0.000000 -4.613171 -0.008722 
604 5.703440 0.000000 -2.710386 100.160856 0.000000 -5.510168 -0.006256 
605 6.467031 0.000000 -2.002599 100.228579 0.000000 -4.354053 -0.006473 
606 4.558054 0.000000 -0.940918 101.178882 0.000000 0.006912 -0.023717 
607 4.558054 0.000000 -1.294812 100.779976 0.000000 -2.893285 -0.016497 
608 4.939849 0.000000 -0.940918 101.285383 0.000000 0.573178 -0.025906 
609 2.839975 0.000000 -0.410078 102.681908 0.000000 2.225351 -0.054853 
610 2.839975 0.000000 -0.587025 102.231561 0.000000 0.795502 -0.045192 
611 5.703440 0.000000 0.828550 99.228569 0.000000 -5.741176 0.012073 
612 6.467031 0.000000 0.828550 99.571897 0.000000 -5.612885 0.005393 
613 5.703440 0.000000 1.536337 99.398301 0.000000 -5.268618 0.009222 
614 4.558054 0.000000 0.474656 99.263573 0.000000 -24.251231 -0.044138 
615 4.939849 0.000000 0.474656 98.413502 0.000000 -21.480504 -0.014663 
616 4.558054 0.000000 0.828550 99.062485 0.000000 -6.156830 0.014872 
617 3.985361 0.000000 -0.410078 101.427330 0.000000 2.058398 -0.029174 
618 3.985361 0.000000 -0.587025 101.574444 0.000000 2.723833 -0.032479 
619 4.176258 0.000000 -0.410078 101.366309 0.000000 1.695093 -0.027800 
620 1.933210 0.000000 -0.011948 101.852834 0.000000 0.453428 -0.037421 
621 1.933210 0.000000 -0.056184 101.793761 0.000000 0.534574 -0.036226 
622 1.980935 0.000000 -0.011948 101.863915 0.000000 0.338635 -0.037637 
623 1.646864 0.000000 -0.011948 103.312655 0.000000 0.295997 -0.067359 
624 1.599139 0.000000 -0.011948 102.787738 0.000000 0.532938 -0.056560 
625 1.646864 0.000000 -0.056184 102.781514 0.000000 0.475666 -0.056427 
626 1.551415 0.000000 0.076526 102.027178 0.000000 0.857014 -0.041028 
627 1.551415 0.000000 0.032289 102.198185 0.000000 0.790530 -0.044509 
628 1.551415 0.000000 0.120762 102.441365 0.000000 0.703192 -0.049473 
629 1.861624 0.000000 0.010171 102.149757 0.000000 0.374454 -0.043471 
630 1.861624 0.000000 -0.011948 102.149029 0.000000 0.375274 -0.043456 
631 1.885486 0.000000 0.010171 101.956921 0.000000 0.454759 -0.039542 
632 1.360517 0.000000 0.076526 102.186317 0.000000 0.872078 -0.044280 
633 1.360517 0.000000 0.032289 102.330587 0.000000 0.818222 -0.047222 
634 1.360517 0.000000 0.120762 102.460698 0.000000 0.700646 -0.049869 
635 1.026446 0.000000 -0.144658 101.831125 0.000000 0.859774 -0.037032 
636 0.930998 0.000000 -0.144658 101.887218 0.000000 0.838260 -0.038171 
637 1.026446 0.000000 -0.233131 101.607345 0.000000 1.121442 -0.032531 
638 1.265068 0.000000 -0.011948 103.270395 0.000000 0.311448 -0.066487 
639 1.265068 0.000000 -0.056184 102.900322 0.000000 0.471028 -0.058870 
640 1.312793 0.000000 -0.011948 102.921186 0.000000 0.497158 -0.059302 
641 1.026446 0.000000 0.209236 101.532208 0.000000 1.120340 -0.031004 
642 0.930998 0.000000 0.209236 101.669660 0.000000 1.121158 -0.033798 
643 1.026446 0.000000 0.297709 101.567002 0.000000 1.120902 -0.031711 
644 3.985361 0.000000 0.297709 98.041893 0.000000 -59.368207 -0.313680 
645 4.176258 0.000000 0.297709 98.186457 0.000000 -53.229173 -0.247393 
646 3.985361 0.000000 0.474656 99.349596 0.000000 -28.967779 -0.070947 
647 3.699014 0.000000 0.209236 99.630547 0.000000 -43.887610 -0.185237 
648 3.794463 0.000000 0.209236 99.029320 0.000000 -49.022331 -0.221000 
649 3.699014 0.000000 0.297709 95.908856 0.000000 -75.377301 -0.488025 
650 3.460392 0.000000 -0.100421 100.804711 0.000000 -0.000000 -0.016159 
651 3.412668 0.000000 -0.100421 100.848521 0.000000 -0.000000 -0.017042 
652 3.460392 0.000000 -0.144658 100.787580 0.000000 -0.000000 -0.015814 
653 3.364943 0.000000 0.076526 100.926965 0.000000 0.000000 -0.018625 
654 3.364943 0.000000 0.120762 100.955094 0.000000 -0.000000 -0.019193 
655 3.484254 0.000000 -0.034066 100.795791 0.000000 -0.000000 -0.015979 
656 3.460392 0.000000 -0.034066 100.816568 0.000000 -0.000000 -0.016398 
657 3.484254 0.000000 -0.056184 100.796844 0.000000 -0.000000 -0.016000 
658 3.364943 0.000000 -0.100421 100.939783 0.000000 0.000000 -0.018884 
659 3.364943 0.000000 -0.144658 100.950606 0.000000 0.000000 -0.019102 
660 3.293357 0.000000 -0.034066 101.017205 0.000000 -0.000000 -0.020448 
661 3.293357 0.000000 -0.056184 101.016031 0.000000 -0.000000 -0.020424 
662 3.317219 0.000000 -0.034066 100.995210 0.000000 -0.000000 -0.020003 
663 1.551415 0.000000 -0.011948 102.649449 0.000000 0.625131 -0.053730 
664 1.503691 0.000000 -0.011948 102.723768 0.000000 0.612785 -0.055255 
665 1.551415 0.000000 -0.056184 102.716751 0.000000 0.600381 -0.055109 
666 1.360517 0.000000 -0.011948 102.712214 0.000000 0.629109 -0.055019 
667 1.360517 0.000000 -0.056184 102.858737 0.000000 0.549944 -0.058022 
668 1.408242 0.000000 -0.011948 103.009299 0.000000 0.515691 -0.061118 
669 1.455966 0.000000 -0.011948 103.320598 0.000000 0.410823 -0.067531 
670 1.455966 0.000000 -0.056184 103.069910 0.000000 0.482881 -0.062364 
671 3.436530 0.000000 -0.034066 100.827346 0.000000 -0.000000 -0.016615 
672 3.412668 0.000000 -0.034066 100.861005 0.000000 0.000000 -0.017294 
673 3.436530 0.000000 -0.056184 100.838973 0.000000 -0.000000 -0.016850 
1 19 21 9 22 
2 20 19 22 4 
3 28 29 3 30 
4 21 28 30 9 
5 35 37 21 38 
6 36 35 38 19 
7 44 45 28 46 
8 37 44 46 21 
9 51 53 37 54 
10 52 51 54 35 
11 60 61 44 62 
12 53 60 62 37 
13 67 69 53 70 
14 68 67 70 51 
15 76 77 60 78 
16 69 76 78 53 
17 83 85 69 86 
18 84 83 86 67 
19 11 94 92 93 
20 94 10 24 92 
21 92 24 14 95 
22 93 92 95 6 
23 24 98 96 97 
24 98 23 40 96 
25 96 40 27 99 
26 97 96 99 14 
27 40 102 100 101 
28 102 39 56 100 
29 100 56 43 103 
30 101 100 103 27 
31 56 106 104 105 
32 106 55 72 104 
33 104 72 59 107 
34 105 104 107 43 
35 72 110 108 109 
36 109 108 111 59 
37 112 113 76 114 
38 85 112 114 69 
39 115 117 85 118 
40 116 115 118 83 
41 132 133 112 134 
42 117 132 134 85 
43 136 124 137 135 
44 135 137 127 138 
45 15 140 139 33 
46 140 17 141 139 
47 139 141 8 142 
48 33 139 142 18 
49 31 144 143 49 
50 144 33 145 143 
51 143 145 18 146 
52 49 143 146 34 
53 148 49 149 147 
54 147 149 34 150 
55 124 160 159 137 
56 160 126 161 159 
57 159 161 82 162 
58 137 159 162 127 
59 18 142 163 45 
60 142 8 164 163 
61 163 164 29 165 
62 45 163 165 28 
63 34 146 166 61 
64 146 18 167 166 
65 166 167 45 168 
66 61 166 168 44 
67 150 34 170 169 
68 169 170 61 171 
69 77 169 171 60 
70 172 173 77 174 
71 113 172 174 76 
72 175 176 113 177 
73 133 175 177 112 
74 126 179 178 161 
75 179 155 180 178 
76 178 180 158 181 
77 161 178 181 82 
78 186 188 117 189 
79 187 186 189 115 
80 138 127 196 195 
81 195 196 132 197 
82 188 195 197 117 
83 199 135 200 198 
84 198 200 138 201 
85 131 194 202 203 
86 194 5 204 202 
87 202 204 188 205 
88 203 202 205 186 
89 206 209 5 210 
90 207 206 210 194 
91 191 217 215 216 
92 217 190 207 215 
93 215 207 194 218 
94 216 215 218 131 
95 12 221 219 220 
96 221 7 222 219 
97 219 222 13 25 
98 220 219 25 10 
99 25 225 223 224 
100 225 13 226 223 
101 223 226 26 41 
102 224 223 41 23 
103 41 229 227 228 
104 229 26 230 227 
105 227 230 42 57 
106 228 227 57 39 
107 57 233 231 232 
108 233 42 234 231 
109 231 234 58 73 
110 232 231 73 55 
111 73 237 235 236 
112 237 58 238 235 
113 235 238 74 89 
114 236 235 89 71 
115 89 241 239 240 
116 241 74 242 239 
117 239 242 90 129 
118 240 239 129 87 
119 129 245 243 244 
120 245 90 246 243 
121 243 246 130 192 
122 244 243 192 128 
123 192 249 247 248 
124 249 130 250 247 
125 190 253 251 252 
126 251 254 206 255 
127 252 251 255 207 
128 128 258 256 257 
129 258 192 248 256 
130 256 248 190 217 
131 257 256 217 191 
132 248 261 259 260 
133 261 247 262 259 
134 259 262 208 253 
135 260 259 253 190 
136 5 201 263 204 
137 201 138 264 263 
138 263 264 195 265 
139 204 263 265 188 
140 193 267 266 209 
141 267 198 268 266 
142 266 268 201 269 
143 209 266 269 5 
144 208 271 270 254 
145 271 193 272 270 
146 270 272 209 273 
147 254 270 273 206 
148 253 276 274 275 
149 276 208 277 274 
150 274 277 254 278 
151 275 274 278 251 
152 6 95 279 280 
153 95 14 36 279 
154 279 36 19 281 
155 280 279 281 20 
156 14 99 282 283 
157 99 27 52 282 
158 282 52 35 284 
159 283 282 284 36 
160 27 103 285 286 
161 103 43 68 285 
162 285 68 51 287 
163 286 285 287 52 
164 43 107 288 289 
165 107 59 84 288 
166 288 84 67 290 
167 289 288 290 68 
168 59 111 291 292 
169 291 116 83 293 
170 292 291 293 84 
171 294 187 115 296 
172 295 294 296 116 
173 91 214 297 298 
174 214 131 203 297 
175 297 203 186 299 
176 298 297 299 187 
177 211 302 300 301 
178 302 191 216 300 
179 300 216 131 303 
180 301 300 303 214 
181 123 307 308 309 
182 307 91 298 308 
183 308 298 187 310 
184 309 308 310 294 
185 304 313 311 312 
186 313 212 314 311 
187 311 314 91 315 
188 312 311 315 307 
189 108 318 316 317 
190 317 316 319 111 
191 111 319 324 325 
192 324 295 116 326 
193 325 324 326 291 
194 75 323 327 328 
195 323 123 309 327 
196 327 309 294 329 
197 328 327 329 295 
198 320 332 330 331 
199 332 305 333 330 
200 330 333 123 334 
201 331 330 334 323 
202 316 337 335 336 
203 337 120 321 335 
204 335 321 75 338 
205 336 335 338 319 
206 321 341 339 340 
207 339 331 323 342 
208 340 339 342 75 
209 71 345 343 344 
210 345 89 240 343 
211 343 240 87 121 
212 344 343 121 88 
213 88 348 346 347 
214 348 121 349 346 
215 346 349 119 322 
216 347 346 322 120 
217 120 352 350 351 
218 352 322 353 350 
219 350 353 320 341 
220 351 350 341 321 
221 341 356 354 355 
222 356 320 357 354 
223 354 357 331 358 
224 355 354 358 339 
225 359 360 172 361 
226 176 359 361 113 
227 370 372 359 373 
228 371 370 373 176 
229 7 380 379 222 
230 380 16 381 379 
231 379 381 15 32 
232 222 379 32 13 
233 13 383 382 226 
234 383 32 384 382 
235 382 384 31 48 
236 226 382 48 26 
237 26 386 385 230 
238 386 48 387 385 
239 385 387 47 64 
240 230 385 64 42 
241 64 390 388 389 
242 390 47 391 388 
243 388 391 65 152 
244 389 388 152 63 
245 63 394 392 393 
246 394 152 395 392 
247 392 395 151 183 
248 393 392 183 81 
249 81 398 396 397 
250 398 183 399 396 
251 396 399 182 364 
252 397 396 364 157 
253 157 402 400 401 
254 402 364 403 400 
255 65 405 404 153 
256 405 147 406 404 
257 404 406 150 407 
258 153 404 407 50 
259 151 409 408 184 
260 409 153 410 408 
261 408 410 50 411 
262 184 408 411 154 
263 182 413 412 365 
264 413 184 414 412 
265 412 414 154 415 
266 365 412 415 185 
267 362 417 416 377 
268 417 365 418 416 
269 416 418 185 419 
270 377 416 419 366 
271 422 362 423 420 
272 420 423 377 424 
273 425 371 176 427 
274 426 425 427 175 
275 66 378 436 437 
276 378 366 438 436 
277 436 438 370 439 
278 437 436 439 371 
279 374 424 440 441 
280 424 377 442 440 
281 440 442 366 443 
282 441 440 443 378 
283 446 420 447 444 
284 444 447 424 448 
285 445 444 448 374 
286 375 435 449 450 
287 435 374 441 449 
288 449 441 378 451 
289 450 449 451 66 
290 432 454 452 453 
291 454 421 445 452 
292 452 445 374 455 
293 453 452 455 435 
294 364 457 456 403 
295 457 182 458 456 
296 456 458 365 417 
297 403 456 417 362 
298 400 461 459 460 
299 461 403 462 459 
300 459 462 362 422 
301 460 459 422 376 
302 376 465 463 464 
303 465 422 466 463 
304 463 466 420 446 
305 464 463 446 421 
306 421 469 467 468 
307 469 446 470 467 
308 467 470 444 471 
309 468 467 471 445 
310 42 473 472 234 
311 473 64 389 472 
312 472 389 63 80 
313 234 472 80 58 
314 80 476 474 475 
315 476 63 393 474 
316 474 393 81 156 
317 475 474 156 79 
318 156 479 477 478 
319 479 81 397 477 
320 477 397 157 368 
321 478 477 368 155 
322 368 482 480 481 
323 482 157 401 480 
324 430 485 483 484 
325 485 363 433 483 
326 483 433 375 486 
327 484 483 486 428 
328 433 489 487 488 
329 489 432 453 487 
330 487 453 435 490 
331 488 487 490 375 
332 180 493 491 492 
333 492 491 494 158 
334 369 431 499 500 
335 431 66 437 499 
336 499 437 371 501 
337 500 499 501 425 
338 429 498 502 503 
339 498 428 504 502 
340 502 504 431 505 
341 503 502 505 369 
342 495 508 506 507 
343 508 484 509 506 
344 506 509 428 510 
345 507 506 510 498 
346 155 513 511 512 
347 513 368 481 511 
348 512 511 493 180 
349 493 516 514 515 
350 515 514 517 491 
351 520 495 507 518 
352 518 507 498 521 
353 519 518 521 429 
354 82 181 522 523 
355 181 158 426 522 
356 522 426 175 524 
357 523 522 524 133 
358 158 494 525 526 
359 494 369 500 525 
360 525 500 425 527 
361 526 525 527 426 
362 491 517 528 529 
363 517 429 503 528 
364 528 503 369 530 
365 529 528 530 494 
366 514 533 531 532 
367 531 519 429 534 
368 532 531 534 517 
369 481 537 535 536 
370 537 480 538 535 
371 535 538 430 497 
372 536 535 497 367 
373 367 541 539 540 
374 541 497 542 539 
375 539 542 495 520 
376 540 539 520 496 
377 496 545 543 544 
378 545 520 546 543 
379 543 546 518 547 
380 544 543 547 519 
381 511 550 548 549 
382 550 481 536 548 
383 548 536 367 516 
384 549 548 516 493 
385 516 553 551 552 
386 553 367 540 551 
387 551 540 496 533 
388 552 551 533 514 
389 533 556 554 555 
390 556 496 544 554 
391 554 544 519 557 
392 555 554 557 531 
393 1 560 558 559 
394 560 12 220 558 
395 558 220 10 94 
396 559 558 94 11 
397 16 562 561 381 
398 562 2 563 561 
399 561 563 17 140 
400 381 561 140 15 
401 10 566 564 565 
402 566 25 224 564 
403 564 224 23 98 
404 565 564 98 24 
405 32 568 567 384 
406 568 15 569 567 
407 567 569 33 144 
408 384 567 144 31 
409 23 572 570 571 
410 572 41 228 570 
411 570 228 39 102 
412 571 570 102 40 
413 48 574 573 387 
414 574 31 575 573 
415 573 575 49 148 
416 387 573 148 47 
417 39 578 576 577 
418 578 57 232 576 
419 576 232 55 106 
420 577 576 106 56 
421 55 581 579 580 
422 581 73 236 579 
423 579 236 71 110 
424 580 579 110 72 
425 58 583 582 238 
426 583 80 475 582 
427 582 475 79 125 
428 238 582 125 74 
429 110 586 584 585 
430 586 71 344 584 
431 584 344 88 318 
432 585 584 318 108 
433 121 588 587 349 
434 588 87 589 587 
435 587 589 122 306 
436 349 587 306 119 
437 74 591 590 242 
438 591 125 592 590 
439 590 592 124 136 
440 242 590 136 90 
441 125 594 593 592 
442 594 79 595 593 
443 593 595 126 160 
444 592 593 160 124 
445 87 597 596 589 
446 597 129 244 596 
447 596 244 128 213 
448 589 596 213 122 
449 127 162 598 196 
450 162 82 523 598 
451 598 523 133 599 
452 196 598 599 132 
453 90 601 600 246 
454 601 136 602 600 
455 600 602 135 199 
456 246 600 199 130 
457 47 604 603 391 
458 604 148 605 603 
459 603 605 147 405 
460 391 603 405 65 
461 152 607 606 395 
462 607 65 608 606 
463 606 608 153 409 
464 395 606 409 151 
465 79 610 609 595 
466 610 156 478 609 
467 609 478 155 179 
468 595 609 179 126 
469 50 407 611 173 
470 407 150 612 611 
471 611 612 169 613 
472 173 611 613 77 
473 154 411 614 360 
474 411 50 615 614 
475 614 615 173 616 
476 360 614 616 172 
477 183 618 617 399 
478 618 151 619 617 
479 617 619 184 413 
480 399 617 413 182 
481 130 621 620 250 
482 621 199 622 620 
483 620 622 198 267 
484 250 620 267 193 
485 213 625 623 624 
486 625 128 257 623 
487 623 257 191 302 
488 624 623 302 211 
489 212 627 626 314 
490 627 211 301 626 
491 626 301 214 628 
492 314 626 628 91 
493 247 630 629 262 
494 630 250 631 629 
495 629 631 193 271 
496 262 629 271 208 
497 305 633 632 333 
498 633 304 312 632 
499 632 312 307 634 
500 333 632 634 123 
501 318 637 635 636 
502 637 88 347 635 
503 635 347 120 337 
504 636 635 337 316 
505 322 639 638 353 
506 639 119 640 638 
507 638 640 305 332 
508 353 638 332 320 
509 319 338 641 642 
510 338 75 328 641 
511 641 328 295 643 
512 642 641 643 324 
513 185 415 644 372 
514 415 154 645 644 
515 644 645 360 646 
516 372 644 646 359 
517 366 419 647 438 
518 419 185 648 647 
519 647 648 372 649 
520 438 647 649 370 
521 401 652 650 651 
522 652 400 460 650 
523 650 460 376 434 
524 651 650 434 363 
525 428 486 653 504 
526 486 375 450 653 
527 653 450 66 654 
528 504 653 654 431 
529 434 657 655 656 
530 657 376 464 655 
531 655 464 421 454 
532 656 655 454 432 
533 480 659 658 538 
534 659 401 651 658 
535 658 651 363 485 
536 538 658 485 430 
537 497 661 660 542 
538 661 430 662 660 
539 660 662 484 508 
540 542 660 508 495 
541 122 665 663 664 
542 665 213 624 663 
543 663 624 211 627 
544 664 663 627 212 
545 119 667 666 640 
546 667 306 668 666 
547 666 668 304 633 
548 640 666 633 305 
549 306 670 669 668 
550 670 122 664 669 
551 669 664 212 313 
552 668 669 313 304 
553 363 673 671 672 
554 673 434 656 671 
555 671 656 432 489 
556 672 671 489 433 
