2 0.000000 100.000000 473.401889
806 670 
1 -26.291479 0.000000 -26.268069 97.804927 0.000000 20.794467 0.000179 
2 29.503519 0.000000 -26.268069 97.811704 0.000000 20.742479 0.000262 
3 29.503519 0.000000 26.499305 97.848623 0.000000 20.671556 -0.000167 
4 -26.291479 0.000000 26.499305 97.828750 0.000000 20.792807 -0.000281 
5 1.606020 0.000000 0.115618 90.481362 0.000000 -0.466806 0.181291 
6 -26.291479 0.000000 0.115618 97.818195 0.000000 20.807442 -0.000135 
7 1.606020 0.000000 -26.268069 97.785641 0.000000 20.761950 0.000691 
8 29.503519 0.000000 0.115618 98.008368 0.000000 19.851867 0.000026 
9 1.606020 0.000000 26.499305 97.859165 0.000000 20.746769 -0.000684 
10 -12.342730 0.000000 -13.076225 97.774703 0.000000 20.804181 0.000729 
11 -26.291479 0.000000 -13.076225 97.806167 0.000000 20.801845 0.000124 
12 -12.342730 0.000000 -26.268069 97.793335 0.000000 20.787272 0.000435 
13 1.606020 0.000000 -13.076225 97.701199 0.000000 20.675429 0.002700 
14 -12.342730 0.000000 0.115618 97.828644 0.000000 20.857756 -0.000549 
15 15.554770 0.000000 -13.076225 97.802643 0.000000 20.607341 0.000998 
16 15.554770 0.000000 -26.268069 97.799007 0.000000 20.741728 0.000513 
17 29.503519 0.000000 -13.076225 97.829068 0.000000 20.654132 0.000288 
18 15.554770 0.000000 0.115618 98.289274 0.000000 18.464644 -0.000172 
19 -12.342730 0.000000 13.307462 97.871605 0.000000 20.797374 -0.001138 
20 -26.291479 0.000000 13.307462 97.829227 0.000000 20.800513 -0.000322 
21 1.606020 0.000000 13.307462 97.988119 0.000000 20.618295 -0.002679 
22 -12.342730 0.000000 26.499305 97.844307 0.000000 20.782351 -0.000541 
23 -5.368355 0.000000 -6.480304 97.652523 0.000000 20.839300 0.002971 
24 -12.342730 0.000000 -6.480304 97.779215 0.000000 20.834603 0.000514 
25 -5.368355 0.000000 -13.076225 97.729351 0.000000 20.774785 0.001738 
26 1.606020 0.000000 -6.480304 97.422030 0.000000 20.399980 0.009279 
27 -5.368355 0.000000 0.115618 97.865912 0.000000 21.061630 -0.002133 
28 15.554770 0.000000 13.307462 97.937430 0.000000 20.365194 -0.000648 
29 29.503519 0.000000 13.307462 97.974183 0.000000 20.067615 -0.000165 
30 15.554770 0.000000 26.499305 97.853965 0.000000 20.704386 -0.000407 
31 8.580395 0.000000 -6.480304 97.765921 0.000000 20.172302 0.003490 
32 8.580395 0.000000 -13.076225 97.756563 0.000000 20.603639 0.001914 
33 15.554770 0.000000 -6.480304 97.861591 0.000000 20.313008 0.001049 
34 8.580395 0.000000 0.115618 98.784250 0.000000 15.176331 0.001135 
35 -5.368355 0.000000 6.711540 98.042809 0.000000 20.812872 -0.004557 
36 -12.342730 0.000000 6.711540 97.873995 0.000000 20.829169 -0.001317 
37 1.606020 0.000000 6.711540 98.385169 0.000000 20.242434 -0.008940 
38 -5.368355 0.000000 13.307462 97.932166 0.000000 20.755165 -0.002149 
39 -1.881167 0.000000 -3.182343 97.213215 0.000000 20.989090 0.010905 
40 -5.368355 0.000000 -3.182343 97.669596 0.000000 20.962999 0.002120 
41 -1.881167 0.000000 -6.480304 97.492771 0.000000 20.724901 0.006564 
42 1.606020 0.000000 -3.182343 96.670147 0.000000 19.748683 0.026487 
43 -1.881167 0.000000 0.115618 97.949037 0.000000 21.854320 -0.007163 
44 8.580395 0.000000 6.711540 98.182435 0.000000 19.593240 -0.002369 
45 15.554770 0.000000 6.711540 98.200442 0.000000 19.081459 -0.000743 
46 8.580395 0.000000 13.307462 97.960364 0.000000 20.470697 -0.001528 
47 5.093207 0.000000 -3.182343 97.576285 0.000000 19.120089 0.011329 
48 5.093207 0.000000 -6.480304 97.602573 0.000000 20.169157 0.006694 
49 8.580395 0.000000 -3.182343 97.912613 0.000000 19.420820 0.003595 
50 5.093207 0.000000 0.115618 98.125193 0.000000 12.758484 0.020867 
51 -1.881167 0.000000 3.413579 98.602753 0.000000 20.911910 -0.015981 
52 -5.368355 0.000000 3.413579 98.047832 0.000000 20.940994 -0.005190 
53 1.606020 0.000000 3.413579 99.314415 0.000000 19.535823 -0.024500 
54 -1.881167 0.000000 6.711540 98.249634 0.000000 20.658669 -0.007977 
55 -0.137574 0.000000 -1.533362 95.724537 0.000000 21.518416 0.037377 
56 -1.881167 0.000000 -1.533362 97.254496 0.000000 21.459259 0.008106 
57 -0.137574 0.000000 -3.182343 96.738735 0.000000 20.603756 0.021710 
58 1.606020 0.000000 -1.533362 95.403929 0.000000 18.550050 0.055399 
59 -0.137574 0.000000 0.115618 75.410905 0.000000 -2.048343 0.430900 
60 5.093207 0.000000 3.413579 98.681788 0.000000 18.467764 -0.007915 
61 8.580395 0.000000 3.413579 98.484475 0.000000 18.096183 -0.002666 
62 5.093207 0.000000 6.711540 98.281035 0.000000 19.839364 -0.005276 
63 3.349614 0.000000 -1.533362 96.775481 0.000000 17.471760 0.032924 
64 3.349614 0.000000 -3.182343 97.132760 0.000000 19.201893 0.019651 
65 5.093207 0.000000 -1.533362 97.800911 0.000000 17.575658 0.012608 
66 3.349614 0.000000 0.115618 97.462106 0.000000 -0.000000 0.050114 
67 -0.137574 0.000000 1.764599 100.176286 0.000000 21.304663 -0.048918 
68 -1.881167 0.000000 1.764599 98.620282 0.000000 21.396712 -0.018378 
69 1.606020 0.000000 1.764599 100.655427 0.000000 18.728004 -0.048225 
70 -0.137574 0.000000 3.413579 99.145246 0.000000 20.464773 -0.024859 
71 0.734223 0.000000 -0.708872 87.254438 0.000000 -0.890277 0.238587 
72 -0.137574 0.000000 -0.708872 95.654830 0.000000 23.600226 0.029318 
73 0.734223 0.000000 -1.533362 94.799953 0.000000 20.131761 0.060768 
74 1.606020 0.000000 -0.708872 96.764113 0.000000 -0.367104 0.063657 
75 0.734223 0.000000 0.115618 65.656639 0.000000 -0.571803 0.568888 
76 -19.317104 0.000000 -6.480304 97.804192 0.000000 20.815455 0.000106 
77 -26.291479 0.000000 -6.480304 97.810843 0.000000 20.805906 0.000015 
78 -19.317104 0.000000 -13.076225 97.796925 0.000000 20.805046 0.000291 
79 -19.317104 0.000000 0.115618 97.820911 0.000000 20.820425 -0.000242 
80 -8.855542 0.000000 -3.182343 97.769078 0.000000 20.893477 0.000467 
81 -12.342730 0.000000 -3.182343 97.798299 0.000000 20.851250 0.000072 
82 -8.855542 0.000000 -6.480304 97.739019 0.000000 20.849510 0.001238 
83 -8.855542 0.000000 0.115618 97.839759 0.000000 20.910869 -0.000988 
84 -3.624761 0.000000 -1.533362 97.632149 0.000000 21.181872 0.001929 
85 -5.368355 0.000000 -1.533362 97.744311 0.000000 21.033809 0.000363 
86 -3.624761 0.000000 -3.182343 97.524579 0.000000 21.006797 0.004767 
87 -3.624761 0.000000 0.115618 97.897024 0.000000 21.267989 -0.003615 
88 -1.009371 0.000000 -0.708872 97.124841 0.000000 22.331687 0.006806 
89 -1.881167 0.000000 -0.708872 97.518567 0.000000 21.742002 0.001741 
90 -1.009371 0.000000 -1.533362 96.769266 0.000000 21.632597 0.016774 
91 -1.009371 0.000000 0.115618 97.914046 0.000000 22.640350 -0.009975 
92 3.349614 0.000000 1.764599 99.472497 0.000000 17.805582 -0.021182 
93 5.093207 0.000000 1.764599 98.546216 0.000000 18.231187 -0.004373 
94 3.349614 0.000000 3.413579 98.990158 0.000000 18.823693 -0.015338 
95 0.734223 0.000000 0.940108 103.566376 0.000000 20.996418 -0.116684 
96 -0.137574 0.000000 0.940108 100.519015 0.000000 23.332037 -0.064846 
97 1.606020 0.000000 0.940108 101.332744 0.000000 18.353504 -0.060518 
98 0.734223 0.000000 1.764599 101.025822 0.000000 20.112572 -0.061073 
99 0.298325 0.000000 -0.296627 82.937882 0.000000 -1.161290 0.311996 
100 -0.137574 0.000000 -0.296627 77.747997 0.000000 -2.292534 0.394999 
101 0.298325 0.000000 -0.708872 75.521318 0.000000 -1.644667 0.429383 
102 0.734223 0.000000 -0.296627 86.872345 0.000000 -0.913058 0.245236 
103 0.298325 0.000000 0.115618 89.896580 0.000000 -0.654918 0.191818 
104 2.477817 0.000000 -0.708872 95.877426 0.000000 16.910339 0.052156 
105 2.477817 0.000000 -1.533362 96.161432 0.000000 17.882309 0.043320 
106 3.349614 0.000000 -0.708872 96.141071 0.000000 15.390599 0.052002 
107 2.477817 0.000000 0.115618 100.482585 0.000000 6.784718 -0.014278 
108 1.170122 0.000000 -0.296627 88.587028 0.000000 -0.793809 0.215171 
109 1.170122 0.000000 -0.708872 88.149995 0.000000 -0.826821 0.222889 
110 1.606020 0.000000 -0.296627 93.496556 0.000000 -0.371736 0.125826 
111 1.170122 0.000000 0.115618 88.918387 0.000000 -0.432821 0.209333 
112 -19.317104 0.000000 6.711540 97.836760 0.000000 20.813666 -0.000524 
113 -26.291479 0.000000 6.711540 97.825265 0.000000 20.805129 -0.000264 
114 -19.317104 0.000000 13.307462 97.842068 0.000000 20.802270 -0.000580 
115 -8.855542 0.000000 3.413579 97.907020 0.000000 20.886046 -0.002201 
116 -12.342730 0.000000 3.413579 97.857856 0.000000 20.848077 -0.001080 
117 -8.855542 0.000000 6.711540 97.930188 0.000000 20.839463 -0.002460 
118 -3.624761 0.000000 1.764599 98.151450 0.000000 21.156782 -0.008132 
119 -5.368355 0.000000 1.764599 97.983595 0.000000 21.021794 -0.004270 
120 -3.624761 0.000000 3.413579 98.235335 0.000000 20.967952 -0.008984 
121 -1.009371 0.000000 0.940108 98.879894 0.000000 22.312001 -0.027506 
122 -1.881167 0.000000 0.940108 98.376392 0.000000 21.698986 -0.014876 
123 -1.009371 0.000000 1.764599 99.188712 0.000000 21.519402 -0.030149 
124 0.298325 0.000000 0.527863 80.970679 0.000000 -1.295030 0.344207 
125 -0.137574 0.000000 0.527863 99.472287 0.000000 25.182173 -0.052888 
126 0.734223 0.000000 0.527863 87.066728 0.000000 -0.901350 0.241857 
127 0.298325 0.000000 0.940108 102.347302 0.000000 22.897550 -0.099927 
128 0.516274 0.000000 -0.090504 82.061059 0.000000 -0.492377 0.326574 
129 0.298325 0.000000 -0.090504 92.030662 0.000000 -0.503579 0.153010 
130 0.516274 0.000000 -0.296627 86.319868 0.000000 -0.960258 0.254796 
131 0.734223 0.000000 -0.090504 66.641184 0.000000 -0.495847 0.555871 
132 0.516274 0.000000 0.115618 82.047625 0.000000 -0.517465 0.326792 
133 -0.573472 0.000000 -0.296627 97.435595 0.000000 23.080387 -0.002640 
134 -1.009371 0.000000 -0.296627 97.505487 0.000000 22.543120 -0.001551 
135 -0.573472 0.000000 -0.708872 96.727306 0.000000 22.889278 0.011991 
136 -0.573472 0.000000 0.115618 97.615102 0.000000 23.193080 -0.006663 
137 0.080376 0.000000 -0.090504 93.437338 0.000000 -0.521880 0.126919 
138 -0.137574 0.000000 -0.090504 75.409992 0.000000 -2.048262 0.430914 
139 0.080376 0.000000 -0.296627 77.821149 0.000000 -1.518658 0.394156 
140 0.080376 0.000000 0.115618 79.624354 0.000000 -1.418678 0.365795 
141 2.477817 0.000000 0.940108 100.246690 0.000000 18.118012 -0.037766 
142 3.349614 0.000000 0.940108 100.889469 0.000000 13.151758 -0.035165 
143 2.477817 0.000000 1.764599 100.001553 0.000000 18.092653 -0.032765 
144 1.170122 0.000000 0.527863 88.381208 0.000000 -0.809187 0.218811 
145 1.606020 0.000000 0.527863 96.209901 0.000000 -0.336246 0.074354 
146 1.170122 0.000000 0.940108 102.824060 0.000000 19.056723 -0.093595 
147 0.516274 0.000000 0.321741 86.278365 0.000000 -0.963327 0.255512 
148 0.298325 0.000000 0.321741 83.824519 0.000000 -1.118717 0.297220 
149 0.734223 0.000000 0.321741 86.844784 0.000000 -0.914606 0.245715 
150 0.516274 0.000000 0.527863 86.598755 0.000000 -0.939657 0.249977 
151 0.407299 0.000000 0.012557 94.941439 0.000000 -0.225526 0.098607 
152 0.298325 0.000000 0.012557 96.162590 0.000000 -0.184607 0.075272 
153 0.407299 0.000000 -0.090504 91.877324 0.000000 -0.476671 0.155833 
154 0.516274 0.000000 0.012557 91.424576 0.000000 -0.171846 0.164152 
155 0.407299 0.000000 0.115618 91.136288 0.000000 -0.558137 0.169387 
156 0.952172 0.000000 -0.090504 87.176872 0.000000 -0.461494 0.239998 
157 0.952172 0.000000 -0.296627 87.762286 0.000000 -0.847551 0.229706 
158 1.170122 0.000000 -0.090504 88.925690 0.000000 -0.413999 0.209205 
159 0.952172 0.000000 0.115618 87.681893 0.000000 -0.528502 0.231161 
160 0.625249 0.000000 0.012557 77.168031 0.000000 -0.269177 0.404502 
161 0.625249 0.000000 -0.090504 68.420366 0.000000 -0.500326 0.531840 
162 0.734223 0.000000 0.012557 76.143796 0.000000 -0.609005 0.420175 
163 0.625249 0.000000 0.115618 66.622739 0.000000 -0.579822 0.556107 
164 -5.368355 0.000000 -19.672147 97.768994 0.000000 20.772682 0.000972 
165 -12.342730 0.000000 -19.672147 97.784581 0.000000 20.791227 0.000590 
166 -5.368355 0.000000 -26.268069 97.787183 0.000000 20.776717 0.000599 
167 1.606020 0.000000 -19.672147 97.763598 0.000000 20.739534 0.001215 
168 -1.881167 0.000000 -9.778264 97.632382 0.000000 20.715881 0.003877 
169 -5.368355 0.000000 -9.778264 97.688629 0.000000 20.791683 0.002464 
170 -1.881167 0.000000 -13.076225 97.707295 0.000000 20.732629 0.002344 
171 1.606020 0.000000 -9.778264 97.621934 0.000000 20.591427 0.004595 
172 -0.137574 0.000000 -4.831323 97.196090 0.000000 20.541716 0.013096 
173 -1.881167 0.000000 -4.831323 97.364820 0.000000 20.785012 0.008808 
174 -0.137574 0.000000 -6.480304 97.423812 0.000000 20.580420 0.008505 
175 1.606020 0.000000 -4.831323 97.184312 0.000000 20.182122 0.014789 
176 0.734223 0.000000 -2.357852 96.007844 0.000000 20.109882 0.037809 
177 -0.137574 0.000000 -2.357852 96.310953 0.000000 20.817669 0.029082 
178 0.734223 0.000000 -3.182343 96.607827 0.000000 20.191614 0.025923 
179 1.606020 0.000000 -2.357852 96.156021 0.000000 19.329122 0.038040 
180 0.298325 0.000000 -1.121117 94.265411 0.000000 21.721960 0.064219 
181 -0.137574 0.000000 -1.121117 95.469525 0.000000 22.335079 0.038671 
182 0.298325 0.000000 -1.533362 95.119600 0.000000 21.008137 0.051092 
183 0.734223 0.000000 -1.121117 93.556608 0.000000 20.232725 0.083780 
184 0.516274 0.000000 -0.502749 86.637447 0.000000 -0.936900 0.249307 
185 0.298325 0.000000 -0.502749 80.987622 0.000000 -1.293058 0.343933 
186 0.516274 0.000000 -0.708872 81.220839 0.000000 -1.264688 0.340158 
187 0.734223 0.000000 -0.502749 87.089039 0.000000 -0.900131 0.241469 
188 0.625249 0.000000 -0.193566 86.399198 0.000000 -0.950235 0.253428 
189 0.516274 0.000000 -0.193566 86.170817 0.000000 -0.971494 0.257365 
190 0.625249 0.000000 -0.296627 86.540871 0.000000 -0.940423 0.250979 
191 0.734223 0.000000 -0.193566 86.763471 0.000000 -0.919555 0.247125 
192 0.952172 0.000000 0.321741 87.773168 0.000000 -0.846282 0.229515 
193 1.170122 0.000000 0.321741 88.629865 0.000000 -0.790719 0.214412 
194 0.952172 0.000000 0.527863 87.743027 0.000000 -0.851752 0.230044 
195 0.843198 0.000000 0.012557 86.255872 0.000000 -0.198074 0.255989 
196 0.843198 0.000000 -0.090504 78.849294 0.000000 -0.480193 0.378256 
197 0.952172 0.000000 0.012557 93.469120 0.000000 -0.193713 0.126349 
198 0.843198 0.000000 0.115618 79.130883 0.000000 -0.502389 0.373805 
199 0.679736 0.000000 -0.038974 63.647674 0.000000 -0.466002 0.594876 
200 0.625249 0.000000 -0.038974 74.768796 0.000000 -0.317298 0.440953 
201 0.679736 0.000000 -0.090504 65.997836 0.000000 -0.498190 0.564404 
202 0.734223 0.000000 -0.038974 73.433205 0.000000 -0.554405 0.460726 
203 0.679736 0.000000 0.012557 20.573109 0.000000 -0.982016 0.957578 
204 0.570761 0.000000 -0.038974 81.310265 0.000000 -0.265751 0.338857 
205 0.516274 0.000000 -0.038974 86.975285 0.000000 -0.310833 0.243520 
206 0.570761 0.000000 -0.090504 71.104599 0.000000 -0.498793 0.494389 
207 0.570761 0.000000 0.012557 82.896091 0.000000 -0.229637 0.312819 
208 0.625249 0.000000 0.218679 86.366422 0.000000 -0.952473 0.253993 
209 0.516274 0.000000 0.218679 86.136308 0.000000 -0.974090 0.257959 
210 0.734223 0.000000 0.218679 86.739205 0.000000 -0.920929 0.247546 
211 0.625249 0.000000 0.321741 86.502618 0.000000 -0.943002 0.251641 
212 0.679736 0.000000 0.064088 64.795019 0.000000 -0.482974 0.580137 
213 0.625249 0.000000 0.064088 73.155253 0.000000 -0.381927 0.464816 
214 0.734223 0.000000 0.064088 65.630786 0.000000 -0.480890 0.569237 
215 0.679736 0.000000 0.115618 67.418580 0.000000 -0.522361 0.545446 
216 0.652492 0.000000 -0.013208 72.521724 0.000000 -0.326593 0.474049 
217 0.625249 0.000000 -0.013208 77.105463 0.000000 -0.269764 0.405467 
218 0.652492 0.000000 -0.038974 72.172976 0.000000 -0.344279 0.479094 
219 0.679736 0.000000 -0.013208 21.110599 0.000000 -0.975201 0.955339 
220 0.652492 0.000000 0.012557 72.536639 0.000000 -0.326860 0.473833 
221 0.570761 0.000000 0.064088 77.195914 0.000000 -0.355624 0.404066 
222 0.516274 0.000000 0.064088 85.557212 0.000000 -0.366333 0.267983 
223 0.570761 0.000000 0.115618 78.849350 0.000000 -0.578894 0.378244 
224 0.598005 0.000000 -0.013208 84.211242 0.000000 -0.179379 0.290843 
225 0.570761 0.000000 -0.013208 82.864813 0.000000 -0.229907 0.313337 
226 0.598005 0.000000 -0.038974 76.639816 0.000000 -0.317928 0.412624 
227 0.598005 0.000000 0.012557 84.462478 0.000000 -0.175081 0.286606 
228 0.652492 0.000000 0.038322 72.205438 0.000000 -0.345359 0.478626 
229 0.625249 0.000000 0.038322 74.830747 0.000000 -0.317742 0.440026 
230 0.679736 0.000000 0.038322 63.686947 0.000000 -0.467574 0.594375 
231 0.652492 0.000000 0.064088 67.645103 0.000000 -0.446562 0.542394 
232 0.638870 0.000000 -0.000326 -21.100071 0.000000 -0.104697 0.955478 
233 0.625249 0.000000 -0.000326 77.807191 0.000000 -0.257615 0.394597 
234 0.638870 0.000000 -0.013208 74.429301 0.000000 -0.303823 0.446019 
235 0.652492 0.000000 -0.000326 2.525083 0.000000 -1.221992 0.999213 
236 0.638870 0.000000 0.012557 74.456578 0.000000 -0.303859 0.445613 
237 1.170122 0.000000 -1.121117 93.956042 0.000000 18.628138 0.082525 
238 1.170122 0.000000 -1.533362 94.928314 0.000000 19.203979 0.061982 
239 1.606020 0.000000 -1.121117 94.909300 0.000000 17.730588 0.067785 
240 0.952172 0.000000 -0.502749 87.731848 0.000000 -0.852974 0.230240 
241 0.952172 0.000000 -0.708872 87.710634 0.000000 -0.856909 0.230611 
242 1.170122 0.000000 -0.502749 88.340915 0.000000 -0.812168 0.219522 
243 0.843198 0.000000 -0.193566 87.243604 0.000000 -0.882624 0.238777 
244 0.843198 0.000000 -0.296627 87.295520 0.000000 -0.880735 0.237872 
245 0.952172 0.000000 -0.193566 87.778897 0.000000 -0.844702 0.229415 
246 0.788710 0.000000 -0.038974 70.254926 0.000000 -0.423299 0.506407 
247 0.788710 0.000000 -0.090504 69.540757 0.000000 -0.489971 0.516384 
248 0.843198 0.000000 -0.038974 83.673783 0.000000 -0.284571 0.299862 
249 0.788710 0.000000 0.012557 70.773069 0.000000 -0.263564 0.499110 
250 0.706980 0.000000 -0.013208 10.146518 0.000000 -0.341363 0.989693 
251 0.706980 0.000000 -0.038974 65.983343 0.000000 -0.429782 0.564601 
252 0.734223 0.000000 -0.013208 76.054325 0.000000 -0.607156 0.421537 
253 0.706980 0.000000 0.012557 9.357050 0.000000 -0.340339 0.991233 
254 0.666114 0.000000 -0.000326 9.235167 0.000000 -1.198742 0.991327 
255 0.666114 0.000000 -0.013208 19.877222 0.000000 -1.031399 0.960383 
256 0.679736 0.000000 -0.000326 11.339060 0.000000 -1.094227 0.987023 
257 0.666114 0.000000 0.012557 19.474875 0.000000 -1.037455 0.961965 
258 0.598005 0.000000 0.038322 76.734298 0.000000 -0.317654 0.411175 
259 0.570761 0.000000 0.038322 81.352033 0.000000 -0.266133 0.338178 
260 0.598005 0.000000 0.064088 74.745993 0.000000 -0.373807 0.441290 
261 0.638870 0.000000 0.025440 73.951088 0.000000 -0.316414 0.453114 
262 0.625249 0.000000 0.025440 75.903873 0.000000 -0.293454 0.423852 
263 0.652492 0.000000 0.025440 72.369814 0.000000 -0.334566 0.476250 
264 0.638870 0.000000 0.038322 73.443527 0.000000 -0.332062 0.460594 
265 0.645681 0.000000 0.006116 -22.945782 0.000000 -0.106818 0.947348 
266 0.638870 0.000000 0.006116 -9.216742 0.000000 -0.129393 0.991503 
267 0.645681 0.000000 -0.000326 -64.010766 0.000000 -0.018680 0.590262 
268 0.652492 0.000000 0.006116 0.819505 0.000000 -0.977622 0.999837 
269 0.645681 0.000000 0.012557 73.416006 0.000000 -0.316441 0.460999 
270 2.041918 0.000000 -0.296627 95.383955 0.000000 -0.409138 0.090173 
271 2.041918 0.000000 -0.708872 95.823562 0.000000 16.696020 0.053909 
272 2.477817 0.000000 -0.296627 96.408515 0.000000 16.849048 0.042151 
273 2.041918 0.000000 0.115618 96.474916 0.000000 -0.386111 0.069244 
274 1.388071 0.000000 -0.090504 90.545829 0.000000 -0.606637 0.180108 
275 1.388071 0.000000 -0.296627 89.033485 0.000000 -0.767411 0.207245 
276 1.606020 0.000000 -0.090504 96.033101 0.000000 -0.119033 0.077763 
277 1.388071 0.000000 0.115618 90.475057 0.000000 -0.615593 0.181389 
278 1.061147 0.000000 0.012557 86.239643 0.000000 -0.157848 0.256270 
279 1.061147 0.000000 -0.090504 87.678060 0.000000 -0.437646 0.231237 
280 1.170122 0.000000 0.012557 93.327257 0.000000 -0.248413 0.128996 
281 1.061147 0.000000 0.115618 87.759539 0.000000 -0.457131 0.229805 
282 0.897685 0.000000 -0.038974 87.536437 0.000000 -0.353733 0.233725 
283 0.897685 0.000000 -0.090504 87.032161 0.000000 -0.471314 0.242518 
284 0.952172 0.000000 -0.038974 90.557109 0.000000 -0.287964 0.179933 
285 0.897685 0.000000 0.012557 90.141946 0.000000 -0.282341 0.187435 
286 1.061147 0.000000 -0.193566 88.289748 0.000000 -0.810987 0.220426 
287 1.061147 0.000000 -0.296627 88.210619 0.000000 -0.817622 0.221822 
288 1.170122 0.000000 -0.193566 88.709189 0.000000 -0.784902 0.213006 
289 1.006660 0.000000 -0.038974 88.793568 0.000000 -0.285286 0.211562 
290 1.006660 0.000000 -0.090504 87.408446 0.000000 -0.448485 0.235956 
291 1.061147 0.000000 -0.038974 87.751884 0.000000 -0.378357 0.229946 
292 1.006660 0.000000 0.012557 88.722122 0.000000 -0.185801 0.212835 
293 2.041918 0.000000 0.527863 101.067553 0.000000 12.984183 -0.038324 
294 2.477817 0.000000 0.527863 101.322503 0.000000 14.284974 -0.047031 
295 2.041918 0.000000 0.940108 100.379932 0.000000 18.466245 -0.041713 
296 1.388071 0.000000 0.321741 89.081460 0.000000 -0.764240 0.206391 
297 1.606020 0.000000 0.321741 93.513352 0.000000 -0.371592 0.125511 
298 1.388071 0.000000 0.527863 88.777797 0.000000 -0.784692 0.211789 
299 1.279096 0.000000 0.012557 95.590074 0.000000 -0.076200 0.086253 
300 1.279096 0.000000 -0.090504 90.327091 0.000000 -0.448326 0.184082 
301 1.388071 0.000000 0.012557 96.839019 0.000000 -0.063702 0.062220 
302 1.279096 0.000000 0.115618 90.809450 0.000000 -0.519885 0.175337 
303 1.115634 0.000000 -0.038974 88.051763 0.000000 -0.251074 0.224682 
304 1.115634 0.000000 -0.090504 87.920531 0.000000 -0.427963 0.226980 
305 1.170122 0.000000 -0.038974 88.976612 0.000000 -0.385424 0.208301 
306 1.115634 0.000000 0.012557 90.237217 0.000000 -0.193970 0.185721 
307 1.388071 0.000000 -0.502749 88.728538 0.000000 -0.788045 0.212663 
308 1.388071 0.000000 -0.708872 96.204997 0.000000 -0.335108 0.074449 
309 1.606020 0.000000 -0.502749 96.209458 0.000000 -0.336152 0.074363 
310 1.279096 0.000000 -0.193566 89.003299 0.000000 -0.767562 0.207782 
311 1.279096 0.000000 -0.296627 88.862152 0.000000 -0.777216 0.210291 
312 1.388071 0.000000 -0.193566 89.173333 0.000000 -0.758160 0.204754 
313 1.224609 0.000000 -0.038974 90.270743 0.000000 -0.415091 0.185102 
314 1.224609 0.000000 -0.090504 90.087626 0.000000 -0.446823 0.188402 
315 1.279096 0.000000 -0.038974 94.776988 0.000000 -0.166654 0.101729 
316 1.224609 0.000000 0.012557 94.431700 0.000000 -0.202044 0.108261 
317 1.061147 0.000000 0.218679 88.314888 0.000000 -0.808971 0.219983 
318 0.952172 0.000000 0.218679 87.787794 0.000000 -0.843641 0.229259 
319 1.170122 0.000000 0.218679 88.745033 0.000000 -0.782348 0.212371 
320 1.061147 0.000000 0.321741 88.240430 0.000000 -0.815215 0.221296 
321 1.115634 0.000000 0.064088 87.891442 0.000000 -0.413106 0.227492 
322 1.061147 0.000000 0.064088 87.622839 0.000000 -0.422728 0.232206 
323 1.170122 0.000000 0.064088 88.965264 0.000000 -0.398886 0.208502 
324 1.115634 0.000000 0.115618 87.786249 0.000000 -0.490158 0.229333 
325 1.142878 0.000000 -0.013208 93.061009 0.000000 -0.249782 0.133959 
326 1.115634 0.000000 -0.013208 90.240164 0.000000 -0.194678 0.185667 
327 1.142878 0.000000 -0.038974 91.608063 0.000000 -0.303158 0.160787 
328 1.170122 0.000000 -0.013208 93.308444 0.000000 -0.248938 0.129347 
329 1.142878 0.000000 0.012557 93.120763 0.000000 -0.248378 0.132846 
330 1.823969 0.000000 -0.090504 97.438439 0.000000 -0.107186 0.050574 
331 1.823969 0.000000 -0.296627 96.150490 0.000000 -0.326864 0.075498 
332 2.041918 0.000000 -0.090504 96.475166 0.000000 -0.386106 0.069239 
333 1.823969 0.000000 0.115618 96.247845 0.000000 -0.333837 0.073624 
334 1.497045 0.000000 0.012557 96.659522 0.000000 -0.089009 0.065693 
335 1.497045 0.000000 -0.090504 94.195798 0.000000 -0.311963 0.112705 
336 1.606020 0.000000 0.012557 97.033150 0.000000 -0.043480 0.058457 
337 1.497045 0.000000 0.115618 89.353692 0.000000 -0.747765 0.201536 
338 1.333583 0.000000 -0.038974 96.387583 0.000000 -0.089720 0.070943 
339 1.333583 0.000000 -0.090504 90.937199 0.000000 -0.511562 0.173016 
340 1.388071 0.000000 -0.038974 96.592836 0.000000 -0.084554 0.066982 
341 1.333583 0.000000 0.012557 96.982980 0.000000 -0.044745 0.059430 
342 1.279096 0.000000 0.218679 89.043192 0.000000 -0.764879 0.207072 
343 1.388071 0.000000 0.218679 89.211846 0.000000 -0.755646 0.204068 
344 1.279096 0.000000 0.321741 88.910692 0.000000 -0.773908 0.209429 
345 1.224609 0.000000 0.064088 90.195990 0.000000 -0.429838 0.186450 
346 1.279096 0.000000 0.064088 90.467023 0.000000 -0.432230 0.181553 
347 1.224609 0.000000 0.115618 90.005557 0.000000 -0.466399 0.189878 
348 1.251853 0.000000 -0.013208 92.411897 0.000000 -0.200906 0.146000 
349 1.224609 0.000000 -0.013208 94.408141 0.000000 -0.202537 0.108706 
350 1.251853 0.000000 -0.038974 90.453388 0.000000 -0.414296 0.181801 
351 1.279096 0.000000 -0.013208 95.583885 0.000000 -0.077021 0.086371 
352 1.251853 0.000000 0.012557 92.433749 0.000000 -0.198690 0.145596 
353 1.197365 0.000000 -0.013208 94.198814 0.000000 -0.193698 0.112655 
354 1.197365 0.000000 -0.038974 89.285895 0.000000 -0.381794 0.202788 
355 1.197365 0.000000 0.012557 94.222959 0.000000 -0.192839 0.112200 
356 1.333583 0.000000 0.064088 95.617227 0.000000 -0.149362 0.085732 
357 1.388071 0.000000 0.064088 95.059862 0.000000 -0.218537 0.096357 
358 1.333583 0.000000 0.115618 90.827684 0.000000 -0.526670 0.175005 
359 1.251853 0.000000 0.038322 90.459602 0.000000 -0.414559 0.181689 
360 1.224609 0.000000 0.038322 90.276596 0.000000 -0.415393 0.184996 
361 1.279096 0.000000 0.038322 95.089900 0.000000 -0.148374 0.095789 
362 1.251853 0.000000 0.064088 90.358725 0.000000 -0.428943 0.183512 
363 1.238231 0.000000 -0.000326 94.172108 0.000000 -0.230455 0.113156 
364 1.224609 0.000000 -0.000326 94.696626 0.000000 -0.202386 0.103251 
365 1.238231 0.000000 -0.013208 93.628023 0.000000 -0.235335 0.123374 
366 1.251853 0.000000 -0.000326 93.801442 0.000000 -0.211040 0.120124 
367 1.238231 0.000000 0.012557 93.653006 0.000000 -0.234898 0.122906 
368 1.306340 0.000000 -0.013208 96.421978 0.000000 -0.084883 0.070279 
369 1.306340 0.000000 -0.038974 95.942059 0.000000 -0.121376 0.079511 
370 1.333583 0.000000 -0.013208 96.969233 0.000000 -0.045753 0.059697 
371 1.306340 0.000000 0.012557 96.428112 0.000000 -0.084456 0.070161 
372 1.265474 0.000000 -0.000326 94.267489 0.000000 -0.007162 0.111364 
373 1.265474 0.000000 -0.013208 94.269541 0.000000 -0.112632 0.111324 
374 1.279096 0.000000 -0.000326 95.687950 0.000000 -0.064039 0.084381 
375 1.265474 0.000000 0.012557 94.270395 0.000000 -0.110338 0.111308 
376 1.197365 0.000000 0.038322 89.293292 0.000000 -0.382225 0.202656 
377 1.170122 0.000000 0.038322 88.983668 0.000000 -0.385898 0.208176 
378 1.197365 0.000000 0.064088 89.242275 0.000000 -0.395223 0.203566 
379 1.238231 0.000000 0.025440 90.408180 0.000000 -0.409337 0.182619 
380 1.224609 0.000000 0.025440 90.305620 0.000000 -0.410297 0.184473 
381 1.251853 0.000000 0.025440 92.019874 0.000000 -0.243989 0.153228 
382 1.238231 0.000000 0.038322 90.374867 0.000000 -0.414450 0.183221 
383 1.245042 0.000000 0.006116 94.046000 0.000000 -0.226999 0.115530 
384 1.238231 0.000000 0.006116 94.087716 0.000000 -0.231089 0.114745 
385 1.245042 0.000000 -0.000326 94.258945 0.000000 -0.230162 0.111520 
386 1.251853 0.000000 0.006116 93.700235 0.000000 -0.211497 0.122022 
387 1.245042 0.000000 0.012557 92.163916 0.000000 -0.225231 0.150576 
388 22.529144 0.000000 -6.480304 97.869680 0.000000 20.424292 0.000437 
389 22.529144 0.000000 -13.076225 97.822441 0.000000 20.631146 0.000513 
390 29.503519 0.000000 -6.480304 97.864637 0.000000 20.500378 0.000225 
391 22.529144 0.000000 0.115618 98.100540 0.000000 19.397601 0.000002 
392 12.067582 0.000000 -3.182343 97.964256 0.000000 19.681602 0.001564 
393 12.067582 0.000000 -6.480304 97.836183 0.000000 20.235788 0.001859 
394 15.554770 0.000000 -3.182343 97.966123 0.000000 19.887453 0.000713 
395 12.067582 0.000000 0.115618 98.484277 0.000000 17.465876 -0.000421 
396 6.836801 0.000000 -1.533362 98.085854 0.000000 18.114956 0.005101 
397 6.836801 0.000000 -3.182343 97.813286 0.000000 19.257755 0.006170 
398 8.580395 0.000000 -1.533362 98.131810 0.000000 18.503077 0.002778 
399 6.836801 0.000000 0.115618 98.929421 0.000000 13.782340 0.002302 
400 4.221411 0.000000 -0.708872 97.662347 0.000000 15.418720 0.022433 
401 4.221411 0.000000 -1.533362 97.411079 0.000000 17.385177 0.020884 
402 5.093207 0.000000 -0.708872 98.179830 0.000000 15.906845 0.010769 
403 4.221411 0.000000 0.115618 96.850530 0.000000 17.342913 0.031920 
404 2.913715 0.000000 -0.296627 93.645019 0.000000 16.411177 0.096128 
405 2.913715 0.000000 -0.708872 95.563827 0.000000 16.343733 0.060044 
406 3.349614 0.000000 -0.296627 95.650944 0.000000 14.248273 0.064788 
407 2.913715 0.000000 0.115618 98.316850 0.000000 -0.000000 0.033380 
408 2.259868 0.000000 -0.090504 97.909623 0.000000 12.453014 0.025863 
409 2.259868 0.000000 -0.296627 96.835656 0.000000 16.066296 0.036473 
410 2.477817 0.000000 -0.090504 98.787134 0.000000 0.000000 0.024110 
411 2.259868 0.000000 0.115618 100.145444 0.000000 4.800880 -0.005216 
412 1.823969 0.000000 0.321741 96.150941 0.000000 -0.326991 0.075489 
413 2.041918 0.000000 0.321741 96.090663 0.000000 -0.379528 0.076644 
414 1.823969 0.000000 0.527863 96.440426 0.000000 -0.340740 0.069913 
415 1.932944 0.000000 0.012557 98.275520 0.000000 -0.014397 0.034192 
416 1.823969 0.000000 0.012557 97.913437 0.000000 -0.016975 0.041296 
417 1.932944 0.000000 -0.090504 97.820797 0.000000 -0.088682 0.043108 
418 2.041918 0.000000 0.012557 98.583663 0.000000 -0.011142 0.028126 
419 1.932944 0.000000 0.115618 96.436587 0.000000 -0.341604 0.069987 
420 22.529144 0.000000 6.711540 98.340347 0.000000 18.340173 -0.000719 
421 29.503519 0.000000 6.711540 98.757829 0.000000 16.357515 -0.002068 
422 22.529144 0.000000 13.307462 97.944245 0.000000 20.243277 -0.000287 
423 12.067582 0.000000 3.413579 98.350022 0.000000 18.371822 -0.001025 
424 15.554770 0.000000 3.413579 100.308412 0.000000 9.076085 -0.014415 
425 12.067582 0.000000 6.711540 98.170482 0.000000 19.353295 -0.001199 
426 6.836801 0.000000 1.764599 99.641191 0.000000 13.132090 -0.010082 
427 8.580395 0.000000 1.764599 100.654233 0.000000 7.830005 -0.019258 
428 6.836801 0.000000 3.413579 98.542698 0.000000 18.258992 -0.004405 
429 4.221411 0.000000 0.940108 100.938191 0.000000 9.498365 -0.027874 
430 5.093207 0.000000 0.940108 100.529967 0.000000 11.678036 -0.024265 
431 4.221411 0.000000 1.764599 98.941845 0.000000 17.874904 -0.010900 
432 2.913715 0.000000 0.527863 102.174982 0.000000 15.029749 -0.066562 
433 3.349614 0.000000 0.527863 101.099882 0.000000 15.410996 -0.045868 
434 2.913715 0.000000 0.940108 100.607694 0.000000 16.361079 -0.038959 
435 2.259868 0.000000 0.321741 100.310329 0.000000 12.603560 -0.022101 
436 2.477817 0.000000 0.321741 100.853489 0.000000 12.629178 -0.033092 
437 2.259868 0.000000 0.527863 101.065523 0.000000 13.530756 -0.039732 
438 2.150893 0.000000 0.012557 98.777853 0.000000 0.000000 0.024294 
439 2.150893 0.000000 -0.090504 97.905082 0.000000 11.735215 0.027688 
440 2.259868 0.000000 0.012557 98.807113 0.000000 0.000000 0.023715 
441 2.150893 0.000000 0.115618 100.021690 0.000000 4.099332 -0.002114 
442 8.580395 0.000000 -19.672147 97.777341 0.000000 20.711316 0.001063 
443 8.580395 0.000000 -26.268069 97.790695 0.000000 20.748714 0.000647 
444 15.554770 0.000000 -19.672147 97.796338 0.000000 20.702450 0.000728 
445 5.093207 0.000000 -9.778264 97.672169 0.000000 20.493618 0.004016 
446 5.093207 0.000000 -13.076225 97.725420 0.000000 20.627385 0.002425 
447 8.580395 0.000000 -9.778264 97.741745 0.000000 20.461408 0.002788 
448 3.349614 0.000000 -4.831323 97.354899 0.000000 19.906866 0.012574 
449 3.349614 0.000000 -6.480304 97.496655 0.000000 20.248929 0.008438 
450 5.093207 0.000000 -4.831323 97.565416 0.000000 19.806924 0.008868 
451 2.477817 0.000000 -2.357852 96.565306 0.000000 18.820871 0.032092 
452 2.477817 0.000000 -3.182343 96.877134 0.000000 19.406905 0.023819 
453 3.349614 0.000000 -2.357852 96.978961 0.000000 18.549155 0.025101 
454 2.041918 0.000000 -1.121117 95.668294 0.000000 17.508654 0.054102 
455 2.041918 0.000000 -1.533362 95.826765 0.000000 18.128214 0.048860 
456 2.477817 0.000000 -1.121117 95.979677 0.000000 17.337192 0.048732 
457 2.259868 0.000000 -0.502749 96.254533 0.000000 16.604985 0.045934 
458 2.041918 0.000000 -0.502749 96.187621 0.000000 16.190933 0.048580 
459 2.259868 0.000000 -0.708872 95.970354 0.000000 16.876640 0.050487 
460 2.477817 0.000000 -0.502749 95.976465 0.000000 16.892081 0.050318 
461 2.150893 0.000000 -0.193566 97.315517 0.000000 14.653110 0.031498 
462 2.041918 0.000000 -0.193566 96.089865 0.000000 -0.379566 0.076659 
463 2.150893 0.000000 -0.296627 96.868316 0.000000 15.670366 0.037097 
464 2.259868 0.000000 -0.193566 97.294263 0.000000 15.191195 0.030305 
465 2.695766 0.000000 -0.090504 98.570806 0.000000 -0.000000 0.028380 
466 2.695766 0.000000 -0.296627 95.178926 0.000000 17.342347 0.064022 
467 2.913715 0.000000 -0.090504 98.318508 0.000000 -0.000000 0.033347 
468 2.695766 0.000000 0.115618 98.425415 0.000000 -0.000000 0.031244 
469 2.368842 0.000000 0.012557 98.787575 0.000000 0.000000 0.024101 
470 2.368842 0.000000 -0.090504 98.794725 0.000000 0.000000 0.023960 
471 2.477817 0.000000 0.012557 98.776819 0.000000 0.000000 0.024314 
472 2.368842 0.000000 0.115618 100.272111 0.000000 5.692603 -0.008690 
473 2.205380 0.000000 -0.038974 98.788459 0.000000 0.000000 0.024084 
474 2.150893 0.000000 -0.038974 98.772811 0.000000 0.000000 0.024393 
475 2.205380 0.000000 -0.090504 98.804318 0.000000 0.000000 0.023771 
476 2.259868 0.000000 -0.038974 98.800967 0.000000 0.000000 0.023837 
477 2.205380 0.000000 0.012557 98.796968 0.000000 0.000000 0.023916 
478 2.695766 0.000000 0.321741 102.093207 0.000000 11.995117 -0.056691 
479 2.913715 0.000000 0.321741 103.145443 0.000000 10.078531 -0.074056 
480 2.695766 0.000000 0.527863 101.814189 0.000000 14.889019 -0.058781 
481 2.586791 0.000000 0.012557 98.711677 0.000000 0.000000 0.025600 
482 2.586791 0.000000 -0.090504 98.724174 0.000000 0.000000 0.025354 
483 2.695766 0.000000 0.012557 98.636881 0.000000 -0.000000 0.027077 
484 2.586791 0.000000 0.115618 100.893252 0.000000 8.092450 -0.024494 
485 3.785512 0.000000 -0.296627 97.185093 0.000000 14.309836 0.035029 
486 3.785512 0.000000 -0.708872 97.088085 0.000000 15.225421 0.034209 
487 4.221411 0.000000 -0.296627 97.841009 0.000000 14.306071 0.022247 
488 3.785512 0.000000 0.115618 97.111400 0.000000 15.188139 0.033870 
489 3.131664 0.000000 -0.090504 97.737302 0.000000 -0.000000 0.044742 
490 3.131664 0.000000 -0.296627 94.190092 0.000000 14.727485 0.091133 
491 3.349614 0.000000 -0.090504 97.461498 0.000000 -0.000000 0.050126 
492 3.131664 0.000000 0.115618 97.697039 0.000000 -0.000000 0.045529 
493 2.804741 0.000000 0.012557 98.528495 0.000000 -0.000000 0.029214 
494 2.804741 0.000000 -0.090504 98.459363 0.000000 -0.000000 0.030575 
495 2.913715 0.000000 0.012557 98.324952 0.000000 -0.000000 0.033220 
496 2.804741 0.000000 0.115618 98.378812 0.000000 -0.000000 0.032161 
497 3.785512 0.000000 0.527863 99.845794 0.000000 17.119210 -0.026225 
498 4.221411 0.000000 0.527863 99.406084 0.000000 18.336821 -0.021781 
499 3.785512 0.000000 0.940108 100.981565 0.000000 10.488364 -0.030728 
500 3.567563 0.000000 -0.090504 96.641515 0.000000 16.006016 0.040423 
501 3.567563 0.000000 -0.296627 96.615952 0.000000 14.298977 0.046090 
502 3.785512 0.000000 -0.090504 96.962416 0.000000 15.695430 0.035194 
503 3.567563 0.000000 0.115618 97.817929 0.000000 12.809365 0.026757 
504 3.131664 0.000000 0.321741 102.196802 0.000000 8.479867 -0.051609 
505 3.349614 0.000000 0.321741 100.615245 0.000000 8.462693 -0.019504 
506 3.131664 0.000000 0.527863 101.871640 0.000000 15.004741 -0.060297 
507 3.240639 0.000000 0.012557 97.489940 0.000000 0.000000 0.049571 
508 3.131664 0.000000 0.012557 97.683758 0.000000 -0.000000 0.045788 
509 3.240639 0.000000 -0.090504 97.547360 0.000000 -0.000000 0.048451 
510 3.349614 0.000000 0.012557 97.478078 0.000000 -0.000000 0.049802 
511 3.240639 0.000000 0.115618 97.550103 0.000000 -0.000000 0.048398 
512 2.913715 0.000000 -1.121117 96.145331 0.000000 17.005683 0.046688 
513 2.913715 0.000000 -1.533362 96.447980 0.000000 17.661452 0.038586 
514 3.349614 0.000000 -1.121117 96.568000 0.000000 16.635273 0.039789 
515 3.131664 0.000000 -0.502749 95.115771 0.000000 15.248415 0.072048 
516 2.913715 0.000000 -0.502749 94.887263 0.000000 16.182810 0.073452 
517 3.131664 0.000000 -0.708872 95.718520 0.000000 15.804784 0.058817 
518 3.349614 0.000000 -0.502749 95.862975 0.000000 14.682128 0.059473 
519 3.240639 0.000000 -0.193566 97.466244 0.000000 -0.000000 0.050033 
520 3.131664 0.000000 -0.193566 97.721111 0.000000 0.000000 0.045058 
521 3.240639 0.000000 -0.296627 94.951369 0.000000 14.347522 0.077839 
522 3.349614 0.000000 -0.193566 95.731963 0.000000 14.524780 0.062442 
523 3.567563 0.000000 0.321741 99.575006 0.000000 9.340795 -0.000243 
524 3.785512 0.000000 0.321741 99.103224 0.000000 10.423186 0.006991 
525 3.567563 0.000000 0.527863 100.367743 0.000000 16.209587 -0.033643 
526 3.458588 0.000000 0.012557 97.417984 0.000000 -0.000000 0.050974 
527 3.458588 0.000000 -0.090504 97.404436 0.000000 -0.000000 0.051238 
528 3.567563 0.000000 0.012557 96.869242 0.000000 16.855169 0.033225 
529 3.458588 0.000000 0.115618 98.345637 0.000000 11.450209 0.019703 
530 3.295126 0.000000 -0.038974 97.499117 0.000000 -0.000000 0.049392 
531 3.240639 0.000000 -0.038974 97.542269 0.000000 -0.000000 0.048551 
532 3.295126 0.000000 -0.090504 97.502441 0.000000 -0.000000 0.049327 
533 3.349614 0.000000 -0.038974 97.478546 0.000000 -0.000000 0.049793 
534 3.295126 0.000000 0.012557 97.498215 0.000000 -0.000000 0.049410 
535 3.022690 0.000000 0.012557 98.181566 0.000000 0.000000 0.036038 
536 3.022690 0.000000 -0.090504 98.130123 0.000000 -0.000000 0.037048 
537 3.022690 0.000000 0.115618 98.129098 0.000000 -0.000000 0.037068 
538 3.186152 0.000000 -0.038974 97.651397 0.000000 -0.000000 0.046420 
539 3.131664 0.000000 -0.038974 97.716688 0.000000 -0.000000 0.045145 
540 3.186152 0.000000 -0.090504 97.616429 0.000000 -0.000000 0.047103 
541 3.186152 0.000000 0.012557 97.598099 0.000000 -0.000000 0.047461 
542 3.240639 0.000000 0.218679 101.264279 0.000000 3.707828 -0.026820 
543 3.131664 0.000000 0.218679 102.595197 0.000000 3.741161 -0.053977 
544 3.349614 0.000000 0.218679 100.181295 0.000000 4.233571 -0.005422 
545 3.240639 0.000000 0.321741 101.378301 0.000000 8.289834 -0.034628 
546 3.295126 0.000000 0.064088 97.500590 0.000000 -0.000000 0.049364 
547 3.240639 0.000000 0.064088 97.544522 0.000000 -0.000000 0.048507 
548 3.349614 0.000000 0.064088 97.479337 0.000000 -0.000000 0.049778 
549 3.295126 0.000000 0.115618 97.483302 0.000000 -0.000000 0.049701 
550 3.267883 0.000000 -0.013208 97.534478 0.000000 -0.000000 0.048703 
551 3.240639 0.000000 -0.013208 97.490787 0.000000 0.000000 0.049555 
552 3.267883 0.000000 -0.038974 97.536035 0.000000 -0.000000 0.048672 
553 3.295126 0.000000 -0.013208 97.498227 0.000000 -0.000000 0.049410 
554 3.267883 0.000000 0.012557 97.534458 0.000000 -0.000000 0.048703 
555 3.186152 0.000000 0.064088 97.613723 0.000000 -0.000000 0.047156 
556 3.131664 0.000000 0.064088 97.735705 0.000000 -0.000000 0.044773 
557 3.186152 0.000000 0.115618 97.619101 0.000000 -0.000000 0.047051 
558 3.213395 0.000000 -0.013208 97.542103 0.000000 0.000000 0.048554 
559 3.186152 0.000000 -0.013208 97.598725 0.000000 -0.000000 0.047449 
560 3.213395 0.000000 -0.038974 97.596622 0.000000 -0.000000 0.047490 
561 3.213395 0.000000 0.012557 97.541463 0.000000 0.000000 0.048566 
562 3.022690 0.000000 -0.193566 98.223373 0.000000 0.000000 0.035217 
563 2.913715 0.000000 -0.193566 98.365206 0.000000 -0.000000 0.032429 
564 3.022690 0.000000 -0.296627 93.635573 0.000000 15.463968 0.099325 
565 3.077177 0.000000 -0.038974 97.874025 0.000000 -0.000000 0.042068 
566 3.022690 0.000000 -0.038974 98.131390 0.000000 0.000000 0.037023 
567 3.077177 0.000000 -0.090504 97.883864 0.000000 -0.000000 0.041875 
568 3.077177 0.000000 0.012557 97.882535 0.000000 -0.000000 0.041901 
569 3.158908 0.000000 -0.013208 97.640005 0.000000 -0.000000 0.046643 
570 3.131664 0.000000 -0.013208 97.684166 0.000000 -0.000000 0.045780 
571 3.158908 0.000000 -0.038974 97.672514 0.000000 -0.000000 0.046008 
572 3.158908 0.000000 0.012557 97.639291 0.000000 -0.000000 0.046657 
573 2.968203 0.000000 -0.038974 98.214203 0.000000 -0.000000 0.035397 
574 2.913715 0.000000 -0.038974 98.295097 0.000000 -0.000000 0.033807 
575 2.968203 0.000000 -0.090504 98.207860 0.000000 -0.000000 0.035522 
576 2.968203 0.000000 0.012557 98.266439 0.000000 -0.000000 0.034371 
577 3.022690 0.000000 0.218679 103.809940 0.000000 4.517792 -0.079691 
578 2.913715 0.000000 0.218679 104.377448 0.000000 5.844348 -0.092881 
579 3.022690 0.000000 0.321741 102.864342 0.000000 9.088117 -0.066367 
580 2.968203 0.000000 0.064088 98.211427 0.000000 -0.000000 0.035452 
581 2.913715 0.000000 0.064088 98.292645 0.000000 -0.000000 0.033856 
582 3.022690 0.000000 0.064088 98.093361 0.000000 0.000000 0.037769 
583 2.968203 0.000000 0.115618 98.251316 0.000000 -0.000000 0.034668 
584 2.995446 0.000000 -0.013208 98.225204 0.000000 0.000000 0.035181 
585 2.968203 0.000000 -0.013208 98.266071 0.000000 -0.000000 0.034378 
586 2.995446 0.000000 -0.038974 98.191875 0.000000 -0.000000 0.035836 
587 3.022690 0.000000 -0.013208 98.180884 0.000000 0.000000 0.036051 
588 2.995446 0.000000 0.012557 98.226385 0.000000 0.000000 0.035158 
589 2.695766 0.000000 -0.502749 95.387309 0.000000 16.838834 0.061771 
590 2.695766 0.000000 -0.708872 95.672241 0.000000 16.769242 0.056561 
591 2.804741 0.000000 -0.193566 98.406360 0.000000 -0.000000 0.031619 
592 2.695766 0.000000 -0.193566 95.407844 0.000000 17.548303 0.058940 
593 2.804741 0.000000 -0.296627 94.293633 0.000000 17.137432 0.081502 
594 2.859228 0.000000 -0.038974 98.452421 0.000000 -0.000000 0.030712 
595 2.804741 0.000000 -0.038974 98.516541 0.000000 -0.000000 0.029449 
596 2.859228 0.000000 -0.090504 98.369139 0.000000 -0.000000 0.032351 
597 2.859228 0.000000 0.012557 98.475108 0.000000 -0.000000 0.030265 
598 2.804741 0.000000 0.218679 103.761235 0.000000 6.890515 -0.081387 
599 2.695766 0.000000 0.218679 102.574877 0.000000 7.192511 -0.057334 
600 2.804741 0.000000 0.321741 102.823572 0.000000 11.193831 -0.069799 
601 2.859228 0.000000 0.064088 98.369783 0.000000 -0.000000 0.032339 
602 2.804741 0.000000 0.064088 98.505180 0.000000 -0.000000 0.029673 
603 2.859228 0.000000 0.115618 98.355838 0.000000 -0.000000 0.032613 
604 2.886472 0.000000 -0.013208 98.355262 0.000000 -0.000000 0.032624 
605 2.859228 0.000000 -0.013208 98.474781 0.000000 -0.000000 0.030272 
606 2.886472 0.000000 -0.038974 98.340092 0.000000 -0.000000 0.032923 
607 2.913715 0.000000 -0.013208 98.324323 0.000000 -0.000000 0.033233 
608 2.886472 0.000000 0.012557 98.355554 0.000000 -0.000000 0.032619 
609 2.750253 0.000000 -0.038974 98.574432 0.000000 -0.000000 0.028308 
610 2.695766 0.000000 -0.038974 98.631683 0.000000 -0.000000 0.027179 
611 2.750253 0.000000 -0.090504 98.497662 0.000000 -0.000000 0.029821 
612 2.750253 0.000000 0.012557 98.584182 0.000000 -0.000000 0.028116 
613 2.831984 0.000000 -0.013208 98.526427 0.000000 -0.000000 0.029254 
614 2.804741 0.000000 -0.013208 98.528277 0.000000 -0.000000 0.029218 
615 2.831984 0.000000 -0.038974 98.490465 0.000000 -0.000000 0.029963 
616 2.831984 0.000000 0.012557 98.526909 0.000000 -0.000000 0.029245 
617 2.886472 0.000000 0.038322 98.340120 0.000000 -0.000000 0.032922 
618 2.859228 0.000000 0.038322 98.452508 0.000000 -0.000000 0.030710 
619 2.913715 0.000000 0.038322 98.295148 0.000000 -0.000000 0.033806 
620 2.886472 0.000000 0.064088 98.338776 0.000000 -0.000000 0.032949 
621 2.872850 0.000000 -0.000326 98.383862 0.000000 0.000000 0.032062 
622 2.859228 0.000000 -0.000326 98.407478 0.000000 0.000000 0.031597 
623 2.872850 0.000000 -0.013208 98.395068 0.000000 -0.000000 0.031841 
624 2.886472 0.000000 -0.000326 98.366410 0.000000 -0.000000 0.032405 
625 2.872850 0.000000 0.012557 98.394802 0.000000 -0.000000 0.031846 
626 5.965004 0.000000 0.940108 99.364615 0.000000 16.859451 -0.015757 
627 5.965004 0.000000 0.115618 99.225029 0.000000 11.992916 0.001056 
628 6.836801 0.000000 0.940108 98.144391 0.000000 20.855950 -0.006729 
629 5.965004 0.000000 1.764599 98.778626 0.000000 17.273753 -0.005560 
630 10.323988 0.000000 1.764599 98.011506 0.000000 19.895516 -0.000209 
631 10.323988 0.000000 0.115618 98.647415 0.000000 16.622426 -0.000762 
632 12.067582 0.000000 1.764599 100.926254 0.000000 6.129443 -0.022368 
633 10.323988 0.000000 3.413579 98.434552 0.000000 18.082011 -0.001632 
634 7.708598 0.000000 0.940108 99.740713 0.000000 13.830872 -0.013950 
635 7.708598 0.000000 0.115618 98.710238 0.000000 14.506765 0.004584 
636 8.580395 0.000000 0.940108 102.499986 0.000000 -0.842534 -0.050696 
637 7.708598 0.000000 1.764599 100.415075 0.000000 9.296036 -0.016960 
638 5.965004 0.000000 -0.708872 98.368987 0.000000 16.432631 0.005351 
639 5.965004 0.000000 -1.533362 98.004927 0.000000 17.860756 0.007603 
640 6.836801 0.000000 -0.708872 98.376888 0.000000 16.908055 0.003611 
641 5.529106 0.000000 0.527863 99.462436 0.000000 16.753161 -0.017344 
642 5.093207 0.000000 0.527863 99.278046 0.000000 17.921653 -0.017732 
643 5.529106 0.000000 0.115618 98.721865 0.000000 11.788256 0.011503 
644 5.965004 0.000000 0.527863 100.141202 0.000000 14.308961 -0.023301 
645 5.529106 0.000000 0.940108 100.209986 0.000000 13.834867 -0.023344 
646 -19.317104 0.000000 -19.672147 97.797148 0.000000 20.797003 0.000320 
647 -26.291479 0.000000 -19.672147 97.804591 0.000000 20.797629 0.000172 
648 -19.317104 0.000000 -26.268069 97.799920 0.000000 20.792547 0.000285 
649 22.529144 0.000000 -19.672147 97.809387 0.000000 20.705981 0.000459 
650 22.529144 0.000000 -26.268069 97.806483 0.000000 20.740523 0.000372 
651 29.503519 0.000000 -19.672147 97.816408 0.000000 20.713429 0.000290 
652 -8.855542 0.000000 -9.778264 97.743223 0.000000 20.813735 0.001305 
653 -12.342730 0.000000 -9.778264 97.773072 0.000000 20.817125 0.000707 
654 -8.855542 0.000000 -13.076225 97.754777 0.000000 20.796133 0.001152 
655 12.067582 0.000000 -9.778264 97.794603 0.000000 20.478986 0.001683 
656 12.067582 0.000000 -13.076225 97.782985 0.000000 20.600416 0.001411 
657 15.554770 0.000000 -9.778264 97.819837 0.000000 20.505867 0.001079 
658 -3.624761 0.000000 -4.831323 97.534467 0.000000 20.876233 0.005121 
659 -5.368355 0.000000 -4.831323 97.646676 0.000000 20.890119 0.002873 
660 -3.624761 0.000000 -6.480304 97.580472 0.000000 20.803717 0.004526 
661 6.836801 0.000000 -4.831323 97.719765 0.000000 19.825622 0.005779 
662 6.836801 0.000000 -6.480304 97.697130 0.000000 20.152189 0.004916 
663 8.580395 0.000000 -4.831323 97.810039 0.000000 19.889685 0.003760 
664 -1.009371 0.000000 -2.357852 96.813551 0.000000 21.121061 0.018104 
665 -1.881167 0.000000 -2.357852 97.178318 0.000000 21.188920 0.010740 
666 -1.009371 0.000000 -3.182343 96.978741 0.000000 20.868190 0.015964 
667 4.221411 0.000000 -2.357852 97.350694 0.000000 18.465572 0.018187 
668 4.221411 0.000000 -3.182343 97.369806 0.000000 19.106763 0.015405 
669 5.093207 0.000000 -2.357852 97.641583 0.000000 18.528888 0.012280 
670 -0.573472 0.000000 -1.121117 96.355596 0.000000 22.221149 0.022182 
671 -1.009371 0.000000 -1.121117 96.848630 0.000000 22.004663 0.013614 
672 -0.573472 0.000000 -1.533362 96.310656 0.000000 21.669720 0.025468 
673 0.080376 0.000000 -0.502749 75.086436 0.000000 -1.864913 0.435855 
674 -0.137574 0.000000 -0.502749 96.312265 0.000000 24.554894 0.012100 
675 0.080376 0.000000 -0.708872 94.416968 0.000000 23.789462 0.051950 
676 -0.573472 0.000000 0.527863 98.561457 0.000000 23.456274 -0.026456 
677 -1.009371 0.000000 0.527863 98.415345 0.000000 22.590408 -0.019591 
678 -0.573472 0.000000 0.940108 99.392490 0.000000 22.812983 -0.039930 
679 0.080376 0.000000 0.321741 77.817841 0.000000 -1.519672 0.394207 
680 -0.137574 0.000000 0.321741 77.749285 0.000000 -2.292623 0.394979 
681 0.080376 0.000000 0.527863 75.551506 0.000000 -1.656173 0.428923 
682 0.407299 0.000000 -0.193566 86.061500 0.000000 -0.983192 0.259245 
683 0.298325 0.000000 -0.193566 83.754315 0.000000 -1.125238 0.298395 
684 0.407299 0.000000 -0.296627 86.200154 0.000000 -0.972189 0.256859 
685 0.407299 0.000000 0.218679 86.029790 0.000000 -0.985715 0.259790 
686 0.298325 0.000000 0.218679 84.522857 0.000000 -1.081655 0.285472 
687 0.407299 0.000000 0.321741 86.160805 0.000000 -0.975262 0.257536 
688 0.843198 0.000000 0.218679 87.234397 0.000000 -0.882791 0.238938 
689 0.843198 0.000000 0.321741 87.285570 0.000000 -0.880890 0.238045 
690 0.788710 0.000000 0.064088 70.703938 0.000000 -0.438199 0.500076 
691 0.843198 0.000000 0.064088 78.738747 0.000000 -0.465320 0.379999 
692 0.788710 0.000000 0.115618 76.213001 0.000000 -0.563447 0.419126 
693 0.706980 0.000000 0.038322 66.015499 0.000000 -0.431317 0.564177 
694 0.734223 0.000000 0.038322 73.493682 0.000000 -0.556056 0.459837 
695 0.706980 0.000000 0.064088 67.029055 0.000000 -0.445209 0.550691 
696 0.666114 0.000000 0.025440 69.473433 0.000000 -0.371257 0.517330 
697 0.679736 0.000000 0.025440 63.285308 0.000000 -0.462124 0.599476 
698 0.666114 0.000000 0.038322 69.486160 0.000000 -0.380303 0.517153 
699 1.823969 0.000000 -0.502749 96.750967 0.000000 -0.367586 0.063912 
700 1.823969 0.000000 -0.708872 95.415634 0.000000 16.419094 0.062627 
701 1.497045 0.000000 -0.193566 89.243648 0.000000 -0.754840 0.203500 
702 1.497045 0.000000 -0.296627 89.117473 0.000000 -0.763048 0.205749 
703 1.606020 0.000000 -0.193566 91.888897 0.000000 -0.409838 0.155626 
704 1.006660 0.000000 0.064088 87.378837 0.000000 -0.433564 0.236475 
705 0.952172 0.000000 0.064088 87.026977 0.000000 -0.411920 0.242614 
706 1.006660 0.000000 0.115618 87.462523 0.000000 -0.468577 0.235009 
707 1.497045 0.000000 0.218679 89.277685 0.000000 -0.752651 0.202893 
708 1.606020 0.000000 0.218679 91.909343 0.000000 -0.409545 0.155250 
709 1.497045 0.000000 0.321741 89.160968 0.000000 -0.760219 0.204974 
710 1.142878 0.000000 0.038322 91.631488 0.000000 -0.302834 0.160358 
711 1.115634 0.000000 0.038322 88.057298 0.000000 -0.250595 0.224585 
712 1.142878 0.000000 0.064088 88.678411 0.000000 -0.405011 0.213598 
713 1.932944 0.000000 -0.193566 96.437378 0.000000 -0.341420 0.069972 
714 1.823969 0.000000 -0.193566 96.247694 0.000000 -0.333615 0.073627 
715 1.932944 0.000000 -0.296627 96.743569 0.000000 -0.367857 0.064055 
716 1.714995 0.000000 0.012557 97.618447 0.000000 -0.022696 0.047064 
717 1.714995 0.000000 -0.090504 96.975696 0.000000 -0.099123 0.059570 
718 1.714995 0.000000 0.115618 94.944055 0.000000 -0.334063 0.098551 
719 1.306340 0.000000 0.038322 95.950971 0.000000 -0.120824 0.079340 
720 1.333583 0.000000 0.038322 96.396954 0.000000 -0.089094 0.070762 
721 1.306340 0.000000 0.064088 94.835527 0.000000 -0.205781 0.100618 
722 1.265474 0.000000 0.025440 93.860924 0.000000 -0.158590 0.119010 
723 1.279096 0.000000 0.025440 95.055460 0.000000 -0.112070 0.096445 
724 1.265474 0.000000 0.038322 90.528002 0.000000 -0.415827 0.180451 
725 10.323988 0.000000 -1.533362 98.137543 0.000000 18.814778 0.001503 
726 10.323988 0.000000 -3.182343 97.953350 0.000000 19.567419 0.002226 
727 12.067582 0.000000 -1.533362 98.117373 0.000000 19.056619 0.000983 
728 5.965004 0.000000 -2.357852 97.816409 0.000000 18.660308 0.008374 
729 5.965004 0.000000 -3.182343 97.718730 0.000000 19.178462 0.008324 
730 6.836801 0.000000 -2.357852 97.915461 0.000000 18.802810 0.005902 
731 7.708598 0.000000 -0.708872 98.342889 0.000000 17.252788 0.003102 
732 7.708598 0.000000 -1.533362 98.116094 0.000000 18.324626 0.003744 
733 8.580395 0.000000 -0.708872 98.339507 0.000000 17.541950 0.002162 
734 3.785512 0.000000 -1.121117 97.077885 0.000000 16.475532 0.030444 
735 3.785512 0.000000 -1.533362 97.111990 0.000000 17.372413 0.026746 
736 4.221411 0.000000 -1.121117 97.495176 0.000000 16.539797 0.022113 
737 2.368842 0.000000 -0.193566 97.168727 0.000000 15.733449 0.031070 
738 2.368842 0.000000 -0.296627 96.694191 0.000000 16.454396 0.037949 
739 2.477817 0.000000 -0.193566 96.888306 0.000000 16.341872 0.034560 
740 1.714995 0.000000 0.218679 96.212508 0.000000 -0.337182 0.074304 
741 1.823969 0.000000 0.218679 96.247743 0.000000 -0.333686 0.073626 
742 1.714995 0.000000 0.321741 96.211815 0.000000 -0.336959 0.074317 
743 1.932944 0.000000 0.218679 96.437124 0.000000 -0.341479 0.069976 
744 2.041918 0.000000 0.218679 96.475899 0.000000 -0.386091 0.069225 
745 1.932944 0.000000 0.321741 96.742560 0.000000 -0.367894 0.064074 
746 4.657309 0.000000 0.527863 99.298981 0.000000 18.560786 -0.020479 
747 4.657309 0.000000 0.115618 97.355069 0.000000 15.851855 0.027071 
748 4.657309 0.000000 0.940108 100.752658 0.000000 10.086155 -0.025283 
749 2.150893 0.000000 0.218679 100.159056 0.000000 7.758403 -0.009203 
750 2.259868 0.000000 0.218679 100.363415 0.000000 7.608239 -0.013070 
751 2.150893 0.000000 0.321741 100.201324 0.000000 12.432874 -0.019488 
752 2.368842 0.000000 0.218679 100.631271 0.000000 7.419018 -0.018169 
753 2.477817 0.000000 0.218679 101.030807 0.000000 7.297952 -0.026048 
754 2.368842 0.000000 0.321741 100.514381 0.000000 12.662485 -0.026348 
755 2.586791 0.000000 -0.193566 96.349425 0.000000 16.954188 0.042934 
756 2.586791 0.000000 -0.296627 95.916613 0.000000 17.145185 0.050605 
757 2.586791 0.000000 0.218679 101.653124 0.000000 7.218340 -0.038546 
758 2.586791 0.000000 0.321741 101.379304 0.000000 12.400746 -0.043154 
759 3.567563 0.000000 -0.502749 96.599207 0.000000 14.545596 0.045702 
760 3.567563 0.000000 -0.708872 96.662426 0.000000 15.240365 0.042411 
761 3.785512 0.000000 -0.502749 97.130781 0.000000 14.576000 0.035315 
762 2.750253 0.000000 0.064088 98.526713 0.000000 -0.000000 0.029249 
763 2.695766 0.000000 0.064088 98.646424 0.000000 -0.000000 0.026888 
764 2.750253 0.000000 0.115618 98.388153 0.000000 -0.000000 0.031977 
765 3.458588 0.000000 -0.193566 96.267327 0.000000 14.700592 0.051649 
766 3.458588 0.000000 -0.296627 96.201351 0.000000 14.273957 0.054155 
767 3.567563 0.000000 -0.193566 96.634178 0.000000 14.785017 0.044324 
768 3.458588 0.000000 0.218679 99.429896 0.000000 5.032067 0.008837 
769 3.567563 0.000000 0.218679 98.923776 0.000000 5.915006 0.017910 
770 3.458588 0.000000 0.321741 100.010951 0.000000 8.860590 -0.008070 
771 3.077177 0.000000 0.064088 97.886070 0.000000 -0.000000 0.041832 
772 3.077177 0.000000 0.115618 97.915962 0.000000 0.000000 0.041246 
773 2.940959 0.000000 -0.013208 98.313580 0.000000 -0.000000 0.033444 
774 2.940959 0.000000 -0.038974 98.285353 0.000000 -0.000000 0.033999 
775 2.940959 0.000000 0.012557 98.313775 0.000000 -0.000000 0.033440 
776 2.940959 0.000000 0.038322 98.285393 0.000000 -0.000000 0.033998 
777 2.968203 0.000000 0.038322 98.214262 0.000000 -0.000000 0.035396 
778 2.940959 0.000000 0.064088 98.283467 0.000000 -0.000000 0.034036 
779 2.995446 0.000000 0.038322 98.192318 0.000000 -0.000000 0.035827 
780 3.022690 0.000000 0.038322 98.131809 0.000000 0.000000 0.037015 
781 2.995446 0.000000 0.064088 98.153798 0.000000 -0.000000 0.036583 
782 2.831984 0.000000 0.038322 98.490642 0.000000 -0.000000 0.029959 
783 2.804741 0.000000 0.038322 98.516859 0.000000 -0.000000 0.029443 
784 2.831984 0.000000 0.064088 98.474845 0.000000 -0.000000 0.030270 
785 0.897685 0.000000 0.064088 87.051485 0.000000 -0.456480 0.242183 
786 0.897685 0.000000 0.115618 87.025702 0.000000 -0.492705 0.242628 
787 1.714995 0.000000 -0.193566 96.212316 0.000000 -0.337115 0.074308 
788 1.714995 0.000000 -0.296627 96.211542 0.000000 -0.336874 0.074323 
789 10.323988 0.000000 -4.831323 97.855312 0.000000 19.954815 0.002614 
790 10.323988 0.000000 -6.480304 97.806128 0.000000 20.194909 0.002613 
791 12.067582 0.000000 -4.831323 97.883584 0.000000 20.023639 0.001786 
792 7.708598 0.000000 -2.357852 97.969956 0.000000 18.934757 0.004336 
793 7.708598 0.000000 -3.182343 97.873864 0.000000 19.340836 0.004664 
794 8.580395 0.000000 -2.357852 98.001266 0.000000 19.053227 0.003273 
795 4.657309 0.000000 -0.296627 98.191585 0.000000 14.409087 0.015079 
796 4.657309 0.000000 -0.708872 97.983137 0.000000 15.654324 0.015425 
797 5.093207 0.000000 -0.296627 98.426030 0.000000 14.561228 0.010029 
798 5.529106 0.000000 -0.296627 98.584012 0.000000 14.816890 0.006165 
799 5.529106 0.000000 -0.708872 98.297125 0.000000 16.143095 0.007708 
800 5.965004 0.000000 -0.296627 98.667987 0.000000 15.167295 0.003458 
801 4.657309 0.000000 -1.121117 97.777164 0.000000 16.694783 0.016091 
802 4.657309 0.000000 -1.533362 97.642323 0.000000 17.471121 0.016074 
803 5.093207 0.000000 -1.121117 97.964523 0.000000 16.885169 0.011784 
804 5.529106 0.000000 -1.121117 98.079512 0.000000 17.065108 0.008919 
805 5.529106 0.000000 -1.533362 97.925961 0.000000 17.722296 0.009643 
806 5.965004 0.000000 -1.121117 98.156811 0.000000 17.265101 0.006716 
1 19 21 9 22 
2 20 19 22 4 
3 28 29 3 30 
4 21 28 30 9 
5 35 37 21 38 
6 36 35 38 19 
7 44 45 28 46 
8 37 44 46 21 
9 51 53 37 54 
10 52 51 54 35 
11 60 61 44 62 
12 53 60 62 37 
13 67 69 53 70 
14 68 67 70 51 
15 11 78 76 77 
16 78 10 24 76 
17 76 24 14 79 
18 77 76 79 6 
19 24 82 80 81 
20 82 23 40 80 
21 80 40 27 83 
22 81 80 83 14 
23 40 86 84 85 
24 86 39 56 84 
25 84 56 43 87 
26 85 84 87 27 
27 56 90 88 89 
28 89 88 91 43 
29 92 93 60 94 
30 69 92 94 53 
31 95 97 69 98 
32 96 95 98 67 
33 6 79 112 113 
34 79 14 36 112 
35 112 36 19 114 
36 113 112 114 20 
37 14 83 115 116 
38 83 27 52 115 
39 115 52 35 117 
40 116 115 117 36 
41 27 87 118 119 
42 87 43 68 118 
43 118 68 51 120 
44 119 118 120 52 
45 43 91 121 122 
46 121 96 67 123 
47 122 121 123 68 
48 124 126 95 127 
49 125 124 127 96 
50 88 135 133 134 
51 135 72 100 133 
52 133 100 59 136 
53 134 133 136 91 
54 100 139 137 138 
55 139 99 129 137 
56 137 129 103 140 
57 138 137 140 59 
58 141 142 92 143 
59 97 141 143 69 
60 144 145 97 146 
61 126 144 146 95 
62 147 149 126 150 
63 148 147 150 124 
64 129 153 151 152 
65 153 128 154 151 
66 151 154 132 155 
67 152 151 155 103 
68 12 166 164 165 
69 166 7 167 164 
70 164 167 13 25 
71 165 164 25 10 
72 25 170 168 169 
73 170 13 171 168 
74 168 171 26 41 
75 169 168 41 23 
76 41 174 172 173 
77 174 26 175 172 
78 172 175 42 57 
79 173 172 57 39 
80 57 178 176 177 
81 178 42 179 176 
82 176 179 58 73 
83 177 176 73 55 
84 55 182 180 181 
85 182 73 183 180 
86 180 183 71 101 
87 181 180 101 72 
88 101 186 184 185 
89 186 71 187 184 
90 184 187 102 130 
91 185 184 130 99 
92 130 190 188 189 
93 190 102 191 188 
94 188 191 131 161 
95 189 188 161 128 
96 192 193 144 194 
97 149 192 194 126 
98 161 201 199 200 
99 201 131 202 199 
100 128 206 204 205 
101 206 161 200 204 
102 205 204 207 154 
103 132 163 208 209 
104 163 75 210 208 
105 208 210 149 211 
106 209 208 211 147 
107 212 214 75 215 
108 213 212 215 163 
109 200 218 216 217 
110 218 199 219 216 
111 154 207 221 222 
112 221 213 163 223 
113 222 221 223 132 
114 204 226 224 225 
115 226 200 217 224 
116 224 217 160 227 
117 225 224 227 207 
118 228 230 212 231 
119 229 228 231 213 
120 217 234 232 233 
121 234 216 235 232 
122 233 232 236 160 
123 73 238 237 183 
124 238 58 239 237 
125 237 239 74 109 
126 183 237 109 71 
127 71 241 240 187 
128 241 109 242 240 
129 240 242 108 157 
130 187 240 157 102 
131 102 244 243 191 
132 244 157 245 243 
133 243 245 156 196 
134 191 243 196 131 
135 131 247 246 202 
136 247 196 248 246 
137 246 248 195 249 
138 202 246 249 162 
139 199 251 250 219 
140 251 202 252 250 
141 250 252 162 253 
142 219 250 253 203 
143 216 255 254 235 
144 255 219 256 254 
145 254 256 203 257 
146 235 254 257 220 
147 207 227 258 259 
148 227 160 229 258 
149 258 229 213 260 
150 259 258 260 221 
151 160 236 261 262 
152 236 220 263 261 
153 261 263 228 264 
154 262 261 264 229 
155 232 267 265 266 
156 267 235 268 265 
157 265 268 220 269 
158 266 265 269 236 
159 196 283 282 248 
160 283 156 284 282 
161 282 284 197 285 
162 248 282 285 195 
163 157 287 286 245 
164 287 108 288 286 
165 286 288 158 279 
166 245 286 279 156 
167 156 290 289 284 
168 290 279 291 289 
169 289 291 278 292 
170 284 289 292 197 
171 293 294 141 295 
172 145 293 295 97 
173 296 297 145 298 
174 193 296 298 144 
175 279 304 303 291 
176 304 158 305 303 
177 291 303 306 278 
178 109 308 307 242 
179 308 74 309 307 
180 307 309 110 275 
181 242 307 275 108 
182 108 311 310 288 
183 311 275 312 310 
184 310 312 274 300 
185 288 310 300 158 
186 158 314 313 305 
187 314 300 315 313 
188 159 281 317 318 
189 281 111 319 317 
190 317 319 193 320 
191 318 317 320 192 
192 278 306 321 322 
193 321 323 111 324 
194 322 321 324 281 
195 303 327 325 326 
196 327 305 328 325 
197 325 328 280 329 
198 326 325 329 306 
199 274 335 334 301 
200 335 276 336 334 
201 334 336 5 337 
202 301 334 337 277 
203 300 339 338 315 
204 339 274 340 338 
205 338 340 301 341 
206 111 302 342 319 
207 302 277 343 342 
208 342 343 296 344 
209 319 342 344 193 
210 345 346 302 347 
211 323 345 347 111 
212 313 350 348 349 
213 350 315 351 348 
214 305 354 353 328 
215 354 313 349 353 
216 353 349 316 355 
217 328 353 355 280 
218 341 301 357 356 
219 356 357 277 358 
220 346 356 358 302 
221 359 361 346 362 
222 360 359 362 345 
223 349 365 363 364 
224 365 348 366 363 
225 364 363 367 316 
226 315 369 368 351 
227 369 338 370 368 
228 368 370 341 371 
229 351 368 371 299 
230 348 373 372 366 
231 373 351 374 372 
232 372 374 299 375 
233 366 372 375 352 
234 280 355 376 377 
235 355 316 360 376 
236 376 360 345 378 
237 377 376 378 323 
238 316 367 379 380 
239 367 352 381 379 
240 379 381 359 382 
241 380 379 382 360 
242 363 385 383 384 
243 385 366 386 383 
244 383 386 352 387 
245 384 383 387 367 
246 15 389 388 33 
247 389 17 390 388 
248 388 390 8 391 
249 33 388 391 18 
250 393 33 394 392 
251 392 394 18 395 
252 412 413 293 414 
253 297 412 414 145 
254 330 417 415 416 
255 417 332 418 415 
256 415 418 273 419 
257 416 415 419 333 
258 18 391 420 45 
259 391 8 421 420 
260 420 421 29 422 
261 45 420 422 28 
262 395 18 424 423 
263 423 424 45 425 
264 61 423 425 44 
265 426 427 61 428 
266 93 426 428 60 
267 429 430 93 431 
268 142 429 431 92 
269 432 433 142 434 
270 294 432 434 141 
271 435 436 294 437 
272 413 435 437 293 
273 332 439 438 418 
274 438 440 411 441 
275 418 438 441 273 
276 7 443 442 167 
277 443 16 444 442 
278 442 444 15 32 
279 167 442 32 13 
280 13 446 445 171 
281 446 32 447 445 
282 445 447 31 48 
283 171 445 48 26 
284 26 449 448 175 
285 449 48 450 448 
286 448 450 47 64 
287 175 448 64 42 
288 42 452 451 179 
289 452 64 453 451 
290 451 453 63 105 
291 179 451 105 58 
292 58 455 454 239 
293 455 105 456 454 
294 454 456 104 271 
295 239 454 271 74 
296 271 459 457 458 
297 459 104 460 457 
298 457 460 272 409 
299 458 457 409 270 
300 270 463 461 462 
301 463 409 464 461 
302 461 464 408 439 
303 462 461 439 332 
304 408 470 469 440 
305 470 410 471 469 
306 469 471 107 472 
307 440 469 472 411 
308 439 475 473 474 
309 475 408 476 473 
310 473 476 440 477 
311 474 473 477 438 
312 478 479 432 480 
313 436 478 480 294 
314 410 482 481 471 
315 482 465 483 481 
316 481 483 468 484 
317 471 481 484 107 
318 486 400 487 485 
319 485 487 403 488 
320 488 403 498 497 
321 497 498 429 499 
322 433 497 499 142 
323 501 485 502 500 
324 500 502 488 503 
325 504 505 433 506 
326 479 504 506 432 
327 105 513 512 456 
328 513 63 514 512 
329 512 514 106 405 
330 456 512 405 104 
331 405 517 515 516 
332 517 106 518 515 
333 515 518 406 490 
334 516 515 490 404 
335 490 521 519 520 
336 521 406 522 519 
337 519 522 491 509 
338 520 519 509 489 
339 503 488 524 523 
340 523 524 497 525 
341 505 523 525 433 
342 491 527 526 510 
343 527 500 528 526 
344 526 528 503 529 
345 510 526 529 66 
346 509 532 530 531 
347 532 491 533 530 
348 530 533 510 534 
349 489 540 538 539 
350 540 509 531 538 
351 492 511 542 543 
352 511 66 544 542 
353 542 544 505 545 
354 543 542 545 504 
355 507 534 546 547 
356 534 510 548 546 
357 546 548 66 549 
358 547 546 549 511 
359 531 552 550 551 
360 552 530 553 550 
361 550 553 534 554 
362 551 550 554 507 
363 508 541 555 556 
364 541 507 547 555 
365 555 547 511 557 
366 556 555 557 492 
367 538 560 558 559 
368 560 531 551 558 
369 558 551 507 561 
370 559 558 561 541 
371 404 564 562 563 
372 564 490 520 562 
373 562 520 489 536 
374 563 562 536 467 
375 536 567 565 566 
376 567 489 539 565 
377 565 539 508 568 
378 566 565 568 535 
379 539 571 569 570 
380 571 538 559 569 
381 569 559 541 572 
382 570 569 572 508 
383 467 575 573 574 
384 575 536 566 573 
385 407 537 577 578 
386 537 492 543 577 
387 577 543 504 579 
388 578 577 579 479 
389 580 582 537 583 
390 581 580 583 407 
391 573 586 584 585 
392 586 566 587 584 
393 584 587 535 588 
394 585 584 588 576 
395 104 590 589 460 
396 590 405 516 589 
397 589 516 404 466 
398 460 589 466 272 
399 466 593 591 592 
400 593 404 563 591 
401 591 563 467 494 
402 592 591 494 465 
403 494 596 594 595 
404 596 467 574 594 
405 468 496 598 599 
406 496 407 578 598 
407 598 578 479 600 
408 599 598 600 478 
409 601 581 407 603 
410 602 601 603 496 
411 594 606 604 605 
412 606 574 607 604 
413 604 607 495 608 
414 465 611 609 610 
415 611 494 595 609 
416 609 595 493 612 
417 610 609 612 483 
418 595 615 613 614 
419 615 594 605 613 
420 613 605 597 616 
421 614 613 616 493 
422 597 608 617 618 
423 608 495 619 617 
424 617 619 581 620 
425 618 617 620 601 
426 605 623 621 622 
427 623 604 624 621 
428 621 624 608 625 
429 622 621 625 597 
430 627 399 628 626 
431 626 628 426 629 
432 430 626 629 93 
433 34 631 630 427 
434 631 395 632 630 
435 630 632 423 633 
436 427 630 633 61 
437 399 635 634 628 
438 635 34 636 634 
439 634 636 427 637 
440 628 634 637 426 
441 639 396 640 638 
442 638 640 399 627 
443 50 643 641 642 
444 643 627 644 641 
445 641 644 626 645 
446 642 641 645 430 
447 1 648 646 647 
448 648 12 165 646 
449 646 165 10 78 
450 647 646 78 11 
451 16 650 649 444 
452 650 2 651 649 
453 649 651 17 389 
454 444 649 389 15 
455 10 654 652 653 
456 654 25 169 652 
457 652 169 23 82 
458 653 652 82 24 
459 32 656 655 447 
460 656 15 657 655 
461 655 657 33 393 
462 447 655 393 31 
463 23 660 658 659 
464 660 41 173 658 
465 658 173 39 86 
466 659 658 86 40 
467 48 662 661 450 
468 662 31 663 661 
469 661 663 49 397 
470 450 661 397 47 
471 39 666 664 665 
472 666 57 177 664 
473 664 177 55 90 
474 665 664 90 56 
475 64 668 667 453 
476 668 47 669 667 
477 667 669 65 401 
478 453 667 401 63 
479 90 672 670 671 
480 672 55 181 670 
481 670 181 72 135 
482 671 670 135 88 
483 72 675 673 674 
484 675 101 185 673 
485 673 185 99 139 
486 674 673 139 100 
487 91 136 676 677 
488 136 59 125 676 
489 676 125 96 678 
490 677 676 678 121 
491 59 140 679 680 
492 140 103 148 679 
493 679 148 124 681 
494 680 679 681 125 
495 99 684 682 683 
496 684 130 189 682 
497 682 189 128 153 
498 683 682 153 129 
499 103 155 685 686 
500 155 132 209 685 
501 685 209 147 687 
502 686 685 687 148 
503 75 198 688 210 
504 198 159 318 688 
505 688 318 192 689 
506 210 688 689 149 
507 162 249 690 214 
508 249 195 691 690 
509 690 691 198 692 
510 214 690 692 75 
511 203 253 693 230 
512 253 162 694 693 
513 693 694 214 695 
514 230 693 695 212 
515 220 257 696 263 
516 257 203 697 696 
517 696 697 230 698 
518 263 696 698 228 
519 74 700 699 309 
520 700 271 458 699 
521 699 458 270 331 
522 309 699 331 110 
523 275 702 701 312 
524 702 110 703 701 
525 701 703 276 335 
526 312 701 335 274 
527 197 292 704 705 
528 292 278 322 704 
529 704 322 281 706 
530 705 704 706 159 
531 277 337 707 343 
532 337 5 708 707 
533 707 708 297 709 
534 343 707 709 296 
535 306 329 710 711 
536 329 280 377 710 
537 710 377 323 712 
538 711 710 712 321 
539 331 715 713 714 
540 715 270 462 713 
541 713 462 332 417 
542 714 713 417 330 
543 276 717 716 336 
544 717 330 416 716 
545 716 416 333 718 
546 336 716 718 5 
547 299 371 719 361 
548 371 341 720 719 
549 719 720 356 721 
550 361 719 721 346 
551 352 375 722 381 
552 375 299 723 722 
553 722 723 361 724 
554 381 722 724 359 
555 49 726 725 398 
556 726 392 727 725 
557 725 727 395 631 
558 398 725 631 34 
559 47 729 728 669 
560 729 397 730 728 
561 728 730 396 639 
562 669 728 639 65 
563 396 732 731 640 
564 732 398 733 731 
565 731 733 34 635 
566 640 731 635 399 
567 63 735 734 514 
568 735 401 736 734 
569 734 736 400 486 
570 514 734 486 106 
571 409 738 737 464 
572 738 272 739 737 
573 737 739 410 470 
574 464 737 470 408 
575 5 718 740 708 
576 718 333 741 740 
577 740 741 412 742 
578 708 740 742 297 
579 333 419 743 741 
580 419 273 744 743 
581 743 744 413 745 
582 741 743 745 412 
583 403 747 746 498 
584 747 50 642 746 
585 746 642 430 748 
586 498 746 748 429 
587 273 441 749 744 
588 441 411 750 749 
589 749 750 435 751 
590 744 749 751 413 
591 411 472 752 750 
592 472 107 753 752 
593 752 753 436 754 
594 750 752 754 435 
595 272 756 755 739 
596 756 466 592 755 
597 755 592 465 482 
598 739 755 482 410 
599 107 484 757 753 
600 484 468 599 757 
601 757 599 478 758 
602 753 757 758 436 
603 106 760 759 518 
604 760 486 761 759 
605 759 761 485 501 
606 518 759 501 406 
607 483 612 762 763 
608 612 493 602 762 
609 762 602 496 764 
610 763 762 764 468 
611 406 766 765 522 
612 766 501 767 765 
613 765 767 500 527 
614 522 765 527 491 
615 66 529 768 544 
616 529 503 769 768 
617 768 769 523 770 
618 544 768 770 505 
619 535 568 771 582 
620 568 508 556 771 
621 771 556 492 772 
622 582 771 772 537 
623 574 774 773 607 
624 774 573 585 773 
625 773 585 576 775 
626 607 773 775 495 
627 495 775 776 619 
628 775 576 777 776 
629 776 777 580 778 
630 619 776 778 581 
631 576 588 779 777 
632 588 535 780 779 
633 779 780 582 781 
634 777 779 781 580 
635 493 616 782 783 
636 616 597 618 782 
637 782 618 601 784 
638 783 782 784 602 
639 195 285 785 691 
640 285 197 705 785 
641 785 705 159 786 
642 691 785 786 198 
643 110 788 787 703 
644 788 331 714 787 
645 787 714 330 717 
646 703 787 717 276 
647 31 790 789 663 
648 790 393 791 789 
649 789 791 392 726 
650 663 789 726 49 
651 397 793 792 730 
652 793 49 794 792 
653 792 794 398 732 
654 730 792 732 396 
655 400 796 795 487 
656 796 402 797 795 
657 795 797 50 747 
658 487 795 747 403 
659 402 799 798 797 
660 799 638 800 798 
661 798 800 627 643 
662 797 798 643 50 
663 401 802 801 736 
664 802 65 803 801 
665 801 803 402 796 
666 736 801 796 400 
667 65 805 804 803 
668 805 639 806 804 
669 804 806 638 799 
670 803 804 799 402 
