2 0.000000 100.000000 473.401889
685 568 
1 -33.061252 0.000000 -33.217710 96.100578 0.000000 27.574207 0.000434 
2 39.467710 0.000000 -33.217710 96.123219 0.000000 27.437661 0.000750 
3 39.467710 0.000000 33.341425 96.267561 0.000000 27.139021 -0.000397 
4 -33.061252 0.000000 33.341425 96.166603 0.000000 27.568373 -0.000803 
5 3.203229 0.000000 0.061858 106.489474 0.000000 0.273864 -0.134008 
6 -33.061252 0.000000 0.061858 96.138216 0.000000 27.608132 -0.000477 
7 3.203229 0.000000 -33.217710 96.046068 0.000000 27.482891 0.001984 
8 39.467710 0.000000 0.061858 96.608973 0.000000 25.802222 0.000095 
9 3.203229 0.000000 33.341425 96.263206 0.000000 27.428415 -0.001892 
10 -14.929011 0.000000 -16.577926 96.020562 0.000000 27.605355 0.001800 
11 -33.061252 0.000000 -16.577926 96.105396 0.000000 27.594132 0.000232 
12 -14.929011 0.000000 -33.217710 96.067799 0.000000 27.555341 0.001168 
13 3.203229 0.000000 -16.577926 95.808753 0.000000 27.231145 0.007915 
14 -14.929011 0.000000 0.061858 96.173995 0.000000 27.746859 -0.001933 
15 21.335469 0.000000 -16.577926 96.116587 0.000000 27.077172 0.002843 
16 21.335469 0.000000 -33.217710 96.087700 0.000000 27.429037 0.001480 
17 39.467710 0.000000 -16.577926 96.177341 0.000000 27.232522 0.000831 
18 21.335469 0.000000 0.061858 97.460682 0.000000 22.614263 -0.000999 
19 -14.929011 0.000000 16.701641 96.290016 0.000000 27.581656 -0.003251 
20 -33.061252 0.000000 16.701641 96.167627 0.000000 27.589465 -0.000939 
21 3.203229 0.000000 16.701641 96.654581 0.000000 27.039158 -0.007322 
22 -14.929011 0.000000 33.341425 96.213699 0.000000 27.538031 -0.001542 
23 -5.862891 0.000000 -8.258034 95.676560 0.000000 27.730196 0.007703 
24 -14.929011 0.000000 -8.258034 96.038990 0.000000 27.688012 0.000989 
25 -5.862891 0.000000 -16.577926 95.889426 0.000000 27.526784 0.004749 
26 3.203229 0.000000 -8.258034 94.990858 0.000000 26.387240 0.028045 
27 -5.862891 0.000000 0.061858 96.306431 0.000000 28.275672 -0.007444 
28 21.335469 0.000000 16.701641 96.603326 0.000000 26.134900 -0.001524 
29 39.467710 0.000000 16.701641 97.039554 0.000000 24.410900 -0.001257 
30 21.335469 0.000000 33.341425 96.259127 0.000000 27.285919 -0.001034 
31 12.269349 0.000000 -8.258034 96.094409 0.000000 25.849822 0.009765 
32 12.269349 0.000000 -16.577926 95.991127 0.000000 27.037795 0.005466 
33 21.335469 0.000000 -8.258034 96.318188 0.000000 26.361285 0.002789 
34 12.269349 0.000000 0.061858 99.087255 0.000000 15.850908 -0.006954 
35 -5.862891 0.000000 8.381749 96.778128 0.000000 27.620224 -0.012888 
36 -14.929011 0.000000 8.381749 96.294860 0.000000 27.668455 -0.003824 
37 3.203229 0.000000 8.381749 97.842842 0.000000 25.917535 -0.024494 
38 -5.862891 0.000000 16.701641 96.473046 0.000000 27.460125 -0.006111 
39 -1.329831 0.000000 -4.098088 94.461729 0.000000 28.182846 0.028271 
40 -5.862891 0.000000 -4.098088 95.764732 0.000000 28.040513 0.004285 
41 -1.329831 0.000000 -8.258034 95.214130 0.000000 27.380912 0.018456 
42 3.203229 0.000000 -4.098088 92.666936 0.000000 24.249197 0.082482 
43 -1.329831 0.000000 0.061858 96.509666 0.000000 30.162015 -0.022386 
44 12.269349 0.000000 8.381749 97.351019 0.000000 23.946060 -0.005063 
45 21.335469 0.000000 8.381749 97.692812 0.000000 22.185320 -0.003607 
46 12.269349 0.000000 16.701641 96.596898 0.000000 26.561555 -0.003648 
47 7.736289 0.000000 -4.098088 95.716923 0.000000 22.638663 0.032576 
48 7.736289 0.000000 -8.258034 95.597168 0.000000 25.732276 0.019903 
49 12.269349 0.000000 -4.098088 96.651295 0.000000 23.869190 0.008879 
50 7.736289 0.000000 0.061858 99.375264 0.000000 8.352735 0.005479 
51 -1.329831 0.000000 4.221803 98.350262 0.000000 27.882637 -0.045022 
52 -5.862891 0.000000 4.221803 96.788037 0.000000 27.960405 -0.014971 
53 3.203229 0.000000 4.221803 100.563607 0.000000 23.997280 -0.068891 
54 -1.329831 0.000000 8.381749 97.395365 0.000000 27.183831 -0.022482 
55 0.936699 0.000000 -2.018115 89.640414 0.000000 29.470687 0.109607 
56 -1.329831 0.000000 -2.018115 94.719453 0.000000 29.595957 0.015230 
57 0.936699 0.000000 -4.098088 92.855574 0.000000 27.068234 0.064515 
58 3.203229 0.000000 -2.018115 88.485217 0.000000 19.288313 0.179833 
59 0.936699 0.000000 0.061858 101.826912 0.000000 0.175257 -0.036875 
60 7.736289 0.000000 4.221803 98.483456 0.000000 21.213003 -0.014898 
61 12.269349 0.000000 4.221803 98.201833 0.000000 20.247852 -0.005358 
62 7.736289 0.000000 8.381749 97.551073 0.000000 24.694356 -0.012602 
63 5.469759 0.000000 -2.018115 94.077147 0.000000 17.590668 0.084006 
64 5.469759 0.000000 -4.098088 94.320119 0.000000 22.672897 0.058965 
65 7.736289 0.000000 -2.018115 96.541562 0.000000 18.466233 0.033873 
66 5.469759 0.000000 0.061858 98.690149 0.000000 -0.000000 0.026025 
67 0.936699 0.000000 2.141831 102.698611 0.000000 28.975159 -0.138656 
68 -1.329831 0.000000 2.141831 98.340655 0.000000 29.286966 -0.052861 
69 3.203229 0.000000 2.141831 104.193016 0.000000 22.521417 -0.136340 
70 0.936699 0.000000 4.221803 100.008857 0.000000 26.677311 -0.071345 
71 2.069964 0.000000 -0.978129 100.575240 0.000000 1.381416 -0.011729 
72 0.936699 0.000000 -0.978129 87.541265 0.000000 33.743537 0.119790 
73 2.069964 0.000000 -2.018115 86.601080 0.000000 24.657375 0.189227 
74 3.203229 0.000000 -0.978129 98.004478 0.000000 0.715777 0.039461 
75 2.069964 0.000000 0.061858 131.451788 0.000000 0.426683 -0.727975 
76 -23.995132 0.000000 -8.258034 96.102516 0.000000 27.631597 0.000080 
77 -33.061252 0.000000 -8.258034 96.118504 0.000000 27.604534 -0.000078 
78 -23.995132 0.000000 -16.577926 96.081204 0.000000 27.604371 0.000640 
79 -23.995132 0.000000 0.061858 96.147612 0.000000 27.643601 -0.000853 
80 -10.395951 0.000000 -4.098088 96.023741 0.000000 27.843312 0.000419 
81 -14.929011 0.000000 -4.098088 96.092658 0.000000 27.731698 -0.000285 
82 -10.395951 0.000000 -8.258034 95.939194 0.000000 27.727514 0.002686 
83 -10.395951 0.000000 0.061858 96.212520 0.000000 27.907277 -0.003567 
84 -3.596361 0.000000 -2.018115 95.702910 0.000000 28.652035 0.002001 
85 -5.862891 0.000000 -2.018115 95.980089 0.000000 28.216573 -0.000835 
86 -3.596361 0.000000 -4.098088 95.365207 0.000000 28.200416 0.011021 
87 -3.596361 0.000000 0.061858 96.412194 0.000000 28.832064 -0.012660 
88 -0.196566 0.000000 -0.978129 94.664568 0.000000 32.611776 -0.002491 
89 -1.329831 0.000000 -0.978129 95.632614 0.000000 30.167765 -0.005569 
90 -0.196566 0.000000 -2.018115 93.120167 0.000000 30.211234 0.041592 
91 -0.196566 0.000000 0.061858 98.279120 0.000000 27.425649 -0.041095 
92 5.469759 0.000000 2.141831 100.829138 0.000000 18.971185 -0.052642 
93 7.736289 0.000000 2.141831 100.509738 0.000000 13.385276 -0.028137 
94 5.469759 0.000000 4.221803 99.540488 0.000000 21.975321 -0.039122 
95 2.069964 0.000000 1.101844 110.692915 0.000000 24.221289 -0.283959 
96 0.936699 0.000000 1.101844 104.563722 0.000000 32.480227 -0.198854 
97 3.203229 0.000000 1.101844 108.747784 0.000000 13.020429 -0.199561 
98 2.069964 0.000000 2.141831 104.845693 0.000000 25.993436 -0.166828 
99 1.503331 0.000000 -0.458136 101.016364 0.000000 1.565932 -0.020676 
100 0.936699 0.000000 -0.458136 101.208185 0.000000 1.781966 -0.024627 
101 1.503331 0.000000 -0.978129 101.142394 0.000000 1.629687 -0.023244 
102 2.069964 0.000000 -0.458136 100.456196 0.000000 1.349037 -0.009327 
103 1.503331 0.000000 0.061858 115.892342 0.000000 0.360744 -0.343117 
104 4.336494 0.000000 -0.978129 97.371856 0.000000 0.687174 0.051825 
105 4.336494 0.000000 -2.018115 91.942484 0.000000 17.580481 0.123751 
106 5.469759 0.000000 -0.978129 94.266297 0.000000 12.854349 0.094863 
107 4.336494 0.000000 0.061858 99.014274 0.000000 0.142707 0.019615 
108 2.636596 0.000000 -0.458136 99.391406 0.000000 1.018471 0.012031 
109 2.636596 0.000000 -0.978129 99.827601 0.000000 1.162088 0.003310 
110 3.203229 0.000000 -0.458136 98.318115 0.000000 0.775417 0.033295 
111 2.636596 0.000000 0.061858 114.546358 0.000000 0.402555 -0.312103 
112 -23.995132 0.000000 8.381749 96.189687 0.000000 27.625280 -0.001561 
113 -33.061252 0.000000 8.381749 96.156957 0.000000 27.601804 -0.000802 
114 -23.995132 0.000000 16.701641 96.204304 0.000000 27.594641 -0.001673 
115 -10.395951 0.000000 4.221803 96.391842 0.000000 27.830582 -0.006593 
116 -14.929011 0.000000 4.221803 96.251347 0.000000 27.720248 -0.003273 
117 -10.395951 0.000000 8.381749 96.440594 0.000000 27.687118 -0.006736 
118 -3.596361 0.000000 2.141831 97.070783 0.000000 28.541064 -0.023733 
119 -5.862891 0.000000 2.141831 96.614684 0.000000 28.167093 -0.012778 
120 -3.596361 0.000000 4.221803 97.305757 0.000000 28.047306 -0.025506 
121 -0.196566 0.000000 1.101844 98.829345 0.000000 32.247832 -0.080716 
122 -1.329831 0.000000 1.101844 97.533532 0.000000 30.049494 -0.041576 
123 -0.196566 0.000000 2.141831 99.935433 0.000000 29.659356 -0.086677 
124 1.503331 0.000000 0.581851 101.142412 0.000000 1.629704 -0.023244 
125 0.936699 0.000000 0.581851 108.970220 0.000000 23.855325 -0.244359 
126 2.069964 0.000000 0.581851 100.574960 0.000000 1.381171 -0.011723 
127 1.503331 0.000000 1.101844 108.170968 0.000000 29.584254 -0.257619 
128 1.786648 0.000000 -0.198139 120.415812 0.000000 0.825660 -0.450065 
129 1.503331 0.000000 -0.198139 106.009798 0.000000 0.779704 -0.123869 
130 1.786648 0.000000 -0.458136 100.679333 0.000000 1.432886 -0.013838 
131 2.069964 0.000000 -0.198139 109.016355 0.000000 1.133900 -0.188585 
132 1.786648 0.000000 0.061858 131.358095 0.000000 0.350151 -0.725507 
133 4.336494 0.000000 1.101844 104.366655 0.000000 9.793913 -0.098832 
134 5.469759 0.000000 1.101844 102.980722 0.000000 9.001962 -0.068606 
135 4.336494 0.000000 2.141831 102.122957 0.000000 20.677643 -0.085666 
136 2.636596 0.000000 0.581851 99.824670 0.000000 1.160988 0.003369 
137 3.203229 0.000000 0.581851 98.002819 0.000000 0.715577 0.039494 
138 2.636596 0.000000 1.101844 110.700473 0.000000 17.932392 -0.257617 
139 2.353280 0.000000 -0.198139 108.259808 0.000000 0.831813 -0.172088 
140 2.353280 0.000000 -0.458136 100.019768 0.000000 1.215315 -0.000543 
141 2.636596 0.000000 -0.198139 104.863768 0.000000 0.711869 -0.099692 
142 2.353280 0.000000 0.061858 121.523770 0.000000 0.442806 -0.476822 
143 3.769862 0.000000 -0.458136 97.611439 0.000000 0.679158 0.047155 
144 3.769862 0.000000 -0.978129 97.544158 0.000000 0.674824 0.048468 
145 4.336494 0.000000 -0.458136 97.455071 0.000000 0.677822 0.050205 
146 3.769862 0.000000 0.061858 101.342735 0.000000 0.197194 -0.027039 
147 3.769862 0.000000 0.581851 97.543483 0.000000 0.674862 0.048481 
148 4.336494 0.000000 0.581851 97.371768 0.000000 0.687199 0.051827 
149 3.769862 0.000000 1.101844 106.391754 0.000000 10.215869 -0.142357 
150 3.486545 0.000000 -0.198139 99.783765 0.000000 0.516984 0.004293 
151 3.203229 0.000000 -0.198139 101.204039 0.000000 0.537964 -0.024255 
152 3.486545 0.000000 -0.458136 97.891875 0.000000 0.705955 0.041668 
153 3.769862 0.000000 -0.198139 98.892251 0.000000 0.522840 0.022005 
154 3.486545 0.000000 0.061858 103.760337 0.000000 0.245690 -0.076627 
155 30.401590 0.000000 -8.258034 96.304570 0.000000 26.700486 0.001251 
156 30.401590 0.000000 -16.577926 96.164887 0.000000 27.160746 0.001461 
157 39.467710 0.000000 -8.258034 96.275486 0.000000 26.914465 0.000664 
158 30.401590 0.000000 0.061858 96.881873 0.000000 24.794405 -0.000086 
159 16.802409 0.000000 -4.098088 96.680750 0.000000 24.760055 0.003977 
160 16.802409 0.000000 -8.258034 96.254842 0.000000 26.094494 0.005408 
161 21.335469 0.000000 -4.098088 96.619239 0.000000 25.388274 0.002016 
162 16.802409 0.000000 0.061858 98.053749 0.000000 20.363172 -0.002920 
163 10.002819 0.000000 -2.018115 97.397053 0.000000 20.267669 0.010304 
164 10.002819 0.000000 -4.098088 96.412424 0.000000 23.238100 0.016464 
165 12.269349 0.000000 -2.018115 97.398414 0.000000 21.660078 0.004439 
166 10.002819 0.000000 0.061858 100.222951 0.000000 11.949327 -0.018743 
167 6.603024 0.000000 -0.978129 96.192904 0.000000 12.774563 0.058374 
168 6.603024 0.000000 -2.018115 95.493340 0.000000 17.807596 0.056391 
169 7.736289 0.000000 -0.978129 97.665779 0.000000 14.304200 0.025679 
170 6.603024 0.000000 0.061858 98.825372 0.000000 -0.000000 0.023355 
171 4.903127 0.000000 -0.458136 97.306345 0.000000 0.706315 0.053098 
172 4.903127 0.000000 -0.978129 93.919093 0.000000 12.381129 0.102591 
173 5.469759 0.000000 -0.458136 94.122381 0.000000 9.002573 0.105993 
174 4.903127 0.000000 0.061858 98.682858 0.000000 0.039228 0.026169 
175 4.053178 0.000000 -0.198139 98.792600 0.000000 0.361824 0.023989 
176 4.053178 0.000000 -0.458136 97.518025 0.000000 0.676751 0.048978 
177 4.336494 0.000000 -0.198139 98.343628 0.000000 0.317803 0.032843 
178 4.053178 0.000000 0.061858 100.061952 0.000000 0.147084 -0.001242 
179 30.401590 0.000000 8.381749 100.097735 0.000000 13.714733 -0.020765 
180 39.467710 0.000000 8.381749 100.192213 0.000000 13.367976 -0.021718 
181 30.401590 0.000000 16.701641 96.744407 0.000000 25.495690 -0.000951 
182 16.802409 0.000000 4.221803 99.698007 0.000000 15.054025 -0.016632 
183 21.335469 0.000000 4.221803 101.607655 0.000000 8.375135 -0.039426 
184 16.802409 0.000000 8.381749 97.481247 0.000000 23.104534 -0.003641 
185 10.002819 0.000000 2.141831 100.135973 0.000000 12.519147 -0.018394 
186 12.269349 0.000000 2.141831 99.614692 0.000000 14.655767 -0.013788 
187 10.002819 0.000000 4.221803 97.956293 0.000000 21.305215 -0.004935 
188 6.603024 0.000000 1.101844 101.297971 0.000000 9.326337 -0.034826 
189 7.736289 0.000000 1.101844 99.573499 0.000000 13.421796 -0.009503 
190 6.603024 0.000000 2.141831 100.581452 0.000000 15.788480 -0.036590 
191 4.903127 0.000000 0.581851 101.961552 0.000000 8.851249 -0.047450 
192 5.469759 0.000000 0.581851 102.314094 0.000000 9.809961 -0.056441 
193 4.903127 0.000000 1.101844 103.589025 0.000000 8.242039 -0.079862 
194 4.619810 0.000000 -0.198139 98.477159 0.000000 0.199323 0.030221 
195 4.619810 0.000000 -0.458136 97.370165 0.000000 0.687641 0.051858 
196 4.903127 0.000000 -0.198139 98.559471 0.000000 0.090322 0.028602 
197 4.619810 0.000000 0.061858 98.738554 0.000000 0.095477 0.025069 
198 6.036392 0.000000 -0.458136 94.693537 0.000000 7.888503 0.097091 
199 6.036392 0.000000 -0.978129 94.950405 0.000000 12.611915 0.082536 
200 6.603024 0.000000 -0.458136 97.380225 0.000000 8.832476 0.043908 
201 6.036392 0.000000 0.061858 98.750310 0.000000 0.000000 0.024838 
202 8.869554 0.000000 -0.978129 98.238339 0.000000 15.836549 0.009843 
203 8.869554 0.000000 -2.018115 97.127993 0.000000 19.352259 0.019164 
204 10.002819 0.000000 -0.978129 98.397577 0.000000 17.390975 0.001547 
205 8.869554 0.000000 0.061858 99.910169 0.000000 9.728606 -0.007669 
206 7.169657 0.000000 -0.458136 98.063131 0.000000 10.121701 0.028117 
207 7.169657 0.000000 -0.978129 97.095616 0.000000 13.461112 0.039124 
208 7.736289 0.000000 -0.458136 98.516289 0.000000 11.219184 0.016867 
209 7.169657 0.000000 0.061858 99.161910 0.000000 7.591410 0.010929 
210 6.036392 0.000000 0.581851 101.804910 0.000000 8.802455 -0.044172 
211 6.603024 0.000000 0.581851 100.148852 0.000000 8.919121 -0.010934 
212 6.036392 0.000000 1.101844 102.287882 0.000000 8.929046 -0.054254 
213 6.319708 0.000000 -0.198139 98.806495 0.000000 -0.000000 0.023728 
214 6.036392 0.000000 -0.198139 98.747163 0.000000 0.000000 0.024900 
215 6.319708 0.000000 -0.458136 96.270135 0.000000 7.968355 0.066857 
216 6.603024 0.000000 -0.198139 98.829957 0.000000 -0.000000 0.023264 
217 6.319708 0.000000 0.061858 98.805205 0.000000 -0.000000 0.023753 
218 8.869554 0.000000 1.101844 99.663030 0.000000 12.747377 -0.009522 
219 10.002819 0.000000 1.101844 100.847286 0.000000 9.589954 -0.026214 
220 8.869554 0.000000 2.141831 100.511196 0.000000 12.001661 -0.024654 
221 7.169657 0.000000 0.581851 99.805608 0.000000 8.706570 -0.003696 
222 7.736289 0.000000 0.581851 99.846095 0.000000 7.856630 -0.003097 
223 7.169657 0.000000 1.101844 100.183727 0.000000 11.925132 -0.017899 
224 6.886340 0.000000 -0.198139 98.538817 0.000000 8.151084 0.022366 
225 6.886340 0.000000 -0.458136 97.781434 0.000000 9.583391 0.034695 
226 7.169657 0.000000 -0.198139 98.651549 0.000000 8.609713 0.019374 
227 6.886340 0.000000 0.061858 99.030618 0.000000 7.339178 0.013907 
228 6.319708 0.000000 0.321854 108.594081 0.000000 -88.326731 -0.959429 
229 6.036392 0.000000 0.321854 113.171900 0.000000 -174.725149 -3.333676 
230 6.603024 0.000000 0.321854 100.652088 0.000000 -14.688614 -0.034660 
231 6.319708 0.000000 0.581851 100.779426 0.000000 8.695735 -0.023211 
232 6.461366 0.000000 -0.068141 98.817763 0.000000 -0.000000 0.023505 
233 6.319708 0.000000 -0.068141 98.805183 0.000000 -0.000000 0.023754 
234 6.461366 0.000000 -0.198139 98.821155 0.000000 -0.000000 0.023438 
235 6.603024 0.000000 -0.068141 98.825366 0.000000 -0.000000 0.023355 
236 6.461366 0.000000 0.061858 98.817793 0.000000 -0.000000 0.023504 
237 12.269349 0.000000 -24.897818 96.028892 0.000000 27.341074 0.003092 
238 3.203229 0.000000 -24.897818 95.984485 0.000000 27.419425 0.003515 
239 12.269349 0.000000 -33.217710 96.062438 0.000000 27.445973 0.001873 
240 21.335469 0.000000 -24.897818 96.085631 0.000000 27.324013 0.002095 
241 7.736289 0.000000 -12.417980 95.735475 0.000000 26.695179 0.012209 
242 3.203229 0.000000 -12.417980 95.583208 0.000000 26.975682 0.013616 
243 7.736289 0.000000 -16.577926 95.892283 0.000000 27.092568 0.007066 
244 12.269349 0.000000 -12.417980 95.975256 0.000000 26.639838 0.007907 
245 5.469759 0.000000 -6.178061 94.864177 0.000000 24.858995 0.038282 
246 3.203229 0.000000 -6.178061 94.270587 0.000000 25.682353 0.045347 
247 5.469759 0.000000 -8.258034 95.247734 0.000000 25.934845 0.025525 
248 7.736289 0.000000 -6.178061 95.552840 0.000000 24.648784 0.026209 
249 4.336494 0.000000 -3.058102 92.628987 0.000000 21.162106 0.097204 
250 3.203229 0.000000 -3.058102 91.077870 0.000000 22.665932 0.119108 
251 4.336494 0.000000 -4.098088 93.431132 0.000000 23.193271 0.073270 
252 5.469759 0.000000 -3.058102 94.051906 0.000000 20.648599 0.072787 
253 3.769862 0.000000 -1.498122 89.743355 0.000000 14.838173 0.172596 
254 3.203229 0.000000 -1.498122 86.803998 0.000000 15.965655 0.221016 
255 3.769862 0.000000 -2.018115 90.309996 0.000000 18.050418 0.151829 
256 4.336494 0.000000 -1.498122 91.968746 0.000000 14.850246 0.132122 
257 4.053178 0.000000 -0.718132 97.525953 0.000000 0.676180 0.048823 
258 3.769862 0.000000 -0.718132 97.624019 0.000000 0.679145 0.046909 
259 4.053178 0.000000 -0.978129 97.465739 0.000000 0.676326 0.049997 
260 4.336494 0.000000 -0.718132 97.408855 0.000000 0.681318 0.051105 
261 3.911520 0.000000 -0.328137 97.595782 0.000000 0.679818 0.047460 
262 3.769862 0.000000 -0.328137 97.607041 0.000000 0.679179 0.047240 
263 3.911520 0.000000 -0.458136 97.600418 0.000000 0.679735 0.047370 
264 4.053178 0.000000 -0.328137 97.515326 0.000000 0.676956 0.049030 
265 3.911520 0.000000 -0.198139 99.357794 0.000000 0.402277 0.012787 
266 3.486545 0.000000 -0.718132 97.773766 0.000000 0.689750 0.043981 
267 3.203229 0.000000 -0.718132 98.172912 0.000000 0.744377 0.036153 
268 3.486545 0.000000 -0.978129 97.660714 0.000000 0.678750 0.046192 
269 3.628203 0.000000 -0.328137 97.576142 0.000000 0.670434 0.047845 
270 3.486545 0.000000 -0.328137 97.725347 0.000000 0.671389 0.044931 
271 3.628203 0.000000 -0.458136 97.731385 0.000000 0.688255 0.044810 
272 3.628203 0.000000 -0.198139 99.170256 0.000000 0.524293 0.016499 
273 4.053178 0.000000 0.321854 98.288601 0.000000 0.490281 0.033911 
274 3.769862 0.000000 0.321854 99.059301 0.000000 0.516501 0.018699 
275 4.336494 0.000000 0.321854 97.408655 0.000000 0.681359 0.051109 
276 4.053178 0.000000 0.581851 97.465325 0.000000 0.676380 0.050005 
277 3.911520 0.000000 -0.068141 100.607172 0.000000 0.201876 -0.012184 
278 3.769862 0.000000 -0.068141 101.227079 0.000000 0.209538 -0.024697 
279 4.053178 0.000000 -0.068141 100.028817 0.000000 0.157137 -0.000579 
280 3.911520 0.000000 0.061858 100.655873 0.000000 0.194220 -0.013164 
281 3.840691 0.000000 -0.263138 97.561757 0.000000 0.678152 0.048124 
282 3.769862 0.000000 -0.263138 97.733450 0.000000 0.650928 0.044775 
283 3.840691 0.000000 -0.328137 97.600620 0.000000 0.679518 0.047366 
284 3.911520 0.000000 -0.263138 99.175652 0.000000 0.431838 0.016400 
285 3.840691 0.000000 -0.198139 100.024199 0.000000 0.348871 -0.000496 
286 3.486545 0.000000 0.321854 97.772137 0.000000 0.689650 0.044013 
287 3.203229 0.000000 0.321854 98.170377 0.000000 0.743994 0.036202 
288 3.486545 0.000000 0.581851 97.659873 0.000000 0.678733 0.046209 
289 3.628203 0.000000 -0.068141 102.977565 0.000000 0.225535 -0.060443 
290 3.486545 0.000000 -0.068141 103.614056 0.000000 0.255827 -0.073594 
291 3.628203 0.000000 0.061858 103.072994 0.000000 0.216849 -0.062409 
292 3.699032 0.000000 -0.263138 97.859962 0.000000 0.635725 0.042302 
293 3.628203 0.000000 -0.263138 97.754430 0.000000 0.639032 0.044366 
294 3.699032 0.000000 -0.328137 97.592733 0.000000 0.677741 0.047520 
295 3.699032 0.000000 -0.198139 98.517579 0.000000 0.565158 0.029397 
296 3.840691 0.000000 -0.133140 100.602332 0.000000 0.258233 -0.012090 
297 3.769862 0.000000 -0.133140 100.479380 0.000000 0.308651 -0.009620 
298 3.911520 0.000000 -0.133140 100.435101 0.000000 0.230197 -0.008726 
299 3.840691 0.000000 -0.068141 100.830460 0.000000 0.204646 -0.016682 
300 3.805276 0.000000 -0.230639 97.921701 0.000000 0.631275 0.041094 
301 3.769862 0.000000 -0.230639 98.057038 0.000000 0.614788 0.038444 
302 3.805276 0.000000 -0.263138 97.594069 0.000000 0.667937 0.047495 
303 3.840691 0.000000 -0.230639 97.736789 0.000000 0.645207 0.044710 
304 3.805276 0.000000 -0.198139 98.823072 0.000000 0.507420 0.023374 
305 2.919913 0.000000 -0.198139 101.479743 0.000000 0.693049 -0.029862 
306 2.919913 0.000000 -0.458136 98.862637 0.000000 0.918408 0.022534 
307 2.919913 0.000000 0.061858 109.400111 0.000000 0.388310 -0.196854 
308 3.344887 0.000000 -0.328137 97.921467 0.000000 0.684582 0.041092 
309 3.203229 0.000000 -0.328137 98.081202 0.000000 0.707501 0.037958 
310 3.344887 0.000000 -0.458136 98.090112 0.000000 0.734621 0.037779 
311 3.344887 0.000000 -0.198139 100.478890 0.000000 0.526705 -0.009628 
312 -5.862891 0.000000 -24.897818 95.999198 0.000000 27.515813 0.002703 
313 -14.929011 0.000000 -24.897818 96.044694 0.000000 27.567714 0.001544 
314 -5.862891 0.000000 -33.217710 96.049906 0.000000 27.525452 0.001676 
315 -1.329831 0.000000 -12.417980 95.606777 0.000000 27.357271 0.011092 
316 -5.862891 0.000000 -12.417980 95.778413 0.000000 27.580555 0.006581 
317 -1.329831 0.000000 -16.577926 95.823370 0.000000 27.404276 0.006689 
318 0.936699 0.000000 -6.178061 94.300102 0.000000 26.831424 0.038757 
319 -1.329831 0.000000 -6.178061 94.843422 0.000000 27.582946 0.024391 
320 0.936699 0.000000 -8.258034 94.984987 0.000000 26.952509 0.025141 
321 2.069964 0.000000 -3.058102 90.507295 0.000000 25.296026 0.116854 
322 0.936699 0.000000 -3.058102 91.623423 0.000000 27.650217 0.084061 
323 2.069964 0.000000 -4.098088 92.402293 0.000000 25.705623 0.080104 
324 2.636596 0.000000 -1.498122 83.887202 0.000000 18.903467 0.260560 
325 2.069964 0.000000 -1.498122 82.692250 0.000000 23.942284 0.258876 
326 2.636596 0.000000 -2.018115 87.003070 0.000000 21.578709 0.196483 
327 2.353280 0.000000 -0.718132 100.140306 0.000000 1.246546 -0.002963 
328 2.069964 0.000000 -0.718132 100.421473 0.000000 1.337636 -0.008626 
329 2.353280 0.000000 -0.978129 100.303462 0.000000 1.291702 -0.006245 
330 2.636596 0.000000 -0.718132 99.673945 0.000000 1.123849 0.006384 
331 2.494938 0.000000 -0.328137 99.683376 0.000000 1.033906 0.006216 
332 2.353280 0.000000 -0.328137 100.064550 0.000000 1.104212 -0.001413 
333 2.494938 0.000000 -0.458136 99.729738 0.000000 1.088594 0.005279 
334 2.636596 0.000000 -0.328137 99.294485 0.000000 0.948640 0.013971 
335 2.494938 0.000000 -0.198139 104.646829 0.000000 0.810147 -0.095162 
336 1.503331 0.000000 -1.498122 84.843633 0.000000 28.919911 0.196520 
337 0.936699 0.000000 -1.498122 88.453760 0.000000 31.347139 0.119329 
338 1.503331 0.000000 -2.018115 87.682445 0.000000 27.598498 0.155011 
339 1.786648 0.000000 -0.718132 100.826633 0.000000 1.478209 -0.016820 
340 1.503331 0.000000 -0.718132 101.009669 0.000000 1.558606 -0.020538 
341 1.786648 0.000000 -0.978129 100.995190 0.000000 1.542382 -0.020241 
342 1.928306 0.000000 -0.328137 100.513978 0.000000 1.376852 -0.010496 
343 1.786648 0.000000 -0.328137 100.689244 0.000000 1.437768 -0.014039 
344 1.928306 0.000000 -0.458136 100.656544 0.000000 1.418041 -0.013375 
345 2.069964 0.000000 -0.328137 100.934269 0.000000 1.381608 -0.018964 
346 1.928306 0.000000 -0.198139 110.543310 0.000000 1.229566 -0.222134 
347 2.211622 0.000000 -0.328137 100.518195 0.000000 1.230167 -0.010542 
348 2.211622 0.000000 -0.458136 100.243803 0.000000 1.281225 -0.005046 
349 2.211622 0.000000 -0.198139 110.155109 0.000000 0.932130 -0.213502 
350 1.786648 0.000000 0.321854 113.035829 0.000000 1.088818 -0.277828 
351 1.503331 0.000000 0.321854 104.379284 0.000000 1.081637 -0.089620 
352 2.069964 0.000000 0.321854 110.359052 0.000000 1.041298 -0.218020 
353 1.786648 0.000000 0.581851 100.808743 0.000000 1.468022 -0.016456 
354 1.928306 0.000000 -0.068141 131.477879 0.000000 0.444807 -0.728663 
355 1.786648 0.000000 -0.068141 130.469798 0.000000 0.376003 -0.702251 
356 2.069964 0.000000 -0.068141 130.659113 0.000000 0.451973 -0.707201 
357 1.928306 0.000000 0.061858 132.707320 0.000000 0.421337 -0.761141 
358 1.999135 0.000000 -0.263138 103.025031 0.000000 1.405775 -0.061613 
359 1.928306 0.000000 -0.263138 104.885002 0.000000 1.484444 -0.100307 
360 1.999135 0.000000 -0.328137 100.978724 0.000000 1.433943 -0.019876 
361 2.069964 0.000000 -0.263138 104.477643 0.000000 1.278435 -0.091721 
362 1.999135 0.000000 -0.198139 112.557161 0.000000 1.077533 -0.267028 
363 0.370066 0.000000 -0.458136 91.095130 0.000000 34.195554 0.053234 
364 -0.196566 0.000000 -0.458136 97.542199 0.000000 32.841623 -0.059305 
365 0.370066 0.000000 -0.978129 91.769034 0.000000 33.940178 0.042651 
366 0.370066 0.000000 0.061858 101.037388 0.000000 -0.000000 -0.020855 
367 1.220015 0.000000 -0.198139 104.021814 0.000000 0.577623 -0.082087 
368 0.936699 0.000000 -0.198139 101.874921 0.000000 0.352951 -0.037862 
369 1.220015 0.000000 -0.458136 101.143560 0.000000 1.639516 -0.023271 
370 1.220015 0.000000 0.061858 105.266254 0.000000 0.270318 -0.108106 
371 1.644990 0.000000 -0.328137 100.858723 0.000000 1.500687 -0.017473 
372 1.503331 0.000000 -0.328137 103.699814 0.000000 1.121195 -0.075491 
373 1.644990 0.000000 -0.458136 100.853106 0.000000 1.496928 -0.017359 
374 1.644990 0.000000 -0.198139 117.888929 0.000000 0.627315 -0.389819 
375 1.857477 0.000000 -0.263138 102.994413 0.000000 1.684496 -0.061069 
376 1.786648 0.000000 -0.263138 112.349471 0.000000 1.078130 -0.262357 
377 1.857477 0.000000 -0.328137 100.679592 0.000000 1.430934 -0.013843 
378 1.857477 0.000000 -0.198139 115.260440 0.000000 1.081109 -0.328614 
379 1.644990 0.000000 -0.068141 122.544538 0.000000 0.405314 -0.501733 
380 1.503331 0.000000 -0.068141 115.441343 0.000000 0.390049 -0.332686 
381 1.644990 0.000000 0.061858 122.866106 0.000000 0.389030 -0.509623 
382 1.715819 0.000000 -0.263138 112.360798 0.000000 1.081702 -0.262612 
383 1.644990 0.000000 -0.263138 112.542105 0.000000 0.907076 -0.266655 
384 1.715819 0.000000 -0.328137 100.695630 0.000000 1.442808 -0.014169 
385 1.715819 0.000000 -0.198139 119.154116 0.000000 0.718541 -0.419822 
386 1.857477 0.000000 -0.133140 129.050183 0.000000 0.544671 -0.665425 
387 1.786648 0.000000 -0.133140 123.950327 0.000000 0.715928 -0.536420 
388 1.928306 0.000000 -0.133140 129.462591 0.000000 0.505716 -0.676082 
389 1.857477 0.000000 -0.068141 131.870820 0.000000 0.457679 -0.739012 
390 1.822062 0.000000 -0.230639 104.593199 0.000000 1.666839 -0.094252 
391 1.786648 0.000000 -0.230639 119.076303 0.000000 0.867146 -0.417992 
392 1.822062 0.000000 -0.263138 102.579470 0.000000 1.757579 -0.052564 
393 1.857477 0.000000 -0.230639 105.235342 0.000000 1.583587 -0.107699 
394 1.822062 0.000000 -0.198139 120.096826 0.000000 0.833629 -0.442394 
395 5.753075 0.000000 -0.198139 98.697088 0.000000 0.000000 0.025888 
396 5.469759 0.000000 -0.198139 98.686965 0.000000 -0.000000 0.026088 
397 5.753075 0.000000 -0.458136 93.797354 0.000000 8.491522 0.112995 
398 5.753075 0.000000 0.061858 98.701455 0.000000 -0.000000 0.025802 
399 6.178050 0.000000 -0.068141 98.783035 0.000000 -0.000000 0.024191 
400 6.036392 0.000000 -0.068141 98.750203 0.000000 0.000000 0.024840 
401 6.178050 0.000000 -0.198139 98.779784 0.000000 0.000000 0.024255 
402 6.178050 0.000000 0.061858 98.782884 0.000000 -0.000000 0.024194 
403 6.886340 0.000000 0.321854 100.065619 0.000000 -1.666154 -0.001590 
404 7.169657 0.000000 0.321854 99.831957 0.000000 2.706488 0.002626 
405 6.886340 0.000000 0.581851 99.895250 0.000000 8.921942 -0.005866 
406 6.461366 0.000000 0.191856 98.821167 0.000000 -0.000000 0.023438 
407 6.319708 0.000000 0.191856 98.806503 0.000000 -0.000000 0.023728 
408 6.603024 0.000000 0.191856 98.826035 0.000000 -0.000000 0.023341 
409 6.461366 0.000000 0.321854 103.212726 0.000000 -35.122173 -0.188643 
410 6.390537 0.000000 -0.003142 98.815880 0.000000 0.000000 0.023542 
411 6.319708 0.000000 -0.003142 98.805601 0.000000 0.000000 0.023745 
412 6.390537 0.000000 -0.068141 98.812243 0.000000 -0.000000 0.023614 
413 6.461366 0.000000 -0.003142 98.835598 0.000000 -0.000000 0.023152 
414 6.390537 0.000000 0.061858 98.812279 0.000000 -0.000000 0.023613 
415 6.744682 0.000000 -0.068141 98.964691 0.000000 7.987073 0.014220 
416 6.744682 0.000000 -0.198139 98.703232 0.000000 8.034058 0.019313 
417 6.886340 0.000000 -0.068141 98.826075 0.000000 7.696609 0.017417 
418 6.744682 0.000000 0.061858 98.810299 0.000000 7.677970 0.017757 
419 6.532195 0.000000 -0.003142 98.829082 0.000000 -0.000000 0.023281 
420 6.532195 0.000000 -0.068141 98.821843 0.000000 -0.000000 0.023424 
421 6.603024 0.000000 -0.003142 98.825398 0.000000 -0.000000 0.023354 
422 6.532195 0.000000 0.061858 98.821858 0.000000 -0.000000 0.023424 
423 5.753075 0.000000 0.321854 107.520501 0.000000 -82.175623 -0.831349 
424 5.469759 0.000000 0.321854 104.479785 0.000000 -38.976074 -0.243516 
425 5.753075 0.000000 0.581851 102.441428 0.000000 9.378391 -0.058220 
426 6.178050 0.000000 0.191856 98.779779 0.000000 0.000000 0.024256 
427 6.036392 0.000000 0.191856 98.747167 0.000000 0.000000 0.024900 
428 6.178050 0.000000 0.321854 113.449421 0.000000 -162.799289 -2.937438 
429 6.390537 0.000000 0.126857 98.811845 0.000000 -0.000000 0.023622 
430 6.319708 0.000000 0.126857 98.804919 0.000000 -0.000000 0.023759 
431 6.461366 0.000000 0.126857 98.817434 0.000000 -0.000000 0.023511 
432 6.390537 0.000000 0.191856 98.816338 0.000000 -0.000000 0.023533 
433 6.425951 0.000000 0.029358 98.824991 0.000000 -0.000000 0.023362 
434 6.390537 0.000000 0.029358 98.814451 0.000000 0.000000 0.023570 
435 6.425951 0.000000 -0.003142 98.829897 0.000000 -0.000000 0.023265 
436 6.461366 0.000000 0.029358 98.834206 0.000000 -0.000000 0.023180 
437 6.425951 0.000000 0.061858 98.813178 0.000000 -0.000000 0.023596 
438 6.603024 0.000000 -3.058102 95.190452 0.000000 20.681642 0.051105 
439 6.603024 0.000000 -4.098088 95.067968 0.000000 22.507457 0.045550 
440 7.736289 0.000000 -3.058102 95.965868 0.000000 20.973892 0.035065 
441 6.036392 0.000000 -1.498122 94.910238 0.000000 15.527875 0.075093 
442 5.469759 0.000000 -1.498122 94.192408 0.000000 15.495755 0.088767 
443 6.036392 0.000000 -2.018115 94.812907 0.000000 17.641013 0.069931 
444 6.603024 0.000000 -1.498122 95.757446 0.000000 15.696579 0.058413 
445 6.319708 0.000000 -0.718132 95.749387 0.000000 10.555271 0.072064 
446 6.036392 0.000000 -0.718132 94.839872 0.000000 10.584207 0.089337 
447 6.319708 0.000000 -0.978129 95.564441 0.000000 12.574277 0.070933 
448 6.603024 0.000000 -0.718132 96.572984 0.000000 10.883335 0.055521 
449 6.461366 0.000000 -0.328137 97.925416 0.000000 7.087392 0.036038 
450 6.319708 0.000000 -0.328137 96.943998 0.000000 6.317144 0.056196 
451 6.461366 0.000000 -0.458136 96.957204 0.000000 8.345384 0.052966 
452 6.603024 0.000000 -0.328137 98.211443 0.000000 7.974690 0.029092 
453 6.390537 0.000000 -0.133140 98.811800 0.000000 -0.000000 0.023623 
454 6.319708 0.000000 -0.133140 98.804888 0.000000 -0.000000 0.023759 
455 6.390537 0.000000 -0.198139 98.816327 0.000000 -0.000000 0.023533 
456 6.461366 0.000000 -0.133140 98.817398 0.000000 -0.000000 0.023512 
457 6.425951 0.000000 -0.035641 98.813338 0.000000 -0.000000 0.023592 
458 6.390537 0.000000 -0.035641 98.814242 0.000000 -0.000000 0.023575 
459 6.425951 0.000000 -0.068141 98.813131 0.000000 -0.000000 0.023597 
460 6.461366 0.000000 -0.035641 98.833774 0.000000 -0.000000 0.023189 
461 6.744682 0.000000 0.191856 99.000460 0.000000 6.721228 0.015373 
462 6.886340 0.000000 0.191856 99.266943 0.000000 6.778863 0.010012 
463 6.744682 0.000000 0.321854 100.266420 0.000000 -6.121528 -0.009083 
464 6.532195 0.000000 0.126857 98.821666 0.000000 -0.000000 0.023428 
465 6.603024 0.000000 0.126857 98.825303 0.000000 -0.000000 0.023356 
466 6.532195 0.000000 0.191856 98.825137 0.000000 -0.000000 0.023359 
467 6.496780 0.000000 0.029358 98.834168 0.000000 -0.000000 0.023181 
468 6.496780 0.000000 -0.003142 98.835238 0.000000 -0.000000 0.023160 
469 6.532195 0.000000 0.029358 98.818370 0.000000 -0.000000 0.023493 
470 6.496780 0.000000 0.061858 98.818108 0.000000 -0.000000 0.023498 
471 6.443659 0.000000 0.013108 98.832803 0.000000 -0.000000 0.023208 
472 6.425951 0.000000 0.013108 98.828793 0.000000 -0.000000 0.023287 
473 6.443659 0.000000 -0.003142 98.833293 0.000000 -0.000000 0.023198 
474 6.461366 0.000000 0.013108 98.835296 0.000000 -0.000000 0.023158 
475 6.443659 0.000000 0.029358 98.831959 0.000000 -0.000000 0.023224 
476 6.248879 0.000000 -0.003142 98.794084 0.000000 -0.000000 0.023973 
477 6.178050 0.000000 -0.003142 98.782305 0.000000 -0.000000 0.024206 
478 6.248879 0.000000 -0.068141 98.794700 0.000000 -0.000000 0.023961 
479 6.248879 0.000000 0.061858 98.794606 0.000000 -0.000000 0.023963 
480 6.248879 0.000000 0.126857 98.798446 0.000000 -0.000000 0.023887 
481 6.178050 0.000000 0.126857 98.784595 0.000000 0.000000 0.024160 
482 6.248879 0.000000 0.191856 98.798632 0.000000 -0.000000 0.023883 
483 6.284293 0.000000 0.029358 98.798141 0.000000 -0.000000 0.023893 
484 6.248879 0.000000 0.029358 98.794341 0.000000 -0.000000 0.023968 
485 6.284293 0.000000 -0.003142 98.796126 0.000000 -0.000000 0.023933 
486 6.319708 0.000000 0.029358 98.805158 0.000000 0.000000 0.023754 
487 6.284293 0.000000 0.061858 98.801072 0.000000 -0.000000 0.023835 
488 5.894733 0.000000 -0.068141 98.719574 0.000000 0.000000 0.025445 
489 5.753075 0.000000 -0.068141 98.701441 0.000000 -0.000000 0.025803 
490 5.894733 0.000000 -0.198139 98.723203 0.000000 0.000000 0.025373 
491 5.894733 0.000000 0.061858 98.719613 0.000000 0.000000 0.025444 
492 6.107221 0.000000 -0.003142 98.761696 0.000000 0.000000 0.024613 
493 6.036392 0.000000 -0.003142 98.752964 0.000000 0.000000 0.024785 
494 6.107221 0.000000 -0.068141 98.766162 0.000000 0.000000 0.024525 
495 6.107221 0.000000 0.061858 98.765961 0.000000 0.000000 0.024528 
496 5.186443 0.000000 -0.198139 98.696708 0.000000 -0.000000 0.025896 
497 5.186443 0.000000 -0.458136 94.768333 0.000000 8.770125 0.094205 
498 5.186443 0.000000 0.061858 98.700022 0.000000 -0.000000 0.025831 
499 5.611417 0.000000 -0.068141 98.691374 0.000000 -0.000000 0.026001 
500 5.469759 0.000000 -0.068141 98.690074 0.000000 -0.000000 0.026027 
501 5.611417 0.000000 -0.198139 98.687913 0.000000 -0.000000 0.026070 
502 5.611417 0.000000 0.061858 98.691352 0.000000 -0.000000 0.026002 
503 5.894733 0.000000 0.191856 98.723199 0.000000 0.000000 0.025373 
504 5.753075 0.000000 0.191856 98.697101 0.000000 0.000000 0.025888 
505 5.894733 0.000000 0.321854 109.874022 0.000000 -125.212860 -1.775056 
506 5.823904 0.000000 -0.003142 98.717689 0.000000 0.000000 0.025482 
507 5.753075 0.000000 -0.003142 98.700512 0.000000 0.000000 0.025821 
508 5.823904 0.000000 -0.068141 98.712443 0.000000 0.000000 0.025585 
509 5.894733 0.000000 -0.003142 98.719987 0.000000 0.000000 0.025436 
510 5.823904 0.000000 0.061858 98.712638 0.000000 0.000000 0.025582 
511 5.186443 0.000000 0.321854 102.743005 0.000000 -21.835082 -0.103290 
512 4.903127 0.000000 0.321854 102.034595 0.000000 -13.697496 -0.059868 
513 5.186443 0.000000 0.581851 101.974062 0.000000 9.601511 -0.049090 
514 5.611417 0.000000 0.191856 98.687897 0.000000 -0.000000 0.026070 
515 5.469759 0.000000 0.191856 98.687018 0.000000 -0.000000 0.026087 
516 5.611417 0.000000 0.321854 105.906437 0.000000 -55.349402 -0.427973 
517 5.682246 0.000000 -0.003142 98.694529 0.000000 -0.000000 0.025939 
518 5.611417 0.000000 -0.003142 98.688496 0.000000 -0.000000 0.026058 
519 5.682246 0.000000 -0.068141 98.692973 0.000000 -0.000000 0.025970 
520 5.682246 0.000000 0.061858 98.692992 0.000000 -0.000000 0.025969 
521 5.328101 0.000000 -0.068141 98.700835 0.000000 -0.000000 0.025815 
522 5.186443 0.000000 -0.068141 98.699868 0.000000 -0.000000 0.025834 
523 5.328101 0.000000 -0.198139 98.701559 0.000000 -0.000000 0.025800 
524 5.328101 0.000000 0.061858 98.701315 0.000000 -0.000000 0.025805 
525 5.540588 0.000000 -0.003142 98.685381 0.000000 0.000000 0.026120 
526 5.469759 0.000000 -0.003142 98.690586 0.000000 -0.000000 0.026017 
527 5.540588 0.000000 -0.068141 98.689774 0.000000 -0.000000 0.026033 
528 5.540588 0.000000 0.061858 98.689776 0.000000 -0.000000 0.026033 
529 5.328101 0.000000 0.191856 98.701662 0.000000 -0.000000 0.025798 
530 5.186443 0.000000 0.191856 98.696809 0.000000 -0.000000 0.025894 
531 5.328101 0.000000 0.321854 103.410862 0.000000 -28.697426 -0.151735 
532 5.398930 0.000000 -0.003142 98.698632 0.000000 -0.000000 0.025858 
533 5.328101 0.000000 -0.003142 98.706391 0.000000 -0.000000 0.025705 
534 5.398930 0.000000 -0.068141 98.693167 0.000000 -0.000000 0.025966 
535 5.398930 0.000000 0.061858 98.693637 0.000000 -0.000000 0.025957 
536 5.540588 0.000000 0.126857 98.689777 0.000000 -0.000000 0.026033 
537 5.469759 0.000000 0.126857 98.689402 0.000000 -0.000000 0.026040 
538 5.611417 0.000000 0.126857 98.687709 0.000000 -0.000000 0.026074 
539 5.540588 0.000000 0.191856 98.690142 0.000000 -0.000000 0.026026 
540 5.505174 0.000000 0.029358 98.689400 0.000000 -0.000000 0.026040 
541 5.469759 0.000000 0.029358 98.690473 0.000000 -0.000000 0.026019 
542 5.505174 0.000000 -0.003142 98.668869 0.000000 -0.000000 0.026445 
543 5.540588 0.000000 0.029358 98.688536 0.000000 -0.000000 0.026057 
544 5.505174 0.000000 0.061858 98.689252 0.000000 -0.000000 0.026043 
545 -23.995132 0.000000 -24.897818 96.080110 0.000000 27.582301 0.000783 
546 -33.061252 0.000000 -24.897818 96.100354 0.000000 27.582912 0.000390 
547 -23.995132 0.000000 -33.217710 96.086637 0.000000 27.569537 0.000728 
548 30.401590 0.000000 -24.897818 96.121407 0.000000 27.341638 0.001311 
549 30.401590 0.000000 -33.217710 96.109128 0.000000 27.429183 0.001068 
550 39.467710 0.000000 -24.897818 96.138947 0.000000 27.367562 0.000832 
551 -10.395951 0.000000 -12.417980 95.936110 0.000000 27.637714 0.003242 
552 -14.929011 0.000000 -12.417980 96.018939 0.000000 27.641290 0.001632 
553 -10.395951 0.000000 -16.577926 95.964022 0.000000 27.585387 0.002995 
554 16.802409 0.000000 -12.417980 96.121401 0.000000 26.723167 0.004655 
555 16.802409 0.000000 -16.577926 96.070049 0.000000 27.044295 0.003915 
556 21.335469 0.000000 -12.417980 96.182147 0.000000 26.825859 0.002937 
557 -3.596361 0.000000 -6.178061 95.368128 0.000000 27.820897 0.013092 
558 -5.862891 0.000000 -6.178061 95.683344 0.000000 27.855060 0.006879 
559 -3.596361 0.000000 -8.258034 95.472553 0.000000 27.619221 0.012217 
560 10.002819 0.000000 -6.178061 96.024774 0.000000 24.809011 0.016376 
561 10.002819 0.000000 -8.258034 95.892689 0.000000 25.735295 0.014229 
562 12.269349 0.000000 -6.178061 96.272614 0.000000 25.087574 0.010220 
563 -0.196566 0.000000 -3.058102 93.228461 0.000000 28.683837 0.048569 
564 -1.329831 0.000000 -3.058102 94.383813 0.000000 28.805417 0.026194 
565 -0.196566 0.000000 -4.098088 93.670646 0.000000 27.900244 0.044739 
566 0.370066 0.000000 -1.498122 91.471054 0.000000 31.861336 0.061790 
567 -0.196566 0.000000 -1.498122 93.526960 0.000000 31.333521 0.027092 
568 0.370066 0.000000 -2.018115 91.593146 0.000000 30.220299 0.069743 
569 1.220015 0.000000 -0.718132 101.214578 0.000000 1.711848 -0.024732 
570 0.936699 0.000000 -0.718132 101.107446 0.000000 1.838740 -0.022610 
571 1.220015 0.000000 -0.978129 101.211219 0.000000 1.780640 -0.024688 
572 4.903127 0.000000 -1.498122 93.338906 0.000000 15.229088 0.105592 
573 4.903127 0.000000 -2.018115 93.174245 0.000000 17.531705 0.101120 
574 2.919913 0.000000 -0.718132 98.828891 0.000000 0.898980 0.023204 
575 2.919913 0.000000 -0.978129 98.793307 0.000000 0.830491 0.023919 
576 0.370066 0.000000 0.581851 102.471942 0.000000 31.919855 -0.151938 
577 -0.196566 0.000000 0.581851 97.051588 0.000000 32.840188 -0.049749 
578 0.370066 0.000000 1.101844 101.232825 0.000000 33.205872 -0.135071 
579 1.220015 0.000000 0.321854 102.053919 0.000000 1.041804 -0.041609 
580 0.936699 0.000000 0.321854 102.326075 0.000000 0.843510 -0.047134 
581 1.220015 0.000000 0.581851 101.211210 0.000000 1.780645 -0.024688 
582 2.353280 0.000000 0.321854 100.139424 0.000000 1.246013 -0.002946 
583 2.636596 0.000000 0.321854 99.671454 0.000000 1.122864 0.006434 
584 2.353280 0.000000 0.581851 100.302139 0.000000 1.291042 -0.006219 
585 2.919913 0.000000 0.321854 98.825717 0.000000 0.898148 0.023267 
586 2.919913 0.000000 0.581851 98.676308 0.000000 0.818729 0.026232 
587 2.211622 0.000000 -0.068141 125.532304 0.000000 0.439388 -0.575855 
588 2.353280 0.000000 -0.068141 121.083794 0.000000 0.460280 -0.466150 
589 2.211622 0.000000 0.061858 126.056250 0.000000 0.421775 -0.589036 
590 3.344887 0.000000 -0.068141 105.286577 0.000000 0.272879 -0.108534 
591 3.203229 0.000000 -0.068141 105.388220 0.000000 0.324040 -0.110678 
592 3.344887 0.000000 0.061858 105.446382 0.000000 0.262468 -0.111901 
593 8.869554 0.000000 -3.058102 96.511205 0.000000 21.488403 0.022384 
594 8.869554 0.000000 -4.098088 96.140993 0.000000 22.911659 0.023197 
595 10.002819 0.000000 -3.058102 96.793673 0.000000 22.023636 0.014594 
596 7.169657 0.000000 -1.498122 96.493675 0.000000 16.127377 0.042888 
597 7.169657 0.000000 -2.018115 96.092013 0.000000 18.123254 0.043787 
598 7.736289 0.000000 -1.498122 97.019277 0.000000 16.710234 0.030803 
599 4.619810 0.000000 -0.718132 97.343587 0.000000 0.694298 0.052374 
600 4.619810 0.000000 -0.978129 97.306374 0.000000 0.706304 0.053097 
601 4.903127 0.000000 -0.718132 94.404566 0.000000 10.581521 0.097581 
602 5.186443 0.000000 -0.718132 94.397974 0.000000 11.063501 0.096662 
603 5.186443 0.000000 -0.978129 94.144851 0.000000 12.722136 0.097489 
604 5.469759 0.000000 -0.718132 94.227098 0.000000 11.188737 0.099607 
605 4.619810 0.000000 0.321854 97.343557 0.000000 0.694307 0.052375 
606 4.619810 0.000000 0.581851 97.306372 0.000000 0.706305 0.053097 
607 5.753075 0.000000 -0.718132 94.264147 0.000000 10.928379 0.099484 
608 5.753075 0.000000 -0.978129 94.493555 0.000000 12.758522 0.090819 
609 6.886340 0.000000 -0.718132 97.144806 0.000000 11.375672 0.043348 
610 6.886340 0.000000 -0.978129 96.686189 0.000000 13.065429 0.048108 
611 7.169657 0.000000 -0.718132 97.535200 0.000000 11.845437 0.034657 
612 6.178050 0.000000 -0.328137 95.678983 0.000000 6.116416 0.080812 
613 6.036392 0.000000 -0.328137 94.640701 0.000000 6.200331 0.100469 
614 6.178050 0.000000 -0.458136 95.454562 0.000000 7.819547 0.082728 
615 6.744682 0.000000 -0.328137 98.137938 0.000000 8.472170 0.029717 
616 6.744682 0.000000 -0.458136 97.611422 0.000000 9.245561 0.038653 
617 6.886340 0.000000 -0.328137 98.165603 0.000000 8.788313 0.028628 
618 6.532195 0.000000 -0.133140 98.821646 0.000000 -0.000000 0.023428 
619 6.532195 0.000000 -0.198139 98.825130 0.000000 -0.000000 0.023359 
620 6.603024 0.000000 -0.133140 98.825295 0.000000 -0.000000 0.023356 
621 3.699032 0.000000 -0.133140 102.009814 0.000000 0.278636 -0.040608 
622 3.628203 0.000000 -0.133140 102.161008 0.000000 0.281482 -0.043695 
623 3.699032 0.000000 -0.068141 102.399824 0.000000 0.226118 -0.048578 
624 1.999135 0.000000 -0.133140 127.497771 0.000000 0.556478 -0.625599 
625 2.069964 0.000000 -0.133140 122.361533 0.000000 0.694021 -0.497283 
626 1.999135 0.000000 -0.068141 131.221979 0.000000 0.445172 -0.721941 
627 1.715819 0.000000 -0.133140 123.087109 0.000000 0.528539 -0.515072 
628 1.644990 0.000000 -0.133140 121.163302 0.000000 0.464420 -0.468076 
629 1.715819 0.000000 -0.068141 124.814332 0.000000 0.409862 -0.557879 
630 5.894733 0.000000 -0.328137 93.861424 0.000000 6.465264 0.114823 
631 5.753075 0.000000 -0.328137 93.440298 0.000000 6.887757 0.122147 
632 5.894733 0.000000 -0.458136 94.108109 0.000000 8.134261 0.107750 
633 6.248879 0.000000 -0.133140 98.798465 0.000000 -0.000000 0.023886 
634 6.178050 0.000000 -0.133140 98.784627 0.000000 0.000000 0.024160 
635 6.248879 0.000000 -0.198139 98.798648 0.000000 -0.000000 0.023883 
636 6.355122 0.000000 0.029358 98.809720 0.000000 0.000000 0.023664 
637 6.355122 0.000000 -0.003142 98.812285 0.000000 0.000000 0.023613 
638 6.355122 0.000000 0.061858 98.806827 0.000000 -0.000000 0.023721 
639 6.496780 0.000000 -0.035641 98.833814 0.000000 -0.000000 0.023188 
640 6.496780 0.000000 -0.068141 98.818078 0.000000 -0.000000 0.023499 
641 6.532195 0.000000 -0.035641 98.818354 0.000000 -0.000000 0.023493 
642 6.107221 0.000000 0.126857 98.764067 0.000000 0.000000 0.024566 
643 6.036392 0.000000 0.126857 98.748238 0.000000 0.000000 0.024879 
644 6.107221 0.000000 0.191856 98.764659 0.000000 0.000000 0.024554 
645 5.965563 0.000000 -0.003142 98.734595 0.000000 0.000000 0.025148 
646 5.965563 0.000000 -0.068141 98.734638 0.000000 0.000000 0.025147 
647 5.965563 0.000000 0.061858 98.734662 0.000000 0.000000 0.025147 
648 5.965563 0.000000 0.126857 98.738124 0.000000 0.000000 0.025078 
649 5.894733 0.000000 0.126857 98.718832 0.000000 0.000000 0.025459 
650 5.965563 0.000000 0.191856 98.730892 0.000000 0.000000 0.025221 
651 5.682246 0.000000 0.126857 98.692459 0.000000 -0.000000 0.025980 
652 5.753075 0.000000 0.126857 98.698561 0.000000 -0.000000 0.025859 
653 5.682246 0.000000 0.191856 98.692566 0.000000 -0.000000 0.025978 
654 5.398930 0.000000 0.126857 98.689958 0.000000 -0.000000 0.026029 
655 5.328101 0.000000 0.126857 98.699285 0.000000 -0.000000 0.025845 
656 5.398930 0.000000 0.191856 98.687819 0.000000 -0.000000 0.026071 
657 2.494938 0.000000 -0.068141 114.337154 0.000000 0.489493 -0.307322 
658 2.636596 0.000000 -0.068141 112.651936 0.000000 0.450917 -0.269066 
659 2.494938 0.000000 0.061858 116.781033 0.000000 0.417189 -0.363798 
660 5.611417 0.000000 -0.328137 93.530397 0.000000 7.352041 0.119801 
661 5.469759 0.000000 -0.328137 94.090084 0.000000 7.565232 0.108982 
662 5.611417 0.000000 -0.458136 93.822001 0.000000 8.831166 0.111944 
663 6.107221 0.000000 -0.133140 98.764071 0.000000 0.000000 0.024566 
664 6.036392 0.000000 -0.133140 98.754435 0.000000 0.000000 0.024756 
665 6.107221 0.000000 -0.198139 98.764669 0.000000 0.000000 0.024554 
666 6.355122 0.000000 -0.035641 98.809452 0.000000 0.000000 0.023669 
667 6.319708 0.000000 -0.035641 98.805087 0.000000 0.000000 0.023755 
668 6.355122 0.000000 -0.068141 98.811126 0.000000 -0.000000 0.023636 
669 6.284293 0.000000 -0.035641 98.798377 0.000000 -0.000000 0.023888 
670 6.248879 0.000000 -0.035641 98.794430 0.000000 -0.000000 0.023966 
671 6.284293 0.000000 -0.068141 98.803433 0.000000 -0.000000 0.023788 
672 5.965563 0.000000 -0.133140 98.738144 0.000000 0.000000 0.025078 
673 5.894733 0.000000 -0.133140 98.723152 0.000000 0.000000 0.025374 
674 5.965563 0.000000 -0.198139 98.730875 0.000000 0.000000 0.025221 
675 5.328101 0.000000 -0.328137 94.647825 0.000000 7.425975 0.098664 
676 5.186443 0.000000 -0.328137 95.008352 0.000000 7.175805 0.092192 
677 5.328101 0.000000 -0.458136 94.482882 0.000000 8.969548 0.099253 
678 5.823904 0.000000 0.126857 98.706737 0.000000 0.000000 0.025698 
679 5.823904 0.000000 0.191856 98.710126 0.000000 0.000000 0.025631 
680 5.823904 0.000000 -0.133140 98.706714 0.000000 0.000000 0.025698 
681 5.753075 0.000000 -0.133140 98.698557 0.000000 -0.000000 0.025859 
682 5.823904 0.000000 -0.198139 98.710122 0.000000 0.000000 0.025631 
683 5.682246 0.000000 -0.133140 98.692469 0.000000 -0.000000 0.025980 
684 5.611417 0.000000 -0.133140 98.687729 0.000000 -0.000000 0.026073 
685 5.682246 0.000000 -0.198139 98.688719 0.000000 -0.000000 0.026054 
1 19 21 9 22 
2 20 19 22 4 
3 28 29 3 30 
4 21 28 30 9 
5 35 37 21 38 
6 36 35 38 19 
7 44 45 28 46 
8 37 44 46 21 
9 51 53 37 54 
10 52 51 54 35 
11 60 61 44 62 
12 53 60 62 37 
13 67 69 53 70 
14 68 67 70 51 
15 11 78 76 77 
16 78 10 24 76 
17 76 24 14 79 
18 77 76 79 6 
19 24 82 80 81 
20 82 23 40 80 
21 80 40 27 83 
22 81 80 83 14 
23 40 86 84 85 
24 86 39 56 84 
25 84 56 43 87 
26 85 84 87 27 
27 56 90 88 89 
28 89 88 91 43 
29 92 93 60 94 
30 69 92 94 53 
31 95 97 69 98 
32 96 95 98 67 
33 6 79 112 113 
34 79 14 36 112 
35 112 36 19 114 
36 113 112 114 20 
37 14 83 115 116 
38 83 27 52 115 
39 115 52 35 117 
40 116 115 117 36 
41 27 87 118 119 
42 87 43 68 118 
43 118 68 51 120 
44 119 118 120 52 
45 43 91 121 122 
46 121 96 67 123 
47 122 121 123 68 
48 124 126 95 127 
49 125 124 127 96 
50 133 134 92 135 
51 97 133 135 69 
52 136 137 97 138 
53 126 136 138 95 
54 147 148 133 149 
55 137 147 149 97 
56 15 156 155 33 
57 156 17 157 155 
58 155 157 8 158 
59 33 155 158 18 
60 31 160 159 49 
61 160 33 161 159 
62 159 161 18 162 
63 49 159 162 34 
64 164 49 165 163 
65 163 165 34 166 
66 176 145 177 175 
67 175 177 107 178 
68 18 158 179 45 
69 158 8 180 179 
70 179 180 29 181 
71 45 179 181 28 
72 34 162 182 61 
73 162 18 183 182 
74 182 183 45 184 
75 61 182 184 44 
76 166 34 186 185 
77 185 186 61 187 
78 93 185 187 60 
79 188 189 93 190 
80 134 188 190 92 
81 191 192 134 193 
82 148 191 193 133 
83 145 195 194 177 
84 195 171 196 194 
85 194 196 174 197 
86 177 194 197 107 
87 65 203 202 169 
88 203 163 204 202 
89 202 204 166 205 
90 169 202 205 50 
91 207 169 208 206 
92 206 208 50 209 
93 210 211 188 212 
94 192 210 212 134 
95 50 205 218 189 
96 205 166 219 218 
97 218 219 185 220 
98 189 218 220 93 
99 209 50 222 221 
100 221 222 189 223 
101 211 221 223 188 
102 225 206 226 224 
103 224 226 209 227 
104 228 230 211 231 
105 229 228 231 210 
106 7 239 237 238 
107 239 16 240 237 
108 237 240 15 32 
109 238 237 32 13 
110 13 243 241 242 
111 243 32 244 241 
112 241 244 31 48 
113 242 241 48 26 
114 26 247 245 246 
115 247 48 248 245 
116 245 248 47 64 
117 246 245 64 42 
118 42 251 249 250 
119 251 64 252 249 
120 249 252 63 105 
121 250 249 105 58 
122 58 255 253 254 
123 255 105 256 253 
124 253 256 104 144 
125 254 253 144 74 
126 144 259 257 258 
127 259 104 260 257 
128 257 260 145 176 
129 258 257 176 143 
130 143 263 261 262 
131 263 176 264 261 
132 261 264 175 265 
133 74 268 266 267 
134 268 144 258 266 
135 266 258 143 152 
136 267 266 152 110 
137 152 271 269 270 
138 271 143 262 269 
139 270 269 272 150 
140 146 178 273 274 
141 178 107 275 273 
142 273 275 148 276 
143 274 273 276 147 
144 265 175 279 277 
145 277 279 178 280 
146 278 277 280 146 
147 262 283 281 282 
148 283 261 284 281 
149 281 284 265 285 
150 5 154 286 287 
151 154 146 274 286 
152 286 274 147 288 
153 287 286 288 137 
154 150 272 289 290 
155 289 278 146 291 
156 290 289 291 154 
157 269 294 292 293 
158 294 262 282 292 
159 292 282 153 295 
160 293 292 295 272 
161 153 285 296 297 
162 285 265 298 296 
163 296 298 277 299 
164 297 296 299 278 
165 282 302 300 301 
166 302 281 303 300 
167 300 303 285 304 
168 301 300 304 153 
169 108 306 305 141 
170 306 110 151 305 
171 305 151 5 307 
172 141 305 307 111 
173 110 310 308 309 
174 310 152 270 308 
175 308 270 150 311 
176 309 308 311 151 
177 12 314 312 313 
178 314 7 238 312 
179 312 238 13 25 
180 313 312 25 10 
181 25 317 315 316 
182 317 13 242 315 
183 315 242 26 41 
184 316 315 41 23 
185 41 320 318 319 
186 320 26 246 318 
187 318 246 42 57 
188 319 318 57 39 
189 57 323 321 322 
190 323 42 250 321 
191 321 250 58 73 
192 322 321 73 55 
193 73 326 324 325 
194 326 58 254 324 
195 324 254 74 109 
196 325 324 109 71 
197 71 329 327 328 
198 329 109 330 327 
199 327 330 108 140 
200 328 327 140 102 
201 140 333 331 332 
202 333 108 334 331 
203 331 334 141 335 
204 332 331 335 139 
205 55 338 336 337 
206 338 73 325 336 
207 336 325 71 101 
208 337 336 101 72 
209 101 341 339 340 
210 341 71 328 339 
211 339 328 102 130 
212 340 339 130 99 
213 130 344 342 343 
214 344 102 345 342 
215 102 348 347 345 
216 348 140 332 347 
217 347 332 139 349 
218 345 347 349 131 
219 103 132 350 351 
220 132 75 352 350 
221 350 352 126 353 
222 351 350 353 124 
223 354 356 75 357 
224 355 354 357 132 
225 342 360 358 359 
226 360 345 361 358 
227 358 361 131 362 
228 359 358 362 346 
229 88 365 363 364 
230 365 72 100 363 
231 363 100 59 366 
232 364 363 366 91 
233 100 369 367 368 
234 369 99 129 367 
235 367 129 103 370 
236 368 367 370 59 
237 99 373 371 372 
238 373 130 343 371 
239 372 371 374 129 
240 343 377 375 376 
241 377 342 359 375 
242 375 359 346 378 
243 129 374 379 380 
244 379 355 132 381 
245 380 379 381 103 
246 371 384 382 383 
247 384 343 376 382 
248 382 376 128 385 
249 383 382 385 374 
250 128 378 386 387 
251 378 346 388 386 
252 386 388 354 389 
253 387 386 389 355 
254 376 392 390 391 
255 392 375 393 390 
256 390 393 378 394 
257 391 390 394 128 
258 227 209 404 403 
259 403 404 221 405 
260 230 403 405 211 
261 406 408 230 409 
262 407 406 409 228 
263 216 416 415 235 
264 416 224 417 415 
265 415 417 227 418 
266 235 415 418 170 
267 420 235 421 419 
268 419 421 170 422 
269 423 229 210 425 
270 424 423 425 192 
271 426 407 228 428 
272 427 426 428 229 
273 217 414 429 430 
274 414 236 431 429 
275 429 431 406 432 
276 430 429 432 407 
277 410 435 433 434 
278 433 436 236 437 
279 434 433 437 414 
280 64 439 438 252 
281 439 47 440 438 
282 438 440 65 168 
283 252 438 168 63 
284 63 443 441 442 
285 443 168 444 441 
286 441 444 167 199 
287 442 441 199 106 
288 199 447 445 446 
289 447 167 448 445 
290 445 448 200 215 
291 446 445 215 198 
292 215 451 449 450 
293 451 200 452 449 
294 449 452 216 234 
295 450 449 234 213 
296 213 455 453 454 
297 455 234 456 453 
298 453 456 232 412 
299 454 453 412 233 
300 412 459 457 458 
301 459 232 460 457 
302 457 460 413 435 
303 458 457 435 410 
304 170 418 461 408 
305 418 227 462 461 
306 461 462 403 463 
307 408 461 463 230 
308 236 422 464 431 
309 422 170 465 464 
310 464 465 408 466 
311 431 464 466 406 
312 413 468 467 436 
313 468 419 469 467 
314 467 469 422 470 
315 436 467 470 236 
316 435 473 471 472 
317 473 413 474 471 
318 471 474 436 475 
319 472 471 475 433 
320 399 478 476 477 
321 477 476 479 402 
322 402 479 480 481 
323 479 217 430 480 
324 480 430 407 482 
325 481 480 482 426 
326 476 485 483 484 
327 485 411 486 483 
328 483 486 217 487 
329 484 483 487 479 
330 400 494 492 493 
331 494 399 477 492 
332 492 477 402 495 
333 493 492 495 201 
334 171 497 496 196 
335 196 496 498 174 
336 396 501 499 500 
337 503 427 229 505 
338 504 503 505 423 
339 489 508 506 507 
340 508 488 509 506 
341 506 509 491 510 
342 507 506 510 398 
343 174 498 511 512 
344 511 424 192 513 
345 512 511 513 191 
346 514 504 423 516 
347 515 514 516 424 
348 499 519 517 518 
349 519 489 507 517 
350 517 507 398 520 
351 518 517 520 502 
352 496 523 521 522 
353 523 396 500 521 
354 522 521 524 498 
355 500 527 525 526 
356 527 499 518 525 
357 525 518 502 528 
358 498 524 529 530 
359 529 515 424 531 
360 530 529 531 511 
361 521 534 532 533 
362 534 500 526 532 
363 532 526 66 535 
364 533 532 535 524 
365 66 528 536 537 
366 528 502 538 536 
367 536 538 514 539 
368 537 536 539 515 
369 526 542 540 541 
370 542 525 543 540 
371 540 543 528 544 
372 541 540 544 66 
373 1 547 545 546 
374 547 12 313 545 
375 545 313 10 78 
376 546 545 78 11 
377 16 549 548 240 
378 549 2 550 548 
379 548 550 17 156 
380 240 548 156 15 
381 10 553 551 552 
382 553 25 316 551 
383 551 316 23 82 
384 552 551 82 24 
385 32 555 554 244 
386 555 15 556 554 
387 554 556 33 160 
388 244 554 160 31 
389 23 559 557 558 
390 559 41 319 557 
391 557 319 39 86 
392 558 557 86 40 
393 48 561 560 248 
394 561 31 562 560 
395 560 562 49 164 
396 248 560 164 47 
397 39 565 563 564 
398 565 57 322 563 
399 563 322 55 90 
400 564 563 90 56 
401 90 568 566 567 
402 568 55 337 566 
403 566 337 72 365 
404 567 566 365 88 
405 72 571 569 570 
406 571 101 340 569 
407 569 340 99 369 
408 570 569 369 100 
409 105 573 572 256 
410 573 63 442 572 
411 572 442 106 172 
412 256 572 172 104 
413 109 575 574 330 
414 575 74 267 574 
415 574 267 110 306 
416 330 574 306 108 
417 91 366 576 577 
418 366 59 125 576 
419 576 125 96 578 
420 577 576 578 121 
421 59 370 579 580 
422 370 103 351 579 
423 579 351 124 581 
424 580 579 581 125 
425 75 142 582 352 
426 142 111 583 582 
427 582 583 136 584 
428 352 582 584 126 
429 111 307 585 583 
430 307 5 287 585 
431 585 287 137 586 
432 583 585 586 136 
433 131 349 587 356 
434 349 139 588 587 
435 587 588 142 589 
436 356 587 589 75 
437 151 311 590 591 
438 311 150 290 590 
439 590 290 154 592 
440 591 590 592 5 
441 47 594 593 440 
442 594 164 595 593 
443 593 595 163 203 
444 440 593 203 65 
445 168 597 596 444 
446 597 65 598 596 
447 596 598 169 207 
448 444 596 207 167 
449 104 600 599 260 
450 600 172 601 599 
451 599 601 171 195 
452 260 599 195 145 
453 172 603 602 601 
454 603 106 604 602 
455 602 604 173 497 
456 601 602 497 171 
457 107 197 605 275 
458 197 174 512 605 
459 605 512 191 606 
460 275 605 606 148 
461 106 608 607 604 
462 608 199 446 607 
463 607 446 198 397 
464 604 607 397 173 
465 167 610 609 448 
466 610 207 611 609 
467 609 611 206 225 
468 448 609 225 200 
469 198 614 612 613 
470 614 215 450 612 
471 612 450 213 401 
472 613 612 401 214 
473 200 616 615 452 
474 616 225 617 615 
475 615 617 224 416 
476 452 615 416 216 
477 234 619 618 456 
478 619 216 620 618 
479 618 620 235 420 
480 456 618 420 232 
481 272 295 621 622 
482 295 153 297 621 
483 621 297 278 623 
484 622 621 623 289 
485 346 362 624 388 
486 362 131 625 624 
487 624 625 356 626 
488 388 624 626 354 
489 374 385 627 628 
490 385 128 387 627 
491 627 387 355 629 
492 628 627 629 379 
493 397 632 630 631 
494 632 198 613 630 
495 630 613 214 490 
496 631 630 490 395 
497 401 635 633 634 
498 635 213 454 633 
499 633 454 233 478 
500 634 633 478 399 
501 411 637 636 486 
502 637 410 434 636 
503 636 434 414 638 
504 486 636 638 217 
505 232 640 639 460 
506 640 420 641 639 
507 639 641 419 468 
508 460 639 468 413 
509 201 495 642 643 
510 495 402 481 642 
511 642 481 426 644 
512 643 642 644 427 
513 488 646 645 509 
514 646 400 493 645 
515 645 493 201 647 
516 509 645 647 491 
517 491 647 648 649 
518 647 201 643 648 
519 648 643 427 650 
520 649 648 650 503 
521 502 520 651 538 
522 520 398 652 651 
523 651 652 504 653 
524 538 651 653 514 
525 524 535 654 655 
526 535 66 537 654 
527 654 537 515 656 
528 655 654 656 529 
529 139 335 657 588 
530 335 141 658 657 
531 657 658 111 659 
532 588 657 659 142 
533 173 662 660 661 
534 662 397 631 660 
535 660 631 395 501 
536 661 660 501 396 
537 214 665 663 664 
538 665 401 634 663 
539 663 634 399 494 
540 664 663 494 400 
541 233 668 666 667 
542 668 412 458 666 
543 666 458 410 637 
544 667 666 637 411 
545 478 671 669 670 
546 671 233 667 669 
547 669 667 411 485 
548 670 669 485 476 
549 490 674 672 673 
550 674 214 664 672 
551 672 664 400 646 
552 673 672 646 488 
553 497 677 675 676 
554 677 173 661 675 
555 675 661 396 523 
556 676 675 523 496 
557 398 510 678 652 
558 510 491 649 678 
559 678 649 503 679 
560 652 678 679 504 
561 395 682 680 681 
562 682 490 673 680 
563 680 673 488 508 
564 681 680 508 489 
565 501 685 683 684 
566 685 395 681 683 
567 683 681 489 519 
568 684 683 519 499 
