2 0.000000 100.000000 473.401889
636 529 
1 -37.462817 0.000000 -37.619275 100.003227 0.000000 -0.000633 -0.000065 
2 43.869275 0.000000 -37.619275 100.002482 0.000000 0.018409 -0.000050 
3 43.869275 0.000000 37.855058 99.997484 0.000000 0.018826 0.000050 
4 -37.462817 0.000000 37.855058 99.996734 0.000000 -0.000602 0.000065 
5 3.203229 0.000000 0.117892 100.012122 0.000000 0.122774 -0.000244 
6 -37.462817 0.000000 0.117892 99.999932 0.000000 -0.004473 0.000001 
7 3.203229 0.000000 -37.619275 100.009250 0.000000 0.010395 -0.000185 
8 43.869275 0.000000 0.117892 99.999345 0.000000 -0.593085 -0.000022 
9 3.203229 0.000000 37.855058 99.990639 0.000000 0.010607 0.000187 
10 -17.129794 0.000000 -18.750692 100.013777 0.000000 -0.002430 -0.000276 
11 -37.462817 0.000000 -18.750692 100.003148 0.000000 -0.002728 -0.000063 
12 -17.129794 0.000000 -37.619275 100.006925 0.000000 0.001951 -0.000139 
13 3.203229 0.000000 -18.750692 100.031589 0.000000 0.043050 -0.000632 
14 -17.129794 0.000000 0.117892 99.999343 0.000000 -0.018733 0.000013 
15 23.536252 0.000000 -18.750692 100.007629 0.000000 0.065639 -0.000153 
16 23.536252 0.000000 -37.619275 100.005535 0.000000 0.017082 -0.000111 
17 43.869275 0.000000 -18.750692 100.002113 0.000000 0.063916 -0.000043 
18 23.536252 0.000000 0.117892 100.000140 0.000000 -0.587785 -0.000037 
19 -17.129794 0.000000 18.986475 99.985921 0.000000 -0.002144 0.000282 
20 -37.462817 0.000000 18.986475 99.996763 0.000000 -0.002688 0.000065 
21 3.203229 0.000000 18.986475 99.966026 0.000000 0.044426 0.000679 
22 -17.129794 0.000000 37.855058 99.993002 0.000000 0.002041 0.000140 
23 -6.963282 0.000000 -9.316400 100.057973 0.000000 -0.006497 -0.001160 
24 -17.129794 0.000000 -9.316400 100.013675 0.000000 -0.011691 -0.000274 
25 -6.963282 0.000000 -18.750692 100.028845 0.000000 0.008943 -0.000577 
26 3.203229 0.000000 -9.316400 100.125985 0.000000 0.156919 -0.002524 
27 -6.963282 0.000000 0.117892 99.993960 0.000000 -0.085683 0.000120 
28 23.536252 0.000000 18.986475 99.992137 0.000000 0.067662 0.000157 
29 43.869275 0.000000 18.986475 99.997851 0.000000 0.065888 0.000043 
30 23.536252 0.000000 37.855058 99.994376 0.000000 0.017448 0.000112 
31 13.369740 0.000000 -9.316400 100.016773 0.000000 0.193878 -0.000339 
32 13.369740 0.000000 -18.750692 100.018404 0.000000 0.066678 -0.000369 
33 23.536252 0.000000 -9.316400 100.006348 0.000000 0.181337 -0.000130 
34 13.369740 0.000000 0.117892 99.962571 0.000000 -0.465583 0.000727 
35 -6.963282 0.000000 9.552183 99.940321 0.000000 -0.004330 0.001193 
36 -17.129794 0.000000 9.552183 99.985559 0.000000 -0.011275 0.000289 
37 3.203229 0.000000 9.552183 99.874382 0.000000 0.155395 0.002508 
38 -6.963282 0.000000 18.986475 99.970747 0.000000 0.009629 0.000585 
39 -1.880027 0.000000 -4.599254 100.247510 0.000000 -0.006946 -0.004956 
40 -6.963282 0.000000 -4.599254 100.060704 0.000000 -0.047174 -0.001215 
41 -1.880027 0.000000 -9.316400 100.114485 0.000000 0.040390 -0.002291 
42 3.203229 0.000000 -4.599254 100.378823 0.000000 0.502226 -0.007616 
43 -1.880027 0.000000 0.117892 99.845038 0.000000 -0.661236 0.003053 
44 13.369740 0.000000 9.552183 99.982244 0.000000 0.189410 0.000351 
45 23.536252 0.000000 9.552183 99.994001 0.000000 0.173793 0.000117 
46 13.369740 0.000000 18.986475 99.980987 0.000000 0.068080 0.000380 
47 8.286485 0.000000 -4.599254 99.962514 0.000000 0.542783 0.000720 
48 8.286485 0.000000 -9.316400 100.052850 0.000000 0.212322 -0.001062 
49 13.369740 0.000000 -4.599254 99.986222 0.000000 0.381279 0.000261 
50 8.286485 0.000000 0.117892 101.929685 0.000000 0.081142 -0.038967 
51 -1.880027 0.000000 4.835038 99.749421 0.000000 0.012125 0.005005 
52 -6.963282 0.000000 4.835038 99.933571 0.000000 -0.042998 0.001328 
53 3.203229 0.000000 4.835038 99.670795 0.000000 0.451048 0.006553 
54 -1.880027 0.000000 9.552183 99.884778 0.000000 0.043790 0.002303 
55 0.661601 0.000000 -2.240681 100.707818 0.000000 0.494266 -0.014231 
56 -1.880027 0.000000 -2.240681 100.372224 0.000000 -0.164271 -0.007461 
57 0.661601 0.000000 -4.599254 100.382927 0.000000 0.179933 -0.007676 
58 3.203229 0.000000 -2.240681 101.124003 0.000000 1.612755 -0.022867 
59 0.661601 0.000000 0.117892 100.488011 0.000000 -0.036345 -0.009784 
60 8.286485 0.000000 4.835038 100.045164 0.000000 0.400237 -0.000919 
61 13.369740 0.000000 4.835038 100.021979 0.000000 0.192779 -0.000443 
62 8.286485 0.000000 9.552183 99.944427 0.000000 0.208069 0.001107 
63 5.744857 0.000000 -2.240681 100.038581 0.000000 2.126826 -0.001224 
64 5.744857 0.000000 -4.599254 100.129646 0.000000 0.658312 -0.002638 
65 8.286485 0.000000 -2.240681 99.680271 0.000000 1.594485 0.006130 
66 5.744857 0.000000 0.117892 101.362312 0.000000 0.299177 -0.027441 
67 0.661601 0.000000 2.476465 99.261205 0.000000 0.581418 0.014688 
68 -1.880027 0.000000 2.476465 99.600230 0.000000 -0.097422 0.007978 
69 3.203229 0.000000 2.476465 99.288342 0.000000 1.231113 0.014031 
70 0.661601 0.000000 4.835038 99.637443 0.000000 0.195778 0.007234 
71 1.932415 0.000000 -1.061395 104.658904 0.000000 -1.456966 -0.095561 
72 0.661601 0.000000 -1.061395 100.812278 0.000000 2.420361 -0.016897 
73 1.932415 0.000000 -2.240681 100.996656 0.000000 0.613730 -0.020070 
74 3.203229 0.000000 -1.061395 106.436826 0.000000 0.385906 -0.132895 
75 1.932415 0.000000 0.117892 103.113073 0.000000 -0.339346 -0.063242 
76 5.744857 0.000000 2.476465 100.105993 0.000000 1.282719 -0.002286 
77 8.286485 0.000000 2.476465 100.468413 0.000000 0.401082 -0.009406 
78 5.744857 0.000000 4.835038 99.888280 0.000000 0.544992 0.002203 
79 4.474043 0.000000 -1.061395 100.721946 0.000000 2.809615 -0.015280 
80 4.474043 0.000000 -2.240681 100.465360 0.000000 2.082989 -0.009763 
81 5.744857 0.000000 -1.061395 100.104749 0.000000 2.770142 -0.002863 
82 4.474043 0.000000 0.117892 101.422900 0.000000 0.917790 -0.028745 
83 1.932415 0.000000 1.297178 99.057076 0.000000 1.745817 0.018465 
84 0.661601 0.000000 1.297178 98.814999 0.000000 2.170612 0.023088 
85 3.203229 0.000000 1.297178 98.701304 0.000000 2.626658 0.025115 
86 1.932415 0.000000 2.476465 99.230660 0.000000 0.843234 0.015257 
87 2.567822 0.000000 -0.471751 105.919431 0.000000 -1.354901 -0.122076 
88 1.932415 0.000000 -0.471751 105.060958 0.000000 -1.237641 -0.103934 
89 2.567822 0.000000 -1.061395 105.743552 0.000000 -0.844558 -0.118241 
90 3.203229 0.000000 -0.471751 106.582450 0.000000 1.183809 -0.136122 
91 2.567822 0.000000 0.117892 87.993968 0.000000 -0.195902 0.225702 
92 -27.296305 0.000000 -9.316400 100.004509 0.000000 -0.006553 -0.000090 
93 -37.462817 0.000000 -9.316400 100.001946 0.000000 -0.003944 -0.000039 
94 -27.296305 0.000000 -18.750692 100.006284 0.000000 -0.003415 -0.000126 
95 -27.296305 0.000000 0.117892 99.999828 0.000000 -0.008218 0.000003 
96 -12.046538 0.000000 -4.599254 100.018969 0.000000 -0.026290 -0.000379 
97 -17.129794 0.000000 -4.599254 100.008394 0.000000 -0.017200 -0.000168 
98 -12.046538 0.000000 -9.316400 100.025995 0.000000 -0.011897 -0.000520 
99 -12.046538 0.000000 0.117892 99.998338 0.000000 -0.034038 0.000033 
100 -4.421655 0.000000 -2.240681 100.097948 0.000000 -0.129362 -0.001962 
101 -6.963282 0.000000 -2.240681 100.037627 0.000000 -0.074023 -0.000753 
102 -4.421655 0.000000 -4.599254 100.122428 0.000000 -0.055636 -0.002450 
103 -4.421655 0.000000 0.117892 99.981181 0.000000 -0.170248 0.000373 
104 -0.609213 0.000000 -1.061395 101.628037 0.000000 -0.158893 -0.032828 
105 -1.880027 0.000000 -1.061395 100.351190 0.000000 -0.447290 -0.007056 
106 -0.609213 0.000000 -2.240681 100.665108 0.000000 0.110522 -0.013348 
107 -0.609213 0.000000 0.117892 98.698362 0.000000 -3.526396 0.024620 
108 1.297008 0.000000 -0.471751 103.742666 0.000000 -1.291642 -0.076421 
109 0.661601 0.000000 -0.471751 102.263612 0.000000 -0.628844 -0.045824 
110 1.297008 0.000000 -1.061395 103.228356 0.000000 -1.028162 -0.065715 
111 1.297008 0.000000 0.117892 103.240943 0.000000 -0.246728 -0.065875 
112 4.474043 0.000000 1.297178 99.790949 0.000000 2.838471 0.003371 
113 5.744857 0.000000 1.297178 100.567609 0.000000 2.275108 -0.011902 
114 4.474043 0.000000 2.476465 99.696797 0.000000 1.428044 0.005851 
115 2.567822 0.000000 0.707535 105.745943 0.000000 -0.841557 -0.118291 
116 1.932415 0.000000 0.707535 104.665433 0.000000 -1.458730 -0.095698 
117 3.203229 0.000000 0.707535 106.430503 0.000000 0.389570 -0.132760 
118 2.567822 0.000000 1.297178 98.550466 0.000000 2.026912 0.028370 
119 2.250119 0.000000 -0.176930 96.963979 0.000000 -1.197811 0.059655 
120 1.932415 0.000000 -0.176930 103.855836 0.000000 -0.565154 -0.078635 
121 2.250119 0.000000 -0.471751 105.435121 0.000000 -0.977752 -0.111752 
122 2.567822 0.000000 -0.176930 96.527427 0.000000 -1.166861 0.068109 
123 2.250119 0.000000 0.117892 88.019855 0.000000 -0.289646 0.225242 
124 3.838636 0.000000 -0.471751 102.586168 0.000000 2.503022 -0.053019 
125 3.838636 0.000000 -1.061395 103.153072 0.000000 2.587771 -0.064725 
126 4.474043 0.000000 -0.471751 101.098981 0.000000 2.813826 -0.022892 
127 3.838636 0.000000 0.117892 101.787451 0.000000 0.784964 -0.036130 
128 2.885526 0.000000 -0.176930 102.832905 0.000000 -0.197707 -0.057465 
129 2.885526 0.000000 -0.471751 107.846432 0.000000 -0.471312 -0.163107 
130 3.203229 0.000000 -0.176930 103.298329 0.000000 1.021988 -0.067159 
131 2.885526 0.000000 0.117892 96.281049 0.000000 -0.060847 0.072996 
132 3.838636 0.000000 0.707535 103.147653 0.000000 2.588233 -0.064614 
133 4.474043 0.000000 0.707535 100.720928 0.000000 2.809520 -0.015260 
134 3.838636 0.000000 1.297178 99.262978 0.000000 2.890604 0.013851 
135 3.520932 0.000000 -0.176930 102.692315 0.000000 1.427965 -0.054775 
136 3.520932 0.000000 -0.471751 104.154526 0.000000 1.858495 -0.085162 
137 3.838636 0.000000 -0.176930 102.041672 0.000000 1.827937 -0.041584 
138 3.520932 0.000000 0.117892 101.635554 0.000000 0.407035 -0.032995 
139 33.702763 0.000000 -9.316400 100.002399 0.000000 0.172745 -0.000051 
140 33.702763 0.000000 -18.750692 100.003777 0.000000 0.064676 -0.000076 
141 43.869275 0.000000 -9.316400 100.001337 0.000000 0.171350 -0.000030 
142 33.702763 0.000000 0.117892 99.999407 0.000000 -0.591979 -0.000023 
143 18.452996 0.000000 -4.599254 100.004551 0.000000 0.369584 -0.000105 
144 18.452996 0.000000 -9.316400 100.009210 0.000000 0.180206 -0.000187 
145 23.536252 0.000000 -4.599254 100.003280 0.000000 0.359906 -0.000079 
146 18.452996 0.000000 0.117892 100.002544 0.000000 -0.594840 -0.000086 
147 10.828113 0.000000 -2.240681 99.892831 0.000000 1.596482 0.001887 
148 10.828113 0.000000 -4.599254 99.956947 0.000000 0.429677 0.000842 
149 13.369740 0.000000 -2.240681 99.975779 0.000000 1.598696 0.000229 
150 10.828113 0.000000 0.117892 100.308765 0.000000 -0.921731 -0.006270 
151 7.015671 0.000000 -1.061395 99.078155 0.000000 7.339817 0.012965 
152 7.015671 0.000000 -2.240681 99.717990 0.000000 1.929761 0.005260 
153 8.286485 0.000000 -1.061395 99.842808 0.000000 6.587285 -0.001198 
154 7.015671 0.000000 0.117892 100.957796 0.000000 -2.898230 -0.020088 
155 5.109450 0.000000 -0.471751 100.437057 0.000000 2.780743 -0.009534 
156 5.109450 0.000000 -1.061395 100.337349 0.000000 2.768191 -0.007525 
157 5.744857 0.000000 -0.471751 100.229940 0.000000 2.763311 -0.005368 
158 5.109450 0.000000 0.117892 101.231798 0.000000 0.846281 -0.024859 
159 4.156339 0.000000 -0.176930 101.537109 0.000000 1.922779 -0.031348 
160 4.156339 0.000000 -0.471751 101.719208 0.000000 2.726204 -0.035423 
161 4.474043 0.000000 -0.176930 101.117937 0.000000 1.842302 -0.022823 
162 4.156339 0.000000 0.117892 101.665662 0.000000 0.897842 -0.033671 
163 33.702763 0.000000 9.552183 99.997610 0.000000 0.164921 0.000045 
164 43.869275 0.000000 9.552183 99.998640 0.000000 0.163477 0.000025 
165 33.702763 0.000000 18.986475 99.996147 0.000000 0.066671 0.000077 
166 18.452996 0.000000 4.835038 99.998194 0.000000 0.168510 0.000033 
167 23.536252 0.000000 4.835038 99.997822 0.000000 0.156746 0.000041 
168 18.452996 0.000000 9.552183 99.991390 0.000000 0.173518 0.000169 
169 10.828113 0.000000 2.476465 100.204716 0.000000 -0.160139 -0.004101 
170 13.369740 0.000000 2.476465 100.051617 0.000000 -0.258442 -0.001039 
171 10.828113 0.000000 4.835038 100.051583 0.000000 0.260175 -0.001039 
172 7.015671 0.000000 1.297178 101.086071 0.000000 1.417492 -0.022040 
173 8.286485 0.000000 1.297178 101.173901 0.000000 0.298925 -0.023625 
174 7.015671 0.000000 2.476465 100.392536 0.000000 0.893661 -0.007946 
175 5.109450 0.000000 0.707535 100.337127 0.000000 2.768189 -0.007520 
176 5.744857 0.000000 0.707535 100.104738 0.000000 2.770144 -0.002863 
177 5.109450 0.000000 1.297178 100.219270 0.000000 2.613537 -0.005073 
178 4.791746 0.000000 -0.176930 100.757500 0.000000 1.966153 -0.015594 
179 4.791746 0.000000 -0.471751 100.629324 0.000000 2.800507 -0.013410 
180 5.109450 0.000000 -0.176930 101.060205 0.000000 1.293705 -0.021484 
181 4.791746 0.000000 0.117892 101.299112 0.000000 0.858460 -0.026225 
182 6.380264 0.000000 -0.471751 100.539767 0.000000 6.696474 -0.015309 
183 6.380264 0.000000 -1.061395 99.872689 0.000000 7.385866 -0.002911 
184 7.015671 0.000000 -0.471751 99.293530 0.000000 7.737717 0.008092 
185 6.380264 0.000000 0.117892 101.114654 0.000000 -0.000000 -0.022417 
186 9.557299 0.000000 -1.061395 101.840553 0.000000 12.023566 -0.051606 
187 9.557299 0.000000 -2.240681 99.805858 0.000000 1.532275 0.003644 
188 10.828113 0.000000 -1.061395 100.069409 0.000000 15.533965 -0.025519 
189 9.557299 0.000000 0.117892 101.654239 0.000000 -0.906936 -0.033441 
190 7.651078 0.000000 -0.471751 99.087171 0.000000 9.293025 0.009537 
191 7.651078 0.000000 -1.061395 98.974351 0.000000 6.681540 0.015943 
192 8.286485 0.000000 -0.471751 101.159761 0.000000 10.868146 -0.035141 
193 7.651078 0.000000 0.117892 101.075440 0.000000 -1.120926 -0.021750 
194 6.380264 0.000000 0.707535 101.307780 0.000000 0.219409 -0.026331 
195 7.015671 0.000000 0.707535 101.563495 0.000000 -0.153955 -0.031517 
196 6.380264 0.000000 1.297178 100.856169 0.000000 1.904452 -0.017559 
197 6.697967 0.000000 -0.176930 100.409387 0.000000 0.845465 -0.008276 
198 6.380264 0.000000 -0.176930 101.116328 0.000000 -0.000000 -0.022451 
199 6.697967 0.000000 -0.471751 99.870567 0.000000 7.146823 -0.002521 
200 7.015671 0.000000 -0.176930 100.082822 0.000000 1.671548 -0.001937 
201 6.697967 0.000000 0.117892 101.057125 0.000000 -3.681685 -0.022610 
202 6.062560 0.000000 -0.176930 101.216223 0.000000 0.289096 -0.024481 
203 5.744857 0.000000 -0.176930 101.333558 0.000000 0.380126 -0.026863 
204 6.062560 0.000000 -0.471751 100.104193 0.000000 2.770234 -0.002852 
205 6.062560 0.000000 0.117892 101.234618 0.000000 0.249259 -0.024851 
206 9.557299 0.000000 1.297178 100.785887 0.000000 -0.768601 -0.015839 
207 10.828113 0.000000 1.297178 100.329748 0.000000 -1.178061 -0.006745 
208 9.557299 0.000000 2.476465 100.353174 0.000000 0.017324 -0.007076 
209 7.651078 0.000000 0.707535 101.685416 0.000000 -0.417173 -0.034010 
210 8.286485 0.000000 0.707535 101.801192 0.000000 -0.843229 -0.036419 
211 7.651078 0.000000 1.297178 101.196554 0.000000 0.874623 -0.024151 
212 6.697967 0.000000 0.412713 101.481232 0.000000 -2.869642 -0.030668 
213 6.380264 0.000000 0.412713 101.392184 0.000000 -3.016710 -0.028948 
214 7.015671 0.000000 0.412713 101.515145 0.000000 -2.605245 -0.031211 
215 6.697967 0.000000 0.707535 101.459030 0.000000 0.015019 -0.029393 
216 6.539116 0.000000 -0.029519 101.066149 0.000000 -0.000000 -0.021437 
217 6.380264 0.000000 -0.029519 101.101264 0.000000 0.000000 -0.022147 
218 6.539116 0.000000 -0.176930 101.050723 0.000000 -0.000000 -0.021125 
219 6.697967 0.000000 -0.029519 101.030916 0.000000 -0.000000 -0.020725 
220 6.539116 0.000000 0.117892 101.067169 0.000000 -0.000000 -0.021457 
221 6.062560 0.000000 0.412713 100.048026 0.000000 2.780023 -0.001734 
222 5.744857 0.000000 0.412713 100.160095 0.000000 2.764849 -0.003969 
223 6.062560 0.000000 0.707535 101.137938 0.000000 0.405217 -0.022905 
224 6.221412 0.000000 -0.029519 101.212540 0.000000 0.026650 -0.024398 
225 6.062560 0.000000 -0.029519 101.310375 0.000000 0.087155 -0.026380 
226 6.221412 0.000000 -0.176930 101.147915 0.000000 0.071429 -0.023091 
227 6.221412 0.000000 0.117892 101.178806 0.000000 0.055225 -0.023715 
228 6.539116 0.000000 0.265303 101.325233 0.000000 -4.052938 -0.028323 
229 6.380264 0.000000 0.265303 101.084439 0.000000 -0.000000 -0.021806 
230 6.697967 0.000000 0.265303 101.325643 0.000000 -3.830937 -0.028156 
231 6.539116 0.000000 0.412713 101.445850 0.000000 -2.955775 -0.030000 
232 6.459690 0.000000 0.044186 101.022829 0.000000 -0.000000 -0.020561 
233 6.380264 0.000000 0.044186 101.112781 0.000000 -0.000000 -0.022379 
234 6.459690 0.000000 -0.029519 101.018835 0.000000 -0.000000 -0.020480 
235 6.539116 0.000000 0.044186 101.066252 0.000000 -0.000000 -0.021439 
236 6.459690 0.000000 0.117892 101.088069 0.000000 -0.000000 -0.021880 
237 13.369740 0.000000 -28.184983 100.011919 0.000000 0.027677 -0.000238 
238 3.203229 0.000000 -28.184983 100.016256 0.000000 0.018791 -0.000325 
239 13.369740 0.000000 -37.619275 100.007740 0.000000 0.014647 -0.000155 
240 23.536252 0.000000 -28.184983 100.007043 0.000000 0.031009 -0.000141 
241 8.286485 0.000000 -14.033546 100.041184 0.000000 0.100995 -0.000825 
242 3.203229 0.000000 -14.033546 100.060662 0.000000 0.076758 -0.001214 
243 8.286485 0.000000 -18.750692 100.026487 0.000000 0.057295 -0.000530 
244 13.369740 0.000000 -14.033546 100.020606 0.000000 0.107379 -0.000413 
245 5.744857 0.000000 -6.957827 100.119925 0.000000 0.338945 -0.002411 
246 3.203229 0.000000 -6.957827 100.205901 0.000000 0.251531 -0.004129 
247 5.744857 0.000000 -9.316400 100.091550 0.000000 0.200766 -0.001836 
248 8.286485 0.000000 -6.957827 100.040778 0.000000 0.329657 -0.000827 
249 4.474043 0.000000 -3.419968 100.355042 0.000000 1.038121 -0.007221 
250 3.203229 0.000000 -3.419968 100.592189 0.000000 0.811571 -0.011945 
251 4.474043 0.000000 -4.599254 100.265655 0.000000 0.624804 -0.005359 
252 5.744857 0.000000 -3.419968 100.108461 0.000000 1.065061 -0.002284 
253 5.109450 0.000000 -1.651038 100.287773 0.000000 3.439205 -0.006947 
254 4.474043 0.000000 -1.651038 100.549640 0.000000 3.321381 -0.012126 
255 5.109450 0.000000 -2.240681 100.214258 0.000000 2.102437 -0.004732 
256 5.744857 0.000000 -1.651038 100.050123 0.000000 3.557423 -0.002268 
257 4.791746 0.000000 -0.766573 100.651455 0.000000 2.802828 -0.013857 
258 4.474043 0.000000 -0.766573 101.135685 0.000000 2.815488 -0.023635 
259 4.791746 0.000000 -1.061395 100.484755 0.000000 2.783914 -0.010494 
260 5.109450 0.000000 -0.766573 100.450879 0.000000 2.781689 -0.009812 
261 5.427153 0.000000 -0.176930 101.290648 0.000000 0.557661 -0.026011 
262 5.427153 0.000000 -0.471751 100.317569 0.000000 2.768059 -0.007128 
263 5.427153 0.000000 0.117892 101.384667 0.000000 0.344973 -0.027897 
264 4.950598 0.000000 -0.324341 100.833884 0.000000 2.099078 -0.017188 
265 4.791746 0.000000 -0.324341 100.409783 0.000000 2.764689 -0.008977 
266 4.950598 0.000000 -0.471751 100.605200 0.000000 2.798767 -0.012924 
267 5.109450 0.000000 -0.324341 100.748287 0.000000 1.991492 -0.015418 
268 4.950598 0.000000 -0.176930 101.161129 0.000000 1.212773 -0.023504 
269 4.632895 0.000000 -0.324341 100.689971 0.000000 2.771242 -0.014615 
270 4.474043 0.000000 -0.324341 100.873487 0.000000 2.787142 -0.018323 
271 4.632895 0.000000 -0.471751 101.026220 0.000000 2.809683 -0.021419 
272 4.632895 0.000000 -0.176930 100.957973 0.000000 1.961107 -0.019636 
273 4.791746 0.000000 0.412713 100.650811 0.000000 2.802775 -0.013844 
274 4.474043 0.000000 0.412713 101.134201 0.000000 2.815403 -0.023605 
275 5.109450 0.000000 0.412713 100.450563 0.000000 2.781672 -0.009805 
276 4.791746 0.000000 0.707535 100.484271 0.000000 2.783882 -0.010484 
277 4.950598 0.000000 -0.029519 101.361338 0.000000 0.658311 -0.027455 
278 4.791746 0.000000 -0.029519 101.370620 0.000000 0.656282 -0.027643 
279 5.109450 0.000000 -0.029519 101.332577 0.000000 0.568349 -0.026861 
280 4.950598 0.000000 0.117892 101.287972 0.000000 0.839393 -0.025996 
281 4.871172 0.000000 -0.250635 100.343061 0.000000 2.504852 -0.007500 
282 4.791746 0.000000 -0.250635 100.273181 0.000000 2.725146 -0.006214 
283 4.871172 0.000000 -0.324341 100.301882 0.000000 2.770367 -0.006814 
284 4.950598 0.000000 -0.250635 100.240238 0.000000 2.565134 -0.005469 
285 4.871172 0.000000 -0.176930 100.799140 0.000000 1.717196 -0.016342 
286 -27.296305 0.000000 9.552183 99.995214 0.000000 -0.006462 0.000096 
287 -37.462817 0.000000 9.552183 99.997933 0.000000 -0.003915 0.000041 
288 -27.296305 0.000000 18.986475 99.993551 0.000000 -0.003313 0.000129 
289 -12.046538 0.000000 4.835038 99.978633 0.000000 -0.024739 0.000427 
290 -17.129794 0.000000 4.835038 99.990502 0.000000 -0.016893 0.000190 
291 -12.046538 0.000000 9.552183 99.972640 0.000000 -0.010980 0.000547 
292 -4.421655 0.000000 2.476465 99.880259 0.000000 -0.115346 0.002392 
293 -6.963282 0.000000 2.476465 99.952671 0.000000 -0.070421 0.000946 
294 -4.421655 0.000000 4.835038 99.869651 0.000000 -0.045585 0.002605 
295 -0.609213 0.000000 1.297178 98.522694 0.000000 0.244846 0.029322 
296 -1.880027 0.000000 1.297178 99.521910 0.000000 -0.316178 0.009529 
297 -0.609213 0.000000 2.476465 99.351446 0.000000 0.183714 0.012926 
298 1.297008 0.000000 0.707535 102.603114 0.000000 -0.752691 -0.052797 
299 0.661601 0.000000 0.707535 98.672254 0.000000 3.348914 0.025257 
300 1.297008 0.000000 1.297178 99.306547 0.000000 2.080258 0.013388 
301 1.614712 0.000000 -0.176930 107.396979 0.000000 -0.432280 -0.153430 
302 1.297008 0.000000 -0.176930 103.217231 0.000000 -0.361214 -0.065393 
303 1.614712 0.000000 -0.471751 104.391546 0.000000 -1.376427 -0.089949 
304 1.614712 0.000000 0.117892 108.800126 0.000000 -0.326777 -0.183757 
305 -6.963282 0.000000 -28.184983 100.014919 0.000000 0.007665 -0.000298 
306 -17.129794 0.000000 -28.184983 100.009969 0.000000 0.001108 -0.000199 
307 -6.963282 0.000000 -37.619275 100.008841 0.000000 0.005535 -0.000177 
308 -1.880027 0.000000 -14.033546 100.059687 0.000000 0.034496 -0.001194 
309 -6.963282 0.000000 -14.033546 100.021210 0.000000 0.018669 -0.000424 
310 -1.880027 0.000000 -18.750692 100.035202 0.000000 0.025555 -0.000704 
311 0.661601 0.000000 -6.957827 100.215914 0.000000 0.130200 -0.004325 
312 -1.880027 0.000000 -6.957827 100.166375 0.000000 0.032309 -0.003330 
313 0.661601 0.000000 -9.316400 100.133789 0.000000 0.093630 -0.002678 
314 1.932415 0.000000 -3.419968 100.625169 0.000000 0.464006 -0.012564 
315 0.661601 0.000000 -3.419968 100.494839 0.000000 0.259328 -0.009928 
316 1.932415 0.000000 -4.599254 100.414833 0.000000 0.331452 -0.008325 
317 2.567822 0.000000 -1.651038 102.098395 0.000000 1.388420 -0.042601 
318 1.932415 0.000000 -1.651038 101.229341 0.000000 0.431563 -0.024757 
319 2.567822 0.000000 -2.240681 101.236669 0.000000 1.055167 -0.024998 
320 3.203229 0.000000 -1.651038 101.743758 0.000000 2.646579 -0.035880 
321 2.250119 0.000000 -0.766573 105.473792 0.000000 -0.939308 -0.112560 
322 1.932415 0.000000 -0.766573 105.164940 0.000000 -1.238550 -0.106120 
323 2.250119 0.000000 -1.061395 105.480735 0.000000 -1.252693 -0.112775 
324 2.567822 0.000000 -0.766573 105.787349 0.000000 -0.877361 -0.119173 
325 2.091267 0.000000 -0.324341 104.473783 0.000000 -1.241141 -0.091631 
326 1.932415 0.000000 -0.324341 103.757925 0.000000 -1.004910 -0.076672 
327 2.091267 0.000000 -0.471751 105.210875 0.000000 -1.261276 -0.107092 
328 2.250119 0.000000 -0.324341 106.076523 0.000000 -1.916705 -0.125590 
329 2.091267 0.000000 -0.176930 99.776448 0.000000 -0.878228 0.004389 
330 1.297008 0.000000 -1.651038 100.560893 0.000000 0.750368 -0.011306 
331 0.661601 0.000000 -1.651038 100.769957 0.000000 1.011180 -0.015561 
332 1.297008 0.000000 -2.240681 100.741760 0.000000 0.515661 -0.014917 
333 1.614712 0.000000 -0.766573 104.470938 0.000000 -1.400098 -0.091614 
334 1.297008 0.000000 -0.766573 103.207516 0.000000 -1.019265 -0.065283 
335 1.614712 0.000000 -1.061395 103.854236 0.000000 -1.344061 -0.078751 
336 1.773563 0.000000 -0.324341 107.638104 0.000000 -0.896110 -0.158676 
337 1.614712 0.000000 -0.324341 104.366259 0.000000 -1.368738 -0.089419 
338 1.773563 0.000000 -0.471751 104.441237 0.000000 -1.393991 -0.090992 
339 1.773563 0.000000 -0.176930 110.691717 0.000000 -0.591290 -0.225301 
340 1.614712 0.000000 0.412713 104.478597 0.000000 -1.402392 -0.091774 
341 1.297008 0.000000 0.412713 103.209429 0.000000 -1.020080 -0.065323 
342 1.932415 0.000000 0.412713 105.175470 0.000000 -1.238906 -0.106341 
343 1.614712 0.000000 0.707535 103.858273 0.000000 -1.345978 -0.078835 
344 1.773563 0.000000 -0.029519 111.565113 0.000000 -0.183339 -0.244681 
345 1.614712 0.000000 -0.029519 108.924930 0.000000 -0.284870 -0.186472 
346 1.932415 0.000000 -0.029519 103.035641 0.000000 -0.299402 -0.061643 
347 1.773563 0.000000 0.117892 110.776875 0.000000 -0.460826 -0.227173 
348 1.852989 0.000000 -0.250635 103.692476 0.000000 -0.718870 -0.075265 
349 1.773563 0.000000 -0.250635 108.154710 0.000000 -0.834144 -0.169814 
350 1.852989 0.000000 -0.324341 103.471426 0.000000 -0.902418 -0.070715 
351 1.932415 0.000000 -0.250635 102.781480 0.000000 -0.747600 -0.056459 
352 1.852989 0.000000 -0.176930 105.042781 0.000000 -0.584887 -0.103433 
353 0.026194 0.000000 -0.471751 105.618774 0.000000 1.490515 -0.115755 
354 -0.609213 0.000000 -0.471751 102.277481 0.000000 -1.978544 -0.046460 
355 0.026194 0.000000 -1.061395 102.085221 0.000000 1.412538 -0.042339 
356 0.026194 0.000000 0.117892 101.691081 0.000000 -0.000000 -0.034108 
357 0.979305 0.000000 -0.176930 101.512137 0.000000 -0.215418 -0.030476 
358 0.661601 0.000000 -0.176930 100.414493 0.000000 -0.063424 -0.008307 
359 0.979305 0.000000 -0.471751 102.594280 0.000000 -0.749482 -0.052615 
360 0.979305 0.000000 0.117892 101.349985 0.000000 -0.090109 -0.027183 
361 1.455860 0.000000 -0.324341 104.473145 0.000000 -0.934896 -0.091551 
362 1.297008 0.000000 -0.324341 103.731559 0.000000 -1.286428 -0.076189 
363 1.455860 0.000000 -0.471751 103.746658 0.000000 -1.293330 -0.076504 
364 1.455860 0.000000 -0.176930 104.407868 0.000000 -0.574794 -0.090133 
365 1.694137 0.000000 -0.250635 107.912510 0.000000 -0.927953 -0.164597 
366 1.614712 0.000000 -0.250635 106.992320 0.000000 -0.723962 -0.144788 
367 1.694137 0.000000 -0.324341 104.386039 0.000000 -1.376007 -0.089834 
368 1.694137 0.000000 -0.176930 109.536336 0.000000 -0.548185 -0.199851 
369 2.250119 0.000000 0.412713 105.480352 0.000000 -0.936296 -0.112698 
370 2.567822 0.000000 0.412713 105.788714 0.000000 -0.874175 -0.119202 
371 2.250119 0.000000 0.707535 105.487662 0.000000 -1.252087 -0.112921 
372 2.091267 0.000000 -0.029519 93.284884 0.000000 -0.235747 0.129787 
373 2.250119 0.000000 -0.029519 87.123494 0.000000 -0.259718 0.240943 
374 2.091267 0.000000 0.117892 96.070302 0.000000 -0.433357 0.077031 
375 1.852989 0.000000 -0.103224 106.206277 0.000000 -0.361970 -0.127990 
376 1.773563 0.000000 -0.103224 110.748880 0.000000 -0.350351 -0.226544 
377 1.932415 0.000000 -0.103224 103.112053 0.000000 -0.342814 -0.063221 
378 1.852989 0.000000 -0.029519 107.377955 0.000000 -0.287800 -0.153011 
379 1.813276 0.000000 -0.213783 106.721503 0.000000 -0.660030 -0.138991 
380 1.773563 0.000000 -0.213783 110.307242 0.000000 -0.635735 -0.216809 
381 1.813276 0.000000 -0.250635 102.509366 0.000000 -0.627661 -0.050856 
382 1.852989 0.000000 -0.213783 105.647130 0.000000 -0.671425 -0.116177 
383 1.813276 0.000000 -0.176930 110.640555 0.000000 -0.600422 -0.224169 
384 6.221412 0.000000 0.265303 101.249073 0.000000 -0.000000 -0.025137 
385 6.062560 0.000000 0.265303 101.144094 0.000000 0.501459 -0.023038 
386 6.221412 0.000000 0.412713 101.324526 0.000000 -3.090424 -0.027621 
387 6.300838 0.000000 0.044186 101.158535 0.000000 -0.000000 -0.023305 
388 6.221412 0.000000 0.044186 101.206569 0.000000 0.031162 -0.024277 
389 6.300838 0.000000 -0.029519 101.161005 0.000000 -0.000000 -0.023355 
390 6.300838 0.000000 0.117892 101.147797 0.000000 -0.000000 -0.023088 
391 7.015671 0.000000 -3.419968 99.930633 0.000000 0.959361 0.001295 
392 7.015671 0.000000 -4.599254 100.021121 0.000000 0.619379 -0.000461 
393 8.286485 0.000000 -3.419968 99.858964 0.000000 0.796296 0.002755 
394 6.380264 0.000000 -1.651038 99.771909 0.000000 3.633163 0.003237 
395 6.380264 0.000000 -2.240681 99.862421 0.000000 2.071310 0.002321 
396 7.015671 0.000000 -1.651038 99.492963 0.000000 3.435682 0.008935 
397 6.697967 0.000000 -0.766573 99.521926 0.000000 9.329100 0.000835 
398 6.380264 0.000000 -0.766573 100.151182 0.000000 9.016723 -0.011156 
399 6.697967 0.000000 -1.061395 99.449270 0.000000 7.479826 0.005389 
400 7.015671 0.000000 -0.766573 98.945486 0.000000 9.473903 0.012004 
401 6.539116 0.000000 -0.324341 100.424358 0.000000 3.946502 -0.010063 
402 6.380264 0.000000 -0.324341 100.747927 0.000000 3.701250 -0.016384 
403 6.539116 0.000000 -0.471751 100.212565 0.000000 6.913144 -0.009035 
404 6.697967 0.000000 -0.324341 100.121063 0.000000 4.215256 -0.004200 
405 6.459690 0.000000 -0.103224 101.087652 0.000000 -0.000000 -0.021871 
406 6.380264 0.000000 -0.103224 101.114227 0.000000 -0.000000 -0.022409 
407 6.459690 0.000000 -0.176930 101.089688 0.000000 -0.000000 -0.021912 
408 6.539116 0.000000 -0.103224 101.066954 0.000000 -0.000000 -0.021453 
409 6.419977 0.000000 0.007334 101.051269 0.000000 -0.000000 -0.021136 
410 6.380264 0.000000 0.007334 101.091842 0.000000 0.000000 -0.021956 
411 6.419977 0.000000 -0.029519 101.107228 0.000000 -0.000000 -0.022267 
412 6.459690 0.000000 0.007334 101.013370 0.000000 -0.000000 -0.020370 
413 6.419977 0.000000 0.044186 101.107554 0.000000 -0.000000 -0.022274 
414 6.062560 0.000000 -0.766573 100.048026 0.000000 2.780023 -0.001734 
415 5.744857 0.000000 -0.766573 100.160121 0.000000 2.764846 -0.003969 
416 6.062560 0.000000 -1.061395 100.189578 0.000000 7.087528 -0.008818 
417 6.221412 0.000000 -0.324341 100.048026 0.000000 2.780023 -0.001734 
418 6.062560 0.000000 -0.324341 100.104128 0.000000 2.770245 -0.002851 
419 6.221412 0.000000 -0.471751 100.048026 0.000000 2.780023 -0.001734 
420 6.300838 0.000000 -0.103224 101.147686 0.000000 -0.000000 -0.023085 
421 6.221412 0.000000 -0.103224 101.179241 0.000000 0.054590 -0.023724 
422 6.300838 0.000000 -0.176930 101.140144 0.000000 -0.000000 -0.022933 
423 6.419977 0.000000 -0.066372 101.108239 0.000000 -0.000000 -0.022288 
424 6.380264 0.000000 -0.066372 101.113242 0.000000 -0.000000 -0.022389 
425 6.419977 0.000000 -0.103224 101.109707 0.000000 -0.000000 -0.022317 
426 6.459690 0.000000 -0.066372 101.086685 0.000000 -0.000000 -0.021852 
427 7.333374 0.000000 -0.176930 99.970948 0.000000 2.732672 -0.000166 
428 7.333374 0.000000 -0.471751 99.015551 0.000000 8.487108 0.012389 
429 7.651078 0.000000 -0.176930 100.096761 0.000000 3.914513 -0.003468 
430 7.333374 0.000000 0.117892 100.944893 0.000000 -2.012933 -0.019392 
431 6.856819 0.000000 -0.029519 100.612948 0.000000 -1.646410 -0.012568 
432 6.856819 0.000000 -0.176930 100.219382 0.000000 1.219520 -0.004541 
433 7.015671 0.000000 -0.029519 100.532264 0.000000 -1.182045 -0.010813 
434 6.856819 0.000000 0.117892 100.999755 0.000000 -3.313139 -0.021193 
435 6.618541 0.000000 0.044186 101.049771 0.000000 -0.000000 -0.021106 
436 6.618541 0.000000 -0.029519 101.049740 0.000000 -0.000000 -0.021105 
437 6.697967 0.000000 0.044186 101.030916 0.000000 -0.000000 -0.020725 
438 6.618541 0.000000 0.117892 101.050058 0.000000 -0.000000 -0.021111 
439 6.499403 0.000000 0.007334 101.015253 0.000000 -0.000000 -0.020408 
440 6.499403 0.000000 -0.029519 101.019039 0.000000 -0.000000 -0.020485 
441 6.539116 0.000000 0.007334 101.066068 0.000000 -0.000000 -0.021435 
442 6.499403 0.000000 0.044186 101.025781 0.000000 -0.000000 -0.020621 
443 6.439833 0.000000 -0.011093 101.026325 0.000000 -0.000000 -0.020632 
444 6.419977 0.000000 -0.011093 101.053300 0.000000 -0.000000 -0.021177 
445 6.439833 0.000000 -0.029519 101.029546 0.000000 -0.000000 -0.020697 
446 6.459690 0.000000 -0.011093 101.014050 0.000000 -0.000000 -0.020384 
447 6.439833 0.000000 0.007334 101.025350 0.000000 -0.000000 -0.020612 
448 6.340551 0.000000 0.007334 101.130222 0.000000 0.000000 -0.022732 
449 6.300838 0.000000 0.007334 101.157898 0.000000 0.000000 -0.023292 
450 6.340551 0.000000 -0.029519 101.138840 0.000000 0.000000 -0.022906 
451 6.340551 0.000000 0.044186 101.131886 0.000000 0.000000 -0.022766 
452 5.903709 0.000000 -0.029519 101.390416 0.000000 0.111944 -0.028003 
453 5.744857 0.000000 -0.029519 101.434343 0.000000 0.134642 -0.028894 
454 5.903709 0.000000 -0.176930 101.260038 0.000000 0.394945 -0.025375 
455 5.903709 0.000000 0.117892 101.284957 0.000000 0.341543 -0.025876 
456 6.141986 0.000000 0.044186 101.254028 0.000000 0.067387 -0.025238 
457 6.062560 0.000000 0.044186 101.306264 0.000000 0.093726 -0.026297 
458 6.141986 0.000000 -0.029519 101.259496 0.000000 0.049456 -0.025349 
459 6.141986 0.000000 0.117892 101.198771 0.000000 0.143924 -0.024121 
460 5.427153 0.000000 0.412713 100.323833 0.000000 2.768107 -0.007253 
461 5.427153 0.000000 0.707535 100.236313 0.000000 2.762951 -0.005495 
462 5.586005 0.000000 -0.029519 101.462201 0.000000 0.151186 -0.029460 
463 5.427153 0.000000 -0.029519 101.414157 0.000000 0.274863 -0.028491 
464 5.586005 0.000000 -0.176930 101.301209 0.000000 0.505871 -0.026219 
465 5.586005 0.000000 0.117892 101.418315 0.000000 0.236929 -0.028573 
466 5.903709 0.000000 0.265303 101.032766 0.000000 0.870969 -0.020838 
467 5.744857 0.000000 0.265303 101.021068 0.000000 1.040042 -0.020634 
468 5.903709 0.000000 0.412713 100.104371 0.000000 2.770205 -0.002856 
469 5.824283 0.000000 0.044186 101.410400 0.000000 0.125829 -0.028409 
470 5.744857 0.000000 0.044186 101.426747 0.000000 0.150830 -0.028741 
471 5.824283 0.000000 -0.029519 101.418912 0.000000 0.108985 -0.028581 
472 5.903709 0.000000 0.044186 101.371030 0.000000 0.161043 -0.027611 
473 5.824283 0.000000 0.117892 101.335653 0.000000 0.308753 -0.026901 
474 5.586005 0.000000 0.265303 101.208442 0.000000 0.685969 -0.024362 
475 5.427153 0.000000 0.265303 100.809829 0.000000 1.640902 -0.016531 
476 5.586005 0.000000 0.412713 100.232330 0.000000 2.763171 -0.005416 
477 5.665431 0.000000 0.044186 101.438988 0.000000 0.156936 -0.028989 
478 5.586005 0.000000 0.044186 101.454286 0.000000 0.170093 -0.029300 
479 5.665431 0.000000 -0.029519 101.458641 0.000000 0.121508 -0.029387 
480 5.665431 0.000000 0.117892 101.360252 0.000000 0.329097 -0.027401 
481 5.268302 0.000000 -0.029519 101.363399 0.000000 0.470996 -0.027476 
482 5.268302 0.000000 -0.176930 101.130643 0.000000 1.028968 -0.022847 
483 5.268302 0.000000 0.117892 101.311667 0.000000 0.614145 -0.026443 
484 5.506579 0.000000 0.044186 101.427859 0.000000 0.242150 -0.028767 
485 5.427153 0.000000 0.044186 101.411628 0.000000 0.281315 -0.028440 
486 5.506579 0.000000 -0.029519 101.429716 0.000000 0.237851 -0.028804 
487 5.506579 0.000000 0.117892 101.405100 0.000000 0.293748 -0.028308 
488 5.427153 0.000000 -0.766573 100.323977 0.000000 2.768107 -0.007256 
489 5.427153 0.000000 -1.061395 100.236406 0.000000 2.762945 -0.005497 
490 5.586005 0.000000 -0.324341 100.315946 0.000000 2.768094 -0.007095 
491 5.427153 0.000000 -0.324341 100.315515 0.000000 2.768047 -0.007086 
492 5.586005 0.000000 -0.471751 100.229615 0.000000 2.763320 -0.005361 
493 5.744857 0.000000 -0.324341 100.229235 0.000000 2.763350 -0.005354 
494 5.506579 0.000000 -0.103224 101.406533 0.000000 0.289997 -0.028337 
495 5.427153 0.000000 -0.103224 101.385787 0.000000 0.341416 -0.027919 
496 5.506579 0.000000 -0.176930 101.324816 0.000000 0.473036 -0.026694 
497 5.586005 0.000000 -0.103224 101.412670 0.000000 0.267134 -0.028460 
498 5.546292 0.000000 0.007334 101.497234 0.000000 0.076169 -0.030169 
499 5.506579 0.000000 0.007334 101.517874 0.000000 0.058724 -0.030588 
500 5.546292 0.000000 -0.029519 101.466035 0.000000 0.148680 -0.029538 
501 5.586005 0.000000 0.007334 101.492643 0.000000 0.080667 -0.030076 
502 5.546292 0.000000 0.044186 101.431808 0.000000 0.226697 -0.028846 
503 15.911368 0.000000 2.476465 100.011868 0.000000 -0.267496 -0.000245 
504 15.911368 0.000000 0.117892 100.006721 0.000000 -0.587853 -0.000169 
505 18.452996 0.000000 2.476465 100.003778 0.000000 -0.280258 -0.000083 
506 15.911368 0.000000 4.835038 100.005115 0.000000 0.171908 -0.000105 
507 12.098927 0.000000 1.297178 100.128154 0.000000 -1.219900 -0.002714 
508 12.098927 0.000000 0.117892 100.006775 0.000000 -0.395752 -0.000151 
509 13.369740 0.000000 1.297178 100.051359 0.000000 -1.210693 -0.001174 
510 12.098927 0.000000 2.476465 100.105487 0.000000 -0.235026 -0.002116 
511 -27.296305 0.000000 -28.184983 100.005881 0.000000 -0.001104 -0.000118 
512 -37.462817 0.000000 -28.184983 100.003451 0.000000 -0.001514 -0.000069 
513 -27.296305 0.000000 -37.619275 100.004829 0.000000 0.000098 -0.000097 
514 33.702763 0.000000 -28.184983 100.004083 0.000000 0.031677 -0.000082 
515 33.702763 0.000000 -37.619275 100.003714 0.000000 0.018094 -0.000074 
516 43.869275 0.000000 -28.184983 100.002478 0.000000 0.031621 -0.000050 
517 -12.046538 0.000000 -14.033546 100.025240 0.000000 -0.004264 -0.000505 
518 -17.129794 0.000000 -14.033546 100.014882 0.000000 -0.006273 -0.000298 
519 -12.046538 0.000000 -18.750692 100.020466 0.000000 0.000874 -0.000409 
520 18.452996 0.000000 -14.033546 100.011847 0.000000 0.107172 -0.000238 
521 18.452996 0.000000 -18.750692 100.011880 0.000000 0.067211 -0.000238 
522 23.536252 0.000000 -14.033546 100.006924 0.000000 0.105479 -0.000140 
523 -4.421655 0.000000 -6.957827 100.106254 0.000000 -0.010049 -0.002126 
524 -6.963282 0.000000 -6.957827 100.064326 0.000000 -0.023687 -0.001287 
525 -4.421655 0.000000 -9.316400 100.084542 0.000000 0.008183 -0.001692 
526 10.828113 0.000000 -6.957827 100.008771 0.000000 0.289698 -0.000184 
527 10.828113 0.000000 -9.316400 100.027835 0.000000 0.204407 -0.000561 
528 13.369740 0.000000 -6.957827 100.004667 0.000000 0.262426 -0.000100 
529 -0.609213 0.000000 -3.419968 100.436914 0.000000 0.056542 -0.008758 
530 -1.880027 0.000000 -3.419968 100.304612 0.000000 -0.059027 -0.006102 
531 -0.609213 0.000000 -4.599254 100.323273 0.000000 0.063354 -0.006476 
532 3.838636 0.000000 -1.651038 101.013370 0.000000 3.160999 -0.021369 
533 3.838636 0.000000 -2.240681 100.790025 0.000000 1.960853 -0.016247 
534 2.885526 0.000000 -0.766573 105.717217 0.000000 -0.414374 -0.117630 
535 2.885526 0.000000 -1.061395 106.322317 0.000000 -0.357679 -0.130456 
536 3.203229 0.000000 -0.766573 105.709257 0.000000 0.498634 -0.117470 
537 0.026194 0.000000 -1.651038 101.090577 0.000000 0.661090 -0.021974 
538 -0.609213 0.000000 -1.651038 100.986763 0.000000 0.097947 -0.019834 
539 0.026194 0.000000 -2.240681 100.736446 0.000000 0.340582 -0.014795 
540 0.979305 0.000000 -0.766573 102.597296 0.000000 -0.750577 -0.052677 
541 0.661601 0.000000 -0.766573 100.801545 0.000000 3.481294 -0.017307 
542 0.979305 0.000000 -1.061395 102.263755 0.000000 -0.628886 -0.045827 
543 2.885526 0.000000 0.412713 105.713508 0.000000 -0.411198 -0.117551 
544 3.203229 0.000000 0.412713 105.701902 0.000000 0.501876 -0.117314 
545 2.885526 0.000000 0.707535 106.319377 0.000000 -0.353543 -0.130393 
546 3.520932 0.000000 -0.766573 104.971776 0.000000 1.417297 -0.102108 
547 3.520932 0.000000 -1.061395 105.239361 0.000000 1.798221 -0.107856 
548 3.838636 0.000000 -0.766573 102.945106 0.000000 2.291100 -0.060294 
549 4.156339 0.000000 -0.766573 102.037809 0.000000 2.669993 -0.041884 
550 4.156339 0.000000 -1.061395 101.299755 0.000000 2.823466 -0.026961 
551 3.520932 0.000000 0.412713 104.965080 0.000000 1.419030 -0.101968 
552 3.838636 0.000000 0.412713 102.939350 0.000000 2.291968 -0.060176 
553 3.520932 0.000000 0.707535 105.232405 0.000000 1.800133 -0.107710 
554 4.156339 0.000000 0.412713 102.034557 0.000000 2.670124 -0.041818 
555 4.156339 0.000000 0.707535 101.297144 0.000000 2.823328 -0.026908 
556 15.911368 0.000000 -2.240681 99.999393 0.000000 1.602460 -0.000245 
557 15.911368 0.000000 -4.599254 100.000121 0.000000 0.369488 -0.000016 
558 18.452996 0.000000 -2.240681 100.001485 0.000000 1.593009 -0.000283 
559 9.557299 0.000000 -3.419968 99.870623 0.000000 0.677441 0.002540 
560 9.557299 0.000000 -4.599254 99.948022 0.000000 0.484586 0.001016 
561 10.828113 0.000000 -3.419968 99.915550 0.000000 0.617142 0.001650 
562 12.098927 0.000000 -1.061395 99.967721 0.000000 15.714280 -0.024048 
563 12.098927 0.000000 -2.240681 99.943108 0.000000 1.600938 0.000881 
564 13.369740 0.000000 -1.061395 99.995587 0.000000 15.804206 -0.024889 
565 7.651078 0.000000 -1.651038 99.428635 0.000000 3.077934 0.010447 
566 7.651078 0.000000 -2.240681 99.656141 0.000000 1.742924 0.006562 
567 8.286485 0.000000 -1.651038 99.605179 0.000000 2.883380 0.007049 
568 4.632895 0.000000 -0.029519 101.429783 0.000000 0.758548 -0.028858 
569 4.474043 0.000000 -0.029519 101.387642 0.000000 0.920253 -0.028030 
570 4.632895 0.000000 0.117892 101.407244 0.000000 0.912687 -0.028426 
571 7.333374 0.000000 -0.766573 98.675001 0.000000 9.481437 0.017335 
572 7.333374 0.000000 -1.061395 98.906486 0.000000 7.025281 0.016815 
573 7.651078 0.000000 -0.766573 98.756581 0.000000 9.417034 0.015846 
574 6.856819 0.000000 -0.324341 99.859115 0.000000 4.541561 0.000753 
575 6.856819 0.000000 -0.471751 99.551704 0.000000 7.416116 0.003446 
576 7.015671 0.000000 -0.324341 99.656139 0.000000 4.946106 0.004419 
577 5.903709 0.000000 -0.324341 100.159084 0.000000 2.764965 -0.003949 
578 5.903709 0.000000 -0.471751 100.159331 0.000000 2.764937 -0.003954 
579 7.333374 0.000000 0.412713 101.539178 0.000000 -2.256131 -0.031529 
580 7.651078 0.000000 0.412713 101.622615 0.000000 -1.915990 -0.033083 
581 7.333374 0.000000 0.707535 101.624641 0.000000 -0.286206 -0.032765 
582 6.856819 0.000000 0.265303 101.313469 0.000000 -3.573554 -0.027719 
583 7.015671 0.000000 0.265303 101.300200 0.000000 -3.275756 -0.027246 
584 6.856819 0.000000 0.412713 101.503477 0.000000 -2.755029 -0.031055 
585 6.618541 0.000000 -0.103224 101.049988 0.000000 -0.000000 -0.021110 
586 6.618541 0.000000 -0.176930 101.044692 0.000000 -0.000000 -0.021003 
587 6.697967 0.000000 -0.103224 100.566932 0.000000 -0.718807 -0.011422 
588 6.141986 0.000000 -0.103224 101.199895 0.000000 0.142353 -0.024144 
589 6.062560 0.000000 -0.103224 101.235906 0.000000 0.246676 -0.024877 
590 6.141986 0.000000 -0.176930 101.200269 0.000000 0.192324 -0.024153 
591 5.268302 0.000000 -0.324341 100.427299 0.000000 2.780353 -0.009337 
592 5.268302 0.000000 -0.471751 100.431564 0.000000 2.780609 -0.009423 
593 0.026194 0.000000 0.707535 96.288082 0.000000 1.917054 0.072493 
594 -0.609213 0.000000 0.707535 97.572525 0.000000 -0.466188 0.047938 
595 0.026194 0.000000 1.297178 98.247098 0.000000 1.344690 0.034570 
596 0.979305 0.000000 0.412713 102.597619 0.000000 -0.750695 -0.052683 
597 0.661601 0.000000 0.412713 99.384754 0.000000 -0.933306 0.012180 
598 0.979305 0.000000 0.707535 102.263764 0.000000 -0.628889 -0.045827 
599 1.455860 0.000000 -0.029519 104.969040 0.000000 -0.174141 -0.101853 
600 1.297008 0.000000 -0.029519 103.263511 0.000000 -0.211244 -0.066340 
601 1.455860 0.000000 0.117892 104.263909 0.000000 -0.409507 -0.087113 
602 1.694137 0.000000 -0.103224 109.567502 0.000000 -0.336294 -0.200515 
603 1.614712 0.000000 -0.103224 108.775927 0.000000 -0.326228 -0.183231 
604 1.694137 0.000000 -0.029519 110.078799 0.000000 -0.285700 -0.211742 
605 6.499403 0.000000 -0.066372 101.085052 0.000000 -0.000000 -0.021819 
606 6.499403 0.000000 -0.103224 101.086055 0.000000 -0.000000 -0.021839 
607 6.539116 0.000000 -0.066372 101.066472 0.000000 -0.000000 -0.021443 
608 6.340551 0.000000 -0.066372 101.138770 0.000000 -0.000000 -0.022905 
609 6.300838 0.000000 -0.066372 101.147460 0.000000 -0.000000 -0.023081 
610 6.340551 0.000000 -0.103224 101.139865 0.000000 -0.000000 -0.022927 
611 5.983134 0.000000 0.044186 101.360700 0.000000 0.104751 -0.027400 
612 5.983134 0.000000 -0.029519 101.346598 0.000000 0.118685 -0.027115 
613 5.983134 0.000000 0.117892 101.277489 0.000000 0.261791 -0.025720 
614 5.268302 0.000000 0.265303 100.781660 0.000000 1.917201 -0.016062 
615 5.109450 0.000000 0.265303 101.014753 0.000000 1.424296 -0.020601 
616 5.268302 0.000000 0.412713 100.326156 0.000000 2.768080 -0.007300 
617 5.665431 0.000000 -0.103224 101.360756 0.000000 0.327958 -0.027411 
618 5.665431 0.000000 -0.176930 101.319602 0.000000 0.429008 -0.026585 
619 5.744857 0.000000 -0.103224 101.362593 0.000000 0.298447 -0.027446 
620 15.911368 0.000000 -6.957827 100.006119 0.000000 0.250275 -0.000129 
621 15.911368 0.000000 -9.316400 100.005277 0.000000 0.176541 -0.000109 
622 18.452996 0.000000 -6.957827 100.005866 0.000000 0.243448 -0.000123 
623 12.098927 0.000000 -3.419968 99.953650 0.000000 0.584330 0.000893 
624 12.098927 0.000000 -4.599254 99.972860 0.000000 0.397748 0.000527 
625 13.369740 0.000000 -3.419968 99.978172 0.000000 0.570985 0.000404 
626 4.950598 0.000000 0.265303 100.901842 0.000000 1.939942 -0.018495 
627 4.791746 0.000000 0.265303 100.918510 0.000000 1.951384 -0.018835 
628 4.950598 0.000000 0.412713 100.460677 0.000000 2.782172 -0.010009 
629 5.824283 0.000000 -0.103224 101.339063 0.000000 0.328359 -0.026971 
630 5.824283 0.000000 -0.176930 101.262105 0.000000 0.475563 -0.025424 
631 5.903709 0.000000 -0.103224 101.343752 0.000000 0.225142 -0.027061 
632 5.983134 0.000000 -0.103224 101.253359 0.000000 0.326821 -0.025235 
633 5.983134 0.000000 -0.176930 101.228969 0.000000 0.380385 -0.024745 
634 4.632895 0.000000 0.265303 100.936891 0.000000 1.964042 -0.019211 
635 4.474043 0.000000 0.265303 101.232510 0.000000 2.022287 -0.025211 
636 4.632895 0.000000 0.412713 100.679049 0.000000 2.805190 -0.014414 
1 19 21 9 22 
2 20 19 22 4 
3 28 29 3 30 
4 21 28 30 9 
5 35 37 21 38 
6 36 35 38 19 
7 44 45 28 46 
8 37 44 46 21 
9 51 53 37 54 
10 52 51 54 35 
11 60 61 44 62 
12 53 60 62 37 
13 67 69 53 70 
14 68 67 70 51 
15 76 77 60 78 
16 69 76 78 53 
17 83 85 69 86 
18 84 83 86 67 
19 11 94 92 93 
20 94 10 24 92 
21 92 24 14 95 
22 93 92 95 6 
23 24 98 96 97 
24 98 23 40 96 
25 96 40 27 99 
26 97 96 99 14 
27 40 102 100 101 
28 102 39 56 100 
29 100 56 43 103 
30 101 100 103 27 
31 56 106 104 105 
32 105 104 107 43 
33 112 113 76 114 
34 85 112 114 69 
35 115 117 85 118 
36 116 115 118 83 
37 121 87 122 119 
38 119 122 91 123 
39 87 129 128 122 
40 129 90 130 128 
41 128 130 5 131 
42 122 128 131 91 
43 132 133 112 134 
44 117 132 134 85 
45 90 136 135 130 
46 136 124 137 135 
47 135 137 127 138 
48 130 135 138 5 
49 15 140 139 33 
50 140 17 141 139 
51 139 141 8 142 
52 33 139 142 18 
53 144 33 145 143 
54 143 145 18 146 
55 124 160 159 137 
56 160 126 161 159 
57 159 161 82 162 
58 137 159 162 127 
59 18 142 163 45 
60 142 8 164 163 
61 163 164 29 165 
62 45 163 165 28 
63 146 18 167 166 
64 166 167 45 168 
65 61 166 168 44 
66 169 170 61 171 
67 77 169 171 60 
68 172 173 77 174 
69 113 172 174 76 
70 175 176 113 177 
71 133 175 177 112 
72 65 187 186 153 
73 187 147 188 186 
74 186 188 150 189 
75 153 186 189 50 
76 191 153 192 190 
77 190 192 50 193 
78 194 195 172 196 
79 176 194 196 113 
80 50 189 206 173 
81 189 150 207 206 
82 206 207 169 208 
83 173 206 208 77 
84 193 50 210 209 
85 209 210 173 211 
86 195 209 211 172 
87 212 214 195 215 
88 213 212 215 194 
89 221 213 194 223 
90 222 221 223 176 
91 185 220 228 229 
92 220 201 230 228 
93 228 230 212 231 
94 229 228 231 213 
95 232 235 220 236 
96 233 232 236 185 
97 7 239 237 238 
98 239 16 240 237 
99 237 240 15 32 
100 238 237 32 13 
101 13 243 241 242 
102 243 32 244 241 
103 241 244 31 48 
104 242 241 48 26 
105 26 247 245 246 
106 247 48 248 245 
107 245 248 47 64 
108 246 245 64 42 
109 42 251 249 250 
110 251 64 252 249 
111 249 252 63 80 
112 250 249 80 58 
113 80 255 253 254 
114 255 63 256 253 
115 253 256 81 156 
116 254 253 156 79 
117 79 259 257 258 
118 259 156 260 257 
119 257 260 155 179 
120 258 257 179 126 
121 179 266 264 265 
122 266 155 267 264 
123 264 267 180 268 
124 126 271 269 270 
125 271 179 265 269 
126 269 265 178 272 
127 270 269 272 161 
128 273 275 175 276 
129 274 273 276 133 
130 178 268 277 278 
131 268 180 279 277 
132 277 279 158 280 
133 278 277 280 181 
134 265 283 281 282 
135 283 264 284 281 
136 281 284 268 285 
137 282 281 285 178 
138 6 95 286 287 
139 95 14 36 286 
140 286 36 19 288 
141 287 286 288 20 
142 14 99 289 290 
143 99 27 52 289 
144 289 52 35 291 
145 290 289 291 36 
146 27 103 292 293 
147 103 43 68 292 
148 292 68 51 294 
149 293 292 294 52 
150 43 107 295 296 
151 295 84 67 297 
152 296 295 297 68 
153 298 116 83 300 
154 299 298 300 84 
155 12 307 305 306 
156 307 7 238 305 
157 305 238 13 25 
158 306 305 25 10 
159 25 310 308 309 
160 310 13 242 308 
161 308 242 26 41 
162 309 308 41 23 
163 41 313 311 312 
164 313 26 246 311 
165 311 246 42 57 
166 312 311 57 39 
167 57 316 314 315 
168 316 42 250 314 
169 314 250 58 73 
170 315 314 73 55 
171 73 319 317 318 
172 319 58 320 317 
173 317 320 74 89 
174 318 317 89 71 
175 71 323 321 322 
176 323 89 324 321 
177 321 324 87 121 
178 322 321 121 88 
179 88 327 325 326 
180 327 121 328 325 
181 325 328 119 329 
182 326 325 329 120 
183 55 332 330 331 
184 332 73 318 330 
185 330 318 71 110 
186 331 330 110 72 
187 110 335 333 334 
188 335 71 322 333 
189 333 322 88 303 
190 334 333 303 108 
191 303 338 336 337 
192 338 88 326 336 
193 111 304 340 341 
194 304 75 342 340 
195 340 342 116 343 
196 341 340 343 298 
197 344 346 75 347 
198 345 344 347 304 
199 336 350 348 349 
200 350 326 351 348 
201 348 351 120 352 
202 104 355 353 354 
203 355 72 109 353 
204 353 109 59 356 
205 354 353 356 107 
206 109 359 357 358 
207 359 108 302 357 
208 357 302 111 360 
209 358 357 360 59 
210 108 363 361 362 
211 363 303 337 361 
212 361 337 301 364 
213 362 361 364 302 
214 337 367 365 366 
215 367 336 349 365 
216 365 349 339 368 
217 366 365 368 301 
218 75 123 369 342 
219 123 91 370 369 
220 369 370 115 371 
221 342 369 371 116 
222 120 329 372 346 
223 329 119 373 372 
224 372 373 123 374 
225 346 372 374 75 
226 339 352 375 376 
227 352 120 377 375 
228 375 377 346 378 
229 376 375 378 344 
230 349 381 379 380 
231 381 348 382 379 
232 379 382 352 383 
233 380 379 383 339 
234 205 227 384 385 
235 227 185 229 384 
236 384 229 213 386 
237 385 384 386 221 
238 224 389 387 388 
239 387 233 185 390 
240 388 387 390 227 
241 64 392 391 252 
242 392 47 393 391 
243 391 393 65 152 
244 252 391 152 63 
245 63 395 394 256 
246 395 152 396 394 
247 394 396 151 183 
248 256 394 183 81 
249 183 399 397 398 
250 399 151 400 397 
251 397 400 184 199 
252 398 397 199 182 
253 182 403 401 402 
254 403 199 404 401 
255 401 404 197 218 
256 402 401 218 198 
257 198 407 405 406 
258 407 218 408 405 
259 217 411 409 410 
260 409 412 232 413 
261 410 409 413 233 
262 81 416 414 415 
263 416 183 398 414 
264 414 398 182 204 
265 415 414 204 157 
266 204 419 417 418 
267 419 182 402 417 
268 417 402 198 226 
269 418 417 226 202 
270 226 422 420 421 
271 422 198 406 420 
272 421 420 389 224 
273 406 425 423 424 
274 425 405 426 423 
275 423 426 234 411 
276 424 423 411 217 
277 184 428 427 200 
278 428 190 429 427 
279 427 429 193 430 
280 200 427 430 154 
281 197 432 431 219 
282 432 200 433 431 
283 431 433 154 434 
284 219 431 434 201 
285 216 436 435 235 
286 436 219 437 435 
287 435 437 201 438 
288 235 435 438 220 
289 234 440 439 412 
290 440 216 441 439 
291 439 441 235 442 
292 412 439 442 232 
293 411 445 443 444 
294 445 234 446 443 
295 443 446 412 447 
296 444 443 447 409 
297 389 450 448 449 
298 450 217 410 448 
299 448 410 233 451 
300 449 448 451 387 
301 225 458 456 457 
302 458 224 388 456 
303 456 388 227 459 
304 457 456 459 205 
305 460 222 176 461 
306 275 460 461 175 
307 66 455 466 467 
308 455 205 385 466 
309 466 385 221 468 
310 467 466 468 222 
311 453 471 469 470 
312 471 452 472 469 
313 469 472 455 473 
314 470 469 473 66 
315 263 465 474 475 
316 465 66 467 474 
317 474 467 222 476 
318 475 474 476 460 
319 462 479 477 478 
320 479 453 470 477 
321 477 470 66 480 
322 478 477 480 465 
323 180 482 481 279 
324 482 261 463 481 
325 481 463 263 483 
326 279 481 483 158 
327 463 486 484 485 
328 484 478 465 487 
329 485 484 487 263 
330 156 489 488 260 
331 489 81 415 488 
332 488 415 157 262 
333 260 488 262 155 
334 262 492 490 491 
335 492 157 493 490 
336 490 493 203 464 
337 491 490 464 261 
338 261 496 494 495 
339 496 464 497 494 
340 494 497 462 486 
341 495 494 486 463 
342 486 500 498 499 
343 500 462 501 498 
344 498 501 478 502 
345 499 498 502 484 
346 34 504 503 170 
347 504 146 505 503 
348 503 505 166 506 
349 170 503 506 61 
350 150 508 507 207 
351 508 34 509 507 
352 507 509 170 510 
353 207 507 510 169 
354 1 513 511 512 
355 513 12 306 511 
356 511 306 10 94 
357 512 511 94 11 
358 16 515 514 240 
359 515 2 516 514 
360 514 516 17 140 
361 240 514 140 15 
362 10 519 517 518 
363 519 25 309 517 
364 517 309 23 98 
365 518 517 98 24 
366 32 521 520 244 
367 521 15 522 520 
368 520 522 33 144 
369 244 520 144 31 
370 23 525 523 524 
371 525 41 312 523 
372 523 312 39 102 
373 524 523 102 40 
374 48 527 526 248 
375 527 31 528 526 
376 526 528 49 148 
377 248 526 148 47 
378 39 531 529 530 
379 531 57 315 529 
380 529 315 55 106 
381 530 529 106 56 
382 58 533 532 320 
383 533 80 254 532 
384 532 254 79 125 
385 320 532 125 74 
386 89 535 534 324 
387 535 74 536 534 
388 534 536 90 129 
389 324 534 129 87 
390 106 539 537 538 
391 539 55 331 537 
392 537 331 72 355 
393 538 537 355 104 
394 72 542 540 541 
395 542 110 334 540 
396 540 334 108 359 
397 541 540 359 109 
398 91 131 543 370 
399 131 5 544 543 
400 543 544 117 545 
401 370 543 545 115 
402 74 547 546 536 
403 547 125 548 546 
404 546 548 124 136 
405 536 546 136 90 
406 125 550 549 548 
407 550 79 258 549 
408 549 258 126 160 
409 548 549 160 124 
410 5 138 551 544 
411 138 127 552 551 
412 551 552 132 553 
413 544 551 553 117 
414 127 162 554 552 
415 162 82 274 554 
416 554 274 133 555 
417 552 554 555 132 
418 49 557 556 149 
419 557 143 558 556 
420 556 558 146 504 
421 149 556 504 34 
422 47 560 559 393 
423 560 148 561 559 
424 559 561 147 187 
425 393 559 187 65 
426 147 563 562 188 
427 563 149 564 562 
428 562 564 34 508 
429 188 562 508 150 
430 152 566 565 396 
431 566 65 567 565 
432 565 567 153 191 
433 396 565 191 151 
434 161 272 568 569 
435 272 178 278 568 
436 568 278 181 570 
437 569 568 570 82 
438 151 572 571 400 
439 572 191 573 571 
440 571 573 190 428 
441 400 571 428 184 
442 199 575 574 404 
443 575 184 576 574 
444 574 576 200 432 
445 404 574 432 197 
446 157 578 577 493 
447 578 204 418 577 
448 577 418 202 454 
449 493 577 454 203 
450 154 430 579 214 
451 430 193 580 579 
452 579 580 209 581 
453 214 579 581 195 
454 201 434 582 230 
455 434 154 583 582 
456 582 583 214 584 
457 230 582 584 212 
458 218 586 585 408 
459 586 197 587 585 
460 585 587 219 436 
461 408 585 436 216 
462 202 590 588 589 
463 590 226 421 588 
464 588 421 224 458 
465 589 588 458 225 
466 155 592 591 267 
467 592 262 491 591 
468 591 491 261 482 
469 267 591 482 180 
470 107 356 593 594 
471 356 59 299 593 
472 593 299 84 595 
473 594 593 595 295 
474 59 360 596 597 
475 360 111 341 596 
476 596 341 298 598 
477 597 596 598 299 
478 302 364 599 600 
479 364 301 345 599 
480 599 345 304 601 
481 600 599 601 111 
482 301 368 602 603 
483 368 339 376 602 
484 602 376 344 604 
485 603 602 604 345 
486 405 606 605 426 
487 606 408 607 605 
488 605 607 216 440 
489 426 605 440 234 
490 420 610 608 609 
491 610 406 424 608 
492 608 424 217 450 
493 609 608 450 389 
494 452 612 611 472 
495 612 225 457 611 
496 611 457 205 613 
497 472 611 613 455 
498 158 483 614 615 
499 483 263 475 614 
500 614 475 460 616 
501 615 614 616 275 
502 464 618 617 497 
503 618 203 619 617 
504 617 619 453 479 
505 497 617 479 462 
506 31 621 620 528 
507 621 144 622 620 
508 620 622 143 557 
509 528 620 557 49 
510 148 624 623 561 
511 624 49 625 623 
512 623 625 149 563 
513 561 623 563 147 
514 181 280 626 627 
515 280 158 615 626 
516 626 615 275 628 
517 627 626 628 273 
518 203 630 629 619 
519 630 454 631 629 
520 629 631 452 471 
521 619 629 471 453 
522 454 633 632 631 
523 633 202 589 632 
524 632 589 225 612 
525 631 632 612 452 
526 82 570 634 635 
527 570 181 627 634 
528 634 627 273 636 
529 635 634 636 274 
