2 0.000000 100.000000 473.401889
669 553 
1 -37.472175 0.000000 -37.628633 96.093514 0.000000 27.577173 0.000554 
2 44.013532 0.000000 -37.628633 96.120520 0.000000 27.399890 0.001009 
3 44.013532 0.000000 37.928594 96.305564 0.000000 27.031836 -0.000548 
4 -37.472175 0.000000 37.928594 96.177559 0.000000 27.569900 -0.001022 
5 3.270679 0.000000 0.149981 111.857479 0.000000 0.271972 -0.251217 
6 -37.472175 0.000000 0.149981 96.141294 0.000000 27.620259 -0.000603 
7 3.270679 0.000000 -37.628633 96.022979 0.000000 27.463449 0.002535 
8 44.013532 0.000000 0.149981 96.780552 0.000000 25.172588 -0.000013 
9 3.270679 0.000000 37.928594 96.300854 0.000000 27.397123 -0.002446 
10 -17.100748 0.000000 -18.739326 95.994234 0.000000 27.617170 0.002240 
11 -37.472175 0.000000 -18.739326 96.099663 0.000000 27.602485 0.000296 
12 -17.100748 0.000000 -37.628633 96.052225 0.000000 27.553853 0.001476 
13 3.270679 0.000000 -18.739326 95.706678 0.000000 27.167814 0.010214 
14 -17.100748 0.000000 0.149981 96.185043 0.000000 27.791204 -0.002391 
15 23.642105 0.000000 -18.739326 96.101016 0.000000 26.929502 0.003940 
16 23.642105 0.000000 -37.628633 96.073635 0.000000 27.391622 0.001956 
17 44.013532 0.000000 -18.739326 96.190791 0.000000 27.126644 0.001148 
18 23.642105 0.000000 0.149981 97.891387 0.000000 20.939216 -0.002117 
19 -17.100748 0.000000 19.039288 96.329565 0.000000 27.588396 -0.004050 
20 -37.472175 0.000000 19.039288 96.178659 0.000000 27.596664 -0.001191 
21 3.270679 0.000000 19.039288 96.802326 0.000000 26.941994 -0.009656 
22 -17.100748 0.000000 37.928594 96.236613 0.000000 27.532642 -0.001953 
23 -6.915035 0.000000 -9.294673 95.573066 0.000000 27.788324 0.009360 
24 -17.100748 0.000000 -9.294673 96.018183 0.000000 27.719454 0.001214 
25 -6.915035 0.000000 -18.739326 95.831634 0.000000 27.523711 0.005874 
26 3.270679 0.000000 -9.294673 94.681482 0.000000 26.170927 0.035050 
27 -6.915035 0.000000 0.149981 96.347813 0.000000 28.428383 -0.009107 
28 23.642105 0.000000 19.039288 96.734719 0.000000 25.795069 -0.002299 
29 44.013532 0.000000 19.039288 97.228257 0.000000 23.766624 -0.001819 
30 23.642105 0.000000 37.928594 96.297837 0.000000 27.215599 -0.001396 
31 13.456392 0.000000 -9.294673 96.006823 0.000000 25.340699 0.014054 
32 13.456392 0.000000 -18.739326 95.921435 0.000000 26.893934 0.007579 
33 23.642105 0.000000 -9.294673 96.353658 0.000000 25.944440 0.004286 
34 13.456392 0.000000 0.149981 99.406792 0.000000 13.419846 -0.006180 
35 -6.915035 0.000000 9.594634 96.936664 0.000000 27.674008 -0.016257 
36 -17.100748 0.000000 9.594634 96.334022 0.000000 27.695533 -0.004729 
37 3.270679 0.000000 9.594634 98.233726 0.000000 25.668640 -0.030874 
38 -6.915035 0.000000 19.039288 96.553532 0.000000 27.445121 -0.007582 
39 -1.822178 0.000000 -4.572346 94.185139 0.000000 28.347159 0.032560 
40 -6.915035 0.000000 -4.572346 95.692074 0.000000 28.154032 0.005038 
41 -1.822178 0.000000 -9.294673 95.006585 0.000000 27.378253 0.022418 
42 3.270679 0.000000 -4.572346 91.697958 0.000000 23.858233 0.102227 
43 -1.822178 0.000000 0.149981 96.791775 0.000000 30.801555 -0.031738 
44 13.456392 0.000000 9.594634 97.713523 0.000000 23.164673 -0.008453 
45 23.642105 0.000000 9.594634 98.048387 0.000000 21.017542 -0.005522 
46 13.456392 0.000000 19.039288 96.747028 0.000000 26.327267 -0.005311 
47 8.363535 0.000000 -4.572346 95.262081 0.000000 21.369658 0.046847 
48 8.363535 0.000000 -9.294673 95.365697 0.000000 25.280365 0.026629 
49 13.456392 0.000000 -4.572346 96.629629 0.000000 22.668196 0.014887 
50 8.363535 0.000000 0.149981 99.052137 0.000000 6.794839 0.014250 
51 -1.822178 0.000000 4.872307 98.720352 0.000000 27.944876 -0.052662 
52 -6.915035 0.000000 4.872307 96.920990 0.000000 28.051549 -0.018057 
53 3.270679 0.000000 4.872307 101.536342 0.000000 23.557102 -0.086457 
54 -1.822178 0.000000 9.594634 97.643078 0.000000 27.140456 -0.027078 
55 0.724250 0.000000 -2.211183 89.030262 0.000000 30.333260 0.115351 
56 -1.822178 0.000000 -2.211183 94.541207 0.000000 29.910725 0.016731 
57 0.724250 0.000000 -4.572346 92.292610 0.000000 27.185648 0.074301 
58 3.270679 0.000000 -2.211183 86.057398 0.000000 18.807865 0.224039 
59 0.724250 0.000000 0.149981 101.172131 0.000000 0.193171 -0.023584 
60 8.363535 0.000000 4.872307 99.364104 0.000000 19.796843 -0.026514 
61 13.456392 0.000000 4.872307 98.420194 0.000000 19.798773 -0.007853 
62 8.363535 0.000000 9.594634 97.973988 0.000000 24.147379 -0.018200 
63 5.817107 0.000000 -2.211183 92.892443 0.000000 15.255052 0.113828 
64 5.817107 0.000000 -4.572346 93.534083 0.000000 21.622765 0.078383 
65 8.363535 0.000000 -2.211183 96.171773 0.000000 16.511837 0.047835 
66 5.817107 0.000000 0.149981 98.683877 0.000000 0.090984 0.026148 
67 0.724250 0.000000 2.511144 103.547780 0.000000 29.048939 -0.156598 
68 -1.822178 0.000000 2.511144 98.768562 0.000000 29.454701 -0.062281 
69 3.270679 0.000000 2.511144 106.304408 0.000000 21.527202 -0.176405 
70 0.724250 0.000000 4.872307 100.612881 0.000000 26.635388 -0.083240 
71 1.997464 0.000000 -1.030601 100.042219 0.000000 1.309218 -0.001016 
72 0.724250 0.000000 -1.030601 87.727037 0.000000 35.800051 0.102232 
73 1.997464 0.000000 -2.211183 84.897334 0.000000 25.423920 0.214607 
74 3.270679 0.000000 -1.030601 98.507520 0.000000 0.835157 0.029557 
75 1.997464 0.000000 0.149981 136.901161 0.000000 0.416664 -0.874210 
76 -27.286461 0.000000 -9.294673 96.096265 0.000000 27.649512 0.000101 
77 -37.472175 0.000000 -9.294673 96.116295 0.000000 27.615682 -0.000097 
78 -27.286461 0.000000 -18.739326 96.069376 0.000000 27.615369 0.000807 
79 -27.286461 0.000000 0.149981 96.152849 0.000000 27.664522 -0.001070 
80 -12.007891 0.000000 -4.572346 96.002108 0.000000 27.908621 0.000470 
81 -17.100748 0.000000 -4.572346 96.084880 0.000000 27.772562 -0.000362 
82 -12.007891 0.000000 -9.294673 95.897063 0.000000 27.769211 0.003262 
83 -12.007891 0.000000 0.149981 96.230757 0.000000 28.004838 -0.004463 
84 -4.368606 0.000000 -2.211183 95.644105 0.000000 28.848332 0.001998 
85 -6.915035 0.000000 -2.211183 95.955010 0.000000 28.361689 -0.001175 
86 -4.368606 0.000000 -4.572346 95.232246 0.000000 28.326850 0.012841 
87 -4.368606 0.000000 0.149981 96.493552 0.000000 29.049856 -0.015490 
88 -0.548964 0.000000 -1.030601 94.662496 0.000000 32.869603 -0.004140 
89 -1.822178 0.000000 -1.030601 95.526547 0.000000 30.669035 -0.006591 
90 -0.548964 0.000000 -2.211183 92.854137 0.000000 30.683606 0.043663 
91 -0.548964 0.000000 0.149981 96.529611 0.000000 31.857112 -0.033284 
92 5.817107 0.000000 2.511144 102.013688 0.000000 17.712070 -0.072051 
93 8.363535 0.000000 2.511144 100.393952 0.000000 13.764420 -0.026840 
94 5.817107 0.000000 4.872307 100.557312 0.000000 20.927754 -0.054974 
95 1.997464 0.000000 1.330562 112.148535 0.000000 27.829747 -0.335179 
96 0.724250 0.000000 1.330562 105.036937 0.000000 33.593915 -0.216131 
97 3.270679 0.000000 1.330562 111.360154 0.000000 16.819162 -0.268397 
98 1.997464 0.000000 2.511144 106.324391 0.000000 25.830889 -0.197211 
99 1.360857 0.000000 -0.440310 100.205438 0.000000 1.391293 -0.004307 
100 0.724250 0.000000 -0.440310 100.274903 0.000000 1.554492 -0.005747 
101 1.360857 0.000000 -1.030601 100.294101 0.000000 1.443612 -0.006099 
102 1.997464 0.000000 -0.440310 99.930245 0.000000 1.276086 0.001232 
103 1.360857 0.000000 0.149981 108.118741 0.000000 0.294126 -0.168975 
104 4.543893 0.000000 -1.030601 97.724757 0.000000 0.831598 0.044918 
105 4.543893 0.000000 -2.211183 89.807077 0.000000 15.810694 0.168471 
106 5.817107 0.000000 -1.030601 97.571117 0.000000 0.887675 0.047909 
107 4.543893 0.000000 0.149981 102.905573 0.000000 0.261029 -0.058963 
108 2.634072 0.000000 -0.440310 99.305551 0.000000 1.027926 0.013735 
109 2.634072 0.000000 -1.030601 99.630781 0.000000 1.172586 0.007233 
110 3.270679 0.000000 -0.440310 98.454741 0.000000 0.841956 0.030596 
111 2.634072 0.000000 0.149981 118.862755 0.000000 0.407227 -0.412852 
112 -27.286461 0.000000 9.594634 96.205637 0.000000 27.641656 -0.001959 
113 -37.472175 0.000000 9.594634 96.165072 0.000000 27.612269 -0.001016 
114 -27.286461 0.000000 19.039288 96.224239 0.000000 27.603354 -0.002105 
115 -12.007891 0.000000 4.872307 96.450412 0.000000 27.904514 -0.008134 
116 -17.100748 0.000000 4.872307 96.280017 0.000000 27.758300 -0.004036 
117 -12.007891 0.000000 9.594634 96.509097 0.000000 27.719976 -0.008240 
118 -4.368606 0.000000 2.511144 97.261397 0.000000 28.692529 -0.028304 
119 -6.915035 0.000000 2.511144 96.715110 0.000000 28.296475 -0.015450 
120 -4.368606 0.000000 4.872307 97.524570 0.000000 28.122369 -0.030191 
121 -0.548964 0.000000 1.330562 99.576328 0.000000 32.135470 -0.094813 
122 -1.822178 0.000000 1.330562 98.025714 0.000000 30.376548 -0.053178 
123 -0.548964 0.000000 2.511144 100.522460 0.000000 29.754968 -0.099012 
124 1.360857 0.000000 0.740272 100.294206 0.000000 1.442791 -0.006101 
125 0.724250 0.000000 0.740272 106.852720 0.000000 33.031597 -0.250859 
126 1.997464 0.000000 0.740272 100.038942 0.000000 1.307504 -0.000950 
127 1.360857 0.000000 1.330562 108.974949 0.000000 31.929854 -0.289506 
128 1.679161 0.000000 -0.145165 127.733356 0.000000 0.359777 -0.631594 
129 1.360857 0.000000 -0.145165 108.074702 0.000000 0.303368 -0.168023 
130 1.679161 0.000000 -0.440310 100.081917 0.000000 1.336143 -0.001818 
131 1.997464 0.000000 -0.145165 123.324118 0.000000 0.767194 -0.520943 
132 1.679161 0.000000 0.149981 128.083525 0.000000 0.344539 -0.640551 
133 4.543893 0.000000 1.330562 107.034114 0.000000 10.592856 -0.156851 
134 5.817107 0.000000 1.330562 103.990996 0.000000 8.832160 -0.089213 
135 4.543893 0.000000 2.511144 104.187919 0.000000 18.847389 -0.121035 
136 2.634072 0.000000 0.740272 99.629143 0.000000 1.172682 0.007266 
137 3.270679 0.000000 0.740272 98.506889 0.000000 0.835192 0.029570 
138 2.634072 0.000000 1.330562 112.787579 0.000000 22.192772 -0.321356 
139 2.315768 0.000000 -0.145165 118.428121 0.000000 0.629446 -0.402562 
140 2.315768 0.000000 -0.440310 99.807136 0.000000 1.164798 0.003718 
141 2.634072 0.000000 -0.145165 114.483146 0.000000 0.521105 -0.310666 
142 2.315768 0.000000 0.149981 127.635044 0.000000 0.420891 -0.629088 
143 3.907286 0.000000 -0.440310 97.935275 0.000000 0.805082 0.040803 
144 3.907286 0.000000 -1.030601 97.919640 0.000000 0.804454 0.041110 
145 4.543893 0.000000 -0.440310 97.757437 0.000000 0.820832 0.044281 
146 3.907286 0.000000 0.149981 106.521730 0.000000 0.270789 -0.134695 
147 2.952375 0.000000 -0.145165 110.611722 0.000000 0.477040 -0.223518 
148 2.952375 0.000000 -0.440310 98.945525 0.000000 0.959978 0.020886 
149 3.270679 0.000000 -0.145165 107.941413 0.000000 0.430660 -0.165153 
150 2.952375 0.000000 0.149981 114.995846 0.000000 0.350858 -0.322417 
151 3.907286 0.000000 0.740272 97.918797 0.000000 0.804663 0.041126 
152 4.543893 0.000000 0.740272 97.724688 0.000000 0.831648 0.044919 
153 3.907286 0.000000 1.330562 109.181328 0.000000 12.895997 -0.208687 
154 3.588982 0.000000 -0.145165 106.458500 0.000000 0.375150 -0.133355 
155 3.588982 0.000000 -0.440310 98.132589 0.000000 0.805253 0.036935 
156 3.907286 0.000000 -0.145165 104.473791 0.000000 0.390762 -0.091493 
157 3.588982 0.000000 0.149981 109.084966 0.000000 0.251620 -0.189959 
158 33.827819 0.000000 -9.294673 96.357512 0.000000 26.410058 0.001774 
159 33.827819 0.000000 -18.739326 96.171122 0.000000 27.033198 0.002032 
160 44.013532 0.000000 -9.294673 96.322777 0.000000 26.697469 0.000917 
161 33.827819 0.000000 0.149981 97.148776 0.000000 23.802515 -0.000444 
162 18.549249 0.000000 -4.572346 96.805421 0.000000 23.796493 0.006244 
163 18.549249 0.000000 -9.294673 96.252317 0.000000 25.637137 0.007823 
164 23.642105 0.000000 -4.572346 96.760424 0.000000 24.595273 0.003249 
165 18.549249 0.000000 0.149981 98.555110 0.000000 18.265656 -0.004674 
166 10.909964 0.000000 -2.211183 97.231339 0.000000 18.268821 0.021232 
167 10.909964 0.000000 -4.572346 96.235911 0.000000 21.974498 0.025577 
168 13.456392 0.000000 -2.211183 97.508364 0.000000 19.754430 0.010188 
169 10.909964 0.000000 0.149981 99.358897 0.000000 10.341519 0.002086 
170 7.090321 0.000000 -1.030601 96.160601 0.000000 10.728127 0.063805 
171 7.090321 0.000000 -2.211183 94.937221 0.000000 15.660996 0.074166 
172 8.363535 0.000000 -1.030601 97.356826 0.000000 12.516798 0.036498 
173 7.090321 0.000000 0.149981 99.163000 0.000000 2.988729 0.015777 
174 5.180500 0.000000 -0.440310 97.675962 0.000000 0.845430 0.045869 
175 5.180500 0.000000 -1.030601 97.657228 0.000000 0.851191 0.046234 
176 5.817107 0.000000 -0.440310 98.540548 0.000000 0.193046 0.028972 
177 5.180500 0.000000 0.149981 99.366613 0.000000 0.191909 0.012624 
178 33.827819 0.000000 9.594634 99.875223 0.000000 14.494293 -0.018514 
179 44.013532 0.000000 9.594634 100.678791 0.000000 11.668646 -0.027238 
180 33.827819 0.000000 19.039288 96.888430 0.000000 25.032860 -0.001401 
181 18.549249 0.000000 4.872307 100.224317 0.000000 13.213927 -0.021952 
182 23.642105 0.000000 4.872307 99.967591 0.000000 14.060531 -0.019122 
183 18.549249 0.000000 9.594634 97.813509 0.000000 22.150548 -0.005813 
184 10.909964 0.000000 2.511144 100.462879 0.000000 11.173400 -0.021764 
185 13.456392 0.000000 2.511144 99.244497 0.000000 15.632111 -0.009383 
186 10.909964 0.000000 4.872307 98.702561 0.000000 19.572447 -0.012528 
187 7.090321 0.000000 1.330562 101.914642 0.000000 7.248166 -0.043913 
188 8.363535 0.000000 1.330562 100.447952 0.000000 9.872555 -0.018726 
189 7.090321 0.000000 2.511144 100.624987 0.000000 16.401132 -0.039439 
190 5.180500 0.000000 0.740272 97.657425 0.000000 0.851111 0.046230 
191 5.817107 0.000000 0.740272 97.571121 0.000000 0.887673 0.047909 
192 5.180500 0.000000 1.330562 105.421435 0.000000 8.978393 -0.119429 
193 4.862196 0.000000 -0.145165 100.919659 0.000000 0.255606 -0.018484 
194 4.543893 0.000000 -0.145165 101.260623 0.000000 0.438098 -0.025391 
195 4.862196 0.000000 -0.440310 97.706759 0.000000 0.837191 0.045269 
196 5.180500 0.000000 -0.145165 99.345579 0.000000 0.180698 0.013042 
197 4.862196 0.000000 0.149981 100.973390 0.000000 0.245610 -0.019569 
198 6.453714 0.000000 -0.440310 98.616321 0.000000 -0.000000 0.027482 
199 6.453714 0.000000 -1.030601 94.939210 0.000000 9.817647 0.089016 
200 7.090321 0.000000 -0.440310 97.408907 0.000000 7.696700 0.045227 
201 6.453714 0.000000 0.149981 98.624857 0.000000 -0.000000 0.027314 
202 13.456392 0.000000 -28.183979 95.995480 0.000000 27.283327 0.004049 
203 3.270679 0.000000 -28.183979 95.943840 0.000000 27.386507 0.004476 
204 13.456392 0.000000 -37.628633 96.042030 0.000000 27.415434 0.002432 
205 23.642105 0.000000 -28.183979 96.067754 0.000000 27.255411 0.002813 
206 8.363535 0.000000 -14.016999 95.607930 0.000000 26.487782 0.015752 
207 3.270679 0.000000 -14.016999 95.418753 0.000000 26.859155 0.017385 
208 8.363535 0.000000 -18.739326 95.780923 0.000000 26.980515 0.009807 
209 13.456392 0.000000 -14.016999 95.873324 0.000000 26.369929 0.011293 
210 5.817107 0.000000 -6.933509 94.407715 0.000000 24.272286 0.049804 
211 3.270679 0.000000 -6.933509 93.733393 0.000000 25.401441 0.056882 
212 5.817107 0.000000 -9.294673 94.953873 0.000000 25.582257 0.032931 
213 8.363535 0.000000 -6.933509 95.239833 0.000000 23.910687 0.035765 
214 4.543893 0.000000 -3.391764 91.242927 0.000000 20.050137 0.127272 
215 3.270679 0.000000 -3.391764 89.608553 0.000000 22.236418 0.147585 
216 4.543893 0.000000 -4.572346 92.481105 0.000000 22.428593 0.094420 
217 5.817107 0.000000 -3.391764 93.041886 0.000000 19.111463 0.097796 
218 5.180500 0.000000 -1.620892 91.433212 0.000000 12.407968 0.148601 
219 4.543893 0.000000 -1.620892 89.274133 0.000000 12.539681 0.187289 
220 5.180500 0.000000 -2.211183 91.489119 0.000000 15.378283 0.139325 
221 5.817107 0.000000 -1.620892 93.053454 0.000000 12.594134 0.118244 
222 4.862196 0.000000 -0.735456 97.711123 0.000000 0.835870 0.045184 
223 4.543893 0.000000 -0.735456 97.757689 0.000000 0.827634 0.044275 
224 4.862196 0.000000 -1.030601 97.687053 0.000000 0.841275 0.045653 
225 5.180500 0.000000 -0.735456 97.679201 0.000000 0.844220 0.045806 
226 5.498803 0.000000 -0.145165 98.892468 0.000000 0.105482 0.022027 
227 5.498803 0.000000 -0.440310 98.402252 0.000000 0.355636 0.031687 
228 5.817107 0.000000 -0.145165 98.660322 0.000000 0.108889 0.026613 
229 5.498803 0.000000 0.149981 98.896316 0.000000 0.102581 0.021951 
230 5.021348 0.000000 -0.292737 98.540311 0.000000 0.602696 0.028944 
231 4.862196 0.000000 -0.292737 97.845664 0.000000 0.801526 0.042558 
232 5.021348 0.000000 -0.440310 97.678210 0.000000 0.844544 0.045825 
233 5.180500 0.000000 -0.292737 98.625063 0.000000 0.508049 0.027284 
234 5.021348 0.000000 -0.145165 99.324677 0.000000 0.377823 0.013447 
235 4.225589 0.000000 -0.145165 103.067143 0.000000 0.389596 -0.062299 
236 4.225589 0.000000 -0.440310 97.829324 0.000000 0.809261 0.042877 
237 4.225589 0.000000 0.149981 104.678909 0.000000 0.267290 -0.095775 
238 4.703045 0.000000 -0.292737 98.265487 0.000000 0.760543 0.034332 
239 4.543893 0.000000 -0.292737 97.741338 0.000000 0.820992 0.044596 
240 4.703045 0.000000 -0.440310 97.713218 0.000000 0.834981 0.045143 
241 4.703045 0.000000 -0.145165 100.032665 0.000000 0.519390 -0.000680 
242 4.862196 0.000000 0.445126 97.711714 0.000000 0.835702 0.045172 
243 4.543893 0.000000 0.445126 97.723030 0.000000 0.831997 0.044952 
244 5.180500 0.000000 0.445126 97.679683 0.000000 0.844042 0.045797 
245 4.862196 0.000000 0.740272 97.687226 0.000000 0.841217 0.045650 
246 5.021348 0.000000 0.002408 100.567622 0.000000 0.122662 -0.011386 
247 4.862196 0.000000 0.002408 101.248072 0.000000 0.200838 -0.025121 
248 5.180500 0.000000 0.002408 99.472253 0.000000 0.137290 0.010525 
249 5.021348 0.000000 0.149981 99.405274 0.000000 0.354372 0.011847 
250 4.941772 0.000000 -0.218951 98.284435 0.000000 0.727999 0.033964 
251 4.862196 0.000000 -0.218951 98.303731 0.000000 0.739249 0.033583 
252 4.941772 0.000000 -0.292737 97.811337 0.000000 0.816091 0.043228 
253 5.021348 0.000000 -0.218951 98.328625 0.000000 0.667068 0.033104 
254 4.941772 0.000000 -0.145165 100.425958 0.000000 0.279429 -0.008545 
255 4.703045 0.000000 0.002408 103.455751 0.000000 0.058720 -0.070310 
256 4.543893 0.000000 0.002408 103.343479 0.000000 0.213773 -0.067992 
257 4.703045 0.000000 0.149981 101.055920 0.000000 0.383078 -0.021245 
258 4.782620 0.000000 -0.218951 98.621422 0.000000 0.695041 0.027333 
259 4.703045 0.000000 -0.218951 98.816165 0.000000 0.685812 0.023490 
260 4.782620 0.000000 -0.292737 98.158095 0.000000 0.779207 0.036438 
261 4.782620 0.000000 -0.145165 100.220593 0.000000 0.431385 -0.004435 
262 -6.915035 0.000000 -28.183979 95.965992 0.000000 27.506433 0.003392 
263 -17.100748 0.000000 -28.183979 96.023573 0.000000 27.569805 0.001938 
264 -6.915035 0.000000 -37.628633 96.029237 0.000000 27.516875 0.002121 
265 -1.822178 0.000000 -14.016999 95.473964 0.000000 27.331886 0.013769 
266 -6.915035 0.000000 -14.016999 95.692899 0.000000 27.599802 0.008112 
267 -1.822178 0.000000 -18.739326 95.744600 0.000000 27.378100 0.008341 
268 0.724250 0.000000 -6.933509 93.903883 0.000000 26.760686 0.046593 
269 -1.822178 0.000000 -6.933509 94.592269 0.000000 27.622138 0.028932 
270 0.724250 0.000000 -9.294673 94.719807 0.000000 26.861153 0.030664 
271 1.997464 0.000000 -3.391764 89.358158 0.000000 25.445785 0.136763 
272 0.724250 0.000000 -3.391764 90.921344 0.000000 27.993470 0.094967 
273 1.997464 0.000000 -4.572346 91.613681 0.000000 25.649755 0.094902 
274 2.634072 0.000000 -1.620892 80.863923 0.000000 19.424574 0.308371 
275 1.997464 0.000000 -1.620892 80.474596 0.000000 25.442074 0.287654 
276 2.634072 0.000000 -2.211183 84.800344 0.000000 21.797038 0.233379 
277 3.270679 0.000000 -1.620892 83.564163 0.000000 15.444319 0.277850 
278 2.315768 0.000000 -0.735456 99.719993 0.000000 1.203350 0.005447 
279 1.997464 0.000000 -0.735456 99.911099 0.000000 1.268365 0.001616 
280 2.315768 0.000000 -1.030601 99.848561 0.000000 1.239664 0.002873 
281 2.634072 0.000000 -0.735456 99.501570 0.000000 1.137982 0.009814 
282 2.156616 0.000000 -0.292737 104.951952 0.000000 1.111131 -0.101615 
283 1.997464 0.000000 -0.292737 104.500968 0.000000 1.248722 -0.092201 
284 2.156616 0.000000 -0.440310 99.782070 0.000000 1.226883 0.004203 
285 2.315768 0.000000 -0.292737 102.620736 0.000000 1.017938 -0.053205 
286 2.156616 0.000000 -0.145165 117.749540 0.000000 0.779826 -0.386556 
287 1.360857 0.000000 -1.620892 83.797844 0.000000 30.620156 0.204033 
288 0.724250 0.000000 -1.620892 88.117425 0.000000 32.671975 0.116786 
289 1.360857 0.000000 -2.211183 86.598731 0.000000 28.558911 0.168505 
290 1.679161 0.000000 -0.735456 100.070758 0.000000 1.328781 -0.001592 
291 1.360857 0.000000 -0.735456 100.202475 0.000000 1.387116 -0.004246 
292 1.679161 0.000000 -1.030601 100.196134 0.000000 1.377797 -0.004116 
293 1.838313 0.000000 -0.292737 106.561789 0.000000 1.293736 -0.135709 
294 1.679161 0.000000 -0.292737 116.670813 0.000000 0.944526 -0.361297 
295 1.838313 0.000000 -0.440310 99.948436 0.000000 1.287796 0.000865 
296 1.838313 0.000000 -0.145165 137.188126 0.000000 0.426069 -0.882076 
297 0.087643 0.000000 -0.440310 94.606417 0.000000 36.874209 -0.031008 
298 -0.548964 0.000000 -0.440310 96.796258 0.000000 32.560651 -0.042971 
299 0.087643 0.000000 -1.030601 92.458564 0.000000 34.984144 0.022752 
300 0.087643 0.000000 0.149981 102.911318 0.000000 -0.000000 -0.059074 
301 1.042554 0.000000 -0.145165 102.911055 0.000000 0.336140 -0.059080 
302 0.724250 0.000000 -0.145165 101.183619 0.000000 0.194216 -0.023816 
303 1.042554 0.000000 -0.440310 100.293037 0.000000 1.448346 -0.006079 
304 1.042554 0.000000 0.149981 102.915927 0.000000 0.331249 -0.059180 
305 1.520009 0.000000 -0.292737 104.879747 0.000000 0.911170 -0.100059 
306 1.360857 0.000000 -0.292737 105.570973 0.000000 0.888517 -0.114602 
307 1.520009 0.000000 -0.440310 100.084345 0.000000 1.339432 -0.001867 
308 1.520009 0.000000 -0.145165 119.997200 0.000000 0.377112 -0.439947 
309 1.679161 0.000000 0.445126 100.066547 0.000000 1.326031 -0.001507 
310 1.360857 0.000000 0.445126 100.201289 0.000000 1.385490 -0.004222 
311 1.997464 0.000000 0.445126 99.903858 0.000000 1.265331 0.001762 
312 1.679161 0.000000 0.740272 100.194801 0.000000 1.376313 -0.004089 
313 1.838313 0.000000 0.002408 144.470036 0.000000 0.262448 -1.087166 
314 1.679161 0.000000 0.002408 131.506540 0.000000 0.273789 -0.729404 
315 1.997464 0.000000 0.002408 141.862664 0.000000 0.303477 -1.012511 
316 1.838313 0.000000 0.149981 134.135343 0.000000 0.496397 -0.799254 
317 1.758737 0.000000 -0.218951 126.518754 0.000000 0.683744 -0.600746 
318 1.679161 0.000000 -0.218951 124.974852 0.000000 0.572955 -0.561904 
319 1.758737 0.000000 -0.292737 115.911230 0.000000 0.929180 -0.343628 
320 1.838313 0.000000 -0.218951 111.759717 0.000000 1.164577 -0.249159 
321 1.758737 0.000000 -0.145165 128.786556 0.000000 0.506368 -0.658623 
322 1.838313 0.000000 -0.587883 99.939117 0.000000 1.283441 0.001053 
323 1.679161 0.000000 -0.587883 100.076861 0.000000 1.332760 -0.001715 
324 1.838313 0.000000 -0.735456 100.063658 0.000000 1.322711 -0.001449 
325 1.997464 0.000000 -0.587883 99.921453 0.000000 1.272524 0.001408 
326 1.758737 0.000000 -0.366524 100.081087 0.000000 1.334515 -0.001800 
327 1.679161 0.000000 -0.366524 100.083772 0.000000 1.337404 -0.001855 
328 1.758737 0.000000 -0.440310 100.079153 0.000000 1.333267 -0.001761 
329 1.838313 0.000000 -0.366524 99.951875 0.000000 1.289421 0.000796 
330 1.917889 0.000000 -0.218951 108.300964 0.000000 1.235672 -0.173063 
331 1.917889 0.000000 -0.292737 104.449660 0.000000 1.334642 -0.091151 
332 1.997464 0.000000 -0.218951 108.219197 0.000000 1.166380 -0.171275 
333 1.917889 0.000000 -0.145165 130.333416 0.000000 0.610543 -0.698717 
334 1.798525 0.000000 -0.255844 103.030661 0.000000 1.475644 -0.061749 
335 1.758737 0.000000 -0.255844 117.429276 0.000000 0.894647 -0.379044 
336 1.798525 0.000000 -0.292737 115.763578 0.000000 0.931126 -0.340207 
337 1.838313 0.000000 -0.255844 102.703513 0.000000 1.480572 -0.055020 
338 1.798525 0.000000 -0.218951 126.359961 0.000000 0.686344 -0.596731 
339 1.917889 0.000000 -0.366524 99.943986 0.000000 1.284024 0.000955 
340 1.917889 0.000000 -0.440310 99.940567 0.000000 1.282512 0.001024 
341 1.997464 0.000000 -0.366524 100.233468 0.000000 1.345687 -0.004856 
342 1.878101 0.000000 -0.255844 101.539437 0.000000 1.490111 -0.031248 
343 1.878101 0.000000 -0.292737 104.405212 0.000000 1.353704 -0.090228 
344 1.917889 0.000000 -0.255844 106.808245 0.000000 1.281836 -0.140964 
345 1.878101 0.000000 -0.218951 109.754281 0.000000 1.221948 -0.204750 
346 1.520009 0.000000 0.002408 120.068196 0.000000 0.255195 -0.441644 
347 1.360857 0.000000 0.002408 109.262004 0.000000 0.222520 -0.193824 
348 1.520009 0.000000 0.149981 120.281354 0.000000 0.364718 -0.446774 
349 1.758737 0.000000 -0.071378 135.261474 0.000000 0.322943 -0.829577 
350 1.679161 0.000000 -0.071378 130.155477 0.000000 0.302910 -0.694054 
351 1.838313 0.000000 -0.071378 141.097605 0.000000 0.337627 -0.990865 
352 1.758737 0.000000 0.002408 143.997881 0.000000 0.186039 -1.073542 
353 1.798525 0.000000 -0.182058 128.383456 0.000000 0.640001 -0.648272 
354 1.758737 0.000000 -0.182058 128.510429 0.000000 0.638058 -0.651534 
355 1.838313 0.000000 -0.182058 116.254201 0.000000 1.026833 -0.351609 
356 1.798525 0.000000 -0.145165 130.818614 0.000000 0.584214 -0.711385 
357 1.818419 0.000000 -0.237398 103.776633 0.000000 1.466461 -0.077174 
358 1.798525 0.000000 -0.237398 105.781814 0.000000 1.394632 -0.119174 
359 1.818419 0.000000 -0.255844 101.224003 0.000000 1.554131 -0.024871 
360 1.838313 0.000000 -0.237398 105.065092 0.000000 1.411638 -0.104067 
361 1.818419 0.000000 -0.218951 106.938131 0.000000 1.352385 -0.143759 
362 6.453714 0.000000 0.740272 101.360091 0.000000 7.988310 -0.033768 
363 7.090321 0.000000 0.740272 100.059173 0.000000 9.263068 -0.009764 
364 6.453714 0.000000 1.330562 102.754734 0.000000 7.815001 -0.061961 
365 6.135410 0.000000 -0.145165 98.615293 0.000000 0.038667 0.027502 
366 6.135410 0.000000 -0.440310 98.481340 0.000000 0.137244 0.030141 
367 6.453714 0.000000 -0.145165 98.624826 0.000000 -0.000000 0.027314 
368 6.135410 0.000000 0.149981 98.616207 0.000000 0.037949 0.027484 
369 9.636749 0.000000 -1.030601 97.853834 0.000000 13.880335 0.023196 
370 9.636749 0.000000 -2.211183 96.847977 0.000000 17.400104 0.031771 
371 10.909964 0.000000 -1.030601 98.106608 0.000000 15.096704 0.014718 
372 9.636749 0.000000 0.149981 99.177083 0.000000 8.661316 0.008889 
373 7.726928 0.000000 -0.440310 97.870973 0.000000 8.979184 0.034065 
374 7.726928 0.000000 -1.030601 96.890949 0.000000 11.662986 0.047612 
375 8.363535 0.000000 -0.440310 98.161814 0.000000 9.991055 0.026444 
376 7.726928 0.000000 0.149981 99.041871 0.000000 5.328729 0.016231 
377 6.772018 0.000000 -0.145165 98.613069 0.000000 -0.000000 0.027546 
378 6.772018 0.000000 -0.440310 97.071224 0.000000 6.882994 0.052980 
379 7.090321 0.000000 -0.145165 98.215058 0.000000 6.312370 0.031396 
380 6.772018 0.000000 0.149981 98.613071 0.000000 -0.000000 0.027546 
381 6.135410 0.000000 0.445126 98.647814 0.000000 0.000000 0.026861 
382 5.817107 0.000000 0.445126 98.471957 0.000000 0.243169 0.030321 
383 6.453714 0.000000 0.445126 98.616323 0.000000 -0.000000 0.027482 
384 6.135410 0.000000 0.740272 102.483967 0.000000 7.294573 -0.055617 
385 6.294562 0.000000 0.002408 98.628959 0.000000 0.000000 0.027233 
386 6.135410 0.000000 0.002408 98.633423 0.000000 0.009815 0.027145 
387 6.294562 0.000000 -0.145165 98.634690 0.000000 -0.000000 0.027120 
388 6.453714 0.000000 0.002408 98.624538 0.000000 -0.000000 0.027320 
389 6.294562 0.000000 0.149981 98.634724 0.000000 -0.000000 0.027119 
390 7.090321 0.000000 -3.391764 94.513643 0.000000 19.020089 0.070541 
391 7.090321 0.000000 -4.572346 94.516898 0.000000 21.350766 0.061070 
392 8.363535 0.000000 -3.391764 95.542503 0.000000 19.330555 0.049796 
393 6.453714 0.000000 -1.620892 94.353561 0.000000 12.924827 0.093035 
394 6.453714 0.000000 -2.211183 94.017006 0.000000 15.362804 0.092479 
395 7.090321 0.000000 -1.620892 95.394328 0.000000 13.425242 0.071969 
396 6.135410 0.000000 -0.735456 94.443977 0.000000 7.495425 0.102415 
397 5.817107 0.000000 -0.735456 97.608619 0.000000 0.871153 0.047180 
398 6.135410 0.000000 -1.030601 94.151269 0.000000 9.492069 0.104544 
399 6.453714 0.000000 -0.735456 95.434125 0.000000 7.928751 0.082946 
400 6.294562 0.000000 -0.292737 98.627770 0.000000 -0.000000 0.027256 
401 6.135410 0.000000 -0.292737 98.590246 0.000000 0.053112 0.027996 
402 6.294562 0.000000 -0.440310 98.623260 0.000000 -0.000000 0.027345 
403 6.453714 0.000000 -0.292737 98.620518 0.000000 -0.000000 0.027399 
404 9.636749 0.000000 1.330562 99.172096 0.000000 14.581432 -0.004772 
405 10.909964 0.000000 1.330562 99.123351 0.000000 13.412291 -0.000533 
406 9.636749 0.000000 2.511144 100.432845 0.000000 11.766212 -0.022520 
407 7.726928 0.000000 0.740272 99.560267 0.000000 9.698510 -0.000631 
408 8.363535 0.000000 0.740272 99.408680 0.000000 9.574341 0.002625 
409 7.726928 0.000000 1.330562 100.956832 0.000000 9.120825 -0.027547 
410 6.772018 0.000000 0.445126 100.061855 0.000000 -0.086626 -0.001238 
411 7.090321 0.000000 0.445126 100.314537 0.000000 -2.108836 -0.006745 
412 6.772018 0.000000 0.740272 100.552587 0.000000 8.714628 -0.018677 
413 6.612866 0.000000 0.002408 98.616119 0.000000 -0.000000 0.027486 
414 6.612866 0.000000 -0.145165 98.616254 0.000000 -0.000000 0.027483 
415 6.772018 0.000000 0.002408 98.613031 0.000000 -0.000000 0.027547 
416 6.612866 0.000000 0.149981 98.616262 0.000000 -0.000000 0.027483 
417 6.374138 0.000000 -0.071378 98.631943 0.000000 -0.000000 0.027174 
418 6.294562 0.000000 -0.071378 98.634260 0.000000 -0.000000 0.027128 
419 6.374138 0.000000 -0.145165 98.625867 0.000000 -0.000000 0.027294 
420 6.453714 0.000000 -0.071378 98.624436 0.000000 -0.000000 0.027322 
421 6.374138 0.000000 0.002408 98.618184 0.000000 0.000000 0.027445 
422 6.772018 0.000000 -0.735456 96.195051 0.000000 8.586474 0.067278 
423 6.772018 0.000000 -1.030601 95.623421 0.000000 10.259545 0.075090 
424 7.090321 0.000000 -0.735456 96.709902 0.000000 9.218354 0.056222 
425 6.612866 0.000000 -0.292737 98.614921 0.000000 -0.000000 0.027510 
426 6.612866 0.000000 -0.440310 98.607916 0.000000 -0.000000 0.027648 
427 6.772018 0.000000 -0.292737 98.608864 0.000000 -0.000000 0.027629 
428 6.533290 0.000000 -0.071378 98.619400 0.000000 -0.000000 0.027421 
429 6.533290 0.000000 -0.145165 98.619611 0.000000 -0.000000 0.027417 
430 6.612866 0.000000 -0.071378 98.616155 0.000000 -0.000000 0.027485 
431 6.533290 0.000000 0.002408 98.619322 0.000000 -0.000000 0.027423 
432 6.294562 0.000000 0.297553 98.627783 0.000000 -0.000000 0.027256 
433 6.135410 0.000000 0.297553 98.622196 0.000000 0.026845 0.027366 
434 6.453714 0.000000 0.297553 98.620533 0.000000 -0.000000 0.027399 
435 6.294562 0.000000 0.445126 98.618551 0.000000 -0.000000 0.027438 
436 6.374138 0.000000 0.076194 98.631973 0.000000 -0.000000 0.027173 
437 6.294562 0.000000 0.076194 98.634281 0.000000 -0.000000 0.027128 
438 6.453714 0.000000 0.076194 98.624455 0.000000 -0.000000 0.027322 
439 6.374138 0.000000 0.149981 98.625892 0.000000 -0.000000 0.027293 
440 6.413926 0.000000 -0.034485 98.624819 0.000000 -0.000000 0.027315 
441 6.374138 0.000000 -0.034485 98.627016 0.000000 0.000000 0.027271 
442 6.413926 0.000000 -0.071378 98.624922 0.000000 -0.000000 0.027312 
443 6.453714 0.000000 -0.034485 98.631743 0.000000 -0.000000 0.027178 
444 6.413926 0.000000 0.002408 98.608920 0.000000 -0.000000 0.027628 
445 6.612866 0.000000 0.297553 98.614927 0.000000 -0.000000 0.027510 
446 6.772018 0.000000 0.297553 98.608864 0.000000 -0.000000 0.027629 
447 6.612866 0.000000 0.445126 98.607916 0.000000 -0.000000 0.027648 
448 6.533290 0.000000 0.076194 98.619410 0.000000 -0.000000 0.027421 
449 6.612866 0.000000 0.076194 98.616160 0.000000 -0.000000 0.027485 
450 6.533290 0.000000 0.149981 98.619628 0.000000 -0.000000 0.027417 
451 6.493502 0.000000 -0.034485 98.631155 0.000000 -0.000000 0.027190 
452 6.493502 0.000000 -0.071378 98.619575 0.000000 -0.000000 0.027418 
453 6.533290 0.000000 -0.034485 98.619341 0.000000 -0.000000 0.027423 
454 6.493502 0.000000 0.002408 98.632160 0.000000 -0.000000 0.027170 
455 6.413926 0.000000 0.039301 98.624829 0.000000 -0.000000 0.027314 
456 6.374138 0.000000 0.039301 98.627236 0.000000 0.000000 0.027267 
457 6.453714 0.000000 0.039301 98.631617 0.000000 -0.000000 0.027180 
458 6.413926 0.000000 0.076194 98.624940 0.000000 -0.000000 0.027312 
459 6.433820 0.000000 -0.016039 98.621506 0.000000 -0.000000 0.027380 
460 6.413926 0.000000 -0.016039 98.611882 0.000000 -0.000000 0.027570 
461 6.433820 0.000000 -0.034485 98.629311 0.000000 -0.000000 0.027226 
462 6.453714 0.000000 -0.016039 98.632198 0.000000 -0.000000 0.027169 
463 6.433820 0.000000 0.002408 98.618233 0.000000 -0.000000 0.027444 
464 5.976259 0.000000 0.002408 98.670638 0.000000 0.031914 0.026410 
465 5.817107 0.000000 0.002408 98.751746 0.000000 0.007287 0.024809 
466 5.976259 0.000000 -0.145165 98.655179 0.000000 0.070065 0.026715 
467 5.976259 0.000000 0.149981 98.675174 0.000000 0.054401 0.026321 
468 6.214986 0.000000 -0.071378 98.622716 0.000000 0.013096 0.027356 
469 6.135410 0.000000 -0.071378 98.632552 0.000000 0.025004 0.027162 
470 6.214986 0.000000 -0.145165 98.622517 0.000000 0.020046 0.027360 
471 6.214986 0.000000 0.002408 98.621574 0.000000 0.002047 0.027379 
472 6.334350 0.000000 -0.034485 98.627401 0.000000 0.000000 0.027264 
473 6.294562 0.000000 -0.034485 98.631728 0.000000 -0.000000 0.027178 
474 6.334350 0.000000 -0.071378 98.633001 0.000000 -0.000000 0.027153 
475 6.334350 0.000000 0.002408 98.624085 0.000000 0.000000 0.027329 
476 5.498803 0.000000 0.445126 98.471937 0.000000 0.307362 0.030318 
477 5.498803 0.000000 0.740272 97.609314 0.000000 0.870847 0.047166 
478 5.657955 0.000000 0.002408 98.850562 0.000000 0.014985 0.022857 
479 5.498803 0.000000 0.002408 98.979495 0.000000 0.018793 0.020306 
480 5.657955 0.000000 -0.145165 98.663738 0.000000 0.127368 0.026545 
481 5.657955 0.000000 0.149981 98.668562 0.000000 0.123868 0.026450 
482 5.976259 0.000000 -0.292737 98.598901 0.000000 0.104458 0.027825 
483 5.817107 0.000000 -0.292737 98.632679 0.000000 0.138545 0.027158 
484 5.976259 0.000000 -0.440310 98.455448 0.000000 0.200961 0.030648 
485 5.896683 0.000000 -0.071378 98.681391 0.000000 0.055108 0.026198 
486 5.817107 0.000000 -0.071378 98.693578 0.000000 0.069180 0.025957 
487 5.896683 0.000000 -0.145165 98.668045 0.000000 0.080477 0.026461 
488 5.976259 0.000000 -0.071378 98.668633 0.000000 0.041887 0.026450 
489 5.896683 0.000000 0.002408 98.699612 0.000000 0.027879 0.025839 
490 5.498803 0.000000 -0.735456 97.630877 0.000000 0.861623 0.046747 
491 5.498803 0.000000 -1.030601 97.631964 0.000000 0.861152 0.046726 
492 5.657955 0.000000 -0.292737 98.623634 0.000000 0.162704 0.027335 
493 5.498803 0.000000 -0.292737 98.541547 0.000000 0.244739 0.028950 
494 5.657955 0.000000 -0.440310 98.551788 0.000000 0.233639 0.028749 
495 5.737531 0.000000 -0.071378 98.712058 0.000000 0.075216 0.025592 
496 5.657955 0.000000 -0.071378 98.676731 0.000000 0.119268 0.026289 
497 5.737531 0.000000 -0.145165 98.665924 0.000000 0.120320 0.026502 
498 5.737531 0.000000 0.002408 98.769471 0.000000 0.024479 0.024459 
499 5.339652 0.000000 0.002408 99.251669 0.000000 0.062986 0.014910 
500 5.339652 0.000000 -0.145165 98.964365 0.000000 0.176656 0.020602 
501 5.339652 0.000000 0.149981 98.996924 0.000000 0.158652 0.019958 
502 5.578379 0.000000 -0.071378 98.902752 0.000000 0.085321 0.021824 
503 5.498803 0.000000 -0.071378 98.938786 0.000000 0.087585 0.021111 
504 5.578379 0.000000 -0.145165 98.719938 0.000000 0.143228 0.025435 
505 5.578379 0.000000 0.002408 98.921028 0.000000 0.028984 0.021463 
506 5.339652 0.000000 -0.292737 98.371394 0.000000 0.379859 0.032292 
507 5.339652 0.000000 -0.440310 97.652277 0.000000 0.853236 0.046330 
508 5.419228 0.000000 -0.071378 98.963435 0.000000 0.097047 0.020623 
509 5.339652 0.000000 -0.071378 99.151895 0.000000 0.118434 0.016889 
510 5.419228 0.000000 -0.145165 98.814196 0.000000 0.157509 0.023573 
511 5.419228 0.000000 0.002408 99.013515 0.000000 0.082014 0.019632 
512 5.657955 0.000000 0.297553 98.635680 0.000000 0.154209 0.027098 
513 5.498803 0.000000 0.297553 98.560956 0.000000 0.231538 0.028568 
514 5.817107 0.000000 0.297553 98.666043 0.000000 0.113667 0.026500 
515 5.657955 0.000000 0.445126 98.574988 0.000000 0.217882 0.028292 
516 5.578379 0.000000 0.076194 98.903355 0.000000 0.084479 0.021812 
517 5.498803 0.000000 0.076194 98.938973 0.000000 0.086851 0.021107 
518 5.657955 0.000000 0.076194 98.678969 0.000000 0.117632 0.026245 
519 5.578379 0.000000 0.149981 98.745929 0.000000 0.124876 0.024923 
520 5.538591 0.000000 -0.034485 98.936739 0.000000 0.077822 0.021152 
521 5.498803 0.000000 -0.034485 98.957480 0.000000 0.080587 0.020741 
522 5.538591 0.000000 -0.071378 98.919772 0.000000 0.083916 0.021487 
523 5.578379 0.000000 -0.034485 98.911755 0.000000 0.054822 0.021646 
524 5.538591 0.000000 0.002408 98.954962 0.000000 0.023599 0.020791 
525 5.339652 0.000000 0.297553 98.424181 0.000000 0.341658 0.031256 
526 5.180500 0.000000 0.297553 98.682994 0.000000 0.486890 0.026143 
527 5.339652 0.000000 0.445126 97.654492 0.000000 0.852322 0.046287 
528 5.419228 0.000000 0.076194 98.962806 0.000000 0.096282 0.020635 
529 5.339652 0.000000 0.076194 99.170409 0.000000 0.108740 0.016522 
530 5.419228 0.000000 0.149981 98.820655 0.000000 0.152749 0.023445 
531 5.459015 0.000000 -0.034485 98.966229 0.000000 0.083650 0.020568 
532 5.419228 0.000000 -0.034485 98.996916 0.000000 0.086853 0.019960 
533 5.459015 0.000000 -0.071378 98.945868 0.000000 0.090634 0.020971 
534 5.459015 0.000000 0.002408 98.974169 0.000000 0.080873 0.020411 
535 5.538591 0.000000 0.039301 98.936278 0.000000 0.077661 0.021161 
536 5.498803 0.000000 0.039301 98.956998 0.000000 0.080449 0.020751 
537 5.578379 0.000000 0.039301 98.911993 0.000000 0.056355 0.021641 
538 5.538591 0.000000 0.076194 98.919938 0.000000 0.083193 0.021484 
539 5.518697 0.000000 -0.016039 98.966006 0.000000 0.038508 0.020573 
540 5.498803 0.000000 -0.016039 98.963038 0.000000 0.078487 0.020631 
541 5.518697 0.000000 -0.034485 98.952335 0.000000 0.079939 0.020843 
542 5.538591 0.000000 -0.016039 98.953214 0.000000 0.030202 0.020826 
543 5.518697 0.000000 0.002408 98.968890 0.000000 0.014595 0.020516 
544 16.002820 0.000000 2.511144 100.704981 0.000000 10.971077 -0.026186 
545 16.002820 0.000000 0.149981 99.008834 0.000000 16.207702 -0.006544 
546 18.549249 0.000000 2.511144 100.803032 0.000000 10.814103 -0.027820 
547 16.002820 0.000000 4.872307 99.129828 0.000000 17.096204 -0.011900 
548 12.183178 0.000000 1.330562 101.232405 0.000000 6.704593 -0.029295 
549 12.183178 0.000000 0.149981 99.421535 0.000000 11.904213 -0.002635 
550 13.456392 0.000000 1.330562 101.523680 0.000000 6.700672 -0.035196 
551 12.183178 0.000000 2.511144 100.328424 0.000000 11.539523 -0.019895 
552 -27.286461 0.000000 -28.183979 96.067844 0.000000 27.587566 0.000990 
553 -37.472175 0.000000 -28.183979 96.093249 0.000000 27.588241 0.000498 
554 -27.286461 0.000000 -37.628633 96.075963 0.000000 27.571383 0.000923 
555 33.827819 0.000000 -28.183979 96.115944 0.000000 27.274673 0.001782 
556 33.827819 0.000000 -37.628633 96.101589 0.000000 27.389981 0.001427 
557 44.013532 0.000000 -28.183979 96.140462 0.000000 27.307047 0.001134 
558 -12.007891 0.000000 -14.016999 95.891504 0.000000 27.658578 0.003982 
559 -17.100748 0.000000 -14.016999 95.992792 0.000000 27.661828 0.002021 
560 -12.007891 0.000000 -18.739326 95.924419 0.000000 27.593582 0.003710 
561 18.549249 0.000000 -14.016999 96.067701 0.000000 26.442906 0.007177 
562 18.549249 0.000000 -18.739326 96.028870 0.000000 26.892218 0.005526 
563 23.642105 0.000000 -14.016999 96.178374 0.000000 26.584010 0.004301 
564 -4.368606 0.000000 -6.933509 95.212234 0.000000 27.899073 0.015627 
565 -6.915035 0.000000 -6.933509 95.588551 0.000000 27.933221 0.008256 
566 -4.368606 0.000000 -9.294673 95.326919 0.000000 27.654730 0.014799 
567 10.909964 0.000000 -6.933509 95.845486 0.000000 24.026451 0.023637 
568 10.909964 0.000000 -9.294673 95.735943 0.000000 25.234400 0.019785 
569 13.456392 0.000000 -6.933509 96.197300 0.000000 24.317383 0.015474 
570 -0.548964 0.000000 -3.391764 92.800360 0.000000 29.020718 0.054589 
571 -1.822178 0.000000 -3.391764 94.141465 0.000000 29.051985 0.029337 
572 -0.548964 0.000000 -4.572346 93.317050 0.000000 28.027908 0.050636 
573 0.087643 0.000000 -1.620892 91.414134 0.000000 32.653448 0.057721 
574 -0.548964 0.000000 -1.620892 93.390806 0.000000 31.826483 0.026523 
575 0.087643 0.000000 -2.211183 91.252970 0.000000 30.832612 0.072225 
576 1.042554 0.000000 -0.735456 100.321118 0.000000 1.504825 -0.006659 
577 0.724250 0.000000 -0.735456 100.178998 0.000000 1.589264 -0.003836 
578 1.042554 0.000000 -1.030601 100.275953 0.000000 1.554130 -0.005768 
579 3.907286 0.000000 -1.620892 86.587527 0.000000 13.373172 0.232376 
580 3.907286 0.000000 -2.211183 87.915551 0.000000 16.864375 0.198645 
581 2.952375 0.000000 -0.735456 99.273270 0.000000 1.078613 0.014365 
582 2.952375 0.000000 -1.030601 99.247039 0.000000 1.013638 0.014900 
583 3.270679 0.000000 -0.735456 98.762520 0.000000 0.905856 0.024514 
584 0.087643 0.000000 0.740272 100.498871 0.000000 35.449959 -0.135672 
585 -0.548964 0.000000 0.740272 97.916132 0.000000 33.089679 -0.068250 
586 0.087643 0.000000 1.330562 101.653603 0.000000 33.391235 -0.144843 
587 1.042554 0.000000 0.445126 100.321531 0.000000 1.504525 -0.006667 
588 0.724250 0.000000 0.445126 100.107839 0.000000 1.604900 -0.002416 
589 1.042554 0.000000 0.740272 100.179164 0.000000 1.589227 -0.003839 
590 2.315768 0.000000 0.445126 99.712839 0.000000 1.201436 0.005591 
591 2.634072 0.000000 0.445126 99.497916 0.000000 1.137775 0.009887 
592 2.315768 0.000000 0.740272 99.844879 0.000000 1.238580 0.002947 
593 2.952375 0.000000 0.445126 99.274199 0.000000 1.079792 0.014347 
594 3.270679 0.000000 0.445126 98.601582 0.000000 0.865212 0.027698 
595 2.952375 0.000000 0.740272 99.098353 0.000000 0.957526 0.017860 
596 2.156616 0.000000 0.002408 139.804330 0.000000 0.262059 -0.954532 
597 2.315768 0.000000 0.002408 132.505832 0.000000 0.308990 -0.755789 
598 2.156616 0.000000 0.149981 128.866232 0.000000 0.511919 -0.660677 
599 3.588982 0.000000 -0.735456 98.233241 0.000000 0.823574 0.034955 
600 3.588982 0.000000 -1.030601 98.146145 0.000000 0.802385 0.036669 
601 3.907286 0.000000 -0.735456 97.942972 0.000000 0.822309 0.040650 
602 4.225589 0.000000 -0.735456 97.830299 0.000000 0.821722 0.042856 
603 4.225589 0.000000 -1.030601 97.777928 0.000000 0.823228 0.043880 
604 3.588982 0.000000 0.445126 98.233137 0.000000 0.823901 0.034957 
605 3.907286 0.000000 0.445126 97.860711 0.000000 0.817909 0.042261 
606 3.588982 0.000000 0.740272 98.203896 0.000000 0.800408 0.035535 
607 4.225589 0.000000 0.445126 97.777441 0.000000 0.822955 0.043889 
608 4.225589 0.000000 0.740272 97.777360 0.000000 0.823436 0.043891 
609 16.002820 0.000000 -2.211183 97.513165 0.000000 20.964922 0.005165 
610 16.002820 0.000000 -4.572346 96.782370 0.000000 23.302620 0.009016 
611 18.549249 0.000000 -2.211183 97.414231 0.000000 21.927689 0.002964 
612 9.636749 0.000000 -3.391764 96.203215 0.000000 19.841448 0.035126 
613 9.636749 0.000000 -4.572346 95.867376 0.000000 21.631449 0.034153 
614 10.909964 0.000000 -3.391764 96.628620 0.000000 20.413598 0.024619 
615 12.183178 0.000000 -1.030601 98.232884 0.000000 16.255285 0.008607 
616 12.183178 0.000000 -2.211183 97.420352 0.000000 19.051774 0.014630 
617 13.456392 0.000000 -1.030601 98.257476 0.000000 17.294062 0.004638 
618 7.726928 0.000000 -1.620892 96.171853 0.000000 14.069459 0.055302 
619 7.726928 0.000000 -2.211183 95.629815 0.000000 16.042679 0.059757 
620 8.363535 0.000000 -1.620892 96.672941 0.000000 14.658504 0.043947 
621 5.021348 0.000000 0.297553 98.644780 0.000000 0.572417 0.026888 
622 4.862196 0.000000 0.297553 97.709400 0.000000 0.836396 0.045217 
623 5.021348 0.000000 0.445126 97.681787 0.000000 0.843229 0.045756 
624 2.156616 0.000000 -0.587883 99.895139 0.000000 1.258103 0.001938 
625 2.156616 0.000000 -0.735456 99.887108 0.000000 1.255559 0.002099 
626 2.315768 0.000000 -0.587883 99.728858 0.000000 1.205187 0.005270 
627 1.520009 0.000000 -0.587883 100.079896 0.000000 1.336249 -0.001777 
628 1.360857 0.000000 -0.587883 100.204133 0.000000 1.389415 -0.004280 
629 1.520009 0.000000 -0.735456 100.201944 0.000000 1.385570 -0.004235 
630 1.917889 0.000000 -0.071378 140.966488 0.000000 0.331625 -0.987166 
631 1.997464 0.000000 -0.071378 140.588550 0.000000 0.333888 -0.976525 
632 1.917889 0.000000 0.002408 142.224435 0.000000 0.302443 -1.022788 
633 1.878101 0.000000 -0.182058 115.003531 0.000000 1.055693 -0.322693 
634 1.917889 0.000000 -0.182058 118.433126 0.000000 0.958375 -0.402732 
635 1.878101 0.000000 -0.145165 136.983161 0.000000 0.428652 -0.876457 
636 5.976259 0.000000 0.297553 98.629609 0.000000 0.080108 0.027219 
637 5.976259 0.000000 0.445126 98.532040 0.000000 0.140055 0.029142 
638 6.214986 0.000000 0.076194 98.622905 0.000000 0.013227 0.027352 
639 6.135410 0.000000 0.076194 98.632807 0.000000 0.025181 0.027157 
640 6.214986 0.000000 0.149981 98.622974 0.000000 0.019701 0.027351 
641 6.334350 0.000000 0.039301 98.627700 0.000000 0.000000 0.027258 
642 6.294562 0.000000 0.039301 98.631888 0.000000 -0.000000 0.027175 
643 6.334350 0.000000 0.076194 98.633027 0.000000 -0.000000 0.027153 
644 6.493502 0.000000 0.039301 98.630964 0.000000 -0.000000 0.027193 
645 6.533290 0.000000 0.039301 98.619346 0.000000 -0.000000 0.027422 
646 6.493502 0.000000 0.076194 98.619586 0.000000 -0.000000 0.027418 
647 6.055835 0.000000 -0.071378 98.652716 0.000000 0.036261 0.026764 
648 6.055835 0.000000 -0.145165 98.630547 0.000000 0.055826 0.027201 
649 6.055835 0.000000 0.002408 98.653595 0.000000 0.022230 0.026747 
650 6.055835 0.000000 0.076194 98.653011 0.000000 0.036336 0.026758 
651 5.976259 0.000000 0.076194 98.680104 0.000000 0.033138 0.026224 
652 6.055835 0.000000 0.149981 98.631994 0.000000 0.054721 0.027173 
653 5.896683 0.000000 0.076194 98.681936 0.000000 0.055326 0.026187 
654 5.817107 0.000000 0.076194 98.706981 0.000000 0.059066 0.025693 
655 5.896683 0.000000 0.149981 98.670509 0.000000 0.078656 0.026412 
656 5.737531 0.000000 0.076194 98.711799 0.000000 0.075550 0.025598 
657 5.737531 0.000000 0.149981 98.670033 0.000000 0.117353 0.026421 
658 5.459015 0.000000 0.039301 98.965733 0.000000 0.083423 0.020578 
659 5.419228 0.000000 0.039301 98.994698 0.000000 0.086998 0.020004 
660 5.459015 0.000000 0.076194 98.946060 0.000000 0.089767 0.020967 
661 16.002820 0.000000 -6.933509 96.386043 0.000000 24.648742 0.010217 
662 16.002820 0.000000 -9.294673 96.138689 0.000000 25.447552 0.010977 
663 18.549249 0.000000 -6.933509 96.454477 0.000000 24.907470 0.007615 
664 12.183178 0.000000 -3.391764 96.860916 0.000000 20.948592 0.017912 
665 12.183178 0.000000 -4.572346 96.475947 0.000000 22.326063 0.019394 
666 13.456392 0.000000 -3.391764 96.993042 0.000000 21.439766 0.013269 
667 4.703045 0.000000 0.297553 99.500302 0.000000 0.593684 0.009934 
668 4.543893 0.000000 0.297553 97.755897 0.000000 0.827952 0.044310 
669 4.703045 0.000000 0.445126 97.716842 0.000000 0.833994 0.045072 
1 19 21 9 22 
2 20 19 22 4 
3 28 29 3 30 
4 21 28 30 9 
5 35 37 21 38 
6 36 35 38 19 
7 44 45 28 46 
8 37 44 46 21 
9 51 53 37 54 
10 52 51 54 35 
11 60 61 44 62 
12 53 60 62 37 
13 67 69 53 70 
14 68 67 70 51 
15 11 78 76 77 
16 78 10 24 76 
17 76 24 14 79 
18 77 76 79 6 
19 24 82 80 81 
20 82 23 40 80 
21 80 40 27 83 
22 81 80 83 14 
23 40 86 84 85 
24 86 39 56 84 
25 84 56 43 87 
26 85 84 87 27 
27 56 90 88 89 
28 89 88 91 43 
29 92 93 60 94 
30 69 92 94 53 
31 95 97 69 98 
32 96 95 98 67 
33 6 79 112 113 
34 79 14 36 112 
35 112 36 19 114 
36 113 112 114 20 
37 14 83 115 116 
38 83 27 52 115 
39 115 52 35 117 
40 116 115 117 36 
41 27 87 118 119 
42 87 43 68 118 
43 118 68 51 120 
44 119 118 120 52 
45 43 91 121 122 
46 121 96 67 123 
47 122 121 123 68 
48 124 126 95 127 
49 125 124 127 96 
50 133 134 92 135 
51 97 133 135 69 
52 136 137 97 138 
53 126 136 138 95 
54 140 108 141 139 
55 139 141 111 142 
56 108 148 147 141 
57 148 110 149 147 
58 147 149 5 150 
59 141 147 150 111 
60 151 152 133 153 
61 137 151 153 97 
62 110 155 154 149 
63 155 143 156 154 
64 154 156 146 157 
65 149 154 157 5 
66 15 159 158 33 
67 159 17 160 158 
68 158 160 8 161 
69 33 158 161 18 
70 163 33 164 162 
71 162 164 18 165 
72 18 161 178 45 
73 161 8 179 178 
74 178 179 29 180 
75 45 178 180 28 
76 165 18 182 181 
77 181 182 45 183 
78 61 181 183 44 
79 184 185 61 186 
80 93 184 186 60 
81 187 188 93 189 
82 134 187 189 92 
83 190 191 134 192 
84 152 190 192 133 
85 7 204 202 203 
86 204 16 205 202 
87 202 205 15 32 
88 203 202 32 13 
89 13 208 206 207 
90 208 32 209 206 
91 206 209 31 48 
92 207 206 48 26 
93 26 212 210 211 
94 212 48 213 210 
95 210 213 47 64 
96 211 210 64 42 
97 42 216 214 215 
98 216 64 217 214 
99 214 217 63 105 
100 215 214 105 58 
101 105 220 218 219 
102 220 63 221 218 
103 218 221 106 175 
104 219 218 175 104 
105 104 224 222 223 
106 224 175 225 222 
107 222 225 174 195 
108 223 222 195 145 
109 195 232 230 231 
110 232 174 233 230 
111 230 233 196 234 
112 143 236 235 156 
113 236 145 194 235 
114 235 194 107 237 
115 156 235 237 146 
116 145 240 238 239 
117 240 195 231 238 
118 239 238 241 194 
119 242 244 190 245 
120 243 242 245 152 
121 193 234 246 247 
122 234 196 248 246 
123 246 248 177 249 
124 247 246 249 197 
125 231 252 250 251 
126 252 230 253 250 
127 250 253 234 254 
128 251 250 254 193 
129 194 241 255 256 
130 241 193 247 255 
131 255 247 197 257 
132 256 255 257 107 
133 238 260 258 259 
134 260 231 251 258 
135 258 251 193 261 
136 259 258 261 241 
137 12 264 262 263 
138 264 7 203 262 
139 262 203 13 25 
140 263 262 25 10 
141 25 267 265 266 
142 267 13 207 265 
143 265 207 26 41 
144 266 265 41 23 
145 41 270 268 269 
146 270 26 211 268 
147 268 211 42 57 
148 269 268 57 39 
149 57 273 271 272 
150 273 42 215 271 
151 271 215 58 73 
152 272 271 73 55 
153 73 276 274 275 
154 276 58 277 274 
155 274 277 74 109 
156 275 274 109 71 
157 71 280 278 279 
158 280 109 281 278 
159 278 281 108 140 
160 102 284 282 283 
161 284 140 285 282 
162 282 285 139 286 
163 283 282 286 131 
164 55 289 287 288 
165 289 73 275 287 
166 287 275 71 101 
167 288 287 101 72 
168 101 292 290 291 
169 292 71 279 290 
170 88 299 297 298 
171 299 72 100 297 
172 297 100 59 300 
173 298 297 300 91 
174 100 303 301 302 
175 303 99 129 301 
176 301 129 103 304 
177 302 301 304 59 
178 99 307 305 306 
179 307 130 294 305 
180 305 294 128 308 
181 306 305 308 129 
182 103 132 309 310 
183 132 75 311 309 
184 309 311 126 312 
185 310 309 312 124 
186 313 315 75 316 
187 314 313 316 132 
188 294 319 317 318 
189 318 317 321 128 
190 290 324 322 323 
191 324 279 325 322 
192 322 325 102 295 
193 323 322 295 130 
194 130 328 326 327 
195 328 295 329 326 
196 326 329 293 319 
197 327 326 319 294 
198 331 283 332 330 
199 330 332 131 333 
200 319 336 334 335 
201 336 293 337 334 
202 335 334 338 317 
203 295 340 339 329 
204 340 102 341 339 
205 339 341 283 331 
206 329 339 331 293 
207 293 343 342 337 
208 343 331 344 342 
209 342 344 330 345 
210 337 342 345 320 
211 129 308 346 347 
212 308 128 314 346 
213 346 314 132 348 
214 347 346 348 103 
215 128 321 349 350 
216 321 296 351 349 
217 349 351 313 352 
218 350 349 352 314 
219 317 338 353 354 
220 338 320 355 353 
221 353 355 296 356 
222 354 353 356 321 
223 334 359 357 358 
224 359 337 360 357 
225 357 360 320 361 
226 358 357 361 338 
227 362 363 187 364 
228 191 362 364 134 
229 65 370 369 172 
230 370 166 371 369 
231 369 371 169 372 
232 172 369 372 50 
233 170 374 373 200 
234 374 172 375 373 
235 373 375 50 376 
236 200 373 376 173 
237 378 200 379 377 
238 377 379 173 380 
239 381 383 362 384 
240 382 381 384 191 
241 64 391 390 217 
242 391 47 392 390 
243 390 392 65 171 
244 217 390 171 63 
245 63 394 393 221 
246 394 171 395 393 
247 393 395 170 199 
248 221 393 199 106 
249 106 398 396 397 
250 398 199 399 396 
251 396 399 198 366 
252 397 396 366 176 
253 366 402 400 401 
254 402 198 403 400 
255 400 403 367 387 
256 401 400 387 365 
257 50 372 404 188 
258 372 169 405 404 
259 404 405 184 406 
260 188 404 406 93 
261 173 376 407 363 
262 376 50 408 407 
263 407 408 188 409 
264 363 407 409 187 
265 380 173 411 410 
266 410 411 363 412 
267 383 410 412 362 
268 414 377 415 413 
269 413 415 380 416 
270 387 419 417 418 
271 419 367 420 417 
272 199 423 422 399 
273 423 170 424 422 
274 422 424 200 378 
275 399 422 378 198 
276 198 426 425 403 
277 426 378 427 425 
278 425 427 377 414 
279 403 425 414 367 
280 367 429 428 420 
281 429 414 430 428 
282 428 430 413 431 
283 368 389 432 433 
284 389 201 434 432 
285 432 434 383 435 
286 433 432 435 381 
287 436 438 201 439 
288 437 436 439 389 
289 417 442 440 441 
290 442 420 443 440 
291 441 440 444 421 
292 201 416 445 434 
293 416 380 446 445 
294 445 446 410 447 
295 434 445 447 383 
296 431 413 449 448 
297 448 449 416 450 
298 438 448 450 201 
299 420 452 451 443 
300 452 428 453 451 
301 451 453 431 454 
302 443 451 454 388 
303 421 444 455 456 
304 444 388 457 455 
305 455 457 438 458 
306 456 455 458 436 
307 440 461 459 460 
308 461 443 462 459 
309 459 462 388 463 
310 460 459 463 444 
311 365 470 468 469 
312 470 387 418 468 
313 468 418 385 471 
314 469 468 471 386 
315 418 474 472 473 
316 474 417 441 472 
317 472 441 421 475 
318 473 472 475 385 
319 476 382 191 477 
320 244 476 477 190 
321 176 484 482 483 
322 484 366 401 482 
323 482 401 365 466 
324 483 482 466 228 
325 228 487 485 486 
326 487 466 488 485 
327 485 488 464 489 
328 486 485 489 465 
329 175 491 490 225 
330 491 106 397 490 
331 490 397 176 227 
332 225 490 227 174 
333 227 494 492 493 
334 494 176 483 492 
335 492 483 228 480 
336 493 492 480 226 
337 480 497 495 496 
338 497 228 486 495 
339 495 486 465 498 
340 496 495 498 478 
341 196 500 499 248 
342 248 499 501 177 
343 226 504 502 503 
344 504 480 496 502 
345 502 496 478 505 
346 174 507 506 233 
347 507 227 493 506 
348 506 493 226 500 
349 233 506 500 196 
350 500 510 508 509 
351 510 226 503 508 
352 509 508 511 499 
353 229 481 512 513 
354 481 66 514 512 
355 512 514 382 515 
356 513 512 515 476 
357 505 478 518 516 
358 516 518 481 519 
359 517 516 519 229 
360 503 522 520 521 
361 522 502 523 520 
362 520 523 505 524 
363 177 501 525 526 
364 501 229 513 525 
365 525 513 476 527 
366 526 525 527 244 
367 499 511 528 529 
368 528 517 229 530 
369 529 528 530 501 
370 508 533 531 532 
371 533 503 521 531 
372 531 521 479 534 
373 532 531 534 511 
374 479 524 535 536 
375 524 505 537 535 
376 535 537 516 538 
377 536 535 538 517 
378 521 541 539 540 
379 541 520 542 539 
380 539 542 524 543 
381 540 539 543 479 
382 34 545 544 185 
383 545 165 546 544 
384 544 546 181 547 
385 185 544 547 61 
386 169 549 548 405 
387 549 34 550 548 
388 548 550 185 551 
389 405 548 551 184 
390 1 554 552 553 
391 554 12 263 552 
392 552 263 10 78 
393 553 552 78 11 
394 16 556 555 205 
395 556 2 557 555 
396 555 557 17 159 
397 205 555 159 15 
398 10 560 558 559 
399 560 25 266 558 
400 558 266 23 82 
401 559 558 82 24 
402 32 562 561 209 
403 562 15 563 561 
404 561 563 33 163 
405 209 561 163 31 
406 23 566 564 565 
407 566 41 269 564 
408 564 269 39 86 
409 565 564 86 40 
410 48 568 567 213 
411 568 31 569 567 
412 567 569 49 167 
413 213 567 167 47 
414 39 572 570 571 
415 572 57 272 570 
416 570 272 55 90 
417 571 570 90 56 
418 90 575 573 574 
419 575 55 288 573 
420 573 288 72 299 
421 574 573 299 88 
422 72 578 576 577 
423 578 101 291 576 
424 576 291 99 303 
425 577 576 303 100 
426 58 580 579 277 
427 580 105 219 579 
428 579 219 104 144 
429 277 579 144 74 
430 109 582 581 281 
431 582 74 583 581 
432 581 583 110 148 
433 281 581 148 108 
434 91 300 584 585 
435 300 59 125 584 
436 584 125 96 586 
437 585 584 586 121 
438 59 304 587 588 
439 304 103 310 587 
440 587 310 124 589 
441 588 587 589 125 
442 75 142 590 311 
443 142 111 591 590 
444 590 591 136 592 
445 311 590 592 126 
446 111 150 593 591 
447 150 5 594 593 
448 593 594 137 595 
449 591 593 595 136 
450 131 286 596 315 
451 286 139 597 596 
452 596 597 142 598 
453 315 596 598 75 
454 74 600 599 583 
455 600 144 601 599 
456 599 601 143 155 
457 583 599 155 110 
458 144 603 602 601 
459 603 104 223 602 
460 602 223 145 236 
461 601 602 236 143 
462 5 157 604 594 
463 157 146 605 604 
464 604 605 151 606 
465 594 604 606 137 
466 146 237 607 605 
467 237 107 243 607 
468 607 243 152 608 
469 605 607 608 151 
470 49 610 609 168 
471 610 162 611 609 
472 609 611 165 545 
473 168 609 545 34 
474 47 613 612 392 
475 613 167 614 612 
476 612 614 166 370 
477 392 612 370 65 
478 166 616 615 371 
479 616 168 617 615 
480 615 617 34 549 
481 371 615 549 169 
482 171 619 618 395 
483 619 65 620 618 
484 618 620 172 374 
485 395 618 374 170 
486 197 249 621 622 
487 249 177 526 621 
488 621 526 244 623 
489 622 621 623 242 
490 279 625 624 325 
491 625 278 626 624 
492 624 626 140 284 
493 325 624 284 102 
494 291 629 627 628 
495 629 290 323 627 
496 627 323 130 307 
497 628 627 307 99 
498 296 333 630 351 
499 333 131 631 630 
500 630 631 315 632 
501 351 630 632 313 
502 320 345 633 355 
503 345 330 634 633 
504 633 634 333 635 
505 355 633 635 296 
506 66 467 636 514 
507 467 368 433 636 
508 636 433 381 637 
509 514 636 637 382 
510 386 471 638 639 
511 471 385 437 638 
512 638 437 389 640 
513 639 638 640 368 
514 385 475 641 642 
515 475 421 456 641 
516 641 456 436 643 
517 642 641 643 437 
518 388 454 644 457 
519 454 431 645 644 
520 644 645 448 646 
521 457 644 646 438 
522 466 648 647 488 
523 648 365 469 647 
524 647 469 386 649 
525 488 647 649 464 
526 464 649 650 651 
527 649 386 639 650 
528 650 639 368 652 
529 651 650 652 467 
530 465 489 653 654 
531 489 464 651 653 
532 653 651 467 655 
533 654 653 655 66 
534 478 498 656 518 
535 498 465 654 656 
536 656 654 66 657 
537 518 656 657 481 
538 511 534 658 659 
539 534 479 536 658 
540 658 536 517 660 
541 659 658 660 528 
542 31 662 661 569 
543 662 163 663 661 
544 661 663 162 610 
545 569 661 610 49 
546 167 665 664 614 
547 665 49 666 664 
548 664 666 168 616 
549 614 664 616 166 
550 107 257 667 668 
551 257 197 622 667 
552 667 622 242 669 
553 668 667 669 243 
