2 0.000000 100.000000 473.401889
693 574 
1 -24.047278 0.000000 -24.026285 99.763027 0.000000 -6.976905 -0.000134 
2 27.868250 0.000000 -24.026285 99.765167 0.000000 -6.929747 -0.000111 
3 27.868250 0.000000 24.282531 99.752320 0.000000 -6.940717 0.000130 
4 -24.047278 0.000000 24.282531 99.750450 0.000000 -6.977152 0.000117 
5 1.910486 0.000000 0.128123 101.733328 0.000000 0.746016 -0.035023 
6 -24.047278 0.000000 0.128123 99.756918 0.000000 -6.984160 -0.000022 
7 1.910486 0.000000 -24.026285 99.777233 0.000000 -6.954804 -0.000387 
8 27.868250 0.000000 0.128123 99.857369 0.000000 -5.516054 -0.000192 
9 1.910486 0.000000 24.282531 99.738093 0.000000 -6.957070 0.000391 
10 -11.068396 0.000000 -11.949081 99.782950 0.000000 -6.980558 -0.000537 
11 -24.047278 0.000000 -11.949081 99.762845 0.000000 -6.980873 -0.000136 
12 -11.068396 0.000000 -24.026285 99.770644 0.000000 -6.972024 -0.000279 
13 1.910486 0.000000 -11.949081 99.832643 0.000000 -6.898955 -0.001415 
14 -11.068396 0.000000 0.128123 99.758042 0.000000 -7.011288 -0.000083 
15 14.889368 0.000000 -11.949081 99.789661 0.000000 -6.809546 -0.000435 
16 14.889368 0.000000 -24.026285 99.771677 0.000000 -6.936972 -0.000251 
17 27.868250 0.000000 -11.949081 99.774448 0.000000 -6.785293 -0.000098 
18 14.889368 0.000000 0.128123 99.778972 0.000000 -6.588102 0.000075 
19 -11.068396 0.000000 12.205327 99.732253 0.000000 -6.981415 0.000474 
20 -24.047278 0.000000 12.205327 99.750864 0.000000 -6.981060 0.000103 
21 1.910486 0.000000 12.205327 99.686582 0.000000 -6.906589 0.001488 
22 -11.068396 0.000000 24.282531 99.743458 0.000000 -6.972736 0.000262 
23 -4.578955 0.000000 -5.910479 99.860529 0.000000 -6.997372 -0.002109 
24 -11.068396 0.000000 -5.910479 99.782491 0.000000 -6.996777 -0.000550 
25 -4.578955 0.000000 -11.949081 99.812028 0.000000 -6.961124 -0.001090 
26 1.910486 0.000000 -5.910479 100.015062 0.000000 -6.732511 -0.004834 
27 -4.578955 0.000000 0.128123 99.759266 0.000000 -7.124186 -0.000267 
28 14.889368 0.000000 12.205327 99.739973 0.000000 -6.845276 0.000508 
29 27.868250 0.000000 12.205327 99.757943 0.000000 -6.859738 0.000130 
30 14.889368 0.000000 24.282531 99.745008 0.000000 -6.942873 0.000273 
31 8.399927 0.000000 -5.910479 99.874401 0.000000 -6.474590 -0.001682 
32 8.399927 0.000000 -11.949081 99.810930 0.000000 -6.838475 -0.000899 
33 14.889368 0.000000 -5.910479 99.812515 0.000000 -6.416228 -0.000371 
34 8.399927 0.000000 0.128123 97.182703 0.000000 -43.244701 -0.131458 
35 -4.578955 0.000000 6.166725 99.658846 0.000000 -7.000129 0.001911 
36 -11.068396 0.000000 6.166725 99.733451 0.000000 -6.997392 0.000428 
37 1.910486 0.000000 6.166725 99.522206 0.000000 -6.753648 0.004972 
38 -4.578955 0.000000 12.205327 99.705272 0.000000 -6.963479 0.001037 
39 -1.334235 0.000000 -2.891178 100.148395 0.000000 -7.020645 -0.007899 
40 -4.578955 0.000000 -2.891178 99.861036 0.000000 -7.062147 -0.002210 
41 -1.334235 0.000000 -5.910479 99.960348 0.000000 -6.924464 -0.004002 
42 1.910486 0.000000 -2.891178 100.403508 0.000000 -6.357165 -0.012128 
43 -1.334235 0.000000 0.128123 99.677850 0.000000 -7.752093 0.000423 
44 8.399927 0.000000 6.166725 99.689043 0.000000 -6.565903 0.001898 
45 14.889368 0.000000 6.166725 99.757876 0.000000 -6.602670 0.000477 
46 8.399927 0.000000 12.205327 99.713252 0.000000 -6.856930 0.001025 
47 5.155207 0.000000 -2.891178 100.140463 0.000000 -5.809823 -0.006187 
48 5.155207 0.000000 -5.910479 99.951727 0.000000 -6.556102 -0.003333 
49 8.399927 0.000000 -2.891178 99.950610 0.000000 -5.536553 -0.002078 
50 5.155207 0.000000 0.128123 93.730806 0.000000 -26.335277 0.052099 
51 -1.334235 0.000000 3.147424 99.402541 0.000000 -7.030774 0.006970 
52 -4.578955 0.000000 3.147424 99.659900 0.000000 -7.062972 0.001802 
53 1.910486 0.000000 3.147424 99.171331 0.000000 -6.483251 0.012301 
54 -1.334235 0.000000 6.166725 99.566671 0.000000 -6.932630 0.003842 
55 0.288126 0.000000 -1.381528 100.972895 0.000000 -6.401768 -0.023651 
56 -1.334235 0.000000 -1.381528 100.266858 0.000000 -7.258910 -0.010613 
57 0.288126 0.000000 -2.891178 100.365734 0.000000 -6.752367 -0.011887 
58 1.910486 0.000000 -1.381528 101.002508 0.000000 -5.398159 -0.023065 
59 0.288126 0.000000 0.128123 104.322812 0.000000 -0.000000 -0.088325 
60 5.155207 0.000000 3.147424 99.495792 0.000000 -6.090665 0.006349 
61 8.399927 0.000000 3.147424 99.710327 0.000000 -6.065514 0.002106 
62 5.155207 0.000000 6.166725 99.601176 0.000000 -6.604811 0.003598 
63 3.532846 0.000000 -1.381528 100.767958 0.000000 -4.203384 -0.017185 
64 3.532846 0.000000 -2.891178 100.279359 0.000000 -6.027038 -0.009228 
65 5.155207 0.000000 -1.381528 100.565291 0.000000 -3.131025 -0.012318 
66 3.532846 0.000000 0.128123 100.786964 0.000000 -0.000000 -0.015801 
67 0.288126 0.000000 1.637773 98.833227 0.000000 -6.821754 0.018546 
68 -1.334235 0.000000 1.637773 99.321499 0.000000 -7.219184 0.008312 
69 1.910486 0.000000 1.637773 98.751490 0.000000 -6.372094 0.020754 
70 0.288126 0.000000 3.147424 99.206334 0.000000 -6.819926 0.011159 
71 1.099306 0.000000 -0.626702 102.098503 0.000000 1.304982 -0.042581 
72 0.288126 0.000000 -0.626702 101.802492 0.000000 -4.731165 -0.038613 
73 1.099306 0.000000 -1.381528 100.997092 0.000000 -5.930392 -0.023558 
74 1.910486 0.000000 -0.626702 100.820505 0.000000 1.261804 -0.016637 
75 1.099306 0.000000 0.128123 101.929071 0.000000 1.013379 -0.039056 
76 3.532846 0.000000 1.637773 99.062777 0.000000 -5.796360 0.015297 
77 5.155207 0.000000 1.637773 99.385896 0.000000 -5.510597 0.009208 
78 3.532846 0.000000 3.147424 99.325342 0.000000 -6.216545 0.009583 
79 2.721666 0.000000 -0.626702 102.059030 0.000000 0.004055 -0.041605 
80 2.721666 0.000000 -1.381528 100.891708 0.000000 -4.822225 -0.020239 
81 3.532846 0.000000 -0.626702 101.797662 0.000000 2.128886 -0.036730 
82 2.721666 0.000000 0.128123 101.643500 0.000000 0.000000 -0.033140 
83 1.099306 0.000000 0.882948 102.395322 0.000000 1.302925 -0.048650 
84 0.288126 0.000000 0.882948 98.781533 0.000000 -6.573959 0.019899 
85 1.910486 0.000000 0.882948 100.631693 0.000000 1.247195 -0.012829 
86 1.099306 0.000000 1.637773 98.749883 0.000000 -6.627940 0.020453 
87 1.504896 0.000000 -0.249290 101.521879 0.000000 1.285610 -0.030834 
88 1.099306 0.000000 -0.249290 101.657614 0.000000 1.289132 -0.033593 
89 1.504896 0.000000 -0.626702 101.530268 0.000000 1.285538 -0.031005 
90 1.910486 0.000000 -0.249290 101.408120 0.000000 1.281621 -0.028525 
91 1.504896 0.000000 0.128123 102.319363 0.000000 0.901149 -0.047006 
92 -17.557837 0.000000 -5.910479 99.765621 0.000000 -6.987819 -0.000201 
93 -24.047278 0.000000 -5.910479 99.760621 0.000000 -6.983131 -0.000095 
94 -17.557837 0.000000 -11.949081 99.768857 0.000000 -6.982154 -0.000258 
95 -17.557837 0.000000 0.128123 99.757272 0.000000 -6.990911 -0.000039 
96 -7.823676 0.000000 -2.891178 99.793694 0.000000 -7.028646 -0.000818 
97 -11.068396 0.000000 -2.891178 99.773466 0.000000 -7.006241 -0.000383 
98 -7.823676 0.000000 -5.910479 99.805242 0.000000 -7.001174 -0.001010 
99 -7.823676 0.000000 0.128123 99.758653 0.000000 -7.043249 -0.000140 
100 -2.956595 0.000000 -1.381528 99.916867 0.000000 -7.190434 -0.003508 
101 -4.578955 0.000000 -1.381528 99.825018 0.000000 -7.104658 -0.001551 
102 -2.956595 0.000000 -2.891178 99.958751 0.000000 -7.080329 -0.004188 
103 -2.956595 0.000000 0.128123 99.756434 0.000000 -7.255791 -0.000399 
104 -0.523054 0.000000 -0.626702 101.515437 0.000000 -7.641995 -0.036378 
105 -1.334235 0.000000 -0.626702 100.181726 0.000000 -7.577619 -0.009380 
106 -0.523054 0.000000 -1.381528 100.727649 0.000000 -7.042776 -0.019566 
107 -0.523054 0.000000 0.128123 98.907990 0.000000 -9.720750 0.012272 
108 0.693716 0.000000 -0.249290 102.274587 0.000000 1.305552 -0.046180 
109 0.288126 0.000000 -0.249290 101.878360 0.000000 -7.484140 -0.043521 
110 0.693716 0.000000 -0.626702 101.213683 0.000000 -4.743101 -0.026671 
111 0.693716 0.000000 0.128123 102.282553 0.000000 0.638483 -0.046213 
112 2.721666 0.000000 0.882948 98.424869 0.000000 -7.196685 0.026075 
113 3.532846 0.000000 0.882948 98.765809 0.000000 -6.375091 0.020467 
114 2.721666 0.000000 1.637773 98.882533 0.000000 -6.079281 0.018529 
115 1.504896 0.000000 0.505535 101.523880 0.000000 1.285560 -0.030875 
116 1.099306 0.000000 0.505535 101.640806 0.000000 1.288656 -0.033251 
117 1.910486 0.000000 0.505535 101.178466 0.000000 1.278485 -0.023872 
118 1.504896 0.000000 0.882948 101.324074 0.000000 1.292386 -0.026824 
119 1.302101 0.000000 -0.060584 103.101133 0.000000 0.605745 -0.063021 
120 1.099306 0.000000 -0.060584 102.553888 0.000000 0.518695 -0.051757 
121 1.302101 0.000000 -0.249290 101.601561 0.000000 1.287854 -0.032454 
122 1.504896 0.000000 -0.060584 102.890033 0.000000 0.614789 -0.058674 
123 1.302101 0.000000 0.128123 102.176426 0.000000 1.037420 -0.044110 
124 2.316076 0.000000 -0.249290 100.752567 0.000000 1.256852 -0.015266 
125 2.316076 0.000000 -0.626702 102.094995 0.000000 -1.199580 -0.042483 
126 2.721666 0.000000 -0.249290 103.107194 0.000000 1.760732 -0.063419 
127 2.316076 0.000000 0.128123 101.467718 0.000000 0.440677 -0.029589 
128 1.707691 0.000000 -0.060584 102.426718 0.000000 0.598807 -0.049159 
129 1.707691 0.000000 -0.249290 101.449351 0.000000 1.283188 -0.029362 
130 1.910486 0.000000 -0.060584 101.882583 0.000000 0.558784 -0.038037 
131 1.707691 0.000000 0.128123 102.082414 0.000000 0.790834 -0.042144 
132 2.316076 0.000000 0.505535 100.702447 0.000000 1.253021 -0.014255 
133 2.721666 0.000000 0.505535 96.839708 0.000000 -26.380753 -0.007387 
134 2.316076 0.000000 0.882948 98.358070 0.000000 -7.722829 0.026605 
135 2.113281 0.000000 -0.060584 101.665780 0.000000 0.410632 -0.033610 
136 2.113281 0.000000 -0.249290 100.944365 0.000000 1.269211 -0.019138 
137 2.316076 0.000000 -0.060584 101.597581 0.000000 0.296109 -0.032216 
138 2.113281 0.000000 0.128123 101.521644 0.000000 0.583093 -0.030698 
139 21.378809 0.000000 -5.910479 99.806116 0.000000 -6.348102 -0.000156 
140 21.378809 0.000000 -11.949081 99.778546 0.000000 -6.797054 -0.000196 
141 27.868250 0.000000 -5.910479 99.808565 0.000000 -6.262928 -0.000097 
142 21.378809 0.000000 0.128123 99.867208 0.000000 -5.361428 -0.000220 
143 11.644648 0.000000 -2.891178 99.895205 0.000000 -5.356804 -0.000775 
144 11.644648 0.000000 -5.910479 99.832727 0.000000 -6.439438 -0.000804 
145 14.889368 0.000000 -2.891178 99.894453 0.000000 -5.117822 -0.000509 
146 11.644648 0.000000 0.128123 99.331435 0.000000 -12.926155 -0.003382 
147 6.777567 0.000000 -1.381528 100.425652 0.000000 -1.767501 -0.008844 
148 6.777567 0.000000 -2.891178 100.031308 0.000000 -5.645439 -0.003813 
149 8.399927 0.000000 -1.381528 100.307026 0.000000 -0.598637 -0.006186 
150 6.777567 0.000000 0.128123 99.493552 0.000000 -14.526547 -0.010999 
151 4.344026 0.000000 -0.626702 101.384186 0.000000 2.984531 -0.028766 
152 4.344026 0.000000 -1.381528 100.613046 0.000000 -3.660807 -0.013639 
153 5.155207 0.000000 -0.626702 101.337193 0.000000 3.179348 -0.027933 
154 4.344026 0.000000 0.128123 100.092367 0.000000 -16.780899 -0.030008 
155 3.127256 0.000000 -0.249290 102.701357 0.000000 2.157878 -0.055223 
156 3.127256 0.000000 -0.626702 102.014810 0.000000 1.155525 -0.040836 
157 3.532846 0.000000 -0.249290 101.320716 0.000000 1.872945 -0.026940 
158 3.127256 0.000000 0.128123 101.300005 0.000000 -0.000000 -0.026169 
159 2.518871 0.000000 -0.060584 101.614608 0.000000 0.148793 -0.032555 
160 2.518871 0.000000 -0.249290 100.610578 0.000000 1.245253 -0.012404 
161 2.721666 0.000000 -0.060584 101.644365 0.000000 0.000000 -0.033158 
162 2.518871 0.000000 0.128123 101.490756 0.000000 0.280855 -0.030045 
163 21.378809 0.000000 6.166725 99.770159 0.000000 -6.640083 0.000182 
164 27.868250 0.000000 6.166725 99.772957 0.000000 -6.673027 0.000083 
165 21.378809 0.000000 12.205327 99.752721 0.000000 -6.851541 0.000245 
166 11.644648 0.000000 3.147424 99.775157 0.000000 -6.140291 0.000721 
167 14.889368 0.000000 3.147424 99.792194 0.000000 -6.213336 0.000291 
168 11.644648 0.000000 6.166725 99.735731 0.000000 -6.578014 0.000951 
169 6.777567 0.000000 1.637773 99.629102 0.000000 -5.394133 0.004495 
170 8.399927 0.000000 1.637773 99.768448 0.000000 -5.485487 0.001617 
171 6.777567 0.000000 3.147424 99.625322 0.000000 -6.048472 0.003821 
172 4.344026 0.000000 0.882948 99.109953 0.000000 -6.018475 0.014100 
173 5.155207 0.000000 0.882948 99.214981 0.000000 -5.708887 0.012380 
174 4.344026 0.000000 1.637773 99.256313 0.000000 -5.623011 0.011657 
175 3.127256 0.000000 0.505535 97.638313 0.000000 -21.406566 0.000852 
176 3.532846 0.000000 0.505535 98.323989 0.000000 -18.987276 -0.002812 
177 3.127256 0.000000 0.882948 98.571599 0.000000 -6.741577 0.023819 
178 2.924461 0.000000 -0.060584 101.488962 0.000000 -0.000000 -0.030001 
179 2.924461 0.000000 -0.249290 102.895687 0.000000 2.061217 -0.059177 
180 3.127256 0.000000 -0.060584 101.235826 0.000000 -0.000000 -0.024869 
181 2.924461 0.000000 0.128123 101.511026 0.000000 0.000000 -0.030449 
182 3.938436 0.000000 -0.249290 100.845815 0.000000 -0.499498 -0.017013 
183 3.938436 0.000000 -0.626702 101.515211 0.000000 2.656621 -0.031240 
184 4.344026 0.000000 -0.249290 100.874106 0.000000 -1.722523 -0.017855 
185 3.938436 0.000000 0.128123 100.541431 0.000000 0.000000 -0.010858 
186 3.938436 0.000000 0.505535 98.810583 0.000000 -18.646431 -0.011122 
187 4.344026 0.000000 0.505535 98.968332 0.000000 -19.019077 -0.015646 
188 3.938436 0.000000 0.882948 98.964251 0.000000 -6.150146 0.016825 
189 3.735641 0.000000 -0.060584 100.645507 0.000000 -0.000000 -0.012952 
190 3.532846 0.000000 -0.060584 100.800896 0.000000 -0.000000 -0.016082 
191 3.735641 0.000000 -0.249290 100.734432 0.000000 0.626012 -0.014782 
192 3.938436 0.000000 -0.060584 100.566795 0.000000 0.000000 -0.011368 
193 3.735641 0.000000 0.128123 100.629673 0.000000 -0.000000 -0.012633 
194 1.707691 0.000000 0.316829 101.438244 0.000000 1.282876 -0.029136 
195 1.504896 0.000000 0.316829 101.518998 0.000000 1.285612 -0.030776 
196 1.910486 0.000000 0.316829 101.395200 0.000000 1.281194 -0.028263 
197 1.707691 0.000000 0.505535 101.461925 0.000000 1.283526 -0.029617 
198 1.809088 0.000000 0.033770 102.198728 0.000000 0.531663 -0.044486 
199 1.707691 0.000000 0.033770 101.585117 0.000000 0.936977 -0.032041 
200 1.809088 0.000000 -0.060584 102.173859 0.000000 0.577303 -0.043983 
201 1.910486 0.000000 0.033770 101.907709 0.000000 0.523799 -0.038546 
202 1.809088 0.000000 0.128123 101.816245 0.000000 0.866327 -0.036730 
203 1.606293 0.000000 0.033770 102.040672 0.000000 0.897561 -0.041310 
204 1.504896 0.000000 0.033770 102.224945 0.000000 0.931254 -0.045081 
205 1.606293 0.000000 -0.060584 102.757837 0.000000 0.611888 -0.055955 
206 1.606293 0.000000 0.128123 102.417334 0.000000 0.803219 -0.048996 
207 2.113281 0.000000 0.316829 101.011274 0.000000 1.272331 -0.020490 
208 2.316076 0.000000 0.316829 100.809061 0.000000 1.260933 -0.016406 
209 2.113281 0.000000 0.505535 100.878301 0.000000 1.265480 -0.017803 
210 1.809088 0.000000 0.222476 101.399955 0.000000 1.281494 -0.028359 
211 1.707691 0.000000 0.222476 101.428303 0.000000 1.282595 -0.028935 
212 1.910486 0.000000 0.222476 101.383804 0.000000 1.280812 -0.028032 
213 1.809088 0.000000 0.316829 101.411444 0.000000 1.281858 -0.028592 
214 1.758390 0.000000 0.080946 102.156093 0.000000 0.699866 -0.043636 
215 1.707691 0.000000 0.080946 101.841831 0.000000 0.852810 -0.037249 
216 1.758390 0.000000 0.033770 101.416508 0.000000 0.940395 -0.028619 
217 1.809088 0.000000 0.080946 102.128989 0.000000 0.625142 -0.043072 
218 1.758390 0.000000 0.128123 102.057635 0.000000 0.777645 -0.041637 
219 -4.578955 0.000000 -17.987683 99.786929 0.000000 -6.961755 -0.000590 
220 -11.068396 0.000000 -17.987683 99.776296 0.000000 -6.973875 -0.000394 
221 -4.578955 0.000000 -24.026285 99.775111 0.000000 -6.965030 -0.000358 
222 1.910486 0.000000 -17.987683 99.792772 0.000000 -6.939279 -0.000675 
223 -1.334235 0.000000 -8.929780 99.870862 0.000000 -6.925823 -0.002216 
224 -4.578955 0.000000 -8.929780 99.831911 0.000000 -6.968348 -0.001497 
225 -1.334235 0.000000 -11.949081 99.825886 0.000000 -6.936499 -0.001332 
226 1.910486 0.000000 -8.929780 99.889481 0.000000 -6.847507 -0.002480 
227 0.288126 0.000000 -4.400829 100.128619 0.000000 -6.806113 -0.007206 
228 -1.334235 0.000000 -4.400829 100.037423 0.000000 -6.946948 -0.005575 
229 0.288126 0.000000 -5.910479 100.003208 0.000000 -6.839022 -0.004741 
230 1.910486 0.000000 -4.400829 100.150660 0.000000 -6.612452 -0.007388 
231 1.099306 0.000000 -2.136353 100.637030 0.000000 -6.391667 -0.016867 
232 0.288126 0.000000 -2.136353 100.578725 0.000000 -6.691665 -0.016086 
233 1.099306 0.000000 -2.891178 100.412226 0.000000 -6.556431 -0.012560 
234 1.910486 0.000000 -2.136353 100.614337 0.000000 -6.100507 -0.016046 
235 1.504896 0.000000 -1.004115 101.357283 0.000000 -4.984513 -0.029814 
236 1.099306 0.000000 -1.004115 101.241574 0.000000 -5.383135 -0.027883 
237 1.504896 0.000000 -1.381528 101.020897 0.000000 -5.676226 -0.023744 
238 1.910486 0.000000 -1.004115 101.369885 0.000000 -4.462298 -0.029577 
239 1.707691 0.000000 -0.437996 101.472463 0.000000 1.283813 -0.029831 
240 1.504896 0.000000 -0.437996 101.526694 0.000000 1.285567 -0.030932 
241 1.707691 0.000000 -0.626702 101.143045 0.000000 1.278353 -0.023155 
242 1.910486 0.000000 -0.437996 101.112668 0.000000 1.276729 -0.022540 
243 1.809088 0.000000 -0.154937 101.597176 0.000000 1.037573 -0.032306 
244 1.707691 0.000000 -0.154937 101.854544 0.000000 1.051160 -0.037545 
245 1.809088 0.000000 -0.249290 101.424288 0.000000 1.282260 -0.028853 
246 1.910486 0.000000 -0.154937 101.590489 0.000000 1.028666 -0.032169 
247 1.758390 0.000000 -0.013407 102.386862 0.000000 0.517719 -0.048334 
248 1.707691 0.000000 -0.013407 102.556894 0.000000 0.529613 -0.051820 
249 1.758390 0.000000 -0.060584 102.215159 0.000000 0.656181 -0.044837 
250 1.809088 0.000000 -0.013407 102.221320 0.000000 0.495874 -0.044944 
251 2.011884 0.000000 0.033770 101.833217 0.000000 0.388826 -0.037016 
252 2.011884 0.000000 -0.060584 101.793320 0.000000 0.480059 -0.036211 
253 2.113281 0.000000 0.033770 101.687962 0.000000 0.382274 -0.034059 
254 2.011884 0.000000 0.128123 101.425745 0.000000 0.940142 -0.028807 
255 1.859787 0.000000 0.080946 101.970468 0.000000 0.601067 -0.039834 
256 1.859787 0.000000 0.033770 102.076999 0.000000 0.423776 -0.041989 
257 1.910486 0.000000 0.080946 101.848009 0.000000 0.601181 -0.037338 
258 1.859787 0.000000 0.128123 101.606854 0.000000 0.996833 -0.032495 
259 1.783739 0.000000 0.057358 101.050429 0.000000 1.071416 -0.021234 
260 1.758390 0.000000 0.057358 101.137110 0.000000 1.075218 -0.022987 
261 1.783739 0.000000 0.033770 101.258951 0.000000 0.977851 -0.025433 
262 1.809088 0.000000 0.057358 101.165892 0.000000 1.001113 -0.023554 
263 1.783739 0.000000 0.080946 102.150951 0.000000 0.633454 -0.043522 
264 -17.557837 0.000000 6.166725 99.748824 0.000000 -6.988050 0.000134 
265 -24.047278 0.000000 6.166725 99.753179 0.000000 -6.983238 0.000054 
266 -17.557837 0.000000 12.205327 99.745355 0.000000 -6.982526 0.000211 
267 -7.823676 0.000000 3.147424 99.723864 0.000000 -7.028992 0.000574 
268 -11.068396 0.000000 3.147424 99.742727 0.000000 -7.006574 0.000230 
269 -7.823676 0.000000 6.166725 99.711214 0.000000 -7.003468 0.000863 
270 -2.956595 0.000000 1.637773 99.607694 0.000000 -7.184041 0.002670 
271 -4.578955 0.000000 1.637773 99.694753 0.000000 -7.104157 0.001049 
272 -2.956595 0.000000 3.147424 99.570275 0.000000 -7.081199 0.003562 
273 -0.523054 0.000000 0.882948 98.591092 0.000000 -7.307875 0.022639 
274 -1.334235 0.000000 0.882948 99.332058 0.000000 -7.468263 0.007737 
275 -0.523054 0.000000 1.637773 99.016864 0.000000 -7.104125 0.014519 
276 0.693716 0.000000 0.505535 102.272538 0.000000 1.305616 -0.046138 
277 0.288126 0.000000 0.505535 100.329451 0.000000 -8.508723 -0.013840 
278 0.693716 0.000000 0.882948 99.160425 0.000000 -7.352810 0.011315 
279 1.302101 0.000000 0.316829 101.608531 0.000000 1.288124 -0.032595 
280 1.099306 0.000000 0.316829 101.669468 0.000000 1.289465 -0.033834 
281 1.302101 0.000000 0.505535 101.591202 0.000000 1.287472 -0.032243 
282 1.606293 0.000000 0.222476 101.468437 0.000000 1.284041 -0.029749 
283 1.504896 0.000000 0.222476 101.516947 0.000000 1.285639 -0.030734 
284 1.606293 0.000000 0.316829 101.475077 0.000000 1.284179 -0.029884 
285 1.656992 0.000000 0.080946 102.050946 0.000000 0.847292 -0.041511 
286 1.606293 0.000000 0.080946 101.997716 0.000000 0.926520 -0.040439 
287 1.656992 0.000000 0.033770 101.952367 0.000000 0.855510 -0.039502 
288 1.656992 0.000000 0.128123 101.908051 0.000000 1.023646 -0.038630 
289 1.733040 0.000000 0.057358 101.228975 0.000000 1.065572 -0.024844 
290 1.707691 0.000000 0.057358 101.414695 0.000000 1.013198 -0.028597 
291 1.733040 0.000000 0.033770 101.488814 0.000000 0.959264 -0.030090 
292 1.733040 0.000000 0.080946 101.645369 0.000000 0.909207 -0.033261 
293 1.403498 0.000000 0.033770 102.512523 0.000000 0.898341 -0.050962 
294 1.302101 0.000000 0.033770 102.754024 0.000000 0.848132 -0.055911 
295 1.403498 0.000000 -0.060584 103.021127 0.000000 0.621319 -0.061374 
296 1.403498 0.000000 0.128123 102.621578 0.000000 0.808724 -0.053184 
297 1.403498 0.000000 0.222476 101.568241 0.000000 1.287158 -0.031776 
298 1.302101 0.000000 0.222476 101.615989 0.000000 1.288404 -0.032747 
299 1.403498 0.000000 0.316829 101.565267 0.000000 1.286981 -0.031716 
300 1.454197 0.000000 0.080946 102.331880 0.000000 0.924319 -0.047267 
301 1.403498 0.000000 0.080946 102.435423 0.000000 0.932000 -0.049388 
302 1.454197 0.000000 0.033770 102.568448 0.000000 0.822928 -0.052096 
303 1.504896 0.000000 0.080946 102.223131 0.000000 0.934625 -0.045044 
304 1.454197 0.000000 0.128123 102.091131 0.000000 1.034106 -0.042367 
305 0.896511 0.000000 -0.060584 102.215160 0.000000 0.465796 -0.044816 
306 0.693716 0.000000 -0.060584 102.379475 0.000000 0.339593 -0.048167 
307 0.896511 0.000000 -0.249290 101.979776 0.000000 1.301163 -0.040157 
308 0.896511 0.000000 0.128123 102.008590 0.000000 0.790840 -0.040638 
309 1.200703 0.000000 0.033770 102.613374 0.000000 0.994896 -0.053049 
310 1.099306 0.000000 0.033770 102.591598 0.000000 0.461507 -0.052525 
311 1.200703 0.000000 -0.060584 102.828397 0.000000 0.604787 -0.057404 
312 1.200703 0.000000 0.128123 102.453022 0.000000 0.789483 -0.049724 
313 0.896511 0.000000 0.316829 101.986084 0.000000 1.301213 -0.040285 
314 0.693716 0.000000 0.316829 102.204625 0.000000 1.305565 -0.044749 
315 0.896511 0.000000 0.505535 102.044245 0.000000 1.303222 -0.041473 
316 1.200703 0.000000 0.222476 101.654711 0.000000 1.289279 -0.033534 
317 1.099306 0.000000 0.222476 101.681300 0.000000 1.289787 -0.034075 
318 1.200703 0.000000 0.316829 101.644160 0.000000 1.288954 -0.033320 
319 1.251402 0.000000 0.080946 102.707147 0.000000 0.871881 -0.054952 
320 1.200703 0.000000 0.080946 102.625317 0.000000 0.863510 -0.053270 
321 1.251402 0.000000 0.033770 102.826493 0.000000 0.817046 -0.057396 
322 1.302101 0.000000 0.080946 102.670004 0.000000 0.883249 -0.054191 
323 1.251402 0.000000 0.128123 102.214703 0.000000 1.028386 -0.044890 
324 0.997908 0.000000 0.033770 102.201472 0.000000 0.497952 -0.044539 
325 0.896511 0.000000 0.033770 102.235502 0.000000 0.400108 -0.045226 
326 0.997908 0.000000 -0.060584 102.206812 0.000000 0.565658 -0.044655 
327 0.997908 0.000000 0.128123 102.077082 0.000000 0.746438 -0.042029 
328 1.150005 0.000000 0.080946 102.545751 0.000000 0.700206 -0.051612 
329 1.099306 0.000000 0.080946 102.507923 0.000000 0.624896 -0.050826 
330 1.150005 0.000000 0.033770 102.638957 0.000000 0.571424 -0.053508 
331 1.150005 0.000000 0.128123 102.437796 0.000000 0.779587 -0.049411 
332 1.302101 0.000000 -0.437996 101.585035 0.000000 1.287230 -0.032118 
333 1.099306 0.000000 -0.437996 101.740292 0.000000 1.293095 -0.035276 
334 1.302101 0.000000 -0.626702 101.758571 0.000000 1.294779 -0.035648 
335 1.200703 0.000000 -0.154937 102.145430 0.000000 1.061275 -0.043482 
336 1.099306 0.000000 -0.154937 101.894819 0.000000 1.036786 -0.038363 
337 1.200703 0.000000 -0.249290 101.633873 0.000000 1.288628 -0.033110 
338 1.302101 0.000000 -0.154937 102.125025 0.000000 1.056430 -0.043064 
339 1.150005 0.000000 -0.013407 102.662374 0.000000 0.551803 -0.053987 
340 1.099306 0.000000 -0.013407 102.624771 0.000000 0.402734 -0.053201 
341 1.150005 0.000000 -0.060584 102.602070 0.000000 0.598706 -0.052754 
342 1.200703 0.000000 -0.013407 102.935838 0.000000 0.552827 -0.059609 
343 1.175354 0.000000 0.057358 102.518092 0.000000 1.129787 -0.051124 
344 1.150005 0.000000 0.057358 102.599056 0.000000 0.603095 -0.052693 
345 1.175354 0.000000 0.033770 102.660255 0.000000 0.896647 -0.053993 
346 1.200703 0.000000 0.057358 102.551572 0.000000 1.065109 -0.051796 
347 1.175354 0.000000 0.080946 102.571463 0.000000 0.705303 -0.052140 
348 0.997908 0.000000 0.222476 101.695772 0.000000 1.289998 -0.034369 
349 0.896511 0.000000 0.222476 101.925103 0.000000 1.298990 -0.039041 
350 0.997908 0.000000 0.316829 101.684268 0.000000 1.289708 -0.034135 
351 1.048607 0.000000 0.080946 102.188644 0.000000 0.614356 -0.044290 
352 0.997908 0.000000 0.080946 102.137061 0.000000 0.666227 -0.043242 
353 1.048607 0.000000 0.033770 102.421568 0.000000 0.446279 -0.049038 
354 1.048607 0.000000 0.128123 101.943973 0.000000 1.004030 -0.039358 
355 1.124655 0.000000 0.057358 102.571477 0.000000 0.588913 -0.052125 
356 1.099306 0.000000 0.057358 102.552377 0.000000 0.520215 -0.051726 
357 1.124655 0.000000 0.033770 102.607536 0.000000 0.547545 -0.052861 
358 1.124655 0.000000 0.080946 102.528789 0.000000 0.631469 -0.051255 
359 1.251402 0.000000 -0.013407 103.493256 0.000000 0.370438 -0.071099 
360 1.251402 0.000000 -0.060584 103.056228 0.000000 0.540620 -0.062088 
361 1.302101 0.000000 -0.013407 103.363595 0.000000 0.462180 -0.068425 
362 1.175354 0.000000 0.010181 102.835499 0.000000 0.522523 -0.057541 
363 1.150005 0.000000 0.010181 102.662205 0.000000 0.552237 -0.053983 
364 1.175354 0.000000 -0.013407 102.835838 0.000000 0.521838 -0.057548 
365 1.200703 0.000000 0.010181 102.936475 0.000000 0.553116 -0.059622 
366 1.162679 0.000000 0.045564 102.523035 0.000000 1.144450 -0.051228 
367 1.150005 0.000000 0.045564 102.540929 0.000000 1.143056 -0.051595 
368 1.162679 0.000000 0.033770 102.582695 0.000000 0.924010 -0.052406 
369 1.175354 0.000000 0.045564 102.562618 0.000000 1.112166 -0.052033 
370 1.162679 0.000000 0.057358 102.520459 0.000000 1.135954 -0.051173 
371 3.330051 0.000000 -0.060584 101.036744 0.000000 -0.000000 -0.020842 
372 3.330051 0.000000 -0.249290 102.321830 0.000000 2.266374 -0.047489 
373 3.330051 0.000000 0.128123 101.018026 0.000000 -0.000000 -0.020464 
374 3.735641 0.000000 0.316829 95.266313 0.000000 -96.112588 -0.831330 
375 3.532846 0.000000 0.316829 96.121551 0.000000 -83.283039 -0.617542 
376 3.938436 0.000000 0.316829 95.086161 0.000000 -95.715713 -0.820288 
377 3.735641 0.000000 0.505535 98.622789 0.000000 -18.641680 -0.007397 
378 3.634244 0.000000 0.033770 100.712399 0.000000 -0.000000 -0.014299 
379 3.532846 0.000000 0.033770 100.799650 0.000000 -0.000000 -0.016057 
380 3.634244 0.000000 -0.060584 100.721267 0.000000 -0.000000 -0.014477 
381 3.735641 0.000000 0.033770 100.642188 0.000000 -0.000000 -0.012885 
382 3.634244 0.000000 0.128123 100.736028 0.000000 -0.000000 -0.014775 
383 3.330051 0.000000 0.316829 96.841139 0.000000 -68.222863 -0.403257 
384 3.127256 0.000000 0.316829 97.594310 0.000000 -56.317499 -0.269631 
385 3.330051 0.000000 0.505535 97.964935 0.000000 -19.900924 0.000682 
386 3.431449 0.000000 0.033770 100.888360 0.000000 -0.000000 -0.017846 
387 3.330051 0.000000 0.033770 101.038954 0.000000 -0.000000 -0.020887 
388 3.431449 0.000000 -0.060584 100.904732 0.000000 -0.000000 -0.018176 
389 3.431449 0.000000 0.128123 100.918734 0.000000 0.000000 -0.018459 
390 8.399927 0.000000 -17.987683 99.787756 0.000000 -6.916629 -0.000544 
391 8.399927 0.000000 -24.026285 99.775557 0.000000 -6.944462 -0.000339 
392 14.889368 0.000000 -17.987683 99.778550 0.000000 -6.903110 -0.000341 
393 5.155207 0.000000 -8.929780 99.870135 0.000000 -6.773583 -0.001993 
394 5.155207 0.000000 -11.949081 99.825716 0.000000 -6.862903 -0.001227 
395 8.399927 0.000000 -8.929780 99.839141 0.000000 -6.728154 -0.001312 
396 3.532846 0.000000 -4.400829 100.099048 0.000000 -6.438181 -0.006127 
397 3.532846 0.000000 -5.910479 99.992451 0.000000 -6.632063 -0.004247 
398 5.155207 0.000000 -4.400829 100.022258 0.000000 -6.318044 -0.004437 
399 4.344026 0.000000 -2.136353 100.339256 0.000000 -5.354295 -0.009663 
400 3.532846 0.000000 -2.136353 100.442434 0.000000 -5.558391 -0.011958 
401 4.344026 0.000000 -2.891178 100.208490 0.000000 -5.904829 -0.007661 
402 5.155207 0.000000 -2.136353 100.258162 0.000000 -5.181929 -0.007855 
403 3.938436 0.000000 -1.004115 101.026711 0.000000 -1.586386 -0.020891 
404 3.532846 0.000000 -1.004115 101.154955 0.000000 -2.143909 -0.023692 
405 3.938436 0.000000 -1.381528 100.683268 0.000000 -3.918901 -0.015248 
406 4.344026 0.000000 -1.004115 100.937368 0.000000 -1.093422 -0.018955 
407 3.735641 0.000000 -0.437996 101.602535 0.000000 3.345223 -0.033427 
408 3.532846 0.000000 -0.437996 101.925260 0.000000 3.538890 -0.040128 
409 3.735641 0.000000 -0.626702 101.636220 0.000000 2.434742 -0.033585 
410 3.938436 0.000000 -0.437996 101.463105 0.000000 3.046069 -0.030404 
411 3.634244 0.000000 -0.154937 100.727170 0.000000 -0.000000 -0.014596 
412 3.532846 0.000000 -0.154937 100.766722 0.000000 -0.000000 -0.015393 
413 3.634244 0.000000 -0.249290 100.908223 0.000000 1.289992 -0.018413 
414 3.735641 0.000000 -0.154937 99.781679 0.000000 -1.971855 0.003973 
415 3.583545 0.000000 -0.013407 100.732547 0.000000 -0.000000 -0.014705 
416 3.532846 0.000000 -0.013407 100.778399 0.000000 -0.000000 -0.015629 
417 3.583545 0.000000 -0.060584 100.748479 0.000000 -0.000000 -0.015026 
418 3.634244 0.000000 -0.013407 100.712142 0.000000 -0.000000 -0.014294 
419 3.583545 0.000000 0.033770 100.744752 0.000000 -0.000000 -0.014951 
420 5.966387 0.000000 -0.626702 101.436367 0.000000 2.749731 -0.029690 
421 5.966387 0.000000 -1.381528 100.566150 0.000000 -2.456835 -0.011959 
422 6.777567 0.000000 -0.626702 100.876197 0.000000 2.063565 -0.018027 
423 5.966387 0.000000 0.128123 99.379172 0.000000 -13.681938 -0.006342 
424 4.749616 0.000000 -0.249290 100.705852 0.000000 -2.912039 -0.015015 
425 4.749616 0.000000 -0.626702 101.325955 0.000000 3.164458 -0.027696 
426 5.155207 0.000000 -0.249290 100.485615 0.000000 -4.322261 -0.011604 
427 4.749616 0.000000 0.128123 99.905218 0.000000 -17.436334 -0.028508 
428 4.141231 0.000000 -0.060584 100.411361 0.000000 -7.742883 -0.014239 
429 4.141231 0.000000 -0.249290 100.937491 0.000000 -1.148092 -0.018970 
430 4.344026 0.000000 -0.060584 100.335125 0.000000 -8.120044 -0.013307 
431 4.141231 0.000000 0.128123 100.278925 0.000000 -16.521022 -0.032881 
432 3.837039 0.000000 0.033770 100.571572 0.000000 0.000000 -0.011464 
433 3.837039 0.000000 -0.060584 100.568745 0.000000 0.000000 -0.011407 
434 3.938436 0.000000 0.033770 100.566936 0.000000 0.000000 -0.011371 
435 3.837039 0.000000 0.128123 100.566772 0.000000 0.000000 -0.011368 
436 3.684943 0.000000 -0.013407 100.685217 0.000000 -0.000000 -0.013751 
437 3.684943 0.000000 -0.060584 100.678971 0.000000 -0.000000 -0.013626 
438 3.735641 0.000000 -0.013407 100.648037 0.000000 -0.000000 -0.013003 
439 3.684943 0.000000 0.033770 100.680050 0.000000 -0.000000 -0.013647 
440 3.634244 0.000000 0.222476 100.829071 0.000000 -28.485198 -0.097791 
441 3.532846 0.000000 0.222476 100.584921 0.000000 -26.731838 -0.083192 
442 3.735641 0.000000 0.222476 100.755152 0.000000 -30.492857 -0.108142 
443 3.634244 0.000000 0.316829 95.698074 0.000000 -90.653395 -0.737616 
444 3.583545 0.000000 0.080946 100.753061 0.000000 -0.000000 -0.015118 
445 3.532846 0.000000 0.080946 100.802065 0.000000 -0.000000 -0.016106 
446 3.634244 0.000000 0.080946 100.730002 0.000000 -0.000000 -0.014653 
447 3.583545 0.000000 0.128123 100.762289 0.000000 -0.000000 -0.015304 
448 3.608894 0.000000 0.010181 100.724816 0.000000 -0.000000 -0.014549 
449 3.583545 0.000000 0.010181 100.732336 0.000000 0.000000 -0.014700 
450 3.608894 0.000000 -0.013407 100.725028 0.000000 -0.000000 -0.014553 
451 3.634244 0.000000 0.010181 100.712116 0.000000 -0.000000 -0.014293 
452 3.608894 0.000000 0.033770 100.727041 0.000000 -0.000000 -0.014594 
453 2.721666 0.000000 -2.136353 100.550392 0.000000 -5.807759 -0.014411 
454 2.721666 0.000000 -2.891178 100.351944 0.000000 -6.177230 -0.010867 
455 3.127256 0.000000 -1.004115 101.240981 0.000000 -2.772758 -0.025742 
456 2.721666 0.000000 -1.004115 101.274232 0.000000 -3.360487 -0.026776 
457 3.127256 0.000000 -1.381528 100.841385 0.000000 -4.507883 -0.018931 
458 3.330051 0.000000 -0.437996 102.295931 0.000000 3.399335 -0.047601 
459 3.127256 0.000000 -0.437996 102.492912 0.000000 3.018057 -0.051391 
460 3.330051 0.000000 -0.626702 101.936043 0.000000 1.699823 -0.039385 
461 3.431449 0.000000 -0.154937 100.901837 0.000000 0.000000 -0.018118 
462 3.330051 0.000000 -0.154937 101.037901 0.000000 -0.000000 -0.020866 
463 3.431449 0.000000 -0.249290 101.872870 0.000000 2.208305 -0.038296 
464 3.482148 0.000000 -0.013407 100.831094 0.000000 0.000000 -0.016691 
465 3.431449 0.000000 -0.013407 100.898270 0.000000 -0.000000 -0.018046 
466 3.482148 0.000000 -0.060584 100.845791 0.000000 -0.000000 -0.016987 
467 3.482148 0.000000 0.033770 100.842769 0.000000 -0.000000 -0.016926 
468 3.558196 0.000000 0.010181 100.751612 0.000000 0.000000 -0.015089 
469 3.532846 0.000000 0.010181 100.777484 0.000000 -0.000000 -0.015610 
470 3.558196 0.000000 -0.013407 100.752214 0.000000 -0.000000 -0.015101 
471 3.558196 0.000000 0.033770 100.751403 0.000000 -0.000000 -0.015085 
472 3.583545 0.000000 -0.107760 100.761552 0.000000 -0.000000 -0.015289 
473 3.532846 0.000000 -0.107760 100.786331 0.000000 -0.000000 -0.015788 
474 3.583545 0.000000 -0.154937 100.747230 0.000000 -0.000000 -0.015000 
475 3.634244 0.000000 -0.107760 100.739390 0.000000 -0.000000 -0.014842 
476 3.558196 0.000000 -0.036995 100.751659 0.000000 -0.000000 -0.015090 
477 3.532846 0.000000 -0.036995 100.799773 0.000000 -0.000000 -0.016059 
478 3.558196 0.000000 -0.060584 100.775532 0.000000 -0.000000 -0.015571 
479 3.583545 0.000000 -0.036995 100.745198 0.000000 -0.000000 -0.014959 
480 3.570870 0.000000 -0.001613 100.738355 0.000000 0.000000 -0.014822 
481 3.558196 0.000000 -0.001613 100.750513 0.000000 0.000000 -0.015067 
482 3.570870 0.000000 -0.013407 100.742092 0.000000 0.000000 -0.014897 
483 3.583545 0.000000 -0.001613 100.728398 0.000000 0.000000 -0.014621 
484 3.570870 0.000000 0.010181 100.741305 0.000000 0.000000 -0.014881 
485 3.228654 0.000000 0.033770 101.150366 0.000000 -0.000000 -0.023140 
486 3.127256 0.000000 0.033770 101.239108 0.000000 -0.000000 -0.024936 
487 3.228654 0.000000 -0.060584 101.131478 0.000000 -0.000000 -0.022758 
488 3.228654 0.000000 0.128123 101.069737 0.000000 -0.000000 -0.021509 
489 3.380750 0.000000 -0.013407 100.977066 0.000000 0.000000 -0.019637 
490 3.330051 0.000000 -0.013407 101.036027 0.000000 -0.000000 -0.020828 
491 3.380750 0.000000 -0.060584 100.962398 0.000000 0.000000 -0.019341 
492 3.380750 0.000000 0.033770 100.973219 0.000000 0.000000 -0.019559 
493 3.431449 0.000000 0.222476 100.123337 0.000000 -25.409054 -0.067030 
494 3.330051 0.000000 0.222476 99.770325 0.000000 -24.516207 -0.055516 
495 3.431449 0.000000 0.316829 96.485839 0.000000 -75.493386 -0.500877 
496 3.380750 0.000000 0.080946 100.975313 0.000000 -0.000000 -0.019601 
497 3.330051 0.000000 0.080946 101.049376 0.000000 -0.000000 -0.021098 
498 3.431449 0.000000 0.080946 100.904536 0.000000 -0.000000 -0.018173 
499 3.380750 0.000000 0.128123 100.990708 0.000000 -0.000000 -0.019912 
500 3.406099 0.000000 0.010181 100.948849 0.000000 0.000000 -0.019067 
501 3.380750 0.000000 0.010181 100.978238 0.000000 0.000000 -0.019660 
502 3.406099 0.000000 -0.013407 100.946352 0.000000 0.000000 -0.019017 
503 3.431449 0.000000 0.010181 100.897404 0.000000 -0.000000 -0.018029 
504 3.406099 0.000000 0.033770 100.938624 0.000000 0.000000 -0.018861 
505 3.228654 0.000000 -0.154937 101.078684 0.000000 -0.000000 -0.021690 
506 3.127256 0.000000 -0.154937 101.423455 0.000000 0.000000 -0.028672 
507 3.228654 0.000000 -0.249290 102.575259 0.000000 2.216703 -0.052660 
508 3.279352 0.000000 -0.013407 101.088060 0.000000 -0.000000 -0.021880 
509 3.228654 0.000000 -0.013407 101.153264 0.000000 -0.000000 -0.023198 
510 3.279352 0.000000 -0.060584 101.091940 0.000000 -0.000000 -0.021958 
511 3.279352 0.000000 0.033770 101.095022 0.000000 -0.000000 -0.022020 
512 2.924461 0.000000 0.316829 99.432457 0.000000 -49.007928 -0.228859 
513 2.721666 0.000000 0.316829 99.750020 0.000000 -45.591143 -0.202862 
514 2.924461 0.000000 0.505535 97.101585 0.000000 -23.621390 0.001331 
515 3.228654 0.000000 0.222476 99.630640 0.000000 -23.805667 -0.049297 
516 3.127256 0.000000 0.222476 99.599908 0.000000 -23.136002 -0.045542 
517 3.228654 0.000000 0.316829 97.211045 0.000000 -61.806300 -0.327001 
518 3.279352 0.000000 0.080946 101.074620 0.000000 -0.000000 -0.021608 
519 3.228654 0.000000 0.080946 101.128286 0.000000 -0.000000 -0.022693 
520 3.279352 0.000000 0.128123 101.058240 0.000000 -0.000000 -0.021277 
521 3.304702 0.000000 0.010181 101.065785 0.000000 -0.000000 -0.021429 
522 3.279352 0.000000 0.010181 101.087083 0.000000 -0.000000 -0.021860 
523 3.304702 0.000000 -0.013407 101.066932 0.000000 -0.000000 -0.021452 
524 3.330051 0.000000 0.010181 101.039341 0.000000 -0.000000 -0.020895 
525 3.304702 0.000000 0.033770 101.060420 0.000000 -0.000000 -0.021321 
526 3.025859 0.000000 0.033770 101.414173 0.000000 -0.000000 -0.028483 
527 2.924461 0.000000 0.033770 101.504170 0.000000 -0.000000 -0.030310 
528 3.025859 0.000000 -0.060584 101.411151 0.000000 -0.000000 -0.028422 
529 3.025859 0.000000 0.128123 101.401774 0.000000 -0.000000 -0.028232 
530 3.177955 0.000000 -0.013407 101.186438 0.000000 -0.000000 -0.023870 
531 3.127256 0.000000 -0.013407 101.240541 0.000000 -0.000000 -0.024965 
532 3.177955 0.000000 -0.060584 101.172656 0.000000 -0.000000 -0.023591 
533 3.177955 0.000000 0.033770 101.178679 0.000000 -0.000000 -0.023713 
534 3.254003 0.000000 0.010181 101.119034 0.000000 -0.000000 -0.022506 
535 3.228654 0.000000 0.010181 101.153586 0.000000 -0.000000 -0.023205 
536 3.254003 0.000000 -0.013407 101.118860 0.000000 -0.000000 -0.022502 
537 3.254003 0.000000 0.033770 101.116935 0.000000 -0.000000 -0.022463 
538 3.279352 0.000000 -0.107760 101.071931 0.000000 -0.000000 -0.021554 
539 3.228654 0.000000 -0.107760 101.115108 0.000000 -0.000000 -0.022427 
540 3.279352 0.000000 -0.154937 101.057781 0.000000 -0.000000 -0.021268 
541 3.330051 0.000000 -0.107760 101.018918 0.000000 -0.000000 -0.020482 
542 3.254003 0.000000 -0.036995 101.116539 0.000000 -0.000000 -0.022455 
543 3.228654 0.000000 -0.036995 101.149880 0.000000 -0.000000 -0.023130 
544 3.254003 0.000000 -0.060584 101.098010 0.000000 -0.000000 -0.022081 
545 3.279352 0.000000 -0.036995 101.094688 0.000000 -0.000000 -0.022014 
546 3.266678 0.000000 -0.001613 101.095301 0.000000 0.000000 -0.022026 
547 3.254003 0.000000 -0.001613 101.104691 0.000000 -0.000000 -0.022216 
548 3.266678 0.000000 -0.013407 101.100798 0.000000 -0.000000 -0.022137 
549 3.279352 0.000000 -0.001613 101.086082 0.000000 -0.000000 -0.021840 
550 3.266678 0.000000 0.010181 101.095989 0.000000 -0.000000 -0.022040 
551 -17.557837 0.000000 -17.987683 99.768196 0.000000 -6.977866 -0.000238 
552 -24.047278 0.000000 -17.987683 99.763432 0.000000 -6.978595 -0.000144 
553 -17.557837 0.000000 -24.026285 99.766267 0.000000 -6.975533 -0.000197 
554 21.378809 0.000000 -17.987683 99.771735 0.000000 -6.896311 -0.000196 
555 21.378809 0.000000 -24.026285 99.767904 0.000000 -6.932482 -0.000169 
556 27.868250 0.000000 -17.987683 99.767897 0.000000 -6.891922 -0.000113 
557 -7.823676 0.000000 -8.929780 99.803174 0.000000 -6.984952 -0.000946 
558 -11.068396 0.000000 -8.929780 99.784713 0.000000 -6.987396 -0.000581 
559 -7.823676 0.000000 -11.949081 99.795573 0.000000 -6.974957 -0.000781 
560 11.644648 0.000000 -8.929780 99.809583 0.000000 -6.709824 -0.000697 
561 11.644648 0.000000 -11.949081 99.797591 0.000000 -6.820742 -0.000608 
562 14.889368 0.000000 -8.929780 99.796283 0.000000 -6.693803 -0.000411 
563 -2.956595 0.000000 -4.400829 99.939166 0.000000 -7.010251 -0.003698 
564 -4.578955 0.000000 -4.400829 99.868000 0.000000 -7.024610 -0.002296 
565 -2.956595 0.000000 -5.910479 99.904009 0.000000 -6.972527 -0.002943 
566 6.777567 0.000000 -4.400829 99.953289 0.000000 -6.242606 -0.002963 
567 6.777567 0.000000 -5.910479 99.909690 0.000000 -6.505667 -0.002427 
568 8.399927 0.000000 -4.400829 99.901364 0.000000 -6.197108 -0.001869 
569 -0.523054 0.000000 -2.136353 100.419216 0.000000 -6.955171 -0.013239 
570 -1.334235 0.000000 -2.136353 100.217991 0.000000 -7.104069 -0.009411 
571 -0.523054 0.000000 -2.891178 100.268636 0.000000 -6.915137 -0.010162 
572 0.693716 0.000000 -1.004115 101.168491 0.000000 -5.604194 -0.026647 
573 0.288126 0.000000 -1.004115 101.316440 0.000000 -5.887872 -0.029969 
574 0.693716 0.000000 -1.381528 100.971775 0.000000 -6.148735 -0.023311 
575 2.316076 0.000000 -1.004115 101.315358 0.000000 -3.922971 -0.028019 
576 2.316076 0.000000 -1.381528 100.952598 0.000000 -5.104003 -0.021748 
577 0.896511 0.000000 -0.437996 102.115966 0.000000 1.304862 -0.042937 
578 0.693716 0.000000 -0.437996 102.339309 0.000000 1.304606 -0.047504 
579 0.896511 0.000000 -0.626702 102.335942 0.000000 1.304759 -0.047435 
580 1.403498 0.000000 -0.154937 102.039303 0.000000 1.067283 -0.041316 
581 1.403498 0.000000 -0.249290 101.562961 0.000000 1.286823 -0.031669 
582 1.504896 0.000000 -0.154937 102.012478 0.000000 1.060624 -0.040767 
583 2.113281 0.000000 -0.437996 100.880900 0.000000 1.265665 -0.017856 
584 2.113281 0.000000 -0.626702 100.661670 0.000000 1.249779 -0.013433 
585 2.316076 0.000000 -0.437996 100.661091 0.000000 1.249727 -0.013422 
586 2.518871 0.000000 -0.437996 102.692720 0.000000 1.299527 -0.054748 
587 2.518871 0.000000 -0.626702 102.072531 0.000000 -0.590140 -0.041915 
588 2.721666 0.000000 -0.437996 102.633931 0.000000 1.974604 -0.053762 
589 1.606293 0.000000 -0.154937 101.872694 0.000000 1.059248 -0.037917 
590 1.606293 0.000000 -0.249290 101.482709 0.000000 1.284347 -0.030039 
591 2.518871 0.000000 0.316829 100.631129 0.000000 1.247141 -0.012818 
592 2.518871 0.000000 0.505535 96.749625 0.000000 -29.052428 -0.020453 
593 2.011884 0.000000 -0.154937 101.375137 0.000000 0.955661 -0.027783 
594 2.011884 0.000000 -0.249290 101.090755 0.000000 1.275528 -0.022097 
595 2.113281 0.000000 -0.154937 101.300013 0.000000 0.913880 -0.026253 
596 5.966387 0.000000 -2.136353 100.199319 0.000000 -4.990291 -0.006481 
597 5.966387 0.000000 -2.891178 100.083901 0.000000 -5.721288 -0.004952 
598 6.777567 0.000000 -2.136353 100.127084 0.000000 -4.809829 -0.004857 
599 4.749616 0.000000 -1.004115 100.915479 0.000000 -0.602310 -0.018430 
600 4.749616 0.000000 -1.381528 100.571208 0.000000 -3.410164 -0.012620 
601 5.155207 0.000000 -1.004115 100.953726 0.000000 -0.081167 -0.019166 
602 2.924461 0.000000 -0.437996 102.568770 0.000000 2.557757 -0.052689 
603 2.924461 0.000000 -0.626702 102.046566 0.000000 0.584142 -0.041384 
604 5.966387 0.000000 0.882948 99.372093 0.000000 -5.386110 0.009618 
605 6.777567 0.000000 0.882948 99.664793 0.000000 -5.299086 0.003885 
606 5.966387 0.000000 1.637773 99.499471 0.000000 -5.427535 0.007040 
607 4.749616 0.000000 0.505535 98.905466 0.000000 -19.125352 -0.014807 
608 5.155207 0.000000 0.505535 98.462573 0.000000 -17.853220 -0.001362 
609 4.749616 0.000000 0.882948 99.176347 0.000000 -5.886305 0.012940 
610 3.025859 0.000000 -0.154937 101.423455 0.000000 0.000000 -0.028672 
611 2.924461 0.000000 -0.154937 101.511178 0.000000 0.000000 -0.030452 
612 3.025859 0.000000 -0.249290 102.793852 0.000000 2.115154 -0.057105 
613 4.141231 0.000000 -0.437996 101.392957 0.000000 2.790013 -0.028832 
614 4.141231 0.000000 -0.626702 101.438643 0.000000 2.832620 -0.029782 
615 4.344026 0.000000 -0.437996 101.311813 0.000000 2.527300 -0.027047 
616 4.141231 0.000000 0.316829 98.579526 0.000000 -88.467662 -0.754445 
617 4.344026 0.000000 0.316829 98.373534 0.000000 -84.755049 -0.686077 
618 4.141231 0.000000 0.505535 98.989784 0.000000 -18.884293 -0.015559 
619 3.837039 0.000000 -0.154937 100.550092 0.000000 0.000000 -0.011032 
620 3.837039 0.000000 -0.249290 100.745513 0.000000 -0.002363 -0.014966 
621 3.938436 0.000000 -0.154937 100.349096 0.000000 -3.731633 -0.008387 
622 1.859787 0.000000 -0.013407 102.176804 0.000000 0.290344 -0.044018 
623 1.859787 0.000000 -0.060584 102.018339 0.000000 0.543123 -0.040804 
624 1.910486 0.000000 -0.013407 101.927699 0.000000 0.499846 -0.038951 
625 1.656992 0.000000 -0.013407 103.212343 0.000000 0.296823 -0.065288 
626 1.606293 0.000000 -0.013407 102.875163 0.000000 0.544126 -0.058360 
627 1.656992 0.000000 -0.060584 102.664246 0.000000 0.579225 -0.054028 
628 1.555595 0.000000 0.080946 102.020957 0.000000 0.973183 -0.040922 
629 1.555595 0.000000 0.033770 102.157077 0.000000 0.908182 -0.043689 
630 1.555595 0.000000 0.128123 102.447793 0.000000 0.802946 -0.049619 
631 2.011884 0.000000 0.222476 101.210525 0.000000 1.278316 -0.024520 
632 2.113281 0.000000 0.222476 101.007316 0.000000 1.272091 -0.020410 
633 2.011884 0.000000 0.316829 101.153043 0.000000 1.277211 -0.023357 
634 1.352800 0.000000 0.080946 102.416467 0.000000 0.994045 -0.049012 
635 1.352800 0.000000 0.033770 102.526318 0.000000 0.945567 -0.051254 
636 1.352800 0.000000 0.128123 102.652249 0.000000 0.804042 -0.053813 
637 0.997908 0.000000 -0.154937 101.966032 0.000000 0.892256 -0.039787 
638 0.896511 0.000000 -0.154937 102.027874 0.000000 0.964901 -0.041062 
639 0.997908 0.000000 -0.249290 101.778313 0.000000 1.293885 -0.036050 
640 1.048607 0.000000 -0.013407 102.478326 0.000000 0.380178 -0.050195 
641 0.997908 0.000000 -0.013407 102.215214 0.000000 0.480832 -0.044818 
642 1.048607 0.000000 -0.060584 102.366238 0.000000 0.507276 -0.047910 
643 1.124655 0.000000 0.010181 102.629340 0.000000 0.518724 -0.053305 
644 1.099306 0.000000 0.010181 102.627202 0.000000 0.397273 -0.053250 
645 1.124655 0.000000 -0.013407 102.629306 0.000000 0.519286 -0.053304 
646 3.837039 0.000000 0.222476 100.447013 0.000000 -32.724203 -0.116048 
647 3.938436 0.000000 0.222476 100.041462 0.000000 -35.133017 -0.124262 
648 3.837039 0.000000 0.316829 94.984499 0.000000 -98.074320 -0.864063 
649 3.684943 0.000000 0.080946 100.694028 0.000000 -0.000000 -0.013929 
650 3.735641 0.000000 0.080946 100.645189 0.000000 -0.000000 -0.012945 
651 3.684943 0.000000 0.128123 100.726562 0.000000 -0.000000 -0.014584 
652 3.482148 0.000000 0.080946 100.846462 0.000000 -0.000000 -0.017001 
653 3.482148 0.000000 0.128123 100.832452 0.000000 -0.000000 -0.016718 
654 3.684943 0.000000 -0.107760 100.726529 0.000000 -0.000000 -0.014583 
655 3.684943 0.000000 -0.154937 100.710672 0.000000 -0.000000 -0.014264 
656 3.735641 0.000000 -0.107760 100.638198 0.000000 -0.000000 -0.012805 
657 3.608894 0.000000 -0.036995 100.727398 0.000000 -0.000000 -0.014601 
658 3.608894 0.000000 -0.060584 100.729836 0.000000 -0.000000 -0.014650 
659 3.634244 0.000000 -0.036995 100.720067 0.000000 -0.000000 -0.014453 
660 3.482148 0.000000 -0.107760 100.832162 0.000000 -0.000000 -0.016712 
661 3.431449 0.000000 -0.107760 100.929477 0.000000 0.000000 -0.018676 
662 3.482148 0.000000 -0.154937 100.827700 0.000000 0.000000 -0.016623 
663 3.380750 0.000000 -0.107760 100.974429 0.000000 -0.000000 -0.019584 
664 3.380750 0.000000 -0.154937 101.010470 0.000000 -0.000000 -0.020311 
665 3.177955 0.000000 0.080946 101.179088 0.000000 -0.000000 -0.023721 
666 3.127256 0.000000 0.080946 101.248748 0.000000 -0.000000 -0.025131 
667 3.177955 0.000000 0.128123 101.155982 0.000000 -0.000000 -0.023253 
668 3.355401 0.000000 0.010181 101.015615 0.000000 -0.000000 -0.020415 
669 3.355401 0.000000 -0.013407 101.015753 0.000000 -0.000000 -0.020418 
670 3.355401 0.000000 0.033770 101.016110 0.000000 -0.000000 -0.020425 
671 3.177955 0.000000 -0.107760 101.181416 0.000000 -0.000000 -0.023768 
672 3.127256 0.000000 -0.107760 101.234405 0.000000 -0.000000 -0.024840 
673 3.177955 0.000000 -0.154937 101.093735 0.000000 -0.000000 -0.021994 
674 3.304702 0.000000 -0.036995 101.060124 0.000000 -0.000000 -0.021315 
675 3.304702 0.000000 -0.060584 101.057616 0.000000 -0.000000 -0.021264 
676 3.330051 0.000000 -0.036995 101.038731 0.000000 -0.000000 -0.020883 
677 3.025859 0.000000 0.222476 99.671653 0.000000 -22.545498 -0.044274 
678 2.924461 0.000000 0.222476 99.870295 0.000000 -22.284722 -0.047068 
679 3.025859 0.000000 0.316829 98.281236 0.000000 -51.791089 -0.234152 
680 1.555595 0.000000 -0.013407 102.962242 0.000000 0.542693 -0.060152 
681 1.504896 0.000000 -0.013407 102.894323 0.000000 0.619754 -0.058763 
682 1.555595 0.000000 -0.060584 102.691771 0.000000 0.681699 -0.054606 
683 1.352800 0.000000 -0.013407 102.903925 0.000000 0.713794 -0.058973 
684 1.352800 0.000000 -0.060584 103.038089 0.000000 0.626089 -0.061724 
685 1.403498 0.000000 -0.013407 103.147157 0.000000 0.563098 -0.063965 
686 1.454197 0.000000 -0.013407 103.381546 0.000000 0.442644 -0.068794 
687 1.454197 0.000000 -0.060584 103.022589 0.000000 0.593199 -0.061401 
688 3.355401 0.000000 -0.036995 101.015956 0.000000 -0.000000 -0.020422 
689 3.355401 0.000000 -0.060584 101.014547 0.000000 -0.000000 -0.020394 
690 3.380750 0.000000 -0.036995 100.963370 0.000000 0.000000 -0.019360 
691 3.406099 0.000000 -0.036995 100.937965 0.000000 0.000000 -0.018847 
692 3.406099 0.000000 -0.060584 100.939693 0.000000 0.000000 -0.018882 
693 3.431449 0.000000 -0.036995 100.904914 0.000000 -0.000000 -0.018180 
1 19 21 9 22 
2 20 19 22 4 
3 28 29 3 30 
4 21 28 30 9 
5 35 37 21 38 
6 36 35 38 19 
7 44 45 28 46 
8 37 44 46 21 
9 51 53 37 54 
10 52 51 54 35 
11 60 61 44 62 
12 53 60 62 37 
13 67 69 53 70 
14 68 67 70 51 
15 76 77 60 78 
16 69 76 78 53 
17 83 85 69 86 
18 84 83 86 67 
19 11 94 92 93 
20 94 10 24 92 
21 92 24 14 95 
22 93 92 95 6 
23 24 98 96 97 
24 98 23 40 96 
25 96 40 27 99 
26 97 96 99 14 
27 40 102 100 101 
28 102 39 56 100 
29 100 56 43 103 
30 101 100 103 27 
31 56 106 104 105 
32 106 55 72 104 
33 104 72 59 107 
34 105 104 107 43 
35 72 110 108 109 
36 109 108 111 59 
37 112 113 76 114 
38 85 112 114 69 
39 115 117 85 118 
40 116 115 118 83 
41 132 133 112 134 
42 117 132 134 85 
43 136 124 137 135 
44 135 137 127 138 
45 15 140 139 33 
46 140 17 141 139 
47 139 141 8 142 
48 33 139 142 18 
49 31 144 143 49 
50 144 33 145 143 
51 143 145 18 146 
52 49 143 146 34 
53 148 49 149 147 
54 147 149 34 150 
55 124 160 159 137 
56 160 126 161 159 
57 159 161 82 162 
58 137 159 162 127 
59 18 142 163 45 
60 142 8 164 163 
61 163 164 29 165 
62 45 163 165 28 
63 34 146 166 61 
64 146 18 167 166 
65 166 167 45 168 
66 61 166 168 44 
67 150 34 170 169 
68 169 170 61 171 
69 77 169 171 60 
70 172 173 77 174 
71 113 172 174 76 
72 175 176 113 177 
73 133 175 177 112 
74 126 179 178 161 
75 161 178 181 82 
76 186 187 172 188 
77 176 186 188 113 
78 194 196 117 197 
79 195 194 197 115 
80 138 127 208 207 
81 207 208 132 209 
82 196 207 209 117 
83 131 202 210 211 
84 202 5 212 210 
85 210 212 196 213 
86 211 210 213 194 
87 214 217 202 218 
88 215 214 218 131 
89 12 221 219 220 
90 221 7 222 219 
91 219 222 13 25 
92 220 219 25 10 
93 25 225 223 224 
94 225 13 226 223 
95 223 226 26 41 
96 224 223 41 23 
97 41 229 227 228 
98 229 26 230 227 
99 227 230 42 57 
100 228 227 57 39 
101 57 233 231 232 
102 233 42 234 231 
103 231 234 58 73 
104 232 231 73 55 
105 73 237 235 236 
106 237 58 238 235 
107 235 238 74 89 
108 236 235 89 71 
109 89 241 239 240 
110 241 74 242 239 
111 239 242 90 129 
112 240 239 129 87 
113 129 245 243 244 
114 245 90 246 243 
115 243 246 130 200 
116 244 243 200 128 
117 128 249 247 248 
118 249 200 250 247 
119 247 250 198 216 
120 248 247 216 199 
121 130 252 251 201 
122 252 135 253 251 
123 251 253 138 254 
124 201 251 254 5 
125 198 256 255 217 
126 256 201 257 255 
127 255 257 5 258 
128 217 255 258 202 
129 216 261 259 260 
130 261 198 262 259 
131 259 262 217 263 
132 260 259 263 214 
133 6 95 264 265 
134 95 14 36 264 
135 264 36 19 266 
136 265 264 266 20 
137 14 99 267 268 
138 99 27 52 267 
139 267 52 35 269 
140 268 267 269 36 
141 27 103 270 271 
142 103 43 68 270 
143 270 68 51 272 
144 271 270 272 52 
145 43 107 273 274 
146 107 59 84 273 
147 273 84 67 275 
148 274 273 275 68 
149 59 111 276 277 
150 276 116 83 278 
151 277 276 278 84 
152 279 195 115 281 
153 280 279 281 116 
154 91 206 282 283 
155 206 131 211 282 
156 282 211 194 284 
157 283 282 284 195 
158 203 287 285 286 
159 287 199 215 285 
160 285 215 131 288 
161 286 285 288 206 
162 199 291 289 290 
163 291 216 260 289 
164 289 260 214 292 
165 290 289 292 215 
166 123 296 297 298 
167 296 91 283 297 
168 297 283 195 299 
169 298 297 299 279 
170 293 302 300 301 
171 302 204 303 300 
172 300 303 91 304 
173 301 300 304 296 
174 108 307 305 306 
175 306 305 308 111 
176 111 308 313 314 
177 313 280 116 315 
178 314 313 315 276 
179 75 312 316 317 
180 312 123 298 316 
181 316 298 279 318 
182 317 316 318 280 
183 309 321 319 320 
184 321 294 322 319 
185 319 322 123 323 
186 320 319 323 312 
187 305 326 324 325 
188 325 324 327 308 
189 328 320 312 331 
190 329 328 331 75 
191 71 334 332 333 
192 334 89 240 332 
193 332 240 87 121 
194 333 332 121 88 
195 88 337 335 336 
196 337 121 338 335 
197 335 338 119 311 
198 336 335 311 120 
199 120 341 339 340 
200 341 311 342 339 
201 345 309 346 343 
202 343 346 320 347 
203 344 343 347 328 
204 308 327 348 349 
205 327 75 317 348 
206 348 317 280 350 
207 349 348 350 313 
208 324 353 351 352 
209 353 310 329 351 
210 351 329 75 354 
211 352 351 354 327 
212 310 357 355 356 
213 357 330 344 355 
214 355 344 328 358 
215 356 355 358 329 
216 311 360 359 342 
217 360 119 361 359 
218 359 361 294 321 
219 342 359 321 309 
220 339 364 362 363 
221 364 342 365 362 
222 362 365 309 345 
223 363 362 345 330 
224 330 368 366 367 
225 368 345 369 366 
226 366 369 343 370 
227 367 366 370 344 
228 374 376 186 377 
229 375 374 377 176 
230 383 375 176 385 
231 384 383 385 175 
232 7 391 390 222 
233 391 16 392 390 
234 390 392 15 32 
235 222 390 32 13 
236 13 394 393 226 
237 394 32 395 393 
238 393 395 31 48 
239 226 393 48 26 
240 26 397 396 230 
241 397 48 398 396 
242 396 398 47 64 
243 230 396 64 42 
244 64 401 399 400 
245 401 47 402 399 
246 399 402 65 152 
247 400 399 152 63 
248 63 405 403 404 
249 405 152 406 403 
250 403 406 151 183 
251 404 403 183 81 
252 81 409 407 408 
253 409 183 410 407 
254 407 410 182 191 
255 408 407 191 157 
256 157 413 411 412 
257 413 191 414 411 
258 65 421 420 153 
259 421 147 422 420 
260 420 422 150 423 
261 153 420 423 50 
262 151 425 424 184 
263 425 153 426 424 
264 424 426 50 427 
265 184 424 427 154 
266 182 429 428 192 
267 429 184 430 428 
268 428 430 154 431 
269 192 428 431 185 
270 189 433 432 381 
271 433 192 434 432 
272 432 434 185 435 
273 381 432 435 193 
274 380 437 436 418 
275 437 189 438 436 
276 436 438 381 439 
277 418 436 439 378 
278 66 382 440 441 
279 382 193 442 440 
280 440 442 374 443 
281 441 440 443 375 
282 379 419 444 445 
283 419 378 446 444 
284 444 446 382 447 
285 445 444 447 66 
286 415 450 448 449 
287 450 418 451 448 
288 448 451 378 452 
289 449 448 452 419 
290 42 454 453 234 
291 454 64 400 453 
292 453 400 63 80 
293 234 453 80 58 
294 80 457 455 456 
295 457 63 404 455 
296 455 404 81 156 
297 456 455 156 79 
298 156 460 458 459 
299 460 81 408 458 
300 458 408 157 372 
301 459 458 372 155 
302 372 463 461 462 
303 463 157 412 461 
304 388 466 464 465 
305 466 190 416 464 
306 464 416 379 467 
307 465 464 467 386 
308 416 470 468 469 
309 468 449 419 471 
310 469 468 471 379 
311 412 474 472 473 
312 474 411 475 472 
313 472 475 380 417 
314 473 472 417 190 
315 190 478 476 477 
316 478 417 479 476 
317 476 479 415 470 
318 477 476 470 416 
319 470 482 480 481 
320 482 415 483 480 
321 480 483 449 484 
322 481 480 484 468 
323 373 389 493 494 
324 389 66 441 493 
325 493 441 375 495 
326 494 493 495 383 
327 387 492 496 497 
328 492 386 498 496 
329 496 498 389 499 
330 497 496 499 373 
331 489 502 500 501 
332 502 465 503 500 
333 500 503 386 504 
334 501 500 504 492 
335 155 507 505 506 
336 507 372 462 505 
337 82 181 512 513 
338 512 384 175 514 
339 513 512 514 133 
340 158 488 515 516 
341 488 373 494 515 
342 515 494 383 517 
343 516 515 517 384 
344 485 511 518 519 
345 511 387 497 518 
346 518 497 373 520 
347 519 518 520 488 
348 508 523 521 522 
349 523 490 524 521 
350 521 524 387 525 
351 522 521 525 511 
352 178 528 526 527 
353 528 180 486 526 
354 526 486 158 529 
355 527 526 529 181 
356 180 532 530 531 
357 532 487 509 530 
358 530 509 485 533 
359 531 530 533 486 
360 509 536 534 535 
361 534 522 511 537 
362 535 534 537 485 
363 505 540 538 539 
364 540 462 541 538 
365 538 541 371 510 
366 539 538 510 487 
367 487 544 542 543 
368 544 510 545 542 
369 542 545 508 536 
370 543 542 536 509 
371 536 548 546 547 
372 548 508 549 546 
373 546 549 522 550 
374 547 546 550 534 
375 1 553 551 552 
376 553 12 220 551 
377 551 220 10 94 
378 552 551 94 11 
379 16 555 554 392 
380 555 2 556 554 
381 554 556 17 140 
382 392 554 140 15 
383 10 559 557 558 
384 559 25 224 557 
385 557 224 23 98 
386 558 557 98 24 
387 32 561 560 395 
388 561 15 562 560 
389 560 562 33 144 
390 395 560 144 31 
391 23 565 563 564 
392 565 41 228 563 
393 563 228 39 102 
394 564 563 102 40 
395 48 567 566 398 
396 567 31 568 566 
397 566 568 49 148 
398 398 566 148 47 
399 39 571 569 570 
400 571 57 232 569 
401 569 232 55 106 
402 570 569 106 56 
403 55 574 572 573 
404 574 73 236 572 
405 572 236 71 110 
406 573 572 110 72 
407 58 576 575 238 
408 576 80 456 575 
409 575 456 79 125 
410 238 575 125 74 
411 110 579 577 578 
412 579 71 333 577 
413 577 333 88 307 
414 578 577 307 108 
415 121 581 580 338 
416 581 87 582 580 
417 580 582 122 295 
418 338 580 295 119 
419 74 584 583 242 
420 584 125 585 583 
421 583 585 124 136 
422 242 583 136 90 
423 125 587 586 585 
424 587 79 588 586 
425 586 588 126 160 
426 585 586 160 124 
427 87 590 589 582 
428 590 129 244 589 
429 589 244 128 205 
430 582 589 205 122 
431 127 162 591 208 
432 162 82 513 591 
433 591 513 133 592 
434 208 591 592 132 
435 90 594 593 246 
436 594 136 595 593 
437 593 595 135 252 
438 246 593 252 130 
439 47 597 596 402 
440 597 148 598 596 
441 596 598 147 421 
442 402 596 421 65 
443 152 600 599 406 
444 600 65 601 599 
445 599 601 153 425 
446 406 599 425 151 
447 79 603 602 588 
448 603 156 459 602 
449 602 459 155 179 
450 588 602 179 126 
451 50 423 604 173 
452 423 150 605 604 
453 604 605 169 606 
454 173 604 606 77 
455 154 427 607 187 
456 427 50 608 607 
457 607 608 173 609 
458 187 607 609 172 
459 179 612 610 611 
460 612 155 506 610 
461 610 506 180 528 
462 611 610 528 178 
463 183 614 613 410 
464 614 151 615 613 
465 613 615 184 429 
466 410 613 429 182 
467 185 431 616 376 
468 431 154 617 616 
469 616 617 187 618 
470 376 616 618 186 
471 191 620 619 414 
472 620 182 621 619 
473 619 621 192 433 
474 414 619 433 189 
475 200 623 622 250 
476 623 130 624 622 
477 622 624 201 256 
478 250 622 256 198 
479 205 627 625 626 
480 627 128 248 625 
481 625 248 199 287 
482 626 625 287 203 
483 204 629 628 303 
484 629 203 286 628 
485 628 286 206 630 
486 303 628 630 91 
487 5 254 631 212 
488 254 138 632 631 
489 631 632 207 633 
490 212 631 633 196 
491 294 635 634 322 
492 635 293 301 634 
493 634 301 296 636 
494 322 634 636 123 
495 307 639 637 638 
496 639 88 336 637 
497 637 336 120 326 
498 638 637 326 305 
499 326 642 640 641 
500 642 120 340 640 
501 640 340 310 353 
502 641 640 353 324 
503 340 645 643 644 
504 645 339 363 643 
505 643 363 330 357 
506 644 643 357 310 
507 193 435 646 442 
508 435 185 647 646 
509 646 647 376 648 
510 442 646 648 374 
511 378 439 649 446 
512 439 381 650 649 
513 649 650 193 651 
514 446 649 651 382 
515 386 467 652 498 
516 467 379 445 652 
517 652 445 66 653 
518 498 652 653 389 
519 411 655 654 475 
520 655 414 656 654 
521 654 656 189 437 
522 475 654 437 380 
523 417 658 657 479 
524 658 380 659 657 
525 657 659 418 450 
526 479 657 450 415 
527 461 662 660 661 
528 662 412 473 660 
529 660 473 190 466 
530 661 660 466 388 
531 462 664 663 541 
532 664 461 661 663 
533 663 661 388 491 
534 541 663 491 371 
535 486 533 665 666 
536 533 485 519 665 
537 665 519 488 667 
538 666 665 667 158 
539 490 669 668 524 
540 669 489 501 668 
541 668 501 492 670 
542 524 668 670 387 
543 506 673 671 672 
544 673 505 539 671 
545 671 539 487 532 
546 672 671 532 180 
547 510 675 674 545 
548 675 371 676 674 
549 674 676 490 523 
550 545 674 523 508 
551 181 529 677 678 
552 529 158 516 677 
553 677 516 384 679 
554 678 677 679 512 
555 122 682 680 681 
556 682 205 626 680 
557 680 626 203 629 
558 681 680 629 204 
559 119 684 683 361 
560 684 295 685 683 
561 683 685 293 635 
562 361 683 635 294 
563 295 687 686 685 
564 687 122 681 686 
565 686 681 204 302 
566 685 686 302 293 
567 371 689 688 676 
568 689 491 690 688 
569 688 690 489 669 
570 676 688 669 490 
571 491 692 691 690 
572 692 388 693 691 
573 691 693 465 502 
574 690 691 502 489 
