2 0.000000 100.000000 473.401889
693 574 
1 -24.047278 0.000000 -24.026285 99.943071 0.000000 -3.490799 -0.000080 
2 27.868250 0.000000 -24.026285 99.943666 0.000000 -3.463669 -0.000073 
3 27.868250 0.000000 24.282531 99.935885 0.000000 -3.466528 0.000080 
4 -24.047278 0.000000 24.282531 99.935261 0.000000 -3.490856 0.000076 
5 1.910486 0.000000 0.128123 103.302510 0.000000 0.590210 -0.067176 
6 -24.047278 0.000000 0.128123 99.939200 0.000000 -3.495263 -0.000006 
7 1.910486 0.000000 -24.026285 99.951557 0.000000 -3.477639 -0.000241 
8 27.868250 0.000000 0.128123 99.980463 0.000000 -2.298065 -0.000137 
9 1.910486 0.000000 24.282531 99.927242 0.000000 -3.478078 0.000245 
10 -11.068396 0.000000 -11.949081 99.955021 0.000000 -3.493215 -0.000321 
11 -24.047278 0.000000 -11.949081 99.942909 0.000000 -3.493255 -0.000079 
12 -11.068396 0.000000 -24.026285 99.947664 0.000000 -3.487898 -0.000170 
13 1.910486 0.000000 -11.949081 99.979719 0.000000 -3.445729 -0.000782 
14 -11.068396 0.000000 0.128123 99.939176 0.000000 -3.512727 -0.000018 
15 14.889368 0.000000 -11.949081 99.954665 0.000000 -3.397970 -0.000248 
16 14.889368 0.000000 -24.026285 99.947960 0.000000 -3.467218 -0.000162 
17 27.868250 0.000000 -11.949081 99.945891 0.000000 -3.389487 -0.000067 
18 14.889368 0.000000 0.128123 99.776530 0.000000 -8.083378 -0.002070 
19 -11.068396 0.000000 12.205327 99.923598 0.000000 -3.493345 0.000307 
20 -24.047278 0.000000 12.205327 99.935469 0.000000 -3.493296 0.000070 
21 1.910486 0.000000 12.205327 99.898456 0.000000 -3.446166 0.000842 
22 -11.068396 0.000000 24.282531 99.930807 0.000000 -3.488041 0.000167 
23 -4.578955 0.000000 -5.910479 100.001295 0.000000 -3.504023 -0.001254 
24 -11.068396 0.000000 -5.910479 99.954651 0.000000 -3.503262 -0.000321 
25 -4.578955 0.000000 -11.949081 99.972291 0.000000 -3.481602 -0.000658 
26 1.910486 0.000000 -5.910479 100.083234 0.000000 -3.355186 -0.002791 
27 -4.578955 0.000000 0.128123 99.936119 0.000000 -3.587065 -0.000009 
28 14.889368 0.000000 12.205327 99.928196 0.000000 -3.405071 0.000276 
29 27.868250 0.000000 12.205327 99.937970 0.000000 -3.407901 0.000079 
30 14.889368 0.000000 24.282531 99.931309 0.000000 -3.468599 0.000170 
31 8.399927 0.000000 -5.910479 100.006772 0.000000 -3.215951 -0.001170 
32 8.399927 0.000000 -11.949081 99.966698 0.000000 -3.413758 -0.000499 
33 14.889368 0.000000 -5.910479 99.960631 0.000000 -3.202855 -0.000239 
34 8.399927 0.000000 0.128123 100.133852 0.000000 4.245039 -0.004481 
35 -4.578955 0.000000 6.166725 99.876870 0.000000 -3.504013 0.001233 
36 -11.068396 0.000000 6.166725 99.924006 0.000000 -3.503313 0.000292 
37 1.910486 0.000000 6.166725 99.793040 0.000000 -3.351818 0.003011 
38 -4.578955 0.000000 12.205327 99.906593 0.000000 -3.481841 0.000655 
39 -1.334235 0.000000 -2.891178 100.190555 0.000000 -3.503416 -0.005042 
40 -4.578955 0.000000 -2.891178 100.003729 0.000000 -3.544970 -0.001331 
41 -1.334235 0.000000 -5.910479 100.059856 0.000000 -3.458622 -0.002394 
42 1.910486 0.000000 -2.891178 100.219758 0.000000 -3.162489 -0.005400 
43 -1.334235 0.000000 0.128123 99.794855 0.000000 -4.096341 0.002421 
44 8.399927 0.000000 6.166725 99.885404 0.000000 -3.222060 0.001252 
45 14.889368 0.000000 6.166725 99.934698 0.000000 -3.235276 0.000259 
46 8.399927 0.000000 12.205327 99.913569 0.000000 -3.415855 0.000561 
47 5.155207 0.000000 -2.891178 100.177738 0.000000 -3.014307 -0.004467 
48 5.155207 0.000000 -5.910479 100.051760 0.000000 -3.264852 -0.002101 
49 8.399927 0.000000 -2.891178 100.036546 0.000000 -2.855985 -0.001547 
50 5.155207 0.000000 0.128123 100.195125 0.000000 3.280212 -0.004982 
51 -1.334235 0.000000 3.147424 99.697962 0.000000 -3.497629 0.004808 
52 -4.578955 0.000000 3.147424 99.873222 0.000000 -3.543282 0.001278 
53 1.910486 0.000000 3.147424 99.615435 0.000000 -3.171708 0.006671 
54 -1.334235 0.000000 6.166725 99.817952 0.000000 -3.459538 0.002441 
55 0.288126 0.000000 -1.381528 100.720943 0.000000 -2.753005 -0.015229 
56 -1.334235 0.000000 -1.381528 100.324413 0.000000 -3.668009 -0.007844 
57 0.288126 0.000000 -2.891178 100.280809 0.000000 -3.309858 -0.006720 
58 1.910486 0.000000 -1.381528 100.112793 0.000000 -2.704445 -0.002989 
59 0.288126 0.000000 0.128123 101.871367 0.000000 0.000000 -0.037778 
60 5.155207 0.000000 3.147424 99.737787 0.000000 -2.959797 0.004361 
61 8.399927 0.000000 3.147424 99.877404 0.000000 -2.865257 0.001629 
62 5.155207 0.000000 6.166725 99.833865 0.000000 -3.258829 0.002258 
63 3.532846 0.000000 -1.381528 100.173673 0.000000 -3.583422 -0.004761 
64 3.532846 0.000000 -2.891178 100.179083 0.000000 -3.127400 -0.004563 
65 5.155207 0.000000 -1.381528 100.469239 0.000000 -3.042073 -0.010332 
66 3.532846 0.000000 0.128123 101.928233 0.000000 -0.000000 -0.038936 
67 0.288126 0.000000 1.637773 99.294581 0.000000 -2.993877 0.013162 
68 -1.334235 0.000000 1.637773 99.568090 0.000000 -3.606612 0.007319 
69 1.910486 0.000000 1.637773 99.535566 0.000000 -2.957330 0.008393 
70 0.288126 0.000000 3.147424 99.602149 0.000000 -3.337663 0.006827 
71 1.099306 0.000000 -0.626702 102.349214 0.000000 0.887855 -0.047615 
72 0.288126 0.000000 -0.626702 101.637496 0.000000 -0.627916 -0.033057 
73 1.099306 0.000000 -1.381528 100.371195 0.000000 -2.561111 -0.008094 
74 1.910486 0.000000 -0.626702 101.496543 0.000000 1.109901 -0.030278 
75 1.099306 0.000000 0.128123 101.970221 0.000000 0.750212 -0.039849 
76 3.532846 0.000000 1.637773 99.550040 0.000000 -2.883711 0.008147 
77 5.155207 0.000000 1.637773 99.561730 0.000000 -2.626405 0.008056 
78 3.532846 0.000000 3.147424 99.675807 0.000000 -3.054902 0.005540 
79 2.721666 0.000000 -0.626702 98.206136 0.000000 -4.995675 0.033060 
80 2.721666 0.000000 -1.381528 99.903734 0.000000 -3.158301 0.000927 
81 3.532846 0.000000 -0.626702 100.400320 0.000000 -6.055794 -0.011690 
82 2.721666 0.000000 0.128123 102.095449 0.000000 0.000000 -0.042348 
83 1.099306 0.000000 0.882948 102.428254 0.000000 0.792749 -0.049218 
84 0.288126 0.000000 0.882948 98.750208 0.000000 -1.664142 0.024563 
85 1.910486 0.000000 0.882948 101.282001 0.000000 1.112265 -0.025928 
86 1.099306 0.000000 1.637773 99.477256 0.000000 -2.885231 0.009595 
87 1.504896 0.000000 -0.249290 101.965626 0.000000 0.988508 -0.039797 
88 1.099306 0.000000 -0.249290 102.045534 0.000000 0.961036 -0.041421 
89 1.504896 0.000000 -0.626702 101.967590 0.000000 0.985748 -0.039836 
90 1.910486 0.000000 -0.249290 101.887990 0.000000 1.007725 -0.038218 
91 1.504896 0.000000 0.128123 101.496918 0.000000 0.694270 -0.030211 
92 -17.557837 0.000000 -5.910479 99.944476 0.000000 -3.497596 -0.000113 
93 -24.047278 0.000000 -5.910479 99.941509 0.000000 -3.494644 -0.000052 
94 -17.557837 0.000000 -11.949081 99.946529 0.000000 -3.494096 -0.000152 
95 -17.557837 0.000000 0.128123 99.939255 0.000000 -3.499479 -0.000010 
96 -7.823676 0.000000 -2.891178 99.961171 0.000000 -3.523704 -0.000465 
97 -11.068396 0.000000 -2.891178 99.948969 0.000000 -3.509178 -0.000211 
98 -7.823676 0.000000 -5.910479 99.967392 0.000000 -3.504233 -0.000576 
99 -7.823676 0.000000 0.128123 99.938927 0.000000 -3.531913 -0.000026 
100 -2.956595 0.000000 -1.381528 100.043920 0.000000 -3.634136 -0.002199 
101 -4.578955 0.000000 -1.381528 99.980581 0.000000 -3.574002 -0.000889 
102 -2.956595 0.000000 -2.891178 100.068387 0.000000 -3.556293 -0.002633 
103 -2.956595 0.000000 0.128123 99.926131 0.000000 -3.683124 0.000120 
104 -0.523054 0.000000 -0.626702 101.550871 0.000000 -3.986927 -0.032847 
105 -1.334235 0.000000 -0.626702 100.266485 0.000000 -3.945586 -0.006894 
106 -0.523054 0.000000 -1.381528 100.693827 0.000000 -3.407897 -0.015086 
107 -0.523054 0.000000 0.128123 98.633111 0.000000 -6.111941 0.023415 
108 0.693716 0.000000 -0.249290 102.412813 0.000000 0.837705 -0.048909 
109 0.288126 0.000000 -0.249290 101.860106 0.000000 -1.415855 -0.037749 
110 0.693716 0.000000 -0.626702 100.406329 0.000000 -0.669226 -0.008188 
111 0.693716 0.000000 0.128123 104.676569 0.000000 0.419328 -0.095736 
112 2.721666 0.000000 0.882948 99.536161 0.000000 -3.188489 0.008239 
113 3.532846 0.000000 0.882948 99.524706 0.000000 -3.289787 0.008401 
114 2.721666 0.000000 1.637773 99.538079 0.000000 -2.940956 0.008352 
115 1.504896 0.000000 0.505535 101.965756 0.000000 0.987729 -0.039799 
116 1.099306 0.000000 0.505535 102.035224 0.000000 0.964290 -0.041212 
117 1.910486 0.000000 0.505535 101.783545 0.000000 1.064842 -0.036102 
118 1.504896 0.000000 0.882948 101.969711 0.000000 1.071778 -0.039897 
119 1.302101 0.000000 -0.060584 100.181903 0.000000 0.456303 -0.003662 
120 1.099306 0.000000 -0.060584 101.345136 0.000000 0.384489 -0.027098 
121 1.302101 0.000000 -0.249290 102.014354 0.000000 0.973035 -0.040788 
122 1.504896 0.000000 -0.060584 101.178960 0.000000 0.473449 -0.023741 
123 1.302101 0.000000 0.128123 101.218648 0.000000 0.780961 -0.024582 
124 2.316076 0.000000 -0.249290 101.423849 0.000000 1.112112 -0.028803 
125 2.316076 0.000000 -0.626702 98.635033 0.000000 -2.927831 0.026256 
126 2.721666 0.000000 -0.249290 96.835435 0.000000 -17.931694 0.030135 
127 2.316076 0.000000 0.128123 102.767218 0.000000 0.388010 -0.056125 
128 1.707691 0.000000 -0.060584 101.517306 0.000000 0.469401 -0.030598 
129 1.707691 0.000000 -0.249290 101.917389 0.000000 1.001204 -0.038816 
130 1.910486 0.000000 -0.060584 103.314254 0.000000 0.441570 -0.067403 
131 1.707691 0.000000 0.128123 101.664920 0.000000 0.620636 -0.033614 
132 2.316076 0.000000 0.505535 101.367872 0.000000 1.112815 -0.027668 
133 2.721666 0.000000 0.505535 99.630330 0.000000 -6.119759 0.003635 
134 2.316076 0.000000 0.882948 99.568214 0.000000 -3.152729 0.007623 
135 2.113281 0.000000 -0.060584 105.333533 0.000000 0.352428 -0.109528 
136 2.113281 0.000000 -0.249290 101.609254 0.000000 1.099982 -0.032565 
137 2.316076 0.000000 -0.060584 103.095040 0.000000 0.260711 -0.062866 
138 2.113281 0.000000 0.128123 104.631253 0.000000 0.500559 -0.094795 
139 21.378809 0.000000 -5.910479 99.954000 0.000000 -3.187011 -0.000096 
140 21.378809 0.000000 -11.949081 99.949129 0.000000 -3.391848 -0.000133 
141 27.868250 0.000000 -5.910479 99.951944 0.000000 -3.173481 -0.000046 
142 21.378809 0.000000 0.128123 99.933655 0.000000 -3.630689 0.000008 
143 11.644648 0.000000 -2.891178 99.981174 0.000000 -2.848847 -0.000435 
144 11.644648 0.000000 -5.910479 99.976908 0.000000 -3.202857 -0.000564 
145 14.889368 0.000000 -2.891178 99.969189 0.000000 -2.844389 -0.000193 
146 11.644648 0.000000 0.128123 99.843442 0.000000 -6.062566 -0.000547 
147 6.777567 0.000000 -1.381528 100.154950 0.000000 -2.993019 -0.003997 
148 6.777567 0.000000 -2.891178 100.106369 0.000000 -2.897885 -0.002968 
149 8.399927 0.000000 -1.381528 100.020855 0.000000 -3.074651 -0.001362 
150 6.777567 0.000000 0.128123 99.890872 0.000000 6.201772 -0.001665 
151 4.344026 0.000000 -0.626702 100.885089 0.000000 -5.082331 -0.020363 
152 4.344026 0.000000 -1.381528 100.485434 0.000000 -3.368528 -0.010867 
153 5.155207 0.000000 -0.626702 100.481723 0.000000 -5.215264 -0.012378 
154 4.344026 0.000000 0.128123 101.353926 0.000000 1.572686 -0.027509 
155 3.127256 0.000000 -0.249290 100.595362 0.000000 -12.541995 -0.027673 
156 3.127256 0.000000 -0.626702 99.026169 0.000000 -6.389990 0.015299 
157 3.532846 0.000000 -0.249290 101.990197 0.000000 -8.136686 -0.046821 
158 3.127256 0.000000 0.128123 102.486981 0.000000 -0.000000 -0.050358 
159 2.518871 0.000000 -0.060584 102.097368 0.000000 0.132700 -0.042389 
160 2.518871 0.000000 -0.249290 101.249824 0.000000 1.111735 -0.025276 
161 2.721666 0.000000 -0.060584 102.090464 0.000000 0.000000 -0.042246 
162 2.518871 0.000000 0.128123 101.873137 0.000000 0.250070 -0.037820 
163 21.378809 0.000000 6.166725 99.941690 0.000000 -3.245967 0.000112 
164 27.868250 0.000000 6.166725 99.944431 0.000000 -3.260232 0.000048 
165 21.378809 0.000000 12.205327 99.934403 0.000000 -3.404574 0.000152 
166 11.644648 0.000000 3.147424 99.933052 0.000000 -2.891952 0.000502 
167 14.889368 0.000000 3.147424 99.947562 0.000000 -2.926578 0.000192 
168 11.644648 0.000000 6.166725 99.916905 0.000000 -3.222597 0.000623 
169 6.777567 0.000000 1.637773 99.736978 0.000000 -2.320121 0.004715 
170 8.399927 0.000000 1.637773 99.889645 0.000000 -2.292610 0.001680 
171 6.777567 0.000000 3.147424 99.812689 0.000000 -2.885118 0.002910 
172 4.344026 0.000000 0.882948 99.424262 0.000000 -3.271844 0.010411 
173 5.155207 0.000000 0.882948 99.297595 0.000000 -3.026021 0.013083 
174 4.344026 0.000000 1.637773 99.554898 0.000000 -2.782976 0.008108 
175 3.127256 0.000000 0.505535 99.702793 0.000000 -6.209566 0.002079 
176 3.532846 0.000000 0.505535 99.534009 0.000000 -6.083321 0.005597 
177 3.127256 0.000000 0.882948 99.533551 0.000000 -3.246841 0.008253 
178 2.924461 0.000000 -0.060584 102.614491 0.000000 0.000000 -0.052973 
179 2.924461 0.000000 -0.249290 98.911685 0.000000 -15.176082 -0.001383 
180 3.127256 0.000000 -0.060584 102.496610 0.000000 -0.000000 -0.050556 
181 2.924461 0.000000 0.128123 102.478569 0.000000 0.000000 -0.050186 
182 3.938436 0.000000 -0.249290 101.329391 0.000000 -6.937434 -0.031577 
183 3.938436 0.000000 -0.626702 100.882069 0.000000 -5.389811 -0.020624 
184 4.344026 0.000000 -0.249290 100.891912 0.000000 -6.888196 -0.022663 
185 3.938436 0.000000 0.128123 101.571986 0.000000 0.000000 -0.031687 
186 3.938436 0.000000 0.505535 99.530256 0.000000 -5.908306 0.005882 
187 4.344026 0.000000 0.505535 99.401371 0.000000 -5.824860 0.008544 
188 3.938436 0.000000 0.882948 99.489298 0.000000 -3.307490 0.009094 
189 3.735641 0.000000 -0.060584 101.701167 0.000000 -0.000000 -0.034313 
190 3.532846 0.000000 -0.060584 101.944079 0.000000 -0.000000 -0.039260 
191 3.735641 0.000000 -0.249290 101.632759 0.000000 -7.302999 -0.038255 
192 3.938436 0.000000 -0.060584 101.600783 0.000000 0.000000 -0.032272 
193 3.735641 0.000000 0.128123 101.685206 0.000000 -0.000000 -0.033988 
194 1.707691 0.000000 0.316829 101.910606 0.000000 1.003362 -0.038678 
195 1.504896 0.000000 0.316829 101.964726 0.000000 0.989376 -0.039778 
196 1.910486 0.000000 0.316829 101.879436 0.000000 1.010001 -0.038044 
197 1.707691 0.000000 0.505535 101.924907 0.000000 0.998703 -0.038968 
198 1.809088 0.000000 0.033770 101.707415 0.000000 0.419496 -0.034457 
199 1.707691 0.000000 0.033770 101.485443 0.000000 0.802317 -0.029994 
200 1.809088 0.000000 -0.060584 101.698917 0.000000 0.454924 -0.034288 
201 1.910486 0.000000 0.033770 103.311960 0.000000 0.414426 -0.067353 
202 1.809088 0.000000 0.128123 101.813649 0.000000 0.683516 -0.036649 
203 1.606293 0.000000 0.033770 101.494480 0.000000 0.747518 -0.030169 
204 1.504896 0.000000 0.033770 101.608911 0.000000 0.753922 -0.032494 
205 1.606293 0.000000 -0.060584 101.258074 0.000000 0.475924 -0.025342 
206 1.606293 0.000000 0.128123 101.414212 0.000000 0.625283 -0.028523 
207 2.113281 0.000000 0.316829 101.663202 0.000000 1.091450 -0.033660 
208 2.316076 0.000000 0.316829 101.483717 0.000000 1.110114 -0.030018 
209 2.113281 0.000000 0.505535 101.551741 0.000000 1.106133 -0.031398 
210 1.809088 0.000000 0.222476 101.884072 0.000000 1.009687 -0.038138 
211 1.707691 0.000000 0.222476 101.904531 0.000000 1.005293 -0.038554 
212 1.910486 0.000000 0.222476 101.871841 0.000000 1.011991 -0.037890 
213 1.809088 0.000000 0.316829 101.891505 0.000000 1.007603 -0.038289 
214 1.758390 0.000000 0.080946 101.648525 0.000000 0.551012 -0.033273 
215 1.707691 0.000000 0.080946 101.545959 0.000000 0.710188 -0.031209 
216 1.758390 0.000000 0.033770 101.462626 0.000000 0.812557 -0.029532 
217 1.809088 0.000000 0.080946 101.697950 0.000000 0.493326 -0.034272 
218 1.758390 0.000000 0.128123 101.679812 0.000000 0.612127 -0.033916 
219 -4.578955 0.000000 -17.987683 99.957373 0.000000 -3.481870 -0.000360 
220 -11.068396 0.000000 -17.987683 99.951045 0.000000 -3.489081 -0.000239 
221 -4.578955 0.000000 -24.026285 99.950331 0.000000 -3.483723 -0.000220 
222 1.910486 0.000000 -17.987683 99.960752 0.000000 -3.468612 -0.000418 
223 -1.334235 0.000000 -8.929780 100.004755 0.000000 -3.461721 -0.001293 
224 -4.578955 0.000000 -8.929780 99.983793 0.000000 -3.486005 -0.000891 
225 -1.334235 0.000000 -11.949081 99.977335 0.000000 -3.467158 -0.000749 
226 1.910486 0.000000 -8.929780 100.016794 0.000000 -3.419964 -0.001506 
227 0.288126 0.000000 -4.400829 100.149136 0.000000 -3.385807 -0.004131 
228 -1.334235 0.000000 -4.400829 100.108194 0.000000 -3.468496 -0.003368 
229 0.288126 0.000000 -5.910479 100.080856 0.000000 -3.410885 -0.002781 
230 1.910486 0.000000 -4.400829 100.145457 0.000000 -3.294447 -0.003997 
231 1.099306 0.000000 -2.136353 100.328243 0.000000 -3.049929 -0.007506 
232 0.288126 0.000000 -2.136353 100.410466 0.000000 -3.186622 -0.009242 
233 1.099306 0.000000 -2.891178 100.261720 0.000000 -3.216040 -0.006276 
234 1.910486 0.000000 -2.136353 100.227628 0.000000 -3.026808 -0.005474 
235 1.504896 0.000000 -1.004115 100.155325 0.000000 -2.115300 -0.003556 
236 1.099306 0.000000 -1.004115 100.306661 0.000000 -1.986617 -0.006537 
237 1.504896 0.000000 -1.381528 100.243292 0.000000 -2.605916 -0.005551 
238 1.910486 0.000000 -1.004115 99.932842 0.000000 -2.295194 0.000816 
239 1.707691 0.000000 -0.437996 101.931244 0.000000 0.996619 -0.039097 
240 1.504896 0.000000 -0.437996 101.966737 0.000000 0.986918 -0.039819 
241 1.707691 0.000000 -0.626702 101.770155 0.000000 1.074559 -0.035832 
242 1.910486 0.000000 -0.437996 101.743541 0.000000 1.077639 -0.035291 
243 1.809088 0.000000 -0.154937 101.901687 0.000000 0.815747 -0.038462 
244 1.707691 0.000000 -0.154937 101.701821 0.000000 0.822267 -0.034394 
245 1.809088 0.000000 -0.249290 101.899769 0.000000 1.005256 -0.038457 
246 1.910486 0.000000 -0.154937 101.892316 0.000000 0.811092 -0.038270 
247 1.758390 0.000000 -0.013407 101.578441 0.000000 0.407352 -0.031835 
248 1.707691 0.000000 -0.013407 101.447422 0.000000 0.415465 -0.029175 
249 1.758390 0.000000 -0.060584 101.633477 0.000000 0.515894 -0.032963 
250 1.809088 0.000000 -0.013407 101.716093 0.000000 0.391067 -0.034632 
251 2.011884 0.000000 0.033770 105.380439 0.000000 0.321083 -0.110514 
252 2.011884 0.000000 -0.060584 104.790862 0.000000 0.396154 -0.098128 
253 2.113281 0.000000 0.033770 105.523578 0.000000 0.328168 -0.113533 
254 2.011884 0.000000 0.128123 103.790982 0.000000 0.776322 -0.077317 
255 1.859787 0.000000 0.080946 102.262522 0.000000 0.475116 -0.045785 
256 1.859787 0.000000 0.033770 102.681036 0.000000 0.334927 -0.054351 
257 1.910486 0.000000 0.080946 103.265867 0.000000 0.475715 -0.066407 
258 1.859787 0.000000 0.128123 101.889088 0.000000 0.787794 -0.038201 
259 1.783739 0.000000 0.057358 101.390078 0.000000 0.938921 -0.028083 
260 1.758390 0.000000 0.057358 101.443046 0.000000 0.936274 -0.029157 
261 1.783739 0.000000 0.033770 101.440560 0.000000 0.849045 -0.029091 
262 1.809088 0.000000 0.057358 101.390731 0.000000 0.872580 -0.028084 
263 1.783739 0.000000 0.080946 101.678204 0.000000 0.499348 -0.033871 
264 -17.557837 0.000000 6.166725 99.934025 0.000000 -3.497637 0.000096 
265 -24.047278 0.000000 6.166725 99.936885 0.000000 -3.494667 0.000041 
266 -17.557837 0.000000 12.205327 99.931940 0.000000 -3.494168 0.000140 
267 -7.823676 0.000000 3.147424 99.917075 0.000000 -3.523366 0.000416 
268 -11.068396 0.000000 3.147424 99.929649 0.000000 -3.509181 0.000175 
269 -7.823676 0.000000 6.166725 99.911096 0.000000 -3.504439 0.000549 
270 -2.956595 0.000000 1.637773 99.824297 0.000000 -3.622751 0.002199 
271 -4.578955 0.000000 1.637773 99.893656 0.000000 -3.571842 0.000850 
272 -2.956595 0.000000 3.147424 99.809848 0.000000 -3.551668 0.002538 
273 -0.523054 0.000000 0.882948 98.665681 0.000000 -3.439992 0.025325 
274 -1.334235 0.000000 0.882948 99.517195 0.000000 -3.802304 0.008187 
275 -0.523054 0.000000 1.637773 99.323191 0.000000 -3.386893 0.012343 
276 0.693716 0.000000 0.505535 102.412798 0.000000 0.838552 -0.048908 
277 0.288126 0.000000 0.505535 98.250186 0.000000 -0.474746 0.034668 
278 0.693716 0.000000 0.882948 99.489552 0.000000 -1.596199 0.009928 
279 1.302101 0.000000 0.316829 102.019372 0.000000 0.971953 -0.040890 
280 1.099306 0.000000 0.316829 102.052771 0.000000 0.958730 -0.041569 
281 1.302101 0.000000 0.505535 102.007082 0.000000 0.974711 -0.040639 
282 1.606293 0.000000 0.222476 101.932304 0.000000 0.998653 -0.039119 
283 1.504896 0.000000 0.222476 101.964345 0.000000 0.990086 -0.039771 
284 1.606293 0.000000 0.316829 101.935865 0.000000 0.997187 -0.039192 
285 1.656992 0.000000 0.080946 101.500133 0.000000 0.699598 -0.030277 
286 1.606293 0.000000 0.080946 101.521579 0.000000 0.767421 -0.030722 
287 1.656992 0.000000 0.033770 101.440611 0.000000 0.724275 -0.029072 
288 1.656992 0.000000 0.128123 101.680452 0.000000 0.800369 -0.033955 
289 1.733040 0.000000 0.057358 101.474746 0.000000 0.926400 -0.029798 
290 1.707691 0.000000 0.057358 101.505943 0.000000 0.872509 -0.030422 
291 1.733040 0.000000 0.033770 101.488077 0.000000 0.824395 -0.030051 
292 1.733040 0.000000 0.080946 101.551364 0.000000 0.761979 -0.031326 
293 1.403498 0.000000 0.033770 101.359390 0.000000 0.695654 -0.027421 
294 1.302101 0.000000 0.033770 101.032801 0.000000 0.619242 -0.020801 
295 1.403498 0.000000 -0.060584 100.701021 0.000000 0.473187 -0.014092 
296 1.403498 0.000000 0.128123 100.957410 0.000000 0.615838 -0.019278 
297 1.403498 0.000000 0.222476 101.996462 0.000000 0.980397 -0.040424 
298 1.302101 0.000000 0.222476 102.024646 0.000000 0.970761 -0.040997 
299 1.403498 0.000000 0.316829 101.993690 0.000000 0.980632 -0.040367 
300 1.454197 0.000000 0.080946 101.522910 0.000000 0.733734 -0.030744 
301 1.403498 0.000000 0.080946 101.402793 0.000000 0.720955 -0.028305 
302 1.454197 0.000000 0.033770 101.320230 0.000000 0.655157 -0.026622 
303 1.504896 0.000000 0.080946 101.616574 0.000000 0.749683 -0.032649 
304 1.454197 0.000000 0.128123 101.651095 0.000000 0.792131 -0.033357 
305 0.896511 0.000000 -0.060584 103.444973 0.000000 0.328968 -0.070097 
306 0.693716 0.000000 -0.060584 105.819643 0.000000 0.223109 -0.119785 
307 0.896511 0.000000 -0.249290 102.272796 0.000000 0.909393 -0.046055 
308 0.896511 0.000000 0.128123 103.161097 0.000000 0.558003 -0.064252 
309 1.200703 0.000000 0.033770 101.584145 0.000000 0.642132 -0.031975 
310 1.099306 0.000000 0.033770 101.362335 0.000000 0.341616 -0.027444 
311 1.200703 0.000000 -0.060584 100.523043 0.000000 0.451338 -0.010509 
312 1.200703 0.000000 0.128123 101.104700 0.000000 0.588533 -0.022251 
313 0.896511 0.000000 0.316829 102.275332 0.000000 0.907693 -0.046107 
314 0.693716 0.000000 0.316829 102.389513 0.000000 0.858510 -0.048435 
315 0.896511 0.000000 0.505535 102.314204 0.000000 0.897648 -0.046900 
316 1.200703 0.000000 0.222476 102.046116 0.000000 0.962447 -0.041434 
317 1.099306 0.000000 0.222476 102.059894 0.000000 0.956391 -0.041714 
318 1.200703 0.000000 0.316829 102.039376 0.000000 0.964393 -0.041296 
319 1.251402 0.000000 0.080946 101.039323 0.000000 0.619466 -0.020933 
320 1.200703 0.000000 0.080946 101.228969 0.000000 0.595134 -0.024766 
321 1.251402 0.000000 0.033770 100.984317 0.000000 0.571551 -0.019816 
322 1.302101 0.000000 0.080946 101.081401 0.000000 0.649298 -0.021787 
323 1.251402 0.000000 0.128123 101.197972 0.000000 0.770152 -0.024162 
324 0.997908 0.000000 0.033770 102.577493 0.000000 0.367178 -0.052228 
325 0.896511 0.000000 0.033770 103.736676 0.000000 0.282284 -0.076138 
326 0.997908 0.000000 -0.060584 102.542634 0.000000 0.417685 -0.051517 
327 0.997908 0.000000 0.128123 102.691359 0.000000 0.550471 -0.054582 
328 1.150005 0.000000 0.080946 101.070930 0.000000 0.519836 -0.021560 
329 1.099306 0.000000 0.080946 101.127269 0.000000 0.462494 -0.022694 
330 1.150005 0.000000 0.033770 100.921800 0.000000 0.424284 -0.018539 
331 1.150005 0.000000 0.128123 101.181826 0.000000 0.578913 -0.023810 
332 1.302101 0.000000 -0.437996 102.002609 0.000000 0.975657 -0.040548 
333 1.099306 0.000000 -0.437996 102.114295 0.000000 0.950880 -0.042823 
334 1.302101 0.000000 -0.626702 102.137517 0.000000 0.951694 -0.043298 
335 1.200703 0.000000 -0.154937 101.304806 0.000000 0.793710 -0.026329 
336 1.099306 0.000000 -0.154937 101.970141 0.000000 0.770499 -0.039850 
337 1.200703 0.000000 -0.249290 102.032714 0.000000 0.966257 -0.041161 
338 1.302101 0.000000 -0.154937 101.274819 0.000000 0.796877 -0.025722 
339 1.150005 0.000000 -0.013407 100.900100 0.000000 0.409921 -0.018100 
340 1.099306 0.000000 -0.013407 101.382235 0.000000 0.298269 -0.027845 
341 1.150005 0.000000 -0.060584 100.946321 0.000000 0.445135 -0.019036 
342 1.200703 0.000000 -0.013407 100.375031 0.000000 0.412253 -0.007532 
343 1.175354 0.000000 0.057358 101.995521 0.000000 0.684171 -0.040355 
344 1.150005 0.000000 0.057358 100.957151 0.000000 0.447749 -0.019255 
345 1.175354 0.000000 0.033770 101.384151 0.000000 0.581810 -0.027908 
346 1.200703 0.000000 0.057358 101.775814 0.000000 0.680431 -0.035878 
347 1.175354 0.000000 0.080946 100.993347 0.000000 0.524588 -0.019993 
348 0.997908 0.000000 0.222476 102.066718 0.000000 0.952852 -0.041852 
349 0.896511 0.000000 0.222476 102.233371 0.000000 0.917634 -0.045250 
350 0.997908 0.000000 0.316829 102.060035 0.000000 0.955212 -0.041716 
351 1.048607 0.000000 0.080946 102.342207 0.000000 0.453651 -0.047413 
352 0.997908 0.000000 0.080946 102.746947 0.000000 0.491192 -0.055718 
353 1.048607 0.000000 0.033770 102.035881 0.000000 0.329587 -0.041143 
354 1.048607 0.000000 0.128123 101.970179 0.000000 0.741589 -0.039847 
355 1.124655 0.000000 0.057358 101.044558 0.000000 0.436500 -0.021019 
356 1.099306 0.000000 0.057358 101.354264 0.000000 0.385026 -0.027284 
357 1.124655 0.000000 0.033770 101.035873 0.000000 0.405887 -0.020841 
358 1.124655 0.000000 0.080946 101.067969 0.000000 0.468034 -0.021495 
359 1.251402 0.000000 -0.013407 99.491859 0.000000 0.277496 0.010129 
360 1.251402 0.000000 -0.060584 100.196506 0.000000 0.405231 -0.003950 
361 1.302101 0.000000 -0.013407 99.798371 0.000000 0.347994 0.004016 
362 1.175354 0.000000 0.010181 100.537792 0.000000 0.388765 -0.010800 
363 1.150005 0.000000 0.010181 100.901986 0.000000 0.410122 -0.018138 
364 1.175354 0.000000 -0.013407 100.536071 0.000000 0.388366 -0.010765 
365 1.200703 0.000000 0.010181 100.374809 0.000000 0.412360 -0.007527 
366 1.162679 0.000000 0.045564 102.057629 0.000000 0.675792 -0.041622 
367 1.150005 0.000000 0.045564 102.067644 0.000000 0.656503 -0.041824 
368 1.162679 0.000000 0.033770 101.593381 0.000000 0.576118 -0.032155 
369 1.175354 0.000000 0.045564 101.918885 0.000000 0.670552 -0.038791 
370 1.162679 0.000000 0.057358 102.022849 0.000000 0.679600 -0.040912 
371 3.330051 0.000000 -0.060584 102.231806 0.000000 -0.000000 -0.045134 
372 3.330051 0.000000 -0.249290 101.966577 0.000000 -10.097937 -0.049915 
373 3.330051 0.000000 0.128123 102.212754 0.000000 -0.000000 -0.044745 
374 3.735641 0.000000 0.316829 99.620395 0.000000 12.951929 -0.009198 
375 3.532846 0.000000 0.316829 99.832639 0.000000 -9.985573 -0.006627 
376 3.938436 0.000000 0.316829 99.825434 0.000000 2.410313 0.002907 
377 3.735641 0.000000 0.505535 99.536637 0.000000 -5.974726 0.005676 
378 3.634244 0.000000 0.033770 101.805156 0.000000 -0.000000 -0.036429 
379 3.532846 0.000000 0.033770 101.942745 0.000000 -0.000000 -0.039232 
380 3.634244 0.000000 -0.060584 101.816498 0.000000 -0.000000 -0.036660 
381 3.735641 0.000000 0.033770 101.698894 0.000000 -0.000000 -0.034267 
382 3.634244 0.000000 0.128123 101.848425 0.000000 -0.000000 -0.037310 
383 3.330051 0.000000 0.316829 99.157314 0.000000 -36.807758 -0.118698 
384 3.127256 0.000000 0.316829 100.017471 0.000000 -23.894102 -0.057442 
385 3.330051 0.000000 0.505535 99.589634 0.000000 -6.204658 0.004341 
386 3.431449 0.000000 0.033770 102.063047 0.000000 -0.000000 -0.041687 
387 3.330051 0.000000 0.033770 102.234229 0.000000 -0.000000 -0.045184 
388 3.431449 0.000000 -0.060584 102.072985 0.000000 -0.000000 -0.041889 
389 3.431449 0.000000 0.128123 102.089790 0.000000 0.000000 -0.042233 
390 8.399927 0.000000 -17.987683 99.957585 0.000000 -3.455357 -0.000346 
391 8.399927 0.000000 -24.026285 99.950456 0.000000 -3.471529 -0.000215 
392 14.889368 0.000000 -17.987683 99.951689 0.000000 -3.447769 -0.000223 
393 5.155207 0.000000 -8.929780 100.005737 0.000000 -3.375990 -0.001254 
394 5.155207 0.000000 -11.949081 99.975586 0.000000 -3.426435 -0.000686 
395 8.399927 0.000000 -8.929780 99.987536 0.000000 -3.350325 -0.000873 
396 3.532846 0.000000 -4.400829 100.120999 0.000000 -3.224202 -0.003461 
397 3.532846 0.000000 -5.910479 100.071110 0.000000 -3.305461 -0.002515 
398 5.155207 0.000000 -4.400829 100.093594 0.000000 -3.161784 -0.002872 
399 4.344026 0.000000 -2.136353 100.275589 0.000000 -3.080688 -0.006468 
400 3.532846 0.000000 -2.136353 100.201826 0.000000 -3.157683 -0.005038 
401 4.344026 0.000000 -2.891178 100.187869 0.000000 -3.081418 -0.004710 
402 5.155207 0.000000 -2.136353 100.274660 0.000000 -2.941419 -0.006366 
403 3.938436 0.000000 -1.004115 100.552142 0.000000 -4.178819 -0.012820 
404 3.532846 0.000000 -1.004115 100.156883 0.000000 -4.359649 -0.005041 
405 3.938436 0.000000 -1.381528 100.375289 0.000000 -3.529544 -0.008766 
406 4.344026 0.000000 -1.004115 100.688856 0.000000 -3.907316 -0.015351 
407 3.735641 0.000000 -0.437996 101.136506 0.000000 -6.494513 -0.027077 
408 3.532846 0.000000 -0.437996 100.963456 0.000000 -7.179679 -0.024517 
409 3.735641 0.000000 -0.626702 100.740237 0.000000 -5.682187 -0.018088 
410 3.938436 0.000000 -0.437996 101.123877 0.000000 -6.121759 -0.026351 
411 3.634244 0.000000 -0.154937 101.848586 0.000000 -0.000000 -0.037313 
412 3.532846 0.000000 -0.154937 101.907285 0.000000 -0.000000 -0.038509 
413 3.634244 0.000000 -0.249290 101.793419 0.000000 -7.628488 -0.042009 
414 3.735641 0.000000 -0.154937 101.912618 0.000000 -7.945776 -0.044932 
415 3.583545 0.000000 -0.013407 101.839268 0.000000 -0.000000 -0.037124 
416 3.532846 0.000000 -0.013407 101.921935 0.000000 -0.000000 -0.038808 
417 3.583545 0.000000 -0.060584 101.858861 0.000000 -0.000000 -0.037523 
418 3.634244 0.000000 -0.013407 101.803505 0.000000 -0.000000 -0.036395 
419 3.583545 0.000000 0.033770 101.853382 0.000000 -0.000000 -0.037411 
420 5.966387 0.000000 -0.626702 99.816089 0.000000 -6.104301 -0.000051 
421 5.966387 0.000000 -1.381528 100.286769 0.000000 -2.926257 -0.006600 
422 6.777567 0.000000 -0.626702 99.869098 0.000000 -7.061742 -0.002370 
423 5.966387 0.000000 0.128123 99.545410 0.000000 3.773994 0.007647 
424 4.749616 0.000000 -0.249290 100.532954 0.000000 -7.072083 -0.015689 
425 4.749616 0.000000 -0.626702 100.724662 0.000000 -5.035573 -0.017081 
426 5.155207 0.000000 -0.249290 100.142294 0.000000 -7.372557 -0.008283 
427 4.749616 0.000000 0.128123 100.723152 0.000000 3.479873 -0.015726 
428 4.141231 0.000000 -0.060584 101.081856 0.000000 -7.905876 -0.028004 
429 4.141231 0.000000 -0.249290 101.092083 0.000000 -6.843610 -0.026644 
430 4.344026 0.000000 -0.060584 100.833790 0.000000 -7.894141 -0.022977 
431 4.141231 0.000000 0.128123 101.966161 0.000000 -0.665880 -0.039754 
432 3.837039 0.000000 0.033770 101.606356 0.000000 0.000000 -0.032385 
433 3.837039 0.000000 -0.060584 101.603046 0.000000 0.000000 -0.032318 
434 3.938436 0.000000 0.033770 101.600946 0.000000 0.000000 -0.032275 
435 3.837039 0.000000 0.128123 101.600756 0.000000 0.000000 -0.032271 
436 3.684943 0.000000 -0.013407 101.749131 0.000000 -0.000000 -0.035289 
437 3.684943 0.000000 -0.060584 101.754083 0.000000 -0.000000 -0.035389 
438 3.735641 0.000000 -0.013407 101.701280 0.000000 -0.000000 -0.034315 
439 3.684943 0.000000 0.033770 101.749295 0.000000 -0.000000 -0.035292 
440 3.634244 0.000000 0.222476 99.737159 0.000000 -15.315102 -0.018205 
441 3.532846 0.000000 0.222476 99.658505 0.000000 -17.972632 -0.025483 
442 3.735641 0.000000 0.222476 99.709835 0.000000 -12.390600 -0.009558 
443 3.634244 0.000000 0.316829 98.819512 0.000000 29.738554 -0.064968 
444 3.583545 0.000000 0.080946 101.870060 0.000000 -0.000000 -0.037751 
445 3.532846 0.000000 0.080946 101.945333 0.000000 -0.000000 -0.039285 
446 3.634244 0.000000 0.080946 101.830042 0.000000 -0.000000 -0.036936 
447 3.583545 0.000000 0.128123 101.900919 0.000000 -0.000000 -0.038380 
448 3.608894 0.000000 0.010181 101.823124 0.000000 -0.000000 -0.036795 
449 3.583545 0.000000 0.010181 101.842184 0.000000 0.000000 -0.037183 
450 3.608894 0.000000 -0.013407 101.823457 0.000000 -0.000000 -0.036802 
451 3.634244 0.000000 0.010181 101.803347 0.000000 -0.000000 -0.036392 
452 3.608894 0.000000 0.033770 101.826693 0.000000 -0.000000 -0.036868 
453 2.721666 0.000000 -2.136353 100.162738 0.000000 -3.100278 -0.004219 
454 2.721666 0.000000 -2.891178 100.185545 0.000000 -3.143766 -0.004703 
455 3.127256 0.000000 -1.004115 99.635004 0.000000 -4.116449 0.005592 
456 2.721666 0.000000 -1.004115 99.435804 0.000000 -3.424029 0.010080 
457 3.127256 0.000000 -1.381528 99.970165 0.000000 -3.446622 -0.000591 
458 3.330051 0.000000 -0.437996 100.352578 0.000000 -8.176648 -0.013750 
459 3.127256 0.000000 -0.437996 99.154510 0.000000 -9.104723 0.008549 
460 3.330051 0.000000 -0.626702 99.793139 0.000000 -6.376903 0.000066 
461 3.431449 0.000000 -0.154937 102.068446 0.000000 0.000000 -0.041797 
462 3.330051 0.000000 -0.154937 102.233472 0.000000 -0.000000 -0.045168 
463 3.431449 0.000000 -0.249290 102.109138 0.000000 -8.960433 -0.050657 
464 3.482148 0.000000 -0.013407 101.999965 0.000000 0.000000 -0.040399 
465 3.431449 0.000000 -0.013407 102.067721 0.000000 -0.000000 -0.041782 
466 3.482148 0.000000 -0.060584 101.998521 0.000000 -0.000000 -0.040370 
467 3.482148 0.000000 0.033770 102.003396 0.000000 -0.000000 -0.040469 
468 3.558196 0.000000 0.010181 101.873433 0.000000 0.000000 -0.037820 
469 3.532846 0.000000 0.010181 101.921088 0.000000 -0.000000 -0.038791 
470 3.558196 0.000000 -0.013407 101.873567 0.000000 -0.000000 -0.037822 
471 3.558196 0.000000 0.033770 101.864711 0.000000 -0.000000 -0.037642 
472 3.583545 0.000000 -0.107760 101.899882 0.000000 -0.000000 -0.038359 
473 3.532846 0.000000 -0.107760 101.927578 0.000000 -0.000000 -0.038923 
474 3.583545 0.000000 -0.154937 101.882869 0.000000 -0.000000 -0.038012 
475 3.634244 0.000000 -0.107760 101.847116 0.000000 -0.000000 -0.037283 
476 3.558196 0.000000 -0.036995 101.865066 0.000000 -0.000000 -0.037649 
477 3.532846 0.000000 -0.036995 101.942876 0.000000 -0.000000 -0.039235 
478 3.558196 0.000000 -0.060584 101.905444 0.000000 -0.000000 -0.038472 
479 3.583545 0.000000 -0.036995 101.854037 0.000000 -0.000000 -0.037424 
480 3.570870 0.000000 -0.001613 101.858210 0.000000 0.000000 -0.037509 
481 3.558196 0.000000 -0.001613 101.873363 0.000000 0.000000 -0.037818 
482 3.570870 0.000000 -0.013407 101.856406 0.000000 0.000000 -0.037473 
483 3.583545 0.000000 -0.001613 101.838722 0.000000 0.000000 -0.037113 
484 3.570870 0.000000 0.010181 101.856273 0.000000 0.000000 -0.037470 
485 3.228654 0.000000 0.033770 102.340999 0.000000 -0.000000 -0.047368 
486 3.127256 0.000000 0.033770 102.493337 0.000000 -0.000000 -0.050488 
487 3.228654 0.000000 -0.060584 102.324351 0.000000 -0.000000 -0.047027 
488 3.228654 0.000000 0.128123 102.279070 0.000000 -0.000000 -0.046101 
489 3.380750 0.000000 -0.013407 102.143350 0.000000 0.000000 -0.043326 
490 3.330051 0.000000 -0.013407 102.225056 0.000000 -0.000000 -0.044996 
491 3.380750 0.000000 -0.060584 102.145233 0.000000 0.000000 -0.043365 
492 3.380750 0.000000 0.033770 102.149889 0.000000 0.000000 -0.043460 
493 3.431449 0.000000 0.222476 99.583290 0.000000 -20.445618 -0.033485 
494 3.330051 0.000000 0.222476 99.698841 0.000000 -22.682809 -0.045437 
495 3.431449 0.000000 0.316829 96.659982 0.000000 -56.549471 -0.254099 
496 3.380750 0.000000 0.080946 102.161670 0.000000 -0.000000 -0.043701 
497 3.330051 0.000000 0.080946 102.246122 0.000000 -0.000000 -0.045427 
498 3.431449 0.000000 0.080946 102.072779 0.000000 -0.000000 -0.041885 
499 3.380750 0.000000 0.128123 102.180705 0.000000 -0.000000 -0.044090 
500 3.406099 0.000000 0.010181 102.103850 0.000000 0.000000 -0.042520 
501 3.380750 0.000000 0.010181 102.143941 0.000000 0.000000 -0.043338 
502 3.406099 0.000000 -0.013407 102.103741 0.000000 0.000000 -0.042517 
503 3.431449 0.000000 0.010181 102.067165 0.000000 -0.000000 -0.041771 
504 3.406099 0.000000 0.033770 102.103173 0.000000 0.000000 -0.042506 
505 3.228654 0.000000 -0.154937 102.294599 0.000000 -0.000000 -0.046419 
506 3.127256 0.000000 -0.154937 102.595832 0.000000 0.000000 -0.052590 
507 3.228654 0.000000 -0.249290 101.412015 0.000000 -11.380016 -0.041390 
508 3.279352 0.000000 -0.013407 102.290510 0.000000 -0.000000 -0.046335 
509 3.228654 0.000000 -0.013407 102.342718 0.000000 -0.000000 -0.047403 
510 3.279352 0.000000 -0.060584 102.287573 0.000000 -0.000000 -0.046275 
511 3.279352 0.000000 0.033770 102.290919 0.000000 -0.000000 -0.046343 
512 2.924461 0.000000 0.316829 100.022866 0.000000 -19.407529 -0.038123 
513 2.721666 0.000000 0.316829 99.999146 0.000000 -16.577269 -0.027464 
514 2.924461 0.000000 0.505535 99.695753 0.000000 -6.140721 0.002305 
515 3.228654 0.000000 0.222476 100.183998 0.000000 -24.442360 -0.063426 
516 3.127256 0.000000 0.222476 100.763725 0.000000 -25.269621 -0.079188 
517 3.228654 0.000000 0.316829 99.713408 0.000000 -28.296834 -0.074347 
518 3.279352 0.000000 0.080946 102.274515 0.000000 -0.000000 -0.046008 
519 3.228654 0.000000 0.080946 102.321690 0.000000 -0.000000 -0.046973 
520 3.279352 0.000000 0.128123 102.259287 0.000000 -0.000000 -0.045696 
521 3.304702 0.000000 0.010181 102.261926 0.000000 -0.000000 -0.045750 
522 3.279352 0.000000 0.010181 102.290332 0.000000 -0.000000 -0.046331 
523 3.304702 0.000000 -0.013407 102.262951 0.000000 -0.000000 -0.045771 
524 3.330051 0.000000 0.010181 102.229246 0.000000 -0.000000 -0.045082 
525 3.304702 0.000000 0.033770 102.259075 0.000000 -0.000000 -0.045692 
526 3.025859 0.000000 0.033770 102.654104 0.000000 -0.000000 -0.053787 
527 2.924461 0.000000 0.033770 102.706554 0.000000 0.000000 -0.054864 
528 3.025859 0.000000 -0.060584 102.674156 0.000000 -0.000000 -0.054198 
529 3.025859 0.000000 0.128123 102.885643 0.000000 0.000000 -0.058546 
530 3.177955 0.000000 -0.013407 102.367358 0.000000 -0.000000 -0.047908 
531 3.127256 0.000000 -0.013407 102.491388 0.000000 -0.000000 -0.050448 
532 3.177955 0.000000 -0.060584 102.363090 0.000000 -0.000000 -0.047820 
533 3.177955 0.000000 0.033770 102.365450 0.000000 -0.000000 -0.047869 
534 3.254003 0.000000 0.010181 102.312027 0.000000 -0.000000 -0.046775 
535 3.228654 0.000000 0.010181 102.342900 0.000000 -0.000000 -0.047407 
536 3.254003 0.000000 -0.013407 102.311862 0.000000 -0.000000 -0.046772 
537 3.254003 0.000000 0.033770 102.310020 0.000000 -0.000000 -0.046734 
538 3.279352 0.000000 -0.107760 102.271344 0.000000 -0.000000 -0.045943 
539 3.228654 0.000000 -0.107760 102.315243 0.000000 -0.000000 -0.046841 
540 3.279352 0.000000 -0.154937 102.258494 0.000000 -0.000000 -0.045680 
541 3.330051 0.000000 -0.107760 102.213738 0.000000 -0.000000 -0.044765 
542 3.254003 0.000000 -0.036995 102.309636 0.000000 -0.000000 -0.046726 
543 3.228654 0.000000 -0.036995 102.340693 0.000000 -0.000000 -0.047362 
544 3.254003 0.000000 -0.060584 102.293235 0.000000 -0.000000 -0.046391 
545 3.279352 0.000000 -0.036995 102.290558 0.000000 -0.000000 -0.046336 
546 3.266678 0.000000 -0.001613 102.313967 0.000000 0.000000 -0.046815 
547 3.254003 0.000000 -0.001613 102.339552 0.000000 -0.000000 -0.047338 
548 3.266678 0.000000 -0.013407 102.296489 0.000000 -0.000000 -0.046457 
549 3.279352 0.000000 -0.001613 102.296507 0.000000 -0.000000 -0.046458 
550 3.266678 0.000000 0.010181 102.304373 0.000000 -0.000000 -0.046618 
551 -17.557837 0.000000 -17.987683 99.946173 0.000000 -3.491444 -0.000143 
552 -24.047278 0.000000 -17.987683 99.943297 0.000000 -3.491847 -0.000086 
553 -17.557837 0.000000 -24.026285 99.945029 0.000000 -3.489991 -0.000119 
554 21.378809 0.000000 -17.987683 99.947161 0.000000 -3.444628 -0.000130 
555 21.378809 0.000000 -24.026285 99.945493 0.000000 -3.464850 -0.000111 
556 27.868250 0.000000 -17.987683 99.944507 0.000000 -3.443257 -0.000076 
557 -7.823676 0.000000 -8.929780 99.967373 0.000000 -3.495526 -0.000569 
558 -11.068396 0.000000 -8.929780 99.956062 0.000000 -3.497436 -0.000345 
559 -7.823676 0.000000 -11.949081 99.962579 0.000000 -3.489867 -0.000470 
560 11.644648 0.000000 -8.929780 99.966164 0.000000 -3.344314 -0.000442 
561 11.644648 0.000000 -11.949081 99.959023 0.000000 -3.403163 -0.000339 
562 14.889368 0.000000 -8.929780 99.955828 0.000000 -3.337584 -0.000231 
563 -2.956595 0.000000 -4.400829 100.052191 0.000000 -3.511552 -0.002277 
564 -4.578955 0.000000 -4.400829 100.007027 0.000000 -3.521626 -0.001381 
565 -2.956595 0.000000 -5.910479 100.027031 0.000000 -3.487441 -0.001757 
566 6.777567 0.000000 -4.400829 100.057014 0.000000 -3.111357 -0.002109 
567 6.777567 0.000000 -5.910479 100.029008 0.000000 -3.234594 -0.001626 
568 8.399927 0.000000 -4.400829 100.020687 0.000000 -3.084282 -0.001365 
569 -0.523054 0.000000 -2.136353 100.377966 0.000000 -3.403980 -0.008732 
570 -1.334235 0.000000 -2.136353 100.254218 0.000000 -3.549924 -0.006351 
571 -0.523054 0.000000 -2.891178 100.253663 0.000000 -3.418484 -0.006248 
572 0.693716 0.000000 -1.004115 100.582837 0.000000 -1.885624 -0.012046 
573 0.288126 0.000000 -1.004115 101.053458 0.000000 -2.090426 -0.021617 
574 0.693716 0.000000 -1.381528 100.536050 0.000000 -2.584651 -0.011418 
575 2.316076 0.000000 -1.004115 99.627405 0.000000 -2.725975 0.006695 
576 2.316076 0.000000 -1.381528 99.977555 0.000000 -2.886449 -0.000384 
577 0.896511 0.000000 -0.437996 102.353695 0.000000 0.882219 -0.047706 
578 0.693716 0.000000 -0.437996 102.427121 0.000000 0.815265 -0.049198 
579 0.896511 0.000000 -0.626702 102.427739 0.000000 0.816858 -0.049211 
580 1.403498 0.000000 -0.154937 101.704675 0.000000 0.813087 -0.034450 
581 1.403498 0.000000 -0.249290 101.991320 0.000000 0.980736 -0.040319 
582 1.504896 0.000000 -0.154937 101.673188 0.000000 0.816202 -0.033810 
583 2.113281 0.000000 -0.437996 101.554484 0.000000 1.106037 -0.031454 
584 2.113281 0.000000 -0.626702 101.320404 0.000000 1.112722 -0.026706 
585 2.316076 0.000000 -0.437996 101.319605 0.000000 1.112711 -0.026690 
586 2.518871 0.000000 -0.437996 96.946847 0.000000 -6.922514 0.055339 
587 2.518871 0.000000 -0.626702 98.328084 0.000000 -3.938332 0.031608 
588 2.721666 0.000000 -0.437996 97.066022 0.000000 -8.589886 0.050440 
589 1.606293 0.000000 -0.154937 101.729218 0.000000 0.822593 -0.034951 
590 1.606293 0.000000 -0.249290 101.940039 0.000000 0.995529 -0.039276 
591 2.518871 0.000000 0.316829 101.281098 0.000000 1.112249 -0.025910 
592 2.518871 0.000000 0.505535 99.642315 0.000000 -6.035719 0.003498 
593 2.011884 0.000000 -0.154937 103.675674 0.000000 0.798976 -0.074928 
594 2.011884 0.000000 -0.249290 101.724048 0.000000 1.079756 -0.034895 
595 2.113281 0.000000 -0.154937 103.832659 0.000000 0.783989 -0.078184 
596 5.966387 0.000000 -2.136353 100.216470 0.000000 -2.817734 -0.005128 
597 5.966387 0.000000 -2.891178 100.147003 0.000000 -2.945972 -0.003810 
598 6.777567 0.000000 -2.136353 100.144277 0.000000 -2.752572 -0.003645 
599 4.749616 0.000000 -1.004115 100.667427 0.000000 -3.703772 -0.014765 
600 4.749616 0.000000 -1.381528 100.506608 0.000000 -3.193217 -0.011177 
601 5.155207 0.000000 -1.004115 100.565434 0.000000 -3.598188 -0.012635 
602 2.924461 0.000000 -0.437996 97.808404 0.000000 -9.362817 0.034585 
603 2.924461 0.000000 -0.626702 98.404581 0.000000 -5.894320 0.028180 
604 5.966387 0.000000 0.882948 99.330841 0.000000 -2.555731 0.012685 
605 6.777567 0.000000 0.882948 99.638780 0.000000 -2.221159 0.006718 
606 5.966387 0.000000 1.637773 99.621594 0.000000 -2.445981 0.006956 
607 4.749616 0.000000 0.505535 99.233247 0.000000 -5.608336 0.012131 
608 5.155207 0.000000 0.505535 99.164264 0.000000 -5.559181 0.013554 
609 4.749616 0.000000 0.882948 99.357355 0.000000 -3.184452 0.011798 
610 3.025859 0.000000 -0.154937 102.595832 0.000000 0.000000 -0.052590 
611 2.924461 0.000000 -0.154937 102.478366 0.000000 0.000000 -0.050182 
612 3.025859 0.000000 -0.249290 99.791060 0.000000 -13.740513 -0.014706 
613 4.141231 0.000000 -0.437996 101.044477 0.000000 -5.941326 -0.024529 
614 4.141231 0.000000 -0.626702 100.917511 0.000000 -5.196419 -0.021135 
615 4.344026 0.000000 -0.437996 100.923557 0.000000 -5.906101 -0.022045 
616 4.141231 0.000000 0.316829 99.793431 0.000000 -0.961421 0.004035 
617 4.344026 0.000000 0.316829 99.709830 0.000000 -2.876117 0.004968 
618 4.141231 0.000000 0.505535 99.495240 0.000000 -5.894022 0.006596 
619 3.837039 0.000000 -0.154937 101.581209 0.000000 0.000000 -0.031874 
620 3.837039 0.000000 -0.249290 101.478690 0.000000 -7.070897 -0.034792 
621 3.938436 0.000000 -0.154937 101.396824 0.000000 -7.460632 -0.033698 
622 1.859787 0.000000 -0.013407 102.466075 0.000000 0.229361 -0.049935 
623 1.859787 0.000000 -0.060584 102.268146 0.000000 0.428710 -0.045896 
624 1.910486 0.000000 -0.013407 103.312649 0.000000 0.395292 -0.067366 
625 1.656992 0.000000 -0.013407 101.038729 0.000000 0.231995 -0.020888 
626 1.606293 0.000000 -0.013407 101.195679 0.000000 0.423453 -0.024074 
627 1.656992 0.000000 -0.060584 101.338892 0.000000 0.452421 -0.026978 
628 1.555595 0.000000 0.080946 101.607589 0.000000 0.793977 -0.032473 
629 1.555595 0.000000 0.033770 101.528413 0.000000 0.744650 -0.030857 
630 1.555595 0.000000 0.128123 101.413401 0.000000 0.621979 -0.028506 
631 2.011884 0.000000 0.222476 101.790818 0.000000 1.054805 -0.036248 
632 2.113281 0.000000 0.222476 101.659470 0.000000 1.091748 -0.033584 
633 2.011884 0.000000 0.316829 101.762114 0.000000 1.067710 -0.035667 
634 1.352800 0.000000 0.080946 101.483557 0.000000 0.745379 -0.029947 
635 1.352800 0.000000 0.033770 101.313017 0.000000 0.709974 -0.026483 
636 1.352800 0.000000 0.128123 100.900418 0.000000 0.608690 -0.018126 
637 0.997908 0.000000 -0.154937 102.510362 0.000000 0.660537 -0.050881 
638 0.896511 0.000000 -0.154937 103.128176 0.000000 0.682773 -0.063589 
639 0.997908 0.000000 -0.249290 102.134539 0.000000 0.942467 -0.043235 
640 1.048607 0.000000 -0.013407 101.983479 0.000000 0.280921 -0.040071 
641 0.997908 0.000000 -0.013407 102.583692 0.000000 0.354740 -0.052354 
642 1.048607 0.000000 -0.060584 102.077355 0.000000 0.375171 -0.041993 
643 1.124655 0.000000 0.010181 101.037668 0.000000 0.384604 -0.020876 
644 1.099306 0.000000 0.010181 101.387037 0.000000 0.294133 -0.027942 
645 1.124655 0.000000 -0.013407 101.034435 0.000000 0.385138 -0.020811 
646 3.837039 0.000000 0.222476 99.678887 0.000000 -9.284480 -0.002208 
647 3.938436 0.000000 0.222476 99.641473 0.000000 -6.286511 0.003206 
648 3.837039 0.000000 0.316829 99.841455 0.000000 6.137860 -0.000599 
649 3.684943 0.000000 0.080946 101.773272 0.000000 -0.000000 -0.035780 
650 3.735641 0.000000 0.080946 101.701801 0.000000 -0.000000 -0.034326 
651 3.684943 0.000000 0.128123 101.818462 0.000000 -0.000000 -0.036700 
652 3.482148 0.000000 0.080946 101.999144 0.000000 -0.000000 -0.040383 
653 3.482148 0.000000 0.128123 101.981341 0.000000 -0.000000 -0.040019 
654 3.684943 0.000000 -0.107760 101.816700 0.000000 -0.000000 -0.036664 
655 3.684943 0.000000 -0.154937 101.823270 0.000000 -0.000000 -0.036798 
656 3.735641 0.000000 -0.107760 101.691976 0.000000 -0.000000 -0.034126 
657 3.608894 0.000000 -0.036995 101.827283 0.000000 -0.000000 -0.036880 
658 3.608894 0.000000 -0.060584 101.831456 0.000000 -0.000000 -0.036965 
659 3.634244 0.000000 -0.036995 101.813121 0.000000 -0.000000 -0.036591 
660 3.482148 0.000000 -0.107760 101.981172 0.000000 -0.000000 -0.040016 
661 3.431449 0.000000 -0.107760 102.104841 0.000000 0.000000 -0.042540 
662 3.482148 0.000000 -0.154937 101.976026 0.000000 0.000000 -0.039911 
663 3.380750 0.000000 -0.107760 102.160905 0.000000 -0.000000 -0.043685 
664 3.380750 0.000000 -0.154937 102.203329 0.000000 -0.000000 -0.044552 
665 3.177955 0.000000 0.080946 102.372374 0.000000 -0.000000 -0.048010 
666 3.127256 0.000000 0.080946 102.520451 0.000000 -0.000000 -0.051044 
667 3.177955 0.000000 0.128123 102.368137 0.000000 -0.000000 -0.047924 
668 3.355401 0.000000 0.010181 102.195062 0.000000 -0.000000 -0.044383 
669 3.355401 0.000000 -0.013407 102.195778 0.000000 -0.000000 -0.044398 
670 3.355401 0.000000 0.033770 102.207012 0.000000 -0.000000 -0.044627 
671 3.177955 0.000000 -0.107760 102.373589 0.000000 -0.000000 -0.048035 
672 3.127256 0.000000 -0.107760 102.431936 0.000000 -0.000000 -0.049230 
673 3.177955 0.000000 -0.154937 102.321569 0.000000 -0.000000 -0.046970 
674 3.304702 0.000000 -0.036995 102.258746 0.000000 -0.000000 -0.045685 
675 3.304702 0.000000 -0.060584 102.255942 0.000000 -0.000000 -0.045628 
676 3.330051 0.000000 -0.036995 102.233984 0.000000 -0.000000 -0.045179 
677 3.025859 0.000000 0.222476 100.789438 0.000000 -25.582144 -0.081296 
678 2.924461 0.000000 0.222476 100.773821 0.000000 -25.455194 -0.080333 
679 3.025859 0.000000 0.316829 99.997837 0.000000 -21.606283 -0.046640 
680 1.555595 0.000000 -0.013407 101.148312 0.000000 0.420277 -0.023116 
681 1.504896 0.000000 -0.013407 101.102004 0.000000 0.490496 -0.022186 
682 1.555595 0.000000 -0.060584 101.278718 0.000000 0.527708 -0.025766 
683 1.352800 0.000000 -0.013407 100.629778 0.000000 0.541752 -0.012665 
684 1.352800 0.000000 -0.060584 100.360087 0.000000 0.474163 -0.007237 
685 1.403498 0.000000 -0.013407 100.621196 0.000000 0.428802 -0.012481 
686 1.454197 0.000000 -0.013407 100.753544 0.000000 0.344526 -0.015140 
687 1.454197 0.000000 -0.060584 100.974601 0.000000 0.454321 -0.019608 
688 3.355401 0.000000 -0.036995 102.206850 0.000000 -0.000000 -0.044624 
689 3.355401 0.000000 -0.060584 102.205362 0.000000 -0.000000 -0.044594 
690 3.380750 0.000000 -0.036995 102.146194 0.000000 0.000000 -0.043384 
691 3.406099 0.000000 -0.036995 102.103077 0.000000 0.000000 -0.042504 
692 3.406099 0.000000 -0.060584 102.116817 0.000000 0.000000 -0.042784 
693 3.431449 0.000000 -0.036995 102.073172 0.000000 -0.000000 -0.041893 
1 19 21 9 22 
2 20 19 22 4 
3 28 29 3 30 
4 21 28 30 9 
5 35 37 21 38 
6 36 35 38 19 
7 44 45 28 46 
8 37 44 46 21 
9 51 53 37 54 
10 52 51 54 35 
11 60 61 44 62 
12 53 60 62 37 
13 67 69 53 70 
14 68 67 70 51 
15 76 77 60 78 
16 69 76 78 53 
17 83 85 69 86 
18 84 83 86 67 
19 11 94 92 93 
20 94 10 24 92 
21 92 24 14 95 
22 93 92 95 6 
23 24 98 96 97 
24 98 23 40 96 
25 96 40 27 99 
26 97 96 99 14 
27 40 102 100 101 
28 102 39 56 100 
29 100 56 43 103 
30 101 100 103 27 
31 56 106 104 105 
32 106 55 72 104 
33 104 72 59 107 
34 105 104 107 43 
35 72 110 108 109 
36 109 108 111 59 
37 112 113 76 114 
38 85 112 114 69 
39 115 117 85 118 
40 116 115 118 83 
41 132 133 112 134 
42 117 132 134 85 
43 136 124 137 135 
44 135 137 127 138 
45 15 140 139 33 
46 140 17 141 139 
47 139 141 8 142 
48 33 139 142 18 
49 31 144 143 49 
50 144 33 145 143 
51 143 145 18 146 
52 49 143 146 34 
53 148 49 149 147 
54 147 149 34 150 
55 124 160 159 137 
56 160 126 161 159 
57 159 161 82 162 
58 137 159 162 127 
59 18 142 163 45 
60 142 8 164 163 
61 163 164 29 165 
62 45 163 165 28 
63 34 146 166 61 
64 146 18 167 166 
65 166 167 45 168 
66 61 166 168 44 
67 150 34 170 169 
68 169 170 61 171 
69 77 169 171 60 
70 172 173 77 174 
71 113 172 174 76 
72 175 176 113 177 
73 133 175 177 112 
74 126 179 178 161 
75 161 178 181 82 
76 186 187 172 188 
77 176 186 188 113 
78 194 196 117 197 
79 195 194 197 115 
80 138 127 208 207 
81 207 208 132 209 
82 196 207 209 117 
83 131 202 210 211 
84 202 5 212 210 
85 210 212 196 213 
86 211 210 213 194 
87 214 217 202 218 
88 215 214 218 131 
89 12 221 219 220 
90 221 7 222 219 
91 219 222 13 25 
92 220 219 25 10 
93 25 225 223 224 
94 225 13 226 223 
95 223 226 26 41 
96 224 223 41 23 
97 41 229 227 228 
98 229 26 230 227 
99 227 230 42 57 
100 228 227 57 39 
101 57 233 231 232 
102 233 42 234 231 
103 231 234 58 73 
104 232 231 73 55 
105 73 237 235 236 
106 237 58 238 235 
107 235 238 74 89 
108 236 235 89 71 
109 89 241 239 240 
110 241 74 242 239 
111 239 242 90 129 
112 240 239 129 87 
113 129 245 243 244 
114 245 90 246 243 
115 243 246 130 200 
116 244 243 200 128 
117 128 249 247 248 
118 249 200 250 247 
119 247 250 198 216 
120 248 247 216 199 
121 130 252 251 201 
122 252 135 253 251 
123 251 253 138 254 
124 201 251 254 5 
125 198 256 255 217 
126 256 201 257 255 
127 255 257 5 258 
128 217 255 258 202 
129 216 261 259 260 
130 261 198 262 259 
131 259 262 217 263 
132 260 259 263 214 
133 6 95 264 265 
134 95 14 36 264 
135 264 36 19 266 
136 265 264 266 20 
137 14 99 267 268 
138 99 27 52 267 
139 267 52 35 269 
140 268 267 269 36 
141 27 103 270 271 
142 103 43 68 270 
143 270 68 51 272 
144 271 270 272 52 
145 43 107 273 274 
146 107 59 84 273 
147 273 84 67 275 
148 274 273 275 68 
149 59 111 276 277 
150 276 116 83 278 
151 277 276 278 84 
152 279 195 115 281 
153 280 279 281 116 
154 91 206 282 283 
155 206 131 211 282 
156 282 211 194 284 
157 283 282 284 195 
158 203 287 285 286 
159 287 199 215 285 
160 285 215 131 288 
161 286 285 288 206 
162 199 291 289 290 
163 291 216 260 289 
164 289 260 214 292 
165 290 289 292 215 
166 123 296 297 298 
167 296 91 283 297 
168 297 283 195 299 
169 298 297 299 279 
170 293 302 300 301 
171 302 204 303 300 
172 300 303 91 304 
173 301 300 304 296 
174 108 307 305 306 
175 306 305 308 111 
176 111 308 313 314 
177 313 280 116 315 
178 314 313 315 276 
179 75 312 316 317 
180 312 123 298 316 
181 316 298 279 318 
182 317 316 318 280 
183 309 321 319 320 
184 321 294 322 319 
185 319 322 123 323 
186 320 319 323 312 
187 305 326 324 325 
188 325 324 327 308 
189 328 320 312 331 
190 329 328 331 75 
191 71 334 332 333 
192 334 89 240 332 
193 332 240 87 121 
194 333 332 121 88 
195 88 337 335 336 
196 337 121 338 335 
197 335 338 119 311 
198 336 335 311 120 
199 120 341 339 340 
200 341 311 342 339 
201 345 309 346 343 
202 343 346 320 347 
203 344 343 347 328 
204 308 327 348 349 
205 327 75 317 348 
206 348 317 280 350 
207 349 348 350 313 
208 324 353 351 352 
209 353 310 329 351 
210 351 329 75 354 
211 352 351 354 327 
212 310 357 355 356 
213 357 330 344 355 
214 355 344 328 358 
215 356 355 358 329 
216 311 360 359 342 
217 360 119 361 359 
218 359 361 294 321 
219 342 359 321 309 
220 339 364 362 363 
221 364 342 365 362 
222 362 365 309 345 
223 363 362 345 330 
224 330 368 366 367 
225 368 345 369 366 
226 366 369 343 370 
227 367 366 370 344 
228 374 376 186 377 
229 375 374 377 176 
230 383 375 176 385 
231 384 383 385 175 
232 7 391 390 222 
233 391 16 392 390 
234 390 392 15 32 
235 222 390 32 13 
236 13 394 393 226 
237 394 32 395 393 
238 393 395 31 48 
239 226 393 48 26 
240 26 397 396 230 
241 397 48 398 396 
242 396 398 47 64 
243 230 396 64 42 
244 64 401 399 400 
245 401 47 402 399 
246 399 402 65 152 
247 400 399 152 63 
248 63 405 403 404 
249 405 152 406 403 
250 403 406 151 183 
251 404 403 183 81 
252 81 409 407 408 
253 409 183 410 407 
254 407 410 182 191 
255 408 407 191 157 
256 157 413 411 412 
257 413 191 414 411 
258 65 421 420 153 
259 421 147 422 420 
260 420 422 150 423 
261 153 420 423 50 
262 151 425 424 184 
263 425 153 426 424 
264 424 426 50 427 
265 184 424 427 154 
266 182 429 428 192 
267 429 184 430 428 
268 428 430 154 431 
269 192 428 431 185 
270 189 433 432 381 
271 433 192 434 432 
272 432 434 185 435 
273 381 432 435 193 
274 380 437 436 418 
275 437 189 438 436 
276 436 438 381 439 
277 418 436 439 378 
278 66 382 440 441 
279 382 193 442 440 
280 440 442 374 443 
281 441 440 443 375 
282 379 419 444 445 
283 419 378 446 444 
284 444 446 382 447 
285 445 444 447 66 
286 415 450 448 449 
287 450 418 451 448 
288 448 451 378 452 
289 449 448 452 419 
290 42 454 453 234 
291 454 64 400 453 
292 453 400 63 80 
293 234 453 80 58 
294 80 457 455 456 
295 457 63 404 455 
296 455 404 81 156 
297 456 455 156 79 
298 156 460 458 459 
299 460 81 408 458 
300 458 408 157 372 
301 459 458 372 155 
302 372 463 461 462 
303 463 157 412 461 
304 388 466 464 465 
305 466 190 416 464 
306 464 416 379 467 
307 465 464 467 386 
308 416 470 468 469 
309 468 449 419 471 
310 469 468 471 379 
311 412 474 472 473 
312 474 411 475 472 
313 472 475 380 417 
314 473 472 417 190 
315 190 478 476 477 
316 478 417 479 476 
317 476 479 415 470 
318 477 476 470 416 
319 470 482 480 481 
320 482 415 483 480 
321 480 483 449 484 
322 481 480 484 468 
323 373 389 493 494 
324 389 66 441 493 
325 493 441 375 495 
326 494 493 495 383 
327 387 492 496 497 
328 492 386 498 496 
329 496 498 389 499 
330 497 496 499 373 
331 489 502 500 501 
332 502 465 503 500 
333 500 503 386 504 
334 501 500 504 492 
335 155 507 505 506 
336 507 372 462 505 
337 82 181 512 513 
338 512 384 175 514 
339 513 512 514 133 
340 158 488 515 516 
341 488 373 494 515 
342 515 494 383 517 
343 516 515 517 384 
344 485 511 518 519 
345 511 387 497 518 
346 518 497 373 520 
347 519 518 520 488 
348 508 523 521 522 
349 523 490 524 521 
350 521 524 387 525 
351 522 521 525 511 
352 178 528 526 527 
353 528 180 486 526 
354 526 486 158 529 
355 527 526 529 181 
356 180 532 530 531 
357 532 487 509 530 
358 530 509 485 533 
359 531 530 533 486 
360 509 536 534 535 
361 534 522 511 537 
362 535 534 537 485 
363 505 540 538 539 
364 540 462 541 538 
365 538 541 371 510 
366 539 538 510 487 
367 487 544 542 543 
368 544 510 545 542 
369 542 545 508 536 
370 543 542 536 509 
371 536 548 546 547 
372 548 508 549 546 
373 546 549 522 550 
374 547 546 550 534 
375 1 553 551 552 
376 553 12 220 551 
377 551 220 10 94 
378 552 551 94 11 
379 16 555 554 392 
380 555 2 556 554 
381 554 556 17 140 
382 392 554 140 15 
383 10 559 557 558 
384 559 25 224 557 
385 557 224 23 98 
386 558 557 98 24 
387 32 561 560 395 
388 561 15 562 560 
389 560 562 33 144 
390 395 560 144 31 
391 23 565 563 564 
392 565 41 228 563 
393 563 228 39 102 
394 564 563 102 40 
395 48 567 566 398 
396 567 31 568 566 
397 566 568 49 148 
398 398 566 148 47 
399 39 571 569 570 
400 571 57 232 569 
401 569 232 55 106 
402 570 569 106 56 
403 55 574 572 573 
404 574 73 236 572 
405 572 236 71 110 
406 573 572 110 72 
407 58 576 575 238 
408 576 80 456 575 
409 575 456 79 125 
410 238 575 125 74 
411 110 579 577 578 
412 579 71 333 577 
413 577 333 88 307 
414 578 577 307 108 
415 121 581 580 338 
416 581 87 582 580 
417 580 582 122 295 
418 338 580 295 119 
419 74 584 583 242 
420 584 125 585 583 
421 583 585 124 136 
422 242 583 136 90 
423 125 587 586 585 
424 587 79 588 586 
425 586 588 126 160 
426 585 586 160 124 
427 87 590 589 582 
428 590 129 244 589 
429 589 244 128 205 
430 582 589 205 122 
431 127 162 591 208 
432 162 82 513 591 
433 591 513 133 592 
434 208 591 592 132 
435 90 594 593 246 
436 594 136 595 593 
437 593 595 135 252 
438 246 593 252 130 
439 47 597 596 402 
440 597 148 598 596 
441 596 598 147 421 
442 402 596 421 65 
443 152 600 599 406 
444 600 65 601 599 
445 599 601 153 425 
446 406 599 425 151 
447 79 603 602 588 
448 603 156 459 602 
449 602 459 155 179 
450 588 602 179 126 
451 50 423 604 173 
452 423 150 605 604 
453 604 605 169 606 
454 173 604 606 77 
455 154 427 607 187 
456 427 50 608 607 
457 607 608 173 609 
458 187 607 609 172 
459 179 612 610 611 
460 612 155 506 610 
461 610 506 180 528 
462 611 610 528 178 
463 183 614 613 410 
464 614 151 615 613 
465 613 615 184 429 
466 410 613 429 182 
467 185 431 616 376 
468 431 154 617 616 
469 616 617 187 618 
470 376 616 618 186 
471 191 620 619 414 
472 620 182 621 619 
473 619 621 192 433 
474 414 619 433 189 
475 200 623 622 250 
476 623 130 624 622 
477 622 624 201 256 
478 250 622 256 198 
479 205 627 625 626 
480 627 128 248 625 
481 625 248 199 287 
482 626 625 287 203 
483 204 629 628 303 
484 629 203 286 628 
485 628 286 206 630 
486 303 628 630 91 
487 5 254 631 212 
488 254 138 632 631 
489 631 632 207 633 
490 212 631 633 196 
491 294 635 634 322 
492 635 293 301 634 
493 634 301 296 636 
494 322 634 636 123 
495 307 639 637 638 
496 639 88 336 637 
497 637 336 120 326 
498 638 637 326 305 
499 326 642 640 641 
500 642 120 340 640 
501 640 340 310 353 
502 641 640 353 324 
503 340 645 643 644 
504 645 339 363 643 
505 643 363 330 357 
506 644 643 357 310 
507 193 435 646 442 
508 435 185 647 646 
509 646 647 376 648 
510 442 646 648 374 
511 378 439 649 446 
512 439 381 650 649 
513 649 650 193 651 
514 446 649 651 382 
515 386 467 652 498 
516 467 379 445 652 
517 652 445 66 653 
518 498 652 653 389 
519 411 655 654 475 
520 655 414 656 654 
521 654 656 189 437 
522 475 654 437 380 
523 417 658 657 479 
524 658 380 659 657 
525 657 659 418 450 
526 479 657 450 415 
527 461 662 660 661 
528 662 412 473 660 
529 660 473 190 466 
530 661 660 466 388 
531 462 664 663 541 
532 664 461 661 663 
533 663 661 388 491 
534 541 663 491 371 
535 486 533 665 666 
536 533 485 519 665 
537 665 519 488 667 
538 666 665 667 158 
539 490 669 668 524 
540 669 489 501 668 
541 668 501 492 670 
542 524 668 670 387 
543 506 673 671 672 
544 673 505 539 671 
545 671 539 487 532 
546 672 671 532 180 
547 510 675 674 545 
548 675 371 676 674 
549 674 676 490 523 
550 545 674 523 508 
551 181 529 677 678 
552 529 158 516 677 
553 677 516 384 679 
554 678 677 679 512 
555 122 682 680 681 
556 682 205 626 680 
557 680 626 203 629 
558 681 680 629 204 
559 119 684 683 361 
560 684 295 685 683 
561 683 685 293 635 
562 361 683 635 294 
563 295 687 686 685 
564 687 122 681 686 
565 686 681 204 302 
566 685 686 302 293 
567 371 689 688 676 
568 689 491 690 688 
569 688 690 489 669 
570 676 688 669 490 
571 491 692 691 690 
572 692 388 693 691 
573 691 693 465 502 
574 690 691 502 489 
