2 0.000000 100.000000 473.401889
751 625 
1 -24.543033 0.000000 -24.519622 99.748990 0.000000 6.977498 0.000145 
2 27.668856 0.000000 -24.519622 99.751384 0.000000 6.933865 0.000158 
3 27.668856 0.000000 24.737661 99.767231 0.000000 6.919076 -0.000137 
4 -24.543033 0.000000 24.737661 99.764797 0.000000 6.977111 -0.000169 
5 1.562912 0.000000 0.109019 92.907469 0.000000 -6.064360 0.133143 
6 -24.543033 0.000000 0.109019 99.757208 0.000000 6.986439 -0.000031 
7 1.562912 0.000000 -24.519622 99.734216 0.000000 6.953230 0.000474 
8 27.668856 0.000000 0.109019 99.858880 0.000000 5.493190 -0.000197 
9 1.562912 0.000000 24.737661 99.782129 0.000000 6.949521 -0.000477 
10 -11.490060 0.000000 -12.205302 99.726601 0.000000 6.983008 0.000584 
11 -24.543033 0.000000 -12.205302 99.749473 0.000000 6.982464 0.000129 
12 -11.490060 0.000000 -24.519622 99.740504 0.000000 6.972059 0.000322 
13 1.562912 0.000000 -12.205302 99.669790 0.000000 6.890551 0.001845 
14 -11.490060 0.000000 0.109019 99.759756 0.000000 7.019553 -0.000128 
15 14.615884 0.000000 -12.205302 99.736764 0.000000 6.821859 0.000604 
16 14.615884 0.000000 -24.519622 99.742617 0.000000 6.936414 0.000330 
17 27.668856 0.000000 -12.205302 99.758038 0.000000 6.839096 0.000156 
18 14.615884 0.000000 0.109019 100.430542 0.000000 -2.719140 -0.009369 
19 -11.490060 0.000000 12.423340 99.790342 0.000000 6.981374 -0.000685 
20 -24.543033 0.000000 12.423340 99.764719 0.000000 6.982161 -0.000175 
21 1.562912 0.000000 12.423340 99.857889 0.000000 6.875753 -0.001887 
22 -11.490060 0.000000 24.737661 99.774243 0.000000 6.970868 -0.000349 
23 -4.963574 0.000000 -6.048141 99.637982 0.000000 7.006234 0.002319 
24 -11.490060 0.000000 -6.048141 99.728411 0.000000 7.003248 0.000520 
25 -4.963574 0.000000 -12.205302 99.693831 0.000000 6.961583 0.001268 
26 1.562912 0.000000 -6.048141 99.472773 0.000000 6.706856 0.006019 
27 -4.963574 0.000000 0.109019 99.769192 0.000000 7.150187 -0.000502 
28 14.615884 0.000000 12.423340 99.797148 0.000000 6.770040 -0.000530 
29 27.668856 0.000000 12.423340 99.778711 0.000000 6.741169 -0.000123 
30 14.615884 0.000000 24.737661 99.775158 0.000000 6.927856 -0.000308 
31 8.089398 0.000000 -6.048141 99.683698 0.000000 6.501463 0.002089 
32 8.089398 0.000000 -12.205302 99.704079 0.000000 6.830616 0.001244 
33 14.615884 0.000000 -6.048141 99.756189 0.000000 6.542123 0.000590 
34 8.089398 0.000000 0.109019 99.743294 0.000000 6.151142 0.001344 
35 -4.963574 0.000000 6.266180 99.891429 0.000000 6.999354 -0.002729 
36 -11.490060 0.000000 6.266180 99.790227 0.000000 7.002013 -0.000712 
37 1.562912 0.000000 6.266180 100.082692 0.000000 6.662365 -0.006093 
38 -4.963574 0.000000 12.423340 99.827096 0.000000 6.956560 -0.001384 
39 -1.700331 0.000000 -2.969561 99.359600 0.000000 7.107693 0.007715 
40 -4.963574 0.000000 -2.969561 99.648287 0.000000 7.085136 0.002002 
41 -1.700331 0.000000 -6.048141 99.529127 0.000000 6.927758 0.004596 
42 1.562912 0.000000 -2.969561 98.972848 0.000000 6.366868 0.016384 
43 -1.700331 0.000000 0.109019 99.773273 0.000000 7.572247 -0.001204 
44 8.089398 0.000000 6.266180 99.889604 0.000000 6.381085 -0.001865 
45 14.615884 0.000000 6.266180 99.825149 0.000000 6.325260 -0.000507 
46 8.089398 0.000000 12.423340 99.828077 0.000000 6.798846 -0.001187 
47 4.826155 0.000000 -2.969561 99.504950 0.000000 5.928872 0.006361 
48 4.826155 0.000000 -6.048141 99.579802 0.000000 6.533157 0.004118 
49 8.089398 0.000000 -2.969561 99.719287 0.000000 5.978699 0.002032 
50 4.826155 0.000000 0.109019 100.153977 0.000000 2.912945 -0.003930 
51 -1.700331 0.000000 3.187599 100.210938 0.000000 7.085211 -0.009243 
52 -4.963574 0.000000 3.187599 99.887520 0.000000 7.080753 -0.002765 
53 1.562912 0.000000 3.187599 100.620867 0.000000 6.286859 -0.016408 
54 -1.700331 0.000000 6.266180 100.013339 0.000000 6.909234 -0.005041 
55 -0.068710 0.000000 -1.430271 98.577085 0.000000 7.686021 0.022348 
56 -1.700331 0.000000 -1.430271 99.415390 0.000000 7.395045 0.006189 
57 -0.068710 0.000000 -2.969561 99.049242 0.000000 6.898381 0.014166 
58 1.562912 0.000000 -1.430271 98.172927 0.000000 6.027665 0.032574 
59 -0.068710 0.000000 0.109019 86.681765 0.000000 12.559929 0.232852 
60 4.826155 0.000000 3.187599 100.102196 0.000000 5.823676 -0.005436 
61 8.089398 0.000000 3.187599 99.915115 0.000000 5.822548 -0.001693 
62 4.826155 0.000000 6.266180 99.985451 0.000000 6.454755 -0.003875 
63 3.194533 0.000000 -1.430271 99.086018 0.000000 5.501962 0.015169 
64 3.194533 0.000000 -2.969561 99.254570 0.000000 6.014397 0.011236 
65 4.826155 0.000000 -1.430271 99.497133 0.000000 5.418420 0.007096 
66 3.194533 0.000000 0.109019 100.171741 0.000000 -0.000000 -0.003438 
67 -0.068710 0.000000 1.648309 101.084862 0.000000 7.524126 -0.027476 
68 -1.700331 0.000000 1.648309 100.176346 0.000000 7.388920 -0.008990 
69 1.562912 0.000000 1.648309 101.428802 0.000000 5.885217 -0.032244 
70 -0.068710 0.000000 3.187599 100.540742 0.000000 6.843106 -0.015527 
71 0.747101 0.000000 -0.660626 90.887182 0.000000 0.211315 0.173948 
72 -0.068710 0.000000 -0.660626 99.209554 0.000000 9.513266 0.006696 
73 0.747101 0.000000 -1.430271 97.886146 0.000000 6.992813 0.036940 
74 1.562912 0.000000 -0.660626 95.505582 0.000000 -11.488470 0.074670 
75 0.747101 0.000000 0.109019 87.184527 0.000000 0.566663 0.239854 
76 -18.016546 0.000000 -6.048141 99.747064 0.000000 6.991354 0.000164 
77 -24.543033 0.000000 -6.048141 99.752418 0.000000 6.985261 0.000066 
78 -18.016546 0.000000 -12.205302 99.742649 0.000000 6.984301 0.000262 
79 -18.016546 0.000000 0.109019 99.757861 0.000000 6.994989 -0.000056 
80 -8.226817 0.000000 -2.969561 99.717028 0.000000 7.044521 0.000689 
81 -11.490060 0.000000 -2.969561 99.740294 0.000000 7.014673 0.000267 
82 -8.226817 0.000000 -6.048141 99.700400 0.000000 7.011537 0.001067 
83 -8.226817 0.000000 0.109019 99.762491 0.000000 7.059269 -0.000239 
84 -3.331953 0.000000 -1.430271 99.620942 0.000000 7.220928 0.002353 
85 -4.963574 0.000000 -1.430271 99.694232 0.000000 7.130880 0.001021 
86 -3.331953 0.000000 -2.969561 99.554277 0.000000 7.112586 0.003836 
87 -3.331953 0.000000 0.109019 99.776560 0.000000 7.279651 -0.000836 
88 -0.884520 0.000000 -0.660626 99.527661 0.000000 7.854872 0.003255 
89 -1.700331 0.000000 -0.660626 99.579663 0.000000 7.514169 0.002743 
90 -0.884520 0.000000 -1.430271 99.175709 0.000000 7.557877 0.010706 
91 -0.884520 0.000000 0.109019 99.627068 0.000000 7.835787 0.001305 
92 3.194533 0.000000 1.648309 100.467366 0.000000 5.417224 -0.012304 
93 4.826155 0.000000 1.648309 100.011317 0.000000 5.648831 -0.003417 
94 3.194533 0.000000 3.187599 100.344022 0.000000 5.917826 -0.010394 
95 0.747101 0.000000 0.878664 85.878823 0.000000 6.391972 0.258397 
96 -0.068710 0.000000 0.878664 101.000634 0.000000 9.052937 -0.028308 
97 1.562912 0.000000 0.878664 102.014923 0.000000 5.075029 -0.043280 
98 0.747101 0.000000 1.648309 101.705392 0.000000 6.812673 -0.039040 
99 0.339196 0.000000 -0.275803 88.832559 0.000000 5.691601 0.207638 
100 -0.068710 0.000000 -0.275803 87.290766 0.000000 14.521319 0.216945 
101 0.339196 0.000000 -0.660626 86.666818 0.000000 12.515578 0.233222 
102 0.747101 0.000000 -0.275803 90.699472 0.000000 0.663869 0.177317 
103 0.339196 0.000000 0.109019 94.885511 0.000000 2.511758 0.099043 
104 2.378723 0.000000 -0.660626 98.781035 0.000000 6.522263 0.019977 
105 2.378723 0.000000 -1.430271 98.734991 0.000000 5.642532 0.021956 
106 3.194533 0.000000 -0.660626 98.926508 0.000000 6.273949 0.017418 
107 2.378723 0.000000 0.109019 100.389838 0.000000 5.197639 -0.010514 
108 1.155006 0.000000 -0.275803 91.501603 0.000000 -1.397362 0.162550 
109 1.155006 0.000000 -0.660626 91.308263 0.000000 -0.886099 0.166202 
110 1.562912 0.000000 -0.275803 93.852331 0.000000 -7.875416 0.112972 
111 1.155006 0.000000 0.109019 91.606381 0.000000 -1.676455 0.160546 
112 -18.016546 0.000000 6.266180 99.768467 0.000000 6.990954 -0.000262 
113 -24.543033 0.000000 6.266180 99.761935 0.000000 6.985088 -0.000124 
114 -18.016546 0.000000 12.423340 99.772428 0.000000 6.983660 -0.000331 
115 -8.226817 0.000000 3.187599 99.807080 0.000000 7.042394 -0.001105 
116 -11.490060 0.000000 3.187599 99.778980 0.000000 7.013982 -0.000504 
117 -8.226817 0.000000 6.266180 99.822030 0.000000 7.008974 -0.001356 
118 -3.331953 0.000000 1.648309 99.932075 0.000000 7.216939 -0.003850 
119 -4.963574 0.000000 1.648309 99.843520 0.000000 7.128659 -0.001955 
120 -3.331953 0.000000 3.187599 99.994021 0.000000 7.103561 -0.004926 
121 -0.884520 0.000000 0.878664 100.127740 0.000000 7.963320 -0.008898 
122 -1.700331 0.000000 0.878664 99.997211 0.000000 7.531654 -0.005617 
123 -0.884520 0.000000 1.648309 100.449245 0.000000 7.517806 -0.014657 
124 0.339196 0.000000 0.493842 87.838681 0.000000 7.595429 0.222668 
125 -0.068710 0.000000 0.493842 99.888302 0.000000 10.495374 -0.008783 
126 0.747101 0.000000 0.493842 90.776185 0.000000 0.434523 0.175950 
127 0.339196 0.000000 0.878664 102.489743 0.000000 8.921636 -0.058374 
128 0.543148 0.000000 -0.083392 94.156908 0.000000 0.852137 0.113375 
129 0.339196 0.000000 -0.083392 95.217632 0.000000 2.374782 0.092796 
130 0.543148 0.000000 -0.275803 90.458103 0.000000 1.346057 0.181552 
131 0.747101 0.000000 -0.083392 86.114915 0.000000 0.480025 0.258399 
132 0.543148 0.000000 0.109019 93.938853 0.000000 0.908705 0.117467 
133 -0.476615 0.000000 -0.275803 100.286472 0.000000 7.703457 -0.011672 
134 -0.884520 0.000000 -0.275803 99.671555 0.000000 7.800832 0.000473 
135 -0.476615 0.000000 -0.660626 99.641346 0.000000 8.302469 0.000267 
136 -0.476615 0.000000 0.109019 99.081102 0.000000 7.334564 0.012914 
137 0.135243 0.000000 -0.083392 92.956020 0.000000 5.661032 0.132713 
138 -0.068710 0.000000 -0.083392 86.683014 0.000000 12.563334 0.232822 
139 0.135243 0.000000 -0.275803 86.696096 0.000000 10.145838 0.238085 
140 0.135243 0.000000 0.109019 87.178832 0.000000 8.970426 0.231938 
141 2.378723 0.000000 0.878664 100.797686 0.000000 5.579787 -0.019131 
142 3.194533 0.000000 0.878664 100.343073 0.000000 5.880633 -0.010331 
143 2.378723 0.000000 1.648309 100.877207 0.000000 5.476894 -0.020621 
144 1.155006 0.000000 0.493842 91.404281 0.000000 -1.166205 0.164390 
145 1.562912 0.000000 0.493842 94.466065 0.000000 -8.663518 0.100111 
146 1.155006 0.000000 0.878664 95.380564 0.000000 -8.499072 0.083031 
147 0.543148 0.000000 0.301430 90.422324 0.000000 1.397556 0.182185 
148 0.339196 0.000000 0.301430 88.821121 0.000000 5.681755 0.207853 
149 0.747101 0.000000 0.301430 90.668649 0.000000 0.694929 0.177871 
150 0.543148 0.000000 0.493842 90.567776 0.000000 1.011892 0.179645 
151 0.441172 0.000000 0.012814 98.642109 0.000000 0.315825 0.026963 
152 0.339196 0.000000 0.012814 99.168030 0.000000 0.734219 0.016516 
153 0.441172 0.000000 -0.083392 95.471175 0.000000 0.881456 0.088448 
154 0.543148 0.000000 0.012814 96.262823 0.000000 0.397952 0.073331 
155 0.441172 0.000000 0.109019 95.202172 0.000000 0.939776 0.093566 
156 0.951054 0.000000 -0.083392 86.425708 0.000000 -0.254573 0.253053 
157 0.951054 0.000000 -0.275803 91.102887 0.000000 -0.393586 0.170011 
158 1.155006 0.000000 -0.083392 91.597744 0.000000 -1.648637 0.160714 
159 0.951054 0.000000 0.109019 88.017940 0.000000 -0.300769 0.225275 
160 0.645125 0.000000 0.012814 90.593710 0.000000 0.367584 0.179264 
161 0.645125 0.000000 -0.083392 89.832577 0.000000 0.666204 0.192966 
162 0.747101 0.000000 0.012814 84.595922 0.000000 5.936570 0.280829 
163 0.645125 0.000000 0.109019 90.380877 0.000000 0.848862 0.183058 
164 -4.963574 0.000000 -18.362462 99.722511 0.000000 6.960932 0.000697 
165 -11.490060 0.000000 -18.362462 99.734055 0.000000 6.974513 0.000447 
166 -4.963574 0.000000 -24.519622 99.735830 0.000000 6.964278 0.000426 
167 1.562912 0.000000 -18.362462 99.717536 0.000000 6.936386 0.000830 
168 -1.700331 0.000000 -9.126721 99.621595 0.000000 6.921249 0.002763 
169 -4.963574 0.000000 -9.126721 99.667188 0.000000 6.972028 0.001784 
170 -1.700331 0.000000 -12.205302 99.676874 0.000000 6.931822 0.001647 
171 1.562912 0.000000 -9.126721 99.610571 0.000000 6.832783 0.003105 
172 -0.068710 0.000000 -4.508851 99.331043 0.000000 6.816122 0.008688 
173 -1.700331 0.000000 -4.508851 99.446782 0.000000 6.971100 0.006174 
174 -0.068710 0.000000 -6.048141 99.479163 0.000000 6.831102 0.005723 
175 1.562912 0.000000 -4.508851 99.311158 0.000000 6.580282 0.009399 
176 0.747101 0.000000 -2.199916 98.602853 0.000000 6.704244 0.023253 
177 -0.068710 0.000000 -2.199916 98.832734 0.000000 7.096743 0.018173 
178 0.747101 0.000000 -2.969561 98.947964 0.000000 6.649170 0.016509 
179 1.562912 0.000000 -2.199916 98.655236 0.000000 6.201720 0.022868 
180 0.339196 0.000000 -1.045448 97.768181 0.000000 8.149328 0.037497 
181 -0.068710 0.000000 -1.045448 98.622638 0.000000 8.321534 0.020433 
182 0.339196 0.000000 -1.430271 98.162983 0.000000 7.469202 0.030824 
183 0.747101 0.000000 -1.045448 97.184545 0.000000 7.337334 0.050133 
184 0.543148 0.000000 -0.468215 90.356806 0.000000 1.688745 0.183280 
185 0.339196 0.000000 -0.468215 87.841866 0.000000 7.642457 0.222540 
186 0.543148 0.000000 -0.660626 87.905854 0.000000 7.389810 0.221795 
187 0.747101 0.000000 -0.468215 90.805933 0.000000 0.409739 0.175411 
188 0.645125 0.000000 -0.179598 90.770436 0.000000 1.048697 0.175963 
189 0.543148 0.000000 -0.179598 91.820606 0.000000 1.284061 0.156733 
190 0.645125 0.000000 -0.275803 90.554044 0.000000 1.067451 0.179883 
191 0.747101 0.000000 -0.179598 89.005553 0.000000 0.676626 0.207755 
192 0.594137 0.000000 -0.035289 94.249603 0.000000 0.516946 0.111675 
193 0.543148 0.000000 -0.035289 95.682547 0.000000 0.460310 0.084464 
194 0.594137 0.000000 -0.083392 91.770484 0.000000 0.799294 0.157754 
195 0.645125 0.000000 -0.035289 90.605464 0.000000 0.403069 0.179049 
196 0.594137 0.000000 0.012814 96.205901 0.000000 0.313756 0.074433 
197 0.951054 0.000000 0.301430 91.095266 0.000000 -0.410609 0.170148 
198 1.155006 0.000000 0.301430 91.517356 0.000000 -1.455119 0.162246 
199 0.951054 0.000000 0.493842 91.091271 0.000000 -0.383100 0.170223 
200 0.849077 0.000000 0.012814 83.396182 0.000000 0.604360 0.304471 
201 0.849077 0.000000 -0.083392 85.560462 0.000000 0.162349 0.267938 
202 0.951054 0.000000 0.012814 87.088942 0.000000 -1.105429 0.241429 
203 0.849077 0.000000 0.109019 85.931796 0.000000 0.173104 0.261570 
204 1.970817 0.000000 -0.275803 95.465366 0.000000 -12.410953 0.073233 
205 1.970817 0.000000 -0.660626 98.516225 0.000000 6.241566 0.025560 
206 2.378723 0.000000 -0.275803 99.138432 0.000000 5.957447 0.013608 
207 1.970817 0.000000 0.109019 95.488396 0.000000 -12.006057 0.073782 
208 1.358959 0.000000 -0.083392 93.445018 0.000000 -1.588752 0.126550 
209 1.358959 0.000000 -0.275803 91.734804 0.000000 -1.981446 0.158080 
210 1.562912 0.000000 -0.083392 93.475737 0.000000 -3.934702 0.124680 
211 1.358959 0.000000 0.109019 91.864365 0.000000 -2.314662 0.155558 
212 1.053030 0.000000 0.012814 90.117043 0.000000 -3.075639 0.186946 
213 1.053030 0.000000 -0.083392 88.486120 0.000000 -0.702171 0.216971 
214 1.155006 0.000000 0.012814 91.901090 0.000000 -5.012250 0.152907 
215 1.053030 0.000000 0.109019 91.374854 0.000000 -1.108440 0.164941 
216 1.155006 0.000000 -1.045448 97.302878 0.000000 6.449336 0.049056 
217 1.155006 0.000000 -1.430271 97.902852 0.000000 6.428237 0.037371 
218 1.562912 0.000000 -1.045448 97.846349 0.000000 5.891313 0.039138 
219 0.951054 0.000000 -0.468215 91.100644 0.000000 -0.365131 0.170054 
220 0.951054 0.000000 -0.660626 91.098432 0.000000 -0.344967 0.170096 
221 1.155006 0.000000 -0.468215 91.392751 0.000000 -1.110837 0.164613 
222 1.053030 0.000000 -0.179598 91.346981 0.000000 -1.019726 0.165469 
223 0.951054 0.000000 -0.179598 91.103558 0.000000 -0.409122 0.169997 
224 1.053030 0.000000 -0.275803 91.315890 0.000000 -0.932182 0.166054 
225 1.155006 0.000000 -0.179598 91.555759 0.000000 -1.538865 0.161517 
226 1.002042 0.000000 -0.035289 87.032674 0.000000 -0.805386 0.242467 
227 0.951054 0.000000 -0.035289 85.927259 0.000000 -0.662795 0.261607 
228 1.002042 0.000000 -0.083392 88.080770 0.000000 -0.527945 0.224150 
229 1.053030 0.000000 -0.035289 87.427687 0.000000 -1.163859 0.235504 
230 1.002042 0.000000 0.012814 87.732381 0.000000 -1.486258 0.230082 
231 1.970817 0.000000 0.493842 101.103650 0.000000 2.599017 -0.022870 
232 2.378723 0.000000 0.493842 100.713603 0.000000 1.703093 -0.014613 
233 1.970817 0.000000 0.878664 101.200072 0.000000 5.301696 -0.026956 
234 1.766865 0.000000 -0.083392 93.396345 0.000000 -3.317544 0.126612 
235 1.766865 0.000000 -0.275803 95.413842 0.000000 -10.268815 0.079075 
236 1.970817 0.000000 -0.083392 96.071152 0.000000 -4.044706 0.075397 
237 1.766865 0.000000 0.109019 95.085991 0.000000 -9.580346 0.086687 
238 21.142370 0.000000 -6.048141 99.772046 0.000000 6.590066 0.000211 
239 21.142370 0.000000 -12.205302 99.751863 0.000000 6.829560 0.000292 
240 27.668856 0.000000 -6.048141 99.775324 0.000000 6.626837 0.000097 
241 21.142370 0.000000 0.109019 99.883344 0.000000 5.130634 -0.000301 
242 11.352641 0.000000 -2.969561 99.778292 0.000000 6.056082 0.000762 
243 11.352641 0.000000 -6.048141 99.733434 0.000000 6.515452 0.001079 
244 14.615884 0.000000 -2.969561 99.795473 0.000000 6.124013 0.000336 
245 11.352641 0.000000 0.109019 100.079217 0.000000 2.245687 -0.002089 
246 6.457776 0.000000 -1.430271 99.688620 0.000000 5.440685 0.003258 
247 6.457776 0.000000 -2.969561 99.645724 0.000000 5.941888 0.003542 
248 8.089398 0.000000 -1.430271 99.765921 0.000000 5.474879 0.001679 
249 6.457776 0.000000 0.109019 99.816708 0.000000 3.280713 0.002586 
250 4.010344 0.000000 -0.660626 99.254016 0.000000 6.016844 0.011244 
251 4.010344 0.000000 -1.430271 99.335272 0.000000 5.445012 0.010286 
252 4.826155 0.000000 -0.660626 99.281511 0.000000 5.343602 0.011463 
253 4.010344 0.000000 0.109019 100.216588 0.000000 3.300173 -0.005426 
254 2.786628 0.000000 -0.275803 97.826485 0.000000 3.854184 0.041512 
255 2.786628 0.000000 -0.660626 98.784184 0.000000 6.539977 0.019891 
256 3.194533 0.000000 -0.275803 97.630984 0.000000 -4.147362 0.045099 
257 2.786628 0.000000 0.109019 100.236939 0.000000 -0.000000 -0.004744 
258 2.174770 0.000000 -0.083392 97.895726 0.000000 0.000000 0.041643 
259 2.174770 0.000000 -0.275803 99.220469 0.000000 6.022639 0.011903 
260 2.378723 0.000000 -0.083392 98.907369 0.000000 0.000000 0.021733 
261 2.174770 0.000000 0.109019 100.200473 0.000000 3.758415 -0.005426 
262 1.766865 0.000000 0.301430 95.413600 0.000000 -10.260363 0.079097 
263 1.562912 0.000000 0.301430 93.317914 0.000000 -6.901551 0.124414 
264 1.970817 0.000000 0.301430 95.465422 0.000000 -12.410215 0.073234 
265 1.766865 0.000000 0.493842 95.497627 0.000000 -10.902812 0.076133 
266 1.868841 0.000000 0.012814 94.204315 0.000000 -0.396525 0.112539 
267 1.766865 0.000000 0.012814 90.879079 0.000000 -0.486904 0.174076 
268 1.868841 0.000000 -0.083392 95.497123 0.000000 -10.933840 0.076075 
269 1.970817 0.000000 0.012814 96.459677 0.000000 -0.296860 0.069544 
270 1.868841 0.000000 0.109019 95.497162 0.000000 -10.931986 0.076078 
271 8.089398 0.000000 -18.362462 99.725831 0.000000 6.913902 0.000696 
272 8.089398 0.000000 -24.519622 99.737189 0.000000 6.942805 0.000429 
273 14.615884 0.000000 -18.362462 99.738455 0.000000 6.904099 0.000457 
274 4.826155 0.000000 -9.126721 99.641932 0.000000 6.757226 0.002583 
275 4.826155 0.000000 -12.205302 99.683245 0.000000 6.853061 0.001629 
276 8.089398 0.000000 -9.126721 99.687562 0.000000 6.722851 0.001719 
277 3.194533 0.000000 -4.508851 99.410951 0.000000 6.389742 0.007663 
278 3.194533 0.000000 -6.048141 99.515478 0.000000 6.598727 0.005313 
279 4.826155 0.000000 -4.508851 99.536850 0.000000 6.303140 0.005269 
280 2.378723 0.000000 -2.199916 98.913121 0.000000 5.887247 0.018153 
281 2.378723 0.000000 -2.969561 99.099271 0.000000 6.145969 0.014156 
282 3.194533 0.000000 -2.199916 99.167763 0.000000 5.743065 0.013277 
283 1.970817 0.000000 -1.045448 98.381649 0.000000 5.768304 0.028778 
284 1.970817 0.000000 -1.430271 98.462080 0.000000 5.757403 0.027207 
285 2.378723 0.000000 -1.045448 98.675509 0.000000 5.696830 0.023069 
286 1.766865 0.000000 -0.468215 95.504930 0.000000 -11.502908 0.074649 
287 1.562912 0.000000 -0.468215 95.068364 0.000000 -9.499797 0.087176 
288 1.766865 0.000000 -0.660626 98.176705 0.000000 6.015416 0.032515 
289 1.970817 0.000000 -0.468215 98.757830 0.000000 6.675927 0.020232 
290 1.868841 0.000000 -0.179598 95.497163 0.000000 -10.930880 0.076081 
291 1.766865 0.000000 -0.179598 95.414395 0.000000 -10.279381 0.079043 
292 1.868841 0.000000 -0.275803 95.504593 0.000000 -11.510351 0.074638 
293 1.970817 0.000000 -0.179598 95.488395 0.000000 -12.006064 0.073782 
294 21.142370 0.000000 6.266180 99.812876 0.000000 6.272578 -0.000196 
295 27.668856 0.000000 6.266180 99.813272 0.000000 6.205382 -0.000120 
296 21.142370 0.000000 12.423340 99.783689 0.000000 6.755306 -0.000242 
297 11.352641 0.000000 3.187599 99.865163 0.000000 5.821493 -0.000694 
298 14.615884 0.000000 3.187599 99.848905 0.000000 5.821061 -0.000369 
299 11.352641 0.000000 6.266180 99.845135 0.000000 6.347474 -0.000934 
300 6.457776 0.000000 1.648309 99.905715 0.000000 5.993847 -0.001708 
301 8.089398 0.000000 1.648309 99.853005 0.000000 6.225742 -0.000938 
302 6.457776 0.000000 3.187599 99.977702 0.000000 5.818498 -0.002940 
303 4.010344 0.000000 0.878664 99.843751 0.000000 6.461715 -0.001053 
304 4.826155 0.000000 0.878664 99.526534 0.000000 7.328550 0.004076 
305 4.010344 0.000000 1.648309 100.185087 0.000000 5.491988 -0.006721 
306 2.786628 0.000000 0.493842 100.954574 0.000000 -0.607260 -0.019219 
307 3.194533 0.000000 0.493842 101.093568 0.000000 2.629646 -0.022682 
308 2.786628 0.000000 0.878664 100.580352 0.000000 5.791497 -0.014995 
309 2.174770 0.000000 0.301430 100.888046 0.000000 4.149588 -0.019562 
310 2.378723 0.000000 0.301430 100.885599 0.000000 4.015149 -0.019403 
311 2.174770 0.000000 0.493842 100.809595 0.000000 2.348976 -0.016809 
312 2.072794 0.000000 0.012814 97.407895 0.000000 -0.124450 0.051169 
313 2.072794 0.000000 -0.083392 97.175200 0.000000 -0.587848 0.055663 
314 2.174770 0.000000 0.012814 98.205349 0.000000 0.000000 0.035571 
315 2.072794 0.000000 0.109019 95.411900 0.000000 -13.087735 0.072528 
316 1.919829 0.000000 -0.035289 95.978283 0.000000 -0.736303 0.078763 
317 1.868841 0.000000 -0.035289 94.142574 0.000000 -0.600404 0.113682 
318 1.919829 0.000000 -0.083392 95.482452 0.000000 -1.900684 0.087949 
319 1.970817 0.000000 -0.035289 96.664629 0.000000 -0.447717 0.065575 
320 1.919829 0.000000 0.012814 95.827273 0.000000 -0.417429 0.081696 
321 2.582675 0.000000 -0.083392 99.412629 0.000000 0.000000 0.011713 
322 2.582675 0.000000 -0.275803 98.766126 0.000000 5.426943 0.021580 
323 2.786628 0.000000 -0.083392 100.019466 0.000000 -0.000000 -0.000389 
324 2.582675 0.000000 0.109019 100.720478 0.000000 6.330674 -0.018469 
325 2.276746 0.000000 0.012814 98.594097 0.000000 0.000000 0.027920 
326 2.276746 0.000000 -0.083392 98.396167 0.000000 0.000000 0.031819 
327 2.378723 0.000000 0.012814 98.913045 0.000000 0.000000 0.021621 
328 2.276746 0.000000 0.109019 100.291744 0.000000 4.562729 -0.007925 
329 2.582675 0.000000 0.301430 101.109273 0.000000 3.612252 -0.023613 
330 2.786628 0.000000 0.301430 101.684675 0.000000 2.818555 -0.034772 
331 2.582675 0.000000 0.493842 100.826622 0.000000 0.486711 -0.016624 
332 2.480699 0.000000 0.012814 99.180497 0.000000 0.000000 0.016323 
333 2.480699 0.000000 -0.083392 99.181293 0.000000 0.000000 0.016307 
334 2.582675 0.000000 0.012814 99.443416 0.000000 0.000000 0.011101 
335 2.480699 0.000000 0.109019 100.479718 0.000000 5.789149 -0.012969 
336 3.602439 0.000000 -0.275803 96.410187 0.000000 -19.161545 0.033791 
337 3.602439 0.000000 -0.660626 99.150737 0.000000 6.132683 0.013152 
338 4.010344 0.000000 -0.275803 95.962426 0.000000 -30.007150 -0.010922 
339 3.602439 0.000000 0.109019 100.313932 0.000000 3.250359 -0.007345 
340 2.990581 0.000000 -0.083392 100.223826 0.000000 0.000000 -0.004482 
341 2.990581 0.000000 -0.275803 97.345705 0.000000 0.275539 0.052374 
342 3.194533 0.000000 -0.083392 100.160752 0.000000 -0.000000 -0.003218 
343 2.990581 0.000000 0.109019 100.217183 0.000000 0.000000 -0.004348 
344 2.684652 0.000000 0.012814 99.677347 0.000000 0.000000 0.006443 
345 2.684652 0.000000 -0.083392 99.615513 0.000000 0.000000 0.007675 
346 2.786628 0.000000 0.012814 99.945148 0.000000 -0.000000 0.001097 
347 2.684652 0.000000 0.109019 101.303428 0.000000 6.826500 -0.030899 
348 1.358959 0.000000 0.301430 91.757477 0.000000 -2.047401 0.157637 
349 1.358959 0.000000 0.493842 91.609392 0.000000 -1.674108 0.160492 
350 1.256983 0.000000 0.012814 95.091410 0.000000 -0.417965 0.095745 
351 1.256983 0.000000 -0.083392 92.864617 0.000000 -1.443332 0.137408 
352 1.358959 0.000000 0.012814 96.469972 0.000000 -0.338395 0.069343 
353 1.256983 0.000000 0.109019 91.770548 0.000000 -2.081258 0.157383 
354 1.358959 0.000000 -0.468215 91.947568 0.000000 -3.558867 0.153298 
355 1.358959 0.000000 -0.660626 95.045645 0.000000 -9.398994 0.087798 
356 1.256983 0.000000 -0.179598 91.709078 0.000000 -1.920630 0.158576 
357 1.256983 0.000000 -0.275803 91.642845 0.000000 -1.750744 0.159852 
358 1.358959 0.000000 -0.179598 91.802705 0.000000 -2.155025 0.156762 
359 1.205995 0.000000 -0.035289 92.479007 0.000000 -0.529234 0.144735 
360 1.155006 0.000000 -0.035289 89.710353 0.000000 -0.677109 0.195159 
361 1.205995 0.000000 -0.083392 91.687464 0.000000 -1.870786 0.158991 
362 1.256983 0.000000 -0.035289 94.929131 0.000000 -0.546361 0.098816 
363 1.205995 0.000000 0.012814 93.916339 0.000000 -5.839635 0.114562 
364 1.460935 0.000000 0.012814 96.289162 0.000000 -0.252513 0.072833 
365 1.460935 0.000000 -0.083392 91.891145 0.000000 -2.379474 0.155036 
366 1.562912 0.000000 0.012814 95.381059 0.000000 -0.253267 0.090239 
367 1.460935 0.000000 0.109019 91.900820 0.000000 -2.405841 0.154845 
368 1.307971 0.000000 -0.035289 95.495144 0.000000 -0.573061 0.088035 
369 1.307971 0.000000 -0.083392 93.376369 0.000000 -1.538294 0.127849 
370 1.358959 0.000000 -0.035289 95.863330 0.000000 -0.578284 0.080989 
371 1.307971 0.000000 0.012814 96.018155 0.000000 -0.362875 0.078038 
372 1.256983 0.000000 0.205225 91.727478 0.000000 -1.974714 0.158217 
373 1.155006 0.000000 0.205225 91.569952 0.000000 -1.586852 0.161243 
374 1.358959 0.000000 0.205225 91.821599 0.000000 -2.208030 0.156392 
375 1.256983 0.000000 0.301430 91.664165 0.000000 -1.816697 0.159438 
376 1.205995 0.000000 0.060916 92.539642 0.000000 -0.827736 0.143573 
377 1.155006 0.000000 0.060916 90.056965 0.000000 -0.865638 0.188899 
378 1.256983 0.000000 0.060916 93.684044 0.000000 -1.035690 0.122223 
379 1.205995 0.000000 0.109019 91.697554 0.000000 -1.900837 0.158795 
380 1.231489 0.000000 -0.011238 94.264379 0.000000 -4.046542 0.109785 
381 1.205995 0.000000 -0.011238 93.522968 0.000000 -4.385314 0.123422 
382 1.231489 0.000000 -0.035289 93.574069 0.000000 -0.583865 0.124355 
383 1.256983 0.000000 -0.011238 95.283589 0.000000 -0.343726 0.092092 
384 1.231489 0.000000 0.012814 94.767414 0.000000 -6.506288 0.097681 
385 1.307971 0.000000 0.060916 95.094703 0.000000 -0.926807 0.095614 
386 1.358959 0.000000 0.060916 94.620266 0.000000 -1.130682 0.104573 
387 1.307971 0.000000 0.109019 91.825694 0.000000 -2.218211 0.156312 
388 1.282477 0.000000 -0.011238 95.641074 0.000000 -0.349898 0.085266 
389 1.282477 0.000000 -0.035289 95.319364 0.000000 -0.525968 0.091394 
390 1.307971 0.000000 -0.011238 96.027911 0.000000 -0.356986 0.077851 
391 1.282477 0.000000 0.012814 95.631921 0.000000 -0.356368 0.085441 
392 1.231489 0.000000 0.036865 93.547481 0.000000 -0.602832 0.124851 
393 1.205995 0.000000 0.036865 92.474387 0.000000 -0.543491 0.144819 
394 1.256983 0.000000 0.036865 94.912773 0.000000 -0.563329 0.099125 
395 1.231489 0.000000 0.060916 93.654713 0.000000 -1.000389 0.122779 
396 1.244236 0.000000 0.000788 95.412454 0.000000 -12.314102 0.074483 
397 1.231489 0.000000 0.000788 95.051355 0.000000 -9.244741 0.087977 
398 1.244236 0.000000 -0.011238 94.996950 0.000000 -0.354176 0.097545 
399 1.256983 0.000000 0.000788 95.312604 0.000000 -0.309162 0.091541 
400 1.244236 0.000000 0.012814 94.959709 0.000000 -0.381710 0.098251 
401 1.104018 0.000000 -0.035289 88.409641 0.000000 -1.384948 0.218182 
402 1.104018 0.000000 -0.083392 91.491506 0.000000 -1.386192 0.162738 
403 1.104018 0.000000 0.012814 91.653200 0.000000 -4.489410 0.157954 
404 1.180501 0.000000 -0.011238 92.635722 0.000000 -3.715527 0.140482 
405 1.155006 0.000000 -0.011238 89.795843 0.000000 -2.123391 0.193220 
406 1.180501 0.000000 -0.035289 91.360874 0.000000 -0.560331 0.165288 
407 1.180501 0.000000 0.012814 93.781907 0.000000 -6.505151 0.116264 
408 1.053030 0.000000 0.205225 91.352723 0.000000 -1.053623 0.165357 
409 0.951054 0.000000 0.205225 91.097857 0.000000 -0.422839 0.170100 
410 1.053030 0.000000 0.301430 91.321506 0.000000 -0.972897 0.165944 
411 1.104018 0.000000 0.060916 91.182402 0.000000 -3.243684 0.167525 
412 1.053030 0.000000 0.060916 89.400369 0.000000 -1.969239 0.200370 
413 1.104018 0.000000 0.109019 91.498009 0.000000 -1.410527 0.162612 
414 0.849077 0.000000 0.205225 90.841190 0.000000 0.228873 0.174783 
415 0.747101 0.000000 0.205225 90.619716 0.000000 0.816575 0.178740 
416 0.849077 0.000000 0.301430 90.867696 0.000000 0.168486 0.174303 
417 0.900066 0.000000 0.060916 86.164098 0.000000 -0.457393 0.257554 
418 0.849077 0.000000 0.060916 84.003436 0.000000 0.531505 0.294314 
419 0.900066 0.000000 0.012814 85.094125 0.000000 -0.340902 0.275887 
420 0.951054 0.000000 0.060916 87.280269 0.000000 -1.025226 0.238110 
421 0.900066 0.000000 0.109019 86.403537 0.000000 -0.047418 0.253443 
422 0.798089 0.000000 0.060916 82.605768 0.000000 1.350508 0.317446 
423 0.747101 0.000000 0.060916 83.035902 0.000000 0.382758 0.310489 
424 0.798089 0.000000 0.012814 82.780060 0.000000 2.632209 0.314053 
425 0.798089 0.000000 0.109019 85.728326 0.000000 0.377873 0.265051 
426 0.696113 0.000000 -0.035289 85.329851 0.000000 0.357090 0.271869 
427 0.696113 0.000000 -0.083392 88.341087 0.000000 0.615336 0.219547 
428 0.747101 0.000000 -0.035289 82.207884 0.000000 0.280238 0.324179 
429 0.696113 0.000000 0.012814 85.023361 0.000000 6.337033 0.273087 
430 0.849077 0.000000 -0.179598 90.858405 0.000000 0.220487 0.174470 
431 0.849077 0.000000 -0.275803 90.888561 0.000000 0.159759 0.173924 
432 0.798089 0.000000 -0.035289 81.179039 0.000000 0.194668 0.340993 
433 0.798089 0.000000 -0.083392 85.955824 0.000000 0.323622 0.261149 
434 0.849077 0.000000 -0.035289 82.700030 0.000000 0.323228 0.316060 
435 0.645125 0.000000 0.205225 90.457707 0.000000 1.272614 0.181578 
436 0.543148 0.000000 0.205225 90.360205 0.000000 1.567984 0.183257 
437 0.645125 0.000000 0.301430 90.518351 0.000000 1.113184 0.180519 
438 0.696113 0.000000 0.060916 87.704659 0.000000 0.488592 0.230765 
439 0.645125 0.000000 0.060916 90.538627 0.000000 0.464709 0.180254 
440 0.696113 0.000000 0.109019 88.487285 0.000000 0.657128 0.216957 
441 0.721607 0.000000 -0.011238 84.067141 0.000000 3.858567 0.291783 
442 0.696113 0.000000 -0.011238 84.846773 0.000000 2.830087 0.279302 
443 0.721607 0.000000 -0.035289 84.070236 0.000000 0.312240 0.293210 
444 0.747101 0.000000 -0.011238 81.431399 0.000000 2.084166 0.336458 
445 0.721607 0.000000 0.012814 84.200103 0.000000 5.113688 0.288419 
446 0.670619 0.000000 -0.011238 87.779874 0.000000 3.561275 0.228201 
447 0.645125 0.000000 -0.011238 90.592181 0.000000 0.363379 0.179292 
448 0.670619 0.000000 -0.035289 89.105515 0.000000 0.385847 0.206006 
449 0.670619 0.000000 0.012814 87.818625 0.000000 7.452194 0.223235 
450 0.594137 0.000000 0.060916 93.463237 0.000000 0.621742 0.126424 
451 0.543148 0.000000 0.060916 95.512086 0.000000 0.666674 0.087700 
452 0.594137 0.000000 0.109019 91.649752 0.000000 0.852950 0.159960 
453 0.619631 0.000000 -0.011238 92.808625 0.000000 0.346547 0.138644 
454 0.594137 0.000000 -0.011238 96.356326 0.000000 0.295259 0.071537 
455 0.619631 0.000000 -0.035289 91.772553 0.000000 0.418903 0.157762 
456 0.619631 0.000000 0.012814 92.732804 0.000000 0.353421 0.140050 
457 0.670619 0.000000 0.036865 89.134008 0.000000 0.398378 0.205497 
458 0.645125 0.000000 0.036865 90.599930 0.000000 0.413937 0.179148 
459 0.696113 0.000000 0.036865 84.905139 0.000000 3.040693 0.278187 
460 0.670619 0.000000 0.060916 87.953077 0.000000 0.529030 0.226398 
461 0.657872 0.000000 0.000788 88.589780 0.000000 11.945291 0.200916 
462 0.645125 0.000000 0.000788 90.580983 0.000000 0.357899 0.179496 
463 0.657872 0.000000 -0.011238 89.143282 0.000000 5.475701 0.202349 
464 0.670619 0.000000 0.000788 87.629535 0.000000 7.540039 0.226421 
465 0.657872 0.000000 0.012814 89.077135 0.000000 6.365313 0.202475 
466 3.602439 0.000000 0.493842 100.735577 0.000000 43.590514 -0.204779 
467 4.010344 0.000000 0.493842 99.827373 0.000000 31.010406 -0.092715 
468 3.602439 0.000000 0.878664 100.067579 0.000000 6.116439 -0.005093 
469 3.398486 0.000000 -0.083392 99.404463 0.000000 -1.384946 0.011683 
470 3.398486 0.000000 -0.275803 97.255545 0.000000 -10.259417 0.043610 
471 3.602439 0.000000 -0.083392 99.645633 0.000000 0.628705 0.007035 
472 3.398486 0.000000 0.109019 100.380009 0.000000 3.092586 -0.008571 
473 2.990581 0.000000 0.301430 101.747540 0.000000 2.379127 -0.035822 
474 3.194533 0.000000 0.301430 101.038765 0.000000 2.355567 -0.021438 
475 2.990581 0.000000 0.493842 101.029976 0.000000 -0.638970 -0.020746 
476 3.092557 0.000000 0.012814 100.177990 0.000000 -0.000000 -0.003563 
477 2.990581 0.000000 0.012814 100.199078 0.000000 0.000000 -0.003986 
478 3.092557 0.000000 -0.083392 100.176152 0.000000 -0.000000 -0.003526 
479 3.194533 0.000000 0.012814 100.063218 0.000000 -0.000000 -0.001265 
480 3.092557 0.000000 0.109019 100.176075 0.000000 -0.000000 -0.003525 
481 2.786628 0.000000 -1.045448 98.878759 0.000000 5.679703 0.019073 
482 2.786628 0.000000 -1.430271 98.924366 0.000000 5.557858 0.018308 
483 3.194533 0.000000 -1.045448 99.035681 0.000000 5.580560 0.016079 
484 2.990581 0.000000 -0.468215 98.611508 0.000000 7.005521 0.022669 
485 2.786628 0.000000 -0.468215 98.647409 0.000000 7.366225 0.021443 
486 2.990581 0.000000 -0.660626 98.821580 0.000000 6.418316 0.019310 
487 3.194533 0.000000 -0.468215 98.801163 0.000000 6.634161 0.019432 
488 3.092557 0.000000 -0.179598 93.635097 0.000000 -40.916738 -0.044171 
489 2.990581 0.000000 -0.179598 92.804217 0.000000 -38.187544 -0.007091 
490 3.092557 0.000000 -0.275803 97.518600 0.000000 -1.860442 0.048666 
491 3.194533 0.000000 -0.179598 94.605754 0.000000 -38.959508 -0.046809 
492 3.398486 0.000000 0.301430 100.637034 0.000000 2.949070 -0.013651 
493 3.602439 0.000000 0.301430 100.410792 0.000000 3.520563 -0.009472 
494 3.398486 0.000000 0.493842 101.514769 0.000000 17.599745 -0.061500 
495 3.296510 0.000000 0.012814 100.038324 0.000000 1.505706 -0.000993 
496 3.296510 0.000000 -0.083392 99.413398 0.000000 -2.590679 0.011026 
497 3.398486 0.000000 0.012814 100.098478 0.000000 1.547565 -0.002210 
498 3.296510 0.000000 0.109019 100.313110 0.000000 3.042844 -0.007198 
499 3.143545 0.000000 -0.035289 100.090905 0.000000 -0.000000 -0.001819 
500 3.092557 0.000000 -0.035289 100.172870 0.000000 -0.000000 -0.003460 
501 3.143545 0.000000 -0.083392 100.166003 0.000000 -0.000000 -0.003323 
502 3.194533 0.000000 -0.035289 100.075631 0.000000 -0.000000 -0.001513 
503 3.143545 0.000000 0.012814 100.085439 0.000000 -0.000000 -0.001710 
504 2.888604 0.000000 0.012814 100.261706 0.000000 0.000000 -0.005241 
505 2.888604 0.000000 -0.083392 100.255215 0.000000 -0.000000 -0.005111 
506 2.888604 0.000000 0.109019 100.255075 0.000000 -0.000000 -0.005108 
507 3.041569 0.000000 -0.035289 100.195192 0.000000 -0.000000 -0.003908 
508 2.990581 0.000000 -0.035289 100.222486 0.000000 0.000000 -0.004455 
509 3.041569 0.000000 -0.083392 100.189869 0.000000 -0.000000 -0.003801 
510 3.041569 0.000000 0.012814 100.187107 0.000000 0.000000 -0.003746 
511 3.092557 0.000000 0.205225 101.455867 0.000000 4.087351 -0.031000 
512 2.990581 0.000000 0.205225 102.257005 0.000000 4.748734 -0.047905 
513 3.194533 0.000000 0.205225 100.825252 0.000000 4.029501 -0.018197 
514 3.092557 0.000000 0.301430 101.395840 0.000000 2.224515 -0.028606 
515 3.143545 0.000000 0.060916 100.165978 0.000000 -0.000000 -0.003322 
516 3.092557 0.000000 0.060916 100.172775 0.000000 -0.000000 -0.003458 
517 3.194533 0.000000 0.060916 100.160582 0.000000 -0.000000 -0.003214 
518 3.143545 0.000000 0.109019 100.175176 0.000000 -0.000000 -0.003507 
519 3.118051 0.000000 -0.011238 100.175137 0.000000 0.000000 -0.003506 
520 3.092557 0.000000 -0.011238 100.178181 0.000000 -0.000000 -0.003567 
521 3.118051 0.000000 -0.035289 100.167904 0.000000 -0.000000 -0.003361 
522 3.143545 0.000000 -0.011238 100.085021 0.000000 -0.000000 -0.001701 
523 3.118051 0.000000 0.012814 100.174665 0.000000 0.000000 -0.003496 
524 4.010344 0.000000 -2.199916 99.362439 0.000000 5.687992 0.009475 
525 4.010344 0.000000 -2.969561 99.390034 0.000000 5.946420 0.008626 
526 4.826155 0.000000 -2.199916 99.502696 0.000000 5.678038 0.006697 
527 3.602439 0.000000 -1.045448 99.196565 0.000000 5.518551 0.012959 
528 3.602439 0.000000 -1.430271 99.226401 0.000000 5.468191 0.012422 
529 4.010344 0.000000 -1.045448 99.320809 0.000000 5.488298 0.010526 
530 3.398486 0.000000 -0.468215 98.979398 0.000000 6.404554 0.016206 
531 3.398486 0.000000 -0.660626 99.050300 0.000000 6.190517 0.015072 
532 3.602439 0.000000 -0.468215 99.051557 0.000000 6.146455 0.015101 
533 3.296510 0.000000 -0.179598 95.326824 0.000000 -33.876352 -0.023481 
534 3.296510 0.000000 -0.275803 97.528480 0.000000 -6.871342 0.044098 
535 3.398486 0.000000 -0.179598 96.077440 0.000000 -27.585678 0.000816 
536 3.245522 0.000000 -0.035289 100.171253 0.000000 -0.000000 -0.003428 
537 3.245522 0.000000 -0.083392 100.161261 0.000000 -0.000000 -0.003228 
538 3.296510 0.000000 -0.035289 99.915935 0.000000 0.336960 0.001669 
539 3.245522 0.000000 0.012814 100.156046 0.000000 -0.000000 -0.003123 
540 3.169039 0.000000 -0.011238 100.057878 0.000000 -0.000000 -0.001158 
541 3.169039 0.000000 -0.035289 100.079311 0.000000 -0.000000 -0.001587 
542 3.194533 0.000000 -0.011238 100.062489 0.000000 -0.000000 -0.001250 
543 3.169039 0.000000 0.012814 100.059545 0.000000 -0.000000 -0.001191 
544 3.041569 0.000000 0.060916 100.195610 0.000000 -0.000000 -0.003916 
545 2.990581 0.000000 0.060916 100.222722 0.000000 0.000000 -0.004459 
546 3.041569 0.000000 0.109019 100.186906 0.000000 0.000000 -0.003742 
547 3.118051 0.000000 0.036865 100.167894 0.000000 -0.000000 -0.003361 
548 3.092557 0.000000 0.036865 100.172864 0.000000 -0.000000 -0.003460 
549 3.143545 0.000000 0.036865 100.091484 0.000000 -0.000000 -0.001831 
550 3.118051 0.000000 0.060916 100.167739 0.000000 -0.000000 -0.003358 
551 3.130798 0.000000 0.000788 100.168983 0.000000 0.000000 -0.003383 
552 3.118051 0.000000 0.000788 100.180907 0.000000 0.000000 -0.003621 
553 3.130798 0.000000 -0.011238 100.122463 0.000000 0.000000 -0.002451 
554 3.143545 0.000000 0.000788 100.110417 0.000000 -0.000000 -0.002210 
555 3.130798 0.000000 0.012814 100.096089 0.000000 -0.000000 -0.001923 
556 3.067063 0.000000 -0.011238 100.181217 0.000000 -0.000000 -0.003628 
557 3.041569 0.000000 -0.011238 100.186811 0.000000 0.000000 -0.003740 
558 3.067063 0.000000 -0.035289 100.187449 0.000000 -0.000000 -0.003752 
559 3.067063 0.000000 0.012814 100.181192 0.000000 -0.000000 -0.003627 
560 2.888604 0.000000 -0.179598 92.952080 0.000000 -31.598584 0.036144 
561 2.786628 0.000000 -0.179598 94.124894 0.000000 -24.382805 0.054598 
562 2.888604 0.000000 -0.275803 97.400667 0.000000 2.268551 0.050796 
563 2.939593 0.000000 -0.035289 100.236636 0.000000 -0.000000 -0.004738 
564 2.888604 0.000000 -0.035289 100.248717 0.000000 -0.000000 -0.004981 
565 2.939593 0.000000 -0.083392 100.239595 0.000000 -0.000000 -0.004798 
566 2.939593 0.000000 0.012814 100.256071 0.000000 -0.000000 -0.005128 
567 3.016075 0.000000 -0.011238 100.194155 0.000000 0.000000 -0.003887 
568 2.990581 0.000000 -0.011238 100.198283 0.000000 0.000000 -0.003970 
569 3.016075 0.000000 -0.035289 100.207106 0.000000 -0.000000 -0.004146 
570 3.016075 0.000000 0.012814 100.195068 0.000000 0.000000 -0.003905 
571 2.837616 0.000000 -0.035289 100.073624 0.000000 -0.000000 -0.001473 
572 2.786628 0.000000 -0.035289 99.991573 0.000000 -0.000000 0.000169 
573 2.837616 0.000000 -0.083392 100.258494 0.000000 -0.000000 -0.005177 
574 2.837616 0.000000 0.012814 99.997947 0.000000 -0.000000 0.000041 
575 2.888604 0.000000 0.205225 102.564048 0.000000 5.922904 -0.055446 
576 2.786628 0.000000 0.205225 102.074737 0.000000 6.855130 -0.046624 
577 2.888604 0.000000 0.301430 101.881361 0.000000 2.726509 -0.038725 
578 2.939593 0.000000 0.060916 100.240105 0.000000 -0.000000 -0.004808 
579 2.888604 0.000000 0.060916 100.248128 0.000000 -0.000000 -0.004969 
580 2.939593 0.000000 0.109019 100.245551 0.000000 -0.000000 -0.004917 
581 2.914098 0.000000 -0.011238 100.260215 0.000000 -0.000000 -0.005211 
582 2.888604 0.000000 -0.011238 100.262115 0.000000 0.000000 -0.005249 
583 2.914098 0.000000 -0.035289 100.242959 0.000000 -0.000000 -0.004865 
584 2.939593 0.000000 -0.011238 100.256614 0.000000 -0.000000 -0.005139 
585 2.914098 0.000000 0.012814 100.259681 0.000000 -0.000000 -0.005200 
586 2.837616 0.000000 0.060916 100.093598 0.000000 -0.000000 -0.001873 
587 2.786628 0.000000 0.060916 100.006229 0.000000 -0.000000 -0.000125 
588 2.837616 0.000000 0.109019 100.256252 0.000000 -0.000000 -0.005132 
589 2.863110 0.000000 -0.011238 100.083358 0.000000 -0.000000 -0.001668 
590 2.837616 0.000000 -0.011238 99.994874 0.000000 -0.000000 0.000103 
591 2.863110 0.000000 -0.035289 100.150253 0.000000 -0.000000 -0.003007 
592 2.863110 0.000000 0.012814 100.084344 0.000000 -0.000000 -0.001688 
593 2.863110 0.000000 0.036865 100.150273 0.000000 -0.000000 -0.003008 
594 2.837616 0.000000 0.036865 100.074029 0.000000 -0.000000 -0.001481 
595 2.888604 0.000000 0.036865 100.248686 0.000000 -0.000000 -0.004980 
596 2.863110 0.000000 0.060916 100.254963 0.000000 -0.000000 -0.005106 
597 2.875857 0.000000 0.000788 100.252947 0.000000 0.000000 -0.005065 
598 2.863110 0.000000 0.000788 100.202303 0.000000 -0.000000 -0.004050 
599 2.875857 0.000000 -0.011238 100.231986 0.000000 0.000000 -0.004645 
600 2.888604 0.000000 0.000788 100.264195 0.000000 0.000000 -0.005291 
601 2.875857 0.000000 0.012814 100.230003 0.000000 0.000000 -0.004605 
602 2.582675 0.000000 -0.468215 98.844896 0.000000 7.449091 0.017420 
603 2.378723 0.000000 -0.468215 98.953930 0.000000 7.324367 0.015447 
604 2.582675 0.000000 -0.660626 98.783074 0.000000 6.549251 0.019901 
605 2.684652 0.000000 -0.179598 95.824049 0.000000 -16.319517 0.055142 
606 2.582675 0.000000 -0.179598 97.056288 0.000000 -10.533081 0.046913 
607 2.684652 0.000000 -0.275803 98.368599 0.000000 4.865717 0.029994 
608 2.735640 0.000000 -0.035289 99.826952 0.000000 -0.000000 0.003458 
609 2.684652 0.000000 -0.035289 99.704473 0.000000 0.000000 0.005902 
610 2.735640 0.000000 -0.083392 99.802414 0.000000 0.000000 0.003948 
611 2.735640 0.000000 0.012814 99.799561 0.000000 -0.000000 0.004005 
612 2.812122 0.000000 -0.011238 99.979274 0.000000 -0.000000 0.000414 
613 2.786628 0.000000 -0.011238 99.940885 0.000000 -0.000000 0.001182 
614 2.812122 0.000000 -0.035289 100.036368 0.000000 -0.000000 -0.000727 
615 2.812122 0.000000 0.012814 99.980830 0.000000 -0.000000 0.000383 
616 2.850363 0.000000 0.000788 100.123927 0.000000 -0.000000 -0.002480 
617 2.837616 0.000000 0.000788 99.941911 0.000000 -0.000000 0.001161 
618 2.850363 0.000000 -0.011238 100.036673 0.000000 -0.000000 -0.000734 
619 2.850363 0.000000 0.012814 100.038275 0.000000 -0.000000 -0.000766 
620 5.641966 0.000000 0.878664 99.575402 0.000000 8.073499 0.001956 
621 5.641966 0.000000 0.109019 99.846276 0.000000 2.243802 0.002569 
622 6.457776 0.000000 0.878664 99.687434 0.000000 8.171558 -0.000436 
623 5.641966 0.000000 1.648309 99.931342 0.000000 5.852852 -0.002053 
624 -18.016546 0.000000 -18.362462 99.743179 0.000000 6.978927 0.000259 
625 -24.543033 0.000000 -18.362462 99.748602 0.000000 6.979614 0.000150 
626 -18.016546 0.000000 -24.519622 99.745338 0.000000 6.975991 0.000220 
627 21.142370 0.000000 -18.362462 99.747577 0.000000 6.903075 0.000277 
628 21.142370 0.000000 -24.519622 99.747697 0.000000 6.933983 0.000232 
629 27.668856 0.000000 -18.362462 99.752832 0.000000 6.905325 0.000169 
630 -8.226817 0.000000 -9.126721 99.703613 0.000000 6.988766 0.001035 
631 -11.490060 0.000000 -9.126721 99.724969 0.000000 6.991597 0.000605 
632 -8.226817 0.000000 -12.205302 99.712313 0.000000 6.976936 0.000878 
633 11.352641 0.000000 -9.126721 99.721243 0.000000 6.720574 0.001051 
634 11.352641 0.000000 -12.205302 99.722956 0.000000 6.822483 0.000879 
635 14.615884 0.000000 -9.126721 99.741387 0.000000 6.729150 0.000637 
636 -3.331953 0.000000 -4.508851 99.558777 0.000000 7.029115 0.003864 
637 -4.963574 0.000000 -4.508851 99.633650 0.000000 7.039667 0.002358 
638 -3.331953 0.000000 -6.048141 99.588250 0.000000 6.982059 0.003343 
639 6.457776 0.000000 -4.508851 99.631857 0.000000 6.284369 0.003400 
640 6.457776 0.000000 -6.048141 99.639015 0.000000 6.505703 0.002974 
641 8.089398 0.000000 -4.508851 99.692418 0.000000 6.294757 0.002180 
642 -0.884520 0.000000 -2.199916 99.135573 0.000000 7.227104 0.011991 
643 -1.700331 0.000000 -2.199916 99.350979 0.000000 7.235089 0.007704 
644 -0.884520 0.000000 -2.969561 99.210465 0.000000 7.046106 0.010764 
645 -0.476615 0.000000 -1.045448 99.117502 0.000000 8.035435 0.011115 
646 -0.884520 0.000000 -1.045448 99.297161 0.000000 7.760109 0.007985 
647 -0.476615 0.000000 -1.430271 98.939457 0.000000 7.662067 0.015228 
648 0.135243 0.000000 -0.468215 86.677215 0.000000 12.546181 0.232965 
649 -0.068710 0.000000 -0.468215 100.227697 0.000000 10.375406 -0.015324 
650 0.135243 0.000000 -0.660626 98.267883 0.000000 9.984033 0.024374 
651 -0.476615 0.000000 0.493842 99.434862 0.000000 8.626859 0.003829 
652 -0.884520 0.000000 0.493842 99.793357 0.000000 8.007001 -0.002283 
653 -0.476615 0.000000 0.878664 100.297339 0.000000 8.459931 -0.013113 
654 0.135243 0.000000 0.301430 87.183668 0.000000 8.905413 0.231970 
655 -0.068710 0.000000 0.301430 86.880394 0.000000 13.577673 0.226744 
656 0.135243 0.000000 0.493842 86.512680 0.000000 11.332823 0.238712 
657 0.441172 0.000000 -0.179598 93.220824 0.000000 1.195927 0.130845 
658 0.339196 0.000000 -0.179598 89.194217 0.000000 4.847241 0.202090 
659 0.441172 0.000000 -0.275803 90.166882 0.000000 2.203240 0.186508 
660 0.441172 0.000000 0.205225 90.317006 0.000000 1.715273 0.183990 
661 0.339196 0.000000 0.205225 89.181907 0.000000 4.851394 0.202305 
662 0.441172 0.000000 0.301430 90.373844 0.000000 1.554620 0.183015 
663 0.900066 0.000000 -0.035289 83.912779 0.000000 -0.249209 0.295858 
664 0.900066 0.000000 -0.083392 86.053598 0.000000 -0.044293 0.259478 
665 2.174770 0.000000 -0.468215 98.929779 0.000000 7.065412 0.016298 
666 2.174770 0.000000 -0.660626 98.696531 0.000000 6.401429 0.021802 
667 1.460935 0.000000 -0.179598 91.845550 0.000000 -2.262722 0.155928 
668 1.460935 0.000000 -0.275803 92.135942 0.000000 -3.966059 0.149524 
669 1.562912 0.000000 -0.179598 93.349175 0.000000 -6.969609 0.123736 
670 1.002042 0.000000 0.060916 89.193503 0.000000 -1.870687 0.204102 
671 1.002042 0.000000 0.109019 88.342364 0.000000 -0.558949 0.219531 
672 1.664888 0.000000 -0.179598 94.517878 0.000000 -8.802354 0.098889 
673 1.664888 0.000000 -0.275803 95.081579 0.000000 -9.560546 0.086809 
674 1.664888 0.000000 -0.083392 94.561978 0.000000 -3.564208 0.104533 
675 1.664888 0.000000 0.012814 92.313260 0.000000 -0.508155 0.147800 
676 1.664888 0.000000 0.109019 93.887482 0.000000 -7.944242 0.112203 
677 5.641966 0.000000 -0.660626 99.571180 0.000000 4.096083 0.006880 
678 5.641966 0.000000 -1.430271 99.617914 0.000000 5.419239 0.004690 
679 6.457776 0.000000 -0.660626 99.707798 0.000000 4.505591 0.003805 
680 2.072794 0.000000 -0.179598 99.009358 0.000000 1.054085 0.019604 
681 2.072794 0.000000 -0.275803 99.203092 0.000000 5.959889 0.012323 
682 2.174770 0.000000 -0.179598 98.872428 0.000000 0.047857 0.022424 
683 2.276746 0.000000 -0.179598 98.657324 0.000000 -1.391516 0.026480 
684 2.276746 0.000000 -0.275803 99.202363 0.000000 6.035094 0.012247 
685 2.378723 0.000000 -0.179598 98.333236 0.000000 -3.456353 0.031863 
686 2.480699 0.000000 -0.179598 97.841591 0.000000 -6.375321 0.038638 
687 2.480699 0.000000 -0.275803 99.008129 0.000000 5.783292 0.016394 
688 2.684652 0.000000 0.205225 101.447124 0.000000 7.111200 -0.034209 
689 2.582675 0.000000 0.205225 101.056312 0.000000 6.998976 -0.026136 
690 2.684652 0.000000 0.301430 101.399768 0.000000 3.166092 -0.029194 
691 2.735640 0.000000 0.060916 99.799284 0.000000 -0.000000 0.004010 
692 2.684652 0.000000 0.060916 99.701662 0.000000 0.000000 0.005958 
693 2.735640 0.000000 0.109019 101.814514 0.000000 6.937202 -0.041432 
694 1.460935 0.000000 0.205225 91.862660 0.000000 -2.310113 0.155592 
695 1.562912 0.000000 0.205225 93.352213 0.000000 -6.968561 0.123680 
696 1.460935 0.000000 0.301430 91.804228 0.000000 -2.163081 0.156730 
697 1.180501 0.000000 0.036865 92.502536 0.000000 -3.350214 0.143206 
698 1.155006 0.000000 0.036865 91.730108 0.000000 -3.733992 0.157164 
699 1.180501 0.000000 0.060916 90.109126 0.000000 -0.941737 0.187946 
700 1.282477 0.000000 0.036865 95.245787 0.000000 -0.598974 0.092788 
701 1.307971 0.000000 0.036865 95.471982 0.000000 -0.588839 0.088475 
702 1.282477 0.000000 0.060916 94.700270 0.000000 -0.784968 0.103124 
703 0.721607 0.000000 0.036865 84.523686 0.000000 3.983172 0.283988 
704 0.747101 0.000000 0.036865 83.806986 0.000000 3.250489 0.296582 
705 0.721607 0.000000 0.060916 84.708779 0.000000 0.359297 0.282429 
706 0.619631 0.000000 0.036865 91.717300 0.000000 0.430977 0.158775 
707 0.594137 0.000000 0.036865 94.170304 0.000000 0.533560 0.113167 
708 0.619631 0.000000 0.060916 93.167799 0.000000 0.603061 0.131940 
709 3.296510 0.000000 0.205225 100.594482 0.000000 4.115121 -0.013618 
710 3.398486 0.000000 0.205225 100.491640 0.000000 4.144660 -0.011575 
711 3.296510 0.000000 0.301430 100.788484 0.000000 2.635389 -0.016526 
712 3.245522 0.000000 0.060916 100.168031 0.000000 -0.000000 -0.003363 
713 3.296510 0.000000 0.060916 100.132344 0.000000 2.290247 -0.003173 
714 3.245522 0.000000 0.109019 100.123236 0.000000 2.982112 -0.003356 
715 3.169039 0.000000 0.036865 100.080373 0.000000 -0.000000 -0.001608 
716 3.194533 0.000000 0.036865 100.076453 0.000000 -0.000000 -0.001530 
717 3.169039 0.000000 0.060916 100.163606 0.000000 -0.000000 -0.003275 
718 3.067063 0.000000 0.036865 100.187468 0.000000 -0.000000 -0.003753 
719 3.041569 0.000000 0.036865 100.195215 0.000000 -0.000000 -0.003908 
720 3.067063 0.000000 0.060916 100.187823 0.000000 -0.000000 -0.003760 
721 2.965087 0.000000 -0.011238 100.227562 0.000000 -0.000000 -0.004556 
722 2.965087 0.000000 -0.035289 100.229643 0.000000 -0.000000 -0.004598 
723 2.965087 0.000000 0.012814 100.227523 0.000000 -0.000000 -0.004556 
724 2.914098 0.000000 0.036865 100.242910 0.000000 -0.000000 -0.004864 
725 2.939593 0.000000 0.036865 100.236594 0.000000 -0.000000 -0.004737 
726 2.914098 0.000000 0.060916 100.242073 0.000000 -0.000000 -0.004847 
727 2.965087 0.000000 0.036865 100.229625 0.000000 -0.000000 -0.004598 
728 2.990581 0.000000 0.036865 100.222499 0.000000 0.000000 -0.004455 
729 2.965087 0.000000 0.060916 100.232758 0.000000 -0.000000 -0.004661 
730 2.812122 0.000000 0.036865 100.037614 0.000000 -0.000000 -0.000752 
731 2.786628 0.000000 0.036865 99.993947 0.000000 -0.000000 0.000121 
732 2.812122 0.000000 0.060916 100.041766 0.000000 -0.000000 -0.000835 
733 5.641966 0.000000 -2.199916 99.599596 0.000000 5.689542 0.004755 
734 5.641966 0.000000 -2.969561 99.586609 0.000000 5.929540 0.004735 
735 6.457776 0.000000 -2.199916 99.664865 0.000000 5.712049 0.003429 
736 1.664888 0.000000 0.205225 94.516850 0.000000 -8.794972 0.098921 
737 1.766865 0.000000 0.205225 95.083242 0.000000 -9.566804 0.086765 
738 1.664888 0.000000 0.301430 94.504032 0.000000 -8.761919 0.099222 
739 1.868841 0.000000 0.205225 95.497240 0.000000 -10.927223 0.076087 
740 1.970817 0.000000 0.205225 95.488465 0.000000 -12.004958 0.073783 
741 1.868841 0.000000 0.301430 95.497345 0.000000 -10.920508 0.076100 
742 2.072794 0.000000 0.205225 100.717059 0.000000 5.642769 -0.017577 
743 2.174770 0.000000 0.205225 100.714708 0.000000 6.004725 -0.017951 
744 2.072794 0.000000 0.301430 100.943654 0.000000 4.143954 -0.020679 
745 2.276746 0.000000 0.205225 100.726741 0.000000 6.319294 -0.018581 
746 2.378723 0.000000 0.205225 100.767325 0.000000 6.578634 -0.019733 
747 2.276746 0.000000 0.301430 100.866205 0.000000 4.109835 -0.019088 
748 2.480699 0.000000 0.205225 100.856384 0.000000 6.823787 -0.021857 
749 2.480699 0.000000 0.301430 100.957532 0.000000 3.866640 -0.020737 
750 3.016075 0.000000 0.036865 100.207125 0.000000 -0.000000 -0.004147 
751 3.016075 0.000000 0.060916 100.209868 0.000000 0.000000 -0.004202 
1 19 21 9 22 
2 20 19 22 4 
3 28 29 3 30 
4 21 28 30 9 
5 35 37 21 38 
6 36 35 38 19 
7 44 45 28 46 
8 37 44 46 21 
9 51 53 37 54 
10 52 51 54 35 
11 60 61 44 62 
12 53 60 62 37 
13 67 69 53 70 
14 68 67 70 51 
15 11 78 76 77 
16 78 10 24 76 
17 76 24 14 79 
18 77 76 79 6 
19 24 82 80 81 
20 82 23 40 80 
21 80 40 27 83 
22 81 80 83 14 
23 40 86 84 85 
24 86 39 56 84 
25 84 56 43 87 
26 85 84 87 27 
27 56 90 88 89 
28 89 88 91 43 
29 92 93 60 94 
30 69 92 94 53 
31 95 97 69 98 
32 96 95 98 67 
33 6 79 112 113 
34 79 14 36 112 
35 112 36 19 114 
36 113 112 114 20 
37 14 83 115 116 
38 83 27 52 115 
39 115 52 35 117 
40 116 115 117 36 
41 27 87 118 119 
42 87 43 68 118 
43 118 68 51 120 
44 119 118 120 52 
45 43 91 121 122 
46 121 96 67 123 
47 122 121 123 68 
48 124 126 95 127 
49 125 124 127 96 
50 88 135 133 134 
51 135 72 100 133 
52 133 100 59 136 
53 134 133 136 91 
54 100 139 137 138 
55 139 99 129 137 
56 137 129 103 140 
57 138 137 140 59 
58 141 142 92 143 
59 97 141 143 69 
60 144 145 97 146 
61 126 144 146 95 
62 147 149 126 150 
63 148 147 150 124 
64 129 153 151 152 
65 153 128 154 151 
66 151 154 132 155 
67 152 151 155 103 
68 12 166 164 165 
69 166 7 167 164 
70 164 167 13 25 
71 165 164 25 10 
72 25 170 168 169 
73 170 13 171 168 
74 168 171 26 41 
75 169 168 41 23 
76 41 174 172 173 
77 174 26 175 172 
78 172 175 42 57 
79 173 172 57 39 
80 57 178 176 177 
81 178 42 179 176 
82 176 179 58 73 
83 177 176 73 55 
84 55 182 180 181 
85 182 73 183 180 
86 180 183 71 101 
87 181 180 101 72 
88 101 186 184 185 
89 186 71 187 184 
90 184 187 102 130 
91 185 184 130 99 
92 130 190 188 189 
93 190 102 191 188 
94 188 191 131 161 
95 189 188 161 128 
96 128 194 192 193 
97 194 161 195 192 
98 193 192 196 154 
99 197 198 144 199 
100 149 197 199 126 
101 73 217 216 183 
102 217 58 218 216 
103 216 218 74 109 
104 183 216 109 71 
105 71 220 219 187 
106 220 109 221 219 
107 219 221 108 157 
108 187 219 157 102 
109 157 224 222 223 
110 224 108 225 222 
111 222 225 158 213 
112 223 222 213 156 
113 156 228 226 227 
114 228 213 229 226 
115 226 229 212 230 
116 227 226 230 202 
117 231 232 141 233 
118 145 231 233 97 
119 15 239 238 33 
120 239 17 240 238 
121 238 240 8 241 
122 33 238 241 18 
123 31 243 242 49 
124 243 33 244 242 
125 242 244 18 245 
126 49 242 245 34 
127 247 49 248 246 
128 246 248 34 249 
129 251 65 252 250 
130 250 252 50 253 
131 262 264 231 265 
132 263 262 265 145 
133 234 268 266 267 
134 266 269 207 270 
135 267 266 270 237 
136 7 272 271 167 
137 272 16 273 271 
138 271 273 15 32 
139 167 271 32 13 
140 13 275 274 171 
141 275 32 276 274 
142 274 276 31 48 
143 171 274 48 26 
144 26 278 277 175 
145 278 48 279 277 
146 277 279 47 64 
147 175 277 64 42 
148 42 281 280 179 
149 281 64 282 280 
150 280 282 63 105 
151 179 280 105 58 
152 58 284 283 218 
153 284 105 285 283 
154 283 285 104 205 
155 218 283 205 74 
156 74 288 286 287 
157 288 205 289 286 
158 286 289 204 235 
159 287 286 235 110 
160 235 292 290 291 
161 292 204 293 290 
162 290 293 236 268 
163 291 290 268 234 
164 18 241 294 45 
165 241 8 295 294 
166 294 295 29 296 
167 45 294 296 28 
168 34 245 297 61 
169 245 18 298 297 
170 297 298 45 299 
171 61 297 299 44 
172 249 34 301 300 
173 300 301 61 302 
174 93 300 302 60 
175 253 50 304 303 
176 303 304 93 305 
177 142 303 305 92 
178 306 307 142 308 
179 232 306 308 141 
180 309 310 232 311 
181 264 309 311 231 
182 236 313 312 269 
183 313 258 314 312 
184 312 314 261 315 
185 269 312 315 207 
186 268 318 316 317 
187 318 236 319 316 
188 316 319 269 320 
189 317 316 320 266 
190 258 326 325 314 
191 326 260 327 325 
192 325 327 107 328 
193 314 325 328 261 
194 329 330 306 331 
195 310 329 331 232 
196 260 333 332 327 
197 333 321 334 332 
198 332 334 324 335 
199 327 332 335 107 
200 337 250 338 336 
201 336 338 253 339 
202 321 345 344 334 
203 334 344 347 324 
204 348 263 145 349 
205 198 348 349 144 
206 109 355 354 221 
207 355 74 287 354 
208 354 287 110 209 
209 221 354 209 108 
210 108 357 356 225 
211 357 209 358 356 
212 356 358 208 351 
213 225 356 351 158 
214 158 361 359 360 
215 361 351 362 359 
216 208 365 364 352 
217 365 210 366 364 
218 364 366 5 367 
219 352 364 367 211 
220 351 369 368 362 
221 369 208 370 368 
222 368 370 352 371 
223 111 353 372 373 
224 353 211 374 372 
225 372 374 348 375 
226 373 372 375 198 
227 376 378 353 379 
228 377 376 379 111 
229 359 382 380 381 
230 382 362 383 380 
231 381 380 384 363 
232 371 352 386 385 
233 385 386 211 387 
234 378 385 387 353 
235 362 389 388 383 
236 389 368 390 388 
237 388 390 371 391 
238 383 388 391 350 
239 363 384 392 393 
240 384 350 394 392 
241 392 394 378 395 
242 393 392 395 376 
243 380 398 396 397 
244 398 383 399 396 
245 396 399 350 400 
246 397 396 400 384 
247 213 402 401 229 
248 402 158 360 401 
249 401 360 214 403 
250 229 401 403 212 
251 360 406 404 405 
252 406 359 381 404 
253 404 381 363 407 
254 405 404 407 214 
255 159 215 408 409 
256 215 111 373 408 
257 408 373 198 410 
258 409 408 410 197 
259 212 403 411 412 
260 403 214 377 411 
261 411 377 111 413 
262 412 411 413 215 
263 75 203 414 415 
264 203 159 409 414 
265 414 409 197 416 
266 415 414 416 149 
267 200 419 417 418 
268 419 202 420 417 
269 417 420 159 421 
270 418 417 421 203 
271 162 424 422 423 
272 424 200 418 422 
273 422 418 203 425 
274 423 422 425 75 
275 161 427 426 195 
276 427 131 428 426 
277 102 431 430 191 
278 431 157 223 430 
279 430 223 156 201 
280 191 430 201 131 
281 131 433 432 428 
282 433 201 434 432 
283 432 434 200 424 
284 428 432 424 162 
285 132 163 435 436 
286 163 75 415 435 
287 435 415 149 437 
288 436 435 437 147 
289 438 423 75 440 
290 439 438 440 163 
291 426 443 441 442 
292 443 428 444 441 
293 441 444 162 445 
294 442 441 445 429 
295 195 448 446 447 
296 448 426 442 446 
297 446 442 429 449 
298 154 196 450 451 
299 450 439 163 452 
300 451 450 452 132 
301 192 455 453 454 
302 455 195 447 453 
303 453 447 160 456 
304 454 453 456 196 
305 160 449 457 458 
306 449 429 459 457 
307 457 459 438 460 
308 458 457 460 439 
309 447 463 461 462 
310 463 446 464 461 
311 461 464 449 465 
312 462 461 465 160 
313 339 253 467 466 
314 466 467 303 468 
315 307 466 468 142 
316 470 336 471 469 
317 469 471 339 472 
318 473 474 307 475 
319 330 473 475 306 
320 105 482 481 285 
321 482 63 483 481 
322 481 483 106 255 
323 285 481 255 104 
324 255 486 484 485 
325 486 106 487 484 
326 484 487 256 341 
327 485 484 341 254 
328 341 490 488 489 
329 490 256 491 488 
330 488 491 342 478 
331 489 488 478 340 
332 472 339 493 492 
333 492 493 466 494 
334 474 492 494 307 
335 496 469 497 495 
336 495 497 472 498 
337 478 501 499 500 
338 501 342 502 499 
339 340 509 507 508 
340 509 478 500 507 
341 343 480 511 512 
342 480 66 513 511 
343 511 513 474 514 
344 512 511 514 473 
345 515 517 66 518 
346 516 515 518 480 
347 500 521 519 520 
348 521 499 522 519 
349 520 519 523 476 
350 64 525 524 282 
351 525 47 526 524 
352 524 526 65 251 
353 282 524 251 63 
354 63 528 527 483 
355 528 251 529 527 
356 527 529 250 337 
357 483 527 337 106 
358 106 531 530 487 
359 531 337 532 530 
360 530 532 336 470 
361 487 530 470 256 
362 256 534 533 491 
363 534 470 535 533 
364 533 535 469 496 
365 491 533 496 342 
366 342 537 536 502 
367 537 496 538 536 
368 536 538 495 539 
369 502 536 539 479 
370 499 541 540 522 
371 541 502 542 540 
372 540 542 479 543 
373 522 540 543 503 
374 544 516 480 546 
375 545 544 546 343 
376 476 523 547 548 
377 523 503 549 547 
378 547 549 515 550 
379 548 547 550 516 
380 519 553 551 552 
381 553 522 554 551 
382 551 554 503 555 
383 552 551 555 523 
384 507 558 556 557 
385 558 500 520 556 
386 556 520 476 559 
387 557 556 559 510 
388 254 562 560 561 
389 562 341 489 560 
390 560 489 340 505 
391 561 560 505 323 
392 505 565 563 564 
393 565 340 508 563 
394 508 569 567 568 
395 569 507 557 567 
396 567 557 510 570 
397 568 567 570 477 
398 323 573 571 572 
399 573 505 564 571 
400 257 506 575 576 
401 506 343 512 575 
402 575 512 473 577 
403 576 575 577 330 
404 578 545 343 580 
405 579 578 580 506 
406 564 583 581 582 
407 583 563 584 581 
408 581 584 566 585 
409 582 581 585 504 
410 586 579 506 588 
411 587 586 588 257 
412 571 591 589 590 
413 591 564 582 589 
414 574 592 593 594 
415 592 504 595 593 
416 593 595 579 596 
417 594 593 596 586 
418 589 599 597 598 
419 599 582 600 597 
420 597 600 504 601 
421 598 597 601 592 
422 104 604 602 603 
423 604 255 485 602 
424 602 485 254 322 
425 603 602 322 206 
426 322 607 605 606 
427 607 254 561 605 
428 605 561 323 345 
429 606 605 345 321 
430 345 610 608 609 
431 610 323 572 608 
432 608 572 346 611 
433 609 608 611 344 
434 572 614 612 613 
435 614 571 590 612 
436 612 590 574 615 
437 613 612 615 346 
438 590 618 616 617 
439 618 589 598 616 
440 616 598 592 619 
441 617 616 619 574 
442 50 621 620 304 
443 621 249 622 620 
444 620 622 300 623 
445 304 620 623 93 
446 1 626 624 625 
447 626 12 165 624 
448 624 165 10 78 
449 625 624 78 11 
450 16 628 627 273 
451 628 2 629 627 
452 627 629 17 239 
453 273 627 239 15 
454 10 632 630 631 
455 632 25 169 630 
456 630 169 23 82 
457 631 630 82 24 
458 32 634 633 276 
459 634 15 635 633 
460 633 635 33 243 
461 276 633 243 31 
462 23 638 636 637 
463 638 41 173 636 
464 636 173 39 86 
465 637 636 86 40 
466 48 640 639 279 
467 640 31 641 639 
468 639 641 49 247 
469 279 639 247 47 
470 39 644 642 643 
471 644 57 177 642 
472 642 177 55 90 
473 643 642 90 56 
474 90 647 645 646 
475 647 55 181 645 
476 645 181 72 135 
477 646 645 135 88 
478 72 650 648 649 
479 650 101 185 648 
480 648 185 99 139 
481 649 648 139 100 
482 91 136 651 652 
483 136 59 125 651 
484 651 125 96 653 
485 652 651 653 121 
486 59 140 654 655 
487 140 103 148 654 
488 654 148 124 656 
489 655 654 656 125 
490 99 659 657 658 
491 659 130 189 657 
492 657 189 128 153 
493 658 657 153 129 
494 103 155 660 661 
495 155 132 436 660 
496 660 436 147 662 
497 661 660 662 148 
498 201 664 663 434 
499 664 156 227 663 
500 663 227 202 419 
501 434 663 419 200 
502 205 666 665 289 
503 666 104 603 665 
504 665 603 206 259 
505 289 665 259 204 
506 209 668 667 358 
507 668 110 669 667 
508 667 669 210 365 
509 358 667 365 208 
510 202 230 670 420 
511 230 212 412 670 
512 670 412 215 671 
513 420 670 671 159 
514 110 673 672 669 
515 673 235 291 672 
516 672 291 234 674 
517 669 672 674 210 
518 210 674 675 366 
519 674 234 267 675 
520 675 267 237 676 
521 366 675 676 5 
522 65 678 677 252 
523 678 246 679 677 
524 677 679 249 621 
525 252 677 621 50 
526 204 681 680 293 
527 681 259 682 680 
528 680 682 258 313 
529 293 680 313 236 
530 259 684 683 682 
531 684 206 685 683 
532 683 685 260 326 
533 682 683 326 258 
534 206 687 686 685 
535 687 322 606 686 
536 686 606 321 333 
537 685 686 333 260 
538 324 347 688 689 
539 347 257 576 688 
540 688 576 330 690 
541 689 688 690 329 
542 344 611 691 692 
543 611 346 587 691 
544 691 587 257 693 
545 692 691 693 347 
546 211 367 694 374 
547 367 5 695 694 
548 694 695 263 696 
549 374 694 696 348 
550 214 407 697 698 
551 407 363 393 697 
552 697 393 376 699 
553 698 697 699 377 
554 350 391 700 394 
555 391 371 701 700 
556 700 701 385 702 
557 394 700 702 378 
558 429 445 703 459 
559 445 162 704 703 
560 703 704 423 705 
561 459 703 705 438 
562 196 456 706 707 
563 456 160 458 706 
564 706 458 439 708 
565 707 706 708 450 
566 66 498 709 513 
567 498 472 710 709 
568 709 710 492 711 
569 513 709 711 474 
570 479 539 712 517 
571 539 495 713 712 
572 712 713 498 714 
573 517 712 714 66 
574 503 543 715 549 
575 543 479 716 715 
576 715 716 517 717 
577 549 715 717 515 
578 510 559 718 719 
579 559 476 548 718 
580 718 548 516 720 
581 719 718 720 544 
582 563 722 721 584 
583 722 508 568 721 
584 721 568 477 723 
585 584 721 723 566 
586 504 585 724 595 
587 585 566 725 724 
588 724 725 578 726 
589 595 724 726 579 
590 566 723 727 725 
591 723 477 728 727 
592 727 728 545 729 
593 725 727 729 578 
594 346 615 730 731 
595 615 574 594 730 
596 730 594 586 732 
597 731 730 732 587 
598 47 734 733 526 
599 734 247 735 733 
600 733 735 246 678 
601 526 733 678 65 
602 5 676 736 695 
603 676 237 737 736 
604 736 737 262 738 
605 695 736 738 263 
606 237 270 739 737 
607 270 207 740 739 
608 739 740 264 741 
609 737 739 741 262 
610 207 315 742 740 
611 315 261 743 742 
612 742 743 309 744 
613 740 742 744 264 
614 261 328 745 743 
615 328 107 746 745 
616 745 746 310 747 
617 743 745 747 309 
618 107 335 748 746 
619 335 324 689 748 
620 748 689 329 749 
621 746 748 749 310 
622 477 570 750 728 
623 570 510 719 750 
624 750 719 544 751 
625 728 750 751 545 
